/*--------------------------------*- C++ -*----------------------------------*\
  =========                 |
  \\      /  F ield         | OpenFOAM: The Open Source CFD Toolbox
   \\    /   O peration     | Website:  https://openfoam.org
    \\  /    A nd           | Version:  10
     \\/     M anipulation  |
\*---------------------------------------------------------------------------*/
FoamFile
{
    format      ascii;
    class       volScalarField;
    location    "20";
    object      nut;
}
// * * * * * * * * * * * * * * * * * * * * * * * * * * * * * * * * * * * * * //

dimensions      [0 2 -1 0 0 0 0];

internalField   nonuniform List<scalar> 
2084
(
0.264525
0.264522
0.264522
0.264522
0.264522
0.264522
0.264522
0.264522
0.264522
0.264522
0.264522
0.264522
0.264629
0.264969
0.265903
0.267847
0.270873
0.264561
0.264558
0.264558
0.264558
0.264558
0.264558
0.264558
0.264558
0.264558
0.264558
0.264558
0.264558
0.264664
0.265
0.265928
0.267862
0.270879
0.264561
0.264558
0.264558
0.264558
0.264558
0.264558
0.264558
0.264558
0.264558
0.264558
0.264558
0.264558
0.264664
0.265
0.265928
0.267862
0.270879
0.264561
0.264558
0.264558
0.264558
0.264558
0.264558
0.264558
0.264558
0.264558
0.264558
0.264558
0.264558
0.264664
0.265
0.265928
0.267862
0.270879
0.264561
0.264558
0.264558
0.264558
0.264558
0.264558
0.264558
0.264558
0.264558
0.264558
0.264558
0.264558
0.264664
0.265
0.265928
0.267862
0.270879
0.264561
0.264558
0.264558
0.264558
0.264558
0.264558
0.264558
0.264558
0.264558
0.264558
0.264558
0.264558
0.264664
0.265
0.265928
0.267862
0.270879
0.264561
0.264558
0.264558
0.264558
0.264558
0.264558
0.264558
0.264558
0.264558
0.264558
0.264558
0.264558
0.264664
0.265
0.265928
0.267862
0.270879
0.264561
0.264558
0.264558
0.264558
0.264558
0.264558
0.264558
0.264558
0.264558
0.264558
0.264558
0.264558
0.264664
0.265
0.265928
0.267862
0.270879
0.264561
0.264558
0.264558
0.264558
0.264558
0.264558
0.264558
0.264558
0.264558
0.264558
0.264558
0.264558
0.264664
0.265
0.265928
0.267862
0.270879
0.264561
0.264558
0.264558
0.264558
0.264558
0.264558
0.264558
0.264558
0.264558
0.264558
0.264558
0.264558
0.264664
0.265
0.265928
0.267862
0.270879
0.264561
0.264558
0.264558
0.264558
0.264558
0.264558
0.264558
0.264558
0.264558
0.264558
0.264558
0.264558
0.264664
0.265
0.265928
0.267862
0.270879
0.264561
0.264558
0.264558
0.264558
0.264558
0.264558
0.264558
0.264558
0.264558
0.264558
0.264558
0.264558
0.264664
0.265
0.265928
0.267862
0.270879
0.264561
0.264558
0.264558
0.264558
0.264558
0.264558
0.264558
0.264558
0.264558
0.264558
0.264558
0.264558
0.264664
0.265
0.265928
0.267862
0.270879
0.264561
0.264558
0.264558
0.264558
0.264558
0.264558
0.264558
0.264558
0.264558
0.264558
0.264558
0.264558
0.264664
0.265
0.265928
0.267862
0.270879
0.264561
0.264558
0.264558
0.264558
0.264558
0.264558
0.264558
0.264558
0.264558
0.264558
0.264558
0.264558
0.264664
0.265
0.265928
0.267862
0.270879
0.264561
0.264558
0.264558
0.264558
0.264558
0.264558
0.264558
0.264558
0.264558
0.264558
0.264558
0.264558
0.264664
0.265
0.265928
0.267862
0.270879
0.264561
0.264558
0.264558
0.264558
0.264558
0.264558
0.264558
0.264558
0.264558
0.264558
0.264558
0.264558
0.264664
0.265
0.265928
0.267862
0.270879
0.264561
0.264558
0.264558
0.264558
0.264558
0.264558
0.264558
0.264558
0.264558
0.264558
0.264558
0.264558
0.264664
0.265
0.265928
0.267862
0.270879
0.264561
0.264558
0.264558
0.264558
0.264558
0.264558
0.264558
0.264558
0.264558
0.264558
0.264558
0.264558
0.264664
0.265
0.265928
0.267862
0.270879
0.264561
0.264558
0.264558
0.264558
0.264558
0.264558
0.264558
0.264558
0.264558
0.264558
0.264558
0.264558
0.264664
0.265
0.265928
0.267862
0.270879
0.264561
0.264558
0.264558
0.264558
0.264558
0.264558
0.264558
0.264558
0.264558
0.264558
0.264558
0.264558
0.264664
0.265
0.265928
0.267862
0.270879
0.264561
0.264558
0.264558
0.264558
0.264558
0.264558
0.264558
0.264558
0.264558
0.264558
0.264558
0.264558
0.264664
0.265
0.265928
0.267862
0.270879
0.264561
0.264558
0.264558
0.264558
0.264558
0.264558
0.264558
0.264558
0.264558
0.264558
0.264558
0.264559
0.264664
0.265
0.265928
0.267862
0.270879
0.264561
0.264558
0.264558
0.264558
0.264558
0.264558
0.264558
0.264558
0.264558
0.264558
0.264558
0.264559
0.264665
0.265
0.265928
0.267862
0.270879
0.264562
0.26456
0.264565
0.264568
0.134589
0.134589
0.134589
0.134589
0.134589
0.134589
0.134589
0.134589
0.134589
0.134589
0.134588
0.134582
0.134564
0.134528
0.134476
0.134467
0.134555
0.134593
0.134593
0.134593
0.134593
0.134593
0.134593
0.134593
0.134593
0.134593
0.134593
0.134592
0.134586
0.134568
0.134532
0.13448
0.13447
0.134556
0.134593
0.134593
0.134593
0.134593
0.134593
0.134593
0.134593
0.134593
0.134593
0.134593
0.134592
0.134586
0.134568
0.134532
0.13448
0.13447
0.134556
0.134593
0.134593
0.134593
0.134593
0.134593
0.134593
0.134593
0.134593
0.134593
0.134593
0.134592
0.134586
0.134568
0.134532
0.13448
0.13447
0.134556
0.134593
0.134593
0.134593
0.134593
0.134593
0.134593
0.134593
0.134593
0.134593
0.134593
0.134592
0.134586
0.134568
0.134532
0.13448
0.13447
0.134556
0.134593
0.134593
0.134593
0.134593
0.134593
0.134593
0.134593
0.134593
0.134593
0.134593
0.134592
0.134586
0.134568
0.134532
0.13448
0.13447
0.134556
0.134593
0.134593
0.134593
0.134593
0.134593
0.134593
0.134593
0.134593
0.134593
0.134593
0.134592
0.134586
0.134568
0.134532
0.13448
0.13447
0.134556
0.134593
0.134593
0.134593
0.134593
0.134593
0.134593
0.134593
0.134593
0.134593
0.134593
0.134592
0.134586
0.134568
0.134532
0.13448
0.13447
0.134556
0.134593
0.134593
0.134593
0.134593
0.134593
0.134593
0.134593
0.134593
0.134593
0.134593
0.134592
0.134586
0.134568
0.134532
0.13448
0.13447
0.134556
0.134593
0.134593
0.134593
0.134593
0.134593
0.134593
0.134593
0.134593
0.134593
0.134593
0.134592
0.134586
0.134568
0.134532
0.13448
0.13447
0.134556
0.134593
0.134593
0.134593
0.134593
0.134593
0.134593
0.134593
0.134593
0.134593
0.134593
0.134592
0.134586
0.134568
0.134532
0.13448
0.13447
0.134556
0.134593
0.134593
0.134593
0.134593
0.134593
0.134593
0.134593
0.134593
0.134593
0.134593
0.134592
0.134586
0.134568
0.134532
0.13448
0.13447
0.134556
0.134593
0.134593
0.134593
0.134593
0.134593
0.134593
0.134593
0.134593
0.134593
0.134593
0.134592
0.134586
0.134568
0.134532
0.13448
0.13447
0.134556
0.134593
0.134593
0.134593
0.134593
0.134593
0.134593
0.134593
0.134593
0.134593
0.134593
0.134592
0.134586
0.134568
0.134532
0.13448
0.13447
0.134556
0.134593
0.134593
0.134593
0.134593
0.134593
0.134593
0.134593
0.134593
0.134593
0.134593
0.134592
0.134586
0.134568
0.134532
0.13448
0.13447
0.134556
0.134593
0.134593
0.134593
0.134593
0.134593
0.134593
0.134593
0.134593
0.134593
0.134593
0.134592
0.134586
0.134568
0.134532
0.13448
0.13447
0.134556
0.134593
0.134593
0.134593
0.134593
0.134593
0.134593
0.134593
0.134593
0.134593
0.134593
0.134592
0.134586
0.134568
0.134532
0.13448
0.13447
0.134556
0.134593
0.134593
0.134593
0.134593
0.134593
0.134593
0.134593
0.134593
0.134593
0.134593
0.134592
0.134586
0.134568
0.134532
0.13448
0.13447
0.134556
0.134593
0.134593
0.134593
0.134593
0.134593
0.134593
0.134593
0.134593
0.134593
0.134593
0.134592
0.134586
0.134568
0.134532
0.13448
0.13447
0.134556
0.134593
0.134593
0.134593
0.134593
0.134593
0.134593
0.134593
0.134593
0.134593
0.134593
0.134592
0.134586
0.134568
0.134532
0.13448
0.13447
0.134556
0.134593
0.134593
0.134593
0.134593
0.134593
0.134593
0.134593
0.134593
0.134593
0.134593
0.134592
0.134586
0.134568
0.134532
0.13448
0.13447
0.134556
0.134593
0.134593
0.134593
0.134593
0.134593
0.134593
0.134593
0.134593
0.134593
0.134593
0.134592
0.134586
0.134568
0.134532
0.13448
0.13447
0.134556
0.134593
0.134593
0.134593
0.134593
0.134593
0.134593
0.134593
0.134593
0.134593
0.134593
0.134592
0.134586
0.134568
0.134532
0.13448
0.13447
0.134556
0.134593
0.134593
0.134593
0.134593
0.134593
0.134593
0.134593
0.134593
0.134593
0.134593
0.134592
0.134586
0.134568
0.134532
0.13448
0.13447
0.134556
0.134593
0.134593
0.134594
0.134595
0.134596
0.134595
0.134412
0.134411
0.134411
0.134411
0.134411
0.134411
0.134411
0.134411
0.134411
0.134411
0.13441
0.134404
0.134388
0.134355
0.134314
0.134336
0.134475
0.134416
0.134415
0.134415
0.134415
0.134415
0.134415
0.134415
0.134415
0.134415
0.134415
0.134414
0.134409
0.134392
0.134359
0.134318
0.134338
0.134476
0.134416
0.134415
0.134415
0.134415
0.134415
0.134415
0.134415
0.134415
0.134415
0.134415
0.134414
0.134409
0.134392
0.134359
0.134318
0.134338
0.134476
0.134416
0.134415
0.134415
0.134415
0.134415
0.134415
0.134415
0.134415
0.134415
0.134415
0.134414
0.134409
0.134392
0.134359
0.134318
0.134338
0.134476
0.134416
0.134415
0.134415
0.134415
0.134415
0.134415
0.134415
0.134415
0.134415
0.134415
0.134414
0.134409
0.134392
0.134359
0.134318
0.134338
0.134476
0.134416
0.134415
0.134415
0.134415
0.134415
0.134415
0.134415
0.134415
0.134415
0.134415
0.134414
0.134409
0.134392
0.134359
0.134318
0.134338
0.134476
0.134416
0.134415
0.134415
0.134415
0.134415
0.134415
0.134415
0.134415
0.134415
0.134415
0.134414
0.134409
0.134392
0.134359
0.134318
0.134338
0.134476
0.134416
0.134415
0.134415
0.134415
0.134415
0.134415
0.134415
0.134415
0.134415
0.134415
0.134414
0.134409
0.134392
0.134359
0.134318
0.134338
0.134476
0.134416
0.134415
0.134415
0.134415
0.134415
0.134415
0.134415
0.134415
0.134415
0.134415
0.134414
0.134409
0.134392
0.134359
0.134318
0.134338
0.134476
0.134416
0.134415
0.134415
0.134415
0.134415
0.134415
0.134415
0.134415
0.134415
0.134415
0.134414
0.134409
0.134392
0.134359
0.134318
0.134338
0.134476
0.134416
0.134415
0.134415
0.134415
0.134415
0.134415
0.134415
0.134415
0.134415
0.134415
0.134414
0.134409
0.134392
0.134359
0.134318
0.134338
0.134476
0.134416
0.134415
0.134415
0.134415
0.134415
0.134415
0.134415
0.134415
0.134415
0.134415
0.134414
0.134409
0.134392
0.134359
0.134318
0.134338
0.134476
0.134416
0.134415
0.134415
0.134415
0.134415
0.134415
0.134415
0.134415
0.134415
0.134415
0.134414
0.134409
0.134392
0.134359
0.134318
0.134338
0.134476
0.134416
0.134415
0.134415
0.134415
0.134415
0.134415
0.134415
0.134415
0.134415
0.134415
0.134414
0.134409
0.134392
0.134359
0.134318
0.134338
0.134476
0.134416
0.134415
0.134415
0.134415
0.134415
0.134415
0.134415
0.134415
0.134415
0.134415
0.134414
0.134409
0.134392
0.134359
0.134318
0.134338
0.134476
0.134416
0.134415
0.134415
0.134415
0.134415
0.134415
0.134415
0.134415
0.134415
0.134415
0.134414
0.134409
0.134392
0.134359
0.134318
0.134338
0.134476
0.134416
0.134415
0.134415
0.134415
0.134415
0.134415
0.134415
0.134415
0.134415
0.134415
0.134414
0.134409
0.134392
0.134359
0.134318
0.134338
0.134476
0.134416
0.134415
0.134415
0.134415
0.134415
0.134415
0.134415
0.134415
0.134415
0.134415
0.134414
0.134409
0.134392
0.134359
0.134318
0.134338
0.134476
0.134416
0.134415
0.134415
0.134415
0.134415
0.134415
0.134415
0.134415
0.134415
0.134415
0.134414
0.134409
0.134392
0.134359
0.134318
0.134338
0.134476
0.134416
0.134415
0.134415
0.134415
0.134415
0.134415
0.134415
0.134415
0.134415
0.134415
0.134414
0.134409
0.134392
0.134359
0.134318
0.134338
0.134476
0.134416
0.134415
0.134415
0.134415
0.134415
0.134415
0.134415
0.134415
0.134415
0.134415
0.134414
0.134409
0.134392
0.134359
0.134318
0.134338
0.134476
0.134416
0.134415
0.134415
0.134415
0.134415
0.134415
0.134415
0.134415
0.134415
0.134415
0.134414
0.134409
0.134392
0.134359
0.134318
0.134338
0.134476
0.134416
0.134415
0.134415
0.134415
0.134415
0.134415
0.134415
0.134415
0.134415
0.134415
0.134414
0.134409
0.134392
0.134359
0.134318
0.134338
0.134476
0.134416
0.134415
0.134415
0.134415
0.134415
0.134415
0.134415
0.134415
0.134415
0.134415
0.134414
0.134409
0.134392
0.134359
0.134318
0.134338
0.134476
0.134416
0.134415
0.134415
0.134416
0.134416
0.134416
0.134416
0.134417
0.134417
0.134384
0.134383
0.134383
0.134383
0.134383
0.134383
0.134383
0.134383
0.134383
0.134383
0.134382
0.134376
0.13436
0.134328
0.134288
0.134315
0.134462
0.134388
0.134388
0.134388
0.134388
0.134388
0.134388
0.134388
0.134388
0.134388
0.134388
0.134387
0.134381
0.134364
0.134332
0.134292
0.134317
0.134463
0.134388
0.134388
0.134388
0.134388
0.134388
0.134388
0.134388
0.134388
0.134388
0.134388
0.134387
0.134381
0.134364
0.134332
0.134292
0.134317
0.134463
0.134388
0.134388
0.134388
0.134388
0.134388
0.134388
0.134388
0.134388
0.134388
0.134388
0.134387
0.134381
0.134364
0.134332
0.134292
0.134317
0.134463
0.134388
0.134388
0.134388
0.134388
0.134388
0.134388
0.134388
0.134388
0.134388
0.134388
0.134387
0.134381
0.134364
0.134332
0.134292
0.134317
0.134463
0.134388
0.134388
0.134388
0.134388
0.134388
0.134388
0.134388
0.134388
0.134388
0.134388
0.134387
0.134381
0.134364
0.134332
0.134292
0.134317
0.134463
0.134388
0.134388
0.134388
0.134388
0.134388
0.134388
0.134388
0.134388
0.134388
0.134388
0.134387
0.134381
0.134364
0.134332
0.134292
0.134317
0.134463
0.134388
0.134388
0.134388
0.134388
0.134388
0.134388
0.134388
0.134388
0.134388
0.134388
0.134387
0.134381
0.134364
0.134332
0.134292
0.134317
0.134463
0.134388
0.134388
0.134388
0.134388
0.134388
0.134388
0.134388
0.134388
0.134388
0.134388
0.134387
0.134381
0.134364
0.134332
0.134292
0.134317
0.134463
0.134388
0.134388
0.134388
0.134388
0.134388
0.134388
0.134388
0.134388
0.134388
0.134388
0.134387
0.134381
0.134364
0.134332
0.134292
0.134317
0.134463
0.134388
0.134388
0.134388
0.134388
0.134388
0.134388
0.134388
0.134388
0.134388
0.134388
0.134387
0.134381
0.134364
0.134332
0.134292
0.134317
0.134463
0.134388
0.134388
0.134388
0.134388
0.134388
0.134388
0.134388
0.134388
0.134388
0.134388
0.134387
0.134381
0.134364
0.134332
0.134292
0.134317
0.134463
0.134388
0.134388
0.134388
0.134388
0.134388
0.134388
0.134388
0.134388
0.134388
0.134388
0.134387
0.134381
0.134364
0.134332
0.134292
0.134317
0.134463
0.134388
0.134388
0.134388
0.134388
0.134388
0.134388
0.134388
0.134388
0.134388
0.134388
0.134387
0.134381
0.134364
0.134332
0.134292
0.134317
0.134463
0.134388
0.134388
0.134388
0.134388
0.134388
0.134388
0.134388
0.134388
0.134388
0.134388
0.134387
0.134381
0.134364
0.134332
0.134292
0.134317
0.134463
0.134388
0.134388
0.134388
0.134388
0.134388
0.134388
0.134388
0.134388
0.134388
0.134388
0.134387
0.134381
0.134364
0.134332
0.134292
0.134317
0.134463
0.134388
0.134388
0.134388
0.134388
0.134388
0.134388
0.134388
0.134388
0.134388
0.134388
0.134387
0.134381
0.134364
0.134332
0.134292
0.134317
0.134463
0.134388
0.134388
0.134388
0.134388
0.134388
0.134388
0.134388
0.134388
0.134388
0.134388
0.134387
0.134381
0.134364
0.134332
0.134292
0.134317
0.134463
0.134388
0.134388
0.134388
0.134388
0.134388
0.134388
0.134388
0.134388
0.134388
0.134388
0.134387
0.134381
0.134364
0.134332
0.134292
0.134317
0.134463
0.134388
0.134388
0.134388
0.134388
0.134388
0.134388
0.134388
0.134388
0.134388
0.134388
0.134387
0.134381
0.134364
0.134332
0.134292
0.134317
0.134463
0.134388
0.134388
0.134388
0.134388
0.134388
0.134388
0.134388
0.134388
0.134388
0.134388
0.134387
0.134381
0.134364
0.134332
0.134292
0.134317
0.134463
0.134388
0.134388
0.134388
0.134388
0.134388
0.134388
0.134388
0.134388
0.134388
0.134388
0.134387
0.134381
0.134364
0.134332
0.134292
0.134317
0.134463
0.134388
0.134388
0.134388
0.134388
0.134388
0.134388
0.134388
0.134388
0.134388
0.134388
0.134387
0.134381
0.134364
0.134332
0.134292
0.134317
0.134463
0.134388
0.134388
0.134388
0.134388
0.134388
0.134388
0.134388
0.134388
0.134388
0.134388
0.134387
0.134381
0.134364
0.134332
0.134292
0.134317
0.134463
0.134388
0.134388
0.134388
0.134388
0.134388
0.134388
0.134388
0.134388
0.134388
0.134389
0.134388
0.133291
0.13329
0.13329
0.13329
0.13329
0.13329
0.13329
0.13329
0.13329
0.13329
0.133289
0.133284
0.133275
0.133268
0.133299
0.133511
0.133974
0.133303
0.133302
0.133302
0.133302
0.133302
0.133302
0.133302
0.133302
0.133302
0.133302
0.133301
0.133296
0.133287
0.133279
0.133309
0.133517
0.133977
0.133303
0.133303
0.133303
0.133303
0.133303
0.133303
0.133303
0.133303
0.133303
0.133303
0.133301
0.133296
0.133287
0.133279
0.133309
0.133517
0.133977
0.133303
0.133303
0.133303
0.133303
0.133303
0.133303
0.133303
0.133303
0.133303
0.133303
0.133301
0.133296
0.133287
0.133279
0.133309
0.133517
0.133977
0.133303
0.133303
0.133303
0.133303
0.133303
0.133303
0.133303
0.133303
0.133303
0.133303
0.133301
0.133296
0.133287
0.133279
0.133309
0.133517
0.133977
0.133303
0.133303
0.133303
0.133303
0.133303
0.133303
0.133303
0.133303
0.133303
0.133303
0.133301
0.133296
0.133287
0.133279
0.133309
0.133517
0.133977
0.133303
0.133303
0.133303
0.133303
0.133303
0.133303
0.133303
0.133303
0.133303
0.133303
0.133301
0.133296
0.133287
0.133279
0.133309
0.133517
0.133977
0.133303
0.133303
0.133303
0.133303
0.133303
0.133303
0.133303
0.133303
0.133303
0.133303
0.133301
0.133296
0.133287
0.133279
0.133309
0.133517
0.133977
0.133303
0.133303
0.133303
0.133303
0.133303
0.133303
0.133303
0.133303
0.133303
0.133303
0.133301
0.133296
0.133287
0.133279
0.133309
0.133517
0.133977
0.133303
0.133303
0.133303
0.133303
0.133303
0.133303
0.133303
0.133303
0.133303
0.133303
0.133301
0.133296
0.133287
0.133279
0.133309
0.133517
0.133977
0.133303
0.133303
0.133303
0.133303
0.133303
0.133303
0.133303
0.133303
0.133303
0.133303
0.133301
0.133296
0.133287
0.133279
0.133309
0.133517
0.133977
0.133303
0.133303
0.133303
0.133303
0.133303
0.133303
0.133303
0.133303
0.133303
0.133303
0.133301
0.133296
0.133287
0.133279
0.133309
0.133517
0.133977
0.133303
0.133303
0.133303
0.133303
0.133303
0.133303
0.133303
0.133303
0.133303
0.133303
0.133301
0.133296
0.133287
0.133279
0.133309
0.133517
0.133977
0.133303
0.133303
0.133303
0.133303
0.133303
0.133303
0.133303
0.133303
0.133303
0.133303
0.133301
0.133296
0.133287
0.133279
0.133309
0.133517
0.133977
0.133303
0.133303
0.133303
0.133303
0.133303
0.133303
0.133303
0.133303
0.133303
0.133303
0.133301
0.133296
0.133287
0.133279
0.133309
0.133517
0.133977
0.133303
0.133303
0.133303
0.133303
0.133303
0.133303
0.133303
0.133303
0.133303
0.133303
0.133301
0.133296
0.133287
0.133279
0.133309
0.133517
0.133977
0.133303
0.133303
0.133303
0.133303
0.133303
0.133303
0.133303
0.133303
0.133303
0.133303
0.133301
0.133296
0.133287
0.133279
0.133309
0.133517
0.133977
0.133303
0.133303
0.133303
0.133303
0.133303
0.133303
0.133303
0.133303
0.133303
0.133303
0.133301
0.133296
0.133287
0.133279
0.133309
0.133517
0.133977
0.133303
0.133303
0.133303
0.133303
0.133303
0.133303
0.133303
0.133303
0.133303
0.133303
0.133301
0.133296
0.133287
0.133279
0.133309
0.133517
0.133977
0.133303
0.133303
0.133303
0.133303
0.133303
0.133303
0.133303
0.133303
0.133303
0.133303
0.133301
0.133296
0.133287
0.133279
0.133309
0.133517
0.133977
0.133303
0.133303
0.133303
0.133303
0.133303
0.133303
0.133303
0.133303
0.133303
0.133303
0.133301
0.133296
0.133287
0.133279
0.133309
0.133517
0.133977
0.133303
0.133303
0.133303
0.133303
0.133303
0.133303
0.133303
0.133303
0.133303
0.133303
0.133301
0.133296
0.133287
0.133279
0.133309
0.133517
0.133977
0.133303
0.133303
0.133303
0.133303
0.133303
0.133303
0.133303
0.133303
0.133303
0.133303
0.133301
0.133296
0.133287
0.133279
0.133309
0.133517
0.133977
0.133303
0.133303
0.133303
0.133303
0.133303
0.133303
0.133303
0.133303
0.133303
0.133303
0.133301
0.133296
0.133287
0.133279
0.133309
0.133517
0.133977
0.133303
0.133303
0.133303
0.133303
0.133303
0.133303
0.133303
0.133303
0.133303
0.133303
0.133303
0.133298
0.13329
0.133282
)
;

boundaryField
{
    frontAndBack
    {
        type            calculated;
        value           nonuniform List<scalar> 
85
(
0.264525
0.134589
0.134412
0.134384
0.133291
0.264522
0.134589
0.134411
0.134383
0.13329
0.264522
0.134589
0.134411
0.134383
0.13329
0.264522
0.134589
0.134411
0.134383
0.13329
0.264522
0.134589
0.134411
0.134383
0.13329
0.264522
0.134589
0.134411
0.134383
0.13329
0.264522
0.134589
0.134411
0.134383
0.13329
0.264522
0.134589
0.134411
0.134383
0.13329
0.264522
0.134589
0.134411
0.134383
0.13329
0.264522
0.134589
0.134411
0.134383
0.13329
0.264522
0.134588
0.13441
0.134382
0.133289
0.264522
0.134582
0.134404
0.134376
0.133284
0.264629
0.134564
0.134388
0.13436
0.133275
0.264969
0.134528
0.134355
0.134328
0.133268
0.265903
0.134476
0.134314
0.134288
0.133299
0.267847
0.134467
0.134336
0.134315
0.133511
0.270873
0.134555
0.134475
0.134462
0.133974
)
;
    }
    inlet
    {
        type            calculated;
        value           uniform 0.134831;
    }
    outlet
    {
        type            calculated;
        value           nonuniform List<scalar> 0();
    }
    lowerWall
    {
        type            nutkWallFunction;
        Cmu             0.09;
        kappa           0.41;
        E               9.8;
        value           nonuniform List<scalar> 
412
(
0.0206538
0.0206554
0.0206554
0.0206554
0.0206554
0.0206554
0.0206554
0.0206554
0.0206554
0.0206554
0.0206554
0.0206554
0.0206554
0.0206554
0.0206554
0.0206554
0.0206554
0.0206554
0.0206554
0.0206554
0.0206554
0.0206554
0.0206554
0.0206554
0.0206554
0.0206537
0.0206553
0.0206553
0.0206553
0.0206553
0.0206553
0.0206553
0.0206553
0.0206553
0.0206553
0.0206553
0.0206553
0.0206553
0.0206553
0.0206553
0.0206553
0.0206553
0.0206553
0.0206553
0.0206553
0.0206553
0.0206553
0.0206553
0.0206553
0.0206553
0.0206537
0.0206553
0.0206553
0.0206553
0.0206553
0.0206553
0.0206553
0.0206553
0.0206553
0.0206553
0.0206553
0.0206553
0.0206553
0.0206553
0.0206553
0.0206553
0.0206553
0.0206553
0.0206553
0.0206553
0.0206553
0.0206553
0.0206553
0.0206553
0.0206556
0.0206537
0.0206553
0.0206553
0.0206553
0.0206553
0.0206553
0.0206553
0.0206553
0.0206553
0.0206553
0.0206553
0.0206553
0.0206553
0.0206553
0.0206553
0.0206553
0.0206553
0.0206553
0.0206553
0.0206553
0.0206553
0.0206553
0.0206553
0.0206553
0.0206557
0.0206537
0.0206553
0.0206553
0.0206553
0.0206553
0.0206553
0.0206553
0.0206553
0.0206553
0.0206553
0.0206553
0.0206553
0.0206553
0.0206553
0.0206553
0.0206553
0.0206553
0.0206553
0.0206553
0.0206553
0.0206553
0.0206553
0.0206553
0.0206553
0.0206537
0.0206553
0.0206553
0.0206553
0.0206553
0.0206553
0.0206553
0.0206553
0.0206553
0.0206553
0.0206553
0.0206553
0.0206553
0.0206553
0.0206553
0.0206553
0.0206553
0.0206553
0.0206553
0.0206553
0.0206553
0.0206553
0.0206553
0.0206553
0.0206537
0.0206553
0.0206553
0.0206553
0.0206553
0.0206553
0.0206553
0.0206553
0.0206553
0.0206553
0.0206553
0.0206553
0.0206553
0.0206553
0.0206553
0.0206553
0.0206553
0.0206553
0.0206553
0.0206553
0.0206553
0.0206553
0.0206553
0.0206553
0.0206537
0.0206553
0.0206553
0.0206553
0.0206553
0.0206553
0.0206553
0.0206553
0.0206553
0.0206553
0.0206553
0.0206553
0.0206553
0.0206553
0.0206553
0.0206553
0.0206553
0.0206553
0.0206553
0.0206553
0.0206553
0.0206553
0.0206553
0.0206553
0.0206537
0.0206553
0.0206553
0.0206553
0.0206553
0.0206553
0.0206553
0.0206553
0.0206553
0.0206553
0.0206553
0.0206553
0.0206553
0.0206553
0.0206553
0.0206553
0.0206553
0.0206553
0.0206553
0.0206553
0.0206553
0.0206553
0.0206553
0.0206553
0.0206537
0.0206553
0.0206553
0.0206553
0.0206553
0.0206553
0.0206553
0.0206553
0.0206553
0.0206553
0.0206553
0.0206553
0.0206553
0.0206553
0.0206553
0.0206553
0.0206553
0.0206553
0.0206553
0.0206553
0.0206553
0.0206553
0.0206553
0.0206553
0.0206537
0.0206553
0.0206553
0.0206553
0.0206553
0.0206553
0.0206553
0.0206553
0.0206553
0.0206553
0.0206553
0.0206553
0.0206553
0.0206553
0.0206553
0.0206553
0.0206553
0.0206553
0.0206553
0.0206553
0.0206553
0.0206553
0.0206553
0.0206553
0.0206537
0.0206553
0.0206553
0.0206553
0.0206553
0.0206553
0.0206553
0.0206553
0.0206553
0.0206553
0.0206553
0.0206553
0.0206553
0.0206553
0.0206553
0.0206553
0.0206553
0.0206553
0.0206553
0.0206553
0.0206553
0.0206553
0.0206553
0.0206553
0.0206576
0.0206591
0.0206591
0.0206591
0.0206591
0.0206591
0.0206591
0.0206591
0.0206591
0.0206591
0.0206591
0.0206591
0.0206591
0.0206591
0.0206591
0.0206591
0.0206591
0.0206591
0.0206591
0.0206591
0.0206591
0.0206591
0.0206591
0.0206591
0.0206698
0.0206712
0.0206712
0.0206712
0.0206712
0.0206712
0.0206712
0.0206712
0.0206712
0.0206712
0.0206712
0.0206712
0.0206712
0.0206712
0.0206712
0.0206712
0.0206712
0.0206712
0.0206712
0.0206712
0.0206712
0.0206712
0.0206712
0.0206712
0.0207035
0.0207046
0.0207046
0.0207046
0.0207046
0.0207046
0.0207046
0.0207046
0.0207046
0.0207046
0.0207046
0.0207046
0.0207046
0.0207046
0.0207046
0.0207046
0.0207046
0.0207046
0.0207046
0.0207046
0.0207046
0.0207046
0.0207046
0.0207046
0.0207904
0.0207912
0.0207912
0.0207912
0.0207912
0.0207912
0.0207912
0.0207912
0.0207912
0.0207912
0.0207912
0.0207912
0.0207912
0.0207912
0.0207912
0.0207912
0.0207912
0.0207912
0.0207912
0.0207912
0.0207912
0.0207912
0.0207912
0.0207912
0.0209347
0.020935
0.020935
0.020935
0.020935
0.020935
0.020935
0.020935
0.020935
0.020935
0.020935
0.020935
0.020935
0.020935
0.020935
0.020935
0.020935
0.020935
0.020935
0.020935
0.020935
0.020935
0.020935
0.020935
)
;
    }
    upperWall
    {
        type            calculated;
        value           nonuniform List<scalar> 
422
(
0.133291
0.133303
0.133303
0.133303
0.133303
0.133303
0.133303
0.133303
0.133303
0.133303
0.133303
0.133303
0.133303
0.133303
0.133303
0.133303
0.133303
0.133303
0.133303
0.133303
0.133303
0.133303
0.133303
0.133303
0.133303
0.13329
0.133302
0.133303
0.133303
0.133303
0.133303
0.133303
0.133303
0.133303
0.133303
0.133303
0.133303
0.133303
0.133303
0.133303
0.133303
0.133303
0.133303
0.133303
0.133303
0.133303
0.133303
0.133303
0.133303
0.133303
0.13329
0.133302
0.133303
0.133303
0.133303
0.133303
0.133303
0.133303
0.133303
0.133303
0.133303
0.133303
0.133303
0.133303
0.133303
0.133303
0.133303
0.133303
0.133303
0.133303
0.133303
0.133303
0.133303
0.133303
0.133303
0.13329
0.133302
0.133303
0.133303
0.133303
0.133303
0.133303
0.133303
0.133303
0.133303
0.133303
0.133303
0.133303
0.133303
0.133303
0.133303
0.133303
0.133303
0.133303
0.133303
0.133303
0.133303
0.133303
0.133303
0.133303
0.13329
0.133302
0.133303
0.133303
0.133303
0.133303
0.133303
0.133303
0.133303
0.133303
0.133303
0.133303
0.133303
0.133303
0.133303
0.133303
0.133303
0.133303
0.133303
0.133303
0.133303
0.133303
0.133303
0.133303
0.133303
0.13329
0.133302
0.133303
0.133303
0.133303
0.133303
0.133303
0.133303
0.133303
0.133303
0.133303
0.133303
0.133303
0.133303
0.133303
0.133303
0.133303
0.133303
0.133303
0.133303
0.133303
0.133303
0.133303
0.133303
0.133303
0.13329
0.133302
0.133303
0.133303
0.133303
0.133303
0.133303
0.133303
0.133303
0.133303
0.133303
0.133303
0.133303
0.133303
0.133303
0.133303
0.133303
0.133303
0.133303
0.133303
0.133303
0.133303
0.133303
0.133303
0.133303
0.13329
0.133302
0.133303
0.133303
0.133303
0.133303
0.133303
0.133303
0.133303
0.133303
0.133303
0.133303
0.133303
0.133303
0.133303
0.133303
0.133303
0.133303
0.133303
0.133303
0.133303
0.133303
0.133303
0.133303
0.133303
0.13329
0.133302
0.133303
0.133303
0.133303
0.133303
0.133303
0.133303
0.133303
0.133303
0.133303
0.133303
0.133303
0.133303
0.133303
0.133303
0.133303
0.133303
0.133303
0.133303
0.133303
0.133303
0.133303
0.133303
0.133303
0.13329
0.133302
0.133303
0.133303
0.133303
0.133303
0.133303
0.133303
0.133303
0.133303
0.133303
0.133303
0.133303
0.133303
0.133303
0.133303
0.133303
0.133303
0.133303
0.133303
0.133303
0.133303
0.133303
0.133303
0.133303
0.133289
0.133301
0.133301
0.133301
0.133301
0.133301
0.133301
0.133301
0.133301
0.133301
0.133301
0.133301
0.133301
0.133301
0.133301
0.133301
0.133301
0.133301
0.133301
0.133301
0.133301
0.133301
0.133301
0.133301
0.133303
0.133284
0.133296
0.133296
0.133296
0.133296
0.133296
0.133296
0.133296
0.133296
0.133296
0.133296
0.133296
0.133296
0.133296
0.133296
0.133296
0.133296
0.133296
0.133296
0.133296
0.133296
0.133296
0.133296
0.133296
0.133298
0.133275
0.133287
0.133287
0.133287
0.133287
0.133287
0.133287
0.133287
0.133287
0.133287
0.133287
0.133287
0.133287
0.133287
0.133287
0.133287
0.133287
0.133287
0.133287
0.133287
0.133287
0.133287
0.133287
0.133287
0.13329
0.133268
0.133279
0.133279
0.133279
0.133279
0.133279
0.133279
0.133279
0.133279
0.133279
0.133279
0.133279
0.133279
0.133279
0.133279
0.133279
0.133279
0.133279
0.133279
0.133279
0.133279
0.133279
0.133279
0.133279
0.133282
0.133299
0.133309
0.133309
0.133309
0.133309
0.133309
0.133309
0.133309
0.133309
0.133309
0.133309
0.133309
0.133309
0.133309
0.133309
0.133309
0.133309
0.133309
0.133309
0.133309
0.133309
0.133309
0.133309
0.133309
0.133511
0.133517
0.133517
0.133517
0.133517
0.133517
0.133517
0.133517
0.133517
0.133517
0.133517
0.133517
0.133517
0.133517
0.133517
0.133517
0.133517
0.133517
0.133517
0.133517
0.133517
0.133517
0.133517
0.133517
0.133974
0.133977
0.133977
0.133977
0.133977
0.133977
0.133977
0.133977
0.133977
0.133977
0.133977
0.133977
0.133977
0.133977
0.133977
0.133977
0.133977
0.133977
0.133977
0.133977
0.133977
0.133977
0.133977
0.133977
)
;
    }
    procBoundary2to1
    {
        type            processor;
        value           nonuniform List<scalar> 
124
(
0.264525
0.264561
0.264561
0.264561
0.264561
0.264561
0.264561
0.264561
0.264561
0.264561
0.264561
0.264561
0.264561
0.264561
0.264561
0.264561
0.264561
0.264561
0.264561
0.264561
0.264561
0.264561
0.264561
0.264561
0.134589
0.134593
0.134593
0.134593
0.134593
0.134593
0.134593
0.134593
0.134593
0.134593
0.134593
0.134593
0.134593
0.134593
0.134593
0.134593
0.134593
0.134593
0.134593
0.134593
0.134593
0.134593
0.134593
0.134593
0.134594
0.134412
0.134416
0.134416
0.134416
0.134416
0.134416
0.134416
0.134416
0.134416
0.134416
0.134416
0.134416
0.134416
0.134416
0.134416
0.134416
0.134416
0.134416
0.134416
0.134416
0.134416
0.134416
0.134416
0.134416
0.134416
0.134384
0.134388
0.134388
0.134388
0.134388
0.134388
0.134388
0.134388
0.134388
0.134388
0.134388
0.134388
0.134388
0.134388
0.134388
0.134388
0.134388
0.134388
0.134388
0.134388
0.134388
0.134388
0.134388
0.134388
0.134388
0.133291
0.133303
0.133303
0.133303
0.133303
0.133303
0.133303
0.133303
0.133303
0.133303
0.133303
0.133303
0.133303
0.133303
0.133303
0.133303
0.133303
0.133303
0.133303
0.133303
0.133303
0.133303
0.133303
0.133303
0.133303
)
;
    }
    procBoundary2to4
    {
        type            processor;
        value           uniform 0.264567;
    }
    procBoundary2to5
    {
        type            processor;
        value           nonuniform List<scalar> 
100
(
0.26457
0.264568
0.264568
0.264568
0.264568
0.264568
0.264568
0.264568
0.264673
0.265007
0.265932
0.267862
0.270879
0.26457
0.264567
0.264564
0.26457
0.264561
0.26457
0.264568
0.134594
0.134594
0.134594
0.134594
0.134593
0.134587
0.134569
0.134533
0.13448
0.13447
0.134556
0.134594
0.134594
0.134594
0.134594
0.134593
0.134594
0.134593
0.134594
0.134594
0.134594
0.134417
0.134415
0.13441
0.134393
0.13436
0.134319
0.134339
0.134476
0.134417
0.134417
0.134417
0.134417
0.134417
0.134417
0.134416
0.134416
0.134417
0.134416
0.134417
0.134415
0.134382
0.134366
0.134333
0.134293
0.134317
0.134463
0.134389
0.134389
0.134389
0.134389
0.134389
0.134389
0.134389
0.134389
0.134389
0.134389
0.134382
0.134387
0.134382
0.134366
0.134333
0.133311
0.133517
0.133977
0.133306
0.133306
0.133306
0.133306
0.133306
0.133306
0.133306
0.133306
0.133306
0.133306
0.133304
0.133299
0.133289
0.133311
0.13328
)
;
    }
}


// ************************************************************************* //
