/*--------------------------------*- C++ -*----------------------------------*\
  =========                 |
  \\      /  F ield         | OpenFOAM: The Open Source CFD Toolbox
   \\    /   O peration     | Website:  https://openfoam.org
    \\  /    A nd           | Version:  10
     \\/     M anipulation  |
\*---------------------------------------------------------------------------*/
FoamFile
{
    format      ascii;
    class       volScalarField;
    location    "20";
    object      omega;
}
// * * * * * * * * * * * * * * * * * * * * * * * * * * * * * * * * * * * * * //

dimensions      [0 0 -1 0 0 0 0];

internalField   nonuniform List<scalar> 
2084
(
0.86121
0.861208
0.861208
0.861208
0.861208
0.861208
0.861208
0.861208
0.861208
0.861208
0.861208
0.861208
0.861208
0.861208
0.861212
0.86276
0.865994
0.861234
0.861232
0.861232
0.861232
0.861232
0.861232
0.861232
0.861232
0.861232
0.861232
0.861232
0.861232
0.861232
0.861232
0.861236
0.862778
0.866003
0.861234
0.861232
0.861232
0.861232
0.861232
0.861232
0.861232
0.861232
0.861232
0.861232
0.861232
0.861232
0.861232
0.861232
0.861236
0.862778
0.866003
0.861234
0.861232
0.861232
0.861232
0.861232
0.861232
0.861232
0.861232
0.861232
0.861232
0.861232
0.861232
0.861232
0.861232
0.861236
0.862778
0.866003
0.861234
0.861232
0.861232
0.861232
0.861232
0.861232
0.861232
0.861232
0.861232
0.861232
0.861232
0.861232
0.861232
0.861232
0.861236
0.862778
0.866003
0.861234
0.861232
0.861232
0.861232
0.861232
0.861232
0.861232
0.861232
0.861232
0.861232
0.861232
0.861232
0.861232
0.861232
0.861236
0.862778
0.866003
0.861234
0.861232
0.861232
0.861232
0.861232
0.861232
0.861232
0.861232
0.861232
0.861232
0.861232
0.861232
0.861232
0.861232
0.861236
0.862778
0.866003
0.861234
0.861232
0.861232
0.861232
0.861232
0.861232
0.861232
0.861232
0.861232
0.861232
0.861232
0.861232
0.861232
0.861232
0.861236
0.862778
0.866003
0.861234
0.861232
0.861232
0.861232
0.861232
0.861232
0.861232
0.861232
0.861232
0.861232
0.861232
0.861232
0.861232
0.861232
0.861236
0.862778
0.866003
0.861234
0.861232
0.861232
0.861232
0.861232
0.861232
0.861232
0.861232
0.861232
0.861232
0.861232
0.861232
0.861232
0.861232
0.861236
0.862778
0.866003
0.861234
0.861232
0.861232
0.861232
0.861232
0.861232
0.861232
0.861232
0.861232
0.861232
0.861232
0.861232
0.861232
0.861232
0.861236
0.862778
0.866003
0.861234
0.861232
0.861232
0.861232
0.861232
0.861232
0.861232
0.861232
0.861232
0.861232
0.861232
0.861232
0.861232
0.861232
0.861236
0.862778
0.866003
0.861234
0.861232
0.861232
0.861232
0.861232
0.861232
0.861232
0.861232
0.861232
0.861232
0.861232
0.861232
0.861232
0.861232
0.861236
0.862778
0.866003
0.861234
0.861232
0.861232
0.861232
0.861232
0.861232
0.861232
0.861232
0.861232
0.861232
0.861232
0.861232
0.861232
0.861232
0.861236
0.862778
0.866003
0.861234
0.861232
0.861232
0.861232
0.861232
0.861232
0.861232
0.861232
0.861232
0.861232
0.861232
0.861232
0.861232
0.861232
0.861236
0.862778
0.866003
0.861234
0.861232
0.861232
0.861232
0.861232
0.861232
0.861232
0.861232
0.861232
0.861232
0.861232
0.861232
0.861232
0.861232
0.861236
0.862778
0.866003
0.861234
0.861232
0.861232
0.861232
0.861232
0.861232
0.861232
0.861232
0.861232
0.861232
0.861232
0.861232
0.861232
0.861232
0.861236
0.862778
0.866003
0.861234
0.861232
0.861232
0.861232
0.861232
0.861232
0.861232
0.861232
0.861232
0.861232
0.861232
0.861232
0.861232
0.861232
0.861236
0.862778
0.866003
0.861234
0.861232
0.861232
0.861232
0.861232
0.861232
0.861232
0.861232
0.861232
0.861232
0.861232
0.861232
0.861232
0.861232
0.861236
0.862778
0.866003
0.861234
0.861232
0.861232
0.861232
0.861232
0.861232
0.861232
0.861232
0.861232
0.861232
0.861232
0.861232
0.861232
0.861232
0.861236
0.862778
0.866003
0.861234
0.861232
0.861232
0.861232
0.861232
0.861232
0.861232
0.861232
0.861232
0.861232
0.861232
0.861232
0.861232
0.861232
0.861236
0.862778
0.866003
0.861234
0.861232
0.861232
0.861232
0.861232
0.861232
0.861232
0.861232
0.861232
0.861232
0.861232
0.861232
0.861232
0.861232
0.861236
0.862778
0.866003
0.861234
0.861232
0.861232
0.861232
0.861232
0.861232
0.861232
0.861232
0.861232
0.861232
0.861232
0.861232
0.861232
0.861232
0.861236
0.862778
0.866003
0.861234
0.861232
0.861232
0.861232
0.861232
0.861232
0.861232
0.861232
0.861232
0.861232
0.861232
0.861232
0.861232
0.861232
0.861236
0.862778
0.866003
0.861234
0.861232
0.861236
0.861239
1.61932
1.6193
1.6193
1.6193
1.6193
1.6193
1.6193
1.6193
1.6193
1.6193
1.6193
1.6193
1.62043
1.62402
1.63412
1.66082
1.70662
1.61963
1.61961
1.61961
1.61961
1.61961
1.61961
1.61961
1.61961
1.61961
1.61961
1.61961
1.61961
1.62073
1.6243
1.63435
1.66097
1.70668
1.61963
1.61961
1.61961
1.61961
1.61961
1.61961
1.61961
1.61961
1.61961
1.61961
1.61961
1.61961
1.62073
1.6243
1.63435
1.66097
1.70668
1.61963
1.61961
1.61961
1.61961
1.61961
1.61961
1.61961
1.61961
1.61961
1.61961
1.61961
1.61961
1.62073
1.6243
1.63435
1.66097
1.70668
1.61963
1.61961
1.61961
1.61961
1.61961
1.61961
1.61961
1.61961
1.61961
1.61961
1.61961
1.61961
1.62073
1.6243
1.63435
1.66097
1.70668
1.61963
1.61961
1.61961
1.61961
1.61961
1.61961
1.61961
1.61961
1.61961
1.61961
1.61961
1.61961
1.62073
1.6243
1.63435
1.66097
1.70668
1.61963
1.61961
1.61961
1.61961
1.61961
1.61961
1.61961
1.61961
1.61961
1.61961
1.61961
1.61961
1.62073
1.6243
1.63435
1.66097
1.70668
1.61963
1.61961
1.61961
1.61961
1.61961
1.61961
1.61961
1.61961
1.61961
1.61961
1.61961
1.61961
1.62073
1.6243
1.63435
1.66097
1.70668
1.61963
1.61961
1.61961
1.61961
1.61961
1.61961
1.61961
1.61961
1.61961
1.61961
1.61961
1.61961
1.62073
1.6243
1.63435
1.66097
1.70668
1.61963
1.61961
1.61961
1.61961
1.61961
1.61961
1.61961
1.61961
1.61961
1.61961
1.61961
1.61961
1.62073
1.6243
1.63435
1.66097
1.70668
1.61963
1.61961
1.61961
1.61961
1.61961
1.61961
1.61961
1.61961
1.61961
1.61961
1.61961
1.61961
1.62073
1.6243
1.63435
1.66097
1.70668
1.61963
1.61961
1.61961
1.61961
1.61961
1.61961
1.61961
1.61961
1.61961
1.61961
1.61961
1.61961
1.62073
1.6243
1.63435
1.66097
1.70668
1.61963
1.61961
1.61961
1.61961
1.61961
1.61961
1.61961
1.61961
1.61961
1.61961
1.61961
1.61961
1.62073
1.6243
1.63435
1.66097
1.70668
1.61963
1.61961
1.61961
1.61961
1.61961
1.61961
1.61961
1.61961
1.61961
1.61961
1.61961
1.61961
1.62073
1.6243
1.63435
1.66097
1.70668
1.61963
1.61961
1.61961
1.61961
1.61961
1.61961
1.61961
1.61961
1.61961
1.61961
1.61961
1.61961
1.62073
1.6243
1.63435
1.66097
1.70668
1.61963
1.61961
1.61961
1.61961
1.61961
1.61961
1.61961
1.61961
1.61961
1.61961
1.61961
1.61961
1.62073
1.6243
1.63435
1.66097
1.70668
1.61963
1.61961
1.61961
1.61961
1.61961
1.61961
1.61961
1.61961
1.61961
1.61961
1.61961
1.61961
1.62073
1.6243
1.63435
1.66097
1.70668
1.61963
1.61961
1.61961
1.61961
1.61961
1.61961
1.61961
1.61961
1.61961
1.61961
1.61961
1.61961
1.62073
1.6243
1.63435
1.66097
1.70668
1.61963
1.61961
1.61961
1.61961
1.61961
1.61961
1.61961
1.61961
1.61961
1.61961
1.61961
1.61961
1.62073
1.6243
1.63435
1.66097
1.70668
1.61963
1.61961
1.61961
1.61961
1.61961
1.61961
1.61961
1.61961
1.61961
1.61961
1.61961
1.61961
1.62073
1.6243
1.63435
1.66097
1.70668
1.61963
1.61961
1.61961
1.61961
1.61961
1.61961
1.61961
1.61961
1.61961
1.61961
1.61961
1.61961
1.62073
1.6243
1.63435
1.66097
1.70668
1.61963
1.61961
1.61961
1.61961
1.61961
1.61961
1.61961
1.61961
1.61961
1.61961
1.61961
1.61961
1.62073
1.6243
1.63435
1.66097
1.70668
1.61963
1.61961
1.61961
1.61961
1.61961
1.61961
1.61961
1.61961
1.61961
1.61961
1.61961
1.61961
1.62073
1.6243
1.63435
1.66097
1.70668
1.61963
1.61961
1.61961
1.61961
1.61961
1.61961
1.61961
1.61961
1.61961
1.61961
1.61961
1.61961
1.62073
1.6243
1.63435
1.66097
1.70668
1.61963
1.61961
1.61962
1.61962
1.61967
1.61969
1.6211
1.62108
1.62108
1.62108
1.62108
1.62108
1.62108
1.62108
1.62108
1.62108
1.62108
1.62108
1.6222
1.62576
1.63579
1.66223
1.70753
1.62141
1.62139
1.62139
1.62139
1.62139
1.62139
1.62139
1.62139
1.62139
1.62139
1.62139
1.62139
1.62251
1.62605
1.63603
1.66239
1.70759
1.62141
1.62139
1.62139
1.62139
1.62139
1.62139
1.62139
1.62139
1.62139
1.62139
1.62139
1.62139
1.62251
1.62605
1.63603
1.66239
1.70759
1.62141
1.62139
1.62139
1.62139
1.62139
1.62139
1.62139
1.62139
1.62139
1.62139
1.62139
1.62139
1.62251
1.62605
1.63603
1.66239
1.70759
1.62141
1.62139
1.62139
1.62139
1.62139
1.62139
1.62139
1.62139
1.62139
1.62139
1.62139
1.62139
1.62251
1.62605
1.63603
1.66239
1.70759
1.62141
1.62139
1.62139
1.62139
1.62139
1.62139
1.62139
1.62139
1.62139
1.62139
1.62139
1.62139
1.62251
1.62605
1.63603
1.66239
1.70759
1.62141
1.62139
1.62139
1.62139
1.62139
1.62139
1.62139
1.62139
1.62139
1.62139
1.62139
1.62139
1.62251
1.62605
1.63603
1.66239
1.70759
1.62141
1.62139
1.62139
1.62139
1.62139
1.62139
1.62139
1.62139
1.62139
1.62139
1.62139
1.62139
1.62251
1.62605
1.63603
1.66239
1.70759
1.62141
1.62139
1.62139
1.62139
1.62139
1.62139
1.62139
1.62139
1.62139
1.62139
1.62139
1.62139
1.62251
1.62605
1.63603
1.66239
1.70759
1.62141
1.62139
1.62139
1.62139
1.62139
1.62139
1.62139
1.62139
1.62139
1.62139
1.62139
1.62139
1.62251
1.62605
1.63603
1.66239
1.70759
1.62141
1.62139
1.62139
1.62139
1.62139
1.62139
1.62139
1.62139
1.62139
1.62139
1.62139
1.62139
1.62251
1.62605
1.63603
1.66239
1.70759
1.62141
1.62139
1.62139
1.62139
1.62139
1.62139
1.62139
1.62139
1.62139
1.62139
1.62139
1.62139
1.62251
1.62605
1.63603
1.66239
1.70759
1.62141
1.62139
1.62139
1.62139
1.62139
1.62139
1.62139
1.62139
1.62139
1.62139
1.62139
1.62139
1.62251
1.62605
1.63603
1.66239
1.70759
1.62141
1.62139
1.62139
1.62139
1.62139
1.62139
1.62139
1.62139
1.62139
1.62139
1.62139
1.62139
1.62251
1.62605
1.63603
1.66239
1.70759
1.62141
1.62139
1.62139
1.62139
1.62139
1.62139
1.62139
1.62139
1.62139
1.62139
1.62139
1.62139
1.62251
1.62605
1.63603
1.66239
1.70759
1.62141
1.62139
1.62139
1.62139
1.62139
1.62139
1.62139
1.62139
1.62139
1.62139
1.62139
1.62139
1.62251
1.62605
1.63603
1.66239
1.70759
1.62141
1.62139
1.62139
1.62139
1.62139
1.62139
1.62139
1.62139
1.62139
1.62139
1.62139
1.62139
1.62251
1.62605
1.63603
1.66239
1.70759
1.62141
1.62139
1.62139
1.62139
1.62139
1.62139
1.62139
1.62139
1.62139
1.62139
1.62139
1.62139
1.62251
1.62605
1.63603
1.66239
1.70759
1.62141
1.62139
1.62139
1.62139
1.62139
1.62139
1.62139
1.62139
1.62139
1.62139
1.62139
1.62139
1.62251
1.62605
1.63603
1.66239
1.70759
1.62141
1.62139
1.62139
1.62139
1.62139
1.62139
1.62139
1.62139
1.62139
1.62139
1.62139
1.62139
1.62251
1.62605
1.63603
1.66239
1.70759
1.62141
1.62139
1.62139
1.62139
1.62139
1.62139
1.62139
1.62139
1.62139
1.62139
1.62139
1.62139
1.62251
1.62605
1.63603
1.66239
1.70759
1.62141
1.62139
1.62139
1.62139
1.62139
1.62139
1.62139
1.62139
1.62139
1.62139
1.62139
1.62139
1.62251
1.62605
1.63603
1.66239
1.70759
1.62141
1.62139
1.62139
1.62139
1.62139
1.62139
1.62139
1.62139
1.62139
1.62139
1.62139
1.62139
1.62251
1.62605
1.63603
1.66239
1.70759
1.62141
1.62139
1.62139
1.62139
1.62139
1.62139
1.62139
1.62139
1.62139
1.62139
1.62139
1.62139
1.62251
1.62605
1.63603
1.66239
1.70759
1.62141
1.62139
1.62139
1.6214
1.62142
1.62143
1.62145
1.62148
1.62149
1.62138
1.62136
1.62136
1.62136
1.62136
1.62136
1.62136
1.62136
1.62136
1.62136
1.62136
1.62137
1.62249
1.62605
1.63606
1.66247
1.70768
1.62169
1.62167
1.62167
1.62167
1.62167
1.62167
1.62167
1.62167
1.62167
1.62167
1.62167
1.62167
1.62279
1.62633
1.6363
1.66262
1.70774
1.62169
1.62167
1.62167
1.62167
1.62167
1.62167
1.62167
1.62167
1.62167
1.62167
1.62167
1.62168
1.62279
1.62633
1.6363
1.66262
1.70774
1.62169
1.62167
1.62167
1.62167
1.62167
1.62167
1.62167
1.62167
1.62167
1.62167
1.62167
1.62168
1.62279
1.62633
1.6363
1.66262
1.70774
1.62169
1.62167
1.62167
1.62167
1.62167
1.62167
1.62167
1.62167
1.62167
1.62167
1.62167
1.62168
1.62279
1.62633
1.6363
1.66262
1.70774
1.62169
1.62167
1.62167
1.62167
1.62167
1.62167
1.62167
1.62167
1.62167
1.62167
1.62167
1.62168
1.62279
1.62633
1.6363
1.66262
1.70774
1.62169
1.62167
1.62167
1.62167
1.62167
1.62167
1.62167
1.62167
1.62167
1.62167
1.62167
1.62168
1.62279
1.62633
1.6363
1.66262
1.70774
1.62169
1.62167
1.62167
1.62167
1.62167
1.62167
1.62167
1.62167
1.62167
1.62167
1.62167
1.62168
1.62279
1.62633
1.6363
1.66262
1.70774
1.62169
1.62167
1.62167
1.62167
1.62167
1.62167
1.62167
1.62167
1.62167
1.62167
1.62167
1.62168
1.62279
1.62633
1.6363
1.66262
1.70774
1.62169
1.62167
1.62167
1.62167
1.62167
1.62167
1.62167
1.62167
1.62167
1.62167
1.62167
1.62168
1.62279
1.62633
1.6363
1.66262
1.70774
1.62169
1.62167
1.62167
1.62167
1.62167
1.62167
1.62167
1.62167
1.62167
1.62167
1.62167
1.62168
1.62279
1.62633
1.6363
1.66262
1.70774
1.62169
1.62167
1.62167
1.62167
1.62167
1.62167
1.62167
1.62167
1.62167
1.62167
1.62167
1.62168
1.62279
1.62633
1.6363
1.66262
1.70774
1.62169
1.62167
1.62167
1.62167
1.62167
1.62167
1.62167
1.62167
1.62167
1.62167
1.62167
1.62168
1.62279
1.62633
1.6363
1.66262
1.70774
1.62169
1.62167
1.62167
1.62167
1.62167
1.62167
1.62167
1.62167
1.62167
1.62167
1.62167
1.62168
1.62279
1.62633
1.6363
1.66262
1.70774
1.62169
1.62167
1.62167
1.62167
1.62167
1.62167
1.62167
1.62167
1.62167
1.62167
1.62167
1.62168
1.62279
1.62633
1.6363
1.66262
1.70774
1.62169
1.62167
1.62167
1.62167
1.62167
1.62167
1.62167
1.62167
1.62167
1.62167
1.62167
1.62168
1.62279
1.62633
1.6363
1.66262
1.70774
1.62169
1.62167
1.62167
1.62167
1.62167
1.62167
1.62167
1.62167
1.62167
1.62167
1.62167
1.62168
1.62279
1.62633
1.6363
1.66262
1.70774
1.62169
1.62167
1.62167
1.62167
1.62167
1.62167
1.62167
1.62167
1.62167
1.62167
1.62167
1.62168
1.62279
1.62633
1.6363
1.66262
1.70774
1.62169
1.62167
1.62167
1.62167
1.62167
1.62167
1.62167
1.62167
1.62167
1.62167
1.62167
1.62168
1.62279
1.62633
1.6363
1.66262
1.70774
1.62169
1.62167
1.62167
1.62167
1.62167
1.62167
1.62167
1.62167
1.62167
1.62167
1.62167
1.62168
1.62279
1.62633
1.6363
1.66262
1.70774
1.62169
1.62167
1.62167
1.62167
1.62167
1.62167
1.62167
1.62167
1.62167
1.62167
1.62167
1.62168
1.62279
1.62633
1.6363
1.66262
1.70774
1.62169
1.62167
1.62167
1.62167
1.62167
1.62167
1.62167
1.62167
1.62167
1.62167
1.62167
1.62168
1.62279
1.62633
1.6363
1.66262
1.70774
1.62169
1.62167
1.62167
1.62167
1.62167
1.62167
1.62167
1.62167
1.62167
1.62167
1.62167
1.62168
1.62279
1.62633
1.6363
1.66262
1.70774
1.62169
1.62167
1.62167
1.62167
1.62167
1.62167
1.62167
1.62167
1.62167
1.62167
1.62167
1.62168
1.62279
1.62633
1.6363
1.66262
1.70774
1.62169
1.62167
1.62167
1.62167
1.62167
1.62168
1.62168
1.6217
1.62172
1.62176
1.62177
1.63334
1.63333
1.63333
1.63333
1.63333
1.63333
1.63333
1.63333
1.63333
1.63333
1.63333
1.63333
1.6344
1.63777
1.64716
1.67177
1.71355
1.63351
1.6335
1.6335
1.6335
1.6335
1.6335
1.6335
1.6335
1.6335
1.6335
1.6335
1.6335
1.63457
1.63792
1.64729
1.67186
1.71358
1.63351
1.6335
1.6335
1.6335
1.6335
1.6335
1.6335
1.6335
1.6335
1.6335
1.6335
1.6335
1.63457
1.63792
1.64729
1.67186
1.71358
1.63351
1.6335
1.6335
1.6335
1.6335
1.6335
1.6335
1.6335
1.6335
1.6335
1.6335
1.6335
1.63457
1.63792
1.64729
1.67186
1.71358
1.63351
1.6335
1.6335
1.6335
1.6335
1.6335
1.6335
1.6335
1.6335
1.6335
1.6335
1.6335
1.63457
1.63792
1.64729
1.67186
1.71358
1.63351
1.6335
1.6335
1.6335
1.6335
1.6335
1.6335
1.6335
1.6335
1.6335
1.6335
1.6335
1.63457
1.63792
1.64729
1.67186
1.71358
1.63351
1.6335
1.6335
1.6335
1.6335
1.6335
1.6335
1.6335
1.6335
1.6335
1.6335
1.6335
1.63457
1.63792
1.64729
1.67186
1.71358
1.63351
1.6335
1.6335
1.6335
1.6335
1.6335
1.6335
1.6335
1.6335
1.6335
1.6335
1.6335
1.63457
1.63792
1.64729
1.67186
1.71358
1.63351
1.6335
1.6335
1.6335
1.6335
1.6335
1.6335
1.6335
1.6335
1.6335
1.6335
1.6335
1.63457
1.63792
1.64729
1.67186
1.71358
1.63351
1.6335
1.6335
1.6335
1.6335
1.6335
1.6335
1.6335
1.6335
1.6335
1.6335
1.6335
1.63457
1.63792
1.64729
1.67186
1.71358
1.63351
1.6335
1.6335
1.6335
1.6335
1.6335
1.6335
1.6335
1.6335
1.6335
1.6335
1.6335
1.63457
1.63792
1.64729
1.67186
1.71358
1.63351
1.6335
1.6335
1.6335
1.6335
1.6335
1.6335
1.6335
1.6335
1.6335
1.6335
1.6335
1.63457
1.63792
1.64729
1.67186
1.71358
1.63351
1.6335
1.6335
1.6335
1.6335
1.6335
1.6335
1.6335
1.6335
1.6335
1.6335
1.6335
1.63457
1.63792
1.64729
1.67186
1.71358
1.63351
1.6335
1.6335
1.6335
1.6335
1.6335
1.6335
1.6335
1.6335
1.6335
1.6335
1.6335
1.63457
1.63792
1.64729
1.67186
1.71358
1.63351
1.6335
1.6335
1.6335
1.6335
1.6335
1.6335
1.6335
1.6335
1.6335
1.6335
1.6335
1.63457
1.63792
1.64729
1.67186
1.71358
1.63351
1.6335
1.6335
1.6335
1.6335
1.6335
1.6335
1.6335
1.6335
1.6335
1.6335
1.6335
1.63457
1.63792
1.64729
1.67186
1.71358
1.63351
1.6335
1.6335
1.6335
1.6335
1.6335
1.6335
1.6335
1.6335
1.6335
1.6335
1.6335
1.63457
1.63792
1.64729
1.67186
1.71358
1.63351
1.6335
1.6335
1.6335
1.6335
1.6335
1.6335
1.6335
1.6335
1.6335
1.6335
1.6335
1.63457
1.63792
1.64729
1.67186
1.71358
1.63351
1.6335
1.6335
1.6335
1.6335
1.6335
1.6335
1.6335
1.6335
1.6335
1.6335
1.6335
1.63457
1.63792
1.64729
1.67186
1.71358
1.63351
1.6335
1.6335
1.6335
1.6335
1.6335
1.6335
1.6335
1.6335
1.6335
1.6335
1.6335
1.63457
1.63792
1.64729
1.67186
1.71358
1.63351
1.6335
1.6335
1.6335
1.6335
1.6335
1.6335
1.6335
1.6335
1.6335
1.6335
1.6335
1.63457
1.63792
1.64729
1.67186
1.71358
1.63351
1.6335
1.6335
1.6335
1.6335
1.6335
1.6335
1.6335
1.6335
1.6335
1.6335
1.6335
1.63457
1.63792
1.64729
1.67186
1.71358
1.63351
1.6335
1.6335
1.6335
1.6335
1.6335
1.6335
1.6335
1.6335
1.6335
1.6335
1.6335
1.63457
1.63792
1.64729
1.67186
1.71358
1.63351
1.6335
1.6335
1.6335
1.6335
1.6335
1.6335
1.6335
1.6335
1.6335
1.6335
1.6335
1.63457
1.63792
1.64729
1.67186
1.71358
1.63351
1.6335
1.6335
1.6335
1.6335
1.6335
1.6335
1.6335
1.63351
1.63352
1.63353
1.63355
1.63462
1.63797
)
;

boundaryField
{
    frontAndBack
    {
        type            slip;
    }
    inlet
    {
        type            fixedValue;
        value           uniform 1.78;
    }
    outlet
    {
        type            inletOutlet;
        inletValue      nonuniform List<scalar> 0();
        value           nonuniform List<scalar> 0();
    }
    lowerWall
    {
        beta1           0.075;
        blended         0;
        type            omegaWallFunction;
        value           nonuniform List<scalar> 
412
(
0.86121
0.861234
0.861234
0.861234
0.861234
0.861234
0.861234
0.861234
0.861234
0.861234
0.861234
0.861234
0.861234
0.861234
0.861234
0.861234
0.861234
0.861234
0.861234
0.861234
0.861234
0.861234
0.861234
0.861234
0.861234
0.861208
0.861232
0.861232
0.861232
0.861232
0.861232
0.861232
0.861232
0.861232
0.861232
0.861232
0.861232
0.861232
0.861232
0.861232
0.861232
0.861232
0.861232
0.861232
0.861232
0.861232
0.861232
0.861232
0.861232
0.861232
0.861208
0.861232
0.861232
0.861232
0.861232
0.861232
0.861232
0.861232
0.861232
0.861232
0.861232
0.861232
0.861232
0.861232
0.861232
0.861232
0.861232
0.861232
0.861232
0.861232
0.861232
0.861232
0.861232
0.861232
0.861236
0.861208
0.861232
0.861232
0.861232
0.861232
0.861232
0.861232
0.861232
0.861232
0.861232
0.861232
0.861232
0.861232
0.861232
0.861232
0.861232
0.861232
0.861232
0.861232
0.861232
0.861232
0.861232
0.861232
0.861232
0.861239
0.861208
0.861232
0.861232
0.861232
0.861232
0.861232
0.861232
0.861232
0.861232
0.861232
0.861232
0.861232
0.861232
0.861232
0.861232
0.861232
0.861232
0.861232
0.861232
0.861232
0.861232
0.861232
0.861232
0.861232
0.861208
0.861232
0.861232
0.861232
0.861232
0.861232
0.861232
0.861232
0.861232
0.861232
0.861232
0.861232
0.861232
0.861232
0.861232
0.861232
0.861232
0.861232
0.861232
0.861232
0.861232
0.861232
0.861232
0.861232
0.861208
0.861232
0.861232
0.861232
0.861232
0.861232
0.861232
0.861232
0.861232
0.861232
0.861232
0.861232
0.861232
0.861232
0.861232
0.861232
0.861232
0.861232
0.861232
0.861232
0.861232
0.861232
0.861232
0.861232
0.861208
0.861232
0.861232
0.861232
0.861232
0.861232
0.861232
0.861232
0.861232
0.861232
0.861232
0.861232
0.861232
0.861232
0.861232
0.861232
0.861232
0.861232
0.861232
0.861232
0.861232
0.861232
0.861232
0.861232
0.861208
0.861232
0.861232
0.861232
0.861232
0.861232
0.861232
0.861232
0.861232
0.861232
0.861232
0.861232
0.861232
0.861232
0.861232
0.861232
0.861232
0.861232
0.861232
0.861232
0.861232
0.861232
0.861232
0.861232
0.861208
0.861232
0.861232
0.861232
0.861232
0.861232
0.861232
0.861232
0.861232
0.861232
0.861232
0.861232
0.861232
0.861232
0.861232
0.861232
0.861232
0.861232
0.861232
0.861232
0.861232
0.861232
0.861232
0.861232
0.861208
0.861232
0.861232
0.861232
0.861232
0.861232
0.861232
0.861232
0.861232
0.861232
0.861232
0.861232
0.861232
0.861232
0.861232
0.861232
0.861232
0.861232
0.861232
0.861232
0.861232
0.861232
0.861232
0.861232
0.861208
0.861232
0.861232
0.861232
0.861232
0.861232
0.861232
0.861232
0.861232
0.861232
0.861232
0.861232
0.861232
0.861232
0.861232
0.861232
0.861232
0.861232
0.861232
0.861232
0.861232
0.861232
0.861232
0.861232
0.861208
0.861232
0.861232
0.861232
0.861232
0.861232
0.861232
0.861232
0.861232
0.861232
0.861232
0.861232
0.861232
0.861232
0.861232
0.861232
0.861232
0.861232
0.861232
0.861232
0.861232
0.861232
0.861232
0.861232
0.861208
0.861232
0.861232
0.861232
0.861232
0.861232
0.861232
0.861232
0.861232
0.861232
0.861232
0.861232
0.861232
0.861232
0.861232
0.861232
0.861232
0.861232
0.861232
0.861232
0.861232
0.861232
0.861232
0.861232
0.861212
0.861236
0.861236
0.861236
0.861236
0.861236
0.861236
0.861236
0.861236
0.861236
0.861236
0.861236
0.861236
0.861236
0.861236
0.861236
0.861236
0.861236
0.861236
0.861236
0.861236
0.861236
0.861236
0.861236
0.86276
0.862778
0.862778
0.862778
0.862778
0.862778
0.862778
0.862778
0.862778
0.862778
0.862778
0.862778
0.862778
0.862778
0.862778
0.862778
0.862778
0.862778
0.862778
0.862778
0.862778
0.862778
0.862778
0.862778
0.865994
0.866003
0.866003
0.866003
0.866003
0.866003
0.866003
0.866003
0.866003
0.866003
0.866003
0.866003
0.866003
0.866003
0.866003
0.866003
0.866003
0.866003
0.866003
0.866003
0.866003
0.866003
0.866003
0.866003
)
;
    }
    upperWall
    {
        type            slip;
    }
    procBoundary2to1
    {
        type            processor;
        value           nonuniform List<scalar> 
124
(
0.86121
0.861234
0.861234
0.861234
0.861234
0.861234
0.861234
0.861234
0.861234
0.861234
0.861234
0.861234
0.861234
0.861234
0.861234
0.861234
0.861234
0.861234
0.861234
0.861234
0.861234
0.861234
0.861234
0.861234
1.61932
1.61963
1.61963
1.61963
1.61963
1.61963
1.61963
1.61963
1.61963
1.61963
1.61963
1.61963
1.61963
1.61963
1.61963
1.61963
1.61963
1.61963
1.61963
1.61963
1.61963
1.61963
1.61963
1.61963
1.61963
1.6211
1.62141
1.62141
1.62141
1.62141
1.62141
1.62141
1.62141
1.62141
1.62141
1.62141
1.62141
1.62141
1.62141
1.62141
1.62141
1.62141
1.62141
1.62141
1.62141
1.62141
1.62141
1.62141
1.62141
1.62141
1.62139
1.6217
1.6217
1.6217
1.6217
1.6217
1.6217
1.6217
1.6217
1.6217
1.6217
1.6217
1.6217
1.6217
1.6217
1.6217
1.6217
1.6217
1.6217
1.6217
1.6217
1.6217
1.6217
1.6217
1.6217
1.63334
1.63351
1.63351
1.63351
1.63351
1.63351
1.63351
1.63351
1.63351
1.63351
1.63351
1.63351
1.63351
1.63351
1.63351
1.63351
1.63351
1.63351
1.63351
1.63351
1.63351
1.63351
1.63351
1.63351
1.63351
)
;
    }
    procBoundary2to4
    {
        type            processor;
        value           uniform 0.861239;
    }
    procBoundary2to5
    {
        type            processor;
        value           nonuniform List<scalar> 
100
(
0.861241
0.861239
0.861239
0.861239
0.861239
0.861239
0.861239
0.861239
0.861239
0.861239
0.861243
0.862778
0.866003
0.861241
0.861239
0.861236
0.861241
0.861234
0.861241
0.861239
1.61971
1.61969
1.61969
1.61969
1.61969
1.61969
1.6208
1.62436
1.63439
1.66097
1.70668
1.61971
1.61969
1.61968
1.61968
1.61965
1.61971
1.61963
1.61971
1.61969
1.61969
1.62149
1.62147
1.62147
1.62258
1.62611
1.63607
1.66239
1.70759
1.62149
1.62147
1.62147
1.62147
1.62147
1.62147
1.62146
1.62143
1.62149
1.62141
1.62149
1.62147
1.62177
1.62286
1.62639
1.63634
1.66262
1.70774
1.62177
1.62175
1.62175
1.62175
1.62175
1.62175
1.62175
1.62175
1.62174
1.62172
1.62177
1.62169
1.62177
1.62286
1.62639
1.64732
1.67186
1.71358
1.63356
1.63355
1.63355
1.63355
1.63355
1.63355
1.63355
1.63355
1.63355
1.63354
1.63354
1.63354
1.63459
1.64732
1.63793
)
;
    }
}


// ************************************************************************* //
