/*--------------------------------*- C++ -*----------------------------------*\
  =========                 |
  \\      /  F ield         | OpenFOAM: The Open Source CFD Toolbox
   \\    /   O peration     | Website:  https://openfoam.org
    \\  /    A nd           | Version:  10
     \\/     M anipulation  |
\*---------------------------------------------------------------------------*/
FoamFile
{
    format      ascii;
    class       volScalarField;
    location    "20";
    object      p;
}
// * * * * * * * * * * * * * * * * * * * * * * * * * * * * * * * * * * * * * //

dimensions      [0 2 -2 0 0 0 0];

internalField   nonuniform List<scalar> 
2084
(
-1.72784e-05
-1.74873e-05
-1.76496e-05
-1.77665e-05
-1.78449e-05
-1.78817e-05
-1.78746e-05
-1.78197e-05
-1.77152e-05
-1.75635e-05
-1.73695e-05
-1.71415e-05
-1.68921e-05
-1.66356e-05
-1.6387e-05
-1.622e-05
-1.61678e-05
-1.70401e-05
-1.72574e-05
-1.7422e-05
-1.75433e-05
-1.76252e-05
-1.76649e-05
-1.76602e-05
-1.7609e-05
-1.7509e-05
-1.73617e-05
-1.71715e-05
-1.69468e-05
-1.66995e-05
-1.6442e-05
-1.6183e-05
-1.60084e-05
-1.59719e-05
-1.65552e-05
-1.67828e-05
-1.69531e-05
-1.70829e-05
-1.71722e-05
-1.72195e-05
-1.72221e-05
-1.71791e-05
-1.70889e-05
-1.69513e-05
-1.67705e-05
-1.65544e-05
-1.63145e-05
-1.60611e-05
-1.57977e-05
-1.56211e-05
-1.56093e-05
-1.58277e-05
-1.60602e-05
-1.62416e-05
-1.63824e-05
-1.64833e-05
-1.65424e-05
-1.65577e-05
-1.65275e-05
-1.64508e-05
-1.63275e-05
-1.61615e-05
-1.59601e-05
-1.57339e-05
-1.54924e-05
-1.52356e-05
-1.50686e-05
-1.50674e-05
-1.48829e-05
-1.51228e-05
-1.53173e-05
-1.54703e-05
-1.55848e-05
-1.56585e-05
-1.56893e-05
-1.56755e-05
-1.56155e-05
-1.55096e-05
-1.53618e-05
-1.51786e-05
-1.49698e-05
-1.47447e-05
-1.45031e-05
-1.43513e-05
-1.43575e-05
-1.37411e-05
-1.39946e-05
-1.41988e-05
-1.43647e-05
-1.44938e-05
-1.45838e-05
-1.46326e-05
-1.4638e-05
-1.45984e-05
-1.45141e-05
-1.43881e-05
-1.42267e-05
-1.40391e-05
-1.3834e-05
-1.36113e-05
-1.34758e-05
-1.34811e-05
-1.24369e-05
-1.26962e-05
-1.29088e-05
-1.30874e-05
-1.32314e-05
-1.33389e-05
-1.34073e-05
-1.34344e-05
-1.3418e-05
-1.33583e-05
-1.32578e-05
-1.3122e-05
-1.29591e-05
-1.27772e-05
-1.25766e-05
-1.24544e-05
-1.24594e-05
-1.09885e-05
-1.12446e-05
-1.14659e-05
-1.16566e-05
-1.1816e-05
-1.19419e-05
-1.20316e-05
-1.20825e-05
-1.20919e-05
-1.20598e-05
-1.19879e-05
-1.18809e-05
-1.1746e-05
-1.15897e-05
-1.14119e-05
-1.13041e-05
-1.13078e-05
-9.40561e-06
-9.66189e-06
-9.89182e-06
-1.00947e-05
-1.02704e-05
-1.0416e-05
-1.05285e-05
-1.06051e-05
-1.06425e-05
-1.06402e-05
-1.05994e-05
-1.05235e-05
-1.04183e-05
-1.02896e-05
-1.01369e-05
-1.00427e-05
-1.00461e-05
-7.69666e-06
-7.96323e-06
-8.20213e-06
-8.41968e-06
-8.61366e-06
-8.78124e-06
-8.91885e-06
-9.0234e-06
-9.09104e-06
-9.12078e-06
-9.11293e-06
-9.06964e-06
-8.99558e-06
-8.89504e-06
-8.76677e-06
-8.68767e-06
-8.69039e-06
-5.89325e-06
-6.16717e-06
-6.41953e-06
-6.65592e-06
-6.87226e-06
-7.06528e-06
-7.23101e-06
-7.36602e-06
-7.4659e-06
-7.529e-06
-7.55463e-06
-7.54391e-06
-7.50024e-06
-7.42712e-06
-7.32348e-06
-7.25754e-06
-7.26075e-06
-4.00983e-06
-4.29177e-06
-4.56468e-06
-4.82606e-06
-5.07088e-06
-5.2948e-06
-5.49306e-06
-5.66164e-06
-5.79553e-06
-5.89221e-06
-5.9502e-06
-5.96996e-06
-5.95422e-06
-5.90559e-06
-5.82254e-06
-5.76973e-06
-5.7732e-06
-2.06337e-06
-2.36631e-06
-2.66963e-06
-2.96487e-06
-3.24651e-06
-3.50829e-06
-3.7442e-06
-3.94912e-06
-4.11722e-06
-4.24502e-06
-4.33091e-06
-4.37539e-06
-4.38128e-06
-4.35136e-06
-4.28478e-06
-4.24012e-06
-4.24344e-06
-7.8589e-08
-4.21905e-07
-7.66165e-07
-1.10681e-06
-1.43533e-06
-1.74288e-06
-2.02131e-06
-2.26394e-06
-2.46368e-06
-2.61676e-06
-2.72225e-06
-2.78197e-06
-2.79998e-06
-2.77964e-06
-2.72028e-06
-2.68055e-06
-2.68353e-06
1.88115e-06
1.49463e-06
1.09858e-06
7.01709e-07
3.17267e-07
-4.21144e-08
-3.65237e-07
-6.42586e-07
-8.66548e-07
-1.03417e-06
-1.14662e-06
-1.20768e-06
-1.22412e-06
-1.20144e-06
-1.1401e-06
-1.09789e-06
-1.09915e-06
3.77351e-06
3.33941e-06
2.8834e-06
2.42382e-06
1.9789e-06
1.56675e-06
1.20226e-06
8.98916e-07
6.62784e-07
4.95864e-07
3.93404e-07
3.47041e-07
3.46554e-07
3.84744e-07
4.60813e-07
5.09488e-07
5.06625e-07
5.5546e-06
5.06464e-06
4.54632e-06
4.0264e-06
3.52645e-06
3.07009e-06
2.67672e-06
2.36241e-06
2.13123e-06
1.98268e-06
1.90795e-06
1.89278e-06
1.92274e-06
1.98903e-06
2.08951e-06
2.15256e-06
2.14208e-06
7.19795e-06
6.64776e-06
6.07629e-06
5.50866e-06
4.96998e-06
4.48794e-06
4.08547e-06
3.78031e-06
3.57388e-06
3.46103e-06
3.42922e-06
3.45759e-06
3.52989e-06
3.63556e-06
3.77263e-06
3.85388e-06
3.83442e-06
8.68586e-06
8.09208e-06
7.48511e-06
6.8936e-06
6.34204e-06
5.85969e-06
5.47169e-06
5.19848e-06
5.03773e-06
4.97622e-06
4.99646e-06
5.07733e-06
5.20193e-06
5.35716e-06
5.53947e-06
5.64756e-06
5.61949e-06
1.00587e-05
9.44155e-06
8.82175e-06
8.23277e-06
7.69461e-06
7.23956e-06
6.8956e-06
6.67744e-06
6.57967e-06
6.57892e-06
6.6584e-06
6.8001e-06
6.98598e-06
7.20052e-06
7.43913e-06
7.57705e-06
7.53982e-06
1.13767e-05
1.07483e-05
1.01365e-05
9.57001e-06
9.07073e-06
8.67657e-06
8.4075e-06
8.26637e-06
8.24659e-06
8.31836e-06
8.468e-06
8.68066e-06
8.93803e-06
9.22058e-06
9.52045e-06
9.69547e-06
9.6518e-06
1.26476e-05
1.20215e-05
1.14354e-05
1.09142e-05
1.04945e-05
1.01994e-05
1.00439e-05
1.00151e-05
1.00956e-05
1.02591e-05
1.04944e-05
1.079e-05
1.11272e-05
1.14835e-05
1.185e-05
1.20614e-05
1.20136e-05
1.37838e-05
1.31701e-05
1.2655e-05
1.22374e-05
1.19478e-05
1.18454e-05
1.18643e-05
1.19958e-05
1.22053e-05
1.24834e-05
1.28227e-05
1.32103e-05
1.36303e-05
1.40584e-05
1.44858e-05
1.47339e-05
1.46807e-05
1.46572e-05
1.41517e-05
1.37914e-05
1.35636e-05
1.3577e-05
1.37574e-05
1.40083e-05
1.43212e-05
1.46813e-05
1.50906e-05
1.55348e-05
1.60147e-05
1.65127e-05
1.70047e-05
1.74827e-05
1.77569e-05
1.77163e-05
1.56468e-05
1.53849e-05
1.52689e-05
1.53946e-05
-1.7154e-05
-1.73949e-05
-1.75857e-05
-1.77303e-05
-1.783e-05
-1.78833e-05
-1.78879e-05
-1.78405e-05
-1.77406e-05
-1.75902e-05
-1.73938e-05
-1.71591e-05
-1.68982e-05
-1.66286e-05
-1.63778e-05
-1.62169e-05
-1.61705e-05
-1.69171e-05
-1.71595e-05
-1.73543e-05
-1.75033e-05
-1.76064e-05
-1.76628e-05
-1.76701e-05
-1.76261e-05
-1.75302e-05
-1.73838e-05
-1.71914e-05
-1.69604e-05
-1.6702e-05
-1.64317e-05
-1.61707e-05
-1.6002e-05
-1.59703e-05
-1.64431e-05
-1.66926e-05
-1.68941e-05
-1.70497e-05
-1.71595e-05
-1.72225e-05
-1.72365e-05
-1.72e-05
-1.71122e-05
-1.69743e-05
-1.67902e-05
-1.65671e-05
-1.63153e-05
-1.60482e-05
-1.57826e-05
-1.56172e-05
-1.56157e-05
-1.57209e-05
-1.59796e-05
-1.61899e-05
-1.63549e-05
-1.6475e-05
-1.65487e-05
-1.65742e-05
-1.65499e-05
-1.64751e-05
-1.63508e-05
-1.61808e-05
-1.59715e-05
-1.57325e-05
-1.54764e-05
-1.52195e-05
-1.50686e-05
-1.50764e-05
-1.47854e-05
-1.50521e-05
-1.52715e-05
-1.54474e-05
-1.55795e-05
-1.56666e-05
-1.57067e-05
-1.56981e-05
-1.564e-05
-1.55333e-05
-1.53815e-05
-1.51905e-05
-1.49694e-05
-1.47301e-05
-1.44888e-05
-1.43521e-05
-1.43603e-05
-1.36567e-05
-1.39299e-05
-1.41584e-05
-1.43454e-05
-1.44906e-05
-1.45928e-05
-1.46499e-05
-1.466e-05
-1.46221e-05
-1.4537e-05
-1.44075e-05
-1.42391e-05
-1.40401e-05
-1.38219e-05
-1.36001e-05
-1.34758e-05
-1.3483e-05
-1.2361e-05
-1.26371e-05
-1.28736e-05
-1.3071e-05
-1.32297e-05
-1.3348e-05
-1.34238e-05
-1.3455e-05
-1.34402e-05
-1.33798e-05
-1.32761e-05
-1.31339e-05
-1.29607e-05
-1.27668e-05
-1.25663e-05
-1.24542e-05
-1.24606e-05
-1.09164e-05
-1.11931e-05
-1.14347e-05
-1.16419e-05
-1.18142e-05
-1.19497e-05
-1.20459e-05
-1.21004e-05
-1.21114e-05
-1.20789e-05
-1.20045e-05
-1.1892e-05
-1.17476e-05
-1.15806e-05
-1.14037e-05
-1.13047e-05
-1.13095e-05
-9.3406e-06
-9.6177e-06
-9.86408e-06
-1.0081e-05
-1.02677e-05
-1.04215e-05
-1.05397e-05
-1.06195e-05
-1.06588e-05
-1.06567e-05
-1.0614e-05
-1.05335e-05
-1.04202e-05
-1.02818e-05
-1.01294e-05
-1.00436e-05
-1.00479e-05
-7.6446e-06
-7.92318e-06
-8.17638e-06
-8.4053e-06
-8.60819e-06
-8.78262e-06
-8.92529e-06
-9.03304e-06
-9.10315e-06
-9.1341e-06
-9.12558e-06
-9.07903e-06
-8.99818e-06
-8.88911e-06
-8.76188e-06
-8.69008e-06
-8.69332e-06
-5.85063e-06
-6.13158e-06
-6.39602e-06
-6.64063e-06
-6.86357e-06
-7.06204e-06
-7.23222e-06
-7.37053e-06
-7.47371e-06
-7.53932e-06
-7.56586e-06
-7.55336e-06
-7.50428e-06
-7.4237e-06
-7.32032e-06
-7.26156e-06
-7.26523e-06
-3.96991e-06
-4.26173e-06
-4.54289e-06
-4.80913e-06
-5.05812e-06
-5.28599e-06
-5.48811e-06
-5.66032e-06
-5.79867e-06
-5.89963e-06
-5.96043e-06
-5.9801e-06
-5.96022e-06
-5.90513e-06
-5.82291e-06
-5.77616e-06
-5.77977e-06
-2.02895e-06
-2.34408e-06
-2.6509e-06
-2.94779e-06
-3.23078e-06
-3.49471e-06
-3.73346e-06
-3.94222e-06
-4.11605e-06
-4.24991e-06
-4.34049e-06
-4.38659e-06
-4.38969e-06
-4.35392e-06
-4.28702e-06
-4.24819e-06
-4.25194e-06
-6.04402e-08
-4.06959e-07
-7.51177e-07
-1.08987e-06
-1.41665e-06
-1.72406e-06
-2.00419e-06
-2.25083e-06
-2.45744e-06
-2.61817e-06
-2.72999e-06
-2.79291e-06
-2.80976e-06
-2.78442e-06
-2.72565e-06
-2.69123e-06
-2.6942e-06
1.8863e-06
1.50208e-06
1.10877e-06
7.17369e-07
3.37634e-07
-1.87889e-08
-3.42156e-07
-6.23876e-07
-8.55446e-07
-1.03109e-06
-1.15086e-06
-1.2179e-06
-1.23439e-06
-1.20733e-06
-1.14651e-06
-1.11062e-06
-1.1129e-06
3.77736e-06
3.34095e-06
2.89064e-06
2.4393e-06
2.00162e-06
1.59489e-06
1.23128e-06
9.22986e-07
6.79277e-07
5.03874e-07
3.90755e-07
3.37286e-07
3.36681e-07
3.78656e-07
4.52508e-07
4.94613e-07
4.91741e-07
5.55941e-06
5.06388e-06
4.55368e-06
4.04203e-06
3.55088e-06
3.10046e-06
2.70775e-06
2.38821e-06
2.15021e-06
1.98967e-06
1.90342e-06
1.88161e-06
1.91178e-06
1.98248e-06
2.08172e-06
2.13679e-06
2.12542e-06
7.20671e-06
6.65557e-06
6.0903e-06
5.52931e-06
4.99715e-06
4.5185e-06
4.11507e-06
3.80202e-06
3.58569e-06
3.4602e-06
3.4178e-06
3.44087e-06
3.51509e-06
3.62775e-06
3.76364e-06
3.83702e-06
3.8166e-06
8.71655e-06
8.12251e-06
7.51762e-06
6.92618e-06
6.37555e-06
5.88951e-06
5.49441e-06
5.20758e-06
5.03224e-06
4.95926e-06
4.97034e-06
5.04933e-06
5.18001e-06
5.3471e-06
5.5314e-06
5.63036e-06
5.5998e-06
1.01412e-05
9.51868e-06
8.8948e-06
8.29875e-06
7.74937e-06
7.27663e-06
6.91396e-06
6.67305e-06
6.55545e-06
6.54067e-06
6.61348e-06
6.75778e-06
6.95593e-06
7.18818e-06
7.43016e-06
7.55946e-06
7.51944e-06
1.15468e-05
1.09096e-05
1.02875e-05
9.70564e-06
9.17702e-06
8.74846e-06
8.43747e-06
8.26292e-06
8.21196e-06
8.26294e-06
8.40558e-06
8.62572e-06
8.90135e-06
9.20693e-06
9.51348e-06
9.67794e-06
9.62899e-06
1.29563e-05
1.23166e-05
1.17152e-05
1.11644e-05
1.0698e-05
1.03386e-05
1.01217e-05
1.00317e-05
1.00592e-05
1.01901e-05
1.04205e-05
1.07272e-05
1.10858e-05
1.14686e-05
1.18417e-05
1.20432e-05
1.19928e-05
1.42549e-05
1.36287e-05
1.30829e-05
1.26159e-05
1.22797e-05
1.2064e-05
1.19785e-05
1.20235e-05
1.21694e-05
1.24123e-05
1.27376e-05
1.31389e-05
1.35871e-05
1.40458e-05
1.44828e-05
1.47189e-05
1.46635e-05
1.52858e-05
1.47321e-05
1.43087e-05
1.40219e-05
1.39056e-05
1.39214e-05
1.4072e-05
1.43258e-05
1.46306e-05
1.50075e-05
1.54539e-05
1.59529e-05
1.64778e-05
1.70003e-05
1.74841e-05
1.77434e-05
1.7694e-05
1.6373e-05
1.59726e-05
1.57574e-05
1.57179e-05
1.58606e-05
1.62025e-05
-1.696e-05
-1.72386e-05
-1.74705e-05
-1.76542e-05
-1.77864e-05
-1.78655e-05
-1.78889e-05
-1.78545e-05
-1.77627e-05
-1.76161e-05
-1.74196e-05
-1.71816e-05
-1.69149e-05
-1.6639e-05
-1.63848e-05
-1.62243e-05
-1.61783e-05
-1.67318e-05
-1.70094e-05
-1.72436e-05
-1.74301e-05
-1.7565e-05
-1.76459e-05
-1.76713e-05
-1.76398e-05
-1.75514e-05
-1.74085e-05
-1.72158e-05
-1.69814e-05
-1.67171e-05
-1.64406e-05
-1.61768e-05
-1.60085e-05
-1.59764e-05
-1.62674e-05
-1.6549e-05
-1.67887e-05
-1.69804e-05
-1.71209e-05
-1.72075e-05
-1.72387e-05
-1.72138e-05
-1.71329e-05
-1.69979e-05
-1.68132e-05
-1.65866e-05
-1.63287e-05
-1.60553e-05
-1.5787e-05
-1.56229e-05
-1.56221e-05
-1.55562e-05
-1.58453e-05
-1.60923e-05
-1.62918e-05
-1.64408e-05
-1.65369e-05
-1.65783e-05
-1.65646e-05
-1.6496e-05
-1.6374e-05
-1.6203e-05
-1.59899e-05
-1.57447e-05
-1.54823e-05
-1.52234e-05
-1.50747e-05
-1.50836e-05
-1.46319e-05
-1.49272e-05
-1.51814e-05
-1.53897e-05
-1.55489e-05
-1.56566e-05
-1.57114e-05
-1.57124e-05
-1.56599e-05
-1.55553e-05
-1.54024e-05
-1.52076e-05
-1.49806e-05
-1.47353e-05
-1.44921e-05
-1.43579e-05
-1.43668e-05
-1.3517e-05
-1.38165e-05
-1.40773e-05
-1.42942e-05
-1.44642e-05
-1.45853e-05
-1.46556e-05
-1.46743e-05
-1.46414e-05
-1.4558e-05
-1.44274e-05
-1.42555e-05
-1.4051e-05
-1.38273e-05
-1.36041e-05
-1.34817e-05
-1.34898e-05
-1.22323e-05
-1.2534e-05
-1.27998e-05
-1.30245e-05
-1.32056e-05
-1.33408e-05
-1.34284e-05
-1.34673e-05
-1.34569e-05
-1.33982e-05
-1.32937e-05
-1.31485e-05
-1.29705e-05
-1.27716e-05
-1.25696e-05
-1.24595e-05
-1.24668e-05
-1.07989e-05
-1.11011e-05
-1.13694e-05
-1.16008e-05
-1.17928e-05
-1.19431e-05
-1.20496e-05
-1.21109e-05
-1.2126e-05
-1.20952e-05
-1.20203e-05
-1.19052e-05
-1.17567e-05
-1.15854e-05
-1.14079e-05
-1.13105e-05
-1.13163e-05
-9.23388e-06
-9.53432e-06
-9.8045e-06
-1.00426e-05
-1.02462e-05
-1.04126e-05
-1.05399e-05
-1.06259e-05
-1.06693e-05
-1.06693e-05
-1.06268e-05
-1.05445e-05
-1.0428e-05
-1.02861e-05
-1.01329e-05
-1.00491e-05
-1.00543e-05
-7.55237e-06
-7.84996e-06
-8.12383e-06
-8.37027e-06
-8.58728e-06
-8.77228e-06
-8.92281e-06
-9.03631e-06
-9.11059e-06
-9.14411e-06
-9.1365e-06
-9.08907e-06
-9.00563e-06
-8.89404e-06
-8.76705e-06
-8.6967e-06
-8.70087e-06
-5.76917e-06
-6.06788e-06
-6.34896e-06
-6.60731e-06
-6.84128e-06
-7.0483e-06
-7.22538e-06
-7.36924e-06
-7.4769e-06
-7.54579e-06
-7.57415e-06
-7.56185e-06
-7.51144e-06
-7.42907e-06
-7.32552e-06
-7.2685e-06
-7.27317e-06
-3.90132e-06
-4.21086e-06
-4.50428e-06
-4.78045e-06
-5.0371e-06
-5.2713e-06
-5.47902e-06
-5.65623e-06
-5.79909e-06
-5.9039e-06
-5.96755e-06
-5.98861e-06
-5.9684e-06
-5.91245e-06
-5.83115e-06
-5.78564e-06
-5.7902e-06
-1.97866e-06
-2.30533e-06
-2.6207e-06
-2.92331e-06
-3.21029e-06
-3.47783e-06
-3.72036e-06
-3.93312e-06
-4.11128e-06
-4.24988e-06
-4.34481e-06
-4.394e-06
-4.39841e-06
-4.36265e-06
-4.29624e-06
-4.25952e-06
-4.26489e-06
-3.33287e-08
-3.85824e-07
-7.33622e-07
-1.07287e-06
-1.39913e-06
-1.70621e-06
-1.98718e-06
-2.23606e-06
-2.44679e-06
-2.61345e-06
-2.7318e-06
-2.80001e-06
-2.81995e-06
-2.79608e-06
-2.73891e-06
-2.70606e-06
-2.71007e-06
1.8958e-06
1.50602e-06
1.11448e-06
7.28342e-07
3.54919e-07
3.73803e-09
-3.16705e-07
-5.9873e-07
-8.34786e-07
-1.01864e-06
-1.14721e-06
-1.22309e-06
-1.24577e-06
-1.22138e-06
-1.16191e-06
-1.12845e-06
-1.13129e-06
3.76909e-06
3.32785e-06
2.8848e-06
2.44455e-06
2.0198e-06
1.62337e-06
1.26631e-06
9.58676e-07
7.09147e-07
5.22995e-07
3.96607e-07
3.30607e-07
3.21473e-07
3.60077e-07
4.31693e-07
4.72552e-07
4.67644e-07
5.54065e-06
5.04454e-06
4.54548e-06
4.04916e-06
3.57488e-06
3.13761e-06
2.75246e-06
2.43209e-06
2.18513e-06
2.01037e-06
1.90581e-06
1.86922e-06
1.89082e-06
1.9594e-06
2.05855e-06
2.11185e-06
2.09939e-06
7.19336e-06
6.64449e-06
6.09133e-06
5.54573e-06
5.02973e-06
4.56169e-06
4.16237e-06
3.84361e-06
3.61391e-06
3.46886e-06
3.4066e-06
3.41598e-06
3.48515e-06
3.59853e-06
3.73555e-06
3.80889e-06
3.7866e-06
8.74036e-06
8.14749e-06
7.551e-06
6.96942e-06
6.42589e-06
5.94184e-06
5.54255e-06
5.2415e-06
5.04494e-06
4.94794e-06
4.94124e-06
5.01128e-06
5.14242e-06
5.31448e-06
5.50329e-06
5.60163e-06
5.56867e-06
1.02384e-05
9.61553e-06
8.99269e-06
8.39476e-06
7.83858e-06
7.35625e-06
6.97252e-06
6.70474e-06
6.55518e-06
6.51354e-06
6.57005e-06
6.71114e-06
6.91433e-06
7.15434e-06
7.3997e-06
7.52883e-06
7.48769e-06
1.17776e-05
1.11393e-05
1.05099e-05
9.91276e-06
9.36329e-06
8.90448e-06
8.55211e-06
8.33034e-06
8.22827e-06
8.2414e-06
8.36795e-06
8.58379e-06
8.86277e-06
9.17466e-06
9.48415e-06
9.646e-06
9.59474e-06
1.33941e-05
1.27502e-05
1.21324e-05
1.15533e-05
1.10447e-05
1.06293e-05
1.03367e-05
1.01656e-05
1.01165e-05
1.01973e-05
1.03904e-05
1.0686e-05
1.10491e-05
1.14349e-05
1.18062e-05
1.20053e-05
1.1954e-05
1.49562e-05
1.43132e-05
1.37318e-05
1.3211e-05
1.27888e-05
1.24732e-05
1.22879e-05
1.21977e-05
1.22458e-05
1.24037e-05
1.27079e-05
1.30975e-05
1.35427e-05
1.40032e-05
1.44388e-05
1.46753e-05
1.4619e-05
1.62151e-05
1.56104e-05
1.51137e-05
1.47226e-05
1.44599e-05
1.43157e-05
1.4294e-05
1.43935e-05
1.45913e-05
1.49285e-05
1.53741e-05
1.58705e-05
1.6406e-05
1.69438e-05
1.74381e-05
1.76987e-05
1.76395e-05
1.74156e-05
1.69295e-05
1.65853e-05
1.63844e-05
1.6316e-05
1.63971e-05
1.66028e-05
1.69322e-05
1.73556e-05
-1.67613e-05
-1.70707e-05
-1.73378e-05
-1.75565e-05
-1.77191e-05
-1.78225e-05
-1.78647e-05
-1.7845e-05
-1.77634e-05
-1.7623e-05
-1.74295e-05
-1.71921e-05
-1.69247e-05
-1.66478e-05
-1.6393e-05
-1.62327e-05
-1.61891e-05
-1.65385e-05
-1.68459e-05
-1.71142e-05
-1.73341e-05
-1.74984e-05
-1.76031e-05
-1.76473e-05
-1.76298e-05
-1.75508e-05
-1.74138e-05
-1.7224e-05
-1.69901e-05
-1.67252e-05
-1.64478e-05
-1.61833e-05
-1.60148e-05
-1.59832e-05
-1.6083e-05
-1.63931e-05
-1.66649e-05
-1.68887e-05
-1.70575e-05
-1.71672e-05
-1.72163e-05
-1.72042e-05
-1.71321e-05
-1.70027e-05
-1.68207e-05
-1.65945e-05
-1.63359e-05
-1.60616e-05
-1.57927e-05
-1.56284e-05
-1.56288e-05
-1.53829e-05
-1.56987e-05
-1.59761e-05
-1.6206e-05
-1.63819e-05
-1.64997e-05
-1.65577e-05
-1.6556e-05
-1.64955e-05
-1.63787e-05
-1.62099e-05
-1.5997e-05
-1.5751e-05
-1.54877e-05
-1.52281e-05
-1.50793e-05
-1.50897e-05
-1.44696e-05
-1.47905e-05
-1.50735e-05
-1.53102e-05
-1.54945e-05
-1.56224e-05
-1.56924e-05
-1.57044e-05
-1.56594e-05
-1.55594e-05
-1.54087e-05
-1.52141e-05
-1.49862e-05
-1.474e-05
-1.44965e-05
-1.43626e-05
-1.43725e-05
-1.33677e-05
-1.36913e-05
-1.39789e-05
-1.42222e-05
-1.44153e-05
-1.45546e-05
-1.46387e-05
-1.46674e-05
-1.46411e-05
-1.45617e-05
-1.4433e-05
-1.42612e-05
-1.4056e-05
-1.38314e-05
-1.36077e-05
-1.34857e-05
-1.34972e-05
-1.20947e-05
-1.24195e-05
-1.27097e-05
-1.29585e-05
-1.31604e-05
-1.33121e-05
-1.34121e-05
-1.34598e-05
-1.34555e-05
-1.34007e-05
-1.32981e-05
-1.31533e-05
-1.29746e-05
-1.27752e-05
-1.25733e-05
-1.24641e-05
-1.24753e-05
-1.06734e-05
-1.0997e-05
-1.12884e-05
-1.15415e-05
-1.1752e-05
-1.19169e-05
-1.20343e-05
-1.21035e-05
-1.21241e-05
-1.20969e-05
-1.20238e-05
-1.19092e-05
-1.17603e-05
-1.15886e-05
-1.1411e-05
-1.13143e-05
-1.13259e-05
-9.11743e-06
-9.43908e-06
-9.73061e-06
-9.98788e-06
-1.02076e-05
-1.03868e-05
-1.05237e-05
-1.06169e-05
-1.06655e-05
-1.06692e-05
-1.0629e-05
-1.05476e-05
-1.0431e-05
-1.0289e-05
-1.01363e-05
-1.00538e-05
-1.00635e-05
-7.44844e-06
-7.7664e-06
-8.05888e-06
-8.32183e-06
-8.55262e-06
-8.74851e-06
-8.90744e-06
-9.02748e-06
-9.10678e-06
-9.14391e-06
-9.13858e-06
-9.0922e-06
-9.00897e-06
-8.89745e-06
-8.77067e-06
-8.70103e-06
-8.71031e-06
-5.67653e-06
-5.99446e-06
-6.29139e-06
-6.56376e-06
-6.80928e-06
-7.02554e-06
-7.21007e-06
-7.35999e-06
-7.47247e-06
-7.54498e-06
-7.57583e-06
-7.56498e-06
-7.51517e-06
-7.43308e-06
-7.3303e-06
-7.27438e-06
-7.28272e-06
-3.82649e-06
-4.15099e-06
-4.45817e-06
-4.74573e-06
-5.01149e-06
-5.253e-06
-5.4668e-06
-5.64911e-06
-5.79612e-06
-5.9042e-06
-5.97027e-06
-5.99293e-06
-5.97366e-06
-5.9183e-06
-5.83748e-06
-5.79233e-06
-5.80072e-06
-1.92062e-06
-2.26012e-06
-2.58634e-06
-2.89729e-06
-3.19068e-06
-3.4631e-06
-3.7099e-06
-3.92639e-06
-4.10777e-06
-4.24955e-06
-4.34734e-06
-4.39883e-06
-4.40496e-06
-4.37031e-06
-4.3049e-06
-4.26921e-06
-4.27756e-06
3.16471e-09
-3.61241e-07
-7.16497e-07
-1.06025e-06
-1.38902e-06
-1.69744e-06
-1.97968e-06
-2.23006e-06
-2.4429e-06
-2.61267e-06
-2.73459e-06
-2.80611e-06
-2.82879e-06
-2.80678e-06
-2.74997e-06
-2.71811e-06
-2.72527e-06
1.91244e-06
1.51144e-06
1.11625e-06
7.30212e-07
3.59221e-07
1.0917e-08
-3.07406e-07
-5.88739e-07
-8.26532e-07
-1.01475e-06
-1.14893e-06
-1.2298e-06
-1.25703e-06
-1.23554e-06
-1.17745e-06
-1.1446e-06
-1.1486e-06
3.76442e-06
3.31556e-06
2.87211e-06
2.43666e-06
2.01962e-06
1.63029e-06
1.27841e-06
9.72582e-07
7.206e-07
5.28217e-07
3.94008e-07
3.20181e-07
3.05064e-07
3.40998e-07
4.12495e-07
4.53571e-07
4.46718e-07
5.52789e-06
5.02645e-06
4.52969e-06
4.04272e-06
3.57877e-06
3.1506e-06
2.7709e-06
2.45058e-06
2.1984e-06
2.01396e-06
1.8987e-06
1.85223e-06
1.86821e-06
1.93536e-06
2.03509e-06
2.089e-06
2.07763e-06
7.19034e-06
6.63671e-06
6.08836e-06
5.55208e-06
5.04587e-06
4.58497e-06
4.18692e-06
3.8642e-06
3.62326e-06
3.46517e-06
3.38997e-06
3.39091e-06
3.45622e-06
3.57037e-06
3.71024e-06
3.78541e-06
3.76588e-06
8.77453e-06
8.17948e-06
7.58757e-06
7.01183e-06
6.47242e-06
5.98873e-06
5.58177e-06
5.26871e-06
5.05378e-06
4.94039e-06
4.91994e-06
4.98408e-06
5.113e-06
5.28693e-06
5.47772e-06
5.57717e-06
5.54925e-06
1.03451e-05
9.72322e-06
9.10357e-06
8.5046e-06
7.94456e-06
7.45069e-06
7.05002e-06
6.758e-06
6.58297e-06
6.52054e-06
6.56394e-06
6.69629e-06
6.89579e-06
7.13271e-06
7.37743e-06
7.50553e-06
7.46849e-06
1.20035e-05
1.13768e-05
1.07485e-05
1.01434e-05
9.57965e-06
9.09532e-06
8.7135e-06
8.45363e-06
8.31817e-06
8.30588e-06
8.40804e-06
8.59969e-06
8.86523e-06
9.16359e-06
9.46179e-06
9.6186e-06
9.57131e-06
1.37916e-05
1.31816e-05
1.25535e-05
1.19598e-05
1.14188e-05
1.0967e-05
1.06214e-05
1.0399e-05
1.03039e-05
1.03371e-05
1.04867e-05
1.07458e-05
1.1065e-05
1.14228e-05
1.17745e-05
1.19694e-05
1.19221e-05
1.5583e-05
1.49555e-05
1.43509e-05
1.37958e-05
1.33184e-05
1.2934e-05
1.26622e-05
1.25023e-05
1.24755e-05
1.25771e-05
1.28038e-05
1.31265e-05
1.35367e-05
1.39699e-05
1.43963e-05
1.46268e-05
1.45696e-05
1.70415e-05
1.63991e-05
1.58579e-05
1.53926e-05
1.50341e-05
1.47795e-05
1.46399e-05
1.46121e-05
1.47151e-05
1.495e-05
1.53099e-05
1.57779e-05
1.63246e-05
1.68681e-05
1.73738e-05
1.76465e-05
1.75701e-05
1.83682e-05
1.78231e-05
1.73844e-05
1.7071e-05
1.68794e-05
1.68017e-05
1.68404e-05
1.70086e-05
1.72839e-05
1.76967e-05
1.82442e-05
-1.66285e-05
-1.69564e-05
-1.72459e-05
-1.74867e-05
-1.76689e-05
-1.77874e-05
-1.78421e-05
-1.78317e-05
-1.7757e-05
-1.76214e-05
-1.74312e-05
-1.71959e-05
-1.69296e-05
-1.66535e-05
-1.63992e-05
-1.6239e-05
-1.62025e-05
-1.64053e-05
-1.67313e-05
-1.70211e-05
-1.72625e-05
-1.74457e-05
-1.75661e-05
-1.76221e-05
-1.76136e-05
-1.75414e-05
-1.74092e-05
-1.72228e-05
-1.69911e-05
-1.67277e-05
-1.64515e-05
-1.61874e-05
-1.60199e-05
-1.59921e-05
-1.59551e-05
-1.62837e-05
-1.65759e-05
-1.68202e-05
-1.7007e-05
-1.71316e-05
-1.7192e-05
-1.71888e-05
-1.7123e-05
-1.69981e-05
-1.68193e-05
-1.65951e-05
-1.63379e-05
-1.60648e-05
-1.57964e-05
-1.56319e-05
-1.56353e-05
-1.52616e-05
-1.55945e-05
-1.58914e-05
-1.61408e-05
-1.63338e-05
-1.64656e-05
-1.65345e-05
-1.65409e-05
-1.64863e-05
-1.63737e-05
-1.62079e-05
-1.59968e-05
-1.57522e-05
-1.549e-05
-1.52299e-05
-1.50812e-05
-1.50943e-05
-1.43562e-05
-1.46943e-05
-1.49955e-05
-1.52503e-05
-1.54504e-05
-1.55914e-05
-1.56716e-05
-1.5691e-05
-1.56513e-05
-1.55551e-05
-1.5407e-05
-1.52141e-05
-1.49874e-05
-1.47423e-05
-1.44992e-05
-1.43643e-05
-1.43768e-05
-1.32621e-05
-1.36018e-05
-1.39065e-05
-1.41664e-05
-1.43741e-05
-1.45254e-05
-1.46188e-05
-1.46542e-05
-1.46328e-05
-1.4557e-05
-1.44308e-05
-1.42605e-05
-1.40564e-05
-1.38328e-05
-1.36084e-05
-1.34862e-05
-1.34976e-05
-1.19976e-05
-1.23382e-05
-1.26441e-05
-1.2908e-05
-1.31231e-05
-1.32856e-05
-1.33939e-05
-1.34478e-05
-1.3448e-05
-1.33963e-05
-1.32961e-05
-1.31527e-05
-1.29751e-05
-1.27766e-05
-1.25752e-05
-1.24646e-05
-1.24744e-05
-1.05842e-05
-1.0922e-05
-1.1228e-05
-1.1495e-05
-1.17173e-05
-1.18917e-05
-1.20166e-05
-1.20913e-05
-1.2116e-05
-1.20919e-05
-1.2021e-05
-1.19078e-05
-1.176e-05
-1.15892e-05
-1.14106e-05
-1.13138e-05
-1.13222e-05
-9.0359e-06
-9.37153e-06
-9.67627e-06
-9.94615e-06
-1.01763e-05
-1.0364e-05
-1.05075e-05
-1.06057e-05
-1.06582e-05
-1.06647e-05
-1.06266e-05
-1.05467e-05
-1.04311e-05
-1.02899e-05
-1.01377e-05
-1.00539e-05
-1.00607e-05
-7.37466e-06
-7.70501e-06
-8.01014e-06
-8.28441e-06
-8.52441e-06
-8.72766e-06
-8.89235e-06
-9.01688e-06
-9.09967e-06
-9.13944e-06
-9.136e-06
-9.091e-06
-9.00895e-06
-8.89801e-06
-8.77005e-06
-8.70064e-06
-8.70697e-06
-5.61039e-06
-5.9419e-06
-6.24993e-06
-6.53211e-06
-6.78567e-06
-7.0083e-06
-7.19783e-06
-7.35171e-06
-7.46727e-06
-7.54211e-06
-7.57467e-06
-7.56503e-06
-7.51611e-06
-7.43463e-06
-7.33252e-06
-7.27573e-06
-7.2814e-06
-3.77177e-06
-4.10728e-06
-4.42487e-06
-4.72097e-06
-4.99351e-06
-5.24021e-06
-5.45801e-06
-5.64344e-06
-5.79285e-06
-5.90273e-06
-5.97009e-06
-5.99375e-06
-5.97548e-06
-5.92036e-06
-5.8383e-06
-5.79408e-06
-5.80077e-06
-1.87717e-06
-2.22876e-06
-2.56374e-06
-2.88163e-06
-3.18019e-06
-3.4563e-06
-3.70574e-06
-3.92425e-06
-4.10724e-06
-4.25019e-06
-4.34899e-06
-4.40144e-06
-4.40846e-06
-4.37463e-06
-4.31018e-06
-4.2735e-06
-4.2804e-06
3.09377e-08
-3.43522e-07
-7.06491e-07
-1.05528e-06
-1.38709e-06
-1.69703e-06
-1.9801e-06
-2.23105e-06
-2.44444e-06
-2.61489e-06
-2.73762e-06
-2.80999e-06
-2.83414e-06
-2.81303e-06
-2.75607e-06
-2.72367e-06
-2.72973e-06
1.92584e-06
1.51394e-06
1.11327e-06
7.24729e-07
3.53446e-07
5.95139e-09
-3.11386e-07
-5.92104e-07
-8.29934e-07
-1.01915e-06
-1.15436e-06
-1.23682e-06
-1.26555e-06
-1.24533e-06
-1.18827e-06
-1.15408e-06
-1.16012e-06
3.76338e-06
3.30596e-06
2.85861e-06
2.42347e-06
2.00849e-06
1.62195e-06
1.27238e-06
9.677e-07
7.1535e-07
5.2119e-07
3.85076e-07
3.08694e-07
2.92235e-07
3.28195e-07
4.01343e-07
4.41597e-07
4.30532e-07
5.52241e-06
5.01267e-06
4.51442e-06
4.02949e-06
3.56889e-06
3.14375e-06
2.76603e-06
2.44537e-06
2.19098e-06
2.00396e-06
1.8843e-06
1.83565e-06
1.85046e-06
1.9182e-06
2.01821e-06
2.07351e-06
2.05204e-06
7.19272e-06
6.63518e-06
6.08591e-06
5.55237e-06
5.04807e-06
4.58868e-06
4.1903e-06
3.86368e-06
3.61772e-06
3.45333e-06
3.37331e-06
3.37123e-06
3.43645e-06
3.55249e-06
3.69548e-06
3.76968e-06
3.73772e-06
8.80809e-06
8.20927e-06
7.61817e-06
7.04386e-06
6.50424e-06
6.01751e-06
5.60551e-06
5.28358e-06
5.05939e-06
4.93543e-06
4.90974e-06
4.96869e-06
5.09754e-06
5.27073e-06
5.46072e-06
5.56104e-06
5.52099e-06
1.04353e-05
9.81499e-06
9.19815e-06
8.5978e-06
8.03285e-06
7.5325e-06
7.11946e-06
6.81453e-06
6.62418e-06
6.54886e-06
6.58163e-06
6.70569e-06
6.89657e-06
7.12741e-06
7.36842e-06
7.49227e-06
7.44517e-06
1.2164e-05
1.15627e-05
1.0935e-05
1.03258e-05
9.75281e-06
9.25729e-06
8.85809e-06
8.58059e-06
8.42656e-06
8.3968e-06
8.47955e-06
8.65558e-06
8.89674e-06
9.17156e-06
9.44746e-06
9.60158e-06
9.55412e-06
1.40606e-05
1.34713e-05
1.28429e-05
1.22419e-05
1.16902e-05
1.12184e-05
1.08538e-05
1.06108e-05
1.0495e-05
1.05016e-05
1.0623e-05
1.08401e-05
1.11212e-05
1.14312e-05
1.17694e-05
1.19466e-05
1.18967e-05
1.59386e-05
1.53054e-05
1.46983e-05
1.4128e-05
1.36341e-05
1.32224e-05
1.29223e-05
1.27405e-05
1.26828e-05
1.27371e-05
1.29169e-05
1.32038e-05
1.35475e-05
1.3954e-05
1.43487e-05
1.45924e-05
1.45249e-05
1.74505e-05
1.68095e-05
1.62425e-05
1.57467e-05
1.53495e-05
1.5054e-05
1.48654e-05
1.47882e-05
1.4834e-05
1.50038e-05
1.52961e-05
1.57171e-05
1.62303e-05
1.67607e-05
1.73e-05
1.76053e-05
1.7536e-05
1.89329e-05
1.83326e-05
1.78536e-05
1.74835e-05
1.72296e-05
1.70917e-05
1.70601e-05
1.71327e-05
1.73272e-05
1.76392e-05
1.8086e-05
1.86479e-05
1.935e-05
2.0034e-05
)
;

boundaryField
{
    frontAndBack
    {
        type            slip;
    }
    inlet
    {
        type            zeroGradient;
    }
    outlet
    {
        type            fixedValue;
        value           nonuniform List<scalar> 0();
    }
    lowerWall
    {
        type            zeroGradient;
    }
    upperWall
    {
        type            slip;
    }
    procBoundary2to1
    {
        type            processor;
        value           nonuniform List<scalar> 
124
(
-1.69914e-05
-1.67508e-05
-1.62603e-05
-1.55235e-05
-1.4574e-05
-1.3429e-05
-1.21241e-05
-1.06773e-05
-9.10139e-06
-7.39783e-06
-5.5927e-06
-3.70068e-06
-1.74333e-06
2.59251e-07
2.25121e-06
4.18479e-06
6.00919e-06
7.70114e-06
9.24045e-06
1.06606e-05
1.20123e-05
1.33134e-05
1.44482e-05
1.5277e-05
-1.68464e-05
-1.66085e-05
-1.61308e-05
-1.54026e-05
-1.44618e-05
-1.33291e-05
-1.2034e-05
-1.05919e-05
-9.02166e-06
-7.32909e-06
-5.53572e-06
-3.65049e-06
-1.70187e-06
2.88809e-07
2.2687e-06
4.19831e-06
6.02413e-06
7.72229e-06
9.2826e-06
1.07506e-05
1.21911e-05
1.36298e-05
1.49471e-05
1.59397e-05
1.68905e-05
-1.66233e-05
-1.63975e-05
-1.59307e-05
-1.52138e-05
-1.42847e-05
-1.31683e-05
-1.1885e-05
-1.04542e-05
-8.8934e-06
-7.21633e-06
-5.43619e-06
-3.56643e-06
-1.63375e-06
3.33196e-07
2.29196e-06
4.20434e-06
6.02266e-06
7.72589e-06
9.32033e-06
1.08574e-05
1.2423e-05
1.40563e-05
1.56409e-05
1.68967e-05
1.80123e-05
-1.64008e-05
-1.61817e-05
-1.57247e-05
-1.50208e-05
-1.41035e-05
-1.30004e-05
-1.17285e-05
-1.03112e-05
-8.76071e-06
-7.09663e-06
-5.32739e-06
-3.47509e-06
-1.55875e-06
3.85093e-07
2.32462e-06
4.21583e-06
6.02714e-06
7.73805e-06
9.3681e-06
1.09667e-05
1.26301e-05
1.44165e-05
1.62334e-05
1.77235e-05
1.90255e-05
-1.62574e-05
-1.60368e-05
-1.55855e-05
-1.48887e-05
-1.398e-05
-1.28848e-05
-1.16212e-05
-1.0212e-05
-8.66911e-06
-7.01265e-06
-5.2512e-06
-3.40978e-06
-1.50525e-06
4.23177e-07
2.34834e-06
4.22555e-06
6.03191e-06
7.75133e-06
9.40792e-06
1.10502e-05
1.27673e-05
1.46399e-05
1.65532e-05
1.81354e-05
1.95879e-05
)
;
    }
    procBoundary2to4
    {
        type            processor;
        value           uniform 1.61585e-05;
    }
    procBoundary2to5
    {
        type            processor;
        value           nonuniform List<scalar> 
100
(
1.57719e-05
1.61737e-05
1.66367e-05
1.7135e-05
1.76375e-05
1.81659e-05
1.87109e-05
1.92705e-05
1.98295e-05
2.03666e-05
2.0875e-05
2.11742e-05
2.11559e-05
1.77252e-05
1.76618e-05
1.78361e-05
1.57719e-05
1.82693e-05
1.57719e-05
1.61737e-05
1.66282e-05
1.70557e-05
1.75292e-05
1.80552e-05
1.86188e-05
1.92027e-05
1.97952e-05
2.03696e-05
2.08881e-05
2.11638e-05
2.11375e-05
1.83883e-05
1.82332e-05
1.82328e-05
1.84452e-05
1.88324e-05
1.66282e-05
1.935e-05
1.66282e-05
1.70557e-05
1.75292e-05
1.79006e-05
1.84496e-05
1.90585e-05
1.96951e-05
2.02992e-05
2.08379e-05
2.11251e-05
2.10896e-05
1.9467e-05
1.91808e-05
1.90218e-05
1.90084e-05
1.91576e-05
1.94324e-05
1.98084e-05
2.02973e-05
1.79006e-05
2.08813e-05
1.79006e-05
1.84496e-05
1.889e-05
1.95246e-05
2.01762e-05
2.07499e-05
2.10631e-05
2.10219e-05
2.04776e-05
2.00696e-05
1.9797e-05
1.96549e-05
1.96396e-05
1.9741e-05
1.9959e-05
2.02866e-05
2.0719e-05
2.1273e-05
1.889e-05
2.19188e-05
1.889e-05
1.95246e-05
2.01762e-05
2.07054e-05
2.10201e-05
2.09843e-05
2.10616e-05
2.061e-05
2.02774e-05
2.00699e-05
1.99821e-05
2.00069e-05
2.01375e-05
2.03686e-05
2.06966e-05
2.1155e-05
2.17152e-05
2.23637e-05
2.31129e-05
2.07054e-05
2.39092e-05
)
;
    }
}


// ************************************************************************* //
