/*--------------------------------*- C++ -*----------------------------------*\
  =========                 |
  \\      /  F ield         | OpenFOAM: The Open Source CFD Toolbox
   \\    /   O peration     | Website:  https://openfoam.org
    \\  /    A nd           | Version:  10
     \\/     M anipulation  |
\*---------------------------------------------------------------------------*/
FoamFile
{
    format      ascii;
    class       surfaceScalarField;
    location    "20";
    object      phi;
}
// * * * * * * * * * * * * * * * * * * * * * * * * * * * * * * * * * * * * * //

dimensions      [0 3 -1 0 0 0 0];

internalField   nonuniform List<scalar> 
5620
(
-200
-1.63439e-06
8.68194e-08
-200
-1.74802e-06
4.09683e-08
-200
-1.78837e-06
1.18993e-08
-200
-1.88599e-06
2.59538e-08
-200
-1.92545e-06
6.70246e-08
-200
-1.93538e-06
8.74025e-08
-200
-1.88402e-06
1.02733e-07
-200
-1.78806e-06
1.06873e-07
-200
-1.66031e-06
1.06359e-07
-200
-1.46396e-06
9.13398e-08
-200
-1.18633e-06
5.40102e-08
-200
-8.19004e-07
-8.99289e-09
-200
-3.53503e-07
-1.04646e-07
-200
2.08684e-07
-2.09599e-07
-200
8.52222e-07
-2.13047e-07
-200
3.03211e-06
-1.9411e-07
3.22885e-08
-2.21039e-10
-200
-3.43739e-06
8.91887e-10
-200
-3.613e-06
-4.06242e-08
-200
-3.70223e-06
-4.92497e-08
-200
-3.83168e-06
-1.79675e-08
-200
-3.86228e-06
3.13688e-08
-200
-3.83847e-06
5.36455e-08
-200
-3.71891e-06
8.09399e-08
-200
-3.45822e-06
8.40994e-08
-200
-3.12899e-06
7.87724e-08
-200
-2.66124e-06
5.99825e-08
-200
-2.03022e-06
2.13654e-08
-200
-1.21134e-06
-4.66389e-08
-200
-1.73831e-07
-1.53012e-07
-200
1.11183e-06
-2.72683e-07
-200
2.67934e-06
-2.74455e-07
-200
6.4245e-06
-2.33198e-07
-2.50099e-07
-1.19055e-08
-200
-5.16865e-06
-2.60429e-08
-200
-5.38576e-06
-5.91489e-08
-200
-5.60666e-06
-5.01772e-08
-200
-5.75278e-06
-8.90801e-10
-200
-5.78714e-06
4.78432e-08
-200
-5.73125e-06
8.30573e-08
-200
-5.55997e-06
1.09489e-07
-200
-5.15065e-06
1.15662e-07
-200
-4.58994e-06
1.01869e-07
-200
-3.83293e-06
7.48797e-08
-200
-2.8488e-06
3.16e-08
-200
-1.56907e-06
-4.1787e-08
-200
6.54975e-08
-1.55095e-07
-200
2.12945e-06
-2.80631e-07
-200
4.70592e-06
-2.86939e-07
-200
9.43696e-06
-1.8668e-07
-5.63036e-07
6.72464e-09
-200
-6.81877e-06
-4.36311e-08
-200
-7.11612e-06
-7.87455e-08
-200
-7.43181e-06
-6.55743e-08
-200
-7.62109e-06
-4.00282e-09
-200
-7.66118e-06
5.40994e-08
-200
-7.57079e-06
7.89102e-08
-200
-7.33641e-06
1.07981e-07
-200
-6.79283e-06
1.16623e-07
-200
-6.00441e-06
1.03905e-07
-200
-4.96465e-06
7.66851e-08
-200
-3.61919e-06
2.94389e-08
-200
-1.87435e-06
-4.83653e-08
-200
3.56615e-07
-1.65482e-07
-200
3.17411e-06
-3.06164e-07
-200
6.72661e-06
-2.90628e-07
-200
1.23431e-05
-1.26877e-07
-8.65027e-07
3.90513e-09
-200
-8.41857e-06
-5.89261e-08
-200
-8.82648e-06
-6.26423e-08
-200
-9.20154e-06
-4.3172e-08
-200
-9.44223e-06
4.84215e-09
-200
-9.47227e-06
5.15414e-08
-200
-9.35027e-06
8.56458e-08
-200
-9.0432e-06
1.0885e-07
-200
-8.35511e-06
1.15506e-07
-200
-7.35475e-06
1.04615e-07
-200
-6.04636e-06
8.13559e-08
-200
-4.34192e-06
3.58641e-08
-200
-2.14196e-06
-4.03375e-08
-200
6.64443e-07
-1.56373e-07
-200
4.20194e-06
-2.81541e-07
-200
8.66307e-06
-2.56659e-07
-200
1.52337e-05
-1.12066e-07
-1.16077e-06
3.67457e-09
-200
-9.98987e-06
-1.932e-08
-200
-1.04425e-05
-4.88482e-08
-200
-1.09155e-05
-4.98894e-08
-200
-1.11798e-05
-2.06287e-09
-200
-1.12034e-05
5.15293e-08
-200
-1.10394e-05
7.45324e-08
-200
-1.06561e-05
9.84289e-08
-200
-9.81629e-06
1.04236e-07
-200
-8.60925e-06
9.58614e-08
-200
-7.03621e-06
7.4328e-08
-200
-4.98958e-06
3.49152e-08
-200
-2.35731e-06
-3.1322e-08
-200
9.89539e-07
-1.33177e-07
-200
5.20697e-06
-2.59241e-07
-200
1.05019e-05
-2.32795e-07
-200
1.8137e-05
-1.13907e-07
-1.43492e-06
-5.60012e-09
-200
-1.15473e-05
-4.52268e-10
-200
-1.2027e-05
-2.9929e-08
-200
-1.2585e-05
-3.78901e-08
-200
-1.28595e-05
1.51436e-08
-200
-1.28678e-05
5.40633e-08
-200
-1.26589e-05
8.45682e-08
-200
-1.21926e-05
1.03599e-07
-200
-1.1193e-05
1.07605e-07
-200
-9.77917e-06
9.72764e-08
-200
-7.94459e-06
7.55261e-08
-200
-5.56525e-06
3.76115e-08
-200
-2.51597e-06
-2.593e-08
-200
1.34905e-06
-1.23984e-07
-200
6.20104e-06
-2.26624e-07
-200
1.2262e-05
-2.0676e-07
-200
2.09701e-05
-1.11285e-07
-1.67754e-06
1.73791e-09
-200
-1.30113e-05
-3.58411e-08
-200
-1.35656e-05
-6.32335e-08
-200
-1.4171e-05
-3.40403e-08
-200
-1.44528e-05
1.00204e-08
-200
-1.44397e-05
4.8304e-08
-200
-1.41758e-05
7.27615e-08
-200
-1.36214e-05
9.15086e-08
-200
-1.24557e-05
9.49408e-08
-200
-1.0838e-05
8.80106e-08
-200
-8.74702e-06
6.89969e-08
-200
-6.04591e-06
3.39486e-08
-200
-2.59665e-06
-2.35988e-08
-200
1.76015e-06
-1.10501e-07
-200
7.21653e-06
-2.19109e-07
-200
1.40169e-05
-1.95942e-07
-200
2.37154e-05
-9.99996e-08
-1.90007e-06
-6.19959e-09
-200
-1.44542e-05
-7.16766e-08
-200
-1.50757e-05
-5.17103e-08
-200
-1.57295e-05
5.52251e-10
-200
-1.59944e-05
2.32725e-08
-200
-1.59459e-05
5.48683e-08
-200
-1.56203e-05
8.01942e-08
-200
-1.49707e-05
9.71536e-08
-200
-1.36309e-05
9.89295e-08
-200
-1.18082e-05
9.10316e-08
-200
-9.46328e-06
7.28622e-08
-200
-6.4477e-06
3.91514e-08
-200
-2.61113e-06
-1.71574e-08
-200
2.2189e-06
-1.0283e-07
-200
8.2449e-06
-1.90048e-07
-200
1.57237e-05
-1.78559e-07
-200
2.6357e-05
-9.63567e-08
-2.08676e-06
2.07896e-09
-200
-1.58412e-05
-5.5317e-08
-200
-1.64998e-05
-2.4487e-08
-200
-1.71992e-05
-3.19746e-08
-200
-1.74357e-05
9.68438e-09
-200
-1.73451e-05
3.67257e-08
-200
-1.69515e-05
6.34488e-08
-200
-1.62023e-05
8.10008e-08
-200
-1.46837e-05
8.38479e-08
-200
-1.26603e-05
8.14838e-08
-200
-1.00665e-05
6.65479e-08
-200
-6.746e-06
3.63542e-08
-200
-2.53723e-06
-1.36564e-08
-200
2.74219e-06
-8.88958e-08
-200
9.31109e-06
-1.85092e-07
-200
1.74417e-05
-1.65497e-07
-200
2.89086e-05
-8.55419e-08
-2.24645e-06
-7.54391e-09
-200
-1.72178e-05
-3.87561e-08
-200
-1.78862e-05
-2.77732e-08
-200
-1.86348e-05
-7.00927e-09
-200
-1.88204e-05
2.30088e-08
-200
-1.86824e-05
5.06964e-08
-200
-1.82145e-05
7.58831e-08
-200
-1.73598e-05
9.2016e-08
-200
-1.56581e-05
9.45693e-08
-200
-1.34333e-05
9.23559e-08
-200
-1.05927e-05
7.80356e-08
-200
-6.97349e-06
4.84774e-08
-200
-2.40233e-06
-1.13182e-09
-200
3.31329e-06
-7.88152e-08
-200
1.03965e-05
-1.55191e-07
-200
1.91221e-05
-1.51343e-07
-200
3.13734e-05
-8.3172e-08
-2.36913e-06
1.33326e-09
-200
-1.85009e-05
-5.51355e-08
-200
-1.91913e-05
-8.14438e-08
-200
-1.99719e-05
-8.8931e-09
-200
-2.01053e-05
1.83253e-08
-200
-1.99143e-05
4.55736e-08
-200
-1.93672e-05
7.02806e-08
-200
-1.84048e-05
8.64126e-08
-200
-1.65215e-05
9.09402e-08
-200
-1.41001e-05
9.19011e-08
-200
-1.10204e-05
7.98953e-08
-200
-7.11027e-06
5.21937e-08
-200
-2.18874e-06
6.43268e-09
-200
3.94506e-06
-6.44323e-08
-200
1.15246e-05
-1.53315e-07
-200
2.08302e-05
-1.38041e-07
-200
3.37783e-05
-7.54425e-08
-2.46517e-06
-6.49789e-09
-200
-1.97845e-05
-5.90669e-08
-200
-2.04781e-05
-5.00751e-08
-200
-2.12633e-05
3.67246e-08
-200
-2.1347e-05
5.55903e-08
-200
-2.10926e-05
7.9446e-08
-200
-2.04594e-05
9.93422e-08
-200
-1.93883e-05
1.13962e-07
-200
-1.73287e-05
1.19245e-07
-200
-1.47186e-05
1.17004e-07
-200
-1.14036e-05
1.00169e-07
-200
-7.20841e-06
6.92651e-08
-200
-1.94142e-06
1.9299e-08
-200
4.60503e-06
-5.5884e-08
-200
1.2663e-05
-1.25312e-07
-200
2.25085e-05
-1.2273e-07
-200
3.6147e-05
-7.67433e-08
-2.53405e-06
-2.35299e-09
-200
-2.09611e-05
-8.53894e-08
-200
-2.16764e-05
1.72681e-08
-200
-2.24332e-05
2.92611e-08
-200
-2.24733e-05
6.29091e-08
-200
-2.2157e-05
8.97599e-08
-200
-2.14429e-05
1.1164e-07
-200
-2.02738e-05
1.30138e-07
-200
-1.80555e-05
1.35998e-07
-200
-1.52701e-05
1.27784e-07
-200
-1.17311e-05
1.04657e-07
-200
-7.2591e-06
6.95708e-08
-200
-1.65349e-06
2.03386e-08
-200
5.29852e-06
-4.95986e-08
-200
1.38344e-05
-1.35195e-07
-200
2.4228e-05
-1.21182e-07
-200
3.84948e-05
-7.76174e-08
-2.57688e-06
-4.38108e-09
-200
-2.21494e-05
-2.72877e-08
-200
-2.28311e-05
5.22744e-08
-200
-2.35522e-05
8.63346e-08
-200
-2.3547e-05
1.257e-07
-200
-2.31713e-05
1.49666e-07
-200
-2.23839e-05
1.6781e-07
-200
-2.11262e-05
1.84037e-07
-200
-1.87871e-05
1.8207e-07
-200
-1.58326e-05
1.59351e-07
-200
-1.20841e-05
1.2828e-07
-200
-7.33838e-06
8.29856e-08
-200
-1.39002e-06
1.7634e-08
-200
5.9757e-06
-5.70793e-08
-200
1.4994e-05
-1.22019e-07
-200
2.59252e-05
-1.20141e-07
-200
4.08696e-05
-8.44712e-08
-2.60826e-06
-1.36846e-10
-200
-2.32313e-05
-2.94257e-08
-200
-2.38983e-05
5.93794e-08
-200
-2.45704e-05
1.33297e-07
-200
-2.4523e-05
1.71292e-07
-200
-2.40959e-05
1.93744e-07
-200
-2.32562e-05
2.08349e-07
-200
-2.19211e-05
2.14354e-07
-200
-1.95236e-05
2.0514e-07
-200
-1.64172e-05
1.65224e-07
-200
-1.24588e-05
1.17894e-07
-200
-7.44491e-06
6.7161e-08
-200
-1.16102e-06
9.54792e-09
-200
6.62314e-06
-6.14938e-08
-200
1.61495e-05
-1.45286e-07
-200
2.76778e-05
-1.36198e-07
-200
4.33263e-05
-8.873e-08
-2.64907e-06
-5.43954e-09
-200
-2.43123e-05
-1.61839e-08
-200
-2.493e-05
1.25608e-07
-200
-2.55667e-05
2.20251e-07
-200
-2.54725e-05
2.37945e-07
-200
-2.50126e-05
2.67913e-07
-200
-2.41313e-05
2.73151e-07
-200
-2.27422e-05
2.62332e-07
-200
-2.03617e-05
2.51601e-07
-200
-1.71167e-05
1.72121e-07
-200
-1.29582e-05
1.13701e-07
-200
-7.67493e-06
6.32621e-08
-200
-1.0386e-06
5.9243e-09
-200
7.18172e-06
-6.71261e-08
-200
1.72467e-05
-1.42357e-07
-200
2.93956e-05
-1.36663e-07
-200
4.58828e-05
-1.03319e-07
-2.67098e-06
1.21128e-09
-200
-2.53147e-05
1.09892e-09
-200
-2.5862e-05
1.91244e-07
-200
-2.64644e-05
2.22886e-07
-200
-2.63602e-05
2.61247e-07
-200
-2.58938e-05
2.94115e-07
-200
-2.4994e-05
2.84441e-07
-200
-2.35745e-05
2.62044e-07
-200
-2.12946e-05
2.27079e-07
-200
-1.79608e-05
1.73357e-07
-200
-1.36142e-05
1.06632e-07
-200
-8.0449e-06
4.81794e-08
-200
-1.04318e-06
1.5862e-08
-200
7.64324e-06
-6.38706e-08
-200
1.82909e-05
-1.69288e-07
-200
3.11522e-05
-1.54586e-07
-200
4.857e-05
-1.11853e-07
-2.69337e-06
-5.11174e-09
-200
-2.63397e-05
7.97094e-08
-200
-2.67798e-05
2.17529e-07
-200
-2.7324e-05
2.52269e-07
-200
-2.72969e-05
2.86229e-07
-200
-2.68043e-05
2.66323e-07
-200
-2.59365e-05
2.77898e-07
-200
-2.45215e-05
2.62296e-07
-200
-2.23896e-05
2.20812e-07
-200
-1.90464e-05
1.65544e-07
-200
-1.44864e-05
1.0043e-07
-200
-8.62611e-06
8.13843e-08
-200
-1.24145e-06
4.78827e-08
-200
7.94546e-06
-4.72188e-08
-200
1.92251e-05
-1.61521e-07
-200
3.28592e-05
-1.73783e-07
-200
5.14358e-05
-1.32388e-07
-2.74964e-06
6.99707e-09
-200
-2.72813e-05
9.26299e-08
-200
-2.76819e-05
1.68358e-07
-200
-2.80922e-05
1.77095e-07
-200
-2.82205e-05
1.91942e-07
-200
-2.77556e-05
2.14109e-07
-200
-2.69525e-05
2.22652e-07
-200
-2.56057e-05
1.7328e-07
-200
-2.3558e-05
1.32416e-07
-200
-2.0356e-05
1.22995e-07
-200
-1.55673e-05
1.20957e-07
-200
-9.4144e-06
1.28167e-07
-200
-1.6304e-06
8.24624e-08
-200
8.08184e-06
-2.30399e-08
-200
2.00592e-05
-2.0012e-07
-200
3.45959e-05
-2.20542e-07
-200
5.44805e-05
-1.43342e-07
-2.86034e-06
-1.97807e-09
-200
-2.82737e-05
1.0665e-07
-200
-2.86217e-05
1.57638e-07
-200
-2.89461e-05
1.32616e-07
-200
-2.91465e-05
1.09945e-07
-200
-2.87499e-05
1.25488e-07
-200
-2.81262e-05
1.18341e-07
-200
-2.69115e-05
7.80909e-08
-200
-2.48675e-05
3.77861e-08
-200
-2.18917e-05
9.41287e-08
-200
-1.68905e-05
1.46336e-07
-200
-1.04493e-05
1.70901e-07
-200
-2.25919e-06
1.17156e-07
-200
8.0152e-06
-2.79482e-08
-200
2.07359e-05
-2.06507e-07
-200
3.62366e-05
-2.34661e-07
-200
5.7733e-05
-1.64425e-07
-3.07683e-06
1.71911e-08
-200
-2.91307e-05
6.2417e-08
-200
-2.95311e-05
8.06034e-08
-200
-2.98048e-05
4.61688e-08
-200
-2.99215e-05
-4.23304e-08
-200
-2.97887e-05
-9.18979e-08
-200
-2.93197e-05
-1.34414e-07
-200
-2.83655e-05
-9.04122e-08
-200
-2.64278e-05
-5.05294e-08
-200
-2.35498e-05
3.5791e-08
-200
-1.8447e-05
1.52656e-07
-200
-1.17311e-05
2.13927e-07
-200
-3.12696e-06
1.39238e-07
-200
7.73494e-06
-2.37002e-08
-200
2.12664e-05
-2.52896e-07
-200
3.78613e-05
-2.70213e-07
-200
6.11315e-05
-1.70157e-07
-3.38882e-06
-7.46455e-09
-200
-3.01061e-05
8.86718e-08
-200
-3.02767e-05
-2.83759e-08
-200
-3.07524e-05
-7.02656e-08
-200
-3.06144e-05
-4.15095e-07
-200
-3.05641e-05
-4.87819e-07
-200
-3.11298e-05
-1.63002e-07
-200
-3.01811e-05
-1.78409e-07
-200
-2.82689e-05
-2.37487e-07
-200
-2.5391e-05
-4.37357e-09
-200
-2.02996e-05
1.72315e-07
-200
-1.32853e-05
1.73063e-07
-200
-4.27059e-06
1.33747e-07
-200
7.22499e-06
-3.16656e-08
-200
2.1601e-05
-2.43697e-07
-200
3.93317e-05
-2.83436e-07
-200
6.46331e-05
-1.8597e-07
-3.79573e-06
1.41325e-08
-200
-3.0988e-05
2.2232e-07
-200
-3.14238e-05
1.28139e-07
-200
-3.17121e-05
-3.30372e-07
-200
-3.16828e-05
-3.39606e-07
-200
-2.60295e-07
-200
-7.72144e-07
-200
-3.55073e-07
-200
-6.11844e-08
-200
3.38897e-08
-200
1.04377e-07
-200
2.28646e-07
-200
1.04582e-07
-200
-4.77829e-08
-200
-2.9988e-07
-200
-3.12267e-07
-200
-1.66916e-07
-2.36079e-08
-200
-1.91004e-08
-200
-2.43403e-07
-200
-4.51673e-08
-3.84291e-07
-200
-1.57929e-06
1.48109e-08
-200
-1.66439e-06
-5.67022e-08
-200
-1.73736e-06
-1.08941e-07
-200
-1.79875e-06
-7.64586e-08
-200
-1.8094e-06
-6.09605e-09
-200
-1.80061e-06
3.46095e-08
-200
-1.74311e-06
5.70986e-08
-200
-1.65587e-06
7.12193e-08
-200
-1.50655e-06
7.16435e-08
-200
-1.29016e-06
5.8562e-08
-200
-9.96056e-07
3.13299e-08
-200
-6.10629e-07
-1.12473e-08
-200
-1.26578e-07
-6.30587e-08
-200
4.51308e-07
-1.10235e-07
-200
1.0659e-06
-1.29813e-07
-200
3.28608e-06
-1.95211e-07
1.49534e-08
2.17315e-09
-200
-3.38986e-06
-1.85849e-08
-200
-3.54585e-06
-8.80505e-08
-200
-3.65139e-06
-1.29814e-07
-200
-3.7469e-06
-6.64796e-08
-200
-3.74787e-06
5.11918e-09
-200
-3.69843e-06
3.09486e-08
-200
-3.56515e-06
5.86999e-08
-200
-3.34639e-06
7.3721e-08
-200
-3.01193e-06
7.18039e-08
-200
-2.54194e-06
5.57132e-08
-200
-1.91188e-06
2.54753e-08
-200
-1.0921e-06
-2.17771e-08
-200
-5.5575e-08
-7.99287e-08
-200
1.21869e-06
-1.34513e-07
-200
2.73659e-06
-1.52898e-07
-200
6.57253e-06
-2.02513e-07
-2.35426e-07
-7.45182e-09
-200
-5.15002e-06
-3.80444e-08
-200
-5.38823e-06
-9.8685e-08
-200
-5.53233e-06
-1.25671e-07
-200
-5.65613e-06
-6.40493e-08
-200
-5.65053e-06
6.19567e-10
-200
-5.54377e-06
4.08398e-08
-200
-5.33008e-06
6.86742e-08
-200
-4.98147e-06
8.01531e-08
-200
-4.46435e-06
7.49023e-08
-200
-3.74408e-06
5.52904e-08
-200
-2.77964e-06
2.23975e-08
-200
-1.52371e-06
-2.6264e-08
-200
7.76255e-08
-8.60742e-08
-200
2.0935e-06
-1.39463e-07
-200
4.6224e-06
-1.59351e-07
-200
9.57506e-06
-1.83631e-07
-5.49607e-07
-2.89541e-10
-200
-6.86217e-06
-5.10655e-08
-200
-7.17523e-06
-1.14906e-07
-200
-7.36821e-06
-1.38957e-07
-200
-7.51228e-06
-7.00838e-08
-200
-7.49389e-06
3.32798e-09
-200
-7.3404e-06
3.61476e-08
-200
-7.0411e-06
6.62937e-08
-200
-6.56053e-06
7.74398e-08
-200
-5.85941e-06
7.25321e-08
-200
-4.89048e-06
5.41581e-08
-200
-3.59714e-06
2.17705e-08
-200
-1.9132e-06
-2.68218e-08
-200
2.41204e-07
-8.59053e-08
-200
2.96486e-06
-1.42925e-07
-200
6.40561e-06
-1.51707e-07
-200
1.26158e-05
-1.5944e-07
-8.57555e-07
-6.87615e-09
-200
-8.53085e-06
-6.19956e-08
-200
-8.91367e-06
-1.00565e-07
-200
-9.15788e-06
-1.05489e-07
-200
-9.31751e-06
-5.00393e-08
-200
-9.28393e-06
1.05945e-08
-200
-9.0819e-06
5.40211e-08
-200
-8.69515e-06
7.88274e-08
-200
-8.08046e-06
8.68072e-08
-200
-7.19136e-06
7.91372e-08
-200
-5.96999e-06
5.77228e-08
-200
-4.34878e-06
2.36207e-08
-200
-2.24464e-06
-2.43952e-08
-200
4.4241e-07
-8.35243e-08
-200
3.83712e-06
-1.31448e-07
-200
8.0969e-06
-1.44282e-07
-200
1.5686e-05
-1.49689e-07
-1.14445e-06
7.63284e-10
-200
-1.01277e-05
-3.77093e-08
-200
-1.05703e-05
-9.86245e-08
-200
-1.08687e-05
-1.22335e-07
-200
-1.10395e-05
-6.44156e-08
-200
-1.09929e-05
6.50741e-09
-200
-1.0736e-05
3.75094e-08
-200
-1.02589e-05
6.4181e-08
-200
-9.50973e-06
7.29421e-08
-200
-8.43364e-06
6.77715e-08
-200
-6.96398e-06
5.07233e-08
-200
-5.02008e-06
2.08476e-08
-200
-2.50521e-06
-2.21037e-08
-200
6.97407e-07
-7.45924e-08
-200
4.72639e-06
-1.2629e-07
-200
9.76235e-06
-1.28259e-07
-200
1.86875e-05
-1.34237e-07
-1.41174e-06
-1.03651e-08
-200
-1.16943e-05
-2.60608e-08
-200
-1.21993e-05
-6.81734e-08
-200
-1.25334e-05
-8.48372e-08
-200
-1.27036e-05
-3.73728e-08
-200
-1.26381e-05
2.06464e-08
-200
-1.23234e-05
6.12109e-08
-200
-1.17483e-05
8.1423e-08
-200
-1.08591e-05
8.57867e-08
-200
-9.59323e-06
7.63211e-08
-200
-7.87436e-06
5.52155e-08
-200
-5.6117e-06
2.33876e-08
-200
-2.69738e-06
-1.9396e-08
-200
9.98714e-07
-6.9715e-08
-200
5.63704e-06
-1.0814e-07
-200
1.14067e-05
-1.23425e-07
-200
2.16084e-05
-1.29238e-07
-1.65379e-06
1.85732e-09
-200
-1.32067e-05
-5.43767e-08
-200
-1.37754e-05
-1.09011e-07
-200
-1.41108e-05
-1.02718e-07
-200
-1.42851e-05
-4.28524e-08
-200
-1.41843e-05
6.9879e-09
-200
-1.38053e-05
3.83592e-08
-200
-1.31252e-05
5.88515e-08
-200
-1.20933e-05
6.49531e-08
-200
-1.06372e-05
5.90332e-08
-200
-8.67283e-06
4.30407e-08
-200
-6.1007e-06
1.73044e-08
-200
-2.80213e-06
-1.9153e-08
-200
1.36668e-06
-6.28391e-08
-200
6.57715e-06
-1.08179e-07
-200
1.30426e-05
-1.08212e-07
-200
2.44271e-05
-1.12332e-07
-1.87049e-06
-1.16376e-08
-200
-1.47245e-05
-6.49997e-08
-200
-1.53096e-05
-9.56317e-08
-200
-1.56684e-05
-3.79532e-08
-200
-1.58247e-05
-9.07913e-09
-200
-1.5677e-05
3.49498e-08
-200
-1.52224e-05
6.59475e-08
-200
-1.4427e-05
8.08071e-08
-200
-1.32428e-05
8.13278e-08
-200
-1.15899e-05
7.09569e-08
-200
-9.37619e-06
5.10001e-08
-200
-6.49644e-06
2.22147e-08
-200
-2.82454e-06
-1.59195e-08
-200
1.79436e-06
-5.92067e-08
-200
7.54861e-06
-8.85526e-08
-200
1.46589e-05
-1.0827e-07
-200
2.71468e-05
-1.10402e-07
-2.05713e-06
3.61818e-09
-200
-1.61648e-05
-8.54643e-08
-200
-1.67728e-05
-7.78784e-08
-200
-1.71502e-05
-7.64347e-08
-200
-1.72776e-05
-2.48479e-08
-200
-1.70726e-05
8.1028e-09
-200
-1.65272e-05
3.73868e-08
-200
-1.56099e-05
5.3588e-08
-200
-1.42685e-05
5.72073e-08
-200
-1.24145e-05
5.12775e-08
-200
-9.95198e-06
3.6226e-08
-200
-6.77135e-06
1.24841e-08
-200
-2.74136e-06
-1.77526e-08
-200
2.30378e-06
-5.28046e-08
-200
8.56374e-06
-9.34642e-08
-200
1.62802e-05
-9.30756e-08
-200
2.97673e-05
-9.49794e-08
-2.21324e-06
-1.26424e-08
-200
-1.75826e-05
-5.96705e-08
-200
-1.82628e-05
-4.59993e-08
-200
-1.86014e-05
-1.76877e-08
-200
-1.86929e-05
1.8103e-08
-200
-1.84227e-05
5.10212e-08
-200
-1.77718e-05
7.33962e-08
-200
-1.67217e-05
8.32804e-08
-200
-1.52113e-05
8.08788e-08
-200
-1.31459e-05
6.96721e-08
-200
-1.04283e-05
4.99516e-08
-200
-6.94881e-06
2.30943e-08
-200
-2.57179e-06
-1.08612e-08
-200
2.8772e-06
-4.84472e-08
-200
9.61447e-06
-7.08669e-08
-200
1.78823e-05
-8.94231e-08
-200
3.23015e-05
-9.65038e-08
-2.33285e-06
3.34976e-09
-200
-1.89114e-05
-8.74202e-08
-200
-1.96944e-05
-9.37215e-08
-200
-1.99526e-05
-3.78733e-08
-200
-2.00034e-05
-1.50815e-09
-200
-1.96576e-05
3.2847e-08
-200
-1.88957e-05
5.4343e-08
-200
-1.77097e-05
6.47223e-08
-200
-1.60258e-05
6.34673e-08
-200
-1.37447e-05
5.45568e-08
-200
-1.07734e-05
3.66928e-08
-200
-7.00556e-06
1.34748e-08
-200
-2.29837e-06
-1.43637e-08
-200
3.53275e-06
-4.58089e-08
-200
1.07118e-05
-7.77499e-08
-200
1.95057e-05
-7.62378e-08
-200
3.47725e-05
-8.63188e-08
-2.42423e-06
-1.0212e-08
-200
-2.03129e-05
-4.62482e-08
-200
-2.10319e-05
-4.86437e-08
-200
-2.12721e-05
4.54314e-08
-200
-2.12692e-05
7.28798e-08
-200
-2.08336e-05
9.65326e-08
-200
-1.99524e-05
1.08934e-07
-200
-1.8624e-05
1.06594e-07
-200
-1.67612e-05
1.0109e-07
-200
-1.42611e-05
8.54858e-08
-200
-1.1038e-05
5.18729e-08
-200
-6.9903e-06
2.13389e-08
-200
-1.96609e-06
-9.67357e-09
-200
4.23e-06
-4.13639e-08
-200
1.18354e-05
-5.73764e-08
-200
2.11176e-05
-7.02864e-08
-200
3.72134e-05
-9.33023e-08
-2.49851e-06
4.78162e-09
-200
-2.15937e-05
-9.64819e-08
-200
-2.22314e-05
-7.28543e-09
-200
-2.24634e-05
3.0183e-08
-200
-2.23975e-05
6.99355e-08
-200
-2.18691e-05
9.40552e-08
-200
-2.08702e-05
1.04985e-07
-200
-1.9409e-05
1.08265e-07
-200
-1.73696e-05
9.53517e-08
-200
-1.46616e-05
6.66534e-08
-200
-1.12133e-05
3.27735e-08
-200
-6.90849e-06
2.97273e-09
-200
-1.58715e-06
-1.70226e-08
-200
4.97479e-06
-4.44752e-08
-200
1.29843e-05
-6.86753e-08
-200
2.27537e-05
-6.07116e-08
-200
3.96293e-05
-9.19663e-08
-2.53631e-06
-8.24586e-09
-200
-2.27809e-05
-4.71925e-08
-200
-2.34125e-05
6.86837e-08
-200
-2.35696e-05
1.27286e-07
-200
-2.34298e-05
1.64475e-07
-200
-2.28055e-05
1.78171e-07
-200
-2.17044e-05
1.77193e-07
-200
-2.01163e-05
1.68397e-07
-200
-1.79193e-05
1.40011e-07
-200
-1.50348e-05
8.94099e-08
-200
-1.14027e-05
5.15107e-08
-200
-6.8627e-06
1.68761e-08
-200
-1.22199e-06
-2.52432e-08
-200
5.69439e-06
-5.141e-08
-200
1.41239e-05
-5.33585e-08
-200
2.43837e-05
-6.52319e-08
-200
4.20774e-05
-1.08852e-07
-2.56644e-06
7.16343e-09
-200
-2.38421e-05
-7.35772e-08
-200
-2.44283e-05
7.52985e-08
-200
-2.45e-05
1.48324e-07
-200
-2.42701e-05
1.80755e-07
-200
-2.35613e-05
1.96741e-07
-200
-2.23939e-05
1.9263e-07
-200
-2.07039e-05
1.71267e-07
-200
-1.83944e-05
1.22563e-07
-200
-1.53935e-05
6.31628e-08
-200
-1.16408e-05
1.96331e-08
-200
-6.84245e-06
-2.13519e-08
-200
-9.05339e-07
-4.30485e-08
-200
6.35845e-06
-5.15058e-08
-200
1.52408e-05
-6.52542e-08
-200
2.60391e-05
-5.8293e-08
-200
4.46043e-05
-1.07529e-07
-2.60105e-06
-7.81528e-09
-200
-2.49128e-05
-1.24953e-08
-200
-2.53065e-05
1.64744e-07
-200
-2.53369e-05
2.65044e-07
-200
-2.50004e-05
2.68472e-07
-200
-2.42318e-05
2.7843e-07
-200
-2.30137e-05
2.57496e-07
-200
-2.12661e-05
2.09775e-07
-200
-1.89094e-05
1.50719e-07
-200
-1.58837e-05
6.36977e-08
-200
-1.19731e-05
1.69826e-09
-200
-6.97446e-06
-2.8334e-08
-200
-7.5388e-07
-3.97577e-08
-200
6.91142e-06
-4.28145e-08
-200
1.63052e-05
-5.26065e-08
-200
2.76801e-05
-6.41694e-08
-200
4.72397e-05
-1.33065e-07
-2.62186e-06
1.1198e-08
-200
-2.58378e-05
-1.34961e-08
-200
-2.6012e-05
2.10277e-07
-200
-2.60122e-05
2.38191e-07
-200
-2.5598e-05
2.55601e-07
-200
-2.48042e-05
2.81751e-07
-200
-2.35647e-05
2.35261e-07
-200
-2.1831e-05
1.70079e-07
-200
-1.94768e-05
8.15961e-08
-200
-1.64629e-05
1.59138e-08
-200
-1.24639e-05
-2.31989e-08
-200
-7.3039e-06
-4.60235e-08
-200
-7.58909e-07
-2.13675e-08
-200
7.362e-06
-4.00501e-08
-200
1.72925e-05
-6.12692e-08
-200
2.93278e-05
-5.91579e-08
-200
5.00095e-05
-1.39924e-07
-2.63633e-06
-5.22039e-09
-200
-2.67264e-05
1.03385e-07
-200
-2.67346e-05
2.81428e-07
-200
-2.66772e-05
3.22517e-07
-200
-2.62313e-05
3.21524e-07
-200
-2.54325e-05
2.60095e-07
-200
-2.41604e-05
2.16843e-07
-200
-2.24798e-05
1.57427e-07
-200
-2.0229e-05
7.88553e-08
-200
-1.72732e-05
8.49693e-09
-200
-1.32334e-05
-2.3874e-08
-200
-7.85326e-06
-3.44678e-09
-200
-9.56451e-07
1.03305e-08
-200
7.64783e-06
-1.93456e-08
-200
1.81693e-05
-4.60151e-08
-200
3.0933e-05
-7.96038e-08
-200
5.29677e-05
-1.70369e-07
-2.68436e-06
1.7113e-08
-200
-2.75566e-05
1.39488e-07
-200
-2.74659e-05
2.31747e-07
-200
-2.73394e-05
2.33196e-07
-200
-2.69177e-05
1.95145e-07
-200
-2.60443e-05
1.63516e-07
-200
-2.47899e-05
1.11726e-07
-200
-2.32782e-05
2.76106e-08
-200
-2.11355e-05
-5.53852e-08
-200
-1.83166e-05
-6.8372e-08
-200
-1.41947e-05
-1.44657e-08
-200
-8.58045e-06
2.0914e-08
-200
-1.3296e-06
2.36956e-08
-200
7.74746e-06
9.66208e-09
-200
1.89077e-05
-6.90514e-08
-200
3.25091e-05
-9.84836e-08
-200
5.61135e-05
-1.77982e-07
-2.78955e-06
3.84573e-10
-200
-2.84374e-05
1.94317e-07
-200
-2.82903e-05
2.41158e-07
-200
-2.811e-05
2.02268e-07
-200
-2.77151e-05
1.39487e-07
-200
-2.67518e-05
7.05379e-08
-200
-2.56292e-05
-2.51517e-08
-200
-2.41771e-05
-1.28574e-07
-200
-2.23278e-05
-1.6372e-07
-200
-1.9611e-05
-9.91502e-08
-200
-1.53496e-05
-1.34221e-08
-200
-9.49743e-06
3.1525e-08
-200
-1.94808e-06
4.66534e-08
-200
7.62121e-06
-1.19069e-08
-200
1.9483e-05
-7.30984e-08
-200
3.39979e-05
-1.08171e-07
-200
5.94665e-05
-1.99776e-07
-2.98108e-06
2.33822e-08
-200
-2.92068e-05
1.07156e-07
-200
-2.90571e-05
6.63901e-08
-200
-2.8828e-05
-2.63156e-08
-200
-2.84056e-05
-1.28242e-07
-200
-2.75401e-05
-2.45013e-07
-200
-2.64406e-05
-3.89976e-07
-200
-2.54208e-05
-3.85086e-07
-200
-2.36083e-05
-3.70799e-07
-200
-2.09834e-05
-2.30967e-07
-200
-1.65749e-05
-9.61558e-08
-200
-1.06678e-05
3.94415e-08
-200
-2.8048e-06
5.10162e-08
-200
7.28579e-06
-5.64054e-09
-200
1.98796e-05
-9.64024e-08
-200
3.54204e-05
-1.00968e-07
-200
6.29938e-05
-1.85649e-07
-3.3209e-06
-1.01836e-08
-200
-2.975e-05
5.49349e-08
-200
-2.98119e-05
1.31314e-08
-200
-2.96603e-05
-1.43e-07
-200
-2.94248e-05
-2.92696e-07
-200
-2.89983e-05
-5.29469e-07
-200
-2.76277e-05
-5.6192e-07
-200
-2.65708e-05
-6.78977e-07
-200
-2.53516e-05
-4.68884e-07
-200
-2.26467e-05
-2.00186e-07
-200
-1.8239e-05
-1.30938e-08
-200
-1.19939e-05
-4.5126e-08
-200
-3.94791e-06
7.17012e-08
-200
6.65242e-06
8.95728e-09
-200
2.01016e-05
-7.54289e-08
-200
3.66821e-05
-1.13269e-07
-200
6.66236e-05
-2.07581e-07
-3.75205e-06
3.02021e-08
-200
-3.00605e-05
5.36932e-08
-200
-3.0283e-05
-9.61092e-08
-200
-3.07476e-05
-3.35882e-07
-200
-3.07359e-05
-4.89723e-07
-200
-3.06819e-05
-5.80925e-07
-200
-2.94585e-05
-1.00624e-06
-200
-6.4375e-07
-200
-4.0001e-07
-200
-2.54609e-07
-200
-1.15253e-07
-200
1.41182e-07
-200
5.56741e-08
-200
6.52101e-08
-200
-1.20596e-08
-200
-5.16318e-08
-200
-1.71924e-07
-5.82857e-08
-200
7.11016e-08
-200
-8.14954e-08
-200
-9.4192e-08
-200
-3.37558e-07
-200
-1.21403e-06
-8.26794e-07
-200
-1.59364e-06
7.02194e-08
-200
-1.68781e-06
-1.19976e-08
-200
-1.76681e-06
-6.81276e-08
-200
-1.82122e-06
-4.33247e-08
-200
-1.83775e-06
1.71933e-08
-200
-1.80141e-06
4.96593e-08
-200
-1.75295e-06
6.08433e-08
-200
-1.66489e-06
7.41236e-08
-200
-1.517e-06
7.26593e-08
-200
-1.30092e-06
5.97038e-08
-200
-1.00639e-06
3.86388e-08
-200
-6.19986e-07
8.0746e-09
-200
-1.34447e-07
-2.89895e-08
-200
4.43969e-07
-6.35415e-08
-200
1.06074e-06
-7.70172e-08
-200
3.2966e-06
-1.39227e-07
1.25747e-08
-1.95425e-08
-200
-3.38704e-06
2.98941e-08
-200
-3.54337e-06
-4.4179e-08
-200
-3.67457e-06
-8.0979e-08
-200
-3.75157e-06
-3.33042e-08
-200
-3.76258e-06
2.1363e-08
-200
-3.68347e-06
4.62405e-08
-200
-3.55244e-06
6.75919e-08
-200
-3.33674e-06
7.80779e-08
-200
-3.00562e-06
7.29182e-08
-200
-2.5377e-06
5.89034e-08
-200
-1.90882e-06
3.6326e-08
-200
-1.09011e-06
4.82363e-09
-200
-5.27859e-08
-3.64434e-08
-200
1.22092e-06
-7.24065e-08
-200
2.74221e-06
-8.29283e-08
-200
6.60929e-06
-1.29075e-07
-2.34809e-07
-3.04401e-08
-200
-5.12963e-06
5.77881e-09
-200
-5.36099e-06
-6.13755e-08
-200
-5.54457e-06
-7.70562e-08
-200
-5.64749e-06
-3.59769e-08
-200
-5.65175e-06
1.79861e-08
-200
-5.5345e-06
5.0059e-08
-200
-5.31813e-06
7.02391e-08
-200
-4.96965e-06
7.53865e-08
-200
-4.4537e-06
6.93283e-08
-200
-3.73392e-06
5.31364e-08
-200
-2.7704e-06
2.92781e-08
-200
-1.51465e-06
-3.07022e-09
-200
8.83808e-08
-4.17993e-08
-200
2.10718e-06
-8.10482e-08
-200
4.64536e-06
-9.40609e-08
-200
9.62515e-06
-1.21028e-07
-5.47008e-07
-2.75812e-08
-200
-6.84162e-06
1.46124e-08
-200
-7.1537e-06
-5.58776e-08
-200
-7.38138e-06
-8.11245e-08
-200
-7.5048e-06
-3.59238e-08
-200
-7.4939e-06
2.04391e-08
-200
-7.34024e-06
5.16259e-08
-200
-7.03886e-06
6.9829e-08
-200
-6.55721e-06
7.54731e-08
-200
-5.85446e-06
7.01505e-08
-200
-4.88236e-06
5.5452e-08
-200
-3.58556e-06
3.24358e-08
-200
-1.89747e-06
1.20843e-09
-200
2.63915e-07
-3.9695e-08
-200
2.99385e-06
-7.30799e-08
-200
6.44308e-06
-8.0026e-08
-200
1.2658e-05
-1.0622e-07
-8.5834e-07
-2.86267e-08
-200
-8.50363e-06
1.96449e-09
-200
-8.89225e-06
-5.18194e-08
-200
-9.15329e-06
-6.15162e-08
-200
-9.29793e-06
-2.20093e-08
-200
-9.27345e-06
2.81873e-08
-200
-9.0724e-06
5.98502e-08
-200
-8.68606e-06
7.62095e-08
-200
-8.07137e-06
7.98486e-08
-200
-7.18114e-06
7.15455e-08
-200
-5.95721e-06
5.31627e-08
-200
-4.33092e-06
2.80952e-08
-200
-2.21945e-06
-3.72145e-09
-200
4.77002e-07
-4.04007e-08
-200
3.88215e-06
-7.72703e-08
-200
8.147e-06
-9.11582e-08
-200
1.57342e-05
-1.03872e-07
-1.14467e-06
-2.25288e-08
-200
-1.01105e-05
8.96499e-09
-200
-1.05745e-05
-5.15739e-08
-200
-1.08658e-05
-7.65315e-08
-200
-1.1027e-05
-3.25319e-08
-200
-1.09831e-05
2.04772e-08
-200
-1.07333e-05
4.89935e-08
-200
-1.02573e-05
6.5795e-08
-200
-9.50746e-06
7.0571e-08
-200
-8.4291e-06
6.4406e-08
-200
-6.95493e-06
5.00152e-08
-200
-5.0049e-06
2.8717e-08
-200
-2.48204e-06
5.48624e-11
-200
7.31345e-07
-3.67227e-08
-200
4.76926e-06
-6.41062e-08
-200
9.81167e-06
-6.70472e-08
-200
1.87363e-05
-8.75455e-08
-1.41306e-06
-2.48691e-08
-200
-1.16777e-05
5.43494e-09
-200
-1.2184e-05
-4.28917e-08
-200
-1.25208e-05
-4.3487e-08
-200
-1.26828e-05
-1.55195e-08
-200
-1.26184e-05
3.49926e-08
-200
-1.23088e-05
6.32934e-08
-200
-1.17366e-05
7.64972e-08
-200
-1.08481e-05
7.74709e-08
-200
-9.58068e-06
6.76081e-08
-200
-7.8582e-06
4.92095e-08
-200
-5.59007e-06
2.41855e-08
-200
-2.66799e-06
-5.34876e-09
-200
1.03868e-06
-3.58521e-08
-200
5.68859e-06
-6.7199e-08
-200
1.14642e-05
-8.27225e-08
-200
2.16685e-05
-8.61611e-08
-1.65488e-06
-1.2466e-08
-200
-1.32063e-05
-6.35221e-09
-200
-1.37641e-05
-6.71882e-08
-200
-1.41145e-05
-7.05339e-08
-200
-1.42694e-05
-2.46042e-08
-200
-1.41713e-05
1.66224e-08
-200
-1.37993e-05
4.29858e-08
-200
-1.31237e-05
5.76391e-08
-200
-1.20907e-05
6.0455e-08
-200
-1.0631e-05
5.32972e-08
-200
-8.66123e-06
3.94707e-08
-200
-6.08234e-06
2.17767e-08
-200
-2.77524e-06
-1.75536e-09
-200
1.40498e-06
-3.17628e-08
-200
6.62476e-06
-5.41493e-08
-200
1.30979e-05
-5.52008e-08
-200
2.4483e-05
-6.91236e-08
-1.87359e-06
-1.91549e-08
-200
-1.4715e-05
3.29333e-09
-200
-1.53107e-05
-5.91338e-08
-200
-1.56521e-05
-2.18447e-08
-200
-1.57931e-05
2.99028e-09
-200
-1.56497e-05
4.13304e-08
-200
-1.52009e-05
6.33746e-08
-200
-1.44123e-05
7.2332e-08
-200
-1.32274e-05
7.01871e-08
-200
-1.15721e-05
5.99375e-08
-200
-9.35504e-06
4.21578e-08
-200
-6.46942e-06
1.87433e-08
-200
-2.78905e-06
-8.55159e-09
-200
1.83925e-06
-3.24924e-08
-200
7.60642e-06
-5.4183e-08
-200
1.47238e-05
-7.45107e-08
-200
2.72127e-05
-7.39873e-08
-2.05883e-06
-5.16596e-09
-200
-1.61631e-05
-4.65314e-08
-200
-1.68098e-05
-6.74341e-08
-200
-1.713e-05
-5.9129e-08
-200
-1.72468e-05
-1.66631e-08
-200
-1.70485e-05
1.33042e-08
-200
-1.65125e-05
3.66318e-08
-200
-1.56009e-05
4.82526e-08
-200
-1.42567e-05
4.96426e-08
-200
-1.23998e-05
4.2593e-08
-200
-9.934e-06
2.92523e-08
-200
-6.74815e-06
1.22343e-08
-200
-2.70908e-06
-7.20924e-09
-200
2.3479e-06
-3.14052e-08
-200
8.61631e-06
-4.4778e-08
-200
1.63397e-05
-4.52293e-08
-200
2.98261e-05
-5.99213e-08
-2.21712e-06
-1.38885e-08
-200
-1.76005e-05
-1.79004e-08
-200
-1.82619e-05
-5.6775e-08
-200
-1.85641e-05
2.30559e-10
-200
-1.86411e-05
2.53622e-08
-200
-1.83732e-05
5.01656e-08
-200
-1.77352e-05
6.60987e-08
-200
-1.66892e-05
7.08925e-08
-200
-1.51786e-05
6.60158e-08
-200
-1.31151e-05
5.47317e-08
-200
-1.03988e-05
3.62573e-08
-200
-6.91734e-06
1.39083e-08
-200
-2.53318e-06
-8.97443e-09
-200
2.9271e-06
-2.83583e-08
-200
9.67754e-06
-4.31037e-08
-200
1.7954e-05
-6.23341e-08
-200
3.23699e-05
-6.84841e-08
-2.3347e-06
-1.21519e-09
-200
-1.89626e-05
-7.29633e-08
-200
-1.96783e-05
-6.71906e-08
-200
-1.99273e-05
-3.76022e-08
-200
-1.99534e-05
-4.64063e-09
-200
-1.96075e-05
2.74023e-08
-200
-1.88566e-05
4.51338e-08
-200
-1.76723e-05
5.2314e-08
-200
-1.59898e-05
4.8618e-08
-200
-1.3715e-05
3.83576e-08
-200
-1.07505e-05
2.31476e-08
-200
-6.98322e-06
7.33461e-09
-200
-2.26802e-06
-1.0439e-08
-200
3.5774e-06
-3.0213e-08
-200
1.07667e-05
-3.34871e-08
-200
1.95688e-05
-3.19841e-08
-200
3.48312e-05
-5.97149e-08
-2.42687e-06
-7.95395e-09
-200
-2.03006e-05
-3.60675e-08
-200
-2.10233e-05
-3.79488e-08
-200
-2.12203e-05
3.67508e-08
-200
-2.11894e-05
6.47917e-08
-200
-2.07553e-05
8.56747e-08
-200
-1.98827e-05
9.41055e-08
-200
-1.85585e-05
8.53432e-08
-200
-1.67014e-05
7.64843e-08
-200
-1.42169e-05
6.17325e-08
-200
-1.10104e-05
3.00625e-08
-200
-6.96731e-06
6.13656e-09
-200
-1.93405e-06
-1.27391e-08
-200
4.27798e-06
-2.62769e-08
-200
1.19009e-05
-3.80566e-08
-200
2.11951e-05
-5.34627e-08
-200
3.72738e-05
-7.10456e-08
-2.48567e-06
4.98776e-11
-200
-2.15644e-05
-8.11746e-08
-200
-2.22601e-05
-2.95673e-08
-200
-2.24093e-05
1.24985e-08
-200
-2.23116e-05
5.10285e-08
-200
-2.17834e-05
7.32571e-08
-200
-2.07953e-05
8.09235e-08
-200
-1.93376e-05
7.95588e-08
-200
-1.73131e-05
6.46993e-08
-200
-1.46314e-05
3.86806e-08
-200
-1.12024e-05
1.10528e-08
-200
-6.89612e-06
-9.40258e-09
-200
-1.56223e-06
-1.66537e-08
-200
5.01707e-06
-3.10208e-08
-200
1.30445e-05
-2.83268e-08
-200
2.2826e-05
-2.07764e-08
-200
3.96855e-05
-6.72069e-08
-2.52844e-06
-1.08183e-08
-200
-2.27608e-05
-5.61843e-08
-200
-2.33969e-05
2.89886e-08
-200
-2.34964e-05
1.06838e-07
-200
-2.33182e-05
1.34956e-07
-200
-2.2696e-05
1.45012e-07
-200
-2.16095e-05
1.39227e-07
-200
-2.00299e-05
1.24471e-07
-200
-1.78573e-05
9.63112e-08
-200
-1.5007e-05
5.11092e-08
-200
-1.13758e-05
1.3882e-08
-200
-6.83919e-06
-4.31537e-09
-200
-1.18875e-06
-2.06646e-08
-200
5.7505e-06
-3.49141e-08
-200
1.42014e-05
-3.6662e-08
-200
2.44686e-05
-4.52804e-08
-200
4.21455e-05
-8.61385e-08
-2.56323e-06
2.86727e-09
-200
-2.38481e-05
-8.34679e-08
-200
-2.43893e-05
4.64489e-08
-200
-2.44442e-05
1.00746e-07
-200
-2.41755e-05
1.31229e-07
-200
-2.34769e-05
1.46803e-07
-200
-2.23145e-05
1.38258e-07
-200
-2.06437e-05
1.16053e-07
-200
-1.83656e-05
7.25533e-08
-200
-1.53898e-05
2.38039e-08
-200
-1.16231e-05
-3.90642e-09
-200
-6.81855e-06
-2.82675e-08
-200
-8.62212e-07
-3.55391e-08
-200
6.43668e-06
-3.36205e-08
-200
1.5315e-05
-1.79642e-08
-200
2.61115e-05
-3.89476e-09
-200
4.46594e-05
-8.48894e-08
-2.59754e-06
-8.70282e-09
-200
-2.48592e-05
-2.60658e-08
-200
-2.52509e-05
1.27387e-07
-200
-2.52762e-05
2.07062e-07
-200
-2.49284e-05
2.21181e-07
-200
-2.41695e-05
2.14312e-07
-200
-2.29525e-05
1.90627e-07
-200
-2.12376e-05
1.46686e-07
-200
-1.89001e-05
8.20919e-08
-200
-1.58853e-05
2.22572e-08
-200
-1.19629e-05
-1.73752e-08
-200
-6.90921e-06
-3.78788e-08
-200
-6.73802e-07
-3.24303e-08
-200
7.02794e-06
-2.20545e-08
-200
1.63977e-05
-3.21196e-08
-200
2.77668e-05
-4.48488e-08
-200
4.7304e-05
-1.11999e-07
-2.61507e-06
2.00929e-09
-200
-2.57884e-05
1.82581e-08
-200
-2.6e-05
1.69165e-07
-200
-2.60047e-05
1.94007e-07
-200
-2.55985e-05
2.06139e-07
-200
-2.4792e-05
2.1292e-07
-200
-2.35638e-05
1.7343e-07
-200
-2.18775e-05
1.1195e-07
-200
-1.95377e-05
3.64634e-08
-200
-1.65238e-05
-1.3644e-08
-200
-1.24415e-05
-4.162e-08
-200
-7.2172e-06
-3.8167e-08
-200
-6.42224e-07
-1.67143e-08
-200
7.48581e-06
-1.71617e-08
-200
1.73766e-05
-9.28664e-09
-200
2.94001e-05
-3.81846e-09
-200
5.00679e-05
-1.15572e-07
-2.6285e-06
-2.09921e-08
-200
-2.66563e-05
1.43467e-07
-200
-2.67322e-05
2.71081e-07
-200
-2.66951e-05
3.04339e-07
-200
-2.62679e-05
2.93614e-07
-200
-2.54693e-05
2.44661e-07
-200
-2.42268e-05
1.74929e-07
-200
-2.26024e-05
1.06008e-07
-200
-2.03384e-05
3.84578e-08
-200
-1.7347e-05
-1.38755e-08
-200
-1.3177e-05
-3.50193e-08
-200
-7.73903e-06
-1.19042e-08
-200
-8.04159e-07
-5.97437e-09
-200
7.77383e-06
-1.14434e-08
-200
1.82673e-05
-3.18893e-08
-200
3.1022e-05
-5.8948e-08
-200
5.30439e-05
-1.4306e-07
-2.67342e-06
-5.62265e-09
-200
-2.75232e-05
2.44736e-07
-200
-2.75277e-05
2.88498e-07
-200
-2.74121e-05
2.66133e-07
-200
-2.70205e-05
2.22476e-07
-200
-2.61615e-05
1.63793e-07
-200
-2.50134e-05
1.18369e-07
-200
-2.34862e-05
2.39013e-08
-200
-2.1369e-05
-4.2703e-08
-200
-1.84339e-05
-6.33061e-08
-200
-1.41456e-05
-2.40076e-08
-200
-8.45548e-06
-1.67731e-08
-200
-1.21015e-06
-1.40449e-09
-200
7.87063e-06
-1.27703e-08
-200
1.89834e-05
-2.45149e-08
-200
3.25838e-05
-1.85544e-08
-200
5.61975e-05
-1.31858e-07
-2.78426e-06
-3.89983e-08
-200
-2.84404e-05
3.50918e-07
-200
-2.83853e-05
3.25802e-07
-200
-2.81877e-05
2.58053e-07
-200
-2.78539e-05
1.94967e-07
-200
-2.69542e-05
1.24262e-07
-200
-2.59946e-05
3.26925e-08
-200
-2.45469e-05
-7.65011e-08
-200
-2.26786e-05
-1.08907e-07
-200
-1.96833e-05
-1.08833e-07
-200
-1.5207e-05
-8.22e-08
-200
-9.43798e-06
-3.68253e-08
-200
-1.86144e-06
-3.34052e-09
-200
7.77073e-06
-6.21337e-08
-200
1.95909e-05
-8.23592e-08
-200
3.41137e-05
-8.09838e-08
-200
5.95738e-05
-1.43325e-07
-2.98079e-06
-9.70524e-09
-200
-2.93378e-05
2.86458e-07
-200
-2.91933e-05
1.21881e-07
-200
-2.89838e-05
-5.28061e-09
-200
-2.86553e-05
-8.99444e-08
-200
-2.79412e-05
-1.45158e-07
-200
-2.70727e-05
-2.78363e-07
-200
-2.58611e-05
-3.17712e-07
-200
-2.40385e-05
-3.28973e-07
-200
-2.09527e-05
-2.5996e-07
-200
-1.65302e-05
-1.73045e-07
-200
-1.04654e-05
-1.27366e-07
-200
-2.63211e-06
-1.14995e-07
-200
7.40257e-06
-4.5609e-08
-200
1.99957e-05
-5.50163e-08
-200
3.55352e-05
2.05129e-08
-200
6.31096e-05
-1.05286e-07
-3.32971e-06
-4.80404e-08
-200
-3.00297e-05
2.14048e-07
-200
-2.99559e-05
1.35921e-07
-200
-2.99645e-05
-1.71558e-08
-200
-2.9684e-05
-8.85606e-08
-200
-2.92998e-05
-2.55531e-07
-200
-2.84581e-05
-4.19021e-07
-200
-2.76549e-05
-4.33058e-07
-200
-2.54881e-05
-3.57059e-07
-200
-2.24916e-05
-2.99157e-07
-200
-1.74614e-05
-3.84956e-07
-200
-1.20301e-05
-6.56336e-08
-200
-3.88143e-06
5.11068e-08
-200
6.89759e-06
-9.06554e-08
-200
2.02704e-05
-4.3949e-08
-200
3.68664e-05
-6.05967e-08
-200
6.6749e-05
-1.27498e-07
-3.751e-06
-3.94397e-09
-200
-3.03173e-05
9.45676e-09
-200
-3.0553e-05
-9.46972e-08
-200
-3.10419e-05
-1.96251e-07
-200
-3.09879e-05
-3.65934e-07
-200
-3.08387e-05
-5.91808e-07
-200
-3.04813e-05
-5.91955e-07
-200
-2.95431e-05
-5.57156e-07
-200
-2.73249e-05
-5.66896e-07
-200
-2.38995e-05
-3.95702e-07
-200
-1.55919e-07
-200
-1.25052e-07
-200
-2.46169e-08
-200
1.24619e-07
-200
1.06426e-07
-200
1.35173e-07
-200
-1.14162e-07
-3.98049e-08
-200
3.1565e-07
-200
1.86005e-07
-200
7.73567e-08
-200
-1.54289e-07
-200
-4.56132e-07
-200
-7.04435e-07
-200
-3.72506e-07
-200
-2.30375e-07
-4.17387e-08
-200
-1.56915e-06
1.81001e-07
-200
-1.67004e-06
1.06162e-07
-200
-1.76519e-06
7.18848e-08
-200
-1.81338e-06
7.67912e-08
-200
-1.83146e-06
1.00921e-07
-200
-1.80005e-06
1.09726e-07
-200
-1.76513e-06
1.10249e-07
-200
-1.65668e-06
1.02398e-07
-200
-1.51386e-06
9.36284e-08
-200
-1.30113e-06
7.59955e-08
-200
-1.00779e-06
5.26933e-08
-200
-6.21999e-07
2.55422e-08
-200
-1.38113e-07
-5.01717e-09
-200
4.37068e-07
-3.18165e-08
-200
1.05174e-06
-3.92266e-08
-200
3.29138e-06
-6.79988e-08
1.99161e-08
-3.48708e-08
-200
-3.35147e-06
1.40003e-07
-200
-3.51439e-06
7.84182e-08
-200
-3.65341e-06
5.71112e-08
-200
-3.72714e-06
6.67918e-08
-200
-3.74305e-06
9.43234e-08
-200
-3.67062e-06
1.06539e-07
-200
-3.55068e-06
1.02207e-07
-200
-3.32432e-06
9.5539e-08
-200
-2.99506e-06
8.53767e-08
-200
-2.53008e-06
6.81093e-08
-200
-1.90299e-06
4.55965e-08
-200
-1.08561e-06
2.0374e-08
-200
-5.09458e-08
-1.20519e-08
-200
1.22036e-06
-3.87786e-08
-200
2.7457e-06
-4.38003e-08
-200
6.62915e-06
-5.66351e-08
-2.44933e-07
-4.04323e-08
-200
-5.08742e-06
1.18821e-07
-200
-5.32928e-06
5.96228e-08
-200
-5.50511e-06
5.34712e-08
-200
-5.60999e-06
6.20565e-08
-200
-5.62456e-06
8.84244e-08
-200
-5.5152e-06
9.87279e-08
-200
-5.29938e-06
9.59241e-08
-200
-4.95134e-06
9.18877e-08
-200
-4.43921e-06
8.06868e-08
-200
-3.72325e-06
6.30073e-08
-200
-2.76202e-06
4.11774e-08
-200
-1.50813e-06
1.55519e-08
-200
9.28089e-08
-1.35148e-08
-200
2.10935e-06
-4.56645e-08
-200
4.65141e-06
-5.37572e-08
-200
9.64126e-06
-5.42538e-08
-5.53634e-07
-4.35668e-08
-200
-6.79029e-06
1.28146e-07
-200
-7.11298e-06
7.38689e-08
-200
-7.32826e-06
5.80562e-08
-200
-7.45797e-06
6.81643e-08
-200
-7.46458e-06
9.47322e-08
-200
-7.3158e-06
1.04164e-07
-200
-7.01736e-06
1.0426e-07
-200
-6.53893e-06
9.83368e-08
-200
-5.84005e-06
8.65104e-08
-200
-4.87065e-06
6.88103e-08
-200
-3.57502e-06
4.64958e-08
-200
-1.88804e-06
2.21343e-08
-200
2.72008e-07
-9.88793e-09
-200
3.00414e-06
-3.44373e-08
-200
6.45699e-06
-4.16226e-08
-200
1.26721e-05
-4.89703e-08
-8.57516e-07
-4.13668e-08
-200
-8.43312e-06
1.06152e-07
-200
-8.8281e-06
5.58832e-08
-200
-9.08271e-06
5.48131e-08
-200
-9.23173e-06
6.35201e-08
-200
-9.22747e-06
8.71072e-08
-200
-9.03651e-06
9.67058e-08
-200
-8.65561e-06
9.71412e-08
-200
-8.04693e-06
9.10993e-08
-200
-7.16241e-06
7.85623e-08
-200
-5.9427e-06
6.04928e-08
-200
-4.31862e-06
3.88995e-08
-200
-2.20821e-06
1.39069e-08
-200
4.87592e-07
-1.33512e-08
-200
3.89185e-06
-4.47018e-08
-200
8.15907e-06
-5.39022e-08
-200
1.5752e-05
-4.89309e-08
-1.14509e-06
-4.00062e-08
-200
-1.00397e-05
1.06396e-07
-200
-1.05104e-05
6.4384e-08
-200
-1.07947e-05
4.78073e-08
-200
-1.0953e-05
5.84551e-08
-200
-1.09331e-05
8.38484e-08
-200
-1.06969e-05
9.42065e-08
-200
-1.02284e-05
9.57437e-08
-200
-9.48611e-06
9.07003e-08
-200
-8.4137e-06
7.89167e-08
-200
-6.94296e-06
6.22789e-08
-200
-4.99442e-06
4.25819e-08
-200
-2.47247e-06
1.99729e-08
-200
7.39681e-07
-8.8926e-09
-200
4.78022e-06
-2.75346e-08
-200
9.82514e-06
-3.48661e-08
-200
1.8749e-05
-4.77623e-08
-1.37936e-06
-3.83041e-08
-200
-1.1588e-05
8.6523e-08
-200
-1.21132e-05
4.50249e-08
-200
-1.2431e-05
4.93379e-08
-200
-1.25935e-05
5.73529e-08
-200
-1.2549e-05
7.87482e-08
-200
-1.22581e-05
8.73767e-08
-200
-1.16974e-05
8.80705e-08
-200
-1.08195e-05
8.24573e-08
-200
-9.56077e-06
7.08598e-08
-200
-7.8435e-06
5.40925e-08
-200
-5.57936e-06
3.39166e-08
-200
-2.65987e-06
1.13107e-08
-200
1.04493e-06
-1.14999e-08
-200
5.69312e-06
-3.9962e-08
-200
1.14684e-05
-5.06459e-08
-200
2.16748e-05
-4.98072e-08
-1.57543e-06
-3.77678e-08
-200
-1.31145e-05
7.63447e-08
-200
-1.36985e-05
4.09562e-08
-200
-1.40275e-05
3.22396e-08
-200
-1.41815e-05
4.57455e-08
-200
-1.41047e-05
6.77952e-08
-200
-1.37508e-05
7.78532e-08
-200
-1.30895e-05
8.07804e-08
-200
-1.20684e-05
7.65277e-08
-200
-1.06181e-05
6.61516e-08
-200
-8.65235e-06
5.16347e-08
-200
-6.07625e-06
3.55954e-08
-200
-2.77118e-06
1.69714e-08
-200
1.40605e-06
-6.5153e-09
-200
6.62579e-06
-1.97992e-08
-200
1.30984e-05
-2.80508e-08
-200
2.44762e-05
-4.63917e-08
-1.72665e-06
-3.36164e-08
-200
-1.46007e-05
7.66126e-08
-200
-1.52053e-05
1.53163e-08
-200
-1.55462e-05
3.88438e-08
-200
-1.56908e-05
4.94553e-08
-200
-1.55656e-05
6.68491e-08
-200
-1.51366e-05
7.35233e-08
-200
-1.43661e-05
7.38447e-08
-200
-1.31964e-05
6.83421e-08
-200
-1.1552e-05
5.85405e-08
-200
-9.34187e-06
4.4197e-08
-200
-6.46291e-06
2.61735e-08
-200
-2.78759e-06
6.11678e-09
-200
1.83797e-06
-1.10299e-08
-200
7.60208e-06
-3.23134e-08
-200
1.47149e-05
-4.66817e-08
-200
2.71976e-05
-4.86514e-08
-1.85339e-06
-3.14435e-08
-200
-1.60663e-05
2.90914e-08
-200
-1.67112e-05
1.37126e-08
-200
-1.70317e-05
1.23583e-08
-200
-1.71505e-05
3.17205e-08
-200
-1.69688e-05
4.88598e-08
-200
-1.64528e-05
5.96983e-08
-200
-1.55603e-05
6.26496e-08
-200
-1.42301e-05
5.9249e-08
-200
-1.23842e-05
5.10164e-08
-200
-9.92746e-06
3.92413e-08
-200
-6.74923e-06
2.56019e-08
-200
-2.71478e-06
9.89915e-09
-200
2.33889e-06
-1.01359e-08
-200
8.60555e-06
-1.13946e-08
-200
1.63269e-05
-1.98142e-08
-200
2.97991e-05
-4.31379e-08
-1.95023e-06
-2.26217e-08
-200
-1.74735e-05
3.63099e-08
-200
-1.81524e-05
-1.11486e-08
-200
-1.84396e-05
3.02428e-08
-200
-1.8521e-05
4.29179e-08
-200
-1.82714e-05
5.48114e-08
-200
-1.76569e-05
6.16099e-08
-200
-1.6632e-05
6.16615e-08
-200
-1.51372e-05
5.627e-08
-200
-1.30892e-05
4.76775e-08
-200
-1.03881e-05
3.42155e-08
-200
-6.91912e-06
1.83322e-08
-200
-2.54195e-06
2.95382e-09
-200
2.9158e-06
-9.96535e-09
-200
9.66391e-06
-2.62599e-08
-200
1.79361e-05
-4.11028e-08
-200
3.23366e-05
-4.66163e-08
-2.02084e-06
-2.3036e-08
-200
-1.88604e-05
-1.17156e-08
-200
-1.95659e-05
-1.39305e-08
-200
-1.9811e-05
5.73702e-10
-200
-1.98406e-05
2.23055e-08
-200
-1.95088e-05
3.96955e-08
-200
-1.87809e-05
4.95491e-08
-200
-1.76154e-05
5.22808e-08
-200
-1.59507e-05
4.83918e-08
-200
-1.36964e-05
3.99813e-08
-200
-1.07499e-05
2.90083e-08
-200
-6.99571e-06
1.77394e-08
-200
-2.28738e-06
4.71455e-09
-200
3.55681e-06
-1.08334e-08
-200
1.0747e-05
-2.1411e-09
-200
1.95509e-05
-1.07445e-08
-200
3.4787e-05
-4.09338e-08
-2.0701e-06
-1.02764e-08
-200
-2.01759e-05
-4.94221e-10
-200
-2.08895e-05
-1.98457e-08
-200
-2.10826e-05
3.17853e-08
-200
-2.10501e-05
4.92933e-08
-200
-2.06289e-05
6.1825e-08
-200
-1.9784e-05
6.70383e-08
-200
-1.84837e-05
6.26278e-08
-200
-1.66495e-05
5.51663e-08
-200
-1.4192e-05
4.40322e-08
-200
-1.10116e-05
2.65674e-08
-200
-6.98509e-06
1.12679e-08
-200
-1.95964e-06
-4.52394e-10
-200
4.25507e-06
-9.03807e-09
-200
1.18796e-05
-2.32e-08
-200
2.11654e-05
-3.36344e-08
-200
3.72223e-05
-4.60486e-08
-2.09998e-06
-1.6557e-08
-200
-2.14423e-05
-3.87949e-08
-200
-2.21528e-05
-6.93725e-09
-200
-2.22896e-05
1.55716e-08
-200
-2.21835e-05
4.16446e-08
-200
-2.16652e-05
5.73475e-08
-200
-2.07077e-05
6.26788e-08
-200
-1.92729e-05
6.10363e-08
-200
-1.72774e-05
5.20821e-08
-200
-1.4628e-05
3.67927e-08
-200
-1.12233e-05
2.07622e-08
-200
-6.93182e-06
7.90591e-09
-200
-1.59531e-06
-1.94411e-09
-200
4.98864e-06
-1.08198e-08
-200
1.3025e-05
-5.70709e-09
-200
2.27922e-05
-4.03164e-09
-200
3.96315e-05
-4.1435e-08
-2.12382e-06
-7.23488e-09
-200
-2.26251e-05
-3.08094e-08
-200
-2.32813e-05
8.18125e-09
-200
-2.33657e-05
6.57541e-08
-200
-2.31829e-05
8.4711e-08
-200
-2.25745e-05
9.26912e-08
-200
-2.15216e-05
8.95055e-08
-200
-1.99703e-05
8.10493e-08
-200
-1.78325e-05
6.28854e-08
-200
-1.50176e-05
3.86048e-08
-200
-1.14098e-05
1.78299e-08
-200
-6.87853e-06
6.04573e-09
-200
-1.21961e-06
-9.10328e-10
-200
5.72847e-06
-1.43929e-08
-200
1.41858e-05
-2.62047e-08
-200
2.44278e-05
-2.80582e-08
-200
4.2084e-05
-4.47643e-08
-2.15287e-06
-9.51039e-09
-200
-2.37476e-05
-3.46546e-08
-200
-2.43047e-05
3.80979e-08
-200
-2.43541e-05
6.73879e-08
-200
-2.4091e-05
9.24732e-08
-200
-2.34062e-05
1.00893e-07
-200
-2.22737e-05
9.62067e-08
-200
-2.06312e-05
8.3202e-08
-200
-1.83859e-05
5.93798e-08
-200
-1.54356e-05
3.0586e-08
-200
-1.16711e-05
1.60195e-08
-200
-6.86544e-06
3.89302e-09
-200
-8.90955e-07
-5.95893e-09
-200
6.42494e-06
-1.12051e-08
-200
1.53028e-05
1.06169e-08
-200
2.60831e-05
3.00562e-09
-200
4.45934e-05
-4.04307e-08
-2.19497e-06
6.54565e-10
-200
-2.47501e-05
9.07174e-10
-200
-2.51731e-05
8.11898e-08
-200
-2.52069e-05
1.32183e-07
-200
-2.48767e-05
1.44033e-07
-200
-2.41393e-05
1.40519e-07
-200
-2.29563e-05
1.25854e-07
-200
-2.12646e-05
9.94098e-08
-200
-1.89614e-05
6.26649e-08
-200
-1.59537e-05
3.01774e-08
-200
-1.2003e-05
5.22644e-09
-200
-6.95372e-06
-4.51037e-09
-200
-6.74064e-07
-1.05822e-08
-200
7.03e-06
-7.60896e-09
-200
1.63846e-05
-3.07986e-08
-200
2.77268e-05
-2.90546e-08
-200
4.72367e-05
-4.49864e-08
-2.25834e-06
-1.956e-09
-200
-2.56816e-05
6.17595e-08
-200
-2.5954e-05
1.3639e-07
-200
-2.60058e-05
1.54468e-07
-200
-2.56215e-05
1.61489e-07
-200
-2.484e-05
1.55897e-07
-200
-2.36412e-05
1.3683e-07
-200
-2.19587e-05
9.60109e-08
-200
-1.96664e-05
5.83065e-08
-200
-1.66032e-05
2.41274e-08
-200
-1.25058e-05
7.14737e-09
-200
-7.2429e-06
9.96688e-10
-200
-6.3752e-07
-4.36782e-10
-200
7.49777e-06
-1.14986e-08
-200
1.73579e-05
9.31966e-09
-200
2.93731e-05
2.56313e-09
-200
5.00196e-05
-4.18004e-08
-2.36593e-06
-8.26177e-10
-200
-2.64815e-05
1.61917e-07
-200
-2.66735e-05
2.10567e-07
-200
-2.6706e-05
2.30982e-07
-200
-2.62946e-05
2.20557e-07
-200
-2.55259e-05
1.91596e-07
-200
-2.43449e-05
1.45884e-07
-200
-2.26981e-05
9.4709e-08
-200
-2.04993e-05
6.40032e-08
-200
-1.74053e-05
2.25692e-08
-200
-1.32517e-05
1.23488e-08
-200
-7.73256e-06
-3.10979e-09
-200
-8.22676e-07
-4.4477e-09
-200
7.79277e-06
-2.36421e-08
-200
1.82295e-05
-4.35638e-08
-200
3.09912e-05
-4.27698e-08
-200
5.30179e-05
-5.30876e-08
-2.52043e-06
-8.88324e-09
-200
-2.72688e-05
2.613e-07
-200
-2.74211e-05
2.70849e-07
-200
-2.74387e-05
2.53547e-07
-200
-2.70535e-05
2.23763e-07
-200
-2.62778e-05
1.88343e-07
-200
-2.51368e-05
1.47434e-07
-200
-2.36386e-05
9.86525e-08
-200
-2.15303e-05
4.71673e-08
-200
-1.85015e-05
2.91306e-08
-200
-1.42279e-05
2.04102e-08
-200
-8.5163e-06
5.37745e-09
-200
-1.24732e-06
-1.06813e-08
-200
7.8724e-06
-4.7681e-08
-200
1.89604e-05
-2.30866e-08
-200
3.25878e-05
-7.16561e-09
-200
5.6208e-05
-4.53957e-08
-2.7489e-06
-2.51962e-08
-200
-2.80594e-05
3.39942e-07
-200
-2.81589e-05
2.66577e-07
-200
-2.81466e-05
2.43852e-07
-200
-2.78468e-05
2.14753e-07
-200
-2.70561e-05
1.71295e-07
-200
-2.60482e-05
9.95926e-08
-200
-2.4709e-05
5.12308e-08
-200
-2.27701e-05
1.29611e-08
-200
-1.97781e-05
1.15166e-09
-200
-1.54298e-05
-1.52082e-08
-200
-9.5229e-06
-3.67123e-08
-200
-1.73451e-06
-9.65984e-08
-200
7.74997e-06
-9.03885e-08
-200
1.95637e-05
-8.68742e-08
-200
3.41125e-05
-3.04272e-08
-200
5.95936e-05
-5.30345e-08
-2.99619e-06
-3.39517e-08
-200
-2.90005e-05
2.65198e-07
-200
-2.92255e-05
2.26965e-07
-200
-2.88933e-05
1.04328e-07
-200
-2.87791e-05
6.82824e-08
-200
-2.80254e-05
2.43956e-08
-200
-2.72395e-05
-3.05609e-08
-200
-2.60141e-05
-7.78944e-08
-200
-2.42287e-05
-7.20239e-08
-200
-2.12473e-05
-5.63578e-08
-200
-1.68207e-05
-5.91747e-08
-200
-1.05726e-05
-8.9523e-08
-200
-2.61829e-06
-1.10708e-07
-200
7.585e-06
-1.22181e-07
-200
2.00106e-05
-2.44387e-08
-200
3.5696e-05
-8.05672e-09
-200
6.31373e-05
-2.33585e-08
-3.38964e-06
-4.69874e-08
-200
-2.98599e-05
3.08792e-07
-200
-3.00829e-05
2.23579e-07
-200
-2.9798e-05
1.8823e-07
-200
-2.97354e-05
1.11233e-07
-200
-2.92507e-05
1.94311e-08
-200
-2.86134e-05
-6.28189e-08
-200
-2.75757e-05
-8.56018e-08
-200
-2.57359e-05
-4.77898e-08
-200
-2.28443e-05
-5.95211e-08
-200
-1.83576e-05
-1.59345e-07
-200
-1.178e-05
-1.76095e-07
-200
-3.15916e-06
-1.63269e-07
-200
7.04756e-06
-4.4794e-08
-200
2.044e-05
9.69616e-09
-200
3.68973e-05
9.51713e-08
-200
6.67073e-05
-4.79171e-08
-3.75638e-06
-3.92905e-08
-200
-3.03587e-05
2.68624e-07
-200
-3.08176e-05
2.29664e-07
-200
-3.10254e-05
7.64492e-08
-200
-3.11106e-05
7.87704e-09
-200
-3.09622e-05
-1.2328e-07
-200
-3.03944e-05
-1.67343e-07
-200
-2.9498e-05
-1.47702e-07
-200
-2.76521e-05
-1.73512e-07
-200
-2.47367e-05
-1.37214e-07
-200
-2.00695e-05
-1.70762e-07
-200
-1.30596e-05
-1.52862e-07
-200
-2.25532e-08
-200
1.93547e-07
-200
1.51242e-07
-200
6.3811e-08
-200
-5.74858e-08
-1.11338e-08
-200
5.84027e-07
-200
4.31375e-07
-200
3.89392e-07
-200
2.07838e-07
-200
8.39791e-08
-200
3.66314e-08
-200
4.50764e-08
-200
4.68449e-08
-200
5.53785e-08
-200
-2.88141e-07
4.41634e-08
-200
-1.14775e-06
-200
-1.27656e-06
-200
-1.39616e-06
-200
-1.48233e-06
-200
-1.52596e-06
-200
-1.54946e-06
-200
-1.52535e-06
-200
-1.48805e-06
-200
-1.37916e-06
-200
-1.21417e-06
-200
-9.71669e-07
-200
-6.38256e-07
-200
-2.07303e-07
-200
3.22931e-07
-200
9.02027e-07
-200
3.02517e-06
5.93494e-08
-200
-2.51446e-06
-200
-2.73519e-06
-200
-2.92239e-06
-200
-3.07037e-06
-200
-3.159e-06
-200
-3.1746e-06
-200
-3.10983e-06
-200
-2.98265e-06
-200
-2.74642e-06
-200
-2.37926e-06
-200
-1.85358e-06
-200
-1.14024e-06
-200
-2.12598e-07
-200
9.593e-07
-200
2.39535e-06
-200
6.14124e-06
-1.84805e-07
-200
-3.85309e-06
-200
-4.19181e-06
-200
-4.43105e-06
-200
-4.64216e-06
-200
-4.76646e-06
-200
-4.78045e-06
-200
-4.68072e-06
-200
-4.46208e-06
-200
-4.08706e-06
-200
-3.51575e-06
-200
-2.70461e-06
-200
-1.60587e-06
-200
-1.64451e-07
-200
1.69515e-06
-200
4.0882e-06
-200
8.95101e-06
-4.938e-07
-200
-5.15521e-06
-200
-5.5973e-06
-200
-5.90126e-06
-200
-6.17047e-06
-200
-6.32275e-06
-200
-6.33536e-06
-200
-6.19823e-06
-200
-5.89153e-06
-200
-5.37398e-06
-200
-4.59612e-06
-200
-3.49997e-06
-200
-2.01768e-06
-200
-6.84532e-08
-200
2.45408e-06
-200
5.70474e-06
-200
1.17735e-05
-7.98917e-07
-200
-6.4318e-06
-200
-6.97735e-06
-200
-7.33892e-06
-200
-7.65782e-06
-200
-7.83231e-06
-200
-7.83937e-06
-200
-7.66054e-06
-200
-7.26488e-06
-200
-6.60409e-06
-200
-5.61917e-06
-200
-4.24006e-06
-200
-2.38278e-06
-200
5.36837e-08
-200
3.1971e-06
-200
7.20799e-06
-200
1.46311e-05
-1.0815e-06
-200
-7.68826e-06
-200
-8.31468e-06
-200
-8.7406e-06
-200
-9.09936e-06
-200
-9.28785e-06
-200
-9.28098e-06
-200
-9.05259e-06
-200
-8.56282e-06
-200
-7.75631e-06
-200
-6.56338e-06
-200
-4.9041e-06
-200
-2.68059e-06
-200
2.25766e-07
-200
3.96161e-06
-200
8.70695e-06
-200
1.74272e-05
-1.34654e-06
-200
-8.92057e-06
-200
-9.62932e-06
-200
-1.01035e-05
-200
-1.04937e-05
-200
-1.0688e-05
-200
-1.06585e-05
-200
-1.03726e-05
-200
-9.78277e-06
-200
-8.82708e-06
-200
-7.42694e-06
-200
-5.49232e-06
-200
-2.91417e-06
-200
4.42279e-07
-200
4.73939e-06
-200
1.01677e-05
-200
2.01526e-05
-1.58645e-06
-200
-1.01528e-05
-200
-1.09223e-05
-200
-1.14442e-05
-200
-1.18522e-05
-200
-1.20386e-05
-200
-1.19728e-05
-200
-1.16163e-05
-200
-1.09164e-05
-200
-9.8047e-06
-200
-8.19392e-06
-200
-5.98584e-06
-200
-3.06082e-06
-200
7.27708e-07
-200
5.56032e-06
-200
1.16518e-05
-200
2.27741e-05
-1.80165e-06
-200
-1.13586e-05
-200
-1.22017e-05
-200
-1.27485e-05
-200
-1.3163e-05
-200
-1.33295e-05
-200
-1.32161e-05
-200
-1.27786e-05
-200
-1.19596e-05
-200
-1.06847e-05
-200
-8.86181e-06
-200
-6.38665e-06
-200
-3.12804e-06
-200
1.07406e-06
-200
6.4096e-06
-200
1.31002e-05
-200
2.5314e-05
-1.98685e-06
-200
-1.25966e-05
-200
-1.3486e-05
-200
-1.40422e-05
-200
-1.44466e-05
-200
-1.45769e-05
-200
-1.43975e-05
-200
-1.38625e-05
-200
-1.29106e-05
-200
-1.14632e-05
-200
-9.42488e-06
-200
-6.68291e-06
-200
-3.09849e-06
-200
1.49691e-06
-200
7.31093e-06
-200
1.45852e-05
-200
2.77499e-05
-2.13601e-06
-200
-1.3796e-05
-200
-1.47555e-05
-200
-1.52906e-05
-200
-1.56734e-05
-200
-1.57551e-05
-200
-1.54981e-05
-200
-1.48538e-05
-200
-1.37607e-05
-200
-1.21367e-05
-200
-9.8831e-06
-200
-6.88052e-06
-200
-2.98306e-06
-200
1.98932e-06
-200
8.24669e-06
-200
1.60361e-05
-200
3.01228e-05
-2.25752e-06
-200
-1.50236e-05
-200
-1.60141e-05
-200
-1.65258e-05
-200
-1.68677e-05
-200
-1.68822e-05
-200
-1.65291e-05
-200
-1.57629e-05
-200
-1.45212e-05
-200
-1.2716e-05
-200
-1.02439e-05
-200
-6.98289e-06
-200
-2.7807e-06
-200
2.55072e-06
-200
9.23614e-06
-200
1.7536e-05
-200
3.24168e-05
-2.33651e-06
-200
-1.6194e-05
-200
-1.72122e-05
-200
-1.76844e-05
-200
-1.79755e-05
-200
-1.7913e-05
-200
-1.74593e-05
-200
-1.65751e-05
-200
-1.51856e-05
-200
-1.32017e-05
-200
-1.05195e-05
-200
-7.01108e-06
-200
-2.51543e-06
-200
3.16569e-06
-200
1.02488e-05
-200
1.90027e-05
-200
3.4699e-05
-2.40557e-06
-200
-1.73591e-05
-200
-1.83558e-05
-200
-1.8792e-05
-200
-1.9018e-05
-200
-1.88669e-05
-200
-1.83152e-05
-200
-1.73129e-05
-200
-1.57797e-05
-200
-1.36258e-05
-200
-1.07408e-05
-200
-6.99142e-06
-200
-2.21441e-06
-200
3.8196e-06
-200
1.12968e-05
-200
2.052e-05
-200
3.69567e-05
-2.45541e-06
-200
-1.84371e-05
-200
-1.93838e-05
-200
-1.97775e-05
-200
-1.99353e-05
-200
-1.97053e-05
-200
-1.90719e-05
-200
-1.79683e-05
-200
-1.63117e-05
-200
-1.40126e-05
-200
-1.09384e-05
-200
-6.98213e-06
-200
-1.89251e-06
-200
4.47366e-06
-200
1.2334e-05
-200
2.19966e-05
-200
3.92458e-05
-2.48392e-06
-200
-1.94533e-05
-200
-2.02818e-05
-200
-2.06746e-05
-200
-2.07575e-05
-200
-2.04634e-05
-200
-1.97587e-05
-200
-1.8576e-05
-200
-1.68286e-05
-200
-1.4412e-05
-200
-1.11953e-05
-200
-6.99101e-06
-200
-1.60433e-06
-200
5.08515e-06
-200
1.33505e-05
-200
2.35243e-05
-200
4.1589e-05
-2.49524e-06
-200
-2.03248e-05
-200
-2.10185e-05
-200
-2.1426e-05
-200
-2.14485e-05
-200
-2.11116e-05
-200
-2.03652e-05
-200
-1.91543e-05
-200
-1.73579e-05
-200
-1.48965e-05
-200
-1.15361e-05
-200
-7.08325e-06
-200
-1.45438e-06
-200
5.59614e-06
-200
1.4272e-05
-200
2.498e-05
-200
4.40413e-05
-2.48135e-06
-200
-2.10419e-05
-200
-2.16419e-05
-200
-2.20639e-05
-200
-2.20472e-05
-200
-2.16822e-05
-200
-2.09265e-05
-200
-1.97555e-05
-200
-1.79576e-05
-200
-1.54824e-05
-200
-1.19874e-05
-200
-7.37008e-06
-200
-1.46315e-06
-200
5.95328e-06
-200
1.51126e-05
-200
2.64721e-05
-200
4.66194e-05
-2.47834e-06
-200
-2.15593e-05
-200
-2.21317e-05
-200
-2.25671e-05
-200
-2.25341e-05
-200
-2.21908e-05
-200
-2.14599e-05
-200
-2.03814e-05
-200
-1.86545e-05
-200
-1.62095e-05
-200
-1.2644e-05
-200
-7.90049e-06
-200
-1.69736e-06
-200
6.08772e-06
-200
1.58033e-05
-200
2.7875e-05
-200
4.94022e-05
-2.53106e-06
-200
-2.20329e-05
-200
-2.25201e-05
-200
-2.30025e-05
-200
-2.29924e-05
-200
-2.26575e-05
-200
-2.20187e-05
-200
-2.10563e-05
-200
-1.95009e-05
-200
-1.71197e-05
-200
-1.35221e-05
-200
-8.65177e-06
-200
-2.18324e-06
-200
6.03122e-06
-200
1.63882e-05
-200
2.93211e-05
-200
5.23673e-05
-2.66606e-06
-200
-2.25715e-05
-200
-2.31051e-05
-200
-2.33303e-05
-200
-2.34549e-05
-200
-2.31085e-05
-200
-2.26891e-05
-200
-2.18512e-05
-200
-2.05321e-05
-200
-1.82181e-05
-200
-1.4624e-05
-200
-9.62682e-06
-200
-2.92226e-06
-200
5.80054e-06
-200
1.68565e-05
-200
3.07751e-05
-200
5.55355e-05
-2.90301e-06
-200
-2.34833e-05
-200
-2.38029e-05
-200
-2.37175e-05
-200
-2.40482e-05
-200
-2.38021e-05
-200
-2.35153e-05
-200
-2.29277e-05
-200
-2.17405e-05
-200
-1.94927e-05
-200
-1.58469e-05
-200
-1.073e-05
-200
-3.7497e-06
-200
5.46722e-06
-200
1.76004e-05
-200
3.2104e-05
-200
5.88043e-05
-3.21456e-06
-200
-2.39066e-05
-200
-2.40473e-05
-200
-2.41678e-05
-200
-2.46014e-05
-200
-2.4673e-05
-200
-2.44869e-05
-200
-2.41277e-05
-200
-2.3044e-05
-200
-2.08452e-05
-200
-1.71325e-05
-200
-1.19517e-05
-200
-4.81776e-06
-200
5.3464e-06
-200
1.7798e-05
-200
3.35439e-05
-200
6.20512e-05
-3.48286e-06
-200
-2.38068e-05
-200
-2.42257e-05
-200
-2.4943e-05
-200
-2.54637e-05
-200
-2.59259e-05
-200
-2.59696e-05
-200
-2.57068e-05
-200
-2.4687e-05
-200
-2.25116e-05
-200
-1.8773e-05
-200
-1.34875e-05
-200
-6.03971e-06
-200
4.53062e-06
-200
1.82762e-05
-200
-200
-200
-200
-200
-200
-200
-200
-200
-200
-200
-200
-200
-200
-200
)
;

boundaryField
{
    frontAndBack
    {
        type            calculated;
        value           uniform 0;
    }
    inlet
    {
        type            calculated;
        value           uniform -200;
    }
    outlet
    {
        type            calculated;
        value           nonuniform List<scalar> 0();
    }
    lowerWall
    {
        type            calculated;
        value           uniform 0;
    }
    upperWall
    {
        type            calculated;
        value           uniform 0;
    }
    procBoundary2to1
    {
        type            processor;
        value           nonuniform List<scalar> 
124
(
200
200
200
200
200
200
200
200
200
200
200
200
200
200
200
200
200
200
200
200
200
200
200
200
200
200
200
200
200
200
200
200
200
200
200
200
200
200
200
200
200
200
200
200
200
200
200
200
200
200
200
200
200
200
200
200
200
200
200
200
200
200
200
200
200
200
200
200
200
200
200
200
200
200
200
200
200
200
200
200
200
200
200
200
200
200
200
200
200
200
200
200
200
200
200
200
200
200
200
200
200
200
200
200
200
200
200
200
200
200
200
200
200
200
200
200
200
200
200
200
200
200
200
200
)
;
    }
    procBoundary2to4
    {
        type            processor;
        value           uniform 200;
    }
    procBoundary2to5
    {
        type            processor;
        value           nonuniform List<scalar> 
100
(
-3.27375e-05
-3.3215e-05
-3.22337e-05
-3.04908e-05
-2.75271e-05
-2.24008e-05
-1.51158e-05
-5.6213e-06
6.52371e-06
2.18075e-05
4.08397e-05
6.82508e-05
-4.42675e-06
-3.24529e-05
-3.31077e-05
-3.34643e-05
-200
-3.41687e-05
8.49462e-07
1.10946e-07
-2.87859e-05
-2.76277e-05
-2.46052e-05
-1.99402e-05
-1.36839e-05
-5.33862e-06
5.81809e-06
2.01001e-05
3.78622e-05
7.02778e-05
-4.26168e-06
-3.1212e-05
-3.15395e-05
-3.23805e-05
-3.28592e-05
-3.30888e-05
-200
-3.28146e-05
3.82767e-07
3.59816e-07
-8.21663e-08
-1.95315e-05
-1.40194e-05
-5.06658e-06
6.19256e-06
2.03544e-05
3.80121e-05
7.03425e-05
-4.24305e-06
-3.12199e-05
-3.17293e-05
-3.25623e-05
-3.30413e-05
-3.34643e-05
-3.30006e-05
-3.21104e-05
-3.00989e-05
-200
-2.67893e-05
2.23919e-07
-5.66818e-08
-4.5637e-06
5.96247e-06
2.03459e-05
3.82682e-05
7.02958e-05
-4.12258e-06
-3.10732e-05
-3.18922e-05
-3.25261e-05
-3.30053e-05
-3.32473e-05
-3.29776e-05
-3.20474e-05
-3.01635e-05
-2.69298e-05
-2.21912e-05
-200
-1.57263e-05
-1.89123e-07
-4.28073e-08
-2.86705e-07
3.44233e-05
6.52621e-05
-4.02696e-06
-2.33795e-05
-2.41498e-05
-2.55297e-05
-2.64969e-05
-2.7303e-05
-2.76652e-05
-2.74906e-05
-2.65192e-05
-2.43448e-05
-2.08634e-05
-1.51628e-05
-7.57292e-06
2.9651e-06
-200
1.77745e-05
)
;
    }
}


// ************************************************************************* //
