/*--------------------------------*- C++ -*----------------------------------*\
  =========                 |
  \\      /  F ield         | OpenFOAM: The Open Source CFD Toolbox
   \\    /   O peration     | Website:  https://openfoam.org
    \\  /    A nd           | Version:  10
     \\/     M anipulation  |
\*---------------------------------------------------------------------------*/
FoamFile
{
    format      ascii;
    class       volVectorField;
    location    "20";
    object      U;
}
// * * * * * * * * * * * * * * * * * * * * * * * * * * * * * * * * * * * * * //

dimensions      [0 1 -1 0 0 0 0];

internalField   nonuniform List<vector> 
2084
(
(-10 -3.91966e-08 -5.94793e-10)
(-10 -4.10359e-08 -1.54987e-09)
(-10 -4.215e-08 -1.1904e-09)
(-10 -4.54404e-08 -1.32983e-09)
(-10 -4.76917e-08 4.32688e-10)
(-10 -4.7923e-08 1.20873e-09)
(-10 -4.71446e-08 1.83787e-09)
(-10 -4.61752e-08 1.97576e-09)
(-10 -4.38296e-08 1.89711e-09)
(-10 -3.99517e-08 1.45487e-09)
(-10 -3.43208e-08 4.53386e-10)
(-10 -2.65001e-08 -1.16984e-09)
(-10 -1.63663e-08 -3.60744e-09)
(-10 -3.24029e-09 -6.21377e-09)
(-10 1.21969e-08 -5.69754e-09)
(-10 7.2471e-08 -5.11437e-09)
(-10 1.2424e-08 -8.66413e-12)
(-10 -1.26718e-07 -2.13397e-09)
(-10 -1.34401e-07 -2.72985e-09)
(-10 -1.35662e-07 -2.02223e-09)
(-10 -1.41078e-07 -2.09532e-09)
(-10 -1.41851e-07 -7.06674e-10)
(-10 -1.41308e-07 4.46454e-10)
(-10 -1.35595e-07 1.26817e-09)
(-10 -1.26433e-07 1.37825e-09)
(-10 -1.1554e-07 1.19394e-09)
(-10 -9.90869e-08 6.17659e-10)
(-10 -7.60033e-08 -5.35832e-10)
(-10 -4.60227e-08 -2.48375e-09)
(-10 -8.14578e-09 -5.52227e-09)
(-10 3.78123e-08 -8.78021e-09)
(-10 9.31401e-08 -7.99834e-09)
(-10 2.56805e-07 -6.69105e-09)
(-10 -7.89779e-09 -5.69494e-10)
(-10 -2.13096e-07 -5.14254e-09)
(-10 -2.23492e-07 -5.30717e-09)
(-10 -2.29889e-07 -4.41624e-09)
(-10 -2.37309e-07 -2.36055e-09)
(-10 -2.38992e-07 -6.59309e-10)
(-10 -2.37019e-07 4.51595e-10)
(-10 -2.30441e-07 1.43087e-09)
(-10 -2.13416e-07 1.96597e-09)
(-10 -1.91965e-07 1.90427e-09)
(-10 -1.62273e-07 1.43994e-09)
(-10 -1.22467e-07 3.57241e-10)
(-10 -7.05886e-08 -1.61967e-09)
(-10 -4.53382e-09 -4.77269e-09)
(-10 7.86443e-08 -8.02269e-09)
(-10 1.81996e-07 -7.80199e-09)
(-10 3.94178e-07 -5.08419e-09)
(-10 -1.76826e-08 4.38171e-10)
(-10 -3.06865e-07 -4.9717e-09)
(-10 -3.16679e-07 -7.27325e-09)
(-10 -3.32626e-07 -5.66285e-09)
(-10 -3.39324e-07 -2.65635e-09)
(-10 -3.40963e-07 -9.72617e-10)
(-10 -3.36985e-07 2.71171e-11)
(-10 -3.2657e-07 1.0105e-09)
(-10 -3.02331e-07 1.62579e-09)
(-10 -2.67372e-07 1.6694e-09)
(-10 -2.21236e-07 1.28273e-09)
(-10 -1.63023e-07 2.57443e-10)
(-10 -8.74879e-08 -1.73338e-09)
(-10 9.22332e-09 -4.78104e-09)
(-10 1.31491e-07 -8.6189e-09)
(-10 2.84633e-07 -7.58631e-09)
(-10 5.43682e-07 -2.91377e-09)
(-10 -3.8129e-08 3.97367e-10)
(-10 -3.85479e-07 -5.9808e-09)
(-10 -4.04259e-07 -6.11999e-09)
(-10 -4.20053e-07 -4.52533e-09)
(-10 -4.31229e-07 -2.53546e-09)
(-10 -4.32879e-07 -1.00462e-09)
(-10 -4.27405e-07 -5.33644e-11)
(-10 -4.13721e-07 7.77796e-10)
(-10 -3.83014e-07 1.25822e-09)
(-10 -3.38067e-07 1.10018e-09)
(-10 -2.79181e-07 8.05414e-10)
(-10 -2.02107e-07 -1.69592e-10)
(-10 -1.02557e-07 -2.05698e-09)
(-10 2.42959e-08 -5.0831e-09)
(-10 1.83719e-07 -8.07162e-09)
(-10 3.84624e-07 -6.83516e-09)
(-10 6.85132e-07 -2.68119e-09)
(-10 -4.83183e-08 4.17053e-10)
(-10 -4.6718e-07 -4.55953e-09)
(-10 -4.89745e-07 -4.78341e-09)
(-10 -5.09662e-07 -4.72259e-09)
(-10 -5.2222e-07 -2.35719e-09)
(-10 -5.23098e-07 -9.9584e-10)
(-10 -5.15594e-07 -8.12861e-11)
(-10 -4.97951e-07 6.14381e-10)
(-10 -4.59227e-07 9.64262e-10)
(-10 -4.0368e-07 8.91755e-10)
(-10 -3.31246e-07 4.86312e-10)
(-10 -2.3704e-07 -3.96797e-10)
(-10 -1.15766e-07 -2.08209e-09)
(-10 3.86545e-08 -4.61062e-09)
(-10 2.334e-07 -7.86631e-09)
(-10 4.78248e-07 -6.65848e-09)
(-10 8.33715e-07 -2.64925e-09)
(-10 -6.68405e-08 5.07194e-11)
(-10 -5.45127e-07 -2.83902e-09)
(-10 -5.67111e-07 -3.99595e-09)
(-10 -5.93606e-07 -5.0658e-09)
(-10 -6.06788e-07 -1.99084e-09)
(-10 -6.07327e-07 -6.44362e-10)
(-10 -5.97783e-07 1.37566e-10)
(-10 -5.76308e-07 8.22089e-10)
(-10 -5.30308e-07 1.19277e-09)
(-10 -4.64448e-07 9.12116e-10)
(-10 -3.78942e-07 4.88236e-10)
(-10 -2.67969e-07 -3.85013e-10)
(-10 -1.25586e-07 -1.97722e-09)
(-10 5.50672e-08 -4.50513e-09)
(-10 2.82306e-07 -6.82711e-09)
(-10 5.66828e-07 -5.62954e-09)
(-10 9.76345e-07 -2.79451e-09)
(-10 -7.5995e-08 3.30717e-10)
(-10 -6.23039e-07 -4.23816e-09)
(-10 -6.4725e-07 -5.56248e-09)
(-10 -6.76705e-07 -3.86776e-09)
(-10 -6.90183e-07 -1.48319e-09)
(-10 -6.89769e-07 -6.19428e-10)
(-10 -6.77551e-07 2.12266e-10)
(-10 -6.51633e-07 8.74329e-10)
(-10 -5.96953e-07 1.18694e-09)
(-10 -5.20725e-07 1.09147e-09)
(-10 -4.22105e-07 7.00185e-10)
(-10 -2.94588e-07 -1.29427e-10)
(-10 -1.31581e-07 -1.59285e-09)
(-10 7.45796e-08 -3.75726e-09)
(-10 3.32903e-07 -6.687e-09)
(-10 6.551e-07 -5.71236e-09)
(-10 1.11636e-06 -2.31249e-09)
(-10 -9.08971e-08 -4.77927e-11)
(-10 -6.93414e-07 -6.24194e-09)
(-10 -7.23879e-07 -3.85474e-09)
(-10 -7.54367e-07 -2.69696e-09)
(-10 -7.68013e-07 -1.36412e-09)
(-10 -7.66215e-07 -5.27663e-10)
(-10 -7.51156e-07 2.64986e-10)
(-10 -7.20722e-07 1.0159e-09)
(-10 -6.57914e-07 1.40132e-09)
(-10 -5.71455e-07 1.19874e-09)
(-10 -4.60124e-07 8.84777e-10)
(-10 -3.16769e-07 1.30319e-10)
(-10 -1.34174e-07 -1.32382e-09)
(-10 9.59517e-08 -3.54256e-09)
(-10 3.83557e-07 -5.69306e-09)
(-10 7.41202e-07 -4.68875e-09)
(-10 1.25052e-06 -2.41745e-09)
(-10 -9.84294e-08 2.72367e-10)
(-10 -7.66454e-07 -3.77806e-09)
(-10 -7.98965e-07 -3.36781e-09)
(-10 -8.32078e-07 -3.61841e-09)
(-10 -8.44234e-07 -1.63935e-09)
(-10 -8.40228e-07 -7.51327e-10)
(-10 -8.21751e-07 1.25328e-10)
(-10 -7.86228e-07 9.13314e-10)
(-10 -7.14075e-07 1.30104e-09)
(-10 -6.17311e-07 1.47218e-09)
(-10 -4.93237e-07 1.14605e-09)
(-10 -3.34221e-07 4.57924e-10)
(-10 -1.32475e-07 -8.16336e-10)
(-10 1.20892e-07 -2.7175e-09)
(-10 4.36391e-07 -5.51716e-09)
(-10 8.27266e-07 -4.73793e-09)
(-10 1.38082e-06 -1.9336e-09)
(-10 -1.09373e-07 -1.71617e-10)
(-10 -8.35789e-07 -3.68581e-09)
(-10 -8.67834e-07 -3.87151e-09)
(-10 -9.0383e-07 -2.58747e-09)
(-10 -9.14266e-07 -1.52489e-09)
(-10 -9.08072e-07 -5.65874e-10)
(-10 -8.85942e-07 4.86783e-10)
(-10 -8.45273e-07 1.37233e-09)
(-10 -7.64311e-07 1.86389e-09)
(-10 -6.57506e-07 2.05884e-09)
(-10 -5.21056e-07 1.76775e-09)
(-10 -3.46983e-07 1.03571e-09)
(-10 -1.2696e-07 -2.21905e-10)
(-10 1.48402e-07 -2.39558e-09)
(-10 4.90213e-07 -4.48616e-09)
(-10 9.12182e-07 -3.76479e-09)
(-10 1.50601e-06 -2.05185e-09)
(-10 -1.14591e-07 1.89561e-10)
(-10 -9.0338e-07 -4.40643e-09)
(-10 -9.36157e-07 -4.48839e-09)
(-10 -9.74357e-07 -1.79678e-09)
(-10 -9.81397e-07 -7.94541e-10)
(-10 -9.72537e-07 2.36082e-10)
(-10 -9.46576e-07 1.33546e-09)
(-10 -9.00424e-07 2.09201e-09)
(-10 -8.09912e-07 2.52375e-09)
(-10 -6.92992e-07 2.76564e-09)
(-10 -5.44263e-07 2.50818e-09)
(-10 -3.5543e-07 1.77752e-09)
(-10 -1.17514e-07 5.53333e-10)
(-10 1.79271e-07 -1.46269e-09)
(-10 5.4632e-07 -4.27679e-09)
(-10 9.97572e-07 -3.81144e-09)
(-10 1.62827e-06 -1.62821e-09)
(-10 -1.2164e-07 -3.62332e-10)
(-10 -9.65099e-07 -5.14654e-09)
(-10 -9.9975e-07 -3.63662e-09)
(-10 -1.03863e-06 3.61487e-10)
(-10 -1.04322e-06 8.76362e-10)
(-10 -1.03142e-06 1.75788e-09)
(-10 -1.00109e-06 2.57802e-09)
(-10 -9.49513e-07 3.31422e-09)
(-10 -8.50271e-07 3.77927e-09)
(-10 -7.23737e-07 3.85004e-09)
(-10 -5.63312e-07 3.38014e-09)
(-10 -3.60107e-07 2.49086e-09)
(-10 -1.05003e-07 1.01463e-09)
(-10 2.12301e-07 -1.24875e-09)
(-10 6.03518e-07 -3.09649e-09)
(-10 1.08252e-06 -2.72379e-09)
(-10 1.74759e-06 -1.75316e-09)
(-10 -1.24359e-07 -2.28096e-10)
(-10 -1.02519e-06 -4.19311e-09)
(-10 -1.06052e-06 5.29676e-10)
(-10 -1.09797e-06 7.9187e-10)
(-10 -1.10034e-06 2.04568e-09)
(-10 -1.08527e-06 3.07697e-09)
(-10 -1.05093e-06 3.9935e-09)
(-10 -9.94143e-07 4.84796e-09)
(-10 -8.86399e-07 5.19796e-09)
(-10 -7.51019e-07 4.90528e-09)
(-10 -5.79118e-07 4.11418e-09)
(-10 -3.62163e-07 3.04338e-09)
(-10 -9.01388e-08 1.49676e-09)
(-10 2.47506e-07 -8.00244e-10)
(-10 6.62421e-07 -3.39149e-09)
(-10 1.16839e-06 -2.83619e-09)
(-10 1.86615e-06 -1.68973e-09)
(-10 -1.28801e-07 -4.81769e-10)
(-10 -1.08076e-06 -2.11809e-09)
(-10 -1.1145e-06 2.09344e-09)
(-10 -1.15127e-06 3.04835e-09)
(-10 -1.15162e-06 4.67863e-09)
(-10 -1.13378e-06 5.58152e-09)
(-10 -1.09572e-06 6.38427e-09)
(-10 -1.03466e-06 7.0561e-09)
(-10 -9.19917e-07 6.87439e-09)
(-10 -7.76209e-07 5.9305e-09)
(-10 -5.93956e-07 4.53058e-09)
(-10 -3.63548e-07 2.83109e-09)
(-10 -7.47013e-08 9.99309e-10)
(-10 2.83126e-07 -1.15503e-09)
(-10 7.21783e-07 -2.90661e-09)
(-10 1.25459e-06 -2.81943e-09)
(-10 1.98439e-06 -2.05384e-09)
(-10 -1.28755e-07 -1.57601e-10)
(-10 -1.13219e-06 -5.10211e-10)
(-10 -1.16454e-06 3.15743e-09)
(-10 -1.19931e-06 6.37889e-09)
(-10 -1.19785e-06 7.77144e-09)
(-10 -1.17785e-06 8.50507e-09)
(-10 -1.13697e-06 8.98035e-09)
(-10 -1.07241e-06 8.9454e-09)
(-10 -9.53336e-07 8.32203e-09)
(-10 -8.01966e-07 6.65016e-09)
(-10 -6.09627e-07 4.84003e-09)
(-10 -3.657e-07 2.2929e-09)
(-10 -6.01648e-08 7.29723e-10)
(-10 3.18203e-07 -1.40369e-09)
(-10 7.81331e-07 -3.95782e-09)
(-10 1.34222e-06 -3.0003e-09)
(-10 2.10602e-06 -2.03672e-09)
(-10 -1.32416e-07 -5.0618e-10)
(-10 -1.17995e-06 -4.10675e-10)
(-10 -1.21352e-06 5.4927e-09)
(-10 -1.24587e-06 1.02078e-08)
(-10 -1.24254e-06 1.13795e-08)
(-10 -1.22012e-06 1.17079e-08)
(-10 -1.17749e-06 1.18185e-08)
(-10 -1.10937e-06 1.10734e-08)
(-10 -9.89764e-07 9.65208e-09)
(-10 -8.31427e-07 6.44691e-09)
(-10 -6.28746e-07 3.59199e-09)
(-10 -3.7192e-07 1.72811e-09)
(-10 -4.95405e-08 -1.43191e-10)
(-10 3.49905e-07 -2.11966e-09)
(-10 8.38979e-07 -3.60528e-09)
(-10 1.43e-06 -3.75223e-09)
(-10 2.23178e-06 -2.75918e-09)
(-10 -1.33673e-07 9.53081e-11)
(-10 -1.22764e-06 3.12173e-09)
(-10 -1.25818e-06 9.998e-09)
(-10 -1.28903e-06 1.15946e-08)
(-10 -1.28411e-06 1.31435e-08)
(-10 -1.26168e-06 1.36002e-08)
(-10 -1.21758e-06 1.30371e-08)
(-10 -1.14799e-06 1.18171e-08)
(-10 -1.03069e-06 9.83532e-09)
(-10 -8.66805e-07 6.97934e-09)
(-10 -6.55077e-07 2.86305e-09)
(-10 -3.84675e-07 1.10427e-09)
(-10 -4.461e-08 9.86581e-11)
(-10 3.77169e-07 -1.71256e-09)
(-10 8.93914e-07 -5.17693e-09)
(-10 1.51793e-06 -3.81583e-09)
(-10 2.36343e-06 -2.76053e-09)
(-10 -1.34967e-07 -4.29374e-10)
(-10 -1.27721e-06 3.44491e-09)
(-10 -1.30163e-06 1.09305e-08)
(-10 -1.33242e-06 1.24703e-08)
(-10 -1.32755e-06 1.32216e-08)
(-10 -1.3044e-06 1.39275e-08)
(-10 -1.26058e-06 1.38509e-08)
(-10 -1.19062e-06 1.12747e-08)
(-10 -1.08147e-06 8.3395e-09)
(-10 -9.12982e-07 5.08991e-09)
(-10 -6.91549e-07 2.62449e-09)
(-10 -4.0692e-07 1.50607e-09)
(-10 -4.82778e-08 9.34506e-10)
(-10 3.97444e-07 -1.67781e-09)
(-10 9.44421e-07 -4.38304e-09)
(-10 1.60532e-06 -5.01209e-09)
(-10 2.50254e-06 -3.64433e-09)
(-10 -1.36205e-07 3.05954e-10)
(-10 -1.32645e-06 4.95796e-09)
(-10 -1.34567e-06 8.89145e-09)
(-10 -1.37097e-06 9.72877e-09)
(-10 -1.37293e-06 1.09672e-08)
(-10 -1.34848e-06 1.2256e-08)
(-10 -1.30756e-06 1.1621e-08)
(-10 -1.23757e-06 9.00895e-09)
(-10 -1.13541e-06 6.02119e-09)
(-10 -9.70726e-07 4.11223e-09)
(-10 -7.38643e-07 3.35814e-09)
(-10 -4.39477e-07 3.92439e-09)
(-10 -6.14744e-08 2.65052e-09)
(-10 4.09713e-07 -9.28134e-10)
(-10 9.8959e-07 -6.22384e-09)
(-10 1.69225e-06 -5.72391e-09)
(-10 2.6508e-06 -3.53036e-09)
(-10 -1.41189e-07 -4.39328e-10)
(-10 -1.36917e-06 3.80847e-09)
(-10 -1.39041e-06 7.02629e-09)
(-10 -1.40493e-06 7.27346e-09)
(-10 -1.41649e-06 6.84865e-09)
(-10 -1.39641e-06 7.78002e-09)
(-10 -1.35679e-06 7.84058e-09)
(-10 -1.29422e-06 5.82671e-09)
(-10 -1.19536e-06 2.86025e-09)
(-10 -1.04215e-06 3.50032e-09)
(-10 -7.98431e-07 4.92729e-09)
(-10 -4.84887e-07 5.31123e-09)
(-10 -8.69777e-08 3.38321e-09)
(-10 4.11115e-07 -1.18517e-09)
(-10 1.02718e-06 -5.78867e-09)
(-10 1.77643e-06 -7.0764e-09)
(-10 2.80787e-06 -4.48506e-09)
(-10 -1.47353e-07 5.30251e-10)
(-10 -1.41162e-06 1.09485e-09)
(-10 -1.42289e-06 3.67392e-09)
(-10 -1.44328e-06 4.31609e-09)
(-10 -1.45516e-06 1.25418e-09)
(-10 -1.43514e-06 -1.47608e-09)
(-10 -1.42158e-06 -2.68836e-09)
(-10 -1.3663e-06 9.6432e-10)
(-10 -1.26406e-06 2.48147e-09)
(-10 -1.12418e-06 3.39298e-09)
(-10 -8.70877e-07 5.88558e-09)
(-10 -5.43633e-07 7.71746e-09)
(-10 -1.25081e-07 4.03528e-09)
(-10 4.01987e-07 -1.48853e-09)
(-10 1.05666e-06 -8.1043e-09)
(-10 1.85797e-06 -8.45451e-09)
(-10 2.97426e-06 -4.22707e-09)
(-10 -1.62724e-07 -4.48814e-10)
(-10 -1.41884e-06 3.10482e-09)
(-10 -1.45754e-06 -7.84956e-10)
(-10 -1.46905e-06 -2.07617e-09)
(-10 -1.48137e-06 -2.21556e-08)
(-10 -1.50791e-06 -1.20829e-08)
(-10 -1.4761e-06 -2.08068e-11)
(-10 -1.44034e-06 1.55833e-09)
(-10 -1.35285e-06 -9.06286e-09)
(-10 -1.21173e-06 -3.74051e-09)
(-10 -9.5806e-07 6.03308e-09)
(-10 -6.15428e-07 8.10536e-09)
(-10 -1.76777e-07 2.80505e-09)
(-10 3.80623e-07 -3.63671e-09)
(-10 1.07778e-06 -8.13053e-09)
(-10 1.9346e-06 -8.61444e-09)
(-10 3.1464e-06 -5.25736e-09)
(-10 -1.78911e-07 8.33691e-10)
(-10 -1.5036e-06 1.00454e-08)
(-10 -1.50159e-06 9.889e-09)
(-10 -1.55831e-06 -1.2685e-08)
(-10 -1.54527e-06 -7.26306e-09)
(-10 -1.51512e-06 -1.09775e-08)
(-10 -1.6011e-06 -3.65369e-08)
(-10 -1.55443e-06 -1.33123e-08)
(-10 -1.45815e-06 5.85545e-09)
(-10 -1.31242e-06 5.87439e-09)
(-10 -1.06087e-06 2.86128e-09)
(-10 -7.0593e-07 -3.33011e-09)
(-10 -2.4338e-07 1.20088e-09)
(-10 3.47652e-07 -1.05907e-09)
(-10 1.08771e-06 -9.67728e-09)
(-10 2.00524e-06 -1.00857e-08)
(-10 3.32251e-06 -4.58981e-09)
(-10 -2.02156e-07 6.51141e-11)
(-10 -1.57355e-06 1.17109e-09)
(-10 -1.61783e-06 -2.92293e-08)
(-10 -1.60128e-06 -8.02036e-09)
(-10 -1.61133e-06 -4.02392e-08)
(-10 -3.59337e-08 3.70043e-09)
(-10 -3.74661e-08 -5.58465e-10)
(-10 -3.94562e-08 -3.59548e-09)
(-10 -4.23003e-08 -1.31104e-09)
(-10 -4.26081e-08 2.78852e-09)
(-10 -4.20344e-08 4.99299e-09)
(-10 -4.093e-08 6.3893e-09)
(-10 -3.95275e-08 7.02584e-09)
(-10 -3.66692e-08 6.9886e-09)
(-10 -3.21474e-08 5.95949e-09)
(-10 -2.57135e-08 3.67824e-09)
(-10 -1.70494e-08 1.74386e-10)
(-10 -6.09489e-09 -4.59591e-09)
(-10 7.50658e-09 -9.55013e-09)
(-10 2.25539e-08 -1.05393e-08)
(-10 8.52786e-08 -1.24954e-08)
(-10 9.24455e-09 7.73571e-11)
(-10 -1.28571e-07 -2.8715e-10)
(-10 -1.33959e-07 -4.54727e-09)
(-10 -1.38529e-07 -6.79875e-09)
(-10 -1.41477e-07 -3.12095e-09)
(-10 -1.41183e-07 2.2897e-09)
(-10 -1.39932e-07 3.68442e-09)
(-10 -1.34204e-07 5.84282e-09)
(-10 -1.26053e-07 6.43114e-09)
(-10 -1.1341e-07 6.1042e-09)
(-10 -9.57008e-08 4.82958e-09)
(-10 -7.20448e-08 2.47389e-09)
(-10 -4.13563e-08 -1.2136e-09)
(-10 -2.71336e-09 -6.34661e-09)
(-10 4.39877e-08 -1.19909e-08)
(-10 9.72722e-08 -1.30682e-08)
(-10 2.64719e-07 -1.37244e-08)
(-10 -5.71789e-09 -5.80016e-10)
(-10 -2.11377e-07 -6.38024e-10)
(-10 -2.2133e-07 -4.53246e-09)
(-10 -2.26778e-07 -5.94732e-09)
(-10 -2.32564e-07 -2.09483e-09)
(-10 -2.32676e-07 2.38964e-09)
(-10 -2.28526e-07 5.33494e-09)
(-10 -2.20356e-07 7.22974e-09)
(-10 -2.0639e-07 7.70022e-09)
(-10 -1.85354e-07 6.90031e-09)
(-10 -1.55865e-07 5.18361e-09)
(-10 -1.16274e-07 2.57644e-09)
(-10 -6.46521e-08 -1.39759e-09)
(-10 9.34599e-10 -6.86838e-09)
(-10 8.29169e-08 -1.26076e-08)
(-10 1.84179e-07 -1.36174e-08)
(-10 3.9969e-07 -1.15851e-08)
(-10 -1.91787e-08 1.79964e-10)
(-10 -3.05856e-07 -2.15855e-09)
(-10 -3.19421e-07 -5.33475e-09)
(-10 -3.27755e-07 -6.53539e-09)
(-10 -3.34002e-07 -2.32958e-09)
(-10 -3.33024e-07 3.18557e-09)
(-10 -3.26201e-07 4.93876e-09)
(-10 -3.1301e-07 7.17411e-09)
(-10 -2.91919e-07 7.71284e-09)
(-10 -2.61112e-07 6.94257e-09)
(-10 -2.18542e-07 5.21886e-09)
(-10 -1.61748e-07 2.43757e-09)
(-10 -8.78817e-08 -1.62656e-09)
(-10 6.50541e-09 -7.1915e-09)
(-10 1.25495e-07 -1.36863e-08)
(-10 2.74949e-07 -1.37776e-08)
(-10 5.49872e-07 -9.03716e-09)
(-10 -3.54333e-08 -2.86058e-10)
(-10 -3.91126e-07 -3.10456e-09)
(-10 -4.07654e-07 -4.5973e-09)
(-10 -4.18001e-07 -4.48347e-09)
(-10 -4.25483e-07 -1.23829e-09)
(-10 -4.23936e-07 2.97531e-09)
(-10 -4.1487e-07 5.95848e-09)
(-10 -3.97511e-07 7.62819e-09)
(-10 -3.69913e-07 8.02213e-09)
(-10 -3.29941e-07 7.33298e-09)
(-10 -2.74953e-07 5.72067e-09)
(-10 -2.01852e-07 3.00442e-09)
(-10 -1.06892e-07 -1.08854e-09)
(-10 1.4363e-08 -6.74461e-09)
(-10 1.67582e-07 -1.22639e-08)
(-10 3.60791e-07 -1.1998e-08)
(-10 7.06682e-07 -8.13786e-09)
(-10 -4.96429e-08 7.52042e-11)
(-10 -4.73485e-07 1.04525e-10)
(-10 -4.94671e-07 -3.70156e-09)
(-10 -5.07877e-07 -5.14024e-09)
(-10 -5.15701e-07 -2.03696e-09)
(-10 -5.13147e-07 3.29603e-09)
(-10 -5.01323e-07 4.92847e-09)
(-10 -4.79354e-07 6.84768e-09)
(-10 -4.44871e-07 7.24621e-09)
(-10 -3.95341e-07 6.67055e-09)
(-10 -3.27655e-07 5.23783e-09)
(-10 -2.381e-07 2.84289e-09)
(-10 -1.22173e-07 -6.55809e-10)
(-10 2.56336e-08 -5.56186e-09)
(-10 2.11876e-07 -1.15212e-08)
(-10 4.44644e-07 -1.10023e-08)
(-10 8.58474e-07 -7.8282e-09)
(-10 -6.40947e-08 -6.38577e-10)
(-10 -5.52651e-07 6.61132e-10)
(-10 -5.75198e-07 -2.12218e-09)
(-10 -5.91171e-07 -3.51562e-09)
(-10 -5.99434e-07 -6.79783e-11)
(-10 -5.96542e-07 3.35955e-09)
(-10 -5.81919e-07 6.10014e-09)
(-10 -5.55412e-07 7.44224e-09)
(-10 -5.14208e-07 7.64109e-09)
(-10 -4.55394e-07 6.9709e-09)
(-10 -3.75395e-07 5.49007e-09)
(-10 -2.69913e-07 3.1645e-09)
(-10 -1.33823e-07 -3.26181e-10)
(-10 3.8996e-08 -5.17904e-09)
(-10 2.56037e-07 -9.64543e-09)
(-10 5.26961e-07 -9.74558e-09)
(-10 1.00635e-06 -7.44255e-09)
(-10 -7.63678e-08 2.86928e-11)
(-10 -6.30407e-07 -2.11459e-09)
(-10 -6.57194e-07 -4.85261e-09)
(-10 -6.73967e-07 -3.77092e-09)
(-10 -6.82176e-07 -8.07931e-10)
(-10 -6.7773e-07 2.96651e-09)
(-10 -6.60011e-07 4.9447e-09)
(-10 -6.28224e-07 6.3052e-09)
(-10 -5.79775e-07 6.53023e-09)
(-10 -5.11287e-07 6.01909e-09)
(-10 -4.1875e-07 4.74391e-09)
(-10 -2.97394e-07 2.6336e-09)
(-10 -1.4155e-07 -4.23269e-10)
(-10 5.56807e-08 -4.55286e-09)
(-10 3.02662e-07 -9.69345e-09)
(-10 6.09066e-07 -9.18108e-09)
(-10 1.14985e-06 -6.70095e-09)
(-10 -8.82137e-08 -6.00534e-10)
(-10 -7.05852e-07 -4.54545e-09)
(-10 -7.35365e-07 -5.18163e-09)
(-10 -7.51344e-07 -3.61953e-10)
(-10 -7.59547e-07 9.81926e-10)
(-10 -7.53096e-07 3.8557e-09)
(-10 -7.32038e-07 5.93193e-09)
(-10 -6.94844e-07 7.03794e-09)
(-10 -6.39111e-07 7.07389e-09)
(-10 -5.61044e-07 6.50751e-09)
(-10 -4.56229e-07 5.21296e-09)
(-10 -3.19538e-07 3.1396e-09)
(-10 -1.44818e-07 6.26677e-11)
(-10 7.53603e-08 -4.19809e-09)
(-10 3.49931e-07 -7.83205e-09)
(-10 6.90133e-07 -8.58246e-09)
(-10 1.28825e-06 -6.3433e-09)
(-10 -9.80814e-08 8.93765e-11)
(-10 -7.81678e-07 -5.02499e-09)
(-10 -8.10685e-07 -1.58618e-09)
(-10 -8.29409e-07 -3.1281e-09)
(-10 -8.36052e-07 -2.58486e-11)
(-10 -8.2665e-07 2.30195e-09)
(-10 -8.01227e-07 4.47455e-09)
(-10 -7.57871e-07 5.65155e-09)
(-10 -6.94204e-07 5.82487e-09)
(-10 -6.06002e-07 5.50238e-09)
(-10 -4.88545e-07 4.49616e-09)
(-10 -3.36462e-07 2.66454e-09)
(-10 -1.43315e-07 4.29128e-12)
(-10 9.89717e-08 -3.54623e-09)
(-10 4.00112e-07 -8.09742e-09)
(-10 7.71364e-07 -7.59143e-09)
(-10 1.42183e-06 -5.64243e-09)
(-10 -1.06775e-07 -7.04621e-10)
(-10 -8.53567e-07 -3.3316e-09)
(-10 -8.83618e-07 -1.04803e-09)
(-10 -9.02083e-07 -9.40647e-10)
(-10 -9.07048e-07 1.73675e-09)
(-10 -8.94769e-07 4.07051e-09)
(-10 -8.64362e-07 5.88034e-09)
(-10 -8.14637e-07 6.84505e-09)
(-10 -7.42813e-07 6.91462e-09)
(-10 -6.44331e-07 6.54138e-09)
(-10 -5.1435e-07 5.47997e-09)
(-10 -3.47316e-07 3.64379e-09)
(-10 -1.36574e-07 8.67576e-10)
(-10 1.26333e-07 -2.98283e-09)
(-10 4.51789e-07 -6.06521e-09)
(-10 8.52125e-07 -7.28765e-09)
(-10 1.55084e-06 -5.45243e-09)
(-10 -1.1385e-07 -5.04457e-11)
(-10 -9.22324e-07 -4.18232e-09)
(-10 -9.58696e-07 -6.91606e-09)
(-10 -9.73061e-07 -1.4352e-09)
(-10 -9.75941e-07 1.06599e-09)
(-10 -9.59936e-07 3.22581e-09)
(-10 -9.23882e-07 4.94158e-09)
(-10 -8.67255e-07 5.99723e-09)
(-10 -7.86691e-07 6.28627e-09)
(-10 -6.77383e-07 6.10912e-09)
(-10 -5.34539e-07 5.1408e-09)
(-10 -3.52687e-07 3.39222e-09)
(-10 -1.24932e-07 9.3978e-10)
(-10 1.57685e-07 -2.36938e-09)
(-10 5.06237e-07 -6.56192e-09)
(-10 9.33194e-07 -5.98702e-09)
(-10 1.67607e-06 -4.94391e-09)
(-10 -1.1878e-07 -5.36935e-10)
(-10 -9.86463e-07 -2.914e-09)
(-10 -1.02827e-06 -4.26719e-09)
(-10 -1.03794e-06 2.64748e-09)
(-10 -1.03872e-06 4.3547e-09)
(-10 -1.01855e-06 6.20257e-09)
(-10 -9.76827e-07 7.54777e-09)
(-10 -9.13232e-07 8.41343e-09)
(-10 -8.23959e-07 8.56395e-09)
(-10 -7.03873e-07 7.95242e-09)
(-10 -5.48364e-07 6.54802e-09)
(-10 -3.52438e-07 4.50943e-09)
(-10 -1.08657e-07 1.77147e-09)
(-10 1.92542e-07 -1.86253e-09)
(-10 5.62457e-07 -4.59137e-09)
(-10 1.01483e-06 -5.26828e-09)
(-10 1.79931e-06 -5.01062e-09)
(-10 -1.23098e-07 -1.98078e-10)
(-10 -1.0577e-06 -7.33747e-09)
(-10 -1.08687e-06 8.25874e-10)
(-10 -1.09961e-06 1.9515e-09)
(-10 -1.09703e-06 4.69347e-09)
(-10 -1.07217e-06 6.68963e-09)
(-10 -1.0245e-06 8.03835e-09)
(-10 -9.5404e-07 9.03949e-09)
(-10 -8.55924e-07 9.04762e-09)
(-10 -7.25089e-07 7.88827e-09)
(-10 -5.5766e-07 5.96953e-09)
(-10 -3.48118e-07 3.70015e-09)
(-10 -8.8807e-08 1.23342e-09)
(-10 2.29756e-07 -1.67281e-09)
(-10 6.20474e-07 -5.61891e-09)
(-10 1.09656e-06 -5.04533e-09)
(-10 1.92101e-06 -5.14726e-09)
(-10 -1.26477e-07 -2.48707e-10)
(-10 -1.11223e-06 -2.91862e-09)
(-10 -1.14352e-06 4.07883e-09)
(-10 -1.15315e-06 6.85904e-09)
(-10 -1.14775e-06 9.90747e-09)
(-10 -1.11854e-06 1.14849e-08)
(-10 -1.06516e-06 1.24552e-08)
(-10 -9.8859e-07 1.30426e-08)
(-10 -8.82172e-07 1.2053e-08)
(-10 -7.41668e-07 9.69793e-09)
(-10 -5.63741e-07 7.75042e-09)
(-10 -3.42233e-07 4.9588e-09)
(-10 -6.95083e-08 8.49591e-10)
(-10 2.68478e-07 -2.35253e-09)
(-10 6.79011e-07 -4.28359e-09)
(-10 1.17949e-06 -4.67536e-09)
(-10 2.04305e-06 -5.63659e-09)
(-10 -1.27143e-07 -1.69452e-10)
(-10 -1.16278e-06 -3.86245e-09)
(-10 -1.1942e-06 3.84596e-09)
(-10 -1.19907e-06 9.85339e-09)
(-10 -1.18997e-06 1.27158e-08)
(-10 -1.1566e-06 1.39747e-08)
(-10 -1.09962e-06 1.46549e-08)
(-10 -1.01753e-06 1.43186e-08)
(-10 -9.0449e-07 1.22941e-08)
(-10 -7.56901e-07 8.64653e-09)
(-10 -5.71244e-07 5.3958e-09)
(-10 -3.39756e-07 2.57646e-09)
(-10 -4.85731e-08 -3.61011e-10)
(-10 3.05006e-07 -2.44259e-09)
(-10 7.36995e-07 -5.70049e-09)
(-10 1.26262e-06 -6.25035e-09)
(-10 2.16807e-06 -5.98727e-09)
(-10 -1.29741e-07 -3.61518e-10)
(-10 -1.20966e-06 -1.87536e-09)
(-10 -1.23702e-06 9.49402e-09)
(-10 -1.23885e-06 1.70946e-08)
(-10 -1.22523e-06 1.71586e-08)
(-10 -1.1878e-06 1.96902e-08)
(-10 -1.12884e-06 1.91347e-08)
(-10 -1.04286e-06 1.71076e-08)
(-10 -9.25558e-07 1.53637e-08)
(-10 -7.73467e-07 8.69812e-09)
(-10 -5.85776e-07 4.47331e-09)
(-10 -3.37623e-07 1.69381e-09)
(-10 -3.52975e-08 -3.16537e-10)
(-10 3.36797e-07 -2.4083e-09)
(-10 7.928e-07 -5.08598e-09)
(-10 1.34648e-06 -4.77412e-09)
(-10 2.29773e-06 -6.9432e-09)
(-10 -1.31611e-07 -1.8781e-10)
(-10 -1.25656e-06 -3.07047e-09)
(-10 -1.26943e-06 1.47616e-08)
(-10 -1.27155e-06 1.70471e-08)
(-10 -1.25262e-06 1.89324e-08)
(-10 -1.21495e-06 2.13087e-08)
(-10 -1.15353e-06 1.93892e-08)
(-10 -1.06594e-06 1.62017e-08)
(-10 -9.49541e-07 1.11832e-08)
(-10 -8.01276e-07 7.03261e-09)
(-10 -5.99265e-07 3.43303e-09)
(-10 -3.48334e-07 -1.68351e-11)
(-10 -3.00892e-08 4.30172e-10)
(-10 3.63353e-07 -2.4073e-09)
(-10 8.45839e-07 -6.0378e-09)
(-10 1.42951e-06 -6.12339e-09)
(-10 2.43327e-06 -7.64031e-09)
(-10 -1.3208e-07 -3.95154e-10)
(-10 -1.29731e-06 6.55471e-09)
(-10 -1.30219e-06 1.82992e-08)
(-10 -1.3017e-06 2.13195e-08)
(-10 -1.28116e-06 2.28223e-08)
(-10 -1.24038e-06 1.84595e-08)
(-10 -1.17988e-06 1.83682e-08)
(-10 -1.09728e-06 1.69586e-08)
(-10 -9.80145e-07 1.17472e-08)
(-10 -8.28987e-07 6.80485e-09)
(-10 -6.31651e-07 2.45006e-09)
(-10 -3.69034e-07 3.05697e-09)
(-10 -3.42011e-08 3.0672e-09)
(-10 3.83219e-07 -5.24008e-10)
(-10 8.93146e-07 -4.85459e-09)
(-10 1.51212e-06 -6.06789e-09)
(-10 2.57692e-06 -8.96619e-09)
(-10 -1.33492e-07 2.93109e-10)
(-10 -1.34113e-06 7.49832e-09)
(-10 -1.3382e-06 1.48957e-08)
(-10 -1.33459e-06 1.64637e-08)
(-10 -1.31068e-06 1.56994e-08)
(-10 -1.27364e-06 1.54762e-08)
(-10 -1.21043e-06 1.44609e-08)
(-10 -1.12546e-06 9.63772e-09)
(-10 -1.02039e-06 4.52475e-09)
(-10 -8.7722e-07 3.06959e-09)
(-10 -6.73643e-07 3.95839e-09)
(-10 -3.99969e-07 6.23169e-09)
(-10 -4.71999e-08 5.06424e-09)
(-10 3.94213e-07 1.77673e-09)
(-10 9.35019e-07 -6.74816e-09)
(-10 1.59226e-06 -9.89989e-09)
(-10 2.7298e-06 -9.79887e-09)
(-10 -1.37278e-07 -1.09991e-10)
(-10 -1.385e-06 7.19714e-09)
(-10 -1.37841e-06 1.33084e-08)
(-10 -1.36815e-06 1.27276e-08)
(-10 -1.34977e-06 1.07402e-08)
(-10 -1.30226e-06 9.26434e-09)
(-10 -1.23798e-06 6.45087e-09)
(-10 -1.17673e-06 9.07771e-10)
(-10 -1.06759e-06 -2.02452e-09)
(-10 -9.31064e-07 1.74236e-09)
(-10 -7.25451e-07 6.10659e-09)
(-10 -4.41547e-07 9.09989e-09)
(-10 -7.11781e-08 7.8924e-09)
(-10 3.93561e-07 1.49597e-09)
(-10 9.67516e-07 -6.59752e-09)
(-10 1.66917e-06 -8.58648e-09)
(-10 2.89244e-06 -1.08144e-08)
(-10 -1.44492e-07 1.23703e-09)
(-10 -1.4201e-06 -2.46707e-09)
(-10 -1.411e-06 1.53064e-09)
(-10 -1.40388e-06 1.14476e-09)
(-10 -1.38588e-06 -4.30678e-09)
(-10 -1.33806e-06 -9.13661e-09)
(-10 -1.29469e-06 -1.55348e-08)
(-10 -1.20793e-06 -1.30592e-08)
(-10 -1.13826e-06 -1.15243e-08)
(-10 -1.00802e-06 -4.74297e-09)
(-10 -7.90896e-07 4.68551e-09)
(-10 -4.89347e-07 1.32201e-08)
(-10 -1.0855e-07 1.03272e-08)
(-10 3.80096e-07 1.99091e-09)
(-10 9.90668e-07 -9.16862e-09)
(-10 1.74028e-06 -1.05982e-08)
(-10 3.06362e-06 -1.09543e-08)
(-10 -1.55901e-07 -5.53628e-10)
(-10 -1.42903e-06 -1.12115e-08)
(-10 -1.429e-06 -1.3978e-08)
(-10 -1.41978e-06 -1.27546e-08)
(-10 -1.40398e-06 -2.94797e-08)
(-10 -1.37005e-06 -4.23963e-08)
(-10 -1.31113e-06 -2.40987e-08)
(-10 -1.30847e-06 -3.09489e-08)
(-10 -1.20106e-06 -2.53709e-08)
(-10 -1.07021e-06 -3.01343e-09)
(-10 -8.49138e-07 8.64823e-09)
(-10 -5.68292e-07 2.66403e-09)
(-10 -1.62909e-07 8.59138e-09)
(-10 3.58286e-07 4.32597e-09)
(-10 1.00599e-06 -6.19242e-09)
(-10 1.80999e-06 -1.01246e-08)
(-10 3.24334e-06 -1.18095e-08)
(-10 -1.78519e-07 1.30663e-09)
(-10 -1.45339e-06 -6.1627e-10)
(-10 -1.47287e-06 -3.78568e-09)
(-10 -1.4821e-06 -2.94773e-08)
(-10 -1.48327e-06 -2.92024e-08)
(-10 -1.48773e-06 -1.97834e-08)
(-10 -1.42411e-06 -7.03422e-08)
(-10 -1.32277e-06 -3.58726e-08)
(-10 -1.30553e-06 -1.29507e-08)
(-10 -1.17743e-06 -7.93106e-09)
(-10 -9.63196e-07 -8.2853e-10)
(-10 -6.18671e-07 2.31612e-08)
(-10 -2.22776e-07 8.08347e-09)
(-10 3.12724e-07 -3.91595e-10)
(-10 1.00867e-06 -1.11854e-08)
(-10 1.86329e-06 -1.25843e-08)
(-10 3.42302e-06 -1.06621e-08)
(-10 -1.99018e-07 -2.66e-09)
(-10 -1.50775e-06 -1.09449e-08)
(-10 -1.52821e-06 -1.14921e-08)
(-10 -1.57084e-06 1.33532e-09)
(-10 -1.58148e-06 -1.20102e-08)
(-10 -1.57623e-06 -1.01047e-07)
(-10 -1.50447e-06 -3.4587e-08)
(-10 -3.63691e-08 -4.11716e-09)
(-10 -3.82795e-08 -6.98118e-09)
(-10 -4.03618e-08 -9.67375e-09)
(-10 -4.30946e-08 -7.13914e-09)
(-10 -4.40075e-08 -2.01342e-09)
(-10 -4.27085e-08 7.28543e-10)
(-10 -4.14819e-08 2.20531e-09)
(-10 -4.00955e-08 3.44112e-09)
(-10 -3.72355e-08 3.72628e-09)
(-10 -3.26824e-08 3.21775e-09)
(-10 -2.61996e-08 2.01569e-09)
(-10 -1.74523e-08 -1.34642e-10)
(-10 -6.39424e-09 -2.776e-09)
(-10 7.1408e-09 -5.15477e-09)
(-10 2.21863e-08 -6.18267e-09)
(-10 8.55646e-08 -1.05891e-08)
(-10 8.98253e-09 1.27e-10)
(-10 -1.28322e-07 -7.14204e-09)
(-10 -1.3476e-07 -9.63113e-09)
(-10 -1.39889e-07 -1.09042e-08)
(-10 -1.42215e-07 -5.52177e-09)
(-10 -1.42388e-07 -1.68849e-09)
(-10 -1.38874e-07 6.29744e-10)
(-10 -1.34098e-07 2.54505e-09)
(-10 -1.26029e-07 3.77923e-09)
(-10 -1.13533e-07 3.88729e-09)
(-10 -9.589e-08 3.25143e-09)
(-10 -7.2254e-08 1.88657e-09)
(-10 -4.15753e-08 -5.61467e-10)
(-10 -2.87886e-09 -3.55716e-09)
(-10 4.38759e-08 -6.19967e-09)
(-10 9.73214e-08 -7.07188e-09)
(-10 2.65977e-07 -1.07264e-08)
(-10 -5.53687e-09 -5.91775e-10)
(-10 -2.11334e-07 -8.17704e-09)
(-10 -2.20285e-07 -1.01074e-08)
(-10 -2.28012e-07 -1.02168e-08)
(-10 -2.32778e-07 -5.45014e-09)
(-10 -2.33365e-07 -1.49538e-09)
(-10 -2.28632e-07 1.16802e-09)
(-10 -2.20032e-07 3.12672e-09)
(-10 -2.06082e-07 4.02166e-09)
(-10 -1.85125e-07 3.94674e-09)
(-10 -1.55672e-07 3.05349e-09)
(-10 -1.16108e-07 1.47477e-09)
(-10 -6.44888e-08 -9.65494e-10)
(-10 1.1976e-09 -3.97077e-09)
(-10 8.32448e-08 -6.59828e-09)
(-10 1.84806e-07 -7.84235e-09)
(-10 4.02e-07 -9.66126e-09)
(-10 -1.93534e-08 -1.87734e-10)
(-10 -3.04188e-07 -7.99445e-09)
(-10 -3.17994e-07 -1.0684e-08)
(-10 -3.28099e-07 -1.11497e-08)
(-10 -3.33293e-07 -5.90418e-09)
(-10 -3.32765e-07 -1.87976e-09)
(-10 -3.2572e-07 8.20304e-10)
(-10 -3.12455e-07 2.69117e-09)
(-10 -2.91367e-07 3.61529e-09)
(-10 -2.60575e-07 3.5913e-09)
(-10 -2.17959e-07 2.85236e-09)
(-10 -1.61129e-07 1.38385e-09)
(-10 -8.71878e-08 -1.11484e-09)
(-10 7.39124e-09 -4.10665e-09)
(-10 1.26592e-07 -6.72934e-09)
(-10 2.7652e-07 -7.17662e-09)
(-10 5.52003e-07 -8.41471e-09)
(-10 -3.50964e-08 -5.39155e-10)
(-10 -3.90184e-07 -7.67509e-09)
(-10 -4.06496e-07 -9.02429e-09)
(-10 -4.1839e-07 -8.83983e-09)
(-10 -4.24904e-07 -4.29681e-09)
(-10 -4.2377e-07 -6.67913e-10)
(-10 -4.1472e-07 2.08831e-09)
(-10 -3.9732e-07 3.80692e-09)
(-10 -3.69688e-07 4.48185e-09)
(-10 -3.29636e-07 4.17944e-09)
(-10 -2.74499e-07 3.05892e-09)
(-10 -2.01172e-07 1.33518e-09)
(-10 -1.05913e-07 -1.02877e-09)
(-10 1.57692e-08 -3.90432e-09)
(-10 1.6944e-07 -6.32373e-09)
(-10 3.62956e-07 -7.42924e-09)
(-10 7.08969e-07 -8.07108e-09)
(-10 -4.99429e-08 -1.27786e-10)
(-10 -4.72101e-07 -7.21554e-09)
(-10 -4.93908e-07 -9.61545e-09)
(-10 -5.07479e-07 -1.0127e-08)
(-10 -5.14642e-07 -5.30851e-09)
(-10 -5.12435e-07 -1.53861e-09)
(-10 -5.00831e-07 9.08247e-10)
(-10 -4.78925e-07 2.58386e-09)
(-10 -4.44449e-07 3.35612e-09)
(-10 -3.94858e-07 3.28956e-09)
(-10 -3.27018e-07 2.58026e-09)
(-10 -2.37203e-07 1.16923e-09)
(-10 -1.20907e-07 -1.03281e-09)
(-10 2.73719e-08 -3.68788e-09)
(-10 2.14057e-07 -6.03504e-09)
(-10 4.47162e-07 -6.05146e-09)
(-10 8.60888e-07 -7.01036e-09)
(-10 -6.39001e-08 -7.95964e-10)
(-10 -5.51803e-07 -5.82249e-09)
(-10 -5.75942e-07 -7.16834e-09)
(-10 -5.90656e-07 -6.657e-09)
(-10 -5.98783e-07 -3.78881e-09)
(-10 -5.95936e-07 2.302e-10)
(-10 -5.81655e-07 2.81334e-09)
(-10 -5.55236e-07 4.22081e-09)
(-10 -5.14015e-07 4.60589e-09)
(-10 -4.5509e-07 4.10674e-09)
(-10 -3.74869e-07 2.92859e-09)
(-10 -2.69079e-07 1.21278e-09)
(-10 -1.3258e-07 -9.45929e-10)
(-10 4.07915e-08 -3.32215e-09)
(-10 2.58397e-07 -5.30954e-09)
(-10 5.29587e-07 -6.46125e-09)
(-10 1.00907e-06 -6.85561e-09)
(-10 -7.65987e-08 1.19793e-10)
(-10 -6.3016e-07 -6.60295e-09)
(-10 -6.55825e-07 -9.53411e-09)
(-10 -6.73884e-07 -8.77519e-09)
(-10 -6.81268e-07 -3.93417e-09)
(-10 -6.76839e-07 -1.22588e-09)
(-10 -6.59426e-07 9.1244e-10)
(-10 -6.27825e-07 2.31986e-09)
(-10 -5.79388e-07 2.89598e-09)
(-10 -5.10782e-07 2.73117e-09)
(-10 -4.1802e-07 2.03943e-09)
(-10 -2.96369e-07 8.75825e-10)
(-10 -1.40125e-07 -9.21991e-10)
(-10 5.76682e-08 -3.14998e-09)
(-10 3.05111e-07 -5.26729e-09)
(-10 6.11904e-07 -5.13841e-09)
(-10 1.15275e-06 -5.71764e-09)
(-10 -8.81925e-08 -9.23787e-10)
(-10 -7.05908e-07 -5.59388e-09)
(-10 -7.35152e-07 -7.20855e-09)
(-10 -7.51404e-07 -4.12971e-09)
(-10 -7.58625e-07 -1.58841e-09)
(-10 -7.52351e-07 1.35636e-09)
(-10 -7.31565e-07 3.44417e-09)
(-10 -6.94619e-07 4.42099e-09)
(-10 -6.38826e-07 4.46604e-09)
(-10 -5.6058e-07 3.82895e-09)
(-10 -4.55516e-07 2.67256e-09)
(-10 -3.18479e-07 1.0974e-09)
(-10 -1.43323e-07 -8.702e-10)
(-10 7.73751e-08 -2.89183e-09)
(-10 3.52574e-07 -4.40092e-09)
(-10 6.93112e-07 -5.60738e-09)
(-10 1.29128e-06 -5.86737e-09)
(-10 -9.82881e-08 3.14807e-10)
(-10 -7.81574e-07 -7.40197e-09)
(-10 -8.11335e-07 -8.57552e-09)
(-10 -8.28549e-07 -6.4386e-09)
(-10 -8.34425e-07 -2.74555e-09)
(-10 -8.25377e-07 -7.06904e-10)
(-10 -8.00274e-07 1.08686e-09)
(-10 -7.57294e-07 2.17643e-09)
(-10 -6.93509e-07 2.5396e-09)
(-10 -6.05155e-07 2.29114e-09)
(-10 -4.87532e-07 1.53287e-09)
(-10 -3.35168e-07 3.75671e-10)
(-10 -1.41567e-07 -1.01054e-09)
(-10 1.01226e-07 -2.67054e-09)
(-10 4.0283e-07 -4.68179e-09)
(-10 7.74472e-07 -4.71007e-09)
(-10 1.42494e-06 -4.87421e-09)
(-10 -1.06849e-07 -9.65607e-10)
(-10 -8.52898e-07 -5.32099e-09)
(-10 -8.86458e-07 -5.45335e-09)
(-10 -9.0043e-07 -1.27919e-09)
(-10 -9.05089e-07 8.49734e-10)
(-10 -8.93003e-07 2.95854e-09)
(-10 -8.63169e-07 4.30413e-09)
(-10 -8.13704e-07 4.83011e-09)
(-10 -7.41783e-07 4.57678e-09)
(-10 -6.4325e-07 3.75645e-09)
(-10 -5.13175e-07 2.51895e-09)
(-10 -3.45941e-07 1.01535e-09)
(-10 -1.34802e-07 -7.30426e-10)
(-10 1.28673e-07 -2.43353e-09)
(-10 4.54707e-07 -3.53091e-09)
(-10 8.5537e-07 -4.30224e-09)
(-10 1.55401e-06 -5.17478e-09)
(-10 -1.14031e-07 4.08293e-10)
(-10 -9.24922e-07 -7.64312e-09)
(-10 -9.57041e-07 -5.88699e-09)
(-10 -9.71557e-07 -3.40724e-09)
(-10 -9.73352e-07 -1.17581e-09)
(-10 -9.57317e-07 1.33566e-09)
(-10 -9.21965e-07 2.66389e-09)
(-10 -8.65422e-07 3.2396e-09)
(-10 -7.84912e-07 3.00039e-09)
(-10 -6.75787e-07 2.39287e-09)
(-10 -5.33101e-07 1.3804e-09)
(-10 -3.51228e-07 2.6288e-10)
(-10 -1.23133e-07 -1.06196e-09)
(-10 1.60111e-07 -2.53906e-09)
(-10 5.09173e-07 -3.75646e-09)
(-10 9.36588e-07 -3.96554e-09)
(-10 1.67927e-06 -4.59215e-09)
(-10 -1.18875e-07 -8.68424e-10)
(-10 -9.89028e-07 -4.32047e-09)
(-10 -1.0268e-06 -2.08051e-09)
(-10 -1.03611e-06 2.87615e-09)
(-10 -1.03547e-06 4.85998e-09)
(-10 -1.01536e-06 6.36902e-09)
(-10 -9.74123e-07 6.95934e-09)
(-10 -9.10677e-07 6.20597e-09)
(-10 -8.2152e-07 5.72198e-09)
(-10 -7.01908e-07 4.84646e-09)
(-10 -5.47006e-07 2.33037e-09)
(-10 -3.51186e-07 5.93781e-10)
(-10 -1.07064e-07 -8.91652e-10)
(-10 1.94838e-07 -2.13959e-09)
(-10 5.65497e-07 -2.80283e-09)
(-10 1.01827e-06 -3.67941e-09)
(-10 1.80231e-06 -5.24528e-09)
(-10 -1.23249e-07 6.31267e-10)
(-10 -1.05473e-06 -5.91965e-09)
(-10 -1.0881e-06 -2.17352e-09)
(-10 -1.09697e-06 1.37105e-09)
(-10 -1.09299e-06 3.86836e-09)
(-10 -1.06831e-06 5.25752e-09)
(-10 -1.02091e-06 5.7535e-09)
(-10 -9.50713e-07 5.68101e-09)
(-10 -8.53013e-07 4.60123e-09)
(-10 -7.23204e-07 2.75296e-09)
(-10 -5.56716e-07 7.41133e-10)
(-10 -3.47628e-07 -7.66873e-10)
(-10 -8.74713e-08 -1.12955e-09)
(-10 2.32086e-07 -2.56384e-09)
(-10 6.23496e-07 -3.15673e-09)
(-10 1.10041e-06 -2.7188e-09)
(-10 1.92383e-06 -4.877e-09)
(-10 -1.25075e-07 -9.83831e-10)
(-10 -1.11045e-06 -3.20234e-09)
(-10 -1.14474e-06 3.68997e-09)
(-10 -1.14982e-06 8.52809e-09)
(-10 -1.14279e-06 1.03495e-08)
(-10 -1.11356e-06 1.09062e-08)
(-10 -1.06106e-06 1.03021e-08)
(-10 -9.8461e-07 9.31098e-09)
(-10 -8.79169e-07 7.57485e-09)
(-10 -7.40266e-07 4.21383e-09)
(-10 -5.63352e-07 1.5979e-09)
(-10 -3.40867e-07 1.03951e-10)
(-10 -6.80448e-08 -1.49341e-09)
(-10 2.70631e-07 -2.60324e-09)
(-10 6.82569e-07 -2.30833e-09)
(-10 1.18343e-06 -3.33574e-09)
(-10 2.04626e-06 -6.17676e-09)
(-10 -1.27599e-07 8.68246e-10)
(-10 -1.16317e-06 -6.23474e-09)
(-10 -1.19227e-06 4.36066e-09)
(-10 -1.19589e-06 7.76152e-09)
(-10 -1.18469e-06 9.22901e-09)
(-10 -1.1514e-06 1.0568e-08)
(-10 -1.09506e-06 9.87553e-09)
(-10 -1.01358e-06 8.41239e-09)
(-10 -9.01984e-07 5.37128e-09)
(-10 -7.5604e-07 2.10504e-09)
(-10 -5.69338e-07 -3.69738e-11)
(-10 -3.39183e-07 -2.23122e-09)
(-10 -4.68751e-08 -2.44455e-09)
(-10 3.08268e-07 -2.65162e-09)
(-10 7.4072e-07 -2.58533e-09)
(-10 1.26659e-06 -1.07715e-09)
(-10 2.17111e-06 -5.77505e-09)
(-10 -1.29277e-07 -1.04778e-09)
(-10 -1.20837e-06 -1.24917e-09)
(-10 -1.23312e-06 1.02203e-08)
(-10 -1.23511e-06 1.5069e-08)
(-10 -1.2199e-06 1.59072e-08)
(-10 -1.18368e-06 1.52586e-08)
(-10 -1.12463e-06 1.38424e-08)
(-10 -1.04008e-06 1.08622e-08)
(-10 -9.2441e-07 6.32333e-09)
(-10 -7.73375e-07 2.25722e-09)
(-10 -5.84977e-07 -7.97167e-10)
(-10 -3.35414e-07 -2.19547e-09)
(-10 -3.23584e-08 -2.07105e-09)
(-10 3.41681e-07 -1.58978e-09)
(-10 7.97113e-07 -1.53675e-09)
(-10 1.35046e-06 -3.05377e-09)
(-10 2.30075e-06 -7.68225e-09)
(-10 -1.31466e-07 1.11049e-09)
(-10 -1.25025e-06 -5.22786e-10)
(-10 -1.26556e-06 1.03186e-08)
(-10 -1.26742e-06 1.16597e-08)
(-10 -1.24916e-06 1.2751e-08)
(-10 -1.21147e-06 1.4305e-08)
(-10 -1.15078e-06 1.10318e-08)
(-10 -1.06545e-06 7.04026e-09)
(-10 -9.49683e-07 1.99682e-09)
(-10 -8.01107e-07 -1.60683e-09)
(-10 -5.99367e-07 -3.17766e-09)
(-10 -3.44173e-07 -2.89472e-09)
(-10 -2.5299e-08 -8.0343e-10)
(-10 3.69823e-07 -1.2725e-09)
(-10 8.50178e-07 -2.0059e-09)
(-10 1.43359e-06 -1.33335e-09)
(-10 2.43635e-06 -7.81986e-09)
(-10 -1.31766e-07 -1.0094e-09)
(-10 -1.29219e-06 4.83953e-09)
(-10 -1.29964e-06 1.54526e-08)
(-10 -1.30025e-06 1.79574e-08)
(-10 -1.28056e-06 1.76007e-08)
(-10 -1.23967e-06 1.47102e-08)
(-10 -1.18021e-06 1.03835e-08)
(-10 -1.09975e-06 5.6816e-09)
(-10 -9.84249e-07 1.8121e-09)
(-10 -8.34387e-07 -1.74685e-09)
(-10 -6.28911e-07 -2.38585e-09)
(-10 -3.63948e-07 -3.72231e-10)
(-10 -2.71672e-08 6.60753e-10)
(-10 3.89356e-07 -2.54664e-10)
(-10 8.97732e-07 -1.24747e-09)
(-10 1.51612e-06 -3.67123e-09)
(-10 2.58026e-06 -9.74764e-09)
(-10 -1.32923e-07 1.03501e-09)
(-10 -1.33861e-06 5.19958e-09)
(-10 -1.33983e-06 1.08306e-08)
(-10 -1.33754e-06 1.0085e-08)
(-10 -1.31534e-06 7.75704e-09)
(-10 -1.27868e-06 5.30401e-09)
(-10 -1.21684e-06 2.37762e-09)
(-10 -1.13721e-06 -3.31113e-09)
(-10 -1.02876e-06 -7.38378e-09)
(-10 -8.80439e-07 -7.61303e-09)
(-10 -6.71286e-07 -2.23802e-09)
(-10 -3.95583e-07 -8.1776e-10)
(-10 -3.9945e-08 7.86617e-10)
(-10 4.001e-07 1.1475e-09)
(-10 9.3952e-07 -2.4351e-09)
(-10 1.59609e-06 -2.70358e-09)
(-10 2.73373e-06 -9.59954e-09)
(-10 -1.3665e-07 -6.75629e-10)
(-10 -1.39077e-06 7.20311e-09)
(-10 -1.38906e-06 9.70325e-09)
(-10 -1.37867e-06 7.21329e-09)
(-10 -1.36108e-06 3.75908e-09)
(-10 -1.31352e-06 2.22337e-10)
(-10 -1.25894e-06 -5.96832e-09)
(-10 -1.18834e-06 -1.21435e-08)
(-10 -1.08435e-06 -1.33282e-08)
(-10 -9.41631e-07 -1.01926e-08)
(-10 -7.25534e-07 -4.76036e-09)
(-10 -4.31326e-07 -6.65837e-10)
(-10 -6.54655e-08 2.39161e-09)
(-10 3.99695e-07 -1.15672e-09)
(-10 9.71026e-07 -3.31841e-09)
(-10 1.67392e-06 -4.86583e-09)
(-10 2.89721e-06 -1.06871e-08)
(-10 -1.44589e-07 9.11006e-10)
(-10 -1.43138e-06 -2.70817e-09)
(-10 -1.42669e-06 -8.42164e-09)
(-10 -1.41608e-06 -1.41002e-08)
(-10 -1.40112e-06 -1.76793e-08)
(-10 -1.35684e-06 -2.15423e-08)
(-10 -1.31846e-06 -2.93697e-08)
(-10 -1.24308e-06 -3.05817e-08)
(-10 -1.16112e-06 -3.04466e-08)
(-10 -1.00731e-06 -2.10573e-08)
(-10 -7.73653e-07 -1.22147e-08)
(-10 -4.99966e-07 -6.2531e-09)
(-10 -1.08348e-07 -1.56312e-09)
(-10 3.908e-07 9.05236e-10)
(-10 9.98541e-07 -3.25657e-09)
(-10 1.74653e-06 -1.93924e-09)
(-10 3.06924e-06 -8.70819e-09)
(-10 -1.55823e-07 -1.58971e-09)
(-10 -1.43806e-06 -6.63644e-09)
(-10 -1.43263e-06 -3.91444e-09)
(-10 -1.42725e-06 -1.67288e-08)
(-10 -1.4153e-06 -1.42069e-08)
(-10 -1.39325e-06 -2.86553e-08)
(-10 -1.34759e-06 -4.042e-08)
(-10 -1.30544e-06 -4.28892e-08)
(-10 -1.21772e-06 -3.09909e-08)
(-10 -1.06478e-06 -2.13118e-08)
(-10 -8.70065e-07 -1.40016e-08)
(-10 -5.30963e-07 -1.47051e-09)
(-10 -1.41843e-07 6.44468e-09)
(-10 3.56727e-07 -2.92322e-09)
(-10 1.00843e-06 -5.16978e-09)
(-10 1.8145e-06 -5.74131e-09)
(-10 3.24928e-06 -1.05501e-08)
(-10 -1.7933e-07 1.69567e-09)
(-10 -1.46768e-06 -1.92254e-08)
(-10 -1.47652e-06 -2.47956e-08)
(-10 -1.49503e-06 -2.29616e-08)
(-10 -1.48839e-06 -3.69148e-08)
(-10 -1.48038e-06 -5.1136e-08)
(-10 -1.45527e-06 -4.54124e-08)
(-10 -1.42755e-06 -3.94316e-08)
(-10 -1.30144e-06 -3.93292e-08)
(-10 -1.16693e-06 -2.50121e-08)
(-10 -8.55397e-07 -7.66771e-09)
(-10 -6.55312e-07 2.59442e-09)
(-10 -2.37891e-07 2.14225e-09)
(-10 3.40326e-07 8.41951e-09)
(-10 1.02522e-06 7.42093e-09)
(-10 1.87844e-06 5.06068e-09)
(-10 3.42835e-06 -8.40945e-09)
(-10 -1.99051e-07 -5.22337e-09)
(-10 -1.50493e-06 -4.31598e-09)
(-10 -1.53352e-06 -7.1367e-09)
(-10 -1.57243e-06 -1.51858e-08)
(-10 -1.58399e-06 -2.38773e-08)
(-10 -1.59328e-06 -4.27436e-08)
(-10 -1.58262e-06 -7.50999e-08)
(-10 -1.52416e-06 -2.87638e-08)
(-10 -1.42545e-06 -2.14033e-08)
(-10 -1.218e-06 -1.06984e-08)
(-10 -3.51779e-08 1.18569e-08)
(-10 -3.75537e-08 6.11198e-09)
(-10 -4.10842e-08 2.98751e-09)
(-10 -4.28184e-08 4.31452e-09)
(-10 -4.37557e-08 7.12781e-09)
(-10 -4.23256e-08 8.84096e-09)
(-10 -4.21608e-08 9.00905e-09)
(-10 -4.00757e-08 8.8984e-09)
(-10 -3.70415e-08 8.21836e-09)
(-10 -3.25631e-08 6.85735e-09)
(-10 -2.609e-08 5.06021e-09)
(-10 -1.72986e-08 2.84137e-09)
(-10 -6.30166e-09 1.00993e-10)
(-10 7.06666e-09 -2.56564e-09)
(-10 2.20541e-08 -3.36618e-09)
(-10 8.5949e-08 -6.49441e-09)
(-10 7.83883e-09 -2.58309e-09)
(-10 -1.26538e-07 8.91938e-09)
(-10 -1.33433e-07 4.01107e-09)
(-10 -1.39023e-07 1.94397e-09)
(-10 -1.41417e-07 3.64619e-09)
(-10 -1.41787e-07 7.18013e-09)
(-10 -1.38962e-07 8.46758e-09)
(-10 -1.35157e-07 8.81999e-09)
(-10 -1.25629e-07 8.65017e-09)
(-10 -1.13447e-07 7.87155e-09)
(-10 -9.59896e-08 6.53902e-09)
(-10 -7.24573e-08 4.73838e-09)
(-10 -4.18671e-08 2.71695e-09)
(-10 -3.29176e-09 -2.31633e-10)
(-10 4.33182e-08 -2.85104e-09)
(-10 9.67022e-08 -3.29331e-09)
(-10 2.65809e-07 -4.71437e-09)
(-10 -3.30448e-09 -3.16295e-09)
(-10 -2.09877e-07 6.78651e-09)
(-10 -2.1905e-07 2.17159e-09)
(-10 -2.26954e-07 1.74147e-09)
(-10 -2.31643e-07 3.15145e-09)
(-10 -2.32483e-07 6.53683e-09)
(-10 -2.28059e-07 7.97267e-09)
(-10 -2.19243e-07 8.35233e-09)
(-10 -2.0542e-07 8.15643e-09)
(-10 -1.84536e-07 7.33258e-09)
(-10 -1.55193e-07 5.95068e-09)
(-10 -1.1566e-07 4.18806e-09)
(-10 -6.40317e-08 2.04354e-09)
(-10 1.59911e-09 -5.77155e-10)
(-10 8.35482e-08 -3.66541e-09)
(-10 1.85582e-07 -4.07912e-09)
(-10 4.03548e-07 -5.07422e-09)
(-10 -2.28077e-08 -3.28729e-09)
(-10 -3.01492e-07 7.58043e-09)
(-10 -3.16044e-07 3.17372e-09)
(-10 -3.25354e-07 1.91821e-09)
(-10 -3.3078e-07 3.35373e-09)
(-10 -3.31164e-07 6.84602e-09)
(-10 -3.24369e-07 8.23233e-09)
(-10 -3.11289e-07 8.63145e-09)
(-10 -2.90355e-07 8.366e-09)
(-10 -2.59819e-07 7.56928e-09)
(-10 -2.17426e-07 6.23662e-09)
(-10 -1.60751e-07 4.48239e-09)
(-10 -8.69825e-08 2.52644e-09)
(-10 7.43547e-09 -4.00873e-10)
(-10 1.26636e-07 -2.71416e-09)
(-10 2.76469e-07 -3.12247e-09)
(-10 5.52106e-07 -4.37742e-09)
(-10 -3.22603e-08 -3.05047e-09)
(-10 -3.87209e-07 5.88208e-09)
(-10 -4.04064e-07 2.12045e-09)
(-10 -4.15449e-07 2.06013e-09)
(-10 -4.22403e-07 3.37176e-09)
(-10 -4.22056e-07 6.46261e-09)
(-10 -4.13314e-07 7.83007e-09)
(-10 -3.96107e-07 8.17761e-09)
(-10 -3.68661e-07 7.8991e-09)
(-10 -3.28795e-07 7.01335e-09)
(-10 -2.7378e-07 5.61712e-09)
(-10 -2.00474e-07 3.87255e-09)
(-10 -1.05185e-07 1.73242e-09)
(-10 1.65232e-08 -7.33139e-10)
(-10 1.70233e-07 -3.69896e-09)
(-10 3.6414e-07 -4.28752e-09)
(-10 7.10315e-07 -4.4974e-09)
(-10 -5.261e-08 -2.70393e-09)
(-10 -4.68317e-07 6.2979e-09)
(-10 -4.90079e-07 2.65202e-09)
(-10 -5.03568e-07 1.29636e-09)
(-10 -5.10697e-07 2.76024e-09)
(-10 -5.09802e-07 5.96838e-09)
(-10 -4.98793e-07 7.32612e-09)
(-10 -4.77264e-07 7.77014e-09)
(-10 -4.43185e-07 7.55909e-09)
(-10 -3.93943e-07 6.74823e-09)
(-10 -3.2635e-07 5.49301e-09)
(-10 -2.36685e-07 3.98086e-09)
(-10 -1.20513e-07 2.14119e-09)
(-10 2.76452e-08 -4.90367e-10)
(-10 2.14376e-07 -2.21312e-09)
(-10 4.47419e-07 -2.57879e-09)
(-10 8.61239e-07 -3.81462e-09)
(-10 -6.14074e-08 -2.59088e-09)
(-10 -5.48145e-07 4.76986e-09)
(-10 -5.72897e-07 1.58301e-09)
(-10 -5.8694e-07 1.99744e-09)
(-10 -5.94992e-07 3.26241e-09)
(-10 -5.93125e-07 5.95608e-09)
(-10 -5.79725e-07 7.05864e-09)
(-10 -5.53692e-07 7.35107e-09)
(-10 -5.12873e-07 7.06451e-09)
(-10 -4.54248e-07 6.24063e-09)
(-10 -3.74199e-07 4.95401e-09)
(-10 -2.685e-07 3.28226e-09)
(-10 -1.32024e-07 1.33005e-09)
(-10 4.13516e-08 -7.19023e-10)
(-10 2.58985e-07 -3.30168e-09)
(-10 5.30376e-07 -4.1443e-09)
(-10 1.00995e-06 -4.08576e-09)
(-10 -7.56862e-08 -2.09877e-09)
(-10 -6.25459e-07 4.22529e-09)
(-10 -6.52331e-07 8.16747e-10)
(-10 -6.69337e-07 3.71681e-10)
(-10 -6.76611e-07 1.97955e-09)
(-10 -6.73279e-07 4.70435e-09)
(-10 -6.56803e-07 6.01119e-09)
(-10 -6.25902e-07 6.51926e-09)
(-10 -5.7806e-07 6.30639e-09)
(-10 -5.09951e-07 5.53453e-09)
(-10 -4.17463e-07 4.38307e-09)
(-10 -2.96008e-07 3.14169e-09)
(-10 -1.39922e-07 1.64773e-09)
(-10 5.76763e-08 -4.26868e-10)
(-10 3.05076e-07 -1.65167e-09)
(-10 6.11753e-07 -2.00527e-09)
(-10 1.15242e-06 -3.24976e-09)
(-10 -8.12297e-08 -2.05047e-09)
(-10 -7.00578e-07 5.09537e-09)
(-10 -7.31759e-07 -5.10263e-10)
(-10 -7.46833e-07 1.82219e-09)
(-10 -7.5416e-07 3.04265e-09)
(-10 -7.48851e-07 5.16608e-09)
(-10 -7.28946e-07 5.96343e-09)
(-10 -6.92789e-07 6.17154e-09)
(-10 -6.37619e-07 5.86638e-09)
(-10 -5.59868e-07 5.17291e-09)
(-10 -4.55001e-07 4.00097e-09)
(-10 -3.18145e-07 2.44472e-09)
(-10 -1.43122e-07 6.57127e-10)
(-10 7.74859e-08 -8.00228e-10)
(-10 3.52612e-07 -2.50409e-09)
(-10 6.93072e-07 -3.90997e-09)
(-10 1.29098e-06 -3.75914e-09)
(-10 -9.04614e-08 -1.49675e-09)
(-10 -7.76978e-07 4.54998e-10)
(-10 -8.05286e-07 -7.59568e-10)
(-10 -8.23388e-07 -7.15495e-10)
(-10 -8.29433e-07 1.4174e-09)
(-10 -8.21199e-07 3.3902e-09)
(-10 -7.97093e-07 4.6476e-09)
(-10 -7.55014e-07 5.09944e-09)
(-10 -6.92054e-07 4.91674e-09)
(-10 -6.0424e-07 4.26062e-09)
(-10 -4.87033e-07 3.28223e-09)
(-10 -3.35058e-07 2.15775e-09)
(-10 -1.41739e-07 8.33281e-10)
(-10 1.00855e-07 -9.62411e-10)
(-10 4.02338e-07 -1.04988e-09)
(-10 7.73754e-07 -1.14666e-09)
(-10 1.42367e-06 -2.90712e-09)
(-10 -9.4166e-08 -1.29508e-09)
(-10 -8.46918e-07 2.26791e-09)
(-10 -8.81886e-07 -1.77881e-09)
(-10 -8.95e-07 1.92415e-09)
(-10 -8.99789e-07 3.25018e-09)
(-10 -8.88571e-07 4.43975e-09)
(-10 -8.59793e-07 5.1839e-09)
(-10 -8.11408e-07 5.3041e-09)
(-10 -7.40143e-07 4.91837e-09)
(-10 -6.42238e-07 4.2947e-09)
(-10 -5.12745e-07 3.13888e-09)
(-10 -3.45995e-07 1.69058e-09)
(-10 -1.35118e-07 3.18414e-10)
(-10 1.28244e-07 -7.71868e-10)
(-10 4.54134e-07 -1.89118e-09)
(-10 8.54692e-07 -3.54405e-09)
(-10 1.55263e-06 -3.59771e-09)
(-10 -9.99796e-08 -1.00348e-09)
(-10 -9.1926e-07 -2.12375e-09)
(-10 -9.5136e-07 -2.20706e-09)
(-10 -9.65459e-07 -7.09569e-10)
(-10 -9.67435e-07 1.42193e-09)
(-10 -9.52218e-07 3.0612e-09)
(-10 -9.18076e-07 4.02935e-09)
(-10 -8.62488e-07 4.36087e-09)
(-10 -7.82837e-07 4.11158e-09)
(-10 -6.7461e-07 3.42268e-09)
(-10 -5.32764e-07 2.48444e-09)
(-10 -3.51558e-07 1.52801e-09)
(-10 -1.23838e-07 4.34599e-10)
(-10 1.59254e-07 -8.93619e-10)
(-10 5.08297e-07 -4.68305e-10)
(-10 9.35486e-07 -8.99194e-11)
(-10 1.67725e-06 -2.85678e-09)
(-10 -1.01531e-07 -5.0205e-10)
(-10 -9.83515e-07 2.35206e-10)
(-10 -1.02043e-06 -1.77342e-09)
(-10 -1.02963e-06 2.8446e-09)
(-10 -1.02916e-06 4.49997e-09)
(-10 -1.00977e-06 5.60467e-09)
(-10 -9.69737e-07 6.07276e-09)
(-10 -9.07397e-07 5.63696e-09)
(-10 -8.1923e-07 4.97782e-09)
(-10 -7.00785e-07 4.02642e-09)
(-10 -5.47005e-07 2.49798e-09)
(-10 -3.51931e-07 1.14522e-09)
(-10 -1.08173e-07 9.14333e-11)
(-10 1.93751e-07 -6.83558e-10)
(-10 5.64458e-07 -1.80883e-09)
(-10 1.01752e-06 -2.78704e-09)
(-10 1.79992e-06 -3.50018e-09)
(-10 -1.04947e-07 -9.61891e-10)
(-10 -1.04872e-06 -2.9208e-09)
(-10 -1.08205e-06 -3.81228e-10)
(-10 -1.09063e-06 1.5792e-09)
(-10 -1.08637e-06 3.82851e-09)
(-10 -1.06225e-06 5.13766e-09)
(-10 -1.01633e-06 5.54754e-09)
(-10 -9.47272e-07 5.3999e-09)
(-10 -8.50832e-07 4.62405e-09)
(-10 -7.22487e-07 3.25194e-09)
(-10 -5.57257e-07 1.817e-09)
(-10 -3.48954e-07 7.45244e-10)
(-10 -8.91246e-08 -2.40523e-12)
(-10 2.30766e-07 -6.92597e-10)
(-10 6.22418e-07 -9.67464e-11)
(-10 1.09845e-06 5.13082e-10)
(-10 1.92115e-06 -3.07496e-09)
(-10 -1.04849e-07 -7.26527e-10)
(-10 -1.10304e-06 -1.52611e-09)
(-10 -1.13922e-06 2.27501e-09)
(-10 -1.14336e-06 6.96502e-09)
(-10 -1.13597e-06 8.39758e-09)
(-10 -1.10735e-06 8.90522e-09)
(-10 -1.05659e-06 8.65675e-09)
(-10 -9.81374e-07 7.76054e-09)
(-10 -8.77519e-07 6.06683e-09)
(-10 -7.404e-07 3.82073e-09)
(-10 -5.64786e-07 1.76983e-09)
(-10 -3.42917e-07 8.48712e-10)
(-10 -6.94119e-08 2.98478e-10)
(-10 2.69321e-07 -8.785e-10)
(-10 6.81654e-07 -1.87555e-09)
(-10 1.18156e-06 -1.8587e-09)
(-10 2.04342e-06 -3.88292e-09)
(-10 -1.07273e-07 -6.73486e-10)
(-10 -1.15725e-06 -8.38379e-10)
(-10 -1.18644e-06 4.73619e-09)
(-10 -1.19006e-06 7.35042e-09)
(-10 -1.17892e-06 9.29545e-09)
(-10 -1.14627e-06 9.69101e-09)
(-10 -1.09153e-06 9.21666e-09)
(-10 -1.01151e-06 7.92527e-09)
(-10 -9.01662e-07 5.73138e-09)
(-10 -7.57333e-07 3.0582e-09)
(-10 -5.71393e-07 1.74413e-09)
(-10 -3.41134e-07 7.64704e-10)
(-10 -4.8631e-08 -2.29962e-10)
(-10 3.0727e-07 -4.69362e-10)
(-10 7.40267e-07 8.59053e-10)
(-10 1.26498e-06 1.42815e-09)
(-10 2.16788e-06 -3.53903e-09)
(-10 -1.08761e-07 -9.27191e-11)
(-10 -1.2015e-06 2.54338e-09)
(-10 -1.22802e-06 9.69575e-09)
(-10 -1.22979e-06 1.39068e-08)
(-10 -1.21519e-06 1.45193e-08)
(-10 -1.1803e-06 1.39794e-08)
(-10 -1.12276e-06 1.24851e-08)
(-10 -1.0397e-06 1.00509e-08)
(-10 -9.25993e-07 6.71366e-09)
(-10 -7.7564e-07 3.57684e-09)
(-10 -5.87093e-07 1.40157e-09)
(-10 -3.37478e-07 3.63826e-10)
(-10 -3.32767e-08 6.91865e-11)
(-10 3.41867e-07 2.13429e-10)
(-10 7.9642e-07 -1.78253e-09)
(-10 1.34884e-06 -1.69947e-09)
(-10 2.29743e-06 -4.57784e-09)
(-10 -1.11679e-07 -5.63046e-10)
(-10 -1.24225e-06 7.03393e-09)
(-10 -1.26009e-06 1.36277e-08)
(-10 -1.26314e-06 1.50927e-08)
(-10 -1.24655e-06 1.52776e-08)
(-10 -1.20978e-06 1.46853e-08)
(-10 -1.15132e-06 1.32548e-08)
(-10 -1.06713e-06 9.63377e-09)
(-10 -9.5275e-07 6.00855e-09)
(-10 -8.05062e-07 3.09928e-09)
(-10 -6.0062e-07 1.51098e-09)
(-10 -3.46402e-07 1.14824e-09)
(-10 -2.41964e-08 1.15294e-09)
(-10 3.69764e-07 4.68987e-10)
(-10 8.4959e-07 1.42818e-09)
(-10 1.43183e-06 1.81693e-09)
(-10 2.43332e-06 -4.29103e-09)
(-10 -1.15811e-07 -1.01284e-09)
(-10 -1.28469e-06 1.31718e-08)
(-10 -1.29492e-06 1.85444e-08)
(-10 -1.29973e-06 2.03206e-08)
(-10 -1.28098e-06 1.96222e-08)
(-10 -1.24239e-06 1.71672e-08)
(-10 -1.18396e-06 1.33708e-08)
(-10 -1.10383e-06 9.43315e-09)
(-10 -9.91961e-07 6.05236e-09)
(-10 -8.36937e-07 3.12616e-09)
(-10 -6.33241e-07 1.87745e-09)
(-10 -3.64369e-07 1.65825e-09)
(-10 -2.75993e-08 1.21109e-09)
(-10 3.90435e-07 -1.10092e-11)
(-10 8.96404e-07 -2.10376e-09)
(-10 1.51458e-06 -2.94551e-09)
(-10 2.57847e-06 -5.86268e-09)
(-10 -1.22556e-07 -9.97762e-10)
(-10 -1.32865e-06 1.75357e-08)
(-10 -1.33979e-06 1.83854e-08)
(-10 -1.33998e-06 1.76082e-08)
(-10 -1.31898e-06 1.56985e-08)
(-10 -1.28262e-06 1.27052e-08)
(-10 -1.22618e-06 1.02891e-08)
(-10 -1.14362e-06 6.10766e-09)
(-10 -1.03883e-06 2.47638e-09)
(-10 -8.85442e-07 1.55026e-09)
(-10 -6.76753e-07 1.81501e-09)
(-10 -3.94996e-07 1.61411e-09)
(-10 -4.18509e-08 9.08611e-10)
(-10 4.00279e-07 -1.52691e-09)
(-10 9.36394e-07 -4.7065e-10)
(-10 1.59523e-06 1.12208e-09)
(-10 2.733e-06 -4.82032e-09)
(-10 -1.31573e-07 -3.60086e-09)
(-10 -1.38693e-06 1.79267e-08)
(-10 -1.39056e-06 1.40536e-08)
(-10 -1.38914e-06 1.18455e-08)
(-10 -1.37047e-06 1.01057e-08)
(-10 -1.32983e-06 7.26371e-09)
(-10 -1.27125e-06 3.05228e-09)
(-10 -1.20406e-06 -1.2196e-09)
(-10 -1.09718e-06 -2.88078e-09)
(-10 -9.48724e-07 -2.65964e-09)
(-10 -7.30249e-07 -2.49256e-09)
(-10 -4.40633e-07 -1.80561e-09)
(-10 -7.08952e-08 -2.82719e-09)
(-10 4.00972e-07 -4.86432e-09)
(-10 9.72829e-07 -5.94177e-09)
(-10 1.67462e-06 -4.24388e-09)
(-10 2.8984e-06 -5.93838e-09)
(-10 -1.46138e-07 -1.95567e-09)
(-10 -1.41434e-06 1.04267e-08)
(-10 -1.41633e-06 2.75085e-09)
(-10 -1.41826e-06 -5.42474e-09)
(-10 -1.40486e-06 -7.52308e-09)
(-10 -1.36483e-06 -8.7458e-09)
(-10 -1.32059e-06 -1.31692e-08)
(-10 -1.25355e-06 -1.48026e-08)
(-10 -1.16519e-06 -1.25207e-08)
(-10 -1.0146e-06 -9.06395e-09)
(-10 -7.9851e-07 -6.56276e-09)
(-10 -4.99734e-07 -6.48859e-09)
(-10 -8.49709e-08 -9.1656e-09)
(-10 3.83025e-07 -7.26136e-09)
(-10 9.92485e-07 -2.37032e-09)
(-10 1.74401e-06 3.22345e-09)
(-10 3.06959e-06 -3.39534e-09)
(-10 -1.55606e-07 -4.39836e-09)
(-10 -1.42122e-06 7.58162e-09)
(-10 -1.445e-06 4.58125e-09)
(-10 -1.41318e-06 5.79421e-10)
(-10 -1.41945e-06 -4.86892e-09)
(-10 -1.38757e-06 -7.93649e-09)
(-10 -1.35861e-06 -1.37579e-08)
(-10 -1.3058e-06 -1.24759e-08)
(-10 -1.22209e-06 -6.05614e-09)
(-10 -1.07895e-06 -5.99483e-09)
(-10 -8.57578e-07 -1.87973e-08)
(-10 -5.37301e-07 -3.60608e-09)
(-10 -1.69134e-07 -1.40187e-09)
(-10 3.87161e-07 -2.98163e-09)
(-10 1.01662e-06 1.855e-09)
(-10 1.83526e-06 2.7086e-09)
(-10 3.25024e-06 -4.79614e-09)
(-10 -1.85829e-07 -2.52556e-09)
(-10 -1.46126e-06 1.60792e-09)
(-10 -1.47491e-06 -1.91406e-09)
(-10 -1.48268e-06 -7.75076e-09)
(-10 -1.48308e-06 -1.09442e-08)
(-10 -1.47521e-06 -1.91057e-08)
(-10 -1.44891e-06 -2.01499e-08)
(-10 -1.40883e-06 -1.71057e-08)
(-10 -1.31806e-06 -1.65788e-08)
(-10 -1.17826e-06 -7.23884e-09)
(-10 -9.60043e-07 -3.58236e-09)
(-10 -6.27111e-07 -1.50677e-08)
(-10 -1.35493e-07 2.3817e-10)
(-10 3.31127e-07 1.69605e-08)
(-10 1.03601e-06 1.15979e-08)
(-10 1.86128e-06 1.30678e-08)
(-10 3.42635e-06 -3.26956e-09)
(-10 -1.94172e-07 -1.53958e-09)
(-10 -1.50251e-06 2.36982e-08)
(-10 -1.53667e-06 2.1645e-08)
(-10 -1.56692e-06 2.16318e-08)
(-10 -1.58249e-06 8.69798e-09)
(-10 -1.58688e-06 1.82902e-09)
(-10 -1.56761e-06 7.63701e-09)
(-10 -1.52382e-06 1.04908e-08)
(-10 -1.43373e-06 1.04261e-08)
(-10 -1.2939e-06 1.42311e-08)
(-10 -1.04525e-06 -2.96184e-08)
(-10 -6.81367e-07 7.58199e-09)
(-10 -2.3245e-08 1.6833e-08)
(-10 -2.64231e-08 1.30701e-08)
(-10 -3.08414e-08 1.20686e-08)
(-10 -3.35777e-08 1.1351e-08)
(-10 -3.40621e-08 1.13795e-08)
(-10 -3.61186e-08 1.08722e-08)
(-10 -3.57259e-08 1.03419e-08)
(-10 -3.58849e-08 9.49041e-09)
(-10 -3.25807e-08 8.62106e-09)
(-10 -2.92159e-08 7.36107e-09)
(-10 -2.42397e-08 5.8146e-09)
(-10 -1.70077e-08 4.14821e-09)
(-10 -7.5428e-09 2.49224e-09)
(-10 4.95789e-09 1.16751e-09)
(-10 1.91217e-08 2.96603e-10)
(-10 7.67752e-08 -1.29816e-09)
(-10 1.32507e-08 -2.34081e-09)
(-10 -9.57153e-08 1.52999e-08)
(-10 -1.04657e-07 1.24061e-08)
(-10 -1.11963e-07 1.1961e-08)
(-10 -1.17328e-07 1.12586e-08)
(-10 -1.20524e-07 1.11698e-08)
(-10 -1.20664e-07 1.09626e-08)
(-10 -1.177e-07 1.02618e-08)
(-10 -1.13028e-07 9.48085e-09)
(-10 -1.04412e-07 8.5206e-09)
(-10 -9.06307e-08 7.24733e-09)
(-10 -7.08149e-08 5.71066e-09)
(-10 -4.40246e-08 3.98904e-09)
(-10 -9.34952e-09 2.21406e-09)
(-10 3.3519e-08 8.12366e-10)
(-10 8.36929e-08 -2.3643e-10)
(-10 2.46663e-07 -1.88133e-09)
(-10 -4.48744e-09 -2.27843e-09)
(-10 -1.58083e-07 1.40691e-08)
(-10 -1.71136e-07 1.1158e-08)
(-10 -1.82082e-07 1.09206e-08)
(-10 -1.91143e-07 1.04451e-08)
(-10 -1.96601e-07 1.03329e-08)
(-10 -1.97407e-07 1.00906e-08)
(-10 -1.93466e-07 9.46858e-09)
(-10 -1.8489e-07 8.79227e-09)
(-10 -1.69753e-07 7.85576e-09)
(-10 -1.46479e-07 6.62841e-09)
(-10 -1.13258e-07 5.19334e-09)
(-10 -6.81628e-08 3.58288e-09)
(-10 -9.2707e-09 1.93172e-09)
(-10 6.64161e-08 3.52195e-10)
(-10 1.62798e-07 -8.9308e-10)
(-10 3.73745e-07 -9.23516e-10)
(-10 -1.56744e-08 -2.37574e-09)
(-10 -2.29099e-07 1.43183e-08)
(-10 -2.49219e-07 1.19099e-08)
(-10 -2.62016e-07 1.12096e-08)
(-10 -2.73831e-07 1.08513e-08)
(-10 -2.80566e-07 1.07148e-08)
(-10 -2.80966e-07 1.04257e-08)
(-10 -2.74836e-07 9.89246e-09)
(-10 -2.61449e-07 9.15947e-09)
(-10 -2.3891e-07 8.16248e-09)
(-10 -2.0495e-07 6.89563e-09)
(-10 -1.57031e-07 5.39036e-09)
(-10 -9.22485e-08 3.77806e-09)
(-10 -7.06191e-09 2.08972e-09)
(-10 1.02808e-07 7.23678e-10)
(-10 2.43529e-07 -2.60421e-10)
(-10 5.13293e-07 -8.55535e-10)
(-10 -3.33667e-08 -2.234e-09)
(-10 -2.95651e-07 1.28004e-08)
(-10 -3.19271e-07 1.00849e-08)
(-10 -3.35957e-07 1.00615e-08)
(-10 -3.50445e-07 9.70616e-09)
(-10 -3.58343e-07 9.59807e-09)
(-10 -3.58634e-07 9.32423e-09)
(-10 -3.50561e-07 8.85334e-09)
(-10 -3.32796e-07 8.158e-09)
(-10 -3.03082e-07 7.21915e-09)
(-10 -2.58794e-07 6.02896e-09)
(-10 -1.96659e-07 4.6686e-09)
(-10 -1.12886e-07 3.20096e-09)
(-10 -3.0259e-09 1.69091e-09)
(-10 1.38936e-07 1.47433e-10)
(-10 3.21657e-07 -8.59665e-10)
(-10 6.59342e-07 -7.09058e-10)
(-10 -4.58836e-08 -2.40846e-09)
(-10 -3.58612e-07 1.22758e-08)
(-10 -3.88539e-07 1.04297e-08)
(-10 -4.07555e-07 9.74188e-09)
(-10 -4.24242e-07 9.49707e-09)
(-10 -4.33065e-07 9.46584e-09)
(-10 -4.32836e-07 9.26506e-09)
(-10 -4.22416e-07 8.83632e-09)
(-10 -4.00038e-07 8.19415e-09)
(-10 -3.63088e-07 7.28332e-09)
(-10 -3.08327e-07 6.14083e-09)
(-10 -2.32068e-07 4.79521e-09)
(-10 -1.29717e-07 3.36563e-09)
(-10 4.31174e-09 1.86663e-09)
(-10 1.76845e-07 7.43822e-10)
(-10 3.95599e-07 -1.10341e-10)
(-10 8.00607e-07 -9.44987e-10)
(-10 -6.14852e-08 -1.95884e-09)
(-10 -4.22302e-07 1.05926e-08)
(-10 -4.54648e-07 8.24721e-09)
(-10 -4.77245e-07 8.44474e-09)
(-10 -4.9573e-07 8.17472e-09)
(-10 -5.0508e-07 8.1014e-09)
(-10 -5.03949e-07 7.94666e-09)
(-10 -4.9086e-07 7.57341e-09)
(-10 -4.63615e-07 6.97292e-09)
(-10 -4.19299e-07 6.14508e-09)
(-10 -3.54178e-07 5.09581e-09)
(-10 -2.64002e-07 3.9255e-09)
(-10 -1.4359e-07 2.65911e-09)
(-10 1.33452e-08 1.40169e-09)
(-10 2.14515e-07 -5.31533e-11)
(-10 4.70033e-07 -8.19437e-10)
(-10 9.38469e-07 -8.10942e-10)
(-10 -7.25218e-08 -2.25754e-09)
(-10 -4.83548e-07 9.40711e-09)
(-10 -5.21016e-07 8.19053e-09)
(-10 -5.45351e-07 7.56704e-09)
(-10 -5.65071e-07 7.54135e-09)
(-10 -5.74329e-07 7.60551e-09)
(-10 -5.71673e-07 7.48611e-09)
(-10 -5.55323e-07 7.20267e-09)
(-10 -5.22774e-07 6.71546e-09)
(-10 -4.70746e-07 5.99081e-09)
(-10 -3.95134e-07 5.08954e-09)
(-10 -2.91162e-07 4.02611e-09)
(-10 -1.53166e-07 2.83893e-09)
(-10 2.59718e-08 1.56794e-09)
(-10 2.54921e-07 7.83417e-10)
(-10 5.43004e-07 -1.01548e-11)
(-10 1.07218e-06 -1.02619e-09)
(-10 -8.52621e-08 -1.54505e-09)
(-10 -5.45685e-07 7.62018e-09)
(-10 -5.85207e-07 5.4597e-09)
(-10 -6.11967e-07 6.14395e-09)
(-10 -6.32294e-07 6.13898e-09)
(-10 -6.40831e-07 6.19536e-09)
(-10 -6.36053e-07 6.16128e-09)
(-10 -6.15886e-07 5.8999e-09)
(-10 -5.7756e-07 5.415e-09)
(-10 -5.17566e-07 4.76343e-09)
(-10 -4.31332e-07 3.96617e-09)
(-10 -3.13826e-07 3.0439e-09)
(-10 -1.58766e-07 2.04035e-09)
(-10 4.14681e-08 1.02686e-09)
(-10 2.96055e-07 -2.68823e-10)
(-10 6.16681e-07 -8.17643e-10)
(-10 1.20109e-06 -8.79458e-10)
(-10 -9.4156e-08 -1.90262e-09)
(-10 -6.0699e-07 5.91451e-09)
(-10 -6.50049e-07 5.35664e-09)
(-10 -6.77534e-07 4.919e-09)
(-10 -6.97624e-07 5.11266e-09)
(-10 -7.04657e-07 5.33166e-09)
(-10 -6.9693e-07 5.41821e-09)
(-10 -6.72188e-07 5.28009e-09)
(-10 -6.27523e-07 4.96106e-09)
(-10 -5.59012e-07 4.47667e-09)
(-10 -4.61974e-07 3.82945e-09)
(-10 -3.31075e-07 3.05731e-09)
(-10 -1.59498e-07 2.17958e-09)
(-10 6.09962e-08 1.16507e-09)
(-10 3.40487e-07 9.59145e-10)
(-10 6.89832e-07 5.19653e-12)
(-10 1.32565e-06 -1.03024e-09)
(-10 -1.03644e-07 -9.58024e-10)
(-10 -6.68642e-07 4.46054e-09)
(-10 -7.14442e-07 2.13818e-09)
(-10 -7.4121e-07 3.64209e-09)
(-10 -7.6051e-07 3.92079e-09)
(-10 -7.65375e-07 4.23531e-09)
(-10 -7.53988e-07 4.34764e-09)
(-10 -7.24108e-07 4.23161e-09)
(-10 -6.72443e-07 3.92163e-09)
(-10 -5.95105e-07 3.43105e-09)
(-10 -4.87341e-07 2.82398e-09)
(-10 -3.43222e-07 2.15565e-09)
(-10 -1.55661e-07 1.43435e-09)
(-10 8.40404e-08 7.00846e-10)
(-10 3.86206e-07 -4.25856e-10)
(-10 7.63746e-07 -7.26011e-10)
(-10 1.44586e-06 -9.21083e-10)
(-10 -1.09225e-07 -1.4433e-09)
(-10 -7.29361e-07 2.4068e-09)
(-10 -7.77613e-07 1.99468e-09)
(-10 -8.03418e-07 2.22796e-09)
(-10 -8.20983e-07 2.88586e-09)
(-10 -8.22808e-07 3.43315e-09)
(-10 -8.07072e-07 3.72717e-09)
(-10 -7.71099e-07 3.76522e-09)
(-10 -7.12087e-07 3.52971e-09)
(-10 -6.25794e-07 3.14037e-09)
(-10 -5.07063e-07 2.6593e-09)
(-10 -3.49904e-07 2.121e-09)
(-10 -1.46895e-07 1.4517e-09)
(-10 1.11182e-07 6.4129e-10)
(-10 4.35376e-07 1.34395e-09)
(-10 8.37711e-07 -3.06257e-11)
(-10 1.56289e-06 -1.03109e-09)
(-10 -1.15859e-07 -4.10372e-10)
(-10 -7.88178e-07 1.34364e-09)
(-10 -8.38566e-07 2.1e-10)
(-10 -8.62303e-07 2.09322e-09)
(-10 -8.77627e-07 2.6285e-09)
(-10 -8.75939e-07 3.10873e-09)
(-10 -8.5509e-07 3.3387e-09)
(-10 -8.13171e-07 3.3072e-09)
(-10 -7.46781e-07 3.0519e-09)
(-10 -6.51442e-07 2.59944e-09)
(-10 -5.22014e-07 2.00039e-09)
(-10 -3.52277e-07 1.42169e-09)
(-10 -1.34454e-07 9.32701e-10)
(-10 1.41293e-07 5.17754e-10)
(-10 4.85797e-07 -3.01636e-10)
(-10 9.12861e-07 -7.31396e-10)
(-10 1.67743e-06 -1.11068e-09)
(-10 -1.17379e-07 -8.59261e-10)
(-10 -8.45693e-07 -1.8286e-10)
(-10 -8.95117e-07 8.84302e-10)
(-10 -9.17612e-07 1.48829e-09)
(-10 -9.29979e-07 2.44084e-09)
(-10 -9.24107e-07 3.07424e-09)
(-10 -8.98189e-07 3.35905e-09)
(-10 -8.50379e-07 3.362e-09)
(-10 -7.76636e-07 3.06152e-09)
(-10 -6.72525e-07 2.58163e-09)
(-10 -5.32767e-07 2.06405e-09)
(-10 -3.50976e-07 1.53386e-09)
(-10 -1.18155e-07 9.82447e-10)
(-10 1.74385e-07 3.79042e-10)
(-10 5.38567e-07 3.7973e-10)
(-10 9.87823e-07 -3.26299e-11)
(-10 1.79143e-06 -1.13085e-09)
(-10 -1.22679e-07 4.84527e-11)
(-10 -8.96712e-07 1.20506e-10)
(-10 -9.46285e-07 4.50937e-10)
(-10 -9.66238e-07 2.76294e-09)
(-10 -9.75679e-07 3.52838e-09)
(-10 -9.65611e-07 3.94153e-09)
(-10 -9.35588e-07 3.78215e-09)
(-10 -8.82459e-07 3.65626e-09)
(-10 -8.0219e-07 3.07646e-09)
(-10 -6.9037e-07 2.3912e-09)
(-10 -5.41297e-07 1.88719e-09)
(-10 -3.47015e-07 1.40305e-09)
(-10 -1.02471e-07 8.89819e-10)
(-10 2.08709e-07 2.87844e-10)
(-10 5.92022e-07 -4.33356e-10)
(-10 1.06402e-06 -8.66213e-10)
(-10 1.90543e-06 -9.93573e-10)
(-10 -1.22956e-07 -7.18157e-10)
(-10 -9.4465e-07 3.47221e-10)
(-10 -9.89299e-07 3.02868e-09)
(-10 -1.00855e-06 3.83938e-09)
(-10 -1.01463e-06 4.82609e-09)
(-10 -1.00142e-06 5.24807e-09)
(-10 -9.67844e-07 5.10058e-09)
(-10 -9.1044e-07 4.75981e-09)
(-10 -8.25046e-07 3.92379e-09)
(-10 -7.06984e-07 2.98425e-09)
(-10 -5.47905e-07 2.43725e-09)
(-10 -3.47318e-07 1.8541e-09)
(-10 -8.30559e-08 1.27463e-09)
(-10 2.42352e-07 7.65052e-10)
(-10 6.45359e-07 2.08284e-09)
(-10 1.1401e-06 1.39073e-10)
(-10 2.02201e-06 -9.76443e-10)
(-10 -1.2586e-07 -2.27887e-10)
(-10 -9.83682e-07 2.99898e-09)
(-10 -1.02283e-06 4.8741e-09)
(-10 -1.04306e-06 6.96707e-09)
(-10 -1.0461e-06 7.49978e-09)
(-10 -1.03087e-06 7.43238e-09)
(-10 -9.95185e-07 6.9178e-09)
(-10 -9.35615e-07 5.97935e-09)
(-10 -8.4726e-07 4.59034e-09)
(-10 -7.24106e-07 3.47087e-09)
(-10 -5.63013e-07 2.55112e-09)
(-10 -3.44603e-07 1.7293e-09)
(-10 -7.03354e-08 1.19411e-09)
(-10 2.72247e-07 9.52725e-10)
(-10 6.94831e-07 -3.88772e-10)
(-10 1.21658e-06 -7.78898e-10)
(-10 2.14242e-06 -7.7574e-10)
(-10 -1.25124e-07 -7.25348e-10)
(-10 -1.01673e-06 7.05003e-09)
(-10 -1.04784e-06 9.85199e-09)
(-10 -1.07064e-06 1.02727e-08)
(-10 -1.07185e-06 1.07819e-08)
(-10 -1.05577e-06 1.04554e-08)
(-10 -1.01896e-06 9.44707e-09)
(-10 -9.59502e-07 8.02958e-09)
(-10 -8.70666e-07 6.4462e-09)
(-10 -7.50454e-07 5.04232e-09)
(-10 -5.78053e-07 3.83194e-09)
(-10 -3.52133e-07 2.99911e-09)
(-10 -6.5535e-08 2.13414e-09)
(-10 2.95787e-07 1.07487e-09)
(-10 7.40587e-07 2.35128e-09)
(-10 1.29013e-06 3.2021e-10)
(-10 2.26844e-06 -8.7067e-10)
(-10 -1.24468e-07 -3.52666e-10)
(-10 -1.04569e-06 1.2565e-08)
(-10 -1.076e-06 1.29938e-08)
(-10 -1.09776e-06 1.40145e-08)
(-10 -1.09797e-06 1.36446e-08)
(-10 -1.08022e-06 1.2673e-08)
(-10 -1.04526e-06 1.07665e-08)
(-10 -9.91173e-07 8.84397e-09)
(-10 -9.0378e-07 7.88258e-09)
(-10 -7.79945e-07 5.70548e-09)
(-10 -6.05272e-07 4.49421e-09)
(-10 -3.72111e-07 2.89929e-09)
(-10 -7.02702e-08 1.96586e-09)
(-10 3.09143e-07 6.67255e-10)
(-10 7.78796e-07 -8.23458e-10)
(-10 1.36421e-06 -7.88968e-10)
(-10 2.4028e-06 -7.08163e-10)
(-10 -1.25254e-07 -1.43141e-09)
(-10 -1.07721e-06 1.68787e-08)
(-10 -1.10798e-06 1.68327e-08)
(-10 -1.12978e-06 1.6388e-08)
(-10 -1.12783e-06 1.5423e-08)
(-10 -1.1133e-06 1.45097e-08)
(-10 -1.07747e-06 1.31853e-08)
(-10 -1.02636e-06 1.14672e-08)
(-10 -9.43427e-07 9.50887e-09)
(-10 -8.24585e-07 7.89483e-09)
(-10 -6.44945e-07 6.15469e-09)
(-10 -4.05548e-07 4.12789e-09)
(-10 -8.77927e-08 2.70212e-09)
(-10 3.0994e-07 -3.88791e-10)
(-10 8.12337e-07 1.24073e-09)
(-10 1.43573e-06 2.81346e-10)
(-10 2.54648e-06 -7.40446e-10)
(-10 -1.29765e-07 -5.25056e-10)
(-10 -1.126e-06 1.90731e-08)
(-10 -1.13905e-06 1.55554e-08)
(-10 -1.16559e-06 1.41728e-08)
(-10 -1.16476e-06 1.38678e-08)
(-10 -1.14608e-06 1.27344e-08)
(-10 -1.11604e-06 1.05011e-08)
(-10 -1.07077e-06 9.35216e-09)
(-10 -9.96822e-07 8.04035e-09)
(-10 -8.77445e-07 6.71515e-09)
(-10 -6.96365e-07 4.80588e-09)
(-10 -4.48342e-07 2.10087e-09)
(-10 -1.19142e-07 -2.2122e-09)
(-10 3.05055e-07 -2.08067e-09)
(-10 8.37947e-07 -2.10952e-09)
(-10 1.50118e-06 8.46486e-10)
(-10 2.70005e-06 -4.43543e-10)
(-10 -1.38971e-07 -2.68083e-09)
(-10 -1.13104e-06 1.44337e-08)
(-10 -1.16976e-06 1.58972e-08)
(-10 -1.16745e-06 1.02529e-08)
(-10 -1.17765e-06 9.57428e-09)
(-10 -1.15937e-06 8.74204e-09)
(-10 -1.14651e-06 7.35234e-09)
(-10 -1.10556e-06 6.45467e-09)
(-10 -1.04673e-06 6.51128e-09)
(-10 -9.33102e-07 6.44171e-09)
(-10 -7.53144e-07 5.30938e-09)
(-10 -5.01376e-07 3.78546e-09)
(-10 -1.60581e-07 2.18992e-09)
(-10 2.86907e-07 -3.26392e-10)
(-10 8.54247e-07 1.58201e-09)
(-10 1.59323e-06 3.26081e-10)
(-10 2.86009e-06 6.25867e-10)
(-10 -1.53592e-07 -2.1448e-09)
(-10 -1.15654e-06 1.82844e-08)
(-10 -1.1581e-06 7.65772e-09)
(-10 -1.14864e-06 1.26525e-08)
(-10 -1.17713e-06 1.01858e-08)
(-10 -1.17219e-06 6.65217e-09)
(-10 -1.16117e-06 4.73343e-09)
(-10 -1.14555e-06 4.78756e-09)
(-10 -1.08925e-06 5.67718e-09)
(-10 -9.82017e-07 6.37009e-09)
(-10 -8.05545e-07 5.47582e-09)
(-10 -5.48352e-07 -5.61082e-09)
(-10 -1.9665e-07 -3.48246e-09)
(-10 2.69445e-07 2.24385e-09)
(-10 9.18047e-07 3.112e-09)
(-10 1.61049e-06 6.05588e-09)
(-10 3.02639e-06 6.11587e-10)
(-10 -1.72163e-07 -3.80136e-09)
(-10 -1.14491e-06 1.4845e-08)
(-10 -1.15768e-06 1.98788e-08)
(-10 -1.18987e-06 8.3007e-09)
(-10 -1.21335e-06 8.26558e-09)
(-10 -1.23574e-06 3.99831e-09)
(-10 -1.2343e-06 3.86304e-09)
(-10 -1.22479e-06 6.41496e-09)
(-10 -1.18113e-06 8.02751e-09)
(-10 -1.07727e-06 3.35599e-09)
(-10 -8.85395e-07 -9.03316e-10)
(-10 -6.35137e-07 1.08174e-08)
(-10 -2.74079e-07 8.52362e-09)
(-10 2.70399e-07 8.78577e-09)
(-10 8.64563e-07 7.28226e-09)
(-10 1.75977e-06 -2.52714e-10)
(-10 3.18362e-06 -5.89555e-10)
(-10 -1.78463e-07 2.30888e-10)
(-10 -1.14372e-06 4.59667e-08)
(-10 -1.18672e-06 2.87764e-08)
(-10 -1.23558e-06 3.09344e-08)
(-10 -1.27449e-06 2.50392e-08)
(-10 -1.30795e-06 2.02391e-08)
(-10 -1.32381e-06 1.58849e-08)
(-10 -1.31512e-06 1.48287e-08)
(-10 -1.26711e-06 1.88429e-08)
(-10 -1.16098e-06 2.08863e-08)
(-10 -9.9065e-07 1.88767e-08)
(-10 -7.13586e-07 1.09337e-08)
(-10 -3.38902e-07 7.93962e-09)
(-10 1.91727e-07 1.81483e-08)
(-10 9.57865e-07 7.42333e-09)
)
;

boundaryField
{
    frontAndBack
    {
        type            slip;
    }
    inlet
    {
        type            fixedValue;
        value           uniform (-10 0 0);
    }
    outlet
    {
        type            inletOutlet;
        inletValue      nonuniform List<vector> 0();
        value           nonuniform List<vector> 0();
    }
    lowerWall
    {
        type            fixedValue;
        value           uniform (-10 0 0);
    }
    upperWall
    {
        type            slip;
    }
    procBoundary2to1
    {
        type            processor;
        value           nonuniform List<vector> 
124
(
(-10 -3.49503e-08 5.58802e-09)
(-10 -1.15683e-07 4.06629e-09)
(-10 -2.00204e-07 6.42607e-10)
(-10 -2.9119e-07 -1.97828e-09)
(-10 -3.68828e-07 -1.57358e-09)
(-10 -4.48113e-07 -1.98928e-09)
(-10 -5.20681e-07 -4.15514e-10)
(-10 -5.96799e-07 -1.2089e-09)
(-10 -6.66898e-07 -1.58364e-09)
(-10 -7.37174e-07 -5.33768e-09)
(-10 -8.0296e-07 -4.39646e-09)
(-10 -8.6938e-07 -4.14253e-09)
(-10 -9.31402e-07 -2.05839e-09)
(-10 -9.91545e-07 -4.59339e-09)
(-10 -1.04626e-06 -4.40753e-09)
(-10 -1.09805e-06 -4.62751e-09)
(-10 -1.14882e-06 -2.59574e-09)
(-10 -1.19624e-06 -5.56565e-09)
(-10 -1.24631e-06 -1.76784e-09)
(-10 -1.30045e-06 1.08523e-09)
(-10 -1.35102e-06 4.94475e-09)
(-10 -1.38825e-06 4.11164e-09)
(-10 -1.40501e-06 1.73485e-08)
(-10 -1.47415e-06 2.65604e-08)
(-10 -3.33964e-08 1.7063e-08)
(-10 -1.19765e-07 5.01447e-09)
(-10 -1.95747e-07 6.03074e-09)
(-10 -2.87443e-07 7.2569e-09)
(-10 -3.68033e-07 8.82989e-09)
(-10 -4.48602e-07 3.34612e-09)
(-10 -5.23968e-07 5.60167e-09)
(-10 -6.0028e-07 2.46076e-09)
(-10 -6.7099e-07 4.55438e-09)
(-10 -7.46196e-07 -4.87765e-09)
(-10 -8.16662e-07 -1.63629e-09)
(-10 -8.86663e-07 -4.6044e-09)
(-10 -9.5203e-07 -1.1746e-09)
(-10 -1.01353e-06 -1.09015e-08)
(-10 -1.07488e-06 -8.03508e-09)
(-10 -1.13026e-06 -9.04178e-09)
(-10 -1.18301e-06 -7.68732e-09)
(-10 -1.23427e-06 -1.2013e-08)
(-10 -1.28816e-06 -1.7521e-09)
(-10 -1.34284e-06 1.71579e-09)
(-10 -1.39288e-06 1.02481e-08)
(-10 -1.43172e-06 4.47681e-09)
(-10 -1.42985e-06 1.67239e-08)
(-10 -1.45751e-06 -4.10783e-09)
(-10 -1.51753e-06 2.27569e-08)
(-10 -3.36258e-08 1.13188e-08)
(-10 -1.19778e-07 1.98899e-09)
(-10 -1.98305e-07 2.03019e-09)
(-10 -2.88652e-07 3.3998e-10)
(-10 -3.69589e-07 1.19882e-09)
(-10 -4.4947e-07 -1.88325e-09)
(-10 -5.2634e-07 1.06506e-09)
(-10 -6.02978e-07 -2.38283e-09)
(-10 -6.74854e-07 2.68895e-10)
(-10 -7.49866e-07 -5.54795e-09)
(-10 -8.20157e-07 -1.59955e-09)
(-10 -8.90645e-07 -8.26661e-09)
(-10 -9.55542e-07 -3.69789e-09)
(-10 -1.01924e-06 -9.30058e-09)
(-10 -1.07779e-06 -5.99449e-09)
(-10 -1.13197e-06 -1.19811e-08)
(-10 -1.18149e-06 -7.62329e-09)
(-10 -1.22859e-06 -1.0933e-08)
(-10 -1.27922e-06 -4.93168e-10)
(-10 -1.33526e-06 1.78677e-09)
(-10 -1.39115e-06 1.08158e-08)
(-10 -1.43486e-06 1.9502e-09)
(-10 -1.42928e-06 4.66379e-09)
(-10 -1.46905e-06 9.75649e-09)
(-10 -1.4979e-06 -1.7009e-08)
(-10 -3.30369e-08 2.2172e-08)
(-10 -1.18104e-07 1.54852e-08)
(-10 -1.97231e-07 1.54516e-08)
(-10 -2.85608e-07 1.39662e-08)
(-10 -3.67977e-07 1.36797e-08)
(-10 -4.46872e-07 1.05019e-08)
(-10 -5.241e-07 1.09512e-08)
(-10 -5.99353e-07 7.40189e-09)
(-10 -6.72194e-07 6.77084e-09)
(-10 -7.45805e-07 2.09314e-09)
(-10 -8.15425e-07 2.36279e-09)
(-10 -8.85775e-07 -2.24479e-09)
(-10 -9.50559e-07 -1.87818e-10)
(-10 -1.01436e-06 -5.6286e-09)
(-10 -1.07156e-06 -3.12906e-09)
(-10 -1.12587e-06 -5.62129e-09)
(-10 -1.1746e-06 -1.85382e-09)
(-10 -1.21974e-06 3.52019e-10)
(-10 -1.26945e-06 8.23937e-09)
(-10 -1.32187e-06 1.45297e-08)
(-10 -1.38244e-06 1.93592e-08)
(-10 -1.42792e-06 1.12531e-08)
(-10 -1.41315e-06 1.58083e-08)
(-10 -1.47116e-06 1.32453e-08)
(-10 -1.47912e-06 3.81172e-08)
(-10 -2.04757e-08 1.97693e-08)
(-10 -8.49919e-08 1.85622e-08)
(-10 -1.42172e-07 1.70197e-08)
(-10 -2.08469e-07 1.69806e-08)
(-10 -2.71393e-07 1.52593e-08)
(-10 -3.30572e-07 1.43243e-08)
(-10 -3.90815e-07 1.25045e-08)
(-10 -4.48705e-07 1.11162e-08)
(-10 -5.07883e-07 9.24482e-09)
(-10 -5.66544e-07 7.23909e-09)
(-10 -6.25765e-07 5.41441e-09)
(-10 -6.85185e-07 3.09778e-09)
(-10 -7.42747e-07 1.47366e-09)
(-10 -7.99669e-07 -5.60586e-10)
(-10 -8.51822e-07 -7.54369e-10)
(-10 -9.00564e-07 -9.48292e-10)
(-10 -9.43243e-07 9.6202e-10)
(-10 -9.80475e-07 5.07765e-09)
(-10 -1.01754e-06 9.97661e-09)
(-10 -1.0555e-06 1.7882e-08)
(-10 -1.10685e-06 1.82263e-08)
(-10 -1.12238e-06 1.6085e-08)
(-10 -1.08719e-06 2.1862e-08)
(-10 -1.12021e-06 2.16234e-08)
(-10 -1.10933e-06 4.56382e-08)
)
;
    }
    procBoundary2to4
    {
        type            processor;
        value           uniform (-10 -1.56579e-06 2.73191e-08);
    }
    procBoundary2to5
    {
        type            processor;
        value           nonuniform List<vector> 
100
(
(-10 -1.73265e-06 -1.96758e-08)
(-10 -1.72177e-06 2.60004e-08)
(-10 -1.6669e-06 -9.1775e-09)
(-10 -1.58699e-06 -1.87189e-08)
(-10 -1.44012e-06 -2.13929e-08)
(-10 -1.17761e-06 -7.81769e-09)
(-10 -8.04286e-07 1.47025e-08)
(-10 -3.19415e-07 -1.25583e-09)
(-10 3.03375e-07 -7.48962e-09)
(-10 1.09072e-06 -1.09378e-08)
(-10 2.07539e-06 -9.56306e-09)
(-10 3.50346e-06 -6.40309e-09)
(-10 -2.40445e-07 1.5563e-09)
(-10 -1.64325e-06 -5.3359e-09)
(-10 -1.6817e-06 -1.74143e-08)
(-10 -1.72292e-06 -7.74199e-08)
(-10 -1.73265e-06 -1.96758e-08)
(-10 -1.77754e-06 -2.18059e-08)
(-10 -1.73265e-06 -1.96758e-08)
(-10 -1.72177e-06 2.60004e-08)
(-10 -1.5375e-06 -3.28447e-08)
(-10 -1.45926e-06 -2.15443e-08)
(-10 -1.28226e-06 2.7189e-08)
(-10 -1.03048e-06 -1.00333e-09)
(-10 -7.47586e-07 -3.07672e-10)
(-10 -3.11268e-07 1.08252e-08)
(-10 2.68485e-07 8.64182e-09)
(-10 1.00195e-06 2.44088e-09)
(-10 1.92207e-06 -1.32538e-08)
(-10 3.60824e-06 -1.35309e-08)
(-10 -2.2714e-07 -1.93253e-09)
(-10 -1.58679e-06 1.52868e-08)
(-10 -1.59763e-06 9.3872e-09)
(-10 -1.65203e-06 -1.87345e-08)
(-10 -1.68365e-06 -7.32749e-08)
(-10 -1.71254e-06 -3.47587e-08)
(-10 -1.5375e-06 -3.28447e-08)
(-10 -1.76665e-06 -6.9881e-08)
(-10 -1.5375e-06 -3.28447e-08)
(-10 -1.45926e-06 -2.15443e-08)
(-10 -1.28226e-06 2.7189e-08)
(-10 -1.08613e-06 -3.80445e-10)
(-10 -7.51806e-07 1.08968e-08)
(-10 -2.70944e-07 4.64524e-09)
(-10 2.82485e-07 1.10281e-08)
(-10 1.00986e-06 -2.69281e-09)
(-10 1.92334e-06 -9.42769e-09)
(-10 3.61337e-06 -1.29064e-08)
(-10 -2.24459e-07 2.25152e-09)
(-10 -1.57258e-06 -2.39527e-08)
(-10 -1.59872e-06 -1.31218e-08)
(-10 -1.65586e-06 -3.0841e-08)
(-10 -1.69956e-06 -4.67224e-08)
(-10 -1.72803e-06 -7.41259e-08)
(-10 -1.70417e-06 -4.04072e-08)
(-10 -1.67386e-06 -2.67029e-08)
(-10 -1.58274e-06 -1.57619e-08)
(-10 -1.08613e-06 -3.80445e-10)
(-10 -1.45012e-06 -2.42125e-09)
(-10 -1.08613e-06 -3.80445e-10)
(-10 -7.51806e-07 1.08968e-08)
(-10 -3.10983e-07 1.15411e-08)
(-10 2.58022e-07 1.91082e-09)
(-10 1.00031e-06 2.9305e-08)
(-10 1.96426e-06 -3.39421e-09)
(-10 3.6109e-06 -1.28369e-08)
(-10 -2.1648e-07 1.83538e-10)
(-10 -1.54993e-06 1.40667e-08)
(-10 -1.61278e-06 8.84859e-09)
(-10 -1.65253e-06 2.97393e-09)
(-10 -1.69194e-06 -6.50019e-09)
(-10 -1.71805e-06 -1.01568e-08)
(-10 -1.71151e-06 -7.88968e-09)
(-10 -1.66901e-06 -6.70252e-09)
(-10 -1.57868e-06 -8.40532e-09)
(-10 -1.3939e-06 -1.57293e-08)
(-10 -1.17355e-06 1.53974e-08)
(-10 -3.10983e-07 1.15411e-08)
(-10 -8.80729e-07 -6.01436e-09)
(-10 -3.10983e-07 1.15411e-08)
(-10 2.58022e-07 1.91082e-09)
(-10 1.00031e-06 2.9305e-08)
(-10 1.69205e-06 4.1375e-09)
(-10 3.35672e-06 -3.50154e-09)
(-10 -2.2309e-07 -4.12089e-09)
(-10 -1.15034e-06 3.17153e-08)
(-10 -1.19119e-06 3.55609e-08)
(-10 -1.28798e-06 2.51274e-08)
(-10 -1.3499e-06 2.1498e-08)
(-10 -1.40285e-06 1.86545e-08)
(-10 -1.42898e-06 1.57356e-08)
(-10 -1.42546e-06 1.85835e-08)
(-10 -1.37915e-06 2.29963e-08)
(-10 -1.27318e-06 2.54971e-08)
(-10 -1.09344e-06 1.43488e-08)
(-10 -8.05455e-07 -6.08533e-09)
(-10 -4.17425e-07 8.20262e-09)
(-10 9.04338e-08 1.46071e-08)
(-10 1.69205e-06 4.1375e-09)
(-10 8.36048e-07 -4.8769e-09)
)
;
    }
}


// ************************************************************************* //
