/*--------------------------------*- C++ -*----------------------------------*\
  =========                 |
  \\      /  F ield         | OpenFOAM: The Open Source CFD Toolbox
   \\    /   O peration     | Website:  https://openfoam.org
    \\  /    A nd           | Version:  10
     \\/     M anipulation  |
\*---------------------------------------------------------------------------*/
FoamFile
{
    format      ascii;
    class       surfaceScalarField;
    location    "0";
    object      phi;
}
// * * * * * * * * * * * * * * * * * * * * * * * * * * * * * * * * * * * * * //

dimensions      [0 3 -1 0 0 0 0];

internalField   nonuniform List<scalar> 
5618
(
0.000147247
-200
9.33011e-05
1.28083e-05
-200
0.000101177
1.29775e-05
-200
0.000110088
1.23101e-05
-200
0.000116078
1.26417e-05
-200
0.00012318
1.25453e-05
-200
0.000128917
1.25485e-05
-200
0.000136301
1.16934e-05
-200
0.000143328
1.04237e-05
-200
0.000149983
8.7483e-06
-200
0.000157628
7.31099e-06
-200
0.000165824
7.70221e-06
-200
0.000175966
8.20375e-06
-200
0.000189217
1.31042e-05
-200
0.000215197
2.10053e-05
-200
0.000197741
1.73015e-05
0.000241072
3.1784e-05
-200
0.000110133
1.08525e-05
-200
0.000118485
1.16508e-05
-200
0.000126841
1.18447e-05
-200
0.000133713
1.3126e-05
-200
0.00014229
1.34209e-05
-200
0.00015058
1.39105e-05
-200
0.000160242
1.31379e-05
-200
0.000167831
1.18104e-05
-200
0.000174977
1.02795e-05
-200
0.000180488
8.96286e-06
-200
0.000187995
8.90397e-06
-200
0.000198717
9.95444e-06
-200
0.000212791
1.28729e-05
-200
0.000215047
1.35394e-05
-200
0.000260324
2.67932e-05
0.000237292
2.19037e-05
-200
0.000126025
8.52399e-06
-200
0.0001353
9.77122e-06
-200
0.000141673
1.0337e-05
-200
0.000152118
1.2447e-05
-200
0.000160671
1.27634e-05
-200
0.000173351
1.36266e-05
-200
0.000182768
1.23241e-05
-200
0.000191988
1.13652e-05
-200
0.000197104
9.78347e-06
-200
0.000202502
9.36543e-06
-200
0.000208033
9.143e-06
-200
0.00021658
9.86745e-06
-200
0.000227919
1.13625e-05
-200
0.000258878
1.86206e-05
-200
0.000239486
1.24403e-05
0.000304735
2.9941e-05
-200
0.000137064
7.23202e-06
-200
0.000145309
7.39649e-06
-200
0.000153265
9.33348e-06
-200
0.000164269
1.05278e-05
-200
0.000175991
1.19183e-05
-200
0.000189085
1.14765e-05
-200
0.000199443
1.06428e-05
-200
0.000207618
9.26856e-06
-200
0.000211675
8.76951e-06
-200
0.000216259
8.65277e-06
-200
0.000221199
9.38899e-06
-200
0.000232493
1.03937e-05
-200
0.000246531
1.19862e-05
-200
0.000246389
9.40044e-06
-200
0.000302035
2.44491e-05
0.000274327
1.33165e-05
-200
0.000152263
5.62836e-06
-200
0.000156554
5.72983e-06
-200
0.000168284
8.16719e-06
-200
0.000178636
8.85564e-06
-200
0.00019445
1.01793e-05
-200
0.000206059
8.84774e-06
-200
0.000217739
8.10253e-06
-200
0.00022323
6.78903e-06
-200
0.000229062
7.5031e-06
-200
0.000232615
8.00347e-06
-200
0.000241827
9.96987e-06
-200
0.000251363
1.00588e-05
-200
0.000267308
1.10695e-05
-200
0.000301969
1.67102e-05
-200
0.000285597
7.63493e-06
0.000355991
2.49041e-05
-200
0.000155315
2.97632e-06
-200
0.00016523
5.25012e-06
-200
0.000177789
6.30597e-06
-200
0.000191877
7.96291e-06
-200
0.000206985
7.33981e-06
-200
0.000219512
6.48848e-06
-200
0.000229116
4.87882e-06
-200
0.000234994
5.06669e-06
-200
0.000241151
5.86017e-06
-200
0.000247779
8.35526e-06
-200
0.000259917
9.91418e-06
-200
0.000276791
1.14211e-05
-200
0.000297454
1.10689e-05
-200
0.000303923
6.66255e-06
-200
0.000370271
1.96682e-05
0.000331817
1.83897e-06
-200
0.000167226
3.27654e-06
-200
0.00018045
5.12737e-06
-200
0.00019245
5.34512e-06
-200
0.000210233
6.41496e-06
-200
0.000223533
4.75338e-06
-200
0.000236959
3.71409e-06
-200
0.000244168
2.2746e-06
-200
0.000252808
3.47517e-06
-200
0.000258821
4.96299e-06
-200
0.00027258
8.73352e-06
-200
0.000287108
9.97171e-06
-200
0.000306971
1.04995e-05
-200
0.000330047
9.18299e-06
-200
0.000376536
1.27303e-05
-200
0.000350152
-7.10379e-06
-200
0.00044363
1.72022e-05
0.0004265
-200
0.000179791
4.98963e-06
-200
0.000193273
4.44302e-06
-200
0.000208205
5.15859e-06
-200
0.000224345
3.90497e-06
-200
0.00023812
2.62624e-06
-200
0.000249105
6.27366e-07
-200
0.000257077
6.97829e-07
-200
0.000265728
1.67571e-06
-200
0.000276206
5.3531e-06
-200
0.000292319
7.89518e-06
-200
0.000310882
9.93554e-06
-200
0.000336195
9.91951e-06
-200
0.000362574
7.58195e-06
-200
0.000370578
-2.96933e-06
-200
0.000460703
1.59473e-05
-200
0.000419046
-1.29544e-05
0.000468893
-6.09291e-06
-200
0.000205473
5.80052e-06
-200
0.000214347
4.16144e-06
-200
0.000230788
3.98611e-06
-200
0.000244016
1.60579e-06
-200
0.000258118
1.14023e-07
-200
0.000266715
-1.65405e-06
-200
0.000277198
-6.98196e-07
-200
0.000285638
9.83668e-07
-200
0.000302577
5.36131e-06
-200
0.000318968
7.22476e-06
-200
0.000342474
9.20735e-06
-200
0.000363041
6.83174e-06
-200
0.000387566
3.977e-06
-200
0.000435147
6.80304e-06
-200
0.000401676
-2.1127e-05
-200
0.00049285
-4.06483e-06
0.000482946
-1.52086e-05
-200
0.00022079
3.95195e-06
-200
0.000233888
3.56491e-06
-200
0.000248237
1.4915e-06
-200
0.00026119
-3.84192e-07
-200
0.000272644
-2.61465e-06
-200
0.000281701
-2.93203e-06
-200
0.000292054
-2.0918e-06
-200
0.000304716
1.56447e-06
-200
0.000322839
4.31521e-06
-200
0.000342354
7.05261e-06
-200
0.000364894
7.01492e-06
-200
0.000387804
5.52034e-06
-200
0.000410916
1.73248e-06
-200
0.000411592
-1.16794e-05
-200
0.000495335
2.89498e-06
-200
0.00044685
-2.45116e-05
0.000483588
-2.45214e-05
-200
0.000245208
3.07836e-06
-200
0.000258768
2.00683e-06
-200
0.000269663
-9.13164e-07
-200
0.00028271
-2.68039e-06
-200
0.000291529
-4.6029e-06
-200
0.00030308
-3.89549e-06
-200
0.000313206
-2.39148e-06
-200
0.00033208
1.75387e-06
-200
0.000349285
3.65163e-06
-200
0.000373481
6.23701e-06
-200
0.000393078
4.80626e-06
-200
0.000411303
2.11763e-06
-200
0.000427945
-2.31541e-06
-200
0.000466567
-7.68655e-08
-200
0.000419037
-2.93028e-05
-200
0.000499571
-1.56426e-05
0.000480289
-2.59204e-05
-200
0.000261924
2.22636e-06
-200
0.000274201
-7.71743e-07
-200
0.000284791
-2.97871e-06
-200
0.000295137
-5.14798e-06
-200
0.00030432
-5.59236e-06
-200
0.000315705
-4.84876e-06
-200
0.000329865
-1.59535e-06
-200
0.000348984
8.34091e-07
-200
0.000369443
3.70777e-06
-200
0.000391359
3.8869e-06
-200
0.000408858
2.66504e-06
-200
0.000427348
5.96584e-07
-200
0.000441251
-3.66754e-06
-200
0.000430916
-1.72437e-05
-200
0.000502079
-1.92093e-06
-200
0.000442888
-2.95201e-05
0.000472669
-2.81871e-05
-200
0.000285506
8.47499e-08
-200
0.000290876
-3.46495e-06
-200
0.000301084
-5.14193e-06
-200
0.000308677
-6.93916e-06
-200
0.000320447
-6.19925e-06
-200
0.000331493
-4.95106e-06
-200
0.000351236
-1.27025e-06
-200
0.000368709
2.71177e-07
-200
0.000392906
2.76501e-06
-200
0.000410093
1.49407e-06
-200
0.000427936
8.68362e-07
-200
0.000437766
-2.68386e-06
-200
0.000446419
-6.11441e-06
-200
0.000474391
-2.984e-06
-200
0.000419534
-3.01718e-05
-200
0.000484126
-1.65585e-05
0.000459331
-2.57693e-05
-200
0.00028366
-4.62904e-06
-200
0.000293579
-5.88918e-06
-200
0.000302654
-7.59717e-06
-200
0.00031158
-7.61656e-06
-200
0.000323174
-7.02239e-06
-200
0.000338208
-4.06909e-06
-200
0.000357237
-2.29316e-06
-200
0.000377837
3.30277e-07
-200
0.000398551
9.71909e-08
-200
0.000414825
-2.09314e-07
-200
0.000428558
-1.80899e-06
-200
0.000438996
-3.11249e-06
-200
0.000446478
-5.63791e-06
-200
0.000428964
-1.69657e-05
-200
0.000486065
-1.33894e-06
-200
0.000424034
-2.47104e-05
0.000439595
-2.41038e-05
-200
0.000286897
-6.69466e-06
-200
0.000296491
-7.6482e-06
-200
0.000303847
-8.8811e-06
-200
0.000315581
-8.01943e-06
-200
0.000327173
-6.94671e-06
-200
0.00034663
-4.01613e-06
-200
0.000364094
-2.93661e-06
-200
0.000387416
-1.11539e-06
-200
0.000403322
-2.46954e-06
-200
0.00042035
-2.45362e-06
-200
0.000429788
-4.0927e-06
-200
0.000435416
-5.27422e-06
-200
0.000436799
-7.08189e-06
-200
0.000456126
-2.01534e-06
-200
0.000399482
-2.49152e-05
-200
0.000448349
-1.12395e-05
0.0004188
-1.76915e-05
-200
0.000275495
-7.10585e-06
-200
0.000284832
-8.97214e-06
-200
0.000293454
-8.92417e-06
-200
0.000304748
-8.47792e-06
-200
0.000319405
-6.2409e-06
-200
0.000337605
-5.18291e-06
-200
0.000357204
-3.44949e-06
-200
0.000376242
-4.30211e-06
-200
0.000391737
-4.62873e-06
-200
0.000404294
-5.99522e-06
-200
0.000411321
-6.38686e-06
-200
0.00041741
-6.05479e-06
-200
0.000418887
-6.23999e-06
-200
0.000398769
-1.44497e-05
-200
0.000443459
1.64695e-06
-200
0.000383604
-1.66443e-05
0.000393055
-1.40424e-05
-200
0.000272826
-7.55311e-06
-200
0.00027552
-9.30608e-06
-200
0.000284815
-8.75168e-06
-200
0.000295008
-8.30109e-06
-200
0.000312711
-6.33428e-06
-200
0.000328733
-6.22934e-06
-200
0.000349586
-5.4549e-06
-200
0.000363609
-7.37422e-06
-200
0.000378903
-7.8e-06
-200
0.000386315
-9.45145e-06
-200
0.000393143
-8.69879e-06
-200
0.000393065
-8.79381e-06
-200
0.000391501
-8.04867e-06
-200
0.000405237
-1.71491e-06
-200
0.000353554
-1.91401e-05
-200
0.000393426
-4.82533e-06
0.000365672
-8.85257e-06
-200
0.000244882
-9.55962e-06
-200
0.000251666
-9.21509e-06
-200
0.000260529
-9.05517e-06
-200
0.000272911
-7.65557e-06
-200
0.000288599
-7.66424e-06
-200
0.000305571
-7.20426e-06
-200
0.000321753
-8.98909e-06
-200
0.000335111
-1.00638e-05
-200
0.00034563
-1.21237e-05
-200
0.000351837
-1.23779e-05
-200
0.00035578
-1.19252e-05
-200
0.000357444
-9.94956e-06
-200
0.000357788
-8.26454e-06
-200
0.000338928
-1.33817e-05
-200
0.00037585
2.34529e-06
-200
0.000328369
-1.09211e-05
0.000336559
-6.71431e-06
-200
0.000223914
-9.62698e-06
-200
0.000230503
-8.89746e-06
-200
0.000237717
-8.8256e-06
-200
0.000252088
-7.79572e-06
-200
0.000264678
-8.8945e-06
-200
0.000282036
-9.39413e-06
-200
0.000293237
-1.22437e-05
-200
0.000306446
-1.35885e-05
-200
0.000312149
-1.60244e-05
-200
0.000319079
-1.5528e-05
-200
0.000320327
-1.49343e-05
-200
0.000320442
-1.27303e-05
-200
0.00031736
-1.09935e-05
-200
0.00032905
-3.80634e-06
-200
0.000290668
-1.63659e-05
-200
0.000320801
-4.14966e-06
0.000304345
-5.40771e-06
-200
0.000190399
-8.59543e-06
-200
0.000196587
-8.99942e-06
-200
0.000205251
-8.04223e-06
-200
0.000216131
-9.09659e-06
-200
0.000228722
-9.74139e-06
-200
0.000240699
-1.27751e-05
-200
0.000251339
-1.47655e-05
-200
0.000259408
-1.7994e-05
-200
0.000265222
-1.89304e-05
-200
0.000268902
-1.94762e-05
-200
0.000270294
-1.76418e-05
-200
0.000271825
-1.48465e-05
-200
0.000272581
-1.18661e-05
-200
0.000260134
-1.4705e-05
-200
0.000287799
-2.28194e-06
-200
0.000258844
-9.90727e-06
0.000263341
-7.25646e-06
-200
0.000164943
-8.56931e-06
-200
0.00016708
-8.82642e-06
-200
0.000173858
-8.21661e-06
-200
0.000182008
-1.00347e-05
-200
0.000191962
-1.15186e-05
-200
0.00020047
-1.5365e-05
-200
0.000208433
-1.77908e-05
-200
0.000213736
-2.12607e-05
-200
0.00021802
-2.2013e-05
-200
0.000220333
-2.25477e-05
-200
0.000221882
-2.00357e-05
-200
0.000222997
-1.77665e-05
-200
0.000221709
-1.49969e-05
-200
0.000232599
-9.11045e-06
-200
0.000210128
-1.6686e-05
-200
0.000227302
-8.84903e-06
0.000217929
-8.48074e-06
-200
0.00012584
-1.02196e-05
-200
0.000124336
-8.52034e-06
-200
0.000132902
-9.58003e-06
-200
0.000134313
-1.02064e-05
-200
0.000144864
-1.4032e-05
-200
0.000145742
-1.66446e-05
-200
0.000154729
-2.10155e-05
-200
0.000153698
-2.28691e-05
-200
0.00016034
-2.50378e-05
-200
0.00015821
-2.40167e-05
-200
0.000164602
-2.24417e-05
-200
0.000163895
-1.90897e-05
-200
0.000171253
-1.60395e-05
-200
0.000165428
-1.73174e-05
-200
0.000178598
-1.01191e-05
-200
0.00016444
-1.2889e-05
0.000162183
-1.12169e-05
-200
7.48808e-05
-1.11576e-05
-200
8.73127e-05
-8.9467e-06
-200
8.36226e-05
-1.02039e-05
-200
9.53875e-05
-1.08595e-05
-200
8.98878e-05
-1.52593e-05
-200
0.000100201
-1.76976e-05
-200
9.3907e-05
-2.23858e-05
-200
0.000102733
-2.37332e-05
-200
9.68743e-05
-2.60885e-05
-200
0.000105584
-2.442e-05
-200
0.000102936
-2.34038e-05
-200
0.00011187
-1.97084e-05
-200
0.000112886
-1.82906e-05
-200
0.000118163
-1.43932e-05
-200
0.000108867
-1.65634e-05
-200
0.000104924
-1.49216e-05
0.00010141
-1.2758e-05
-200
4.19991e-05
-5.6009e-06
-200
3.43553e-05
-9.26373e-06
-200
4.02821e-05
-8.15053e-06
-200
3.41955e-05
-1.26486e-05
-200
3.83618e-05
-1.35464e-05
-200
3.10024e-05
-1.93168e-05
-200
3.43506e-05
-2.03063e-05
-200
2.79868e-05
-2.4671e-05
-200
3.21169e-05
-2.36683e-05
-200
2.89315e-05
-2.4876e-05
-200
3.49241e-05
-2.14391e-05
-200
3.64583e-05
-2.01489e-05
-200
3.99227e-05
-1.70189e-05
-200
3.7927e-05
-1.60743e-05
-200
3.40353e-05
-1.55467e-05
-200
3.06861e-05
-1.39976e-05
2.92768e-05
-1.46742e-05
-200
-8.45493e-06
-200
-7.35704e-06
-200
-9.14133e-06
-200
-1.05558e-05
-200
-1.41723e-05
-200
-1.65792e-05
-200
-1.99894e-05
-200
-2.12825e-05
-200
-2.26216e-05
-200
-2.15584e-05
-200
-2.03606e-05
-200
-1.80754e-05
-200
-1.59338e-05
-200
-1.54121e-05
-200
-1.42976e-05
-200
-1.50702e-05
-1.41356e-05
-200
9.02451e-05
1.87068e-05
-200
9.91045e-05
1.56216e-05
-200
0.000109361
1.63427e-05
-200
0.000116835
1.50216e-05
-200
0.000124548
1.58886e-05
-200
0.000131045
1.47079e-05
-200
0.000138558
1.41927e-05
-200
0.000145495
1.23713e-05
-200
0.000152375
1.00677e-05
-200
0.000160209
9.66076e-06
-200
0.000167702
8.34138e-06
-200
0.000178701
1.25221e-05
-200
0.000188856
1.5395e-05
-200
0.000203531
2.52884e-05
-200
0.000212572
3.16408e-05
0.000225634
4.01696e-05
-200
0.000106495
1.5459e-05
-200
0.000115548
1.48e-05
-200
0.000124485
1.54591e-05
-200
0.000132652
1.59748e-05
-200
0.000141263
1.68561e-05
-200
0.000150136
1.67648e-05
-200
0.000158971
1.59237e-05
-200
0.000167135
1.43471e-05
-200
0.000174202
1.23248e-05
-200
0.000181117
1.13282e-05
-200
0.000188369
1.08269e-05
-200
0.000198581
1.29465e-05
-200
0.000210432
1.60447e-05
-200
0.000222987
2.19212e-05
-200
0.000237898
2.86349e-05
0.000249851
3.51149e-05
-200
0.000124006
1.23704e-05
-200
0.000131589
1.27036e-05
-200
0.000140105
1.39508e-05
-200
0.000149119
1.54239e-05
-200
0.000159351
1.65974e-05
-200
0.000169991
1.66537e-05
-200
0.000180141
1.57156e-05
-200
0.000188712
1.41479e-05
-200
0.000195519
1.26039e-05
-200
0.000201388
1.18553e-05
-200
0.000208418
1.2001e-05
-200
0.000217402
1.32484e-05
-200
0.000228894
1.55979e-05
-200
0.000244472
2.01465e-05
-200
0.00025825
2.48259e-05
0.000278759
3.04605e-05
-200
0.000134559
9.13742e-06
-200
0.000142705
1.00798e-05
-200
0.000151443
1.1817e-05
-200
0.000161656
1.37041e-05
-200
0.000173274
1.47582e-05
-200
0.000184977
1.45042e-05
-200
0.000195474
1.32838e-05
-200
0.000203744
1.18686e-05
-200
0.000209696
1.09762e-05
-200
0.000215244
1.11511e-05
-200
0.000222106
1.19036e-05
-200
0.00023197
1.32425e-05
-200
0.000245099
1.51117e-05
-200
0.00025781
1.74031e-05
-200
0.000275762
2.1856e-05
0.000292432
2.51146e-05
-200
0.000148119
6.82387e-06
-200
0.000155804
8.16928e-06
-200
0.000165376
1.01438e-05
-200
0.000177241
1.19419e-05
-200
0.000190014
1.24552e-05
-200
0.000202372
1.16771e-05
-200
0.000212702
1.02152e-05
-200
0.000220539
9.20436e-06
-200
0.000226495
9.39148e-06
-200
0.000233165
1.07324e-05
-200
0.00024174
1.2322e-05
-200
0.000253491
1.36602e-05
-200
0.000267307
1.45639e-05
-200
0.00028627
1.69938e-05
-200
0.000304399
1.92473e-05
0.000319951
2.1099e-05
-200
0.000155784
5.24191e-06
-200
0.000165038
6.56951e-06
-200
0.000176287
8.42357e-06
-200
0.000189458
9.56721e-06
-200
0.000202944
9.29033e-06
-200
0.000215177
7.88534e-06
-200
0.000225047
6.42019e-06
-200
0.000232507
6.11018e-06
-200
0.000239749
7.57796e-06
-200
0.00024837
9.93809e-06
-200
0.000260007
1.21848e-05
-200
0.000275351
1.34412e-05
-200
0.000294507
1.40287e-05
-200
0.000313404
1.44298e-05
-200
0.00032844
1.53963e-05
0.000355822
1.98318e-05
-200
0.000169903
5.03725e-06
-200
0.00017938
6.09409e-06
-200
0.000192158
7.29631e-06
-200
0.000206311
7.42284e-06
-200
0.000220209
6.29325e-06
-200
0.000232136
4.4489e-06
-200
0.000241704
3.31782e-06
-200
0.000249996
4.05239e-06
-200
0.000259431
6.61153e-06
-200
0.00027127
9.79753e-06
-200
0.000287051
1.22637e-05
-200
0.000306065
1.28465e-05
-200
0.000327546
1.21087e-05
-200
0.000352005
1.18376e-05
-200
0.000386169
1.44202e-05
0.00039651
1.25086e-05
-200
0.000181058
5.19034e-06
-200
0.000192833
5.572e-06
-200
0.000206373
5.68053e-06
-200
0.000220752
4.65469e-06
-200
0.000234195
2.74509e-06
-200
0.00024554
7.72082e-07
-200
0.000254896
3.23895e-07
-200
0.000264646
2.06622e-06
-200
0.000276219
5.41775e-06
-200
0.000291272
8.88629e-06
-200
0.000309744
1.08586e-05
-200
0.00033137
1.0519e-05
-200
0.000356942
8.87989e-06
-200
0.000385847
6.44502e-06
-200
0.000402774
3.21494e-06
-200
0.000432936
4.81038e-06
0.00045465
-200
0.000202585
5.79673e-06
-200
0.000213415
5.23503e-06
-200
0.00022689
4.16133e-06
-200
0.000240907
2.15789e-06
-200
0.000253854
-1.95586e-07
-200
0.000264718
-1.84567e-06
-200
0.00027502
-1.31347e-06
-200
0.000286545
1.26377e-06
-200
0.000300943
5.10953e-06
-200
0.000318699
8.29248e-06
-200
0.000339049
9.40928e-06
-200
0.000360992
7.81352e-06
-200
0.000384059
4.00052e-06
-200
0.000406268
-1.45585e-06
-200
0.000439211
-7.13247e-06
-200
0.000460902
-1.03496e-05
0.000468395
-200
0.000219425
5.05578e-06
-200
0.000231454
3.75373e-06
-200
0.00024448
1.58964e-06
-200
0.000257602
-8.55606e-07
-200
0.000269537
-3.41013e-06
-200
0.000280196
-4.1376e-06
-200
0.000291586
-2.85814e-06
-200
0.000305012
5.41922e-07
-200
0.000321802
4.17634e-06
-200
0.00034108
6.78192e-06
-200
0.000361443
6.62397e-06
-200
0.000382487
4.21274e-06
-200
0.000404591
-1.24472e-06
-200
0.000429721
-8.44522e-06
-200
0.000445026
-1.52175e-05
-200
0.000460707
-2.93299e-05
0.000481402
-3.21035e-05
-200
0.000243877
3.88337e-06
-200
0.000254427
1.89517e-06
-200
0.000266435
-7.26553e-07
-200
0.000278854
-3.36735e-06
-200
0.000289983
-5.36364e-06
-200
0.000301591
-5.13138e-06
-200
0.00031445
-2.97833e-06
-200
0.000330642
7.29342e-07
-200
0.000349372
3.91262e-06
-200
0.000369809
5.54699e-06
-200
0.000389732
4.56815e-06
-200
0.000408927
1.08152e-06
-200
0.000425832
-5.03629e-06
-200
0.000439744
-1.32422e-05
-200
0.000461821
-2.55331e-05
-200
0.000477888
-2.87236e-05
0.000476747
-4.00133e-05
-200
0.000258578
1.44053e-06
-200
0.000269992
-1.18834e-06
-200
0.000281411
-3.60749e-06
-200
0.000292338
-6.23991e-06
-200
0.000303372
-7.04786e-06
-200
0.000315545
-6.18611e-06
-200
0.000330373
-3.135e-06
-200
0.000348104
6.37829e-08
-200
0.00036797
2.72466e-06
-200
0.00038762
3.07178e-06
-200
0.000406051
1.67026e-06
-200
0.000422223
-2.32732e-06
-200
0.000437428
-8.15063e-06
-200
0.000453197
-1.65555e-05
-200
0.000457937
-2.45364e-05
-200
0.00046314
-4.20099e-05
0.000476447
-4.27806e-05
-200
0.000278141
-1.56364e-06
-200
0.000287088
-3.78845e-06
-200
0.000297248
-6.05711e-06
-200
0.000307618
-7.70035e-06
-200
0.000319161
-7.66936e-06
-200
0.000332871
-5.81915e-06
-200
0.000349637
-2.76595e-06
-200
0.000368801
5.45947e-08
-200
0.000388737
1.5764e-06
-200
0.000407432
1.35298e-06
-200
0.000423752
-4.9379e-07
-200
0.000437096
-4.01429e-06
-200
0.000447163
-9.31751e-06
-200
0.000452544
-1.64852e-05
-200
0.000464586
-2.72254e-05
-200
0.000471388
-2.84181e-05
0.000461933
-3.9756e-05
-200
0.000280433
-5.17542e-06
-200
0.00029083
-6.98582e-06
-200
0.000300648
-8.55515e-06
-200
0.00031095
-9.18962e-06
-200
0.000323292
-8.2934e-06
-200
0.000338291
-6.01198e-06
-200
0.000356231
-3.30745e-06
-200
0.000375578
-1.33299e-06
-200
0.00039454
-7.87027e-07
-200
0.000411319
-1.51793e-06
-200
0.00042499
-3.20924e-06
-200
0.000435618
-5.82713e-06
-200
0.000444222
-9.79677e-06
-200
0.000452324
-1.54657e-05
-200
0.000449227
-2.01226e-05
-200
0.000445082
-3.44071e-05
0.000449614
-3.30464e-05
-200
0.000286254
-7.66718e-06
-200
0.000294422
-8.83942e-06
-200
0.00030378
-9.62205e-06
-200
0.000314865
-9.31378e-06
-200
0.000328276
-7.92529e-06
-200
0.000344807
-5.65603e-06
-200
0.000363292
-3.72922e-06
-200
0.000382437
-2.73136e-06
-200
0.000399948
-3.04823e-06
-200
0.000414817
-3.96896e-06
-200
0.000426204
-5.19337e-06
-200
0.000434196
-6.79191e-06
-200
0.000438115
-9.38603e-06
-200
0.000436698
-1.31946e-05
-200
0.000440986
-1.97554e-05
-200
0.000439903
-1.75782e-05
0.000424502
-2.57807e-05
-200
0.000274796
-9.60635e-06
-200
0.00028431
-1.03475e-05
-200
0.000293723
-1.03745e-05
-200
0.000305025
-9.62985e-06
-200
0.000319259
-8.11653e-06
-200
0.00033597
-6.56344e-06
-200
0.00035407
-5.6098e-06
-200
0.000371442
-5.83006e-06
-200
0.000386782
-6.7675e-06
-200
0.000398893
-7.812e-06
-200
0.000407708
-8.42007e-06
-200
0.00041313
-8.84047e-06
-200
0.000416061
-9.91238e-06
-200
0.000418667
-1.15365e-05
-200
0.000410979
-1.27087e-05
-200
0.000402071
-2.15144e-05
0.000401164
-1.82489e-05
-200
0.000269691
-1.03125e-05
-200
0.000275662
-1.04786e-05
-200
0.00028434
-1.00177e-05
-200
0.000296017
-9.0745e-06
-200
0.000310633
-8.05716e-06
-200
0.000327209
-7.44773e-06
-200
0.000344063
-7.76931e-06
-200
0.000359407
-8.96075e-06
-200
0.000372147
-1.04331e-05
-200
0.000381742
-1.13404e-05
-200
0.000388102
-1.13243e-05
-200
0.00039126
-1.07388e-05
-200
0.000391164
-1.02639e-05
-200
0.000387008
-1.04785e-05
-200
0.000387125
-1.31492e-05
-200
0.000383901
-7.78223e-06
0.000369013
-1.24235e-05
-200
0.000244777
-1.12504e-05
-200
0.000252162
-1.08634e-05
-200
0.000260888
-1.00257e-05
-200
0.000272692
-9.34166e-06
-200
0.000286676
-9.1865e-06
-200
0.000302149
-9.83681e-06
-200
0.000316668
-1.1417e-05
-200
0.000329603
-1.34498e-05
-200
0.000339535
-1.52455e-05
-200
0.000346915
-1.59544e-05
-200
0.000351078
-1.52921e-05
-200
0.000353099
-1.36674e-05
-200
0.000353524
-1.19577e-05
-200
0.000353889
-1.11086e-05
-200
0.000346614
-8.88491e-06
-200
0.000338949
-1.36537e-05
0.000338601
-8.68776e-06
-200
0.000225526
-1.13976e-05
-200
0.000230344
-1.04421e-05
-200
0.000238941
-9.45635e-06
-200
0.000250056
-9.47646e-06
-200
0.000263354
-1.03202e-05
-200
0.000276753
-1.24084e-05
-200
0.000289297
-1.49448e-05
-200
0.000299563
-1.77531e-05
-200
0.000307609
-1.9593e-05
-200
0.00031291
-2.01766e-05
-200
0.000316097
-1.88108e-05
-200
0.000317135
-1.65591e-05
-200
0.000315996
-1.4103e-05
-200
0.000312021
-1.22223e-05
-200
0.000312674
-1.19662e-05
-200
0.000311805
-5.7809e-06
0.000301456
-7.72885e-06
-200
0.00019044
-1.18025e-05
-200
0.000196858
-1.02973e-05
-200
0.000204978
-9.79086e-06
-200
0.000214665
-1.04251e-05
-200
0.000225945
-1.2726e-05
-200
0.000236652
-1.58051e-05
-200
0.000246612
-1.94806e-05
-200
0.000254304
-2.25762e-05
-200
0.000260405
-2.47472e-05
-200
0.000264103
-2.4912e-05
-200
0.000266554
-2.33042e-05
-200
0.000267263
-2.03098e-05
-200
0.000267689
-1.7293e-05
-200
0.000268875
-1.46469e-05
-200
0.000265293
-1.16484e-05
-200
0.000260498
-1.36756e-05
0.000261428
-9.27534e-06
-200
0.000162364
-1.16227e-05
-200
0.000167559
-9.99712e-06
-200
0.000171728
-1.00748e-05
-200
0.00018174
-1.14082e-05
-200
0.000188034
-1.49756e-05
-200
0.00019847
-1.88315e-05
-200
0.000203395
-2.33622e-05
-200
0.000211222
-2.66049e-05
-200
0.000213294
-2.89823e-05
-200
0.000218038
-2.87779e-05
-200
0.000218123
-2.70176e-05
-200
0.000220929
-2.3565e-05
-200
0.00022008
-2.03125e-05
-200
0.000219776
-1.75637e-05
-200
0.000220389
-1.67846e-05
-200
0.000220989
-1.17095e-05
0.000213654
-1.23231e-05
-200
0.000124374
-1.19799e-05
-200
0.000123669
-1.09258e-05
-200
0.000131928
-1.06427e-05
-200
0.000133292
-1.34748e-05
-200
0.000142946
-1.70751e-05
-200
0.000144096
-2.23452e-05
-200
0.000152588
-2.65351e-05
-200
0.000152348
-3.06293e-05
-200
0.000158699
-3.22512e-05
-200
0.00015758
-3.24659e-05
-200
0.000163099
-2.99639e-05
-200
0.000162928
-2.67296e-05
-200
0.000167736
-2.3228e-05
-200
0.000169997
-2.09024e-05
-200
0.000168529
-1.8803e-05
-200
0.000161264
-1.98729e-05
0.000159775
-1.66704e-05
-200
8.35631e-05
-1.26822e-05
-200
8.68173e-05
-1.10888e-05
-200
8.68309e-05
-1.16353e-05
-200
9.25921e-05
-1.43823e-05
-200
9.25641e-05
-1.89079e-05
-200
9.7671e-05
-2.38725e-05
-200
9.71562e-05
-2.86338e-05
-200
0.000101267
-3.21218e-05
-200
0.000100656
-3.39811e-05
-200
0.000104871
-3.35847e-05
-200
0.000106006
-3.13735e-05
-200
0.000111182
-2.79999e-05
-200
0.000114873
-2.50019e-05
-200
0.000115536
-2.3239e-05
-200
0.000110455
-2.32902e-05
-200
0.000106368
-2.02737e-05
9.84163e-05
-1.99735e-05
-200
3.75397e-05
-1.10532e-05
-200
3.73345e-05
-1.05967e-05
-200
3.87339e-05
-1.18695e-05
-200
3.74654e-05
-1.50331e-05
-200
3.73839e-05
-1.95042e-05
-200
3.52799e-05
-2.43854e-05
-200
3.48456e-05
-2.87893e-05
-200
3.32813e-05
-3.20288e-05
-200
3.37524e-05
-3.35181e-05
-200
3.41152e-05
-3.31214e-05
-200
3.66093e-05
-3.08619e-05
-200
3.96983e-05
-2.80207e-05
-200
4.16181e-05
-2.53581e-05
-200
3.89617e-05
-2.46651e-05
-200
3.5987e-05
-2.27376e-05
-200
2.90102e-05
-2.38836e-05
3.01184e-05
-2.20195e-05
-200
-1.33652e-05
-200
-1.14013e-05
-200
-1.18573e-05
-200
-1.49441e-05
-200
-1.8616e-05
-200
-2.32881e-05
-200
-2.68068e-05
-200
-2.99178e-05
-200
-3.07994e-05
-200
-3.06614e-05
-200
-2.85053e-05
-200
-2.63736e-05
-200
-2.44941e-05
-200
-2.28404e-05
-200
-2.35208e-05
-200
-2.19555e-05
-2.12549e-05
-200
8.51704e-05
9.79856e-06
-200
9.78208e-05
1.21008e-05
-200
0.000107981
1.05914e-05
-200
0.000118324
1.14864e-05
-200
0.00012606
1.02132e-05
-200
0.000134259
1.04129e-05
-200
0.000141263
8.98644e-06
-200
0.000148582
7.78287e-06
-200
0.000155902
6.79242e-06
-200
0.000162814
5.17879e-06
-200
0.000171585
6.92053e-06
-200
0.000179364
7.4688e-06
-200
0.000189871
1.36682e-05
-200
0.00019827
1.8348e-05
-200
0.000207875
2.87155e-05
0.000217736
3.11775e-05
-200
0.000101669
1.07502e-05
-200
0.000112272
1.12754e-05
-200
0.000122128
1.12531e-05
-200
0.000131791
1.18262e-05
-200
0.000140858
1.19028e-05
-200
0.000149963
1.18505e-05
-200
0.000158646
1.1039e-05
-200
0.000166824
9.77853e-06
-200
0.000174638
8.62916e-06
-200
0.00018194
7.53485e-06
-200
0.000190203
8.05876e-06
-200
0.000199053
9.11974e-06
-200
0.000209733
1.28463e-05
-200
0.000220214
1.72459e-05
-200
0.000231946
2.40902e-05
0.000242578
2.82884e-05
-200
0.000118954
9.98334e-06
-200
0.000127489
1.01767e-05
-200
0.000136771
1.07859e-05
-200
0.000146432
1.17033e-05
-200
0.000156477
1.22839e-05
-200
0.000166632
1.22687e-05
-200
0.000176342
1.15242e-05
-200
0.000185151
1.0382e-05
-200
0.000192976
9.30792e-06
-200
0.000200288
8.70601e-06
-200
0.000208266
9.03212e-06
-200
0.000217393
1.01005e-05
-200
0.000228134
1.24855e-05
-200
0.000240185
1.61489e-05
-200
0.00025361
2.0972e-05
0.000270406
2.45923e-05
-200
0.000130944
7.51328e-06
-200
0.000139719
8.16432e-06
-200
0.000148829
9.21704e-06
-200
0.000158903
1.03887e-05
-200
0.000169676
1.09928e-05
-200
0.00018056
1.07974e-05
-200
0.000190679
9.91906e-06
-200
0.000199581
8.87609e-06
-200
0.00020722
8.18608e-06
-200
0.00021459
8.19188e-06
-200
0.00022276
8.81742e-06
-200
0.000232623
9.95789e-06
-200
0.000244243
1.17221e-05
-200
0.000257171
1.43981e-05
-200
0.000271686
1.7613e-05
0.000286158
2.06981e-05
-200
0.000145647
6.18454e-06
-200
0.000153305
6.82357e-06
-200
0.000162688
8.02704e-06
-200
0.000173531
9.15002e-06
-200
0.000185068
9.47705e-06
-200
0.000196448
8.95347e-06
-200
0.000206773
7.95074e-06
-200
0.000215704
7.18374e-06
-200
0.000223661
7.172e-06
-200
0.000231924
7.97862e-06
-200
0.000241525
9.161e-06
-200
0.000253149
1.03911e-05
-200
0.000266471
1.16908e-05
-200
0.000282263
1.38068e-05
-200
0.000298382
1.59346e-05
0.000317971
1.80301e-05
-200
0.000155464
4.33905e-06
-200
0.000164295
5.21006e-06
-200
0.000174526
6.40695e-06
-200
0.000186108
7.08745e-06
-200
0.000198261
6.94841e-06
-200
0.000209807
5.97211e-06
-200
0.000220199
4.98361e-06
-200
0.000229292
4.62312e-06
-200
0.000238239
5.45376e-06
-200
0.000248151
6.95066e-06
-200
0.000260131
8.60836e-06
-200
0.000274421
9.68528e-06
-200
0.000291507
1.0791e-05
-200
0.000309353
1.15428e-05
-200
0.000326915
1.35332e-05
0.00034438
1.48251e-05
-200
0.000170142
4.31955e-06
-200
0.000178565
4.77951e-06
-200
0.000189634
5.52456e-06
-200
0.000201986
5.54347e-06
-200
0.000214665
4.84545e-06
-200
0.000226391
3.55679e-06
-200
0.000237026
2.78307e-06
-200
0.000246893
3.04791e-06
-200
0.000257565
4.67012e-06
-200
0.000269846
6.70548e-06
-200
0.000284856
8.49052e-06
-200
0.000302428
9.19933e-06
-200
0.000322501
9.35749e-06
-200
0.000343579
9.48149e-06
-200
0.000368661
1.10977e-05
0.000384481
1.08731e-05
-200
0.000182006
3.44323e-06
-200
0.000192306
4.04383e-06
-200
0.000203999
3.96881e-06
-200
0.000216851
3.44034e-06
-200
0.0002296
1.97055e-06
-200
0.00024145
7.54829e-07
-200
0.000252337
1.47856e-07
-200
0.000263393
1.26321e-06
-200
0.000275737
3.20478e-06
-200
0.000290344
5.5982e-06
-200
0.000307479
6.77225e-06
-200
0.000327143
6.96712e-06
-200
0.000349317
5.52583e-06
-200
0.000373502
4.57872e-06
-200
0.000386606
2.5874e-06
0.000409248
5.82095e-06
-200
0.000201427
4.24034e-06
-200
0.000211101
3.97381e-06
-200
0.000222872
3.11488e-06
-200
0.000236198
1.93385e-06
-200
0.000248832
1.05581e-07
-200
0.000261137
-9.36507e-07
-200
0.000272607
-9.88103e-07
-200
0.000285417
7.45454e-07
-200
0.000299485
2.97933e-06
-200
0.000316338
5.21388e-06
-200
0.000334697
5.77014e-06
-200
0.000355366
4.77815e-06
-200
0.000375863
1.61812e-06
-200
0.000395347
-1.62513e-06
-200
0.000426578
-1.71515e-06
0.000431246
-7.00232e-06
-200
0.000217593
3.4287e-06
-200
0.00022855
2.49425e-06
-200
0.000240861
1.57317e-06
-200
0.000253678
-5.1505e-07
-200
0.000266485
-1.98097e-06
-200
0.000278643
-3.10531e-06
-200
0.000291398
-2.12432e-06
-200
0.000305305
-4.33407e-07
-200
0.00032139
2.23796e-06
-200
0.00033915
3.52255e-06
-200
0.000358231
3.66136e-06
-200
0.000377595
1.01898e-06
-200
0.000398667
-2.56932e-06
-200
0.000422225
-8.04823e-06
-200
0.000428907
-1.66456e-05
-200
0.000461655
-1.15662e-05
0.000469042
-200
0.00024006
2.92993e-06
-200
0.000249609
1.72501e-06
-200
0.000261934
3.07745e-07
-200
0.000274366
-1.73967e-06
-200
0.000287351
-3.12086e-06
-200
0.000299943
-3.49171e-06
-200
0.000314205
-2.10267e-06
-200
0.000329603
-6.42922e-09
-200
0.000347516
2.27786e-06
-200
0.000365942
3.13078e-06
-200
0.000385204
2.42789e-06
-200
0.000403601
-7.72323e-07
-200
0.000420966
-6.4456e-06
-200
0.000434567
-1.40984e-05
-200
0.000463378
-1.81842e-05
-200
0.000457128
-3.76574e-05
0.000472423
-3.68172e-05
-200
0.000253884
-3.4021e-08
-200
0.00026593
-3.28904e-07
-200
0.000277583
-2.04689e-06
-200
0.000290056
-3.53318e-06
-200
0.000302401
-4.84311e-06
-200
0.000316119
-4.24823e-06
-200
0.00033095
-2.89139e-06
-200
0.00034809
-4.85461e-07
-200
0.000366176
9.03238e-07
-200
0.000384935
1.49384e-06
-200
0.000402669
-1.75432e-07
-200
0.000419587
-3.29769e-06
-200
0.000435605
-8.63592e-06
-200
0.000453307
-1.65976e-05
-200
0.000453736
-3.30792e-05
-200
0.000484377
-2.90015e-05
0.000481173
-3.99179e-05
-200
0.000272497
-8.51053e-07
-200
0.000282092
-1.7972e-06
-200
0.000293344
-3.09228e-06
-200
0.000305291
-4.42185e-06
-200
0.000318186
-4.82566e-06
-200
0.00033257
-3.99116e-06
-200
0.000348791
-2.20056e-06
-200
0.000366633
-3.58582e-07
-200
0.000385044
7.24787e-07
-200
0.000402946
6.05013e-07
-200
0.00041951
-8.42006e-07
-200
0.000434264
-3.97188e-06
-200
0.000446414
-9.38693e-06
-200
0.000454137
-1.62491e-05
-200
0.000475684
-1.8626e-05
-200
0.000462031
-4.08063e-05
0.000472417
-4.00226e-05
-200
0.00027654
-4.14823e-06
-200
0.000287934
-4.29913e-06
-200
0.000298981
-5.07305e-06
-200
0.000310756
-5.79967e-06
-200
0.000323867
-5.688e-06
-200
0.000338847
-4.607e-06
-200
0.000355572
-3.02567e-06
-200
0.000373393
-1.748e-06
-200
0.000391007
-1.27295e-06
-200
0.000407489
-1.71305e-06
-200
0.00042189
-3.11657e-06
-200
0.000434111
-5.52705e-06
-200
0.000444863
-8.8848e-06
-200
0.000455873
-1.41377e-05
-200
0.0004498
-2.68256e-05
-200
0.000471377
-1.87586e-05
0.000460967
-2.74418e-05
-200
0.000283224
-5.05748e-06
-200
0.000292066
-5.2078e-06
-200
0.000302604
-5.52164e-06
-200
0.000314371
-5.70894e-06
-200
0.000327977
-5.23421e-06
-200
0.000343389
-4.20598e-06
-200
0.000360354
-3.06415e-06
-200
0.000377595
-2.45829e-06
-200
0.000394137
-2.50056e-06
-200
0.000408812
-3.12615e-06
-200
0.000421162
-4.06055e-06
-200
0.000430995
-5.63091e-06
-200
0.000437292
-8.63809e-06
-200
0.000439288
-1.19278e-05
-200
0.000451996
-1.03362e-05
-200
0.000433753
-2.67294e-05
0.00043627
-2.41191e-05
-200
0.000273693
-7.42703e-06
-200
0.000284105
-6.78042e-06
-200
0.000294281
-6.58845e-06
-200
0.000305892
-6.41009e-06
-200
0.000319352
-5.97894e-06
-200
0.000334588
-5.35093e-06
-200
0.000350696
-4.99305e-06
-200
0.00036655
-5.14569e-06
-200
0.000381055
-5.75558e-06
-200
0.00039338
-6.468e-06
-200
0.00040317
-7.07142e-06
-200
0.000410164
-7.8204e-06
-200
0.000415512
-8.35192e-06
-200
0.00042032
-1.03857e-05
-200
0.00041029
-1.77715e-05
-200
0.000423527
-7.8404e-06
0.000410266
-1.28594e-05
-200
0.000268225
-7.25954e-06
-200
0.000275061
-6.67743e-06
-200
0.000284328
-6.1742e-06
-200
0.000295599
-5.92948e-06
-200
0.000308868
-5.77063e-06
-200
0.000323476
-5.83817e-06
-200
0.000338364
-6.31293e-06
-200
0.000352392
-7.21525e-06
-200
0.000364628
-8.24897e-06
-200
0.000374533
-8.95088e-06
-200
0.000381902
-9.07104e-06
-200
0.000386684
-8.88729e-06
-200
0.000388517
-9.2324e-06
-200
0.000386023
-9.58331e-06
-200
0.000393788
-4.884e-06
-200
0.000374727
-1.64162e-05
0.00037485
-1.2171e-05
-200
0.000244547
-8.99958e-06
-200
0.00025282
-7.56991e-06
-200
0.000261777
-6.79271e-06
-200
0.000272482
-6.70368e-06
-200
0.000284905
-7.17956e-06
-200
0.000298131
-8.14471e-06
-200
0.000311156
-9.54907e-06
-200
0.000322879
-1.11519e-05
-200
0.000332742
-1.25182e-05
-200
0.000340317
-1.31516e-05
-200
0.00034558
-1.29259e-05
-200
0.000348581
-1.19749e-05
-200
0.000350172
-1.06375e-05
-200
0.000352149
-9.60905e-06
-200
0.000341799
-1.38277e-05
-200
0.00035125
-2.89041e-06
0.000340099
-5.6775e-06
-200
0.000224894
-8.53949e-06
-200
0.00023057
-7.05599e-06
-200
0.000238419
-6.36898e-06
-200
0.000248573
-6.64239e-06
-200
0.000259595
-7.96292e-06
-200
0.000271446
-9.80363e-06
-200
0.00028221
-1.21091e-05
-200
0.000292027
-1.42057e-05
-200
0.000299555
-1.58544e-05
-200
0.000305511
-1.63397e-05
-200
0.000309076
-1.5729e-05
-200
0.000311275
-1.41817e-05
-200
0.000311012
-1.27883e-05
-200
0.000308233
-1.11439e-05
-200
0.000313171
-5.50523e-06
-200
0.00029947
-1.22482e-05
0.00029904
-8.19045e-06
-200
0.000190721
-9.3931e-06
-200
0.000197327
-7.64682e-06
-200
0.000204534
-7.04879e-06
-200
0.000213129
-8.04885e-06
-200
0.00022243
-1.01612e-05
-200
0.000231923
-1.30445e-05
-200
0.000240547
-1.60027e-05
-200
0.000248009
-1.86835e-05
-200
0.000253788
-2.04137e-05
-200
0.000258062
-2.092e-05
-200
0.000260752
-1.99915e-05
-200
0.000262177
-1.81208e-05
-200
0.000262971
-1.54859e-05
-200
0.000264318
-1.33154e-05
-200
0.000257268
-1.46682e-05
-200
0.00026357
-5.80849e-06
0.000256666
-6.38925e-06
-200
0.000161806
-8.72065e-06
-200
0.000166108
-7.51776e-06
-200
0.00017084
-7.02559e-06
-200
0.000178511
-8.97451e-06
-200
0.000184754
-1.15824e-05
-200
0.00019298
-1.55154e-05
-200
0.000198437
-1.87488e-05
-200
0.000204934
-2.20363e-05
-200
0.000208186
-2.36001e-05
-200
0.000212275
-2.42852e-05
-200
0.000213519
-2.28721e-05
-200
0.000215985
-2.09097e-05
-200
0.000215525
-1.84968e-05
-200
0.000214559
-1.6371e-05
-200
0.000217235
-1.14761e-05
-200
0.000208234
-1.52488e-05
0.000206861
-1.21216e-05
-200
0.000123277
-1.04928e-05
-200
0.000123415
-8.12448e-06
-200
0.000130377
-8.79641e-06
-200
0.000131874
-1.04077e-05
-200
0.000140083
-1.44941e-05
-200
0.00014171
-1.81044e-05
-200
0.000149309
-2.25394e-05
-200
0.000150016
-2.52104e-05
-200
0.000155996
-2.75445e-05
-200
0.000155832
-2.74101e-05
-200
0.000160896
-2.64974e-05
-200
0.000160943
-2.40386e-05
-200
0.000164964
-2.14873e-05
-200
0.000166346
-1.94733e-05
-200
0.000161518
-2.0167e-05
-200
0.000160637
-1.47357e-05
0.000154614
-1.3965e-05
-200
8.61084e-05
-9.19131e-06
-200
8.75861e-05
-8.52723e-06
-200
8.64649e-05
-9.09239e-06
-200
9.15752e-05
-1.17298e-05
-200
9.16324e-05
-1.55196e-05
-200
9.68697e-05
-1.99128e-05
-200
9.69133e-05
-2.38711e-05
-200
0.000101412
-2.70492e-05
-200
0.000101379
-2.87373e-05
-200
0.000105595
-2.89159e-05
-200
0.000106805
-2.75765e-05
-200
0.000111149
-2.53885e-05
-200
0.000114316
-2.36063e-05
-200
0.000113308
-2.24263e-05
-200
0.000111319
-1.95379e-05
-200
0.000100727
-2.10796e-05
9.52193e-05
-1.91534e-05
-200
3.39273e-05
-1.22555e-05
-200
3.60774e-05
-1.08752e-05
-200
3.87531e-05
-9.51673e-06
-200
3.76044e-05
-1.37145e-05
-200
3.87717e-05
-1.57436e-05
-200
3.69943e-05
-2.17612e-05
-200
3.79432e-05
-2.38415e-05
-200
3.65798e-05
-2.84807e-05
-200
3.80004e-05
-2.83505e-05
-200
3.79589e-05
-2.99608e-05
-200
4.02916e-05
-2.72403e-05
-200
4.2272e-05
-2.67691e-05
-200
4.29681e-05
-2.41953e-05
-200
4.18129e-05
-2.30173e-05
-200
3.47633e-05
-2.43768e-05
-200
3.20228e-05
-2.11339e-05
3.13131e-05
-2.0017e-05
-200
-1.06967e-05
-200
-8.79092e-06
-200
-1.14175e-05
-200
-1.21805e-05
-200
-1.75306e-05
-200
-1.96273e-05
-200
-2.48933e-05
-200
-2.57743e-05
-200
-2.8759e-05
-200
-2.72013e-05
-200
-2.7563e-05
-200
-2.50126e-05
-200
-2.41811e-05
-200
-2.45384e-05
-200
-2.29719e-05
-200
-2.23642e-05
-2.08598e-05
-200
8.66574e-05
6.61834e-06
-200
9.65312e-05
4.3249e-06
-200
0.000109014
5.22258e-06
-200
0.000118855
4.25523e-06
-200
0.0001287
4.81536e-06
-200
0.000136505
3.93844e-06
-200
0.00014447
3.69797e-06
-200
0.000151701
3.00161e-06
-200
0.000158772
2.05299e-06
-200
0.000166496
2.48304e-06
-200
0.000173364
1.9736e-06
-200
0.000181944
4.83856e-06
-200
0.000188586
6.33249e-06
-200
0.000196548
1.35546e-05
-200
0.000200648
1.28295e-05
0.000213222
2.06058e-05
-200
0.000100471
5.81733e-06
-200
0.000110555
5.29793e-06
-200
0.000121398
5.54821e-06
-200
0.000131599
5.51034e-06
-200
0.000141454
5.70474e-06
-200
0.000150616
5.46729e-06
-200
0.000159404
5.07271e-06
-200
0.000167767
4.49683e-06
-200
0.000175698
3.76777e-06
-200
0.00018377
3.64664e-06
-200
0.000191724
3.6469e-06
-200
0.000200585
5.1404e-06
-200
0.00020917
6.97246e-06
-200
0.0002185
1.12481e-05
-200
0.000227074
1.35634e-05
0.000236803
1.70967e-05
-200
0.000115095
5.54136e-06
-200
0.000124345
5.27103e-06
-200
0.00013432
5.46017e-06
-200
0.000144378
5.71015e-06
-200
0.00015446
5.92095e-06
-200
0.000164333
5.80992e-06
-200
0.000173834
5.40464e-06
-200
0.000182798
4.82935e-06
-200
0.000191223
4.25109e-06
-200
0.000199485
4.04539e-06
-200
0.00020793
4.21542e-06
-200
0.00021717
5.14906e-06
-200
0.000226941
6.79652e-06
-200
0.00023745
9.69868e-06
-200
0.000248361
1.21128e-05
0.000264321
1.50378e-05
-200
0.000128868
4.39598e-06
-200
0.000137625
4.53337e-06
-200
0.000146969
4.89151e-06
-200
0.000156967
5.29516e-06
-200
0.000167307
5.49089e-06
-200
0.000177679
5.33715e-06
-200
0.000187604
4.87107e-06
-200
0.000196937
4.33328e-06
-200
0.000205635
3.9307e-06
-200
0.000214257
3.92354e-06
-200
0.000223297
4.29382e-06
-200
0.0002333
5.13666e-06
-200
0.000244194
6.51944e-06
-200
0.000256247
8.58557e-06
-200
0.000269064
1.10563e-05
0.000281989
1.27611e-05
-200
0.000142764
4.05282e-06
-200
0.000150783
4.00202e-06
-200
0.000160156
4.41988e-06
-200
0.000170308
4.7296e-06
-200
0.000181118
4.86746e-06
-200
0.000191789
4.5112e-06
-200
0.000202136
4.053e-06
-200
0.000211703
3.55557e-06
-200
0.000220977
3.50737e-06
-200
0.000230317
3.78849e-06
-200
0.000240662
4.4936e-06
-200
0.000252046
5.33242e-06
-200
0.000265065
6.60273e-06
-200
0.000278726
8.23265e-06
-200
0.00029463
1.0432e-05
0.000312964
1.19746e-05
-200
0.000155433
2.91413e-06
-200
0.000163622
3.30362e-06
-200
0.000173147
3.7096e-06
-200
0.000183695
3.97606e-06
-200
0.000194975
3.83768e-06
-200
0.000206034
3.39348e-06
-200
0.000216761
2.85144e-06
-200
0.000226831
2.62526e-06
-200
0.000237015
2.87642e-06
-200
0.000247768
3.59853e-06
-200
0.000259946
4.46635e-06
-200
0.000273662
5.41044e-06
-200
0.000289267
6.31609e-06
-200
0.000306133
7.79165e-06
-200
0.00032311
9.29998e-06
0.000338205
1.07908e-05
-200
0.000168773
2.93927e-06
-200
0.000177415
3.25726e-06
-200
0.000187203
3.28964e-06
-200
0.0001987
3.43491e-06
-200
0.000210173
2.87227e-06
-200
0.000222013
2.44584e-06
-200
0.000232909
1.81671e-06
-200
0.000244104
2.02255e-06
-200
0.000255276
2.48703e-06
-200
0.000268116
3.62538e-06
-200
0.000282171
4.42994e-06
-200
0.00029894
5.3309e-06
-200
0.000316514
5.56524e-06
-200
0.000335918
6.54006e-06
-200
0.000355364
7.93171e-06
0.000376587
9.57079e-06
-200
0.000183251
2.80112e-06
-200
0.000192197
2.8848e-06
-200
0.000202665
3.05823e-06
-200
0.000214497
2.60313e-06
-200
0.000226686
2.09614e-06
-200
0.000238807
1.29473e-06
-200
0.000250562
1.11556e-06
-200
0.000262584
1.32673e-06
-200
0.000275385
2.34403e-06
-200
0.000289743
3.29198e-06
-200
0.000305914
4.23425e-06
-200
0.000323722
4.16459e-06
-200
0.000343212
4.05161e-06
-200
0.000363808
3.95168e-06
-200
0.000379884
4.47234e-06
0.000389212
4.63209e-06
-200
0.000200159
3.49773e-06
-200
0.000208789
3.06377e-06
-200
0.000220463
3.00777e-06
-200
0.000232372
2.11294e-06
-200
0.000245571
1.52959e-06
-200
0.000257748
6.3588e-07
-200
0.000270832
7.97218e-07
-200
0.000283575
1.17399e-06
-200
0.000298326
2.46704e-06
-200
0.000313696
3.2466e-06
-200
0.000331402
3.86649e-06
-200
0.000349492
3.09269e-06
-200
0.00036932
2.09986e-06
-200
0.000385311
-1.88142e-07
-200
0.000403249
3.34021e-07
0.000424114
3.29139e-06
-200
0.000216814
2.26827e-06
-200
0.000227348
2.95391e-06
-200
0.000238884
2.38936e-06
-200
0.000251764
1.8272e-06
-200
0.000264704
6.60098e-07
-200
0.000278039
3.75334e-07
-200
0.000291432
2.93819e-07
-200
0.000305972
1.35177e-06
-200
0.000321453
2.20069e-06
-200
0.000338538
3.23962e-06
-200
0.000356304
2.94859e-06
-200
0.000374796
1.99685e-06
-200
0.00039261
-9.86685e-07
-200
0.000412772
-2.75229e-06
-200
0.000426503
-4.13204e-06
0.000420887
-1.32102e-05
-200
0.000235429
2.79611e-06
-200
0.0002464
2.922e-06
-200
0.000258255
2.23048e-06
-200
0.000271563
1.39834e-06
-200
0.00028466
3.67434e-07
-200
0.000298761
1.6177e-07
-200
0.000312973
4.26016e-07
-200
0.000328854
1.49593e-06
-200
0.000345368
2.38756e-06
-200
0.000363384
3.04908e-06
-200
0.000381136
2.4681e-06
-200
0.000399655
8.42693e-07
-200
0.000417543
-2.08734e-06
-200
0.000430662
-7.31551e-06
-200
0.000440105
-1.80763e-05
-200
0.000470653
-1.08262e-05
0.000467578
-200
0.000252607
1.9144e-06
-200
0.000263635
2.03553e-06
-200
0.00027595
1.7011e-06
-200
0.000288667
5.76061e-07
-200
0.000302428
-2.17037e-08
-200
0.00031652
-3.3086e-07
-200
0.000332029
3.74141e-07
-200
0.000348288
1.13202e-06
-200
0.000365897
2.10223e-06
-200
0.000383546
2.15014e-06
-200
0.000401628
1.67419e-06
-200
0.000418533
-3.47639e-07
-200
0.000434431
-4.40344e-06
-200
0.000453851
-1.01533e-05
-200
0.000476319
-7.98858e-06
-200
0.000465932
-2.75831e-05
0.000481009
-2.85317e-05
-200
0.000267345
1.58748e-06
-200
0.000278183
1.61947e-06
-200
0.00029025
1.03282e-06
-200
0.000303138
1.69402e-07
-200
0.000316838
-4.25751e-07
-200
0.000331608
-3.82915e-07
-200
0.000347502
1.93027e-07
-200
0.000364462
9.86791e-07
-200
0.000381923
1.52375e-06
-200
0.000399324
1.53672e-06
-200
0.000415956
6.94172e-07
-200
0.000431834
-1.17328e-06
-200
0.000447199
-3.5753e-06
-200
0.000457436
-7.91696e-06
-200
0.000462872
-2.17593e-05
-200
0.00049648
-1.23529e-05
0.000492074
-1.677e-05
-200
0.000275119
-4.16757e-07
-200
0.000286514
2.12795e-07
-200
0.00029828
-7.52302e-08
-200
0.000310898
-7.26761e-07
-200
0.000324577
-1.14036e-06
-200
0.000339474
-1.05044e-06
-200
0.000355512
-5.84021e-07
-200
0.000372284
-8.10765e-08
-200
0.000389089
1.47167e-07
-200
0.000405281
-7.74826e-08
-200
0.000420415
-8.27329e-07
-200
0.000433948
-2.2246e-06
-200
0.000445249
-5.28027e-06
-200
0.000459326
-9.16544e-06
-200
0.000475565
-4.33512e-06
-200
0.000458923
-2.07311e-05
0.000466158
-1.96096e-05
-200
0.000279522
-6.60491e-07
-200
0.000289609
-4.3282e-07
-200
0.000300937
-7.0428e-07
-200
0.000313275
-1.21904e-06
-200
0.000326813
-1.54371e-06
-200
0.0003416
-1.52052e-06
-200
0.00035734
-1.30123e-06
-200
0.000373396
-1.15461e-06
-200
0.000389051
-1.23434e-06
-200
0.00040359
-1.58809e-06
-200
0.000416457
-2.29027e-06
-200
0.000427574
-3.49668e-06
-200
0.000437739
-4.52729e-06
-200
0.000441698
-6.53849e-06
-200
0.000440378
-1.73262e-05
-200
0.000463267
-7.111e-06
0.000453863
-1.0174e-05
-200
0.000273955
-2.69614e-06
-200
0.000284266
-1.8361e-06
-200
0.000294928
-1.80732e-06
-200
0.000306643
-2.19529e-06
-200
0.000319677
-2.55911e-06
-200
0.000333827
-2.78016e-06
-200
0.000348634
-2.95787e-06
-200
0.000363316
-3.24291e-06
-200
0.000377159
-3.66797e-06
-200
0.000389501
-4.18455e-06
-200
0.000400046
-4.72879e-06
-200
0.000408497
-5.3058e-06
-200
0.000414136
-6.98708e-06
-200
0.000421574
-8.7497e-06
-200
0.000430427
-2.82019e-06
-200
0.000410128
-1.56004e-05
0.000411342
-1.41231e-05
-200
0.000265507
-2.66275e-06
-200
0.000273667
-2.22078e-06
-200
0.000283361
-2.24661e-06
-200
0.000294389
-2.64902e-06
-200
0.000306667
-3.20433e-06
-200
0.000319873
-3.76658e-06
-200
0.000333307
-4.40606e-06
-200
0.000346242
-5.10917e-06
-200
0.000357957
-5.83623e-06
-200
0.000367969
-6.41642e-06
-200
0.000375879
-6.85381e-06
-200
0.000381859
-7.25412e-06
-200
0.000386322
-7.19072e-06
-200
0.000385983
-7.41439e-06
-200
0.000379814
-1.54416e-05
-200
0.000395861
-5.50465e-06
0.000384996
-7.13006e-06
-200
0.000245266
-4.58173e-06
-200
0.000253623
-3.51044e-06
-200
0.000262439
-3.3177e-06
-200
0.000272577
-3.80772e-06
-200
0.000283681
-4.65888e-06
-200
0.000295539
-5.69229e-06
-200
0.000307155
-6.81769e-06
-200
0.000318108
-7.93823e-06
-200
0.000327529
-8.90309e-06
-200
0.000335336
-9.55128e-06
-200
0.0003412
-9.7588e-06
-200
0.000345133
-9.6524e-06
-200
0.000346811
-9.96943e-06
-200
0.000349751
-1.04977e-05
-200
0.000354803
-4.10073e-06
-200
0.000336629
-1.36289e-05
0.000336173
-1.14028e-05
-200
0.00022356
-4.36345e-06
-200
0.000229647
-3.724e-06
-200
0.000237357
-3.66151e-06
-200
0.000246376
-4.41981e-06
-200
0.00025616
-5.62878e-06
-200
0.000266382
-7.17754e-06
-200
0.000276126
-8.7204e-06
-200
0.00028503
-1.0217e-05
-200
0.000292431
-1.13147e-05
-200
0.000298354
-1.19714e-05
-200
0.000302416
-1.20286e-05
-200
0.00030512
-1.17454e-05
-200
0.000306797
-1.07768e-05
-200
0.00030484
-9.95722e-06
-200
0.000298853
-1.51672e-05
-200
0.000309532
-7.21313e-06
0.000301854
-7.24474e-06
-200
0.000191771
-5.91654e-06
-200
0.000197528
-4.81864e-06
-200
0.000204571
-4.74981e-06
-200
0.000211683
-5.79381e-06
-200
0.00022021
-7.43186e-06
-200
0.000228062
-9.46622e-06
-200
0.000236256
-1.14204e-05
-200
0.00024277
-1.31981e-05
-200
0.000248809
-1.44177e-05
-200
0.000252804
-1.50719e-05
-200
0.000256251
-1.49306e-05
-200
0.000257819
-1.42573e-05
-200
0.000258266
-1.37538e-05
-200
0.000259544
-1.33039e-05
-200
0.000262255
-8.11574e-06
-200
0.000248819
-1.4276e-05
0.000247709
-1.24634e-05
-200
0.000159037
-6.08615e-06
-200
0.00016516
-4.92436e-06
-200
0.000168073
-5.39795e-06
-200
0.000176271
-6.42781e-06
-200
0.000180204
-8.76223e-06
-200
0.000188935
-1.08742e-05
-200
0.000192514
-1.34269e-05
-200
0.000199975
-1.5114e-05
-200
0.000202023
-1.66613e-05
-200
0.000207393
-1.70048e-05
-200
0.000207855
-1.69794e-05
-200
0.000211096
-1.61277e-05
-200
0.000210852
-1.49001e-05
-200
0.000209712
-1.39716e-05
-200
0.000203656
-1.72987e-05
-200
0.000209036
-1.20326e-05
0.000203981
-1.1229e-05
-200
0.00012531
-6.9115e-06
-200
0.000122785
-6.39613e-06
-200
0.000129914
-6.37238e-06
-200
0.000129809
-8.2368e-06
-200
0.00013848
-1.02632e-05
-200
0.000138884
-1.31964e-05
-200
0.000147228
-1.54144e-05
-200
0.000147143
-1.76853e-05
-200
0.000154132
-1.87732e-05
-200
0.000153479
-1.94273e-05
-200
0.00015921
-1.89806e-05
-200
0.000158834
-1.80225e-05
-200
0.000161653
-1.7567e-05
-200
0.000161732
-1.71132e-05
-200
0.000162501
-1.3675e-05
-200
0.000150725
-1.71957e-05
0.000146507
-1.59576e-05
-200
8.13207e-05
-6.46441e-06
-200
8.39174e-05
-7.56632e-06
-200
8.58019e-05
-5.88524e-06
-200
8.84741e-05
-9.89215e-06
-200
9.12825e-05
-9.93465e-06
-200
9.39816e-05
-1.51301e-05
-200
9.69596e-05
-1.519e-05
-200
9.91758e-05
-1.96145e-05
-200
0.000101984
-1.84712e-05
-200
0.000103963
-2.11207e-05
-200
0.00010733
-1.85032e-05
-200
0.000108992
-1.98708e-05
-200
0.000113396
-1.72077e-05
-200
0.000112385
-1.73995e-05
-200
0.000103758
-1.97259e-05
-200
0.000100642
-1.72714e-05
9.38699e-05
-1.62751e-05
-200
3.63629e-05
-9.65365e-06
-200
3.9334e-05
-4.95556e-06
-200
3.57832e-05
-1.02786e-05
-200
4.00012e-05
-7.42863e-06
-200
3.59796e-05
-1.4822e-05
-200
4.03286e-05
-1.27869e-05
-200
3.62997e-05
-2.01077e-05
-200
4.08085e-05
-1.74588e-05
-200
3.73621e-05
-2.31056e-05
-200
4.22707e-05
-1.92599e-05
-200
3.97873e-05
-2.28553e-05
-200
4.50165e-05
-1.89371e-05
-200
4.29903e-05
-2.07656e-05
-200
3.94362e-05
-2.15333e-05
-200
3.69584e-05
-1.9894e-05
-200
3.01005e-05
-2.10255e-05
2.99962e-05
-1.94426e-05
-200
-7.44145e-06
-200
-8.98945e-06
-200
-7.58763e-06
-200
-1.16824e-05
-200
-1.19993e-05
-200
-1.69363e-05
-200
-1.72901e-05
-200
-2.12759e-05
-200
-2.05155e-05
-200
-2.27283e-05
-200
-2.11682e-05
-200
-2.19688e-05
-200
-2.27406e-05
-200
-2.2963e-05
-200
-2.35641e-05
-200
-2.26464e-05
-2.03639e-05
-200
8.54058e-05
-200
9.80516e-05
-200
0.000109523
-200
0.000120816
-200
0.00013009
-200
0.000138894
-200
0.000146618
-200
0.000154037
-200
0.000161451
-200
0.000168314
-200
0.000175978
-200
0.000182416
-200
0.000189586
-200
0.000192944
-200
0.000201795
0.000207739
-200
0.00010004
-200
0.000110513
-200
0.00012126
-200
0.000131911
-200
0.000141792
-200
0.000151152
-200
0.000159922
-200
0.000168286
-200
0.000176454
-200
0.000184393
-200
0.000192612
-200
0.000200599
-200
0.000208895
-200
0.000216079
-200
0.000224808
0.000233586
-200
0.000113305
-200
0.000123192
-200
0.000133431
-200
0.000143729
-200
0.000153788
-200
0.000163595
-200
0.000173
-200
0.000182023
-200
0.000190723
-200
0.000199294
-200
0.000208053
-200
0.000217151
-200
0.000226508
-200
0.00023571
-200
0.00024671
0.000260764
-200
0.000128331
-200
0.000136794
-200
0.000146232
-200
0.000156084
-200
0.000166333
-200
0.000176388
-200
0.000186326
-200
0.000195722
-200
0.000204974
-200
0.000214046
-200
0.000223609
-200
0.000233606
-200
0.000244324
-200
0.000255695
-200
0.000268088
0.00028076
-200
0.000140984
-200
0.000149692
-200
0.000159047
-200
0.000169131
-200
0.000179508
-200
0.000190043
-200
0.000200259
-200
0.00021025
-200
0.000219991
-200
0.000230021
-200
0.000240619
-200
0.000252168
-200
0.000264617
-200
0.000278037
-200
0.000292861
0.000311114
-200
0.000155473
-200
0.00016355
-200
0.000172491
-200
0.00018285
-200
0.000193466
-200
0.000204553
-200
0.000215144
-200
0.000225889
-200
0.000236406
-200
0.00024781
-200
0.00025989
-200
0.000273538
-200
0.000288094
-200
0.000304177
-200
0.000320972
0.000336299
-200
0.000168557
-200
0.000176833
-200
0.000186841
-200
0.0001974
-200
0.000208961
-200
0.000220214
-200
0.000231813
-200
0.000243017
-200
0.000255052
-200
0.000267595
-200
0.000281865
-200
0.000297118
-200
0.000314149
-200
0.000331874
-200
0.000349958
0.000368871
-200
0.00018434
-200
0.000192477
-200
0.000202586
-200
0.000213731
-200
0.000225801
-200
0.000237778
-200
0.000250065
-200
0.000262345
-200
0.000275577
-200
0.000289672
-200
0.000305339
-200
0.000322048
-200
0.000340162
-200
0.00035734
-200
0.000373418
0.000387117
-200
0.000198238
-200
0.000208617
-200
0.000219497
-200
0.000231925
-200
0.000244213
-200
0.000257341
-200
0.000270045
-200
0.000283853
-200
0.00029791
-200
0.000313685
-200
0.000329968
-200
0.00034778
-200
0.000364498
-200
0.000381304
-200
0.000396271
0.000398331
-200
0.000217639
-200
0.000227298
-200
0.000238636
-200
0.000251094
-200
0.000264247
-200
0.000277706
-200
0.000291638
-200
0.000306197
-200
0.000321745
-200
0.00033824
-200
0.000355553
-200
0.000372992
-200
0.00039089
-200
0.000405642
-200
0.000404715
0.000424612
-200
0.000234051
-200
0.000245015
-200
0.000257427
-200
0.000270278
-200
0.000284052
-200
0.000297991
-200
0.000312892
-200
0.000328285
-200
0.000344922
-200
0.000361979
-200
0.000379896
-200
0.000397795
-200
0.000413924
-200
0.000426228
-200
0.000455867
0.00044447
-200
0.000252097
-200
0.000262985
-200
0.000274906
-200
0.000288032
-200
0.000301797
-200
0.000316439
-200
0.000331746
-200
0.000348061
-200
0.000364993
-200
0.000382587
-200
0.000400096
-200
0.000417243
-200
0.000435725
-200
0.000457345
-200
0.000454802
-200
0.00048973
0.000499387
-200
0.000264214
-200
0.000275985
-200
0.000288518
-200
0.000301738
-200
0.000315722
-200
0.000330565
-200
0.000346288
-200
0.000362794
-200
0.000379772
-200
0.000396802
-200
0.000413578
-200
0.000430191
-200
0.000444535
-200
0.000455485
-200
0.000490097
-200
0.000483389
0.000487637
-200
0.000274738
-200
0.000285506
-200
0.000297297
-200
0.000310129
-200
0.000323946
-200
0.000338739
-200
0.000354391
-200
0.000370606
-200
0.000386931
-200
0.000402921
-200
0.000418129
-200
0.000431961
-200
0.000446425
-200
0.00046343
-200
0.000455266
-200
0.000480204
0.000480902
-200
0.000276341
-200
0.000287416
-200
0.000299214
-200
0.00031175
-200
0.000325227
-200
0.000339632
-200
0.000354752
-200
0.000370133
-200
0.000385248
-200
0.000399533
-200
0.000412647
-200
0.000424748
-200
0.000433896
-200
0.000438243
-200
0.000463044
-200
0.000450003
0.000447693
-200
0.000274007
-200
0.000283665
-200
0.000294242
-200
0.000305934
-200
0.000318669
-200
0.000332285
-200
0.000346371
-200
0.0003604
-200
0.000373771
-200
0.000386013
-200
0.000396726
-200
0.000405453
-200
0.000413818
-200
0.000423661
-200
0.000410706
-200
0.000425902
0.000422269
-200
0.000262508
-200
0.000271651
-200
0.000281688
-200
0.000292579
-200
0.000304394
-200
0.000316864
-200
0.000329539
-200
0.000341821
-200
0.000353165
-200
0.000363071
-200
0.00037134
-200
0.000378112
-200
0.00038198
-200
0.000381165
-200
0.000397534
-200
0.000383167
0.00037832
-200
0.000245607
-200
0.00025329
-200
0.000261902
-200
0.000271621
-200
0.000282166
-200
0.000293218
-200
0.000304182
-200
0.000314547
-200
0.000323761
-200
0.000331554
-200
0.000337654
-200
0.000341862
-200
0.00034555
-200
0.000350596
-200
0.000337512
-200
0.000346654
0.00034267
-200
0.000221133
-200
0.000227937
-200
0.000235656
-200
0.000244229
-200
0.000253343
-200
0.000262806
-200
0.000271907
-200
0.000280372
-200
0.000287583
-200
0.000293509
-200
0.000297881
-200
0.000301195
-200
0.000302145
-200
0.00029961
-200
0.000309871
-200
0.000298496
0.0002937
-200
0.000191506
-200
0.000197363
-200
0.000203558
-200
0.000210692
-200
0.000218131
-200
0.000225862
-200
0.000233121
-200
0.000239777
-200
0.000245304
-200
0.000249784
-200
0.000253049
-200
0.000254897
-200
0.000256475
-200
0.0002585
-200
0.000247907
-200
0.000252325
0.000249638
-200
0.000157747
-200
0.00016286
-200
0.000166551
-200
0.000173445
-200
0.000177859
-200
0.000185307
-200
0.000189409
-200
0.000195957
-200
0.000198723
-200
0.000203608
-200
0.000204728
-200
0.000208135
-200
0.000206685
-200
0.000204803
-200
0.000209318
-200
0.000200968
0.000196592
-200
0.000126009
-200
0.000120957
-200
0.000130675
-200
0.000127222
-200
0.000138993
-200
0.000135863
-200
0.000147578
-200
0.000144129
-200
0.000154604
-200
0.000150834
-200
0.000159956
-200
0.000155946
-200
0.000162215
-200
0.000161285
-200
0.000153046
-200
0.000150607
0.000146011
-200
7.63375e-05
-200
8.79968e-05
-200
7.89373e-05
-200
9.23233e-05
-200
8.3646e-05
-200
9.76427e-05
-200
8.92758e-05
-200
0.000102544
-200
9.47423e-05
-200
0.00010687
-200
0.00010053
-200
0.000110451
-200
0.000107837
-200
0.000105925
-200
0.000103495
-200
9.47766e-05
8.89206e-05
-200
3.98195e-05
-200
3.30311e-05
-200
3.99877e-05
-200
3.33547e-05
-200
4.039e-05
-200
3.38452e-05
-200
4.07022e-05
-200
3.48443e-05
-200
4.14092e-05
-200
3.68514e-05
-200
4.24234e-05
-200
4.02795e-05
-200
3.99043e-05
-200
3.72023e-05
-200
3.12239e-05
-200
2.75679e-05
2.85568e-05
-200
-200
-200
-200
-200
-200
-200
-200
-200
-200
-200
-200
-200
-200
-200
-200
)
;

boundaryField
{
    frontAndBack
    {
        type            calculated;
        value           uniform 0;
    }
    inlet
    {
        type            calculated;
        value           nonuniform List<scalar> 0();
    }
    outlet
    {
        type            calculated;
        value           nonuniform List<scalar> 0();
    }
    lowerWall
    {
        type            calculated;
        value           uniform 0;
    }
    upperWall
    {
        type            calculated;
        value           uniform 0;
    }
    procBoundary4to1
    {
        type            processor;
        value           nonuniform List<scalar> 
82
(
-0.000129592
-6.91447e-05
-7.99784e-05
-8.74967e-05
-9.36108e-05
-9.80674e-05
-0.000102974
-0.000108442
-0.000114904
-0.000123314
-0.0001308
-0.000140179
-0.000148868
-0.000154887
-0.000148872
200
-0.00018052
1.84473e-05
-7.10325e-05
-8.48646e-05
-9.1431e-05
-9.97985e-05
-0.000103976
-0.000110471
-0.000115527
-0.00012209
-0.000130012
-0.000135991
-0.00014607
-0.000150447
-0.000159611
-0.000158279
-0.000163179
-0.000168086
-8.30849e-05
-8.896e-05
-9.95087e-05
-0.000105371
-0.000113452
-0.000118463
-0.000125246
-0.000131422
-0.00013733
-0.000145417
-0.000149744
-0.000158458
-0.000160112
-0.000165953
-0.000165101
-0.000168465
-8.22065e-05
-9.56281e-05
-0.000102923
-0.000112706
-0.000118696
-0.000126348
-0.0001321
-0.000138332
-0.000144978
-0.000149753
-0.000157139
-0.000159687
-0.00016632
-0.000166382
-0.000175374
-0.000168606
-9.1386e-05
-9.82587e-05
-0.000108291
-0.000115431
-0.000123695
-0.000129962
-0.000136666
-0.00014284
-0.000148256
-0.000154662
-0.000158467
-0.000164447
-0.000166325
-0.000175499
-0.000171133
-0.000178426
)
;
    }
    procBoundary4to2
    {
        type            processor;
        value           uniform -200;
    }
    procBoundary4to3
    {
        type            processor;
        value           nonuniform List<scalar> 
125
(
200
200
200
200
200
200
200
200
200
200
200
200
200
200
200
200
200
200
200
200
200
200
200
200
200
200
200
200
200
200
200
200
200
200
200
200
200
200
200
200
200
200
200
200
200
200
200
200
200
200
200
200
200
200
200
200
200
200
200
200
200
200
200
200
200
200
200
200
200
200
200
200
200
200
200
200
200
200
200
200
200
200
200
200
200
200
200
200
200
200
200
200
200
200
200
200
200
200
200
200
200
200
200
200
200
200
200
200
200
200
200
200
200
200
200
200
200
200
200
200
200
200
200
200
200
)
;
    }
    procBoundary4to5
    {
        type            processor;
        value           nonuniform List<scalar> 
135
(
-200
-200
-200
-200
-200
-200
-0.000396653
-200
-7.4475e-06
-200
-200
-200
-200
-200
-200
-200
-200
-200
-200
-200
-200
-200
-200
-200
-200
-200
-200
-200
-200
-200
-200
-200
-200
-200
-0.000428616
-200
1.88354e-06
-200
-2.06999e-05
-200
-200
-200
-200
-200
-200
-200
-200
-200
-200
-200
-200
-200
-200
-200
-200
-200
-200
-200
-200
-200
-200
-200
-200
-200
-0.000450576
-200
-1.74852e-05
-200
-200
-200
-200
-200
-200
-200
-200
-200
-200
-200
-200
-200
-200
-200
-200
-200
-200
-200
-200
-200
-200
-200
-200
-200
-0.000438836
-200
-2.37951e-05
-200
-200
-200
-200
-200
-200
-200
-200
-200
-200
-200
-200
-200
-200
-200
-200
-200
-200
-200
-200
-200
-200
-200
-200
-200
-0.000460177
-200
-200
-200
-200
-200
-200
-200
-200
-200
-200
-200
-200
-200
-200
)
;
    }
}


// ************************************************************************* //
