/*--------------------------------*- C++ -*----------------------------------*\
  =========                 |
  \\      /  F ield         | OpenFOAM: The Open Source CFD Toolbox
   \\    /   O peration     | Website:  https://openfoam.org
    \\  /    A nd           | Version:  10
     \\/     M anipulation  |
\*---------------------------------------------------------------------------*/
FoamFile
{
    format      ascii;
    class       volVectorField;
    location    "0";
    object      U;
}
// * * * * * * * * * * * * * * * * * * * * * * * * * * * * * * * * * * * * * //

dimensions      [0 1 -1 0 0 0 0];

internalField   nonuniform List<vector> 
2083
(
(-10 6.92099e-06 5.76479e-07)
(-10 4.06114e-06 4.00261e-07)
(-10 4.5289e-06 4.05547e-07)
(-10 4.93962e-06 3.84691e-07)
(-10 5.24223e-06 3.95053e-07)
(-10 5.53118e-06 3.92042e-07)
(-10 5.79726e-06 3.9214e-07)
(-10 6.11857e-06 3.65418e-07)
(-10 6.45582e-06 3.2574e-07)
(-10 6.83242e-06 2.73384e-07)
(-10 7.21069e-06 2.28468e-07)
(-10 7.65008e-06 2.40694e-07)
(-10 8.12083e-06 2.56367e-07)
(-10 8.6026e-06 4.09506e-07)
(-10 9.1017e-06 6.56416e-07)
(-10 9.45653e-06 5.40673e-07)
(-10 9.70799e-06 9.9325e-07)
(-10 5.08586e-06 3.39142e-07)
(-10 5.49155e-06 3.64088e-07)
(-10 5.92322e-06 3.70148e-07)
(-10 6.24478e-06 4.10188e-07)
(-10 6.63675e-06 4.19402e-07)
(-10 6.98742e-06 4.34704e-07)
(-10 7.41358e-06 4.1056e-07)
(-10 7.77898e-06 3.69076e-07)
(-10 8.12399e-06 3.21234e-07)
(-10 8.45288e-06 2.80089e-07)
(-10 8.84548e-06 2.78249e-07)
(-10 9.36706e-06 3.11076e-07)
(-10 1.00502e-05 4.02277e-07)
(-10 1.07561e-05 4.23106e-07)
(-10 1.14516e-05 8.37289e-07)
(-10 1.19591e-05 6.8449e-07)
(-10 5.90395e-06 2.66375e-07)
(-10 6.34461e-06 3.05351e-07)
(-10 6.71284e-06 3.23032e-07)
(-10 7.14576e-06 3.88968e-07)
(-10 7.57403e-06 3.98856e-07)
(-10 8.09827e-06 4.25831e-07)
(-10 8.57527e-06 3.85127e-07)
(-10 8.99548e-06 3.55161e-07)
(-10 9.30201e-06 3.05733e-07)
(-10 9.57474e-06 2.9267e-07)
(-10 9.90072e-06 2.85719e-07)
(-10 1.03824e-05 3.08358e-07)
(-10 1.10178e-05 3.55079e-07)
(-10 1.18481e-05 5.81893e-07)
(-10 1.24953e-05 3.8876e-07)
(-10 1.35507e-05 9.35658e-07)
(-10 6.57723e-06 2.26001e-07)
(-10 7.01521e-06 2.3114e-07)
(-10 7.37347e-06 2.91671e-07)
(-10 7.90967e-06 3.28992e-07)
(-10 8.41656e-06 3.72446e-07)
(-10 9.06089e-06 3.5864e-07)
(-10 9.55529e-06 3.32588e-07)
(-10 9.99016e-06 2.89642e-07)
(-10 1.02195e-05 2.74047e-07)
(-10 1.0469e-05 2.70399e-07)
(-10 1.07308e-05 2.93406e-07)
(-10 1.12268e-05 3.24803e-07)
(-10 1.18613e-05 3.74569e-07)
(-10 1.26317e-05 2.93764e-07)
(-10 1.3538e-05 7.64033e-07)
(-10 1.44765e-05 4.16142e-07)
(-10 7.23318e-06 1.75886e-07)
(-10 7.54657e-06 1.79057e-07)
(-10 8.03873e-06 2.55225e-07)
(-10 8.57263e-06 2.76739e-07)
(-10 9.26104e-06 3.18103e-07)
(-10 9.87859e-06 2.76492e-07)
(-10 1.04296e-05 2.53204e-07)
(-10 1.07712e-05 2.12157e-07)
(-10 1.10184e-05 2.34472e-07)
(-10 1.12218e-05 2.50109e-07)
(-10 1.15756e-05 3.11558e-07)
(-10 1.20964e-05 3.14339e-07)
(-10 1.2846e-05 3.45921e-07)
(-10 1.37089e-05 5.22194e-07)
(-10 1.46908e-05 2.38591e-07)
(-10 1.57579e-05 7.78254e-07)
(-10 7.68944e-06 9.30101e-08)
(-10 8.04459e-06 1.64066e-07)
(-10 8.65182e-06 1.97061e-07)
(-10 9.26283e-06 2.48841e-07)
(-10 1.00359e-05 2.29369e-07)
(-10 1.06393e-05 2.02765e-07)
(-10 1.11714e-05 1.52463e-07)
(-10 1.14556e-05 1.58334e-07)
(-10 1.17553e-05 1.8313e-07)
(-10 1.20099e-05 2.61102e-07)
(-10 1.25436e-05 3.09818e-07)
(-10 1.32038e-05 3.56909e-07)
(-10 1.4119e-05 3.45903e-07)
(-10 1.51473e-05 2.08205e-07)
(-10 1.63967e-05 6.1463e-07)
(-10 1.71952e-05 5.74679e-08)
(-10 8.06352e-06 1.02392e-07)
(-10 8.64199e-06 1.6023e-07)
(-10 9.25597e-06 1.67035e-07)
(-10 1.00527e-05 2.00468e-07)
(-10 1.0763e-05 1.48543e-07)
(-10 1.14118e-05 1.16065e-07)
(-10 1.18321e-05 7.10812e-08)
(-10 1.2195e-05 1.08599e-07)
(-10 1.24993e-05 1.55093e-07)
(-10 1.3009e-05 2.72922e-07)
(-10 1.36756e-05 3.11616e-07)
(-10 1.4594e-05 3.28108e-07)
(-10 1.56875e-05 2.86968e-07)
(-10 1.70115e-05 3.97823e-07)
(-10 1.80106e-05 -2.21993e-07)
(-10 1.93862e-05 5.37569e-07)
(-10 2.05788e-05 -2.32735e-07)
(-10 8.67543e-06 1.55926e-07)
(-10 9.34307e-06 1.38844e-07)
(-10 1.00164e-05 1.61206e-07)
(-10 1.08644e-05 1.2203e-07)
(-10 1.15413e-05 8.207e-08)
(-10 1.21516e-05 1.96052e-08)
(-10 1.25311e-05 2.18072e-08)
(-10 1.29634e-05 5.23659e-08)
(-10 1.33757e-05 1.67284e-07)
(-10 1.41225e-05 2.46724e-07)
(-10 1.49497e-05 3.10486e-07)
(-10 1.60791e-05 3.09985e-07)
(-10 1.73155e-05 2.36936e-07)
(-10 1.86778e-05 -9.27916e-08)
(-10 2.02714e-05 4.98354e-07)
(-10 2.15669e-05 -4.04825e-07)
(-10 2.23848e-05 -1.90404e-07)
(-9.99999 9.6316e-06 1.81266e-07)
(-9.99999 1.01905e-05 1.30045e-07)
(-9.99999 1.09748e-05 1.24566e-07)
(-9.99999 1.1709e-05 5.01809e-08)
(-9.99999 1.2406e-05 3.56322e-09)
(-10 1.28955e-05 -5.16891e-08)
(-10 1.33569e-05 -2.18186e-08)
(-10 1.37841e-05 3.07396e-08)
(-10 1.44696e-05 1.67541e-07)
(-10 1.52822e-05 2.25774e-07)
(-10 1.63339e-05 2.8773e-07)
(-10 1.74809e-05 2.13492e-07)
(-10 1.87535e-05 1.24281e-07)
(-10 2.01431e-05 2.12595e-07)
(-10 2.15595e-05 -6.6022e-07)
(-10 2.27974e-05 -1.27026e-07)
(-9.99999 2.3796e-05 -4.75268e-07)
(-9.99999 1.06566e-05 1.23499e-07)
(-9.99999 1.12059e-05 1.11404e-07)
(-9.99999 1.19756e-05 4.66094e-08)
(-9.99999 1.26302e-05 -1.2006e-08)
(-9.99999 1.3269e-05 -8.17079e-08)
(-9.99999 1.37104e-05 -9.16259e-08)
(-10 1.42313e-05 -6.53687e-08)
(-10 1.47588e-05 4.88898e-08)
(-10 1.56354e-05 1.3485e-07)
(-10 1.6533e-05 2.20394e-07)
(-10 1.76842e-05 2.19216e-07)
(-9.99999 1.87711e-05 1.72511e-07)
(-9.99999 1.99621e-05 5.41401e-08)
(-9.99999 2.11685e-05 -3.64983e-07)
(-9.99999 2.24253e-05 9.0468e-08)
(-9.99999 2.34925e-05 -7.65989e-07)
(-9.99999 2.41633e-05 -7.66294e-07)
(-9.99999 1.165e-05 9.61987e-08)
(-9.99999 1.23164e-05 6.27133e-08)
(-9.99999 1.29475e-05 -2.85364e-08)
(-9.99999 1.35975e-05 -8.37622e-08)
(-9.99999 1.41043e-05 -1.43841e-07)
(-9.99999 1.46195e-05 -1.21734e-07)
(-9.99999 1.51315e-05 -7.47338e-08)
(-10 1.59199e-05 5.48084e-08)
(-10 1.68031e-05 1.14114e-07)
(-9.99999 1.78959e-05 1.94906e-07)
(-9.99999 1.89493e-05 1.50196e-07)
(-9.99999 1.99777e-05 6.6176e-08)
(-9.99999 2.09715e-05 -7.23565e-08)
(-9.99999 2.1954e-05 -2.40205e-09)
(-9.99999 2.28593e-05 -9.15712e-07)
(-9.99999 2.36605e-05 -4.88833e-07)
(-9.99999 2.40969e-05 -8.10013e-07)
(-9.99999 1.26783e-05 6.95739e-08)
(-9.99999 1.33242e-05 -2.4117e-08)
(-9.99999 1.38613e-05 -9.30846e-08)
(-9.99999 1.44462e-05 -1.60874e-07)
(-9.99999 1.48962e-05 -1.74761e-07)
(-9.99999 1.54696e-05 -1.51524e-07)
(-9.99999 1.60768e-05 -4.98547e-08)
(-9.99999 1.70266e-05 2.60654e-08)
(-9.99999 1.79682e-05 1.15868e-07)
(-9.99999 1.9121e-05 1.21465e-07)
(-9.99999 2.00484e-05 8.32824e-08)
(-9.99999 2.09663e-05 1.86432e-08)
(-9.99999 2.17299e-05 -1.14611e-07)
(-9.99999 2.24371e-05 -5.38865e-07)
(-9.99999 2.30279e-05 -6.00291e-08)
(-9.99999 2.35615e-05 -9.22503e-07)
(-9.99999 2.38239e-05 -8.80846e-07)
(-9.99999 1.36858e-05 2.64843e-09)
(-9.99999 1.41269e-05 -1.0828e-07)
(-9.99999 1.46469e-05 -1.60685e-07)
(-9.99999 1.50953e-05 -2.16849e-07)
(-9.99999 1.56192e-05 -1.93726e-07)
(-9.99999 1.618e-05 -1.54721e-07)
(-9.99999 1.70275e-05 -3.96953e-08)
(-9.99999 1.79423e-05 8.47427e-09)
(-9.99999 1.90587e-05 8.64066e-08)
(-9.99999 2.00363e-05 4.66896e-08)
(-9.99999 2.09198e-05 2.71363e-08)
(-9.99999 2.16279e-05 -8.38705e-08)
(-9.99999 2.21917e-05 -1.91075e-07)
(-9.99999 2.26327e-05 -9.32501e-08)
(-9.99999 2.30403e-05 -9.4287e-07)
(-9.99999 2.31753e-05 -5.17453e-07)
(-9.99999 2.33e-05 -8.05289e-07)
(-9.99999 1.42292e-05 -1.44657e-07)
(-9.99999 1.46114e-05 -1.84037e-07)
(-9.99999 1.50935e-05 -2.37411e-07)
(-9.99999 1.55064e-05 -2.38018e-07)
(-9.99999 1.60905e-05 -2.1945e-07)
(-9.99999 1.67425e-05 -1.27159e-07)
(-9.99999 1.77118e-05 -7.16611e-08)
(-9.99999 1.86637e-05 1.03212e-08)
(-9.99999 1.97864e-05 3.03721e-09)
(-9.99999 2.0623e-05 -6.54106e-09)
(-9.99999 2.14124e-05 -5.65308e-08)
(-9.99999 2.1919e-05 -9.72652e-08)
(-9.99999 2.23224e-05 -1.76185e-07)
(-9.99999 2.25839e-05 -5.30178e-07)
(-9.99999 2.264e-05 -4.1842e-08)
(-9.99999 2.2704e-05 -7.722e-07)
(-9.99999 2.24731e-05 -7.53244e-07)
(-9.99999 1.42639e-05 -2.09208e-07)
(-9.99999 1.47517e-05 -2.39006e-07)
(-9.99999 1.51625e-05 -2.77534e-07)
(-9.99999 1.5679e-05 -2.50607e-07)
(-9.99999 1.62587e-05 -2.17085e-07)
(-9.99999 1.7121e-05 -1.25504e-07)
(-9.99999 1.80333e-05 -9.1769e-08)
(-9.99999 1.91313e-05 -3.48559e-08)
(-9.99999 2.00468e-05 -7.7173e-08)
(-9.99999 2.08794e-05 -7.66756e-08)
(-9.99999 2.14587e-05 -1.27897e-07)
(-9.99999 2.18603e-05 -1.64819e-07)
(-9.99999 2.20819e-05 -2.21309e-07)
(-9.99999 2.21273e-05 -6.29795e-08)
(-9.99999 2.21387e-05 -7.78602e-07)
(-9.99999 2.18096e-05 -3.51233e-07)
(-9.99999 2.14599e-05 -5.52859e-07)
(-9.99999 1.40598e-05 -2.22058e-07)
(-9.99999 1.45331e-05 -2.8038e-07)
(-9.99999 1.49325e-05 -2.7888e-07)
(-9.99999 1.55082e-05 -2.64935e-07)
(-9.99999 1.61644e-05 -1.95028e-07)
(-9.99999 1.71059e-05 -1.61966e-07)
(-9.99999 1.80324e-05 -1.07797e-07)
(-9.99999 1.90915e-05 -1.34441e-07)
(-9.99999 1.98765e-05 -1.44648e-07)
(-9.99999 2.06161e-05 -1.8735e-07)
(-9.99999 2.10277e-05 -1.99589e-07)
(-9.99999 2.13206e-05 -1.89212e-07)
(-9.99999 2.13922e-05 -1.95e-07)
(-9.99999 2.13724e-05 -4.51553e-07)
(-9.99999 2.10735e-05 5.14672e-08)
(-9.99999 2.07988e-05 -5.20133e-07)
(-10 2.02964e-05 -4.38825e-07)
(-9.99999 1.3708e-05 -2.36035e-07)
(-9.99999 1.40088e-05 -2.90815e-07)
(-9.99999 1.44567e-05 -2.7349e-07)
(-9.99999 1.49939e-05 -2.59409e-07)
(-9.99999 1.58029e-05 -1.97946e-07)
(-9.99999 1.66584e-05 -1.94667e-07)
(-9.99999 1.76697e-05 -1.70466e-07)
(-9.99999 1.84963e-05 -2.30445e-07)
(-9.99999 1.9266e-05 -2.4375e-07)
(-9.99999 1.97652e-05 -2.95358e-07)
(-9.99999 2.01116e-05 -2.71837e-07)
(-9.99999 2.02619e-05 -2.74807e-07)
(-9.99999 2.02597e-05 -2.51521e-07)
(-9.99999 2.01002e-05 -5.3591e-08)
(-9.99999 1.99253e-05 -5.98128e-07)
(-9.99999 1.94257e-05 -1.50792e-07)
(-10 1.89682e-05 -2.76643e-07)
(-9.99999 1.29427e-05 -2.98738e-07)
(-9.99999 1.31797e-05 -2.87972e-07)
(-9.99999 1.36336e-05 -2.82974e-07)
(-9.99999 1.4198e-05 -2.39237e-07)
(-9.99999 1.50327e-05 -2.39508e-07)
(-9.99999 1.58576e-05 -2.25133e-07)
(-9.99999 1.67835e-05 -2.80909e-07)
(-9.99999 1.7468e-05 -3.14492e-07)
(-9.99999 1.81133e-05 -3.78865e-07)
(-9.99999 1.84538e-05 -3.86808e-07)
(-9.99999 1.87231e-05 -3.72662e-07)
(-9.99999 1.87627e-05 -3.10924e-07)
(-9.99999 1.87322e-05 -2.58267e-07)
(-9.99999 1.86041e-05 -4.18178e-07)
(-9.99999 1.82351e-05 7.32903e-08)
(-9.99999 1.80449e-05 -3.41285e-07)
(-10 1.75558e-05 -2.09822e-07)
(-9.99999 1.17199e-05 -3.00843e-07)
(-9.99999 1.20542e-05 -2.78046e-07)
(-9.99999 1.24562e-05 -2.758e-07)
(-9.99999 1.3125e-05 -2.43616e-07)
(-9.99999 1.38319e-05 -2.77953e-07)
(-9.99999 1.46902e-05 -2.93567e-07)
(-9.99999 1.53748e-05 -3.82615e-07)
(-9.99999 1.60389e-05 -4.24639e-07)
(-9.99999 1.64445e-05 -5.00764e-07)
(-9.99999 1.67729e-05 -4.85249e-07)
(-9.99999 1.69027e-05 -4.66697e-07)
(-9.99999 1.69471e-05 -3.97823e-07)
(-9.99999 1.68787e-05 -3.43546e-07)
(-9.99999 1.66995e-05 -1.18948e-07)
(-9.99999 1.66629e-05 -5.11435e-07)
(-9.99999 1.62293e-05 -1.29677e-07)
(-10 1.60226e-05 -1.68991e-07)
(-9.99999 1.03578e-05 -2.68607e-07)
(-9.99999 1.06773e-05 -2.81232e-07)
(-9.99999 1.10742e-05 -2.5132e-07)
(-9.99999 1.17055e-05 -2.84268e-07)
(-9.99999 1.2335e-05 -3.04418e-07)
(-9.99999 1.30684e-05 -3.99221e-07)
(-9.99999 1.36144e-05 -4.61421e-07)
(-9.99999 1.41464e-05 -5.62313e-07)
(-9.99999 1.44343e-05 -5.91576e-07)
(-9.99999 1.46995e-05 -6.08633e-07)
(-9.99999 1.47655e-05 -5.51308e-07)
(-9.99999 1.48067e-05 -4.63954e-07)
(-9.99999 1.47485e-05 -3.70817e-07)
(-9.99999 1.47296e-05 -4.59531e-07)
(-9.99999 1.44617e-05 -7.13107e-08)
(-9.99999 1.44911e-05 -3.09602e-07)
(-10 1.41921e-05 -2.26764e-07)
(-9.99999 8.88354e-06 -2.67791e-07)
(-9.99999 9.09169e-06 -2.75825e-07)
(-9.99999 9.47772e-06 -2.56769e-07)
(-9.99999 9.95348e-06 -3.13586e-07)
(-9.99999 1.05171e-05 -3.59956e-07)
(-9.99999 1.10292e-05 -4.80155e-07)
(-9.99999 1.14943e-05 -5.55962e-07)
(-9.99999 1.18286e-05 -6.64396e-07)
(-9.99999 1.2081e-05 -6.87905e-07)
(-9.99999 1.22309e-05 -7.04615e-07)
(-9.99999 1.23044e-05 -6.26117e-07)
(-9.99999 1.23706e-05 -5.55203e-07)
(-9.99999 1.23572e-05 -4.68652e-07)
(-9.99999 1.23183e-05 -2.84702e-07)
(-9.99999 1.24482e-05 -5.21438e-07)
(-10 1.21536e-05 -2.76532e-07)
(-10 1.20318e-05 -2.65023e-07)
(-9.99999 7.26955e-06 -3.19363e-07)
(-9.99999 7.2854e-06 -2.66261e-07)
(-9.99999 7.66901e-06 -2.99376e-07)
(-9.99999 7.90802e-06 -3.1895e-07)
(-9.99999 8.42064e-06 -4.38501e-07)
(-9.99999 8.65528e-06 -5.20143e-07)
(-9.99999 9.07906e-06 -6.56733e-07)
(-9.99999 9.18585e-06 -7.14659e-07)
(-9.99999 9.45902e-06 -7.8243e-07)
(-9.99999 9.46359e-06 -7.50521e-07)
(-9.99999 9.66211e-06 -7.01302e-07)
(-9.99999 9.67228e-06 -5.96553e-07)
(-9.99999 9.82406e-06 -5.01233e-07)
(-9.99999 9.95068e-06 -5.41168e-07)
(-9.99999 9.71816e-06 -3.16221e-07)
(-10 9.79353e-06 -4.02781e-07)
(-10 9.50281e-06 -3.50528e-07)
(-9.99999 5.01801e-06 -3.48675e-07)
(-9.99999 5.29121e-06 -2.79584e-07)
(-9.99999 5.41312e-06 -3.18871e-07)
(-9.99999 5.74251e-06 -3.39361e-07)
(-9.99999 5.86879e-06 -4.76852e-07)
(-9.99999 6.14857e-06 -5.53049e-07)
(-9.99999 6.2159e-06 -6.99556e-07)
(-9.99999 6.41077e-06 -7.41662e-07)
(-9.99999 6.43037e-06 -8.15266e-07)
(-9.99999 6.59486e-06 -7.63125e-07)
(-9.99999 6.68845e-06 -7.31368e-07)
(-9.99999 6.89412e-06 -6.15887e-07)
(-9.99999 7.10348e-06 -5.71582e-07)
(-9.99999 7.08978e-06 -4.49787e-07)
(-9.99999 7.18662e-06 -5.17605e-07)
(-10 6.73409e-06 -4.66299e-07)
(-10 6.58984e-06 -3.98688e-07)
(-9.99999 2.922e-06 -1.75028e-07)
(-9.99999 3.0417e-06 -2.89491e-07)
(-9.99999 3.09762e-06 -2.54704e-07)
(-9.99999 3.23957e-06 -3.95269e-07)
(-9.99999 3.20624e-06 -4.23325e-07)
(-9.99999 3.28008e-06 -6.03649e-07)
(-9.99999 3.20644e-06 -6.34572e-07)
(-9.99999 3.26798e-06 -7.7097e-07)
(-9.99999 3.22478e-06 -7.39635e-07)
(-9.99999 3.36289e-06 -7.77374e-07)
(-9.99999 3.4465e-06 -6.69973e-07)
(-9.99999 3.70821e-06 -6.29655e-07)
(-9.99999 3.82022e-06 -5.31841e-07)
(-9.99999 3.90225e-06 -5.02323e-07)
(-9.99999 3.57255e-06 -4.85834e-07)
(-10 3.39025e-06 -4.37425e-07)
(-10 3.26718e-06 -4.58567e-07)
(-9.99999 1.04998e-06 -2.64216e-07)
(-9.99999 8.58882e-07 -2.29907e-07)
(-9.99999 1.00705e-06 -2.85667e-07)
(-9.99999 8.54887e-07 -3.2987e-07)
(-9.99999 9.59046e-07 -4.42884e-07)
(-9.99999 7.7506e-07 -5.18099e-07)
(-9.99999 8.58765e-07 -6.2467e-07)
(-9.99999 6.9967e-07 -6.65079e-07)
(-9.99999 8.02923e-07 -7.06926e-07)
(-9.99999 7.23287e-07 -6.73699e-07)
(-9.99999 8.73104e-07 -6.36269e-07)
(-9.99999 9.11458e-07 -5.64855e-07)
(-9.99999 9.98068e-07 -4.97933e-07)
(-9.99999 9.48176e-07 -4.81629e-07)
(-9.99999 8.50883e-07 -4.468e-07)
(-10 7.67152e-07 -4.70943e-07)
(-10 7.3192e-07 -4.41736e-07)
(-10 4.03194e-06 9.84848e-07)
(-10 4.59923e-06 8.93721e-07)
(-10 5.0198e-06 8.95399e-07)
(-10 5.41584e-06 8.64478e-07)
(-10 5.71309e-06 8.8856e-07)
(-10 6.03789e-06 8.51762e-07)
(-10 6.35211e-06 8.08939e-07)
(-10 6.68964e-06 7.12344e-07)
(-10 7.05969e-06 5.88001e-07)
(-10 7.405e-06 5.30367e-07)
(-10 7.8443e-06 5.01362e-07)
(-10 8.22871e-06 6.47683e-07)
(-10 8.71167e-06 8.90601e-07)
(-10 9.04525e-06 1.44668e-06)
(-10 9.39376e-06 1.52945e-06)
(-10 9.843e-06 2.24855e-06)
(-10 4.9185e-06 8.22236e-07)
(-10 5.3663e-06 8.26588e-07)
(-10 5.84614e-06 8.53246e-07)
(-10 6.23717e-06 9.09401e-07)
(-10 6.64527e-06 9.46156e-07)
(-10 7.02953e-06 9.58603e-07)
(-10 7.43822e-06 9.08175e-07)
(-10 7.81576e-06 8.17424e-07)
(-10 8.16442e-06 7.06384e-07)
(-10 8.53314e-06 6.34094e-07)
(-10 8.90176e-06 6.1659e-07)
(-10 9.43205e-06 7.15656e-07)
(-10 9.98218e-06 9.03674e-07)
(-10 1.06629e-05 1.10814e-06)
(-10 1.12617e-05 1.73213e-06)
(-10 1.18871e-05 1.78183e-06)
(-10 5.76253e-06 6.52951e-07)
(-10 6.17842e-06 7.02339e-07)
(-10 6.61475e-06 7.58995e-07)
(-10 7.04427e-06 8.70966e-07)
(-10 7.51534e-06 9.17525e-07)
(-10 8.00319e-06 9.46259e-07)
(-10 8.4778e-06 8.7624e-07)
(-10 8.89619e-06 7.97282e-07)
(-10 9.24303e-06 6.99605e-07)
(-10 9.56262e-06 6.63147e-07)
(-10 9.91966e-06 6.60748e-07)
(-10 1.03996e-05 7.22371e-07)
(-10 1.09831e-05 8.42512e-07)
(-10 1.16865e-05 1.21147e-06)
(-10 1.24037e-05 1.16457e-06)
(-10 1.32152e-05 1.88755e-06)
(-10 6.46412e-06 5.11545e-07)
(-10 6.85735e-06 5.46135e-07)
(-10 7.28871e-06 6.60954e-07)
(-10 7.76938e-06 7.57247e-07)
(-10 8.31562e-06 8.33638e-07)
(-10 8.87421e-06 8.11896e-07)
(-10 9.39038e-06 7.47706e-07)
(-10 9.81141e-06 6.60536e-07)
(-10 1.01304e-05 6.17053e-07)
(-10 1.04158e-05 6.18871e-07)
(-10 1.07631e-05 6.65394e-07)
(-10 1.12343e-05 7.3863e-07)
(-10 1.18498e-05 8.46811e-07)
(-10 1.2557e-05 8.37611e-07)
(-10 1.33503e-05 1.44703e-06)
(-10 1.42798e-05 1.20097e-06)
(-10 7.06694e-06 3.89132e-07)
(-10 7.46272e-06 4.34347e-07)
(-10 7.92047e-06 5.72219e-07)
(-10 8.47244e-06 6.49922e-07)
(-10 9.08219e-06 7.07329e-07)
(-10 9.68374e-06 6.41401e-07)
(-10 1.02044e-05 5.72429e-07)
(-10 1.06071e-05 4.99793e-07)
(-10 1.09048e-05 5.27956e-07)
(-10 1.12102e-05 5.85495e-07)
(-10 1.15962e-05 6.96621e-07)
(-10 1.21365e-05 7.4122e-07)
(-10 1.28101e-05 8.01042e-07)
(-10 1.3602e-05 1.05325e-06)
(-10 1.4504e-05 8.4007e-07)
(-10 1.53096e-05 1.4376e-06)
(-10 7.59757e-06 2.5682e-07)
(-10 8.02105e-06 3.69363e-07)
(-10 8.54158e-06 4.60298e-07)
(-10 9.16749e-06 5.47816e-07)
(-10 9.82393e-06 5.19692e-07)
(-10 1.04387e-05 4.49182e-07)
(-10 1.09437e-05 3.53094e-07)
(-10 1.13262e-05 3.49277e-07)
(-10 1.16561e-05 4.19942e-07)
(-10 1.20384e-05 5.71667e-07)
(-10 1.25437e-05 6.90594e-07)
(-10 1.3221e-05 7.76946e-07)
(-10 1.40454e-05 7.843e-07)
(-10 1.49918e-05 6.59137e-07)
(-10 1.5821e-05 1.09576e-06)
(-10 1.68943e-05 6.77213e-07)
(-10 8.14216e-06 2.59806e-07)
(-10 8.61046e-06 3.50671e-07)
(-10 9.21115e-06 3.95045e-07)
(-10 9.89424e-06 4.32431e-07)
(-10 1.05788e-05 3.45207e-07)
(-10 1.11828e-05 2.55093e-07)
(-10 1.16688e-05 1.74763e-07)
(-10 1.20626e-05 2.35236e-07)
(-10 1.24795e-05 3.61704e-07)
(-10 1.2991e-05 5.79095e-07)
(-10 1.36765e-05 6.94857e-07)
(-10 1.45354e-05 7.29562e-07)
(-10 1.55513e-05 6.65364e-07)
(-10 1.66352e-05 7.6775e-07)
(-10 1.78652e-05 2.28638e-07)
(-10 1.88083e-05 9.28462e-07)
(-10 8.77402e-06 3.18124e-07)
(-10 9.30533e-06 3.12969e-07)
(-10 9.96329e-06 3.38723e-07)
(-10 1.06766e-05 2.67489e-07)
(-10 1.13601e-05 1.67854e-07)
(-10 1.19419e-05 4.37328e-08)
(-10 1.2415e-05 3.19289e-08)
(-10 1.28661e-05 1.16935e-07)
(-10 1.33912e-05 3.36589e-07)
(-10 1.40635e-05 5.24421e-07)
(-10 1.49199e-05 6.49816e-07)
(-10 1.59359e-05 6.38704e-07)
(-10 1.71122e-05 5.14432e-07)
(-10 1.84463e-05 1.08615e-07)
(-10 1.97236e-05 5.98821e-07)
(-10 2.07361e-05 -2.545e-07)
(-10 2.20817e-05 -1.31543e-07)
(-9.99999 9.59107e-06 3.62414e-07)
(-9.99999 1.01562e-05 2.9364e-07)
(-9.99999 1.08316e-05 2.54608e-07)
(-9.99999 1.15415e-05 1.17615e-07)
(-9.99999 1.22012e-05 -2.54884e-09)
(-10 1.27565e-05 -1.09366e-07)
(-10 1.32479e-05 -6.28647e-08)
(-10 1.37798e-05 7.02325e-08)
(-10 1.4429e-05 3.27214e-07)
(-10 1.52493e-05 4.84914e-07)
(-10 1.62198e-05 5.8177e-07)
(-10 1.73091e-05 4.57664e-07)
(-10 1.8525e-05 2.49297e-07)
(-10 1.98029e-05 1.671e-07)
(-10 2.10496e-05 -8.8311e-07)
(-10 2.2346e-05 -4.50449e-07)
(-10 2.30761e-05 -1.12214e-06)
(-9.99999 1.05502e-05 2.81492e-07)
(-9.99999 1.11217e-05 2.28708e-07)
(-9.99999 1.17843e-05 9.62856e-08)
(-9.99999 1.24627e-05 -3.87437e-08)
(-9.99999 1.30848e-05 -1.88275e-07)
(-9.99999 1.36228e-05 -2.20926e-07)
(-10 1.41652e-05 -1.54685e-07)
(-10 1.47889e-05 6.58248e-08)
(-10 1.55686e-05 2.65361e-07)
(-10 1.64945e-05 4.32329e-07)
(-10 1.75123e-05 4.26216e-07)
(-10 1.8587e-05 3.04159e-07)
(-9.99999 1.97163e-05 1.52427e-08)
(-9.99999 2.08997e-05 -6.28896e-07)
(-9.99999 2.21059e-05 -3.85079e-07)
(-9.99999 2.30402e-05 -1.68255e-06)
(-9.99999 2.37449e-05 -1.76953e-06)
(-9.99999 1.15826e-05 2.17554e-07)
(-9.99999 1.2147e-05 1.21937e-07)
(-9.99999 1.27729e-05 -5.12411e-08)
(-9.99999 1.34114e-05 -1.88992e-07)
(-9.99999 1.3988e-05 -3.11455e-07)
(-9.99999 1.45447e-05 -2.8209e-07)
(-9.99999 1.51509e-05 -1.67807e-07)
(-9.99999 1.58914e-05 7.76003e-08)
(-9.99999 1.67794e-05 2.36383e-07)
(-9.99999 1.77722e-05 3.6825e-07)
(-9.99999 1.87794e-05 2.9295e-07)
(-9.99999 1.97854e-05 9.99735e-08)
(-9.99999 2.07606e-05 -2.29741e-07)
(-9.99999 2.17366e-05 -4.16222e-07)
(-9.99999 2.26712e-05 -1.71362e-06)
(-9.99999 2.34649e-05 -1.38645e-06)
(-9.99999 2.39537e-05 -2.06043e-06)
(-9.99999 1.25614e-05 1.1459e-07)
(-9.99999 1.31105e-05 -6.12525e-08)
(-9.99999 1.36962e-05 -2.05819e-07)
(-9.99999 1.42798e-05 -3.55872e-07)
(-9.99999 1.48339e-05 -3.95007e-07)
(-9.99999 1.54284e-05 -3.4484e-07)
(-9.99999 1.61206e-05 -1.47823e-07)
(-9.99999 1.69687e-05 2.80586e-08)
(-9.99999 1.79336e-05 2.01013e-07)
(-9.99999 1.89357e-05 2.17458e-07)
(-9.99999 1.98946e-05 1.35478e-07)
(-9.99999 2.07787e-05 -5.40856e-08)
(-9.99999 2.15815e-05 -3.69318e-07)
(-9.99999 2.23235e-05 -1.05623e-06)
(-9.99999 2.29939e-05 -8.26791e-07)
(-9.99999 2.35257e-05 -2.23531e-06)
(-9.99999 2.38298e-05 -2.21774e-06)
(-9.99999 1.3418e-05 -4.62153e-08)
(-9.99999 1.3927e-05 -2.26669e-07)
(-9.99999 1.44665e-05 -3.4997e-07)
(-9.99999 1.49989e-05 -4.57485e-07)
(-9.99999 1.55633e-05 -4.33394e-07)
(-9.99999 1.62104e-05 -3.36569e-07)
(-9.99999 1.70003e-05 -1.26131e-07)
(-9.99999 1.79226e-05 1.01804e-08)
(-9.99999 1.89177e-05 1.35669e-07)
(-9.99999 1.98763e-05 8.89702e-08)
(-9.99999 2.07451e-05 1.17054e-08)
(-9.99999 2.1483e-05 -2.09317e-07)
(-9.99999 2.21148e-05 -4.82248e-07)
(-9.99999 2.26435e-05 -6.08413e-07)
(-9.99999 2.30631e-05 -1.79366e-06)
(-9.99999 2.33632e-05 -1.40552e-06)
(-9.99999 2.34595e-05 -2.04767e-06)
(-9.99999 1.39643e-05 -3.06389e-07)
(-9.99999 1.4448e-05 -4.02344e-07)
(-9.99999 1.49474e-05 -5.0476e-07)
(-9.99999 1.54642e-05 -5.25193e-07)
(-9.99999 1.60613e-05 -4.78618e-07)
(-9.99999 1.67791e-05 -3.15033e-07)
(-9.99999 1.76467e-05 -1.75019e-07)
(-9.99999 1.86095e-05 -3.13347e-08)
(-9.99999 1.95819e-05 -2.15574e-08)
(-9.99999 2.04688e-05 -5.39764e-08)
(-9.99999 2.12186e-05 -1.5682e-07)
(-9.99999 2.18179e-05 -2.79363e-07)
(-9.99999 2.22846e-05 -4.82334e-07)
(-9.99999 2.26217e-05 -1.01348e-06)
(-9.99999 2.28453e-05 -6.70673e-07)
(-9.99999 2.29118e-05 -1.84742e-06)
(-9.99999 2.27887e-05 -1.78595e-06)
(-9.99999 1.41672e-05 -4.48808e-07)
(-9.99999 1.46313e-05 -5.15238e-07)
(-9.99999 1.51107e-05 -5.78223e-07)
(-9.99999 1.56454e-05 -5.41663e-07)
(-9.99999 1.62892e-05 -4.6475e-07)
(-9.99999 1.70774e-05 -3.02255e-07)
(-9.99999 1.79881e-05 -2.08307e-07)
(-9.99999 1.89504e-05 -1.20211e-07)
(-9.99999 1.98622e-05 -1.7243e-07)
(-9.99999 2.06534e-05 -2.00706e-07)
(-9.99999 2.12798e-05 -2.9019e-07)
(-9.99999 2.17454e-05 -3.77067e-07)
(-9.99999 2.20584e-05 -5.14622e-07)
(-9.99999 2.22255e-05 -4.75309e-07)
(-9.99999 2.22553e-05 -1.39596e-06)
(-9.99999 2.21246e-05 -9.0055e-07)
(-9.99999 2.18529e-05 -1.3585e-06)
(-9.99999 1.40263e-05 -5.22256e-07)
(-9.99999 1.44683e-05 -6.0374e-07)
(-9.99999 1.49376e-05 -6.03083e-07)
(-9.99999 1.54972e-05 -5.65868e-07)
(-9.99999 1.61884e-05 -4.4867e-07)
(-9.99999 1.70194e-05 -3.67073e-07)
(-9.99999 1.79341e-05 -2.83103e-07)
(-9.99999 1.8847e-05 -3.1663e-07)
(-9.99999 1.96683e-05 -3.56132e-07)
(-9.99999 2.03427e-05 -4.31475e-07)
(-9.99999 2.08478e-05 -4.62717e-07)
(-9.99999 2.11832e-05 -4.65477e-07)
(-9.99999 2.13544e-05 -5.04761e-07)
(-9.99999 2.13841e-05 -8.12069e-07)
(-9.99999 2.12991e-05 -3.4568e-07)
(-9.99999 2.10494e-05 -1.19246e-06)
(-9.99999 2.06416e-05 -1.0091e-06)
(-9.99999 1.36122e-05 -5.58301e-07)
(-9.99999 1.39993e-05 -6.18272e-07)
(-9.99999 1.44516e-05 -5.86543e-07)
(-9.99999 1.5026e-05 -5.42987e-07)
(-9.99999 1.57473e-05 -4.49733e-07)
(-9.99999 1.65795e-05 -4.27408e-07)
(-9.99999 1.74533e-05 -4.13257e-07)
(-9.99999 1.82712e-05 -5.10468e-07)
(-9.99999 1.89732e-05 -5.69784e-07)
(-9.99999 1.95159e-05 -6.49744e-07)
(-9.99999 1.98953e-05 -6.25721e-07)
(-9.99999 2.01097e-05 -6.10393e-07)
(-9.99999 2.01806e-05 -5.72268e-07)
(-9.99999 2.01419e-05 -3.81045e-07)
(-9.99999 1.99526e-05 -1.00904e-06)
(-9.99999 1.96493e-05 -3.93986e-07)
(-10 1.92544e-05 -6.64876e-07)
(-9.99999 1.28617e-05 -6.50314e-07)
(-9.99999 1.31956e-05 -6.27453e-07)
(-9.99999 1.36307e-05 -5.96277e-07)
(-9.99999 1.42177e-05 -5.31163e-07)
(-9.99999 1.49327e-05 -5.26586e-07)
(-9.99999 1.5734e-05 -5.32533e-07)
(-9.99999 1.65183e-05 -6.3769e-07)
(-9.99999 1.72252e-05 -7.34798e-07)
(-9.99999 1.7792e-05 -8.55286e-07)
(-9.99999 1.82164e-05 -8.85383e-07)
(-9.99999 1.84795e-05 -8.50539e-07)
(-9.99999 1.8609e-05 -7.3803e-07)
(-9.99999 1.86172e-05 -6.31944e-07)
(-9.99999 1.85224e-05 -7.65321e-07)
(-9.99999 1.83435e-05 -2.04363e-07)
(-9.99999 1.80713e-05 -7.67962e-07)
(-10 1.76903e-05 -4.81315e-07)
(-9.99999 1.17576e-05 -6.57018e-07)
(-9.99999 1.20627e-05 -6.04362e-07)
(-9.99999 1.24957e-05 -5.71311e-07)
(-9.99999 1.30687e-05 -5.39756e-07)
(-9.99999 1.37508e-05 -6.00458e-07)
(-9.99999 1.44726e-05 -6.81329e-07)
(-9.99999 1.51491e-05 -8.49639e-07)
(-9.99999 1.57291e-05 -9.79423e-07)
(-9.99999 1.61786e-05 -1.11304e-06)
(-9.99999 1.64956e-05 -1.11577e-06)
(-9.99999 1.66794e-05 -1.05453e-06)
(-9.99999 1.67559e-05 -9.15296e-07)
(-9.99999 1.6738e-05 -7.84266e-07)
(-9.99999 1.66478e-05 -5.00894e-07)
(-9.99999 1.64822e-05 -8.85377e-07)
(-9.99999 1.62689e-05 -3.1033e-07)
(-10 1.60014e-05 -4.10518e-07)
(-9.99999 1.03992e-05 -6.37434e-07)
(-9.99999 1.068e-05 -6.03023e-07)
(-9.99999 1.1098e-05 -5.57284e-07)
(-9.99999 1.1618e-05 -6.10052e-07)
(-9.99999 1.22325e-05 -7.02107e-07)
(-9.99999 1.28351e-05 -8.93131e-07)
(-9.99999 1.33977e-05 -1.07019e-06)
(-9.99999 1.38467e-05 -1.26782e-06)
(-9.99999 1.42003e-05 -1.36493e-06)
(-9.99999 1.44253e-05 -1.38713e-06)
(-9.99999 1.45663e-05 -1.27957e-06)
(-9.99999 1.461e-05 -1.09864e-06)
(-9.99999 1.45921e-05 -9.11223e-07)
(-9.99999 1.45224e-05 -9.17247e-07)
(-9.99999 1.44492e-05 -4.35322e-07)
(-9.99999 1.43076e-05 -7.36964e-07)
(-10 1.40721e-05 -5.16619e-07)
(-9.99999 8.82009e-06 -6.31001e-07)
(-9.99999 9.11041e-06 -5.88235e-07)
(-9.99999 9.41765e-06 -5.71608e-07)
(-9.99999 9.91012e-06 -6.70091e-07)
(-9.99999 1.03495e-05 -8.27942e-07)
(-9.99999 1.08781e-05 -1.06864e-06)
(-9.99999 1.12502e-05 -1.28603e-06)
(-9.99999 1.16382e-05 -1.4958e-06)
(-9.99999 1.18425e-05 -1.5936e-06)
(-9.99999 1.20535e-05 -1.60393e-06)
(-9.99999 1.21169e-05 -1.47042e-06)
(-9.99999 1.22048e-05 -1.29161e-06)
(-9.99999 1.21942e-05 -1.10342e-06)
(-9.99999 1.22163e-05 -8.33566e-07)
(-9.99999 1.2142e-05 -1.04596e-06)
(-9.99999 1.20372e-05 -6.42453e-07)
(-10 1.1877e-05 -6.50119e-07)
(-9.99999 7.16845e-06 -6.93734e-07)
(-9.99999 7.2807e-06 -6.07691e-07)
(-9.99999 7.59138e-06 -6.31961e-07)
(-9.99999 7.8758e-06 -7.40037e-07)
(-9.99999 8.27452e-06 -9.72097e-07)
(-9.99999 8.56417e-06 -1.21843e-06)
(-9.99999 8.89956e-06 -1.48595e-06)
(-9.99999 9.08926e-06 -1.67182e-06)
(-9.99999 9.29982e-06 -1.79028e-06)
(-9.99999 9.39045e-06 -1.76508e-06)
(-9.99999 9.53055e-06 -1.63767e-06)
(-9.99999 9.59643e-06 -1.43185e-06)
(-9.99999 9.6954e-06 -1.22711e-06)
(-9.99999 9.74433e-06 -1.19437e-06)
(-9.99999 9.72295e-06 -9.03816e-07)
(-10 9.55632e-06 -1.02381e-06)
(-10 9.33573e-06 -8.71477e-07)
(-9.99999 5.19843e-06 -7.44995e-07)
(-9.99999 5.26217e-06 -6.26108e-07)
(-9.99999 5.46896e-06 -6.82474e-07)
(-9.99999 5.64711e-06 -7.88806e-07)
(-9.99999 5.88776e-06 -1.06772e-06)
(-9.99999 6.04419e-06 -1.29907e-06)
(-9.99999 6.2436e-06 -1.59436e-06)
(-9.99999 6.34038e-06 -1.74547e-06)
(-9.99999 6.48386e-06 -1.87717e-06)
(-9.99999 6.56129e-06 -1.81265e-06)
(-9.99999 6.72761e-06 -1.71179e-06)
(-9.99999 6.85274e-06 -1.49088e-06)
(-9.99999 7.06522e-06 -1.35289e-06)
(-9.99999 7.13834e-06 -1.17601e-06)
(-9.99999 6.97461e-06 -1.24542e-06)
(-10 6.69079e-06 -1.09985e-06)
(-10 6.45479e-06 -1.02286e-06)
(-9.99999 3.02757e-06 -5.20442e-07)
(-9.99999 3.10379e-06 -6.20639e-07)
(-9.99999 3.13912e-06 -6.25627e-07)
(-9.99999 3.25144e-06 -8.65052e-07)
(-9.99999 3.2487e-06 -1.03283e-06)
(-9.99999 3.32377e-06 -1.36569e-06)
(-9.99999 3.30005e-06 -1.53424e-06)
(-9.99999 3.36371e-06 -1.77187e-06)
(-9.99999 3.3602e-06 -1.78708e-06)
(-9.99999 3.47467e-06 -1.81242e-06)
(-9.99999 3.56537e-06 -1.63441e-06)
(-9.99999 3.772e-06 -1.5053e-06)
(-9.99999 3.91228e-06 -1.32428e-06)
(-9.99999 3.86245e-06 -1.27311e-06)
(-9.99999 3.66106e-06 -1.19638e-06)
(-10 3.38445e-06 -1.18379e-06)
(-10 3.21337e-06 -1.14668e-06)
(-9.99999 9.38493e-07 -6.81878e-07)
(-9.99999 9.33362e-07 -5.86197e-07)
(-9.99999 9.68348e-07 -6.56206e-07)
(-9.99999 9.36636e-07 -7.96873e-07)
(-9.99999 9.34597e-07 -1.02463e-06)
(-9.99999 8.81998e-07 -1.24585e-06)
(-9.99999 8.71141e-07 -1.46238e-06)
(-9.99999 8.32033e-07 -1.60001e-06)
(-9.99999 8.4381e-07 -1.66941e-06)
(-9.99999 8.5288e-07 -1.63187e-06)
(-9.99999 9.15233e-07 -1.52706e-06)
(-9.99999 9.92457e-07 -1.38903e-06)
(-9.99999 1.04045e-06 -1.26337e-06)
(-9.99999 9.74044e-07 -1.19539e-06)
(-9.99999 8.99675e-07 -1.18182e-06)
(-10 7.25254e-07 -1.15705e-06)
(-10 7.52959e-07 -1.10595e-06)
(-10 4.20638e-06 8.90792e-07)
(-10 4.66952e-06 8.66323e-07)
(-10 5.18723e-06 8.4169e-07)
(-10 5.59239e-06 8.28375e-07)
(-10 5.98779e-06 8.15679e-07)
(-10 6.31805e-06 7.85024e-07)
(-10 6.66272e-06 7.24348e-07)
(-10 7.00012e-06 6.29819e-07)
(-10 7.33079e-06 5.2688e-07)
(-10 7.70578e-06 4.63736e-07)
(-10 8.03324e-06 4.76935e-07)
(-10 8.44555e-06 6.24715e-07)
(-10 8.74957e-06 9.08227e-07)
(-10 9.10556e-06 1.36364e-06)
(-10 9.32441e-06 1.88613e-06)
(-10 9.65504e-06 2.2296e-06)
(-10 4.67099e-06 8.19038e-07)
(-10 5.25232e-06 8.14857e-07)
(-10 5.75271e-06 8.34757e-07)
(-10 6.25289e-06 8.68781e-07)
(-10 6.67296e-06 8.98717e-07)
(-10 7.10554e-06 8.94226e-07)
(-10 7.49771e-06 8.42585e-07)
(-10 7.88516e-06 7.53927e-07)
(-10 8.26349e-06 6.54811e-07)
(-10 8.61886e-06 5.89469e-07)
(-10 9.04471e-06 5.90177e-07)
(-10 9.46042e-06 6.89571e-07)
(-10 9.9901e-06 9.02843e-07)
(-10 1.04621e-05 1.22397e-06)
(-10 1.09955e-05 1.64766e-06)
(-10 1.15079e-05 1.98136e-06)
(-10 5.51559e-06 6.98555e-07)
(-10 5.99404e-06 7.15011e-07)
(-10 6.47248e-06 7.73023e-07)
(-10 6.95557e-06 8.47728e-07)
(-10 7.43339e-06 9.02543e-07)
(-10 7.91488e-06 9.03825e-07)
(-10 8.37468e-06 8.51243e-07)
(-10 8.79937e-06 7.66557e-07)
(-10 9.19035e-06 6.84744e-07)
(-10 9.55571e-06 6.4254e-07)
(-10 9.96172e-06 6.57284e-07)
(-10 1.04111e-05 7.29655e-07)
(-10 1.09467e-05 8.77606e-07)
(-10 1.151e-05 1.13423e-06)
(-10 1.21389e-05 1.43119e-06)
(-10 1.28246e-05 1.7204e-06)
(-10 6.24745e-06 5.20334e-07)
(-10 6.68022e-06 5.70129e-07)
(-10 7.14e-06 6.57315e-07)
(-10 7.63336e-06 7.52901e-07)
(-10 8.15381e-06 8.04717e-07)
(-10 8.67981e-06 7.90675e-07)
(-10 9.17552e-06 7.25089e-07)
(-10 9.6183e-06 6.48271e-07)
(-10 1.00049e-05 5.98821e-07)
(-10 1.0372e-05 6.04468e-07)
(-10 1.07756e-05 6.47533e-07)
(-10 1.12504e-05 7.25012e-07)
(-10 1.18094e-05 8.38557e-07)
(-10 1.24339e-05 9.93789e-07)
(-10 1.31324e-05 1.23341e-06)
(-10 1.39141e-05 1.43165e-06)
(-10 6.91477e-06 4.06513e-07)
(-10 7.3256e-06 4.68527e-07)
(-10 7.78791e-06 5.67839e-07)
(-10 8.31084e-06 6.59121e-07)
(-10 8.8686e-06 6.85383e-07)
(-10 9.42519e-06 6.44705e-07)
(-10 9.9363e-06 5.67686e-07)
(-10 1.03821e-05 5.12128e-07)
(-10 1.0772e-05 5.17609e-07)
(-10 1.11628e-05 5.84718e-07)
(-10 1.16071e-05 6.71344e-07)
(-10 1.21443e-05 7.51602e-07)
(-10 1.27678e-05 8.20459e-07)
(-10 1.34858e-05 9.62519e-07)
(-10 1.42517e-05 1.09943e-06)
(-10 1.51032e-05 1.22278e-06)
(-10 7.52778e-06 2.99405e-07)
(-10 7.93999e-06 3.68112e-07)
(-10 8.43035e-06 4.63454e-07)
(-10 8.99096e-06 5.20458e-07)
(-10 9.58323e-06 5.0746e-07)
(-10 1.01564e-05 4.33046e-07)
(-10 1.06743e-05 3.56369e-07)
(-10 1.11249e-05 3.35416e-07)
(-10 1.15475e-05 4.07241e-07)
(-10 1.20019e-05 5.27773e-07)
(-10 1.25414e-05 6.49787e-07)
(-10 1.31893e-05 7.22702e-07)
(-10 1.39494e-05 7.75615e-07)
(-10 1.47904e-05 8.11645e-07)
(-10 1.56324e-05 9.04047e-07)
(-10 1.65588e-05 1.08303e-06)
(-10 8.14015e-06 2.924e-07)
(-10 8.57149e-06 3.398e-07)
(-10 9.104e-06 4.00652e-07)
(-10 9.70234e-06 4.05197e-07)
(-10 1.03232e-05 3.48085e-07)
(-10 1.0905e-05 2.50178e-07)
(-10 1.14306e-05 1.90653e-07)
(-10 1.19046e-05 2.21884e-07)
(-10 1.23951e-05 3.52551e-07)
(-10 1.29499e-05 5.15719e-07)
(-10 1.36247e-05 6.4857e-07)
(-10 1.44212e-05 6.88933e-07)
(-10 1.53502e-05 6.70817e-07)
(-10 1.63233e-05 6.66223e-07)
(-10 1.73894e-05 7.97433e-07)
(-10 1.82215e-05 7.30678e-07)
(-10 8.80369e-06 2.69799e-07)
(-10 9.27178e-06 3.00495e-07)
(-10 9.84083e-06 3.01542e-07)
(-10 1.04709e-05 2.5297e-07)
(-10 1.11066e-05 1.47364e-07)
(-10 1.1696e-05 4.7716e-08)
(-10 1.22341e-05 1.47422e-08)
(-10 1.27571e-05 1.04045e-07)
(-10 1.33326e-05 2.69454e-07)
(-10 1.40048e-05 4.52641e-07)
(-10 1.48084e-05 5.50963e-07)
(-10 1.57393e-05 5.46442e-07)
(-10 1.67955e-05 4.50179e-07)
(-10 1.7927e-05 3.44492e-07)
(-10 1.88817e-05 1.81323e-07)
(-10 1.98432e-05 3.32229e-07)
(-9.99999 9.58581e-06 3.13659e-07)
(-9.99999 1.00852e-05 2.87776e-07)
(-9.99999 1.06718e-05 2.27382e-07)
(-9.99999 1.13262e-05 1.27867e-07)
(-9.99999 1.19608e-05 -2.81267e-09)
(-10 1.25647e-05 -8.6943e-08)
(-10 1.31236e-05 -7.19243e-08)
(-10 1.37202e-05 6.27883e-08)
(-10 1.43806e-05 2.52777e-07)
(-10 1.51671e-05 4.22074e-07)
(-10 1.60544e-05 4.74357e-07)
(-10 1.70627e-05 3.9349e-07)
(-10 1.81295e-05 1.75582e-07)
(-10 1.92212e-05 -9.62807e-08)
(-10 2.03296e-05 -2.76488e-07)
(-10 2.10124e-05 -5.42246e-07)
(-9.99999 1.04755e-05 2.6514e-07)
(-9.99999 1.09913e-05 1.95249e-07)
(-9.99999 1.15933e-05 9.88378e-08)
(-9.99999 1.22469e-05 -4.2833e-08)
(-9.99999 1.28829e-05 -1.68472e-07)
(-9.99999 1.34945e-05 -2.26341e-07)
(-9.99999 1.41001e-05 -1.55702e-07)
(-10 1.47681e-05 3.39109e-09)
(-10 1.55219e-05 2.00447e-07)
(-10 1.63872e-05 3.22015e-07)
(-10 1.73232e-05 3.21417e-07)
(-10 1.8324e-05 1.63491e-07)
(-10 1.93633e-05 -1.19189e-07)
(-10 2.04393e-05 -5.1542e-07)
(-10 2.13871e-05 -9.95721e-07)
(-10 2.23225e-05 -1.278e-06)
(-9.99999 2.29905e-05 -1.54965e-06)
(-9.99999 1.14413e-05 2.12916e-07)
(-9.99999 1.1954e-05 1.13131e-07)
(-9.99999 1.25699e-05 -1.30877e-08)
(-9.99999 1.32011e-05 -1.59594e-07)
(-9.99999 1.38459e-05 -2.65141e-07)
(-9.99999 1.44646e-05 -2.69472e-07)
(-9.99999 1.51401e-05 -1.58781e-07)
(-9.99999 1.58727e-05 2.2591e-08)
(-9.99999 1.67227e-05 1.93452e-07)
(-9.99999 1.76273e-05 2.7118e-07)
(-9.99999 1.85859e-05 2.18626e-07)
(-9.99999 1.95299e-05 9.66243e-09)
(-9.99999 2.04908e-05 -3.58809e-07)
(-9.99999 2.14198e-05 -8.54395e-07)
(-9.99999 2.23071e-05 -1.36617e-06)
(-9.99999 2.29696e-05 -2.07441e-06)
(-9.99999 2.35366e-05 -2.40096e-06)
(-9.99999 1.23486e-05 4.39534e-08)
(-9.99999 1.28885e-05 -4.74138e-08)
(-9.99999 1.34879e-05 -1.767e-07)
(-9.99999 1.41105e-05 -3.05409e-07)
(-9.99999 1.47438e-05 -3.71593e-07)
(-9.99999 1.54015e-05 -3.26073e-07)
(-9.99999 1.61289e-05 -1.88325e-07)
(-9.99999 1.69423e-05 -1.31774e-08)
(-9.99999 1.78423e-05 1.13372e-07)
(-9.99999 1.87719e-05 1.42676e-07)
(-9.99999 1.96968e-05 4.67133e-08)
(-9.99999 2.05797e-05 -1.75782e-07)
(-9.99999 2.14143e-05 -5.2458e-07)
(-9.99999 2.21968e-05 -1.03603e-06)
(-9.99999 2.29278e-05 -1.80049e-06)
(-9.99999 2.35376e-05 -2.21911e-06)
(-9.99999 2.38399e-05 -2.58433e-06)
(-9.99999 1.31595e-05 -7.54591e-08)
(-9.99999 1.37005e-05 -1.74552e-07)
(-9.99999 1.42732e-05 -2.85918e-07)
(-9.99999 1.48837e-05 -3.78819e-07)
(-9.99999 1.55147e-05 -3.90469e-07)
(-9.99999 1.62172e-05 -3.06572e-07)
(-9.99999 1.69935e-05 -1.55203e-07)
(-9.99999 1.78681e-05 -9.49962e-09)
(-9.99999 1.87805e-05 7.19121e-08)
(-9.99999 1.9697e-05 6.11873e-08)
(-9.99999 2.05545e-05 -4.17436e-08)
(-9.99999 2.13463e-05 -2.49568e-07)
(-9.99999 2.20505e-05 -5.84514e-07)
(-9.99999 2.26861e-05 -1.02295e-06)
(-9.99999 2.32355e-05 -1.43286e-06)
(-9.99999 2.36602e-05 -2.16326e-06)
(-9.99999 2.38397e-05 -2.49308e-06)
(-9.99999 1.37259e-05 -2.91364e-07)
(-9.99999 1.42507e-05 -3.52655e-07)
(-9.99999 1.48081e-05 -4.25881e-07)
(-9.99999 1.54012e-05 -4.68415e-07)
(-9.99999 1.60513e-05 -4.36919e-07)
(-9.99999 1.67854e-05 -3.31843e-07)
(-9.99999 1.76091e-05 -1.9791e-07)
(-9.99999 1.85007e-05 -9.6281e-08)
(-9.99999 1.94013e-05 -6.43743e-08)
(-9.99999 2.02609e-05 -1.00968e-07)
(-9.99999 2.1035e-05 -1.97682e-07)
(-9.99999 2.17094e-05 -3.54818e-07)
(-9.99999 2.22819e-05 -5.83799e-07)
(-9.99999 2.27502e-05 -9.25107e-07)
(-9.99999 2.31371e-05 -1.46713e-06)
(-9.99999 2.33352e-05 -1.66143e-06)
(-9.99999 2.33346e-05 -1.89026e-06)
(-9.99999 1.39941e-05 -3.97646e-07)
(-9.99999 1.45e-05 -4.38975e-07)
(-9.99999 1.50396e-05 -4.7324e-07)
(-9.99999 1.56282e-05 -4.6946e-07)
(-9.99999 1.62961e-05 -4.11234e-07)
(-9.99999 1.70559e-05 -3.08188e-07)
(-9.99999 1.78982e-05 -2.12293e-07)
(-9.99999 1.87747e-05 -1.62176e-07)
(-9.99999 1.96286e-05 -1.734e-07)
(-9.99999 2.04075e-05 -2.21722e-07)
(-9.99999 2.10763e-05 -2.89185e-07)
(-9.99999 2.16276e-05 -3.88213e-07)
(-9.99999 2.20539e-05 -5.63254e-07)
(-9.99999 2.2379e-05 -7.85074e-07)
(-9.99999 2.25449e-05 -9.40361e-07)
(-9.99999 2.26283e-05 -1.38461e-06)
(-9.99999 2.24309e-05 -1.55937e-06)
(-9.99999 1.39229e-05 -5.32293e-07)
(-9.99999 1.44043e-05 -5.35248e-07)
(-9.99999 1.49221e-05 -5.30092e-07)
(-9.99999 1.55066e-05 -5.01248e-07)
(-9.99999 1.61832e-05 -4.40484e-07)
(-9.99999 1.69494e-05 -3.72324e-07)
(-9.99999 1.77762e-05 -3.31339e-07)
(-9.99999 1.86036e-05 -3.42992e-07)
(-9.99999 1.93798e-05 -3.91346e-07)
(-9.99999 2.00548e-05 -4.4625e-07)
(-9.99999 2.06083e-05 -4.84109e-07)
(-9.99999 2.1029e-05 -5.20652e-07)
(-9.99999 2.13201e-05 -5.70759e-07)
(-9.99999 2.14902e-05 -6.85071e-07)
(-9.99999 2.15572e-05 -9.52508e-07)
(-9.99999 2.1432e-05 -9.17338e-07)
(-9.99999 2.11634e-05 -9.72135e-07)
(-9.99999 1.3548e-05 -5.49127e-07)
(-9.99999 1.39792e-05 -5.36127e-07)
(-9.99999 1.44652e-05 -5.05997e-07)
(-9.99999 1.50373e-05 -4.68874e-07)
(-9.99999 1.57055e-05 -4.32118e-07)
(-9.99999 1.64516e-05 -4.15184e-07)
(-9.99999 1.72265e-05 -4.4007e-07)
(-9.99999 1.79736e-05 -5.055e-07)
(-9.99999 1.86421e-05 -5.83814e-07)
(-9.99999 1.91978e-05 -6.34101e-07)
(-9.99999 1.96268e-05 -6.37353e-07)
(-9.99999 1.99212e-05 -6.13314e-07)
(-9.99999 2.01007e-05 -6.09259e-07)
(-9.99999 2.01586e-05 -6.26933e-07)
(-9.99999 2.0102e-05 -5.63538e-07)
(-9.99999 1.99564e-05 -7.562e-07)
(-10 1.96279e-05 -7.68577e-07)
(-9.99999 1.28193e-05 -6.32813e-07)
(-9.99999 1.3197e-05 -5.76041e-07)
(-9.99999 1.36526e-05 -5.25575e-07)
(-9.99999 1.4202e-05 -5.01417e-07)
(-9.99999 1.48443e-05 -5.1144e-07)
(-9.99999 1.55402e-05 -5.61922e-07)
(-9.99999 1.6238e-05 -6.5519e-07)
(-9.99999 1.68818e-05 -7.68802e-07)
(-9.99999 1.74342e-05 -8.67615e-07)
(-9.99999 1.78713e-05 -9.09563e-07)
(-9.99999 1.81871e-05 -8.81811e-07)
(-9.99999 1.83816e-05 -8.01321e-07)
(-9.99999 1.84672e-05 -7.06101e-07)
(-9.99999 1.84543e-05 -6.47426e-07)
(-9.99999 1.83897e-05 -7.09768e-07)
(-9.99999 1.81494e-05 -5.17002e-07)
(-10 1.78737e-05 -4.48914e-07)
(-9.99999 1.1736e-05 -6.23034e-07)
(-9.99999 1.20848e-05 -5.46816e-07)
(-9.99999 1.25049e-05 -4.94542e-07)
(-9.99999 1.30264e-05 -5.03714e-07)
(-9.99999 1.36125e-05 -5.71346e-07)
(-9.99999 1.42394e-05 -6.94126e-07)
(-9.99999 1.48341e-05 -8.45435e-07)
(-9.99999 1.53726e-05 -9.98711e-07)
(-9.99999 1.58074e-05 -1.10773e-06)
(-9.99999 1.61457e-05 -1.14114e-06)
(-9.99999 1.63664e-05 -1.07937e-06)
(-9.99999 1.64964e-05 -9.6065e-07)
(-9.99999 1.65296e-05 -8.40356e-07)
(-9.99999 1.65095e-05 -7.30193e-07)
(-9.99999 1.63742e-05 -5.45981e-07)
(-9.99999 1.6268e-05 -5.63408e-07)
(-10 1.59785e-05 -4.97478e-07)
(-9.99999 1.03904e-05 -6.62362e-07)
(-9.99999 1.06974e-05 -5.60755e-07)
(-9.99999 1.10738e-05 -5.26239e-07)
(-9.99999 1.15426e-05 -5.7731e-07)
(-9.99999 1.20506e-05 -7.15227e-07)
(-9.99999 1.25842e-05 -9.01549e-07)
(-9.99999 1.30689e-05 -1.10885e-06)
(-9.99999 1.35009e-05 -1.28937e-06)
(-9.99999 1.38336e-05 -1.41128e-06)
(-9.99999 1.40893e-05 -1.43225e-06)
(-9.99999 1.42457e-05 -1.35299e-06)
(-9.99999 1.43363e-05 -1.20096e-06)
(-9.99999 1.43496e-05 -1.02434e-06)
(-9.99999 1.43138e-05 -8.73822e-07)
(-9.99999 1.4261e-05 -8.22393e-07)
(-9.99999 1.4076e-05 -6.08877e-07)
(-10 1.38926e-05 -4.89518e-07)
(-9.99999 8.81316e-06 -6.3573e-07)
(-9.99999 9.08586e-06 -5.4734e-07)
(-9.99999 9.38437e-06 -5.34389e-07)
(-9.99999 9.791e-06 -6.36959e-07)
(-9.99999 1.01796e-05 -8.29936e-07)
(-9.99999 1.06226e-05 -1.07334e-06)
(-9.99999 1.09746e-05 -1.31597e-06)
(-9.99999 1.13236e-05 -1.52004e-06)
(-9.99999 1.15494e-05 -1.6432e-06)
(-9.99999 1.17584e-05 -1.65822e-06)
(-9.99999 1.18568e-05 -1.55905e-06)
(-9.99999 1.1954e-05 -1.38984e-06)
(-9.99999 1.19624e-05 -1.21279e-06)
(-9.99999 1.19719e-05 -1.06046e-06)
(-9.99999 1.18626e-05 -8.83145e-07)
(-9.99999 1.17951e-05 -8.42447e-07)
(-10 1.15882e-05 -7.63896e-07)
(-9.99999 7.12706e-06 -7.0227e-07)
(-9.99999 7.23806e-06 -5.9532e-07)
(-9.99999 7.53043e-06 -6.07473e-07)
(-9.99999 7.75963e-06 -7.46328e-07)
(-9.99999 8.12091e-06 -9.86537e-07)
(-9.99999 8.36725e-06 -1.26405e-06)
(-9.99999 8.69364e-06 -1.53358e-06)
(-9.99999 8.87376e-06 -1.74499e-06)
(-9.99999 9.10455e-06 -1.86861e-06)
(-9.99999 9.20269e-06 -1.87113e-06)
(-9.99999 9.36039e-06 -1.76442e-06)
(-9.99999 9.42319e-06 -1.58651e-06)
(-9.99999 9.51222e-06 -1.39735e-06)
(-9.99999 9.52263e-06 -1.26174e-06)
(-9.99999 9.46882e-06 -1.21781e-06)
(-9.99999 9.22178e-06 -1.08152e-06)
(-10 9.03688e-06 -9.57356e-07)
(-9.99999 5.23462e-06 -6.83548e-07)
(-9.99999 5.27502e-06 -6.13e-07)
(-9.99999 5.42104e-06 -6.4774e-07)
(-9.99999 5.58624e-06 -8.16002e-07)
(-9.99999 5.79287e-06 -1.07586e-06)
(-9.99999 5.96449e-06 -1.36829e-06)
(-9.99999 6.15555e-06 -1.64078e-06)
(-9.99999 6.28571e-06 -1.84909e-06)
(-9.99999 6.43437e-06 -1.95995e-06)
(-9.99999 6.53569e-06 -1.95314e-06)
(-9.99999 6.69253e-06 -1.84219e-06)
(-9.99999 6.80231e-06 -1.66839e-06)
(-9.99999 6.98201e-06 -1.51901e-06)
(-9.99999 6.99136e-06 -1.42704e-06)
(-9.99999 6.82091e-06 -1.33838e-06)
(-10 6.53412e-06 -1.29229e-06)
(-10 6.24584e-06 -1.22271e-06)
(-9.99999 3.00089e-06 -7.28397e-07)
(-9.99999 3.09159e-06 -6.70997e-07)
(-9.99999 3.13045e-06 -6.68321e-07)
(-9.99999 3.22949e-06 -8.98361e-07)
(-9.99999 3.2601e-06 -1.10149e-06)
(-9.99999 3.3466e-06 -1.44208e-06)
(-9.99999 3.37141e-06 -1.64471e-06)
(-9.99999 3.4498e-06 -1.89092e-06)
(-9.99999 3.48449e-06 -1.93339e-06)
(-9.99999 3.58886e-06 -1.97132e-06)
(-9.99999 3.67741e-06 -1.8157e-06)
(-9.99999 3.83553e-06 -1.71218e-06)
(-9.99999 3.93212e-06 -1.54854e-06)
(-9.99999 3.87802e-06 -1.49008e-06)
(-9.99999 3.65205e-06 -1.47232e-06)
(-10 3.31875e-06 -1.4068e-06)
(-10 3.16331e-06 -1.31364e-06)
(-9.99999 8.48183e-07 -7.51933e-07)
(-9.99999 9.01934e-07 -6.31006e-07)
(-9.99999 9.68827e-07 -7.27336e-07)
(-9.99999 9.40111e-07 -8.47645e-07)
(-9.99999 9.69292e-07 -1.12958e-06)
(-9.99999 9.24858e-07 -1.34111e-06)
(-9.99999 9.48581e-07 -1.61563e-06)
(-9.99999 9.14494e-07 -1.74038e-06)
(-9.99999 9.50009e-07 -1.8612e-06)
(-9.99999 9.48972e-07 -1.80821e-06)
(-9.99999 1.00729e-06 -1.75214e-06)
(-9.99999 1.0568e-06 -1.60582e-06)
(-9.99999 1.0742e-06 -1.5211e-06)
(-9.99999 1.04532e-06 -1.48059e-06)
(-9.99999 8.69083e-07 -1.4529e-06)
(-10 8.00571e-07 -1.38499e-06)
(-10 7.82827e-07 -1.31609e-06)
(-10 4.2216e-06 5.13028e-07)
(-10 4.80398e-06 5.13302e-07)
(-10 5.29844e-06 4.94188e-07)
(-10 5.78904e-06 4.91925e-07)
(-10 6.18489e-06 4.69641e-07)
(-10 6.57133e-06 4.48479e-07)
(-10 6.91425e-06 3.96388e-07)
(-10 7.25081e-06 3.37015e-07)
(-10 7.59375e-06 2.76419e-07)
(-10 7.90621e-06 2.39432e-07)
(-10 8.26257e-06 2.77941e-07)
(-10 8.54077e-06 3.84605e-07)
(-10 8.87267e-06 6.25022e-07)
(-10 9.07325e-06 9.96957e-07)
(-10 9.40055e-06 1.29828e-06)
(-10 9.54569e-06 1.61823e-06)
(-10 4.67821e-06 5.17735e-07)
(-10 5.17716e-06 5.17918e-07)
(-10 5.76031e-06 5.2504e-07)
(-10 6.26136e-06 5.41766e-07)
(-10 6.75385e-06 5.50236e-07)
(-10 7.17803e-06 5.4118e-07)
(-10 7.59684e-06 5.03491e-07)
(-10 7.98668e-06 4.46105e-07)
(-10 8.36175e-06 3.87404e-07)
(-10 8.75664e-06 3.49422e-07)
(-10 9.1272e-06 3.65802e-07)
(-10 9.56323e-06 4.45629e-07)
(-10 9.94391e-06 6.19335e-07)
(-10 1.03762e-05 8.90439e-07)
(-10 1.06931e-05 1.17667e-06)
(-10 1.12506e-05 1.41828e-06)
(-10 5.38915e-06 4.85147e-07)
(-10 5.87251e-06 4.82742e-07)
(-10 6.39295e-06 5.0769e-07)
(-10 6.89942e-06 5.44172e-07)
(-10 7.39784e-06 5.68903e-07)
(-10 7.87375e-06 5.64957e-07)
(-10 8.33093e-06 5.29026e-07)
(-10 8.76412e-06 4.75354e-07)
(-10 9.17304e-06 4.23719e-07)
(-10 9.58137e-06 3.98481e-07)
(-10 9.99136e-06 4.13986e-07)
(-10 1.04439e-05 4.76549e-07)
(-10 1.09028e-05 6.02565e-07)
(-10 1.13987e-05 8.07737e-07)
(-10 1.18859e-05 1.0339e-06)
(-10 1.25281e-05 1.23844e-06)
(-10 6.09906e-06 3.72164e-07)
(-10 6.54924e-06 3.96803e-07)
(-10 7.03223e-06 4.40892e-07)
(-10 7.53362e-06 4.90121e-07)
(-10 8.04417e-06 5.15115e-07)
(-10 8.55031e-06 5.04205e-07)
(-10 9.03594e-06 4.62191e-07)
(-10 9.49337e-06 4.12793e-07)
(-10 9.92146e-06 3.78649e-07)
(-10 1.03435e-05 3.78607e-07)
(-10 1.07807e-05 4.09726e-07)
(-10 1.12617e-05 4.71705e-07)
(-10 1.17784e-05 5.70048e-07)
(-10 1.23424e-05 7.18241e-07)
(-10 1.29356e-05 8.95915e-07)
(-10 1.36578e-05 1.0456e-06)
(-10 6.79078e-06 3.19917e-07)
(-10 7.2102e-06 3.383e-07)
(-10 7.67814e-06 3.88966e-07)
(-10 8.18189e-06 4.33738e-07)
(-10 8.71062e-06 4.48266e-07)
(-10 9.23671e-06 4.20771e-07)
(-10 9.74351e-06 3.75117e-07)
(-10 1.0216e-05 3.35603e-07)
(-10 1.06653e-05 3.33731e-07)
(-10 1.11144e-05 3.67722e-07)
(-10 1.1599e-05 4.26706e-07)
(-10 1.21336e-05 4.91359e-07)
(-10 1.27315e-05 5.71674e-07)
(-10 1.33743e-05 6.88732e-07)
(-10 1.40923e-05 8.23955e-07)
(-10 1.48738e-05 9.37648e-07)
(-10 7.45493e-06 2.26662e-07)
(-10 7.86015e-06 2.66052e-07)
(-10 8.3326e-06 3.16142e-07)
(-10 8.85008e-06 3.45735e-07)
(-10 9.40231e-06 3.37065e-07)
(-10 9.94557e-06 2.92675e-07)
(-10 1.04724e-05 2.44845e-07)
(-10 1.09634e-05 2.26512e-07)
(-10 1.14498e-05 2.60318e-07)
(-10 1.19521e-05 3.29662e-07)
(-10 1.25152e-05 4.08585e-07)
(-10 1.31427e-05 4.71741e-07)
(-10 1.38583e-05 5.34596e-07)
(-10 1.46215e-05 6.04202e-07)
(-10 1.54435e-05 7.13538e-07)
(-10 1.62792e-05 8.00495e-07)
(-10 8.10515e-06 2.26838e-07)
(-10 8.52594e-06 2.51149e-07)
(-10 9.00876e-06 2.75444e-07)
(-10 9.55988e-06 2.80574e-07)
(-10 1.01287e-05 2.41179e-07)
(-10 1.07012e-05 1.87582e-07)
(-10 1.12417e-05 1.43743e-07)
(-10 1.17734e-05 1.58452e-07)
(-10 1.23073e-05 2.23661e-07)
(-10 1.28971e-05 3.22839e-07)
(-10 1.35529e-05 4.03764e-07)
(-10 1.43151e-05 4.5407e-07)
(-10 1.51445e-05 4.66335e-07)
(-10 1.60513e-05 5.00674e-07)
(-10 1.69618e-05 5.94668e-07)
(-10 1.78698e-05 6.38872e-07)
(-10 8.80059e-06 1.95136e-07)
(-10 9.2403e-06 2.1652e-07)
(-10 9.7467e-06 2.19595e-07)
(-10 1.03299e-05 1.88858e-07)
(-10 1.09215e-05 1.27084e-07)
(-10 1.15205e-05 6.40487e-08)
(-10 1.20868e-05 3.94816e-08)
(-10 1.26672e-05 8.09358e-08)
(-10 1.32665e-05 1.734e-07)
(-10 1.39465e-05 2.77818e-07)
(-10 1.47021e-05 3.43953e-07)
(-10 1.55666e-05 3.47866e-07)
(-10 1.64931e-05 2.99295e-07)
(-10 1.74932e-05 2.66575e-07)
(-10 1.83812e-05 2.20617e-07)
(-10 1.9145e-05 3.26658e-07)
(-9.99999 9.58525e-06 2.41815e-07)
(-9.99999 1.00246e-05 2.19924e-07)
(-9.99999 1.05782e-05 1.91333e-07)
(-9.99999 1.11717e-05 1.26462e-07)
(-9.99999 1.18064e-05 5.10991e-08)
(-10 1.24139e-05 -9.39458e-09)
(-10 1.30348e-05 -5.96515e-09)
(-10 1.3654e-05 5.99828e-08)
(-10 1.43428e-05 1.70199e-07)
(-10 1.5086e-05 2.6439e-07)
(-10 1.59329e-05 3.01145e-07)
(-10 1.68304e-05 2.45964e-07)
(-10 1.78133e-05 1.16187e-07)
(-10 1.8728e-05 -5.66647e-08)
(-10 1.95783e-05 -4.31604e-08)
(-10 2.03332e-05 -1.15966e-07)
(-9.99999 1.04243e-05 1.7803e-07)
(-9.99999 1.09034e-05 1.70255e-07)
(-9.99999 1.14837e-05 1.23829e-07)
(-9.99999 1.21034e-05 4.10046e-08)
(-9.99999 1.27569e-05 -4.12773e-08)
(-9.99999 1.33947e-05 -8.53119e-08)
(-9.99999 1.40566e-05 -5.72033e-08)
(-10 1.47387e-05 2.86989e-08)
(-10 1.54945e-05 1.38708e-07)
(-10 1.63058e-05 2.11318e-07)
(-10 1.71926e-05 2.06561e-07)
(-10 1.81072e-05 9.42447e-08)
(-10 1.90483e-05 -1.11125e-07)
(-10 1.99521e-05 -3.37516e-07)
(-10 2.07438e-05 -6.49301e-07)
(-10 2.1125e-05 -7.74265e-07)
(-9.99999 1.13061e-05 1.78939e-07)
(-9.99999 1.18437e-05 1.45219e-07)
(-9.99999 1.24285e-05 7.93194e-08)
(-9.99999 1.30832e-05 -1.06667e-08)
(-9.99999 1.37341e-05 -8.60447e-08)
(-9.99999 1.442e-05 -1.04061e-07)
(-9.99999 1.51101e-05 -5.23955e-08)
(-9.99999 1.58706e-05 4.65469e-08)
(-9.99999 1.66705e-05 1.45794e-07)
(-9.99999 1.75481e-05 1.93121e-07)
(-9.99999 1.8436e-05 1.53e-07)
(-9.99999 1.93613e-05 2.19904e-09)
(-9.99999 2.02538e-05 -2.66654e-07)
(-9.99999 2.10859e-05 -6.69185e-07)
(-10 2.16652e-05 -1.13314e-06)
(-10 2.22885e-05 -1.51511e-06)
(-9.99999 2.26604e-05 -1.89414e-06)
(-9.99999 1.22009e-05 5.87619e-08)
(-9.99999 1.27509e-05 5.33319e-08)
(-9.99999 1.33551e-05 -1.08059e-08)
(-9.99999 1.40058e-05 -9.241e-08)
(-9.99999 1.46772e-05 -1.52026e-07)
(-9.99999 1.5382e-05 -1.43097e-07)
(-9.99999 1.61251e-05 -7.8664e-08)
(-9.99999 1.69286e-05 2.02049e-08)
(-9.99999 1.77816e-05 9.39207e-08)
(-9.99999 1.86732e-05 1.13875e-07)
(-9.99999 1.95691e-05 4.68361e-08)
(-9.99999 2.04547e-05 -1.13917e-07)
(-9.99999 2.12994e-05 -4.0748e-07)
(-9.99999 2.21128e-05 -8.35964e-07)
(-9.99999 2.29106e-05 -1.28337e-06)
(-9.99999 2.34146e-05 -1.76827e-06)
(-9.99999 2.37147e-05 -2.13905e-06)
(-9.99999 1.29988e-05 2.30133e-08)
(-9.99999 1.35455e-05 -5.55396e-09)
(-9.99999 1.4155e-05 -6.43582e-08)
(-9.99999 1.47951e-05 -1.32889e-07)
(-9.99999 1.54817e-05 -1.64107e-07)
(-9.99999 1.62032e-05 -1.3669e-07)
(-9.99999 1.69883e-05 -6.27353e-08)
(-9.99999 1.78188e-05 1.96315e-08)
(-9.99999 1.86955e-05 7.02668e-08)
(-9.99999 1.95717e-05 6.69292e-08)
(-9.99999 2.04396e-05 -4.61981e-09)
(-9.99999 2.12592e-05 -1.60786e-07)
(-9.99999 2.20407e-05 -4.0507e-07)
(-9.99999 2.27822e-05 -7.5519e-07)
(-9.99999 2.34798e-05 -1.26204e-06)
(-9.99999 2.40603e-05 -1.66123e-06)
(-9.99999 2.43271e-05 -1.77477e-06)
(-9.99999 1.35616e-05 -1.42656e-07)
(-9.99999 1.41174e-05 -1.27698e-07)
(-9.99999 1.47132e-05 -1.60884e-07)
(-9.99999 1.53509e-05 -2.03951e-07)
(-9.99999 1.60354e-05 -2.13386e-07)
(-9.99999 1.6777e-05 -1.76795e-07)
(-9.99999 1.75753e-05 -1.12803e-07)
(-9.99999 1.84186e-05 -5.71588e-08)
(-9.99999 1.92753e-05 -3.51808e-08)
(-9.99999 2.01151e-05 -5.59542e-08)
(-9.99999 2.09093e-05 -1.23247e-07)
(-9.99999 2.16446e-05 -2.42239e-07)
(-9.99999 2.23112e-05 -4.42659e-07)
(-9.99999 2.29191e-05 -7.28223e-07)
(-9.99999 2.34609e-05 -9.73771e-07)
(-9.99999 2.38851e-05 -1.23405e-06)
(-9.99999 2.39558e-05 -1.47036e-06)
(-9.99999 1.3866e-05 -1.78687e-07)
(-9.99999 1.44031e-05 -1.76269e-07)
(-9.99999 1.49804e-05 -1.9456e-07)
(-9.99999 1.56043e-05 -2.165e-07)
(-9.99999 1.62848e-05 -2.1181e-07)
(-9.99999 1.70268e-05 -1.78953e-07)
(-9.99999 1.78213e-05 -1.36418e-07)
(-9.99999 1.8642e-05 -1.12903e-07)
(-9.99999 1.94535e-05 -1.16716e-07)
(-9.99999 2.02218e-05 -1.4732e-07)
(-9.99999 2.09218e-05 -1.98463e-07)
(-9.99999 2.15381e-05 -2.85237e-07)
(-9.99999 2.20747e-05 -4.11418e-07)
(-9.99999 2.25256e-05 -5.77072e-07)
(-9.99999 2.28986e-05 -8.64448e-07)
(-9.99999 2.30547e-05 -1.05751e-06)
(-9.99999 2.30005e-05 -1.07166e-06)
(-9.99999 1.38369e-05 -3.16349e-07)
(-9.99999 1.43469e-05 -2.69266e-07)
(-9.99999 1.48966e-05 -2.62368e-07)
(-9.99999 1.5498e-05 -2.68918e-07)
(-9.99999 1.61623e-05 -2.66814e-07)
(-9.99999 1.68857e-05 -2.54096e-07)
(-9.99999 1.76493e-05 -2.48466e-07)
(-9.99999 1.84178e-05 -2.62144e-07)
(-9.99999 1.91552e-05 -2.94486e-07)
(-9.99999 1.98273e-05 -3.32892e-07)
(-9.99999 2.04126e-05 -3.68757e-07)
(-9.99999 2.09018e-05 -4.10194e-07)
(-9.99999 2.12969e-05 -4.79343e-07)
(-9.99999 2.15818e-05 -5.97983e-07)
(-9.99999 2.17701e-05 -6.43491e-07)
(-9.99999 2.18349e-05 -7.32524e-07)
(-10 2.16301e-05 -8.43203e-07)
(-9.99999 1.34865e-05 -3.10072e-07)
(-9.99999 1.39483e-05 -2.78069e-07)
(-9.99999 1.44572e-05 -2.6315e-07)
(-9.99999 1.50258e-05 -2.68078e-07)
(-9.99999 1.56586e-05 -2.80467e-07)
(-9.99999 1.63425e-05 -3.00148e-07)
(-9.99999 1.70485e-05 -3.34968e-07)
(-9.99999 1.77389e-05 -3.85138e-07)
(-9.99999 1.83779e-05 -4.40162e-07)
(-9.99999 1.89367e-05 -4.80228e-07)
(-9.99999 1.93981e-05 -4.97652e-07)
(-9.99999 1.97589e-05 -5.04419e-07)
(-9.99999 2.00114e-05 -5.13222e-07)
(-9.99999 2.01889e-05 -5.31178e-07)
(-9.99999 2.0256e-05 -6.35175e-07)
(-9.99999 2.01497e-05 -6.85026e-07)
(-10 1.99084e-05 -6.03158e-07)
(-9.99999 1.27693e-05 -4.24416e-07)
(-9.99999 1.31823e-05 -3.46261e-07)
(-9.99999 1.3645e-05 -3.1595e-07)
(-9.99999 1.41742e-05 -3.28481e-07)
(-9.99999 1.47587e-05 -3.69951e-07)
(-9.99999 1.53853e-05 -4.32406e-07)
(-9.99999 1.60116e-05 -5.11461e-07)
(-9.99999 1.66087e-05 -5.96566e-07)
(-9.99999 1.71371e-05 -6.69415e-07)
(-9.99999 1.75826e-05 -7.09465e-07)
(-9.99999 1.7927e-05 -7.08897e-07)
(-9.99999 1.81748e-05 -6.75852e-07)
(-9.99999 1.83283e-05 -6.43968e-07)
(-9.99999 1.83934e-05 -6.28338e-07)
(-9.99999 1.83654e-05 -5.60262e-07)
(-9.99999 1.83123e-05 -5.16227e-07)
(-10 1.80292e-05 -5.33759e-07)
(-9.99999 1.17206e-05 -4.03217e-07)
(-9.99999 1.20818e-05 -3.36875e-07)
(-9.99999 1.24949e-05 -3.13453e-07)
(-9.99999 1.29738e-05 -3.45694e-07)
(-9.99999 1.3496e-05 -4.24741e-07)
(-9.99999 1.4048e-05 -5.30662e-07)
(-9.99999 1.4582e-05 -6.50923e-07)
(-9.99999 1.50784e-05 -7.63208e-07)
(-9.99999 1.5499e-05 -8.49036e-07)
(-9.99999 1.58422e-05 -8.84723e-07)
(-9.99999 1.60904e-05 -8.67424e-07)
(-9.99999 1.62563e-05 -8.10223e-07)
(-9.99999 1.63402e-05 -7.36411e-07)
(-9.99999 1.63648e-05 -6.5941e-07)
(-9.99999 1.63414e-05 -6.46013e-07)
(-9.99999 1.6154e-05 -6.08165e-07)
(-10 1.59507e-05 -4.82349e-07)
(-9.99999 1.03833e-05 -4.78426e-07)
(-9.99999 1.06794e-05 -3.89546e-07)
(-9.99999 1.10482e-05 -3.68706e-07)
(-9.99999 1.14515e-05 -4.32583e-07)
(-9.99999 1.19093e-05 -5.49784e-07)
(-9.99999 1.23611e-05 -7.03459e-07)
(-9.99999 1.28095e-05 -8.56974e-07)
(-9.99999 1.3195e-05 -9.96302e-07)
(-9.99999 1.3531e-05 -1.08848e-06)
(-9.99999 1.3779e-05 -1.12475e-06)
(-9.99999 1.39667e-05 -1.09132e-06)
(-9.99999 1.40735e-05 -1.01182e-06)
(-9.99999 1.41266e-05 -9.13739e-07)
(-9.99999 1.41096e-05 -8.31853e-07)
(-9.99999 1.40277e-05 -7.11999e-07)
(-9.99999 1.39588e-05 -6.27642e-07)
(-10 1.37391e-05 -5.89145e-07)
(-9.99999 8.77021e-06 -4.62712e-07)
(-9.99999 9.0672e-06 -3.88816e-07)
(-9.99999 9.3161e-06 -3.88235e-07)
(-9.99999 9.69885e-06 -4.81323e-07)
(-9.99999 1.00104e-05 -6.35769e-07)
(-9.99999 1.04249e-05 -8.24677e-07)
(-9.99999 1.07193e-05 -1.00549e-06)
(-9.99999 1.10686e-05 -1.16094e-06)
(-9.99999 1.12708e-05 -1.25817e-06)
(-9.99999 1.15049e-05 -1.29031e-06)
(-9.99999 1.16026e-05 -1.24536e-06)
(-9.99999 1.17229e-05 -1.15742e-06)
(-9.99999 1.1728e-05 -1.04365e-06)
(-9.99999 1.17314e-05 -9.48206e-07)
(-9.99999 1.16478e-05 -8.99211e-07)
(-9.99999 1.14464e-05 -8.52546e-07)
(-10 1.12923e-05 -7.29706e-07)
(-9.99999 7.10868e-06 -5.43884e-07)
(-9.99999 7.19863e-06 -4.53769e-07)
(-9.99999 7.44969e-06 -4.74025e-07)
(-9.99999 7.652e-06 -5.82641e-07)
(-9.99999 7.96711e-06 -7.73665e-07)
(-9.99999 8.19548e-06 -9.78148e-07)
(-9.99999 8.49355e-06 -1.18606e-06)
(-9.99999 8.67794e-06 -1.34049e-06)
(-9.99999 8.90388e-06 -1.44743e-06)
(-9.99999 9.0218e-06 -1.46367e-06)
(-9.99999 9.17663e-06 -1.42119e-06)
(-9.99999 9.24824e-06 -1.31441e-06)
(-9.99999 9.31263e-06 -1.22045e-06)
(-9.99999 9.2861e-06 -1.14333e-06)
(-9.99999 9.15391e-06 -1.05756e-06)
(-9.99999 8.99402e-06 -9.97856e-07)
(-10 8.76221e-06 -9.35083e-07)
(-9.99999 5.16577e-06 -4.89241e-07)
(-9.99999 5.16757e-06 -5.02924e-07)
(-9.99999 5.3929e-06 -4.68051e-07)
(-9.99999 5.45707e-06 -6.75686e-07)
(-9.99999 5.74407e-06 -7.95447e-07)
(-9.99999 5.82165e-06 -1.09509e-06)
(-9.99999 6.10468e-06 -1.22066e-06)
(-9.99999 6.15797e-06 -1.45824e-06)
(-9.99999 6.40289e-06 -1.47527e-06)
(-9.99999 6.43605e-06 -1.56364e-06)
(-9.99999 6.66351e-06 -1.43999e-06)
(-9.99999 6.69565e-06 -1.41435e-06)
(-9.99999 6.87623e-06 -1.27544e-06)
(-9.99999 6.85292e-06 -1.24456e-06)
(-9.99999 6.65647e-06 -1.22699e-06)
(-10 6.28418e-06 -1.19847e-06)
(-10 6.00943e-06 -1.10714e-06)
(-9.99999 2.94209e-06 -6.84659e-07)
(-9.99999 3.08129e-06 -4.9471e-07)
(-9.99999 3.03963e-06 -6.18603e-07)
(-9.99999 3.21188e-06 -6.60723e-07)
(-9.99999 3.18155e-06 -9.55175e-07)
(-9.99999 3.35775e-06 -1.07963e-06)
(-9.99999 3.33148e-06 -1.37341e-06)
(-9.99999 3.49961e-06 -1.43561e-06)
(-9.99999 3.48364e-06 -1.608e-06)
(-9.99999 3.65583e-06 -1.53815e-06)
(-9.99999 3.67794e-06 -1.56549e-06)
(-9.99999 3.85021e-06 -1.42832e-06)
(-9.99999 3.90966e-06 -1.40503e-06)
(-9.99999 3.79552e-06 -1.39221e-06)
(-9.99999 3.51791e-06 -1.38346e-06)
(-10 3.26857e-06 -1.31748e-06)
(-10 3.09665e-06 -1.23311e-06)
(-9.99999 9.09073e-07 -5.66816e-07)
(-9.99999 9.8335e-07 -5.55637e-07)
(-9.99999 8.94579e-07 -5.9391e-07)
(-9.99999 1.00003e-06 -7.45717e-07)
(-9.99999 8.9949e-07 -9.22808e-07)
(-9.99999 1.00821e-06 -1.14261e-06)
(-9.99999 9.07494e-07 -1.31823e-06)
(-9.99999 1.02021e-06 -1.47032e-06)
(-9.99999 9.34053e-07 -1.53983e-06)
(-9.99999 1.05677e-06 -1.5603e-06)
(-9.99999 9.94683e-07 -1.52285e-06)
(-9.99999 1.12541e-06 -1.46817e-06)
(-9.99999 1.07476e-06 -1.4663e-06)
(-9.99999 9.85904e-07 -1.48442e-06)
(-9.99999 9.23961e-07 -1.45425e-06)
(-10 7.52513e-07 -1.40658e-06)
(-10 7.49905e-07 -1.28824e-06)
(-10 4.4198e-06 2.06823e-07)
(-10 4.90776e-06 1.35153e-07)
(-10 5.44536e-06 1.63206e-07)
(-10 5.90618e-06 1.32976e-07)
(-10 6.34462e-06 1.5048e-07)
(-10 6.7214e-06 1.23076e-07)
(-10 7.08209e-06 1.15562e-07)
(-10 7.42193e-06 9.38004e-08)
(-10 7.74269e-06 6.41559e-08)
(-10 8.07439e-06 7.7595e-08)
(-10 8.36113e-06 6.1675e-08)
(-10 8.67157e-06 1.51205e-07)
(-10 8.89779e-06 1.9789e-07)
(-10 9.21106e-06 4.23581e-07)
(-10 9.32321e-06 4.00923e-07)
(-10 9.65411e-06 6.43932e-07)
(-10 4.63614e-06 1.81791e-07)
(-10 5.21412e-06 1.6556e-07)
(-10 5.76959e-06 1.73382e-07)
(-10 6.3182e-06 1.72198e-07)
(-10 6.79703e-06 1.78273e-07)
(-10 7.25114e-06 1.70853e-07)
(-10 7.6635e-06 1.58522e-07)
(-10 8.05808e-06 1.40526e-07)
(-10 8.44762e-06 1.17743e-07)
(-10 8.81767e-06 1.13957e-07)
(-10 9.21477e-06 1.13966e-07)
(-10 9.57535e-06 1.60638e-07)
(-10 9.96203e-06 2.17889e-07)
(-10 1.02256e-05 3.51505e-07)
(-10 1.06651e-05 4.23856e-07)
(-10 1.10331e-05 5.34271e-07)
(-10 5.33363e-06 1.73167e-07)
(-10 5.84265e-06 1.6472e-07)
(-10 6.36729e-06 1.7063e-07)
(-10 6.89101e-06 1.78442e-07)
(-10 7.38949e-06 1.8503e-07)
(-10 7.86866e-06 1.8156e-07)
(-10 8.32306e-06 1.68895e-07)
(-10 8.75773e-06 1.50917e-07)
(-10 9.1794e-06 1.32847e-07)
(-10 9.59219e-06 1.26418e-07)
(-10 1.00166e-05 1.31732e-07)
(-10 1.04437e-05 1.60908e-07)
(-10 1.08851e-05 2.12391e-07)
(-10 1.12947e-05 3.03084e-07)
(-10 1.17879e-05 3.78525e-07)
(-10 1.23587e-05 4.69933e-07)
(-10 6.04092e-06 1.37375e-07)
(-10 6.49967e-06 1.41668e-07)
(-10 6.99159e-06 1.5286e-07)
(-10 7.49532e-06 1.65474e-07)
(-10 8.00302e-06 1.7159e-07)
(-10 8.49958e-06 1.66786e-07)
(-10 8.98314e-06 1.52221e-07)
(-10 9.44362e-06 1.35415e-07)
(-10 9.89241e-06 1.22834e-07)
(-10 1.03335e-05 1.22611e-07)
(-10 1.07915e-05 1.34182e-07)
(-10 1.12689e-05 1.60521e-07)
(-10 1.17708e-05 2.03733e-07)
(-10 1.22851e-05 2.68299e-07)
(-10 1.287e-05 3.45508e-07)
(-10 1.35381e-05 3.98785e-07)
(-10 6.7329e-06 1.26651e-07)
(-10 7.16216e-06 1.25063e-07)
(-10 7.63197e-06 1.38121e-07)
(-10 8.13036e-06 1.478e-07)
(-10 8.64604e-06 1.52108e-07)
(-10 9.16078e-06 1.40975e-07)
(-10 9.66462e-06 1.26656e-07)
(-10 1.01493e-05 1.11111e-07)
(-10 1.06241e-05 1.09605e-07)
(-10 1.11017e-05 1.1839e-07)
(-10 1.16057e-05 1.40425e-07)
(-10 1.21443e-05 1.66638e-07)
(-10 1.27235e-05 2.06335e-07)
(-10 1.33433e-05 2.5727e-07)
(-10 1.40237e-05 3.25999e-07)
(-10 1.47968e-05 3.74207e-07)
(-10 7.41143e-06 9.10666e-08)
(-10 7.83105e-06 1.03238e-07)
(-10 8.28845e-06 1.15925e-07)
(-10 8.79951e-06 1.24252e-07)
(-10 9.32437e-06 1.19927e-07)
(-10 9.86489e-06 1.06046e-07)
(-10 1.03851e-05 8.91076e-08)
(-10 1.09035e-05 8.20393e-08)
(-10 1.14099e-05 8.98882e-08)
(-10 1.19458e-05 1.12454e-07)
(-10 1.25127e-05 1.39573e-07)
(-10 1.31426e-05 1.69076e-07)
(-10 1.38178e-05 1.97378e-07)
(-10 1.45553e-05 2.43489e-07)
(-10 1.53458e-05 2.90624e-07)
(-10 1.61853e-05 3.37212e-07)
(-10 8.10074e-06 9.18523e-08)
(-10 8.50958e-06 1.01789e-07)
(-10 8.98331e-06 1.02801e-07)
(-10 9.50625e-06 1.07341e-07)
(-10 1.00607e-05 8.97585e-08)
(-10 1.06192e-05 7.64325e-08)
(-10 1.11739e-05 5.67721e-08)
(-10 1.17226e-05 6.32048e-08)
(-10 1.22865e-05 7.77197e-08)
(-10 1.28851e-05 1.13293e-07)
(-10 1.35439e-05 1.38435e-07)
(-10 1.42664e-05 1.66591e-07)
(-10 1.50561e-05 1.73914e-07)
(-10 1.59013e-05 2.04377e-07)
(-10 1.67732e-05 2.47866e-07)
(-10 1.76292e-05 2.99087e-07)
(-10 8.82241e-06 8.75351e-08)
(-10 9.23275e-06 9.01501e-08)
(-10 9.73569e-06 9.55698e-08)
(-10 1.02783e-05 8.13477e-08)
(-10 1.0869e-05 6.55044e-08)
(-10 1.14498e-05 4.04603e-08)
(-10 1.20469e-05 3.48611e-08)
(-10 1.2634e-05 4.14603e-08)
(-10 1.32657e-05 7.32508e-08)
(-10 1.39317e-05 1.02874e-07)
(-10 1.46801e-05 1.3232e-07)
(-10 1.54791e-05 1.30143e-07)
(-10 1.63578e-05 1.26613e-07)
(-10 1.72304e-05 1.2349e-07)
(-10 1.80844e-05 1.39761e-07)
(-10 1.88997e-05 1.44753e-07)
(-9.99999 9.56443e-06 1.09304e-07)
(-9.99999 1.00273e-05 9.57428e-08)
(-9.99999 1.05521e-05 9.39929e-08)
(-9.99999 1.11414e-05 6.60295e-08)
(-9.99999 1.17503e-05 4.77997e-08)
(-10 1.2378e-05 1.98713e-08)
(-10 1.30027e-05 2.49131e-08)
(-10 1.3655e-05 3.66873e-08)
(-10 1.43372e-05 7.7095e-08)
(-10 1.50839e-05 1.01456e-07)
(-10 1.58827e-05 1.20828e-07)
(-10 1.67457e-05 9.66465e-08)
(-10 1.76165e-05 6.56206e-08)
(-10 1.84661e-05 -5.87943e-09)
(-10 1.92422e-05 1.04381e-08)
(-10 1.96362e-05 1.02856e-07)
(-9.99999 1.03969e-05 7.08836e-08)
(-9.99999 1.08979e-05 9.23096e-08)
(-9.99999 1.14533e-05 7.46675e-08)
(-9.99999 1.20755e-05 5.70999e-08)
(-9.99999 1.27115e-05 2.06281e-08)
(-9.99999 1.33762e-05 1.17292e-08)
(-9.99999 1.40421e-05 9.18185e-09)
(-10 1.47513e-05 4.22428e-08)
(-10 1.54914e-05 6.87715e-08)
(-10 1.62981e-05 1.01238e-07)
(-10 1.7138e-05 9.21435e-08)
(-10 1.80193e-05 6.24016e-08)
(-10 1.88847e-05 -3.08339e-08)
(-10 1.96737e-05 -8.6009e-08)
(-10 2.00247e-05 -1.29126e-07)
(-10 2.05736e-05 -4.1282e-07)
(-9.99999 1.12922e-05 8.73786e-08)
(-9.99999 1.18078e-05 9.13126e-08)
(-9.99999 1.24016e-05 6.97024e-08)
(-9.99999 1.30343e-05 4.36981e-08)
(-9.99999 1.37075e-05 1.14823e-08)
(-9.99999 1.43924e-05 5.0553e-09)
(-9.99999 1.51133e-05 1.3313e-08)
(-9.99999 1.58621e-05 4.67478e-08)
(-9.99999 1.66667e-05 7.46112e-08)
(-9.99999 1.75055e-05 9.52837e-08)
(-9.99999 1.83862e-05 7.71283e-08)
(-9.99999 1.92697e-05 2.63341e-08)
(-10 2.01204e-05 -6.52295e-08)
(-10 2.07968e-05 -2.2861e-07)
(-10 2.15146e-05 -5.64885e-07)
(-10 2.17271e-05 -3.38318e-07)
(-9.99999 1.21537e-05 5.98251e-08)
(-9.99999 1.27e-05 6.36102e-08)
(-9.99999 1.33083e-05 5.31595e-08)
(-9.99999 1.39578e-05 1.80019e-08)
(-9.99999 1.46462e-05 -6.78241e-10)
(-9.99999 1.53607e-05 -1.03394e-08)
(-9.99999 1.6116e-05 1.16919e-08)
(-9.99999 1.69087e-05 3.53755e-08)
(-9.99999 1.77479e-05 6.56945e-08)
(-9.99999 1.86142e-05 6.7192e-08)
(-9.99999 1.94998e-05 5.23184e-08)
(-9.99999 2.0376e-05 -1.08637e-08)
(-9.99999 2.12412e-05 -1.37608e-07)
(-9.99999 2.20893e-05 -3.17289e-07)
(-10 2.27667e-05 -2.49643e-07)
(-10 2.3355e-05 -8.61973e-07)
(-9.99999 2.39891e-05 -8.91617e-07)
(-9.99999 1.29078e-05 4.96087e-08)
(-9.99999 1.34743e-05 5.06085e-08)
(-9.99999 1.40856e-05 3.22757e-08)
(-9.99999 1.47443e-05 5.29383e-09)
(-9.99999 1.5438e-05 -1.33047e-08)
(-9.99999 1.61751e-05 -1.19661e-08)
(-9.99999 1.69509e-05 6.03208e-09)
(-9.99999 1.77714e-05 3.08372e-08)
(-9.99999 1.86191e-05 4.76172e-08)
(-9.99999 1.94847e-05 4.80226e-08)
(-9.99999 2.03419e-05 2.16929e-08)
(-9.99999 2.11859e-05 -3.66651e-08)
(-9.99999 2.20065e-05 -1.11728e-07)
(-9.99999 2.28208e-05 -2.47405e-07)
(-9.99999 2.36225e-05 -6.79977e-07)
(-9.99999 2.4328e-05 -3.86029e-07)
(-9.99999 2.46756e-05 -5.24063e-07)
(-9.99999 1.34738e-05 -1.30237e-08)
(-9.99999 1.40373e-05 6.64984e-09)
(-9.99999 1.46454e-05 -2.35094e-09)
(-9.99999 1.52967e-05 -2.27113e-08)
(-9.99999 1.59917e-05 -3.56361e-08)
(-9.99999 1.67326e-05 -3.28263e-08)
(-9.99999 1.7517e-05 -1.82507e-08)
(-9.99999 1.8335e-05 -2.53364e-09)
(-9.99999 1.91676e-05 4.59896e-09)
(-9.99999 1.99931e-05 -2.42133e-09)
(-9.99999 2.07927e-05 -2.5854e-08)
(-9.99999 2.15538e-05 -6.95187e-08)
(-9.99999 2.2274e-05 -1.65009e-07)
(-9.99999 2.29729e-05 -2.8642e-07)
(-9.99999 2.36341e-05 -1.35472e-07)
(-9.99999 2.40898e-05 -6.47847e-07)
(-9.99999 2.42135e-05 -6.12799e-07)
(-9.99999 1.3777e-05 -2.06404e-08)
(-9.99999 1.4323e-05 -1.35256e-08)
(-9.99999 1.49128e-05 -2.20087e-08)
(-9.99999 1.5547e-05 -3.80951e-08)
(-9.99999 1.62293e-05 -4.82408e-08)
(-9.99999 1.69593e-05 -4.75161e-08)
(-9.99999 1.77286e-05 -4.06633e-08)
(-9.99999 1.85185e-05 -3.60816e-08)
(-9.99999 1.93045e-05 -3.8573e-08)
(-9.99999 2.00613e-05 -4.96279e-08)
(-9.99999 2.07694e-05 -7.15708e-08)
(-9.99999 2.14177e-05 -1.09271e-07)
(-9.99999 2.2008e-05 -1.41478e-07)
(-9.99999 2.25418e-05 -2.04328e-07)
(-9.99999 2.29578e-05 -5.41443e-07)
(-9.99999 2.32552e-05 -2.22219e-07)
(-9.99999 2.32149e-05 -3.17937e-07)
(-9.99999 1.37587e-05 -8.42544e-08)
(-9.99999 1.4277e-05 -5.7378e-08)
(-9.99999 1.48364e-05 -5.64788e-08)
(-9.99999 1.54421e-05 -6.86028e-08)
(-9.99999 1.60974e-05 -7.99721e-08)
(-9.99999 1.67979e-05 -8.688e-08)
(-9.99999 1.75281e-05 -9.24333e-08)
(-9.99999 1.82633e-05 -1.01341e-07)
(-9.99999 1.89755e-05 -1.14624e-07)
(-9.99999 1.96387e-05 -1.30767e-07)
(-9.99999 2.02343e-05 -1.47775e-07)
(-9.99999 2.0755e-05 -1.65806e-07)
(-9.99999 2.11929e-05 -2.18346e-07)
(-9.99999 2.15476e-05 -2.73428e-07)
(-9.99999 2.18438e-05 -8.81309e-08)
(-9.99999 2.18976e-05 -4.87511e-07)
(-9.99999 2.1749e-05 -4.41346e-07)
(-9.99999 1.34129e-05 -8.32109e-08)
(-9.99999 1.38829e-05 -6.93994e-08)
(-9.99999 1.43982e-05 -7.02066e-08)
(-9.99999 1.49628e-05 -8.27818e-08)
(-9.99999 1.55766e-05 -1.00135e-07)
(-9.99999 1.62287e-05 -1.17706e-07)
(-9.99999 1.68978e-05 -1.37689e-07)
(-9.99999 1.75555e-05 -1.59662e-07)
(-9.99999 1.81734e-05 -1.82382e-07)
(-9.99999 1.87271e-05 -2.00513e-07)
(-9.99999 1.92016e-05 -2.14182e-07)
(-9.99999 1.95891e-05 -2.26691e-07)
(-9.99999 1.9895e-05 -2.2471e-07)
(-9.99999 2.01207e-05 -2.317e-07)
(-9.99999 2.0206e-05 -4.8255e-07)
(-9.99999 2.02267e-05 -1.7202e-07)
(-10 2.00147e-05 -2.22814e-07)
(-9.99999 1.27029e-05 -1.43179e-07)
(-9.99999 1.31235e-05 -1.09701e-07)
(-9.99999 1.35898e-05 -1.03678e-07)
(-9.99999 1.4105e-05 -1.18991e-07)
(-9.99999 1.4664e-05 -1.4559e-07)
(-9.99999 1.52521e-05 -1.77884e-07)
(-9.99999 1.5843e-05 -2.13053e-07)
(-9.99999 1.64092e-05 -2.4807e-07)
(-9.99999 1.69231e-05 -2.78221e-07)
(-9.99999 1.73656e-05 -2.98477e-07)
(-9.99999 1.77249e-05 -3.04962e-07)
(-9.99999 1.79994e-05 -3.01637e-07)
(-9.99999 1.81882e-05 -3.11545e-07)
(-9.99999 1.8294e-05 -3.28055e-07)
(-9.99999 1.83761e-05 -1.28148e-07)
(-9.99999 1.82455e-05 -4.25902e-07)
(-10 1.80247e-05 -3.56337e-07)
(-9.99999 1.16685e-05 -1.36358e-07)
(-9.99999 1.20307e-05 -1.16375e-07)
(-9.99999 1.2439e-05 -1.14422e-07)
(-9.99999 1.28962e-05 -1.38119e-07)
(-9.99999 1.33877e-05 -1.75899e-07)
(-9.99999 1.39006e-05 -2.24298e-07)
(-9.99999 1.44022e-05 -2.72512e-07)
(-9.99999 1.4873e-05 -3.19281e-07)
(-9.99999 1.52836e-05 -3.53585e-07)
(-9.99999 1.56266e-05 -3.74106e-07)
(-9.99999 1.58884e-05 -3.75893e-07)
(-9.99999 1.60764e-05 -3.67045e-07)
(-9.99999 1.61924e-05 -3.36776e-07)
(-9.99999 1.62552e-05 -3.11163e-07)
(-9.99999 1.61846e-05 -4.73974e-07)
(-9.99999 1.61287e-05 -2.2541e-07)
(-10 1.59092e-05 -2.26398e-07)
(-9.99999 1.0316e-05 -1.84892e-07)
(-9.99999 1.06325e-05 -1.50583e-07)
(-9.99999 1.09804e-05 -1.48431e-07)
(-9.99999 1.1373e-05 -1.81057e-07)
(-9.99999 1.17869e-05 -2.32246e-07)
(-9.99999 1.22167e-05 -2.95819e-07)
(-9.99999 1.26257e-05 -3.56889e-07)
(-9.99999 1.30037e-05 -4.12442e-07)
(-9.99999 1.33222e-05 -4.50554e-07)
(-9.99999 1.35823e-05 -4.70997e-07)
(-9.99999 1.37733e-05 -4.66582e-07)
(-9.99999 1.39023e-05 -4.45542e-07)
(-9.99999 1.39655e-05 -4.29806e-07)
(-9.99999 1.39528e-05 -4.15748e-07)
(-9.99999 1.39445e-05 -2.53617e-07)
(-9.99999 1.37705e-05 -4.46127e-07)
(-10 1.35834e-05 -3.89481e-07)
(-9.99999 8.73134e-06 -1.90192e-07)
(-9.99999 9.00558e-06 -1.53886e-07)
(-9.99999 9.25272e-06 -1.68686e-07)
(-9.99999 9.60342e-06 -2.00869e-07)
(-9.99999 9.89976e-06 -2.7382e-07)
(-9.99999 1.02792e-05 -3.3982e-07)
(-9.99999 1.05632e-05 -4.19591e-07)
(-9.99999 1.08933e-05 -4.72312e-07)
(-9.99999 1.11007e-05 -5.20667e-07)
(-9.99999 1.13348e-05 -5.31401e-07)
(-9.99999 1.14444e-05 -5.30606e-07)
(-9.99999 1.15758e-05 -5.0399e-07)
(-9.99999 1.1579e-05 -4.65629e-07)
(-9.99999 1.15826e-05 -4.36613e-07)
(-9.99999 1.14306e-05 -5.40584e-07)
(-9.99999 1.13323e-05 -3.76019e-07)
(-10 1.11558e-05 -3.50906e-07)
(-9.99999 7.0939e-06 -2.15984e-07)
(-9.99999 7.09542e-06 -1.99879e-07)
(-9.99999 7.43066e-06 -1.99137e-07)
(-9.99999 7.51667e-06 -2.574e-07)
(-9.99999 7.92132e-06 -3.20724e-07)
(-9.99999 8.02924e-06 -4.12386e-07)
(-9.99999 8.42468e-06 -4.81701e-07)
(-9.99999 8.50214e-06 -5.52666e-07)
(-9.99999 8.83318e-06 -5.86663e-07)
(-9.99999 8.86103e-06 -6.07104e-07)
(-9.99999 9.1171e-06 -5.93144e-07)
(-9.99999 9.10202e-06 -5.63205e-07)
(-9.99999 9.22249e-06 -5.4897e-07)
(-9.99999 9.15219e-06 -5.34787e-07)
(-9.99999 9.0591e-06 -4.27344e-07)
(-9.99999 8.78938e-06 -5.37367e-07)
(-10 8.56509e-06 -4.98676e-07)
(-9.99999 5.05865e-06 -2.02013e-07)
(-9.99999 5.22384e-06 -2.36447e-07)
(-9.99999 5.24032e-06 -1.83914e-07)
(-9.99999 5.48863e-06 -3.0913e-07)
(-9.99999 5.56599e-06 -3.10458e-07)
(-9.99999 5.83764e-06 -4.72816e-07)
(-9.99999 5.92135e-06 -4.74689e-07)
(-9.99999 6.16681e-06 -6.12953e-07)
(-9.99999 6.23365e-06 -5.77225e-07)
(-9.99999 6.44259e-06 -6.60021e-07)
(-9.99999 6.51216e-06 -5.78223e-07)
(-9.99999 6.65992e-06 -6.20964e-07)
(-9.99999 6.75129e-06 -5.3774e-07)
(-9.99999 6.68025e-06 -5.43734e-07)
(-9.99999 6.41354e-06 -6.16435e-07)
(-10 6.13458e-06 -5.39732e-07)
(-10 5.8733e-06 -5.08597e-07)
(-9.99999 2.90392e-06 -3.01676e-07)
(-9.99999 3.0257e-06 -1.54861e-07)
(-9.99999 2.97313e-06 -3.21205e-07)
(-9.99999 3.14195e-06 -2.32145e-07)
(-9.99999 3.1009e-06 -4.63187e-07)
(-9.99999 3.2872e-06 -3.99592e-07)
(-9.99999 3.24945e-06 -6.28366e-07)
(-9.99999 3.43471e-06 -5.45589e-07)
(-9.99999 3.40379e-06 -7.22051e-07)
(-9.99999 3.59304e-06 -6.01873e-07)
(-9.99999 3.57384e-06 -7.14228e-07)
(-9.99999 3.76826e-06 -5.91784e-07)
(-9.99999 3.69353e-06 -6.48924e-07)
(-9.99999 3.57819e-06 -6.72917e-07)
(-9.99999 3.36798e-06 -6.21689e-07)
(-10 3.05861e-06 -6.57048e-07)
(-10 2.93694e-06 -6.07582e-07)
(-9.99999 9.95487e-07 -2.32545e-07)
(-9.99999 8.25777e-07 -2.8092e-07)
(-9.99999 9.99693e-07 -2.37113e-07)
(-9.99999 8.33868e-07 -3.65075e-07)
(-9.99999 1.00975e-06 -3.74978e-07)
(-9.99999 8.46131e-07 -5.29258e-07)
(-9.99999 1.01755e-06 -5.40317e-07)
(-9.99999 8.71107e-07 -6.64872e-07)
(-9.99999 1.03523e-06 -6.41111e-07)
(-9.99999 9.21285e-07 -7.10258e-07)
(-9.99999 1.06059e-06 -6.61505e-07)
(-9.99999 1.00699e-06 -6.86524e-07)
(-9.99999 9.97608e-07 -7.10643e-07)
(-9.99999 9.30057e-07 -7.17595e-07)
(-9.99999 7.80599e-07 -7.36379e-07)
(-10 6.89197e-07 -7.07701e-07)
(-10 7.13919e-07 -6.36371e-07)
)
;

boundaryField
{
    frontAndBack
    {
        type            slip;
    }
    inlet
    {
        type            fixedValue;
        value           nonuniform List<vector> 0();
    }
    outlet
    {
        type            inletOutlet;
        inletValue      nonuniform List<vector> 0();
        value           nonuniform List<vector> 0();
    }
    lowerWall
    {
        type            fixedValue;
        value           uniform (-10 0 0);
    }
    upperWall
    {
        type            slip;
    }
    procBoundary4to1
    {
        type            processor;
        value           nonuniform List<vector> 
82
(
(-10 6.02217e-06 8.42824e-07)
(-10 3.3428e-06 3.62505e-07)
(-10 3.8498e-06 3.07823e-07)
(-10 4.18608e-06 3.06004e-07)
(-10 4.47749e-06 2.713e-07)
(-10 4.67281e-06 2.73877e-07)
(-10 4.89946e-06 2.42196e-07)
(-10 5.1206e-06 2.23723e-07)
(-10 5.42769e-06 1.82019e-07)
(-10 5.77261e-06 1.39418e-07)
(-10 6.15218e-06 1.24639e-07)
(-10 6.51989e-06 1.22874e-07)
(-10 6.85387e-06 2.24775e-07)
(-10 7.0906e-06 3.15025e-07)
(-10 7.00726e-06 4.68272e-07)
(-10 7.24654e-06 8.87503e-07)
(-10 7.24654e-06 8.87503e-07)
(-10 7.10902e-06 1.82419e-06)
(-10 3.60799e-06 7.06044e-07)
(-10 4.1001e-06 7.14089e-07)
(-10 4.47851e-06 6.55158e-07)
(-10 4.78589e-06 6.2927e-07)
(-10 5.03899e-06 5.80869e-07)
(-10 5.27481e-06 5.41969e-07)
(-10 5.52691e-06 4.72854e-07)
(-10 5.81414e-06 3.81983e-07)
(-10 6.13432e-06 3.07692e-07)
(-10 6.46923e-06 2.38019e-07)
(-10 6.79333e-06 3.10059e-07)
(-10 7.07102e-06 4.5588e-07)
(-10 7.26711e-06 7.86099e-07)
(-10 7.30911e-06 1.10506e-06)
(-10 7.25864e-06 1.83783e-06)
(-10 7.10902e-06 1.82419e-06)
(-10 3.90604e-06 6.67313e-07)
(-10 4.43876e-06 6.51053e-07)
(-10 4.85071e-06 6.11844e-07)
(-10 5.19572e-06 5.70221e-07)
(-10 5.49446e-06 5.21277e-07)
(-10 5.76583e-06 4.67475e-07)
(-10 6.03546e-06 3.92872e-07)
(-10 6.31206e-06 3.04987e-07)
(-10 6.59839e-06 2.27562e-07)
(-10 6.88428e-06 1.88502e-07)
(-10 7.15172e-06 2.55563e-07)
(-10 7.37637e-06 4.39926e-07)
(-10 7.52752e-06 7.74037e-07)
(-10 7.5988e-06 1.20157e-06)
(-10 7.62244e-06 1.64223e-06)
(-10 7.52174e-06 2.2192e-06)
(-10 4.24182e-06 3.47005e-07)
(-10 4.73514e-06 3.2733e-07)
(-10 5.15325e-06 3.18539e-07)
(-10 5.52127e-06 2.90734e-07)
(-10 5.84514e-06 2.64773e-07)
(-10 6.14203e-06 2.18501e-07)
(-10 6.42148e-06 1.67994e-07)
(-10 6.6936e-06 1.08659e-07)
(-10 6.9573e-06 5.78827e-08)
(-10 7.20822e-06 5.45362e-08)
(-10 7.4354e-06 1.03495e-07)
(-10 7.62038e-06 2.64812e-07)
(-10 7.76538e-06 5.00762e-07)
(-10 7.91527e-06 8.06039e-07)
(-10 8.01177e-06 1.17763e-06)
(-10 7.96228e-06 1.41903e-06)
(-10 4.50441e-06 2.3232e-08)
(-10 4.98341e-06 8.25414e-08)
(-10 5.39888e-06 5.58485e-08)
(-10 5.76726e-06 7.84829e-08)
(-10 6.1012e-06 5.04876e-08)
(-10 6.40638e-06 5.07993e-08)
(-10 6.69308e-06 2.42524e-08)
(-10 6.9637e-06 3.63559e-09)
(-10 7.21907e-06 -1.40537e-09)
(-10 7.45534e-06 -2.05855e-08)
(-10 7.66271e-06 3.51165e-08)
(-10 7.84191e-06 5.59907e-08)
(-10 8.02712e-06 1.97798e-07)
(-10 8.21163e-06 2.41252e-07)
(-10 8.31775e-06 4.85728e-07)
(-10 8.29706e-06 4.47534e-07)
)
;
    }
    procBoundary4to2
    {
        type            processor;
        value           uniform (-10 6.73114e-06 1.20206e-06);
    }
    procBoundary4to3
    {
        type            processor;
        value           nonuniform List<vector> 
125
(
(-10 3.71455e-06 3.62149e-07)
(-10 4.57525e-06 3.377e-07)
(-10 5.50538e-06 2.6534e-07)
(-10 6.20542e-06 1.83863e-07)
(-10 6.73688e-06 1.33552e-07)
(-10 7.24775e-06 1.36637e-07)
(-10 7.7962e-06 1.15988e-07)
(-10 8.38078e-06 1.23048e-07)
(-9.99999 9.14676e-06 1.44487e-07)
(-9.99999 1.01322e-05 1.81114e-07)
(-9.99999 1.12382e-05 1.41636e-07)
(-9.99999 1.22022e-05 8.00837e-08)
(-9.99999 1.29751e-05 8.64608e-09)
(-9.99999 1.35298e-05 -2.78852e-08)
(-9.99999 1.37693e-05 -1.18913e-07)
(-9.99999 1.35983e-05 -1.75242e-07)
(-9.99999 1.315e-05 -2.07587e-07)
(-9.99999 1.24858e-05 -1.99599e-07)
(-9.99999 1.14838e-05 -2.43047e-07)
(-9.99999 1.0159e-05 -2.63956e-07)
(-9.99999 8.64415e-06 -2.73667e-07)
(-9.99999 6.99844e-06 -2.59959e-07)
(-9.99999 5.2243e-06 -2.70633e-07)
(-9.99999 2.7864e-06 -3.37213e-07)
(-9.99999 5.72748e-07 -2.14532e-07)
(-10 3.78152e-06 7.59772e-07)
(-10 4.45423e-06 7.43078e-07)
(-10 5.31309e-06 6.15116e-07)
(-10 6.04069e-06 4.54771e-07)
(-10 6.67785e-06 3.41056e-07)
(-10 7.2258e-06 2.98779e-07)
(-10 7.77922e-06 2.73023e-07)
(-10 8.4164e-06 2.92741e-07)
(-9.99999 9.21934e-06 3.349e-07)
(-9.99999 1.01286e-05 3.64349e-07)
(-9.99999 1.11119e-05 2.95572e-07)
(-9.99999 1.20359e-05 1.62872e-07)
(-9.99999 1.28402e-05 1.70904e-08)
(-9.99999 1.33704e-05 -1.19201e-07)
(-9.99999 1.35851e-05 -2.8541e-07)
(-9.99999 1.34874e-05 -4.04132e-07)
(-9.99999 1.31195e-05 -4.69087e-07)
(-9.99999 1.24414e-05 -5.02974e-07)
(-9.99999 1.14033e-05 -5.69841e-07)
(-9.99999 1.01208e-05 -6.10288e-07)
(-9.99999 8.64915e-06 -6.34727e-07)
(-9.99999 7.00223e-06 -6.53132e-07)
(-9.99999 5.12773e-06 -6.73509e-07)
(-9.99999 2.85653e-06 -7.82606e-07)
(-9.99999 7.26098e-07 -5.73707e-07)
(-10 3.7945e-06 7.68441e-07)
(-10 4.39443e-06 7.46306e-07)
(-10 5.145e-06 6.46964e-07)
(-10 5.86285e-06 5.09598e-07)
(-10 6.54189e-06 3.97246e-07)
(-10 7.16271e-06 3.11218e-07)
(-10 7.78865e-06 2.94366e-07)
(-10 8.45812e-06 3.07379e-07)
(-9.99999 9.23627e-06 3.34413e-07)
(-9.99999 1.0083e-05 3.05355e-07)
(-9.99999 1.09863e-05 2.56289e-07)
(-9.99999 1.18541e-05 1.37557e-07)
(-9.99999 1.26225e-05 2.91358e-10)
(-9.99999 1.31517e-05 -1.74894e-07)
(-9.99999 1.34131e-05 -3.02573e-07)
(-9.99999 1.33687e-05 -4.20008e-07)
(-9.99999 1.30264e-05 -4.79252e-07)
(-9.99999 1.23598e-05 -5.62399e-07)
(-9.99999 1.13496e-05 -6.01583e-07)
(-9.99999 1.00779e-05 -6.50418e-07)
(-9.99999 8.5906e-06 -6.74858e-07)
(-9.99999 6.94996e-06 -7.28904e-07)
(-9.99999 5.06246e-06 -7.89815e-07)
(-9.99999 2.91115e-06 -8.10227e-07)
(-9.99999 8.33871e-07 -7.86057e-07)
(-10 3.97498e-06 4.825e-07)
(-10 4.30239e-06 4.95537e-07)
(-10 5.0172e-06 4.63945e-07)
(-10 5.72854e-06 3.82155e-07)
(-10 6.42988e-06 3.20697e-07)
(-10 7.0972e-06 2.54418e-07)
(-10 7.77442e-06 2.46542e-07)
(-10 8.46646e-06 2.2881e-07)
(-9.99999 9.21681e-06 2.47997e-07)
(-9.99999 1.0031e-05 2.19804e-07)
(-9.99999 1.09022e-05 1.95305e-07)
(-9.99999 1.17159e-05 1.04304e-07)
(-9.99999 1.24496e-05 3.47449e-08)
(-9.99999 1.29918e-05 -9.53849e-08)
(-9.99999 1.32787e-05 -1.68632e-07)
(-9.99999 1.32666e-05 -2.78332e-07)
(-9.99999 1.29415e-05 -3.20206e-07)
(-9.99999 1.22885e-05 -4.14228e-07)
(-9.99999 1.12933e-05 -4.42813e-07)
(-9.99999 1.00292e-05 -5.16001e-07)
(-9.99999 8.55104e-06 -5.32559e-07)
(-9.99999 6.85853e-06 -6.15443e-07)
(-9.99999 5.02608e-06 -6.83984e-07)
(-9.99999 2.86123e-06 -6.74493e-07)
(-9.99999 7.5631e-07 -7.75428e-07)
(-10 4.07816e-06 1.11682e-07)
(-10 4.37123e-06 1.54609e-07)
(-10 5.00327e-06 1.66757e-07)
(-10 5.68379e-06 1.43466e-07)
(-10 6.38222e-06 1.30955e-07)
(-10 7.07002e-06 1.05341e-07)
(-10 7.75664e-06 1.09212e-07)
(-10 8.45994e-06 9.11235e-08)
(-9.99999 9.22501e-06 1.03998e-07)
(-9.99999 1.00172e-05 9.76833e-08)
(-9.99999 1.0842e-05 9.29523e-08)
(-9.99999 1.16534e-05 4.95356e-08)
(-9.99999 1.23729e-05 4.28979e-08)
(-9.99999 1.28975e-05 -1.18067e-08)
(-9.99999 1.31844e-05 -3.25559e-08)
(-9.99999 1.31792e-05 -8.72138e-08)
(-9.99999 1.28566e-05 -1.02454e-07)
(-9.99999 1.22066e-05 -1.55203e-07)
(-9.99999 1.12224e-05 -1.68024e-07)
(-9.99999 9.96576e-06 -2.11915e-07)
(-9.99999 8.4663e-06 -2.1876e-07)
(-9.99999 6.76068e-06 -2.79712e-07)
(-9.99999 4.98864e-06 -2.97045e-07)
(-9.99999 2.79685e-06 -3.09659e-07)
(-9.99999 7.07702e-07 -3.48546e-07)
)
;
    }
    procBoundary4to5
    {
        type            processor;
        value           nonuniform List<vector> 
135
(
(-10 1.00476e-05 8.8499e-07)
(-10 1.29503e-05 1.14869e-06)
(-10 1.43374e-05 6.09868e-07)
(-10 1.55279e-05 9.92255e-07)
(-10 1.68695e-05 3.87824e-07)
(-10 1.81982e-05 5.64065e-07)
(-10 1.81982e-05 5.64065e-07)
(-10 2.10339e-05 2.71486e-07)
(-10 1.96357e-05 4.4209e-07)
(-9.99999 2.31143e-05 -9.19956e-08)
(-10 2.40844e-05 -5.16821e-07)
(-9.99999 2.44059e-05 -6.6979e-07)
(-10 2.43627e-05 -8.76035e-07)
(-10 2.39176e-05 -8.79945e-07)
(-10 2.31691e-05 -8.96241e-07)
(-10 2.22082e-05 -7.32759e-07)
(-10 2.1039e-05 -6.40903e-07)
(-10 1.97643e-05 -4.08467e-07)
(-10 1.85029e-05 -2.97936e-07)
(-10 1.71609e-05 -1.9195e-07)
(-10 1.56031e-05 -2.04412e-07)
(-10 1.38878e-05 -1.76069e-07)
(-10 1.1826e-05 -2.72163e-07)
(-10 9.37023e-06 -3.16479e-07)
(-10 6.48174e-06 -4.2627e-07)
(-10 3.284e-06 -4.26171e-07)
(-10 8.03829e-07 -4.4081e-07)
(-10 9.98088e-06 2.29079e-06)
(-10 1.26064e-05 2.4084e-06)
(-10 1.41419e-05 1.66719e-06)
(-10 1.52503e-05 1.86488e-06)
(-10 1.63343e-05 1.10376e-06)
(-10 1.74225e-05 1.16787e-06)
(-10 1.96357e-05 4.4209e-07)
(-10 1.96357e-05 4.4209e-07)
(-9.99999 2.21289e-05 7.06809e-08)
(-10 2.04295e-05 2.47172e-07)
(-10 2.33621e-05 -1.02327e-06)
(-10 2.17485e-05 -6.75321e-07)
(-9.99999 2.39569e-05 -1.5021e-06)
(-10 2.41e-05 -2.19961e-06)
(-10 2.38923e-05 -2.14739e-06)
(-10 2.33531e-05 -2.24925e-06)
(-10 2.25274e-05 -1.73948e-06)
(-10 2.14443e-05 -1.53908e-06)
(-10 2.0193e-05 -9.25376e-07)
(-10 1.87735e-05 -7.42462e-07)
(-10 1.72778e-05 -4.14579e-07)
(-10 1.5623e-05 -4.82671e-07)
(-10 1.38031e-05 -4.13937e-07)
(-10 1.16504e-05 -6.70324e-07)
(-10 9.17759e-06 -7.99054e-07)
(-10 6.34463e-06 -1.05342e-06)
(-10 3.26582e-06 -1.09376e-06)
(-10 7.85531e-07 -1.09654e-06)
(-10 9.90475e-06 2.61309e-06)
(-10 1.21708e-05 2.273e-06)
(-10 1.3658e-05 1.93609e-06)
(-10 1.48236e-05 1.5526e-06)
(-10 1.59983e-05 1.30191e-06)
(-10 1.73711e-05 1.06861e-06)
(-10 1.89545e-05 1.09191e-06)
(-10 2.04295e-05 2.47172e-07)
(-10 2.17485e-05 -6.75321e-07)
(-10 2.17485e-05 -6.75321e-07)
(-9.99999 2.29355e-05 -1.60033e-06)
(-10 2.15879e-05 -8.79152e-07)
(-9.99999 2.35561e-05 -2.213e-06)
(-9.99999 2.38556e-05 -2.73913e-06)
(-10 2.3679e-05 -2.37834e-06)
(-10 2.30959e-05 -2.09116e-06)
(-10 2.20566e-05 -1.44398e-06)
(-10 2.07601e-05 -1.12126e-06)
(-10 1.91414e-05 -6.40962e-07)
(-10 1.74857e-05 -5.23352e-07)
(-10 1.56039e-05 -3.63334e-07)
(-10 1.36532e-05 -5.19799e-07)
(-10 1.13446e-05 -6.50351e-07)
(-10 8.89136e-06 -9.44177e-07)
(-10 6.11336e-06 -1.13566e-06)
(-10 3.23009e-06 -1.2634e-06)
(-10 8.00358e-07 -1.26693e-06)
(-10 9.94073e-06 1.80069e-06)
(-10 1.17601e-05 1.58135e-06)
(-10 1.32414e-05 1.39523e-06)
(-10 1.44576e-05 1.10681e-06)
(-10 1.57293e-05 9.98142e-07)
(-10 1.716e-05 7.9326e-07)
(-10 1.86089e-05 7.14904e-07)
(-10 1.98726e-05 3.90826e-07)
(-10 2.08301e-05 2.69227e-08)
(-10 2.15879e-05 -8.79152e-07)
(-10 2.15879e-05 -8.79152e-07)
(-9.99999 2.26765e-05 -1.53096e-06)
(-9.99999 2.19618e-05 -7.43597e-07)
(-9.99999 2.36857e-05 -2.07192e-06)
(-9.99999 2.41631e-05 -1.78656e-06)
(-10 2.36953e-05 -1.48408e-06)
(-10 2.26567e-05 -1.07113e-06)
(-10 2.11968e-05 -8.29223e-07)
(-10 1.95209e-05 -5.5593e-07)
(-10 1.76249e-05 -4.6804e-07)
(-10 1.56274e-05 -3.98259e-07)
(-10 1.34443e-05 -5.08883e-07)
(-10 1.112e-05 -6.27325e-07)
(-10 8.57096e-06 -8.4634e-07)
(-10 5.9456e-06 -9.98497e-07)
(-10 3.10174e-06 -1.12953e-06)
(-10 7.81123e-07 -1.19666e-06)
(-10 9.86167e-06 5.93396e-07)
(-10 1.1664e-05 5.68058e-07)
(-10 1.30648e-05 5.16461e-07)
(-10 1.43272e-05 4.26837e-07)
(-10 1.56063e-05 4.12164e-07)
(-10 1.7017e-05 3.28461e-07)
(-10 1.84515e-05 2.97814e-07)
(-10 1.95696e-05 2.02515e-07)
(-10 2.0161e-05 5.53721e-08)
(-9.99999 2.05891e-05 -3.3274e-07)
(-9.99999 2.19618e-05 -7.43597e-07)
(-9.99999 2.19618e-05 -7.43597e-07)
(-9.99999 2.35361e-05 -6.00235e-07)
(-9.99999 2.44138e-05 -7.61225e-07)
(-10 2.39902e-05 -3.99646e-07)
(-10 2.28752e-05 -5.25324e-07)
(-10 2.14041e-05 -2.24877e-07)
(-10 1.95929e-05 -3.59494e-07)
(-10 1.76828e-05 -1.67316e-07)
(-10 1.55529e-05 -3.13183e-07)
(-10 1.33669e-05 -2.26951e-07)
(-10 1.09227e-05 -3.75135e-07)
(-10 8.4274e-06 -3.84738e-07)
(-10 5.75937e-06 -4.89984e-07)
(-10 2.98239e-06 -5.33723e-07)
(-10 7.16447e-07 -5.85464e-07)
)
;
    }
}


// ************************************************************************* //
