/*--------------------------------*- C++ -*----------------------------------*\
  =========                 |
  \\      /  F ield         | OpenFOAM: The Open Source CFD Toolbox
   \\    /   O peration     | Website:  https://openfoam.org
    \\  /    A nd           | Version:  10
     \\/     M anipulation  |
\*---------------------------------------------------------------------------*/
FoamFile
{
    format      ascii;
    class       labelList;
    note        "nPoints: 2772 nCells: 2083 nFaces: 6889 nInternalFaces: 5609";
    location    "constant/polyMesh";
    object      neighbour;
}
// * * * * * * * * * * * * * * * * * * * * * * * * * * * * * * * * * * * * * //


5609
(
1
16
414
2
17
415
3
18
416
4
19
417
5
20
418
6
21
419
7
22
420
8
23
421
9
24
422
10
25
423
11
26
424
12
27
425
13
28
426
14
29
427
15
30
428
31
429
17
32
430
18
33
431
19
34
432
20
35
433
21
36
434
22
37
435
23
38
436
24
39
437
25
40
438
26
41
439
27
42
440
28
43
441
29
44
442
30
45
443
31
46
444
47
445
33
48
446
34
49
447
35
50
448
36
51
449
37
52
450
38
53
451
39
54
452
40
55
453
41
56
454
42
57
455
43
58
456
44
59
457
45
60
458
46
61
459
47
62
460
63
461
49
64
462
50
65
463
51
66
464
52
67
465
53
68
466
54
69
467
55
70
468
56
71
469
57
72
470
58
73
471
59
74
472
60
75
473
61
76
474
62
77
475
63
78
476
79
477
65
80
478
66
81
479
67
82
480
68
83
481
69
84
482
70
85
483
71
86
484
72
87
485
73
88
486
74
89
487
75
90
488
76
91
489
77
92
490
78
93
491
79
94
492
95
493
81
96
494
82
97
495
83
98
496
84
99
497
85
100
498
86
101
499
87
102
500
88
103
501
89
104
502
90
105
503
91
106
504
92
107
505
93
108
506
94
109
507
95
110
508
111
509
97
112
510
98
113
511
99
114
512
100
115
513
101
116
514
102
117
515
103
118
516
104
119
517
105
120
518
106
121
519
107
122
520
108
123
521
109
124
522
110
125
523
111
126
524
127
525
113
128
526
114
129
527
115
130
528
116
131
529
117
132
530
118
133
531
119
134
532
120
135
533
121
136
534
122
137
535
123
138
536
124
139
537
125
140
538
126
141
539
127
142
540
143
541
129
144
542
130
145
543
131
146
544
132
147
545
133
148
546
134
149
547
135
150
548
136
151
549
137
152
550
138
153
551
139
154
552
140
155
553
141
156
554
142
157
555
143
158
556
159
557
145
160
558
146
161
559
147
162
560
148
163
561
149
164
562
150
165
563
151
166
564
152
167
565
153
168
566
154
169
567
155
170
568
156
171
569
157
172
570
158
173
571
159
174
572
175
573
161
176
574
162
177
575
163
178
576
164
179
577
165
180
578
166
181
579
167
182
580
168
183
581
169
184
582
170
185
583
171
186
584
172
187
585
173
188
586
174
189
587
175
190
588
191
589
177
192
590
178
193
591
179
194
592
180
195
593
181
196
594
182
197
595
183
198
596
184
199
597
185
200
598
186
201
599
187
202
600
188
203
601
189
204
602
190
205
603
191
206
604
207
605
193
208
606
194
209
607
195
210
608
196
211
609
197
212
610
198
213
611
199
214
612
200
215
613
201
216
614
202
217
615
203
218
616
204
219
617
205
220
618
206
221
619
207
222
620
223
621
209
224
622
210
225
623
211
226
624
212
227
625
213
228
626
214
229
627
215
230
628
216
231
629
217
232
630
218
233
631
219
234
632
220
235
633
221
236
634
222
237
635
223
238
636
239
637
225
241
638
226
242
639
227
243
640
228
244
641
229
245
642
230
246
643
231
247
644
232
248
645
233
249
646
234
250
647
235
251
648
236
252
649
237
253
650
238
254
651
239
255
652
240
256
653
257
242
258
654
243
259
655
244
260
656
245
261
657
246
262
658
247
263
659
248
264
660
249
265
661
250
266
662
251
267
663
252
268
664
253
269
665
254
270
666
255
271
667
256
272
668
257
273
669
274
259
275
670
260
276
671
261
277
672
262
278
673
263
279
674
264
280
675
265
281
676
266
282
677
267
283
678
268
284
679
269
285
680
270
286
681
271
287
682
272
288
683
273
289
684
274
290
685
291
686
276
292
687
277
293
688
278
294
689
279
295
690
280
296
691
281
297
692
282
298
693
283
299
694
284
300
695
285
301
696
286
302
697
287
303
698
288
304
699
289
305
700
290
306
701
291
307
702
308
703
293
309
704
294
310
705
295
311
706
296
312
707
297
313
708
298
314
709
299
315
710
300
316
711
301
317
712
302
318
713
303
319
714
304
320
715
305
321
716
306
322
717
307
323
718
308
324
719
325
720
310
326
721
311
327
722
312
328
723
313
329
724
314
330
725
315
331
726
316
332
727
317
333
728
318
334
729
319
335
730
320
336
731
321
337
732
322
338
733
323
339
734
324
340
735
325
341
736
342
737
327
343
738
328
344
739
329
345
740
330
346
741
331
347
742
332
348
743
333
349
744
334
350
745
335
351
746
336
352
747
337
353
748
338
354
749
339
355
750
340
356
751
341
357
752
342
358
753
359
754
344
360
755
345
361
756
346
362
757
347
363
758
348
364
759
349
365
760
350
366
761
351
367
762
352
368
763
353
369
764
354
370
765
355
371
766
356
372
767
357
373
768
358
374
769
359
375
770
376
771
361
377
772
362
378
773
363
379
774
364
380
775
365
381
776
366
382
777
367
383
778
368
384
779
369
385
780
370
386
781
371
387
782
372
388
783
373
389
784
374
390
785
375
391
786
376
392
787
393
788
378
394
789
379
395
790
380
396
791
381
397
792
382
398
793
383
399
794
384
400
795
385
401
796
386
402
797
387
403
798
388
404
799
389
405
800
390
406
801
391
407
802
392
408
803
393
409
804
410
805
395
411
806
396
412
807
397
413
808
398
809
399
810
400
811
401
812
402
813
403
814
404
815
405
816
406
817
407
818
408
819
409
820
410
821
822
412
823
413
824
825
415
430
829
416
431
830
417
432
831
418
433
832
419
434
833
420
435
834
421
436
835
422
437
836
423
438
837
424
439
838
425
440
839
426
441
840
427
442
841
428
443
842
429
444
843
445
844
431
446
845
432
447
846
433
448
847
434
449
848
435
450
849
436
451
850
437
452
851
438
453
852
439
454
853
440
455
854
441
456
855
442
457
856
443
458
857
444
459
858
445
460
859
461
860
447
462
861
448
463
862
449
464
863
450
465
864
451
466
865
452
467
866
453
468
867
454
469
868
455
470
869
456
471
870
457
472
871
458
473
872
459
474
873
460
475
874
461
476
875
477
876
463
478
877
464
479
878
465
480
879
466
481
880
467
482
881
468
483
882
469
484
883
470
485
884
471
486
885
472
487
886
473
488
887
474
489
888
475
490
889
476
491
890
477
492
891
493
892
479
494
893
480
495
894
481
496
895
482
497
896
483
498
897
484
499
898
485
500
899
486
501
900
487
502
901
488
503
902
489
504
903
490
505
904
491
506
905
492
507
906
493
508
907
509
908
495
510
909
496
511
910
497
512
911
498
513
912
499
514
913
500
515
914
501
516
915
502
517
916
503
518
917
504
519
918
505
520
919
506
521
920
507
522
921
508
523
922
509
524
923
525
924
511
526
925
512
527
926
513
528
927
514
529
928
515
530
929
516
531
930
517
532
931
518
533
932
519
534
933
520
535
934
521
536
935
522
537
936
523
538
937
524
539
938
525
540
939
541
940
527
542
941
528
543
942
529
544
943
530
545
944
531
546
945
532
547
946
533
548
947
534
549
948
535
550
949
536
551
950
537
552
951
538
553
952
539
554
953
540
555
954
541
556
955
557
956
543
558
957
544
559
958
545
560
959
546
561
960
547
562
961
548
563
962
549
564
963
550
565
964
551
566
965
552
567
966
553
568
967
554
569
968
555
570
969
556
571
970
557
572
971
573
972
559
574
973
560
575
974
561
576
975
562
577
976
563
578
977
564
579
978
565
580
979
566
581
980
567
582
981
568
583
982
569
584
983
570
585
984
571
586
985
572
587
986
573
588
987
589
988
575
590
989
576
591
990
577
592
991
578
593
992
579
594
993
580
595
994
581
596
995
582
597
996
583
598
997
584
599
998
585
600
999
586
601
1000
587
602
1001
588
603
1002
589
604
1003
605
1004
591
606
1005
592
607
1006
593
608
1007
594
609
1008
595
610
1009
596
611
1010
597
612
1011
598
613
1012
599
614
1013
600
615
1014
601
616
1015
602
617
1016
603
618
1017
604
619
1018
605
620
1019
621
1020
607
622
1021
608
623
1022
609
624
1023
610
625
1024
611
626
1025
612
627
1026
613
628
1027
614
629
1028
615
630
1029
616
631
1030
617
632
1031
618
633
1032
619
634
1033
620
635
1034
621
636
1035
637
1036
623
638
1037
624
639
1038
625
640
1039
626
641
1040
627
642
1041
628
643
1042
629
644
1043
630
645
1044
631
646
1045
632
647
1046
633
648
1047
634
649
1048
635
650
1049
636
651
1050
637
652
1051
653
1052
639
654
1053
640
655
1054
641
656
1055
642
657
1056
643
658
1057
644
659
1058
645
660
1059
646
661
1060
647
662
1061
648
663
1062
649
664
1063
650
665
1064
651
666
1065
652
667
1066
653
668
1067
669
1068
655
670
1069
656
671
1070
657
672
1071
658
673
1072
659
674
1073
660
675
1074
661
676
1075
662
677
1076
663
678
1077
664
679
1078
665
680
1079
666
681
1080
667
682
1081
668
683
1082
669
684
1083
685
1084
671
687
1085
672
688
1086
673
689
1087
674
690
1088
675
691
1089
676
692
1090
677
693
1091
678
694
1092
679
695
1093
680
696
1094
681
697
1095
682
698
1096
683
699
1097
684
700
1098
685
701
1099
686
702
1100
703
688
704
1101
689
705
1102
690
706
1103
691
707
1104
692
708
1105
693
709
1106
694
710
1107
695
711
1108
696
712
1109
697
713
1110
698
714
1111
699
715
1112
700
716
1113
701
717
1114
702
718
1115
703
719
1116
720
1117
705
721
1118
706
722
1119
707
723
1120
708
724
1121
709
725
1122
710
726
1123
711
727
1124
712
728
1125
713
729
1126
714
730
1127
715
731
1128
716
732
1129
717
733
1130
718
734
1131
719
735
1132
720
736
1133
737
1134
722
738
1135
723
739
1136
724
740
1137
725
741
1138
726
742
1139
727
743
1140
728
744
1141
729
745
1142
730
746
1143
731
747
1144
732
748
1145
733
749
1146
734
750
1147
735
751
1148
736
752
1149
737
753
1150
754
1151
739
755
1152
740
756
1153
741
757
1154
742
758
1155
743
759
1156
744
760
1157
745
761
1158
746
762
1159
747
763
1160
748
764
1161
749
765
1162
750
766
1163
751
767
1164
752
768
1165
753
769
1166
754
770
1167
771
1168
756
772
1169
757
773
1170
758
774
1171
759
775
1172
760
776
1173
761
777
1174
762
778
1175
763
779
1176
764
780
1177
765
781
1178
766
782
1179
767
783
1180
768
784
1181
769
785
1182
770
786
1183
771
787
1184
788
1185
773
789
1186
774
790
1187
775
791
1188
776
792
1189
777
793
1190
778
794
1191
779
795
1192
780
796
1193
781
797
1194
782
798
1195
783
799
1196
784
800
1197
785
801
1198
786
802
1199
787
803
1200
788
804
1201
805
1202
790
806
1203
791
807
1204
792
808
1205
793
809
1206
794
810
1207
795
811
1208
796
812
1209
797
813
1210
798
814
1211
799
815
1212
800
816
1213
801
817
1214
802
818
1215
803
819
1216
804
820
1217
805
821
1218
822
1219
807
823
1220
808
824
1221
809
825
1222
810
826
1223
811
827
1224
812
828
1225
813
1226
814
1227
815
1228
816
1229
817
1230
818
1231
819
1232
820
1233
821
1234
822
1235
1236
824
1237
825
1238
826
1239
827
1240
828
1241
1242
830
845
1245
831
846
1246
832
847
1247
833
848
1248
834
849
1249
835
850
1250
836
851
1251
837
852
1252
838
853
1253
839
854
1254
840
855
1255
841
856
1256
842
857
1257
843
858
1258
844
859
1259
860
1260
846
861
1261
847
862
1262
848
863
1263
849
864
1264
850
865
1265
851
866
1266
852
867
1267
853
868
1268
854
869
1269
855
870
1270
856
871
1271
857
872
1272
858
873
1273
859
874
1274
860
875
1275
876
1276
862
877
1277
863
878
1278
864
879
1279
865
880
1280
866
881
1281
867
882
1282
868
883
1283
869
884
1284
870
885
1285
871
886
1286
872
887
1287
873
888
1288
874
889
1289
875
890
1290
876
891
1291
892
1292
878
893
1293
879
894
1294
880
895
1295
881
896
1296
882
897
1297
883
898
1298
884
899
1299
885
900
1300
886
901
1301
887
902
1302
888
903
1303
889
904
1304
890
905
1305
891
906
1306
892
907
1307
908
1308
894
909
1309
895
910
1310
896
911
1311
897
912
1312
898
913
1313
899
914
1314
900
915
1315
901
916
1316
902
917
1317
903
918
1318
904
919
1319
905
920
1320
906
921
1321
907
922
1322
908
923
1323
924
1324
910
925
1325
911
926
1326
912
927
1327
913
928
1328
914
929
1329
915
930
1330
916
931
1331
917
932
1332
918
933
1333
919
934
1334
920
935
1335
921
936
1336
922
937
1337
923
938
1338
924
939
1339
940
1340
926
941
1341
927
942
1342
928
943
1343
929
944
1344
930
945
1345
931
946
1346
932
947
1347
933
948
1348
934
949
1349
935
950
1350
936
951
1351
937
952
1352
938
953
1353
939
954
1354
940
955
1355
956
1356
942
957
1357
943
958
1358
944
959
1359
945
960
1360
946
961
1361
947
962
1362
948
963
1363
949
964
1364
950
965
1365
951
966
1366
952
967
1367
953
968
1368
954
969
1369
955
970
1370
956
971
1371
972
1372
958
973
1373
959
974
1374
960
975
1375
961
976
1376
962
977
1377
963
978
1378
964
979
1379
965
980
1380
966
981
1381
967
982
1382
968
983
1383
969
984
1384
970
985
1385
971
986
1386
972
987
1387
988
1388
974
989
1389
975
990
1390
976
991
1391
977
992
1392
978
993
1393
979
994
1394
980
995
1395
981
996
1396
982
997
1397
983
998
1398
984
999
1399
985
1000
1400
986
1001
1401
987
1002
1402
988
1003
1403
1004
1404
990
1005
1405
991
1006
1406
992
1007
1407
993
1008
1408
994
1009
1409
995
1010
1410
996
1011
1411
997
1012
1412
998
1013
1413
999
1014
1414
1000
1015
1415
1001
1016
1416
1002
1017
1417
1003
1018
1418
1004
1019
1419
1020
1420
1006
1021
1421
1007
1022
1422
1008
1023
1423
1009
1024
1424
1010
1025
1425
1011
1026
1426
1012
1027
1427
1013
1028
1428
1014
1029
1429
1015
1030
1430
1016
1031
1431
1017
1032
1432
1018
1033
1433
1019
1034
1434
1020
1035
1435
1036
1436
1022
1037
1437
1023
1038
1438
1024
1039
1439
1025
1040
1440
1026
1041
1441
1027
1042
1442
1028
1043
1443
1029
1044
1444
1030
1045
1445
1031
1046
1446
1032
1047
1447
1033
1048
1448
1034
1049
1449
1035
1050
1450
1036
1051
1451
1052
1452
1038
1053
1453
1039
1054
1454
1040
1055
1455
1041
1056
1456
1042
1057
1457
1043
1058
1458
1044
1059
1459
1045
1060
1460
1046
1061
1461
1047
1062
1462
1048
1063
1463
1049
1064
1464
1050
1065
1465
1051
1066
1466
1052
1067
1467
1068
1468
1054
1069
1469
1055
1070
1470
1056
1071
1471
1057
1072
1472
1058
1073
1473
1059
1074
1474
1060
1075
1475
1061
1076
1476
1062
1077
1477
1063
1078
1478
1064
1079
1479
1065
1080
1480
1066
1081
1481
1067
1082
1482
1068
1083
1483
1084
1484
1070
1085
1485
1071
1086
1486
1072
1087
1487
1073
1088
1488
1074
1089
1489
1075
1090
1490
1076
1091
1491
1077
1092
1492
1078
1093
1493
1079
1094
1494
1080
1095
1495
1081
1096
1496
1082
1097
1497
1083
1098
1498
1084
1099
1499
1100
1500
1086
1101
1501
1087
1102
1502
1088
1103
1503
1089
1104
1504
1090
1105
1505
1091
1106
1506
1092
1107
1507
1093
1108
1508
1094
1109
1509
1095
1110
1510
1096
1111
1511
1097
1112
1512
1098
1113
1513
1099
1114
1514
1100
1115
1515
1116
1516
1102
1118
1517
1103
1119
1518
1104
1120
1519
1105
1121
1520
1106
1122
1521
1107
1123
1522
1108
1124
1523
1109
1125
1524
1110
1126
1525
1111
1127
1526
1112
1128
1527
1113
1129
1528
1114
1130
1529
1115
1131
1530
1116
1132
1531
1117
1133
1532
1134
1119
1135
1533
1120
1136
1534
1121
1137
1535
1122
1138
1536
1123
1139
1537
1124
1140
1538
1125
1141
1539
1126
1142
1540
1127
1143
1541
1128
1144
1542
1129
1145
1543
1130
1146
1544
1131
1147
1545
1132
1148
1546
1133
1149
1547
1134
1150
1548
1151
1549
1136
1152
1550
1137
1153
1551
1138
1154
1552
1139
1155
1553
1140
1156
1554
1141
1157
1555
1142
1158
1556
1143
1159
1557
1144
1160
1558
1145
1161
1559
1146
1162
1560
1147
1163
1561
1148
1164
1562
1149
1165
1563
1150
1166
1564
1151
1167
1565
1168
1566
1153
1169
1567
1154
1170
1568
1155
1171
1569
1156
1172
1570
1157
1173
1571
1158
1174
1572
1159
1175
1573
1160
1176
1574
1161
1177
1575
1162
1178
1576
1163
1179
1577
1164
1180
1578
1165
1181
1579
1166
1182
1580
1167
1183
1581
1168
1184
1582
1185
1583
1170
1186
1584
1171
1187
1585
1172
1188
1586
1173
1189
1587
1174
1190
1588
1175
1191
1589
1176
1192
1590
1177
1193
1591
1178
1194
1592
1179
1195
1593
1180
1196
1594
1181
1197
1595
1182
1198
1596
1183
1199
1597
1184
1200
1598
1185
1201
1599
1202
1600
1187
1203
1601
1188
1204
1602
1189
1205
1603
1190
1206
1604
1191
1207
1605
1192
1208
1606
1193
1209
1607
1194
1210
1608
1195
1211
1609
1196
1212
1610
1197
1213
1611
1198
1214
1612
1199
1215
1613
1200
1216
1614
1201
1217
1615
1202
1218
1616
1219
1617
1204
1220
1618
1205
1221
1619
1206
1222
1620
1207
1223
1621
1208
1224
1622
1209
1225
1623
1210
1226
1624
1211
1227
1625
1212
1228
1626
1213
1229
1627
1214
1230
1628
1215
1231
1629
1216
1232
1630
1217
1233
1631
1218
1234
1632
1219
1235
1633
1236
1634
1221
1237
1635
1222
1238
1636
1223
1239
1637
1224
1240
1638
1225
1241
1639
1226
1242
1640
1227
1243
1641
1228
1244
1642
1229
1643
1230
1644
1231
1645
1232
1646
1233
1647
1234
1648
1235
1649
1236
1650
1651
1238
1652
1239
1653
1240
1654
1241
1655
1242
1656
1243
1657
1244
1658
1659
1246
1261
1663
1247
1262
1664
1248
1263
1665
1249
1264
1666
1250
1265
1667
1251
1266
1668
1252
1267
1669
1253
1268
1670
1254
1269
1671
1255
1270
1672
1256
1271
1673
1257
1272
1674
1258
1273
1675
1259
1274
1676
1260
1275
1677
1276
1678
1262
1277
1679
1263
1278
1680
1264
1279
1681
1265
1280
1682
1266
1281
1683
1267
1282
1684
1268
1283
1685
1269
1284
1686
1270
1285
1687
1271
1286
1688
1272
1287
1689
1273
1288
1690
1274
1289
1691
1275
1290
1692
1276
1291
1693
1292
1694
1278
1293
1695
1279
1294
1696
1280
1295
1697
1281
1296
1698
1282
1297
1699
1283
1298
1700
1284
1299
1701
1285
1300
1702
1286
1301
1703
1287
1302
1704
1288
1303
1705
1289
1304
1706
1290
1305
1707
1291
1306
1708
1292
1307
1709
1308
1710
1294
1309
1711
1295
1310
1712
1296
1311
1713
1297
1312
1714
1298
1313
1715
1299
1314
1716
1300
1315
1717
1301
1316
1718
1302
1317
1719
1303
1318
1720
1304
1319
1721
1305
1320
1722
1306
1321
1723
1307
1322
1724
1308
1323
1725
1324
1726
1310
1325
1727
1311
1326
1728
1312
1327
1729
1313
1328
1730
1314
1329
1731
1315
1330
1732
1316
1331
1733
1317
1332
1734
1318
1333
1735
1319
1334
1736
1320
1335
1737
1321
1336
1738
1322
1337
1739
1323
1338
1740
1324
1339
1741
1340
1742
1326
1341
1743
1327
1342
1744
1328
1343
1745
1329
1344
1746
1330
1345
1747
1331
1346
1748
1332
1347
1749
1333
1348
1750
1334
1349
1751
1335
1350
1752
1336
1351
1753
1337
1352
1754
1338
1353
1755
1339
1354
1756
1340
1355
1757
1356
1758
1342
1357
1759
1343
1358
1760
1344
1359
1761
1345
1360
1762
1346
1361
1763
1347
1362
1764
1348
1363
1765
1349
1364
1766
1350
1365
1767
1351
1366
1768
1352
1367
1769
1353
1368
1770
1354
1369
1771
1355
1370
1772
1356
1371
1773
1372
1774
1358
1373
1775
1359
1374
1776
1360
1375
1777
1361
1376
1778
1362
1377
1779
1363
1378
1780
1364
1379
1781
1365
1380
1782
1366
1381
1783
1367
1382
1784
1368
1383
1785
1369
1384
1786
1370
1385
1787
1371
1386
1788
1372
1387
1789
1388
1790
1374
1389
1791
1375
1390
1792
1376
1391
1793
1377
1392
1794
1378
1393
1795
1379
1394
1796
1380
1395
1797
1381
1396
1798
1382
1397
1799
1383
1398
1800
1384
1399
1801
1385
1400
1802
1386
1401
1803
1387
1402
1804
1388
1403
1805
1404
1806
1390
1405
1807
1391
1406
1808
1392
1407
1809
1393
1408
1810
1394
1409
1811
1395
1410
1812
1396
1411
1813
1397
1412
1814
1398
1413
1815
1399
1414
1816
1400
1415
1817
1401
1416
1818
1402
1417
1819
1403
1418
1820
1404
1419
1821
1420
1822
1406
1421
1823
1407
1422
1824
1408
1423
1825
1409
1424
1826
1410
1425
1827
1411
1426
1828
1412
1427
1829
1413
1428
1830
1414
1429
1831
1415
1430
1832
1416
1431
1833
1417
1432
1834
1418
1433
1835
1419
1434
1836
1420
1435
1837
1436
1838
1422
1437
1839
1423
1438
1840
1424
1439
1841
1425
1440
1842
1426
1441
1843
1427
1442
1844
1428
1443
1845
1429
1444
1846
1430
1445
1847
1431
1446
1848
1432
1447
1849
1433
1448
1850
1434
1449
1851
1435
1450
1852
1436
1451
1853
1452
1854
1438
1453
1855
1439
1454
1856
1440
1455
1857
1441
1456
1858
1442
1457
1859
1443
1458
1860
1444
1459
1861
1445
1460
1862
1446
1461
1863
1447
1462
1864
1448
1463
1865
1449
1464
1866
1450
1465
1867
1451
1466
1868
1452
1467
1869
1468
1870
1454
1469
1871
1455
1470
1872
1456
1471
1873
1457
1472
1874
1458
1473
1875
1459
1474
1876
1460
1475
1877
1461
1476
1878
1462
1477
1879
1463
1478
1880
1464
1479
1881
1465
1480
1882
1466
1481
1883
1467
1482
1884
1468
1483
1885
1484
1886
1470
1485
1887
1471
1486
1888
1472
1487
1889
1473
1488
1890
1474
1489
1891
1475
1490
1892
1476
1491
1893
1477
1492
1894
1478
1493
1895
1479
1494
1896
1480
1495
1897
1481
1496
1898
1482
1497
1899
1483
1498
1900
1484
1499
1901
1500
1902
1486
1501
1903
1487
1502
1904
1488
1503
1905
1489
1504
1906
1490
1505
1907
1491
1506
1908
1492
1507
1909
1493
1508
1910
1494
1509
1911
1495
1510
1912
1496
1511
1913
1497
1512
1914
1498
1513
1915
1499
1514
1916
1500
1515
1917
1516
1918
1502
1517
1919
1503
1518
1920
1504
1519
1921
1505
1520
1922
1506
1521
1923
1507
1522
1924
1508
1523
1925
1509
1524
1926
1510
1525
1927
1511
1526
1928
1512
1527
1929
1513
1528
1930
1514
1529
1931
1515
1530
1932
1516
1531
1933
1532
1934
1518
1533
1935
1519
1534
1936
1520
1535
1937
1521
1536
1938
1522
1537
1939
1523
1538
1940
1524
1539
1941
1525
1540
1942
1526
1541
1943
1527
1542
1944
1528
1543
1945
1529
1544
1946
1530
1545
1947
1531
1546
1948
1532
1547
1949
1548
1950
1534
1550
1951
1535
1551
1952
1536
1552
1953
1537
1553
1954
1538
1554
1955
1539
1555
1956
1540
1556
1957
1541
1557
1958
1542
1558
1959
1543
1559
1960
1544
1560
1961
1545
1561
1962
1546
1562
1963
1547
1563
1964
1548
1564
1965
1549
1565
1966
1566
1551
1567
1967
1552
1568
1968
1553
1569
1969
1554
1570
1970
1555
1571
1971
1556
1572
1972
1557
1573
1973
1558
1574
1974
1559
1575
1975
1560
1576
1976
1561
1577
1977
1562
1578
1978
1563
1579
1979
1564
1580
1980
1565
1581
1981
1566
1582
1982
1583
1983
1568
1584
1984
1569
1585
1985
1570
1586
1986
1571
1587
1987
1572
1588
1988
1573
1589
1989
1574
1590
1990
1575
1591
1991
1576
1592
1992
1577
1593
1993
1578
1594
1994
1579
1595
1995
1580
1596
1996
1581
1597
1997
1582
1598
1998
1583
1599
1999
1600
2000
1585
1601
2001
1586
1602
2002
1587
1603
2003
1588
1604
2004
1589
1605
2005
1590
1606
2006
1591
1607
2007
1592
1608
2008
1593
1609
2009
1594
1610
2010
1595
1611
2011
1596
1612
2012
1597
1613
2013
1598
1614
2014
1599
1615
2015
1600
1616
2016
1617
2017
1602
1618
2018
1603
1619
2019
1604
1620
2020
1605
1621
2021
1606
1622
2022
1607
1623
2023
1608
1624
2024
1609
1625
2025
1610
1626
2026
1611
1627
2027
1612
1628
2028
1613
1629
2029
1614
1630
2030
1615
1631
2031
1616
1632
2032
1617
1633
2033
1634
2034
1619
1635
2035
1620
1636
2036
1621
1637
2037
1622
1638
2038
1623
1639
2039
1624
1640
2040
1625
1641
2041
1626
1642
2042
1627
1643
2043
1628
1644
2044
1629
1645
2045
1630
1646
2046
1631
1647
2047
1632
1648
2048
1633
1649
2049
1634
1650
2050
1651
2051
1636
1652
2052
1637
1653
2053
1638
1654
2054
1639
1655
2055
1640
1656
2056
1641
1657
2057
1642
1658
2058
1643
1659
2059
1644
1660
2060
1645
1661
2061
1646
1662
2062
1647
2063
1648
2064
1649
2065
1650
2066
1651
2067
2068
1653
2069
1654
2070
1655
2071
1656
2072
1657
2073
1658
2074
1659
2075
1660
2076
1661
2077
1662
2078
2079
1664
1679
1665
1680
1666
1681
1667
1682
1668
1683
1669
1684
1670
1685
1671
1686
1672
1687
1673
1688
1674
1689
1675
1690
1676
1691
1677
1692
1678
1693
1694
1680
1695
1681
1696
1682
1697
1683
1698
1684
1699
1685
1700
1686
1701
1687
1702
1688
1703
1689
1704
1690
1705
1691
1706
1692
1707
1693
1708
1694
1709
1710
1696
1711
1697
1712
1698
1713
1699
1714
1700
1715
1701
1716
1702
1717
1703
1718
1704
1719
1705
1720
1706
1721
1707
1722
1708
1723
1709
1724
1710
1725
1726
1712
1727
1713
1728
1714
1729
1715
1730
1716
1731
1717
1732
1718
1733
1719
1734
1720
1735
1721
1736
1722
1737
1723
1738
1724
1739
1725
1740
1726
1741
1742
1728
1743
1729
1744
1730
1745
1731
1746
1732
1747
1733
1748
1734
1749
1735
1750
1736
1751
1737
1752
1738
1753
1739
1754
1740
1755
1741
1756
1742
1757
1758
1744
1759
1745
1760
1746
1761
1747
1762
1748
1763
1749
1764
1750
1765
1751
1766
1752
1767
1753
1768
1754
1769
1755
1770
1756
1771
1757
1772
1758
1773
1774
1760
1775
1761
1776
1762
1777
1763
1778
1764
1779
1765
1780
1766
1781
1767
1782
1768
1783
1769
1784
1770
1785
1771
1786
1772
1787
1773
1788
1774
1789
1790
1776
1791
1777
1792
1778
1793
1779
1794
1780
1795
1781
1796
1782
1797
1783
1798
1784
1799
1785
1800
1786
1801
1787
1802
1788
1803
1789
1804
1790
1805
1806
1792
1807
1793
1808
1794
1809
1795
1810
1796
1811
1797
1812
1798
1813
1799
1814
1800
1815
1801
1816
1802
1817
1803
1818
1804
1819
1805
1820
1806
1821
1822
1808
1823
1809
1824
1810
1825
1811
1826
1812
1827
1813
1828
1814
1829
1815
1830
1816
1831
1817
1832
1818
1833
1819
1834
1820
1835
1821
1836
1822
1837
1838
1824
1839
1825
1840
1826
1841
1827
1842
1828
1843
1829
1844
1830
1845
1831
1846
1832
1847
1833
1848
1834
1849
1835
1850
1836
1851
1837
1852
1838
1853
1854
1840
1855
1841
1856
1842
1857
1843
1858
1844
1859
1845
1860
1846
1861
1847
1862
1848
1863
1849
1864
1850
1865
1851
1866
1852
1867
1853
1868
1854
1869
1870
1856
1871
1857
1872
1858
1873
1859
1874
1860
1875
1861
1876
1862
1877
1863
1878
1864
1879
1865
1880
1866
1881
1867
1882
1868
1883
1869
1884
1870
1885
1886
1872
1887
1873
1888
1874
1889
1875
1890
1876
1891
1877
1892
1878
1893
1879
1894
1880
1895
1881
1896
1882
1897
1883
1898
1884
1899
1885
1900
1886
1901
1902
1888
1903
1889
1904
1890
1905
1891
1906
1892
1907
1893
1908
1894
1909
1895
1910
1896
1911
1897
1912
1898
1913
1899
1914
1900
1915
1901
1916
1902
1917
1918
1904
1919
1905
1920
1906
1921
1907
1922
1908
1923
1909
1924
1910
1925
1911
1926
1912
1927
1913
1928
1914
1929
1915
1930
1916
1931
1917
1932
1918
1933
1934
1920
1935
1921
1936
1922
1937
1923
1938
1924
1939
1925
1940
1926
1941
1927
1942
1928
1943
1929
1944
1930
1945
1931
1946
1932
1947
1933
1948
1934
1949
1950
1936
1951
1937
1952
1938
1953
1939
1954
1940
1955
1941
1956
1942
1957
1943
1958
1944
1959
1945
1960
1946
1961
1947
1962
1948
1963
1949
1964
1950
1965
1966
1952
1967
1953
1968
1954
1969
1955
1970
1956
1971
1957
1972
1958
1973
1959
1974
1960
1975
1961
1976
1962
1977
1963
1978
1964
1979
1965
1980
1966
1981
1982
1968
1984
1969
1985
1970
1986
1971
1987
1972
1988
1973
1989
1974
1990
1975
1991
1976
1992
1977
1993
1978
1994
1979
1995
1980
1996
1981
1997
1982
1998
1983
1999
2000
1985
2001
1986
2002
1987
2003
1988
2004
1989
2005
1990
2006
1991
2007
1992
2008
1993
2009
1994
2010
1995
2011
1996
2012
1997
2013
1998
2014
1999
2015
2000
2016
2017
2002
2018
2003
2019
2004
2020
2005
2021
2006
2022
2007
2023
2008
2024
2009
2025
2010
2026
2011
2027
2012
2028
2013
2029
2014
2030
2015
2031
2016
2032
2017
2033
2034
2019
2035
2020
2036
2021
2037
2022
2038
2023
2039
2024
2040
2025
2041
2026
2042
2027
2043
2028
2044
2029
2045
2030
2046
2031
2047
2032
2048
2033
2049
2034
2050
2051
2036
2052
2037
2053
2038
2054
2039
2055
2040
2056
2041
2057
2042
2058
2043
2059
2044
2060
2045
2061
2046
2062
2047
2063
2048
2064
2049
2065
2050
2066
2051
2067
2068
2053
2069
2054
2070
2055
2071
2056
2072
2057
2073
2058
2074
2059
2075
2060
2076
2061
2077
2062
2078
2063
2079
2064
2080
2065
2081
2066
2082
2067
2068
2070
2071
2072
2073
2074
2075
2076
2077
2078
2079
2080
2081
2082
)


// ************************************************************************* //
