/*--------------------------------*- C++ -*----------------------------------*\
  =========                 |
  \\      /  F ield         | OpenFOAM: The Open Source CFD Toolbox
   \\    /   O peration     | Website:  https://openfoam.org
    \\  /    A nd           | Version:  10
     \\/     M anipulation  |
\*---------------------------------------------------------------------------*/
FoamFile
{
    format      ascii;
    class       volScalarField;
    location    "20";
    object      k;
}
// * * * * * * * * * * * * * * * * * * * * * * * * * * * * * * * * * * * * * //

dimensions      [0 2 -2 0 0 0 0];

internalField   nonuniform List<scalar> 
2084
(
0.227859
0.227856
0.227856
0.227856
0.227856
0.227856
0.227856
0.227856
0.227946
0.228234
0.229032
0.231106
0.234582
0.227858
0.227855
0.227852
0.227849
0.227846
0.227846
0.227846
0.227846
0.227846
0.227846
0.227846
0.227846
0.227938
0.228227
0.229027
0.231105
0.234582
0.227849
0.227846
0.227846
0.227846
0.227846
0.227846
0.227846
0.227846
0.227846
0.227846
0.227846
0.227846
0.227938
0.228227
0.229027
0.231105
0.234582
0.227849
0.227846
0.227846
0.227846
0.227846
0.227846
0.227846
0.227846
0.227846
0.227846
0.227846
0.227846
0.227938
0.228227
0.229027
0.231105
0.234582
0.227849
0.227846
0.227846
0.227846
0.227846
0.227846
0.227846
0.227846
0.227846
0.227846
0.227846
0.227846
0.227938
0.228227
0.229027
0.231105
0.234582
0.227849
0.227846
0.227846
0.227846
0.227846
0.227846
0.227846
0.227846
0.227846
0.227846
0.227846
0.227846
0.227938
0.228227
0.229027
0.231105
0.234582
0.227849
0.227846
0.227846
0.227846
0.227846
0.227846
0.227846
0.227846
0.227846
0.227846
0.227846
0.227846
0.227938
0.228227
0.229027
0.231105
0.234582
0.227849
0.227846
0.227846
0.227846
0.227846
0.227846
0.227846
0.227846
0.227846
0.227846
0.227846
0.227938
0.228227
0.229027
0.231105
0.234582
0.227849
0.227846
0.227846
0.227846
0.227846
0.227846
0.227846
0.227846
0.227846
0.227846
0.227846
0.227938
0.228227
0.229027
0.231105
0.234582
0.227849
0.227846
0.227846
0.227846
0.227846
0.227846
0.227846
0.227846
0.227846
0.227846
0.227846
0.227938
0.228227
0.229027
0.231105
0.234582
0.227849
0.227846
0.227846
0.227846
0.227846
0.227846
0.227846
0.227846
0.227846
0.227846
0.227846
0.227938
0.228227
0.229027
0.231105
0.234582
0.227849
0.227846
0.227846
0.227846
0.227846
0.227846
0.227846
0.227846
0.227846
0.227846
0.227846
0.227938
0.228227
0.229027
0.231105
0.234582
0.227849
0.227846
0.227846
0.227846
0.227846
0.227846
0.227846
0.227846
0.227846
0.227846
0.227846
0.227938
0.228227
0.229027
0.231105
0.234582
0.227849
0.227846
0.227846
0.227846
0.227846
0.227846
0.227846
0.227846
0.227846
0.227846
0.227846
0.227938
0.228227
0.229027
0.231105
0.234582
0.227849
0.227846
0.227846
0.227846
0.227846
0.227846
0.227846
0.227846
0.227846
0.227846
0.227846
0.227938
0.228227
0.229027
0.231105
0.234582
0.227849
0.227846
0.227846
0.227846
0.227846
0.227846
0.227846
0.227846
0.227846
0.227846
0.227846
0.227938
0.228227
0.229027
0.231105
0.234582
0.227849
0.227846
0.227846
0.227846
0.227846
0.227846
0.227846
0.227846
0.227846
0.227846
0.227846
0.227938
0.228227
0.229027
0.231105
0.234582
0.227849
0.227846
0.227846
0.227846
0.227846
0.227846
0.227846
0.227846
0.227846
0.227846
0.227846
0.227938
0.228227
0.229027
0.231105
0.234582
0.227849
0.227846
0.227846
0.227846
0.227846
0.227846
0.227846
0.227846
0.227846
0.227846
0.227846
0.227938
0.228227
0.229027
0.231105
0.234582
0.227849
0.227846
0.227846
0.227846
0.227846
0.227846
0.227846
0.227846
0.227846
0.227846
0.227846
0.227938
0.228227
0.229027
0.231105
0.234582
0.227849
0.227846
0.227846
0.227846
0.227846
0.227846
0.227846
0.227846
0.227846
0.227846
0.227846
0.227938
0.228227
0.229027
0.231105
0.234582
0.227849
0.227846
0.227846
0.227846
0.227846
0.227846
0.227846
0.227846
0.227846
0.227846
0.227846
0.227938
0.228227
0.229027
0.231105
0.234582
0.227849
0.227846
0.227846
0.227846
0.227846
0.227846
0.227846
0.227846
0.227846
0.227846
0.227846
0.227938
0.228227
0.229027
0.231105
0.234582
0.227849
0.227846
0.227846
0.227846
0.227846
0.227846
0.227846
0.227846
0.227846
0.227846
0.227846
0.227938
0.228227
0.229027
0.231105
0.234582
0.227849
0.227846
0.227846
0.227846
0.227846
0.227846
0.227846
0.227846
0.227846
0.227846
0.227846
0.227937
0.228227
0.229027
0.231105
0.234582
0.227801
0.227798
0.227798
0.227798
0.227798
0.227798
0.227798
0.227798
0.227798
0.227798
0.227799
0.227892
0.228185
0.228994
0.231087
0.234575
0.218003
0.218
0.218
0.218
0.217998
0.217989
0.21811
0.218529
0.219794
0.22335
0.229644
0.218003
0.218
0.217999
0.217998
0.217995
0.217991
0.217988
0.217988
0.217988
0.217988
0.217986
0.217977
0.218099
0.218519
0.219787
0.22335
0.229644
0.217991
0.217988
0.217988
0.217988
0.217988
0.217988
0.217988
0.217988
0.217988
0.217988
0.217986
0.217977
0.218099
0.218519
0.219787
0.22335
0.229644
0.217991
0.217988
0.217988
0.217988
0.217988
0.217988
0.217988
0.217988
0.217988
0.217988
0.217986
0.217977
0.218099
0.218519
0.219787
0.22335
0.229644
0.217991
0.217988
0.217988
0.217988
0.217988
0.217988
0.217988
0.217988
0.217988
0.217988
0.217986
0.217977
0.218099
0.218519
0.219787
0.22335
0.229644
0.217991
0.217988
0.217988
0.217988
0.217988
0.217988
0.217988
0.217988
0.217988
0.217988
0.217986
0.217977
0.218099
0.218519
0.219787
0.22335
0.229644
0.217991
0.217988
0.217988
0.217988
0.217988
0.217988
0.217988
0.217988
0.217988
0.217988
0.217986
0.217977
0.218099
0.218519
0.219787
0.22335
0.229644
0.217992
0.217988
0.217988
0.217988
0.217988
0.217988
0.217988
0.217988
0.217988
0.217988
0.217986
0.217977
0.218099
0.218519
0.219787
0.22335
0.229644
0.217991
0.217988
0.217988
0.217988
0.217988
0.217988
0.217988
0.217988
0.217988
0.217986
0.217977
0.218099
0.218519
0.219787
0.22335
0.229644
0.217991
0.217988
0.217988
0.217988
0.217988
0.217988
0.217988
0.217988
0.217988
0.217986
0.217977
0.218099
0.218519
0.219787
0.22335
0.229644
0.217991
0.217988
0.217988
0.217988
0.217988
0.217988
0.217988
0.217988
0.217988
0.217986
0.217977
0.218099
0.218519
0.219787
0.22335
0.229644
0.217991
0.217988
0.217988
0.217988
0.217988
0.217988
0.217988
0.217988
0.217988
0.217986
0.217977
0.218099
0.218519
0.219787
0.22335
0.229644
0.217991
0.217988
0.217988
0.217988
0.217988
0.217988
0.217988
0.217988
0.217988
0.217986
0.217977
0.218099
0.218519
0.219787
0.22335
0.229644
0.217991
0.217988
0.217988
0.217988
0.217988
0.217988
0.217988
0.217988
0.217988
0.217986
0.217977
0.218099
0.218519
0.219787
0.22335
0.229644
0.217991
0.217988
0.217988
0.217988
0.217988
0.217988
0.217988
0.217988
0.217988
0.217986
0.217977
0.218099
0.218519
0.219787
0.22335
0.229644
0.217991
0.217988
0.217988
0.217988
0.217988
0.217988
0.217988
0.217988
0.217988
0.217986
0.217977
0.218099
0.218519
0.219787
0.22335
0.229644
0.217991
0.217988
0.217988
0.217988
0.217988
0.217988
0.217988
0.217988
0.217988
0.217986
0.217977
0.218099
0.218519
0.219787
0.22335
0.229644
0.217991
0.217988
0.217988
0.217988
0.217988
0.217988
0.217988
0.217988
0.217988
0.217986
0.217977
0.218099
0.218519
0.219787
0.22335
0.229644
0.217991
0.217988
0.217988
0.217988
0.217988
0.217988
0.217988
0.217988
0.217988
0.217986
0.217977
0.218099
0.218519
0.219787
0.22335
0.229644
0.217991
0.217988
0.217988
0.217988
0.217988
0.217988
0.217988
0.217988
0.217988
0.217986
0.217977
0.218099
0.218519
0.219787
0.22335
0.229644
0.217991
0.217988
0.217988
0.217988
0.217988
0.217988
0.217988
0.217988
0.217988
0.217986
0.217977
0.218099
0.218519
0.219787
0.22335
0.229644
0.217991
0.217988
0.217988
0.217988
0.217988
0.217988
0.217988
0.217988
0.217988
0.217986
0.217977
0.218099
0.218519
0.219787
0.22335
0.229644
0.217991
0.217988
0.217988
0.217988
0.217988
0.217988
0.217988
0.217988
0.217988
0.217986
0.217977
0.218099
0.218519
0.219787
0.22335
0.229644
0.217991
0.217988
0.217988
0.217988
0.217988
0.217988
0.217988
0.217988
0.217988
0.217986
0.217977
0.218099
0.218519
0.219787
0.22335
0.229644
0.217991
0.217987
0.217987
0.217987
0.217987
0.217987
0.217987
0.217987
0.217987
0.217986
0.217977
0.218099
0.218519
0.219787
0.22335
0.229644
0.21793
0.217926
0.217926
0.217926
0.217926
0.217926
0.217926
0.217926
0.217926
0.217925
0.217915
0.21804
0.218465
0.219742
0.223326
0.229634
0.217956
0.217951
0.217942
0.218063
0.218485
0.219754
0.223322
0.229631
0.217956
0.217952
0.217952
0.217952
0.217952
0.217952
0.217951
0.217947
0.217943
0.21794
0.217938
0.217929
0.218052
0.218475
0.219747
0.223322
0.229631
0.217943
0.21794
0.21794
0.21794
0.21794
0.21794
0.21794
0.21794
0.21794
0.21794
0.217938
0.217929
0.218052
0.218475
0.219747
0.223322
0.229631
0.217943
0.21794
0.21794
0.21794
0.21794
0.21794
0.21794
0.21794
0.21794
0.21794
0.217938
0.217929
0.218052
0.218475
0.219747
0.223322
0.229631
0.217943
0.21794
0.21794
0.21794
0.21794
0.21794
0.21794
0.21794
0.21794
0.21794
0.217938
0.217929
0.218052
0.218475
0.219747
0.223322
0.229631
0.217943
0.21794
0.21794
0.21794
0.21794
0.21794
0.21794
0.21794
0.21794
0.21794
0.217938
0.217929
0.218052
0.218475
0.219747
0.223322
0.229631
0.217943
0.21794
0.21794
0.21794
0.21794
0.21794
0.21794
0.21794
0.21794
0.21794
0.217938
0.217929
0.218052
0.218475
0.219747
0.223322
0.229631
0.217943
0.21794
0.21794
0.21794
0.21794
0.21794
0.21794
0.21794
0.21794
0.21794
0.217938
0.217929
0.218052
0.218475
0.219747
0.223322
0.229631
0.217945
0.21794
0.21794
0.21794
0.21794
0.21794
0.21794
0.21794
0.21794
0.21794
0.217938
0.217929
0.218052
0.218475
0.219747
0.223322
0.229631
0.217945
0.21794
0.21794
0.21794
0.21794
0.21794
0.21794
0.21794
0.21794
0.21794
0.217938
0.217929
0.218052
0.218475
0.219747
0.223322
0.229631
0.217943
0.21794
0.21794
0.21794
0.21794
0.21794
0.21794
0.21794
0.21794
0.217938
0.217929
0.218052
0.218475
0.219747
0.223322
0.229631
0.217943
0.21794
0.21794
0.21794
0.21794
0.21794
0.21794
0.21794
0.21794
0.217938
0.217929
0.218052
0.218475
0.219747
0.223322
0.229631
0.217943
0.21794
0.21794
0.21794
0.21794
0.21794
0.21794
0.21794
0.21794
0.217938
0.217929
0.218052
0.218475
0.219747
0.223322
0.229631
0.217943
0.21794
0.21794
0.21794
0.21794
0.21794
0.21794
0.21794
0.21794
0.217938
0.217929
0.218052
0.218475
0.219747
0.223322
0.229631
0.217943
0.21794
0.21794
0.21794
0.21794
0.21794
0.21794
0.21794
0.21794
0.217938
0.217929
0.218052
0.218475
0.219747
0.223322
0.229631
0.217943
0.21794
0.21794
0.21794
0.21794
0.21794
0.21794
0.21794
0.21794
0.217938
0.217929
0.218052
0.218475
0.219747
0.223322
0.229631
0.217943
0.21794
0.21794
0.21794
0.21794
0.21794
0.21794
0.21794
0.21794
0.217938
0.217929
0.218052
0.218475
0.219747
0.223322
0.229631
0.217943
0.21794
0.21794
0.21794
0.21794
0.21794
0.21794
0.21794
0.21794
0.217938
0.217929
0.218052
0.218475
0.219747
0.223322
0.229631
0.217943
0.21794
0.21794
0.21794
0.21794
0.21794
0.21794
0.21794
0.21794
0.217938
0.217929
0.218052
0.218475
0.219747
0.223322
0.229631
0.217943
0.21794
0.21794
0.21794
0.21794
0.21794
0.21794
0.21794
0.21794
0.217938
0.217929
0.218052
0.218475
0.219747
0.223322
0.229631
0.217943
0.21794
0.21794
0.21794
0.21794
0.21794
0.21794
0.21794
0.21794
0.217938
0.217929
0.218052
0.218475
0.219747
0.223322
0.229631
0.217943
0.21794
0.21794
0.21794
0.21794
0.21794
0.21794
0.21794
0.21794
0.217938
0.217929
0.218052
0.218475
0.219747
0.223322
0.229631
0.217943
0.21794
0.21794
0.21794
0.21794
0.21794
0.21794
0.21794
0.21794
0.217938
0.217929
0.218052
0.218475
0.219747
0.223322
0.229631
0.217943
0.21794
0.21794
0.21794
0.21794
0.21794
0.21794
0.21794
0.21794
0.217938
0.217929
0.218052
0.218475
0.219747
0.223322
0.229631
0.217943
0.21794
0.21794
0.21794
0.21794
0.21794
0.21794
0.21794
0.21794
0.217938
0.217929
0.218052
0.218474
0.219747
0.223322
0.229631
0.217882
0.217878
0.217878
0.217878
0.217878
0.217878
0.217878
0.217878
0.217878
0.217877
0.217867
0.217993
0.21842
0.219702
0.223297
0.22962
0.217938
0.218057
0.218478
0.219749
0.223319
0.229629
0.217949
0.217945
0.217945
0.217945
0.217945
0.217945
0.217945
0.217945
0.217944
0.21794
0.217935
0.217922
0.218045
0.218468
0.219742
0.223319
0.229629
0.217936
0.217933
0.217933
0.217933
0.217933
0.217933
0.217933
0.217933
0.217933
0.217933
0.217931
0.217922
0.218045
0.218468
0.219742
0.223319
0.229629
0.217936
0.217933
0.217933
0.217933
0.217933
0.217933
0.217933
0.217933
0.217933
0.217933
0.217931
0.217922
0.218045
0.218468
0.219742
0.223319
0.229629
0.217936
0.217933
0.217933
0.217933
0.217933
0.217933
0.217933
0.217933
0.217933
0.217933
0.217931
0.217922
0.218045
0.218468
0.219742
0.223319
0.229629
0.217936
0.217933
0.217933
0.217933
0.217933
0.217933
0.217933
0.217933
0.217933
0.217933
0.217931
0.217922
0.218045
0.218468
0.219742
0.223319
0.229629
0.217936
0.217933
0.217933
0.217933
0.217933
0.217933
0.217933
0.217933
0.217933
0.217933
0.217931
0.217922
0.218045
0.218468
0.219742
0.223319
0.229629
0.217936
0.217933
0.217933
0.217933
0.217933
0.217933
0.217933
0.217933
0.217933
0.217933
0.217931
0.217922
0.218045
0.218468
0.219742
0.223319
0.229629
0.217936
0.217933
0.217933
0.217933
0.217933
0.217933
0.217933
0.217933
0.217933
0.217933
0.217931
0.217922
0.218045
0.218468
0.219742
0.223319
0.229629
0.217936
0.217933
0.217933
0.217933
0.217933
0.217933
0.217933
0.217933
0.217933
0.217933
0.217931
0.217922
0.218045
0.218468
0.219742
0.223319
0.229629
0.217938
0.217933
0.217933
0.217933
0.217933
0.217933
0.217933
0.217933
0.217933
0.217933
0.217931
0.217922
0.218045
0.218468
0.219742
0.223319
0.229629
0.217936
0.217933
0.217933
0.217933
0.217933
0.217933
0.217933
0.217933
0.217933
0.217931
0.217922
0.218045
0.218468
0.219742
0.223319
0.229629
0.217936
0.217933
0.217933
0.217933
0.217933
0.217933
0.217933
0.217933
0.217933
0.217931
0.217922
0.218045
0.218468
0.219742
0.223319
0.229629
0.217936
0.217933
0.217933
0.217933
0.217933
0.217933
0.217933
0.217933
0.217933
0.217931
0.217922
0.218045
0.218468
0.219742
0.223319
0.229629
0.217936
0.217933
0.217933
0.217933
0.217933
0.217933
0.217933
0.217933
0.217933
0.217931
0.217922
0.218045
0.218468
0.219742
0.223319
0.229629
0.217936
0.217933
0.217933
0.217933
0.217933
0.217933
0.217933
0.217933
0.217933
0.217931
0.217922
0.218045
0.218468
0.219742
0.223319
0.229629
0.217936
0.217933
0.217933
0.217933
0.217933
0.217933
0.217933
0.217933
0.217933
0.217931
0.217922
0.218045
0.218468
0.219742
0.223319
0.229629
0.217936
0.217933
0.217933
0.217933
0.217933
0.217933
0.217933
0.217933
0.217933
0.217931
0.217922
0.218045
0.218468
0.219742
0.223319
0.229629
0.217936
0.217933
0.217933
0.217933
0.217933
0.217933
0.217933
0.217933
0.217933
0.217931
0.217922
0.218045
0.218468
0.219742
0.223319
0.229629
0.217936
0.217933
0.217933
0.217933
0.217933
0.217933
0.217933
0.217933
0.217933
0.217931
0.217922
0.218045
0.218468
0.219742
0.223319
0.229629
0.217936
0.217933
0.217933
0.217933
0.217933
0.217933
0.217933
0.217933
0.217933
0.217931
0.217922
0.218045
0.218468
0.219742
0.223319
0.229629
0.217936
0.217933
0.217933
0.217933
0.217933
0.217933
0.217933
0.217933
0.217933
0.217931
0.217922
0.218045
0.218468
0.219742
0.223319
0.229629
0.217936
0.217933
0.217933
0.217933
0.217933
0.217933
0.217933
0.217933
0.217933
0.217931
0.217922
0.218045
0.218468
0.219742
0.223319
0.229629
0.217936
0.217933
0.217933
0.217933
0.217933
0.217933
0.217933
0.217933
0.217933
0.217931
0.217922
0.218045
0.218468
0.219742
0.223319
0.229629
0.217936
0.217933
0.217933
0.217933
0.217933
0.217933
0.217933
0.217933
0.217933
0.217931
0.217922
0.218045
0.218468
0.219742
0.223319
0.229629
0.217875
0.217872
0.217872
0.217872
0.217872
0.217872
0.217872
0.217872
0.217872
0.21787
0.217861
0.217986
0.218414
0.219697
0.223294
0.229619
0.219607
0.223221
0.22958
0.217764
0.217761
0.217761
0.217761
0.217761
0.217761
0.217761
0.217761
0.217761
0.217761
0.217758
0.217749
0.217873
0.218303
0.219598
0.223221
0.22958
0.217753
0.21775
0.21775
0.21775
0.21775
0.21775
0.21775
0.21775
0.21775
0.21775
0.217748
0.21774
0.217867
0.218301
0.219598
0.223221
0.22958
0.217753
0.21775
0.21775
0.21775
0.21775
0.21775
0.21775
0.21775
0.21775
0.21775
0.217748
0.21774
0.217867
0.218301
0.219598
0.223221
0.22958
0.217753
0.21775
0.21775
0.21775
0.21775
0.21775
0.21775
0.21775
0.21775
0.21775
0.217748
0.21774
0.217867
0.218301
0.219598
0.223221
0.22958
0.217753
0.21775
0.21775
0.21775
0.21775
0.21775
0.21775
0.21775
0.21775
0.21775
0.217748
0.21774
0.217867
0.218301
0.219598
0.223221
0.22958
0.217753
0.21775
0.21775
0.21775
0.21775
0.21775
0.21775
0.21775
0.21775
0.21775
0.217748
0.21774
0.217867
0.218301
0.219598
0.223221
0.22958
0.217753
0.21775
0.21775
0.21775
0.21775
0.21775
0.21775
0.21775
0.21775
0.21775
0.217748
0.21774
0.217867
0.218301
0.219598
0.223221
0.22958
0.217753
0.21775
0.21775
0.21775
0.21775
0.21775
0.21775
0.21775
0.21775
0.21775
0.217748
0.21774
0.217867
0.218301
0.219598
0.223221
0.22958
0.217753
0.21775
0.21775
0.21775
0.21775
0.21775
0.21775
0.21775
0.21775
0.21775
0.217748
0.21774
0.217867
0.218301
0.219598
0.223221
0.22958
0.217753
0.21775
0.21775
0.21775
0.21775
0.21775
0.21775
0.21775
0.21775
0.21775
0.217748
0.21774
0.217867
0.218301
0.219598
0.223221
0.22958
0.217755
0.21775
0.21775
0.21775
0.21775
0.21775
0.21775
0.21775
0.21775
0.21775
0.217748
0.21774
0.217867
0.218301
0.219598
0.223221
0.22958
0.217753
0.21775
0.21775
0.21775
0.21775
0.21775
0.21775
0.21775
0.21775
0.217748
0.21774
0.217867
0.218301
0.219598
0.223221
0.22958
0.217753
0.21775
0.21775
0.21775
0.21775
0.21775
0.21775
0.21775
0.21775
0.217748
0.21774
0.217867
0.218301
0.219598
0.223221
0.22958
0.217753
0.21775
0.21775
0.21775
0.21775
0.21775
0.21775
0.21775
0.21775
0.217748
0.21774
0.217867
0.218301
0.219598
0.223221
0.22958
0.217753
0.21775
0.21775
0.21775
0.21775
0.21775
0.21775
0.21775
0.21775
0.217748
0.21774
0.217867
0.218301
0.219598
0.223221
0.22958
0.217753
0.21775
0.21775
0.21775
0.21775
0.21775
0.21775
0.21775
0.21775
0.217748
0.21774
0.217867
0.218301
0.219598
0.223221
0.22958
0.217753
0.21775
0.21775
0.21775
0.21775
0.21775
0.21775
0.21775
0.21775
0.217748
0.21774
0.217867
0.218301
0.219598
0.223221
0.22958
0.217753
0.21775
0.21775
0.21775
0.21775
0.21775
0.21775
0.21775
0.21775
0.217748
0.21774
0.217867
0.218301
0.219598
0.223221
0.22958
0.217753
0.21775
0.21775
0.21775
0.21775
0.21775
0.21775
0.21775
0.21775
0.217748
0.21774
0.217867
0.218301
0.219598
0.223221
0.22958
0.217753
0.21775
0.21775
0.21775
0.21775
0.21775
0.21775
0.21775
0.21775
0.217748
0.21774
0.217867
0.218301
0.219598
0.223221
0.22958
0.217753
0.21775
0.21775
0.21775
0.21775
0.21775
0.21775
0.21775
0.21775
0.217748
0.21774
0.217867
0.218301
0.219598
0.223221
0.22958
0.217753
0.21775
0.21775
0.21775
0.21775
0.21775
0.21775
0.21775
0.21775
0.217748
0.21774
0.217867
0.218301
0.219598
0.223221
0.22958
0.217753
0.21775
0.21775
0.21775
0.21775
0.21775
0.21775
0.21775
0.21775
0.217748
0.21774
0.217867
0.218301
0.219598
0.223221
0.22958
0.217753
0.21775
0.21775
0.21775
0.21775
0.21775
0.21775
0.21775
0.21775
0.217748
0.217739
0.217867
0.218301
0.219598
0.223221
0.22958
0.217699
0.217696
0.217696
0.217696
0.217696
0.217696
0.217696
0.217696
0.217696
0.217694
0.217685
0.217815
0.218253
0.219559
0.223199
0.229571
)
;

boundaryField
{
    frontAndBack
    {
        type            slip;
    }
    inlet
    {
        type            fixedValue;
        value           uniform 0.24;
    }
    outlet
    {
        type            inletOutlet;
        inletValue      nonuniform List<scalar> 0();
        value           nonuniform List<scalar> 0();
    }
    lowerWall
    {
        type            kqRWallFunction;
        value           nonuniform List<scalar> 
419
(
0.227858
0.227849
0.227849
0.227849
0.227849
0.227849
0.227855
0.227846
0.227846
0.227846
0.227846
0.227846
0.227849
0.227849
0.227849
0.227849
0.227849
0.227849
0.227849
0.227849
0.227849
0.227849
0.227849
0.227849
0.227849
0.227849
0.227849
0.227849
0.227849
0.227849
0.227801
0.227852
0.227846
0.227846
0.227846
0.227846
0.227846
0.227846
0.227846
0.227846
0.227846
0.227846
0.227846
0.227846
0.227846
0.227846
0.227846
0.227846
0.227846
0.227846
0.227846
0.227846
0.227846
0.227846
0.227846
0.227798
0.227849
0.227846
0.227846
0.227846
0.227846
0.227846
0.227846
0.227846
0.227846
0.227846
0.227846
0.227846
0.227846
0.227846
0.227846
0.227846
0.227846
0.227846
0.227846
0.227846
0.227846
0.227846
0.227846
0.227846
0.227798
0.227859
0.227846
0.227846
0.227846
0.227846
0.227846
0.227846
0.227846
0.227846
0.227846
0.227846
0.227846
0.227846
0.227846
0.227846
0.227846
0.227846
0.227846
0.227846
0.227846
0.227846
0.227846
0.227846
0.227846
0.227846
0.227798
0.227856
0.227846
0.227846
0.227846
0.227846
0.227846
0.227846
0.227846
0.227846
0.227846
0.227846
0.227846
0.227846
0.227846
0.227846
0.227846
0.227846
0.227846
0.227846
0.227846
0.227846
0.227846
0.227846
0.227846
0.227846
0.227798
0.227856
0.227846
0.227846
0.227846
0.227846
0.227846
0.227846
0.227846
0.227846
0.227846
0.227846
0.227846
0.227846
0.227846
0.227846
0.227846
0.227846
0.227846
0.227846
0.227846
0.227846
0.227846
0.227846
0.227846
0.227846
0.227798
0.227856
0.227846
0.227846
0.227846
0.227846
0.227846
0.227846
0.227846
0.227846
0.227846
0.227846
0.227846
0.227846
0.227846
0.227846
0.227846
0.227846
0.227846
0.227846
0.227846
0.227846
0.227846
0.227846
0.227846
0.227846
0.227798
0.227856
0.227846
0.227846
0.227846
0.227846
0.227846
0.227846
0.227846
0.227846
0.227846
0.227846
0.227846
0.227846
0.227846
0.227846
0.227846
0.227846
0.227846
0.227846
0.227846
0.227846
0.227846
0.227846
0.227846
0.227846
0.227798
0.227856
0.227846
0.227846
0.227846
0.227846
0.227846
0.227846
0.227846
0.227846
0.227846
0.227846
0.227846
0.227846
0.227846
0.227846
0.227846
0.227846
0.227846
0.227846
0.227846
0.227846
0.227846
0.227846
0.227846
0.227846
0.227798
0.227856
0.227846
0.227846
0.227846
0.227846
0.227846
0.227846
0.227846
0.227846
0.227846
0.227846
0.227846
0.227846
0.227846
0.227846
0.227846
0.227846
0.227846
0.227846
0.227846
0.227846
0.227846
0.227846
0.227846
0.227846
0.227798
0.227856
0.227846
0.227846
0.227846
0.227846
0.227846
0.227846
0.227846
0.227846
0.227846
0.227846
0.227846
0.227846
0.227846
0.227846
0.227846
0.227846
0.227846
0.227846
0.227846
0.227846
0.227846
0.227846
0.227846
0.227846
0.227799
0.227946
0.227938
0.227938
0.227938
0.227938
0.227938
0.227938
0.227938
0.227938
0.227938
0.227938
0.227938
0.227938
0.227938
0.227938
0.227938
0.227938
0.227938
0.227938
0.227938
0.227938
0.227938
0.227938
0.227938
0.227937
0.227892
0.228234
0.228227
0.228227
0.228227
0.228227
0.228227
0.228227
0.228227
0.228227
0.228227
0.228227
0.228227
0.228227
0.228227
0.228227
0.228227
0.228227
0.228227
0.228227
0.228227
0.228227
0.228227
0.228227
0.228227
0.228227
0.228185
0.229032
0.229027
0.229027
0.229027
0.229027
0.229027
0.229027
0.229027
0.229027
0.229027
0.229027
0.229027
0.229027
0.229027
0.229027
0.229027
0.229027
0.229027
0.229027
0.229027
0.229027
0.229027
0.229027
0.229027
0.229027
0.228994
0.231106
0.231105
0.231105
0.231105
0.231105
0.231105
0.231105
0.231105
0.231105
0.231105
0.231105
0.231105
0.231105
0.231105
0.231105
0.231105
0.231105
0.231105
0.231105
0.231105
0.231105
0.231105
0.231105
0.231105
0.231105
0.231087
0.234582
0.234582
0.234582
0.234582
0.234582
0.234582
0.234582
0.234582
0.234582
0.234582
0.234582
0.234582
0.234582
0.234582
0.234582
0.234582
0.234582
0.234582
0.234582
0.234582
0.234582
0.234582
0.234582
0.234582
0.234582
0.234575
)
;
    }
    upperWall
    {
        type            slip;
    }
    procBoundary5to2
    {
        type            processor;
        value           nonuniform List<scalar> 
100
(
0.227846
0.227846
0.227846
0.227846
0.227846
0.227846
0.227846
0.227846
0.227938
0.228227
0.229027
0.231105
0.234582
0.22785
0.227848
0.227853
0.227856
0.227856
0.218
0.218002
0.217988
0.217988
0.217988
0.217988
0.217986
0.217977
0.218099
0.21852
0.219787
0.22335
0.229644
0.217991
0.217989
0.217991
0.217993
0.218
0.218002
0.218002
0.217949
0.217954
0.217955
0.21794
0.217938
0.217929
0.218052
0.218475
0.219747
0.223322
0.229631
0.217943
0.21794
0.21794
0.217941
0.217944
0.217946
0.217949
0.217954
0.217955
0.217955
0.217947
0.217946
0.217922
0.218045
0.218468
0.219742
0.223319
0.229629
0.217936
0.217933
0.217933
0.217933
0.217933
0.217934
0.217934
0.217937
0.21794
0.217947
0.217946
0.217946
0.217748
0.217879
0.218312
0.219598
0.223221
0.22958
0.217753
0.21775
0.21775
0.21775
0.21775
0.21775
0.21775
0.21775
0.217751
0.217753
0.217754
0.217748
0.217879
0.218312
0.218312
)
;
    }
    procBoundary5to4
    {
        type            processor;
        value           nonuniform List<scalar> 
135
(
0.227856
0.227849
0.227849
0.227849
0.227849
0.227849
0.227852
0.227852
0.227852
0.227849
0.227849
0.227849
0.227849
0.227849
0.227849
0.227849
0.227849
0.227849
0.227849
0.227849
0.227849
0.227849
0.227849
0.227849
0.227849
0.227849
0.227801
0.218004
0.217991
0.217991
0.217991
0.217991
0.217991
0.217993
0.217995
0.217995
0.217995
0.217991
0.217991
0.217991
0.217991
0.217991
0.217991
0.217991
0.217991
0.217991
0.217991
0.217991
0.217991
0.217991
0.217991
0.217991
0.217991
0.217991
0.21793
0.217956
0.217944
0.217944
0.217944
0.217944
0.217944
0.217944
0.217946
0.217946
0.217947
0.217947
0.217947
0.217944
0.217944
0.217944
0.217944
0.217944
0.217944
0.217944
0.217944
0.217944
0.217944
0.217944
0.217944
0.217944
0.217944
0.217882
0.217949
0.217937
0.217937
0.217937
0.217937
0.217937
0.217937
0.217937
0.217937
0.217939
0.21794
0.21794
0.21794
0.217937
0.217937
0.217937
0.217937
0.217937
0.217937
0.217937
0.217937
0.217937
0.217937
0.217937
0.217937
0.217937
0.217875
0.217764
0.217753
0.217753
0.217753
0.217753
0.217753
0.217753
0.217753
0.217753
0.217753
0.217755
0.217756
0.217756
0.217753
0.217753
0.217753
0.217753
0.217753
0.217753
0.217753
0.217753
0.217753
0.217753
0.217753
0.217753
0.217699
)
;
    }
}


// ************************************************************************* //
