/*--------------------------------*- C++ -*----------------------------------*\
  =========                 |
  \\      /  F ield         | OpenFOAM: The Open Source CFD Toolbox
   \\    /   O peration     | Website:  https://openfoam.org
    \\  /    A nd           | Version:  10
     \\/     M anipulation  |
\*---------------------------------------------------------------------------*/
FoamFile
{
    format      ascii;
    class       volScalarField;
    location    "20";
    object      nut;
}
// * * * * * * * * * * * * * * * * * * * * * * * * * * * * * * * * * * * * * //

dimensions      [0 2 -1 0 0 0 0];

internalField   nonuniform List<scalar> 
2084
(
0.26457
0.264568
0.264568
0.264568
0.264568
0.264568
0.264568
0.264568
0.264673
0.265007
0.265932
0.267862
0.270879
0.26457
0.264567
0.264564
0.264561
0.264558
0.264558
0.264558
0.264558
0.264558
0.264558
0.264558
0.264559
0.264664
0.265
0.265928
0.267862
0.270879
0.264561
0.264558
0.264558
0.264558
0.264558
0.264558
0.264558
0.264558
0.264558
0.264558
0.264558
0.264559
0.264664
0.265
0.265928
0.267862
0.270879
0.264561
0.264558
0.264558
0.264558
0.264558
0.264558
0.264558
0.264558
0.264558
0.264558
0.264558
0.264559
0.264664
0.265
0.265928
0.267862
0.270879
0.264561
0.264558
0.264558
0.264558
0.264558
0.264558
0.264558
0.264558
0.264558
0.264558
0.264558
0.264559
0.264664
0.265
0.265928
0.267862
0.270879
0.264561
0.264558
0.264558
0.264558
0.264558
0.264558
0.264558
0.264558
0.264558
0.264558
0.264558
0.264559
0.264664
0.265
0.265928
0.267862
0.270879
0.264561
0.264558
0.264558
0.264558
0.264558
0.264558
0.264558
0.264558
0.264558
0.264558
0.264558
0.264559
0.264664
0.265
0.265928
0.267862
0.270879
0.264561
0.264558
0.264558
0.264558
0.264558
0.264558
0.264558
0.264558
0.264558
0.264558
0.264559
0.264664
0.265
0.265928
0.267862
0.270879
0.264561
0.264558
0.264558
0.264558
0.264558
0.264558
0.264558
0.264558
0.264558
0.264558
0.264559
0.264664
0.265
0.265928
0.267862
0.270879
0.264561
0.264558
0.264558
0.264558
0.264558
0.264558
0.264558
0.264558
0.264558
0.264558
0.264559
0.264664
0.265
0.265928
0.267862
0.270879
0.264561
0.264558
0.264558
0.264558
0.264558
0.264558
0.264558
0.264558
0.264558
0.264558
0.264559
0.264664
0.265
0.265928
0.267862
0.270879
0.264561
0.264558
0.264558
0.264558
0.264558
0.264558
0.264558
0.264558
0.264558
0.264558
0.264559
0.264664
0.265
0.265928
0.267862
0.270879
0.264561
0.264558
0.264558
0.264558
0.264558
0.264558
0.264558
0.264558
0.264558
0.264558
0.264559
0.264664
0.265
0.265928
0.267862
0.270879
0.264561
0.264558
0.264558
0.264558
0.264558
0.264558
0.264558
0.264558
0.264558
0.264558
0.264559
0.264664
0.265
0.265928
0.267862
0.270879
0.264561
0.264558
0.264558
0.264558
0.264558
0.264558
0.264558
0.264558
0.264558
0.264558
0.264559
0.264664
0.265
0.265928
0.267862
0.270879
0.264561
0.264558
0.264558
0.264558
0.264558
0.264558
0.264558
0.264558
0.264558
0.264558
0.264559
0.264664
0.265
0.265928
0.267862
0.270879
0.264561
0.264558
0.264558
0.264558
0.264558
0.264558
0.264558
0.264558
0.264558
0.264558
0.264558
0.264664
0.265
0.265928
0.267862
0.270879
0.264561
0.264558
0.264558
0.264558
0.264558
0.264558
0.264558
0.264558
0.264558
0.264558
0.264558
0.264664
0.265
0.265928
0.267862
0.270879
0.264561
0.264558
0.264558
0.264558
0.264558
0.264558
0.264558
0.264558
0.264558
0.264558
0.264558
0.264664
0.265
0.265928
0.267862
0.270879
0.264561
0.264558
0.264558
0.264558
0.264558
0.264558
0.264558
0.264558
0.264558
0.264558
0.264558
0.264664
0.265
0.265928
0.267862
0.270879
0.264561
0.264558
0.264558
0.264558
0.264558
0.264558
0.264558
0.264558
0.264558
0.264558
0.264558
0.264664
0.265
0.265928
0.267862
0.270879
0.264561
0.264558
0.264558
0.264558
0.264558
0.264558
0.264558
0.264558
0.264558
0.264558
0.264558
0.264664
0.265
0.265928
0.267862
0.270879
0.264561
0.264558
0.264558
0.264558
0.264558
0.264558
0.264558
0.264558
0.264558
0.264558
0.264558
0.264664
0.265
0.265928
0.267862
0.270879
0.264561
0.264558
0.264558
0.264558
0.264558
0.264558
0.264558
0.264558
0.264558
0.264558
0.264558
0.264664
0.265
0.265928
0.267862
0.270879
0.264561
0.264558
0.264558
0.264558
0.264558
0.264558
0.264558
0.264558
0.264558
0.264558
0.264558
0.264664
0.265
0.265928
0.267862
0.270879
0.264515
0.264512
0.264512
0.264512
0.264512
0.264512
0.264512
0.264512
0.264512
0.264512
0.264513
0.264621
0.264962
0.265899
0.267846
0.270873
0.134594
0.134594
0.134594
0.134594
0.134593
0.134587
0.134569
0.134533
0.13448
0.13447
0.134556
0.134594
0.134594
0.134594
0.134594
0.134593
0.134593
0.134593
0.134593
0.134593
0.134593
0.134592
0.134586
0.134568
0.134532
0.13448
0.13447
0.134556
0.134593
0.134593
0.134593
0.134593
0.134593
0.134593
0.134593
0.134593
0.134593
0.134593
0.134592
0.134586
0.134568
0.134532
0.13448
0.13447
0.134556
0.134593
0.134593
0.134593
0.134593
0.134593
0.134593
0.134593
0.134593
0.134593
0.134593
0.134592
0.134586
0.134568
0.134532
0.13448
0.13447
0.134556
0.134593
0.134593
0.134593
0.134593
0.134593
0.134593
0.134593
0.134593
0.134593
0.134593
0.134592
0.134586
0.134568
0.134532
0.13448
0.13447
0.134556
0.134593
0.134593
0.134593
0.134593
0.134593
0.134593
0.134593
0.134593
0.134593
0.134593
0.134592
0.134586
0.134568
0.134532
0.13448
0.13447
0.134556
0.134593
0.134593
0.134593
0.134593
0.134593
0.134593
0.134593
0.134593
0.134593
0.134593
0.134592
0.134586
0.134568
0.134532
0.13448
0.13447
0.134556
0.134594
0.134593
0.134593
0.134593
0.134593
0.134593
0.134593
0.134593
0.134593
0.134593
0.134592
0.134586
0.134568
0.134532
0.13448
0.13447
0.134556
0.134593
0.134593
0.134593
0.134593
0.134593
0.134593
0.134593
0.134593
0.134593
0.134592
0.134586
0.134568
0.134532
0.13448
0.13447
0.134556
0.134593
0.134593
0.134593
0.134593
0.134593
0.134593
0.134593
0.134593
0.134593
0.134592
0.134586
0.134568
0.134532
0.13448
0.13447
0.134556
0.134593
0.134593
0.134593
0.134593
0.134593
0.134593
0.134593
0.134593
0.134593
0.134592
0.134586
0.134568
0.134532
0.13448
0.13447
0.134556
0.134593
0.134593
0.134593
0.134593
0.134593
0.134593
0.134593
0.134593
0.134593
0.134592
0.134586
0.134568
0.134532
0.13448
0.13447
0.134556
0.134593
0.134593
0.134593
0.134593
0.134593
0.134593
0.134593
0.134593
0.134593
0.134592
0.134586
0.134568
0.134532
0.13448
0.13447
0.134556
0.134593
0.134593
0.134593
0.134593
0.134593
0.134593
0.134593
0.134593
0.134593
0.134592
0.134586
0.134568
0.134532
0.13448
0.13447
0.134556
0.134593
0.134593
0.134593
0.134593
0.134593
0.134593
0.134593
0.134593
0.134593
0.134592
0.134586
0.134568
0.134532
0.13448
0.13447
0.134556
0.134593
0.134593
0.134593
0.134593
0.134593
0.134593
0.134593
0.134593
0.134593
0.134592
0.134586
0.134568
0.134532
0.13448
0.13447
0.134556
0.134593
0.134593
0.134593
0.134593
0.134593
0.134593
0.134593
0.134593
0.134593
0.134592
0.134586
0.134568
0.134532
0.13448
0.13447
0.134556
0.134593
0.134593
0.134593
0.134593
0.134593
0.134593
0.134593
0.134593
0.134593
0.134592
0.134586
0.134568
0.134532
0.13448
0.13447
0.134556
0.134593
0.134593
0.134593
0.134593
0.134593
0.134593
0.134593
0.134593
0.134593
0.134592
0.134586
0.134568
0.134532
0.13448
0.13447
0.134556
0.134593
0.134593
0.134593
0.134593
0.134593
0.134593
0.134593
0.134593
0.134593
0.134592
0.134586
0.134568
0.134532
0.13448
0.13447
0.134556
0.134593
0.134593
0.134593
0.134593
0.134593
0.134593
0.134593
0.134593
0.134593
0.134592
0.134586
0.134568
0.134532
0.13448
0.13447
0.134556
0.134593
0.134593
0.134593
0.134593
0.134593
0.134593
0.134593
0.134593
0.134593
0.134592
0.134586
0.134568
0.134532
0.13448
0.13447
0.134556
0.134593
0.134593
0.134593
0.134593
0.134593
0.134593
0.134593
0.134593
0.134593
0.134592
0.134586
0.134568
0.134532
0.13448
0.13447
0.134556
0.134593
0.134593
0.134593
0.134593
0.134593
0.134593
0.134593
0.134593
0.134593
0.134592
0.134586
0.134568
0.134532
0.13448
0.13447
0.134556
0.134593
0.134593
0.134593
0.134593
0.134593
0.134593
0.134593
0.134593
0.134593
0.134592
0.134586
0.134568
0.134532
0.13448
0.13447
0.134556
0.134588
0.134588
0.134588
0.134588
0.134588
0.134588
0.134588
0.134588
0.134588
0.134587
0.134581
0.134563
0.134527
0.134475
0.134467
0.134555
0.134417
0.134415
0.13441
0.134393
0.13436
0.134319
0.134339
0.134476
0.134417
0.134417
0.134417
0.134417
0.134417
0.134417
0.134416
0.134416
0.134416
0.134415
0.134414
0.134409
0.134392
0.134359
0.134318
0.134338
0.134476
0.134416
0.134415
0.134415
0.134415
0.134415
0.134415
0.134415
0.134415
0.134415
0.134415
0.134414
0.134409
0.134392
0.134359
0.134318
0.134338
0.134476
0.134416
0.134415
0.134415
0.134415
0.134415
0.134415
0.134415
0.134415
0.134415
0.134415
0.134414
0.134409
0.134392
0.134359
0.134318
0.134338
0.134476
0.134416
0.134415
0.134415
0.134415
0.134415
0.134415
0.134415
0.134415
0.134415
0.134415
0.134414
0.134409
0.134392
0.134359
0.134318
0.134338
0.134476
0.134416
0.134415
0.134415
0.134415
0.134415
0.134415
0.134415
0.134415
0.134415
0.134415
0.134414
0.134409
0.134392
0.134359
0.134318
0.134338
0.134476
0.134416
0.134415
0.134415
0.134415
0.134415
0.134415
0.134415
0.134415
0.134415
0.134415
0.134414
0.134409
0.134392
0.134359
0.134318
0.134338
0.134476
0.134416
0.134415
0.134415
0.134415
0.134415
0.134415
0.134415
0.134415
0.134415
0.134415
0.134414
0.134409
0.134392
0.134359
0.134318
0.134338
0.134476
0.134416
0.134415
0.134415
0.134415
0.134415
0.134415
0.134415
0.134415
0.134415
0.134415
0.134414
0.134409
0.134392
0.134359
0.134318
0.134338
0.134476
0.134416
0.134415
0.134415
0.134415
0.134415
0.134415
0.134415
0.134415
0.134415
0.134415
0.134414
0.134409
0.134392
0.134359
0.134318
0.134338
0.134476
0.134416
0.134415
0.134415
0.134415
0.134415
0.134415
0.134415
0.134415
0.134415
0.134414
0.134409
0.134392
0.134359
0.134318
0.134338
0.134476
0.134416
0.134415
0.134415
0.134415
0.134415
0.134415
0.134415
0.134415
0.134415
0.134414
0.134409
0.134392
0.134359
0.134318
0.134338
0.134476
0.134416
0.134415
0.134415
0.134415
0.134415
0.134415
0.134415
0.134415
0.134415
0.134414
0.134409
0.134392
0.134359
0.134318
0.134338
0.134476
0.134416
0.134415
0.134415
0.134415
0.134415
0.134415
0.134415
0.134415
0.134415
0.134414
0.134409
0.134392
0.134359
0.134318
0.134338
0.134476
0.134416
0.134415
0.134415
0.134415
0.134415
0.134415
0.134415
0.134415
0.134415
0.134414
0.134409
0.134392
0.134359
0.134318
0.134338
0.134476
0.134416
0.134415
0.134415
0.134415
0.134415
0.134415
0.134415
0.134415
0.134415
0.134414
0.134409
0.134392
0.134359
0.134318
0.134338
0.134476
0.134416
0.134415
0.134415
0.134415
0.134415
0.134415
0.134415
0.134415
0.134415
0.134414
0.134409
0.134392
0.134359
0.134318
0.134338
0.134476
0.134416
0.134415
0.134415
0.134415
0.134415
0.134415
0.134415
0.134415
0.134415
0.134414
0.134409
0.134392
0.134359
0.134318
0.134338
0.134476
0.134416
0.134415
0.134415
0.134415
0.134415
0.134415
0.134415
0.134415
0.134415
0.134414
0.134409
0.134392
0.134359
0.134318
0.134338
0.134476
0.134416
0.134415
0.134415
0.134415
0.134415
0.134415
0.134415
0.134415
0.134415
0.134414
0.134409
0.134392
0.134359
0.134318
0.134338
0.134476
0.134416
0.134415
0.134415
0.134415
0.134415
0.134415
0.134415
0.134415
0.134415
0.134414
0.134409
0.134392
0.134359
0.134318
0.134338
0.134476
0.134416
0.134415
0.134415
0.134415
0.134415
0.134415
0.134415
0.134415
0.134415
0.134414
0.134409
0.134392
0.134359
0.134318
0.134338
0.134476
0.134416
0.134415
0.134415
0.134415
0.134415
0.134415
0.134415
0.134415
0.134415
0.134414
0.134409
0.134392
0.134359
0.134318
0.134338
0.134476
0.134416
0.134415
0.134415
0.134415
0.134415
0.134415
0.134415
0.134415
0.134415
0.134414
0.134409
0.134392
0.134359
0.134318
0.134338
0.134476
0.134416
0.134415
0.134415
0.134415
0.134415
0.134415
0.134415
0.134415
0.134415
0.134414
0.134409
0.134392
0.134359
0.134318
0.134338
0.134476
0.134411
0.13441
0.13441
0.13441
0.13441
0.13441
0.13441
0.13441
0.13441
0.134409
0.134403
0.134387
0.134354
0.134313
0.134336
0.134475
0.134382
0.134366
0.134333
0.134293
0.134317
0.134463
0.134389
0.134389
0.134389
0.134389
0.134389
0.134389
0.134389
0.134389
0.134389
0.134389
0.134387
0.134381
0.134364
0.134332
0.134292
0.134317
0.134463
0.134388
0.134388
0.134388
0.134388
0.134388
0.134388
0.134388
0.134388
0.134388
0.134388
0.134387
0.134381
0.134364
0.134332
0.134292
0.134317
0.134463
0.134388
0.134388
0.134388
0.134388
0.134388
0.134388
0.134388
0.134388
0.134388
0.134388
0.134387
0.134381
0.134364
0.134332
0.134292
0.134317
0.134463
0.134388
0.134388
0.134388
0.134388
0.134388
0.134388
0.134388
0.134388
0.134388
0.134388
0.134387
0.134381
0.134364
0.134332
0.134292
0.134317
0.134463
0.134388
0.134388
0.134388
0.134388
0.134388
0.134388
0.134388
0.134388
0.134388
0.134388
0.134387
0.134381
0.134364
0.134332
0.134292
0.134317
0.134463
0.134388
0.134388
0.134388
0.134388
0.134388
0.134388
0.134388
0.134388
0.134388
0.134388
0.134387
0.134381
0.134364
0.134332
0.134292
0.134317
0.134463
0.134388
0.134388
0.134388
0.134388
0.134388
0.134388
0.134388
0.134388
0.134388
0.134388
0.134387
0.134381
0.134364
0.134332
0.134292
0.134317
0.134463
0.134388
0.134388
0.134388
0.134388
0.134388
0.134388
0.134388
0.134388
0.134388
0.134388
0.134387
0.134381
0.134364
0.134332
0.134292
0.134317
0.134463
0.134388
0.134388
0.134388
0.134388
0.134388
0.134388
0.134388
0.134388
0.134388
0.134388
0.134387
0.134381
0.134364
0.134332
0.134292
0.134317
0.134463
0.134388
0.134388
0.134388
0.134388
0.134388
0.134388
0.134388
0.134388
0.134388
0.134388
0.134387
0.134381
0.134364
0.134332
0.134292
0.134317
0.134463
0.134388
0.134388
0.134388
0.134388
0.134388
0.134388
0.134388
0.134388
0.134388
0.134387
0.134381
0.134364
0.134332
0.134292
0.134317
0.134463
0.134388
0.134388
0.134388
0.134388
0.134388
0.134388
0.134388
0.134388
0.134388
0.134387
0.134381
0.134364
0.134332
0.134292
0.134317
0.134463
0.134388
0.134388
0.134388
0.134388
0.134388
0.134388
0.134388
0.134388
0.134388
0.134387
0.134381
0.134364
0.134332
0.134292
0.134317
0.134463
0.134388
0.134388
0.134388
0.134388
0.134388
0.134388
0.134388
0.134388
0.134388
0.134387
0.134381
0.134364
0.134332
0.134292
0.134317
0.134463
0.134388
0.134388
0.134388
0.134388
0.134388
0.134388
0.134388
0.134388
0.134388
0.134387
0.134381
0.134364
0.134332
0.134292
0.134317
0.134463
0.134388
0.134388
0.134388
0.134388
0.134388
0.134388
0.134388
0.134388
0.134388
0.134387
0.134381
0.134364
0.134332
0.134292
0.134317
0.134463
0.134388
0.134388
0.134388
0.134388
0.134388
0.134388
0.134388
0.134388
0.134388
0.134387
0.134381
0.134364
0.134332
0.134292
0.134317
0.134463
0.134388
0.134388
0.134388
0.134388
0.134388
0.134388
0.134388
0.134388
0.134388
0.134387
0.134381
0.134364
0.134332
0.134292
0.134317
0.134463
0.134388
0.134388
0.134388
0.134388
0.134388
0.134388
0.134388
0.134388
0.134388
0.134387
0.134381
0.134364
0.134332
0.134292
0.134317
0.134463
0.134388
0.134388
0.134388
0.134388
0.134388
0.134388
0.134388
0.134388
0.134388
0.134387
0.134381
0.134364
0.134332
0.134292
0.134317
0.134463
0.134388
0.134388
0.134388
0.134388
0.134388
0.134388
0.134388
0.134388
0.134388
0.134387
0.134381
0.134364
0.134332
0.134292
0.134317
0.134463
0.134388
0.134388
0.134388
0.134388
0.134388
0.134388
0.134388
0.134388
0.134388
0.134387
0.134381
0.134364
0.134332
0.134292
0.134317
0.134463
0.134388
0.134388
0.134388
0.134388
0.134388
0.134388
0.134388
0.134388
0.134388
0.134387
0.134381
0.134364
0.134332
0.134292
0.134317
0.134463
0.134388
0.134388
0.134388
0.134388
0.134388
0.134388
0.134388
0.134388
0.134388
0.134387
0.134381
0.134364
0.134332
0.134292
0.134317
0.134463
0.134383
0.134382
0.134382
0.134382
0.134382
0.134382
0.134382
0.134382
0.134382
0.134381
0.134375
0.134359
0.134327
0.134287
0.134314
0.134462
0.133311
0.133517
0.133977
0.133306
0.133306
0.133306
0.133306
0.133306
0.133306
0.133306
0.133306
0.133306
0.133306
0.133304
0.133299
0.133289
0.13328
0.133309
0.133517
0.133977
0.133303
0.133303
0.133303
0.133303
0.133303
0.133303
0.133303
0.133303
0.133303
0.133303
0.133301
0.133296
0.133287
0.133279
0.133309
0.133517
0.133977
0.133303
0.133303
0.133303
0.133303
0.133303
0.133303
0.133303
0.133303
0.133303
0.133303
0.133301
0.133296
0.133287
0.133279
0.133309
0.133517
0.133977
0.133303
0.133303
0.133303
0.133303
0.133303
0.133303
0.133303
0.133303
0.133303
0.133303
0.133301
0.133296
0.133287
0.133279
0.133309
0.133517
0.133977
0.133303
0.133303
0.133303
0.133303
0.133303
0.133303
0.133303
0.133303
0.133303
0.133303
0.133301
0.133296
0.133287
0.133279
0.133309
0.133517
0.133977
0.133303
0.133303
0.133303
0.133303
0.133303
0.133303
0.133303
0.133303
0.133303
0.133303
0.133301
0.133296
0.133287
0.133279
0.133309
0.133517
0.133977
0.133303
0.133303
0.133303
0.133303
0.133303
0.133303
0.133303
0.133303
0.133303
0.133303
0.133301
0.133296
0.133287
0.133279
0.133309
0.133517
0.133977
0.133303
0.133303
0.133303
0.133303
0.133303
0.133303
0.133303
0.133303
0.133303
0.133303
0.133301
0.133296
0.133287
0.133279
0.133309
0.133517
0.133977
0.133303
0.133303
0.133303
0.133303
0.133303
0.133303
0.133303
0.133303
0.133303
0.133303
0.133301
0.133296
0.133287
0.133279
0.133309
0.133517
0.133977
0.133303
0.133303
0.133303
0.133303
0.133303
0.133303
0.133303
0.133303
0.133303
0.133303
0.133301
0.133296
0.133287
0.133279
0.133309
0.133517
0.133977
0.133304
0.133303
0.133303
0.133303
0.133303
0.133303
0.133303
0.133303
0.133303
0.133303
0.133301
0.133296
0.133287
0.133279
0.133309
0.133517
0.133977
0.133303
0.133303
0.133303
0.133303
0.133303
0.133303
0.133303
0.133303
0.133303
0.133301
0.133296
0.133287
0.133279
0.133309
0.133517
0.133977
0.133303
0.133303
0.133303
0.133303
0.133303
0.133303
0.133303
0.133303
0.133303
0.133301
0.133296
0.133287
0.133279
0.133309
0.133517
0.133977
0.133303
0.133303
0.133303
0.133303
0.133303
0.133303
0.133303
0.133303
0.133303
0.133301
0.133296
0.133287
0.133279
0.133309
0.133517
0.133977
0.133303
0.133303
0.133303
0.133303
0.133303
0.133303
0.133303
0.133303
0.133303
0.133301
0.133296
0.133287
0.133279
0.133309
0.133517
0.133977
0.133303
0.133303
0.133303
0.133303
0.133303
0.133303
0.133303
0.133303
0.133303
0.133301
0.133296
0.133287
0.133279
0.133309
0.133517
0.133977
0.133303
0.133303
0.133303
0.133303
0.133303
0.133303
0.133303
0.133303
0.133303
0.133301
0.133296
0.133287
0.133279
0.133309
0.133517
0.133977
0.133303
0.133303
0.133303
0.133303
0.133303
0.133303
0.133303
0.133303
0.133303
0.133301
0.133296
0.133287
0.133279
0.133309
0.133517
0.133977
0.133303
0.133303
0.133303
0.133303
0.133303
0.133303
0.133303
0.133303
0.133303
0.133301
0.133296
0.133287
0.133279
0.133309
0.133517
0.133977
0.133303
0.133303
0.133303
0.133303
0.133303
0.133303
0.133303
0.133303
0.133303
0.133301
0.133296
0.133287
0.133279
0.133309
0.133517
0.133977
0.133303
0.133303
0.133303
0.133303
0.133303
0.133303
0.133303
0.133303
0.133303
0.133301
0.133296
0.133287
0.133279
0.133309
0.133517
0.133977
0.133303
0.133303
0.133303
0.133303
0.133303
0.133303
0.133303
0.133303
0.133303
0.133301
0.133296
0.133287
0.133279
0.133309
0.133517
0.133977
0.133303
0.133303
0.133303
0.133303
0.133303
0.133303
0.133303
0.133303
0.133303
0.133301
0.133296
0.133287
0.133279
0.133309
0.133517
0.133977
0.133303
0.133302
0.133302
0.133302
0.133302
0.133302
0.133302
0.133302
0.133302
0.133301
0.133296
0.133287
0.133279
0.133309
0.133517
0.133977
0.133288
0.133287
0.133287
0.133287
0.133287
0.133287
0.133287
0.133287
0.133287
0.133286
0.133281
0.133272
0.133265
0.133297
0.133511
0.133974
)
;

boundaryField
{
    frontAndBack
    {
        type            calculated;
        value           nonuniform List<scalar> 
80
(
0.264515
0.134588
0.134411
0.134383
0.133288
0.264512
0.134588
0.13441
0.134382
0.133287
0.264512
0.134588
0.13441
0.134382
0.133287
0.264512
0.134588
0.13441
0.134382
0.133287
0.264512
0.134588
0.13441
0.134382
0.133287
0.264512
0.134588
0.13441
0.134382
0.133287
0.264512
0.134588
0.13441
0.134382
0.133287
0.264512
0.134588
0.13441
0.134382
0.133287
0.264512
0.134588
0.13441
0.134382
0.133287
0.264512
0.134587
0.134409
0.134381
0.133286
0.264513
0.134581
0.134403
0.134375
0.133281
0.264621
0.134563
0.134387
0.134359
0.133272
0.264962
0.134527
0.134354
0.134327
0.133265
0.265899
0.134475
0.134313
0.134287
0.133297
0.267846
0.134467
0.134336
0.134314
0.133511
0.270873
0.134555
0.134475
0.134462
0.133974
)
;
    }
    inlet
    {
        type            calculated;
        value           uniform 0.134831;
    }
    outlet
    {
        type            calculated;
        value           nonuniform List<scalar> 0();
    }
    lowerWall
    {
        type            nutkWallFunction;
        Cmu             0.09;
        kappa           0.41;
        E               9.8;
        value           nonuniform List<scalar> 
419
(
0.0206558
0.0206554
0.0206554
0.0206554
0.0206554
0.0206554
0.0206556
0.0206553
0.0206553
0.0206553
0.0206553
0.0206553
0.0206554
0.0206554
0.0206554
0.0206554
0.0206554
0.0206554
0.0206554
0.0206554
0.0206554
0.0206554
0.0206554
0.0206554
0.0206554
0.0206554
0.0206554
0.0206554
0.0206554
0.0206554
0.0206534
0.0206555
0.0206553
0.0206553
0.0206553
0.0206553
0.0206553
0.0206553
0.0206553
0.0206553
0.0206553
0.0206553
0.0206553
0.0206553
0.0206553
0.0206553
0.0206553
0.0206553
0.0206553
0.0206553
0.0206553
0.0206553
0.0206553
0.0206553
0.0206553
0.0206533
0.0206554
0.0206553
0.0206553
0.0206553
0.0206553
0.0206553
0.0206553
0.0206553
0.0206553
0.0206553
0.0206553
0.0206553
0.0206553
0.0206553
0.0206553
0.0206553
0.0206553
0.0206553
0.0206553
0.0206553
0.0206553
0.0206553
0.0206553
0.0206553
0.0206533
0.0206558
0.0206553
0.0206553
0.0206553
0.0206553
0.0206553
0.0206553
0.0206553
0.0206553
0.0206553
0.0206553
0.0206553
0.0206553
0.0206553
0.0206553
0.0206553
0.0206553
0.0206553
0.0206553
0.0206553
0.0206553
0.0206553
0.0206553
0.0206553
0.0206553
0.0206533
0.0206557
0.0206553
0.0206553
0.0206553
0.0206553
0.0206553
0.0206553
0.0206553
0.0206553
0.0206553
0.0206553
0.0206553
0.0206553
0.0206553
0.0206553
0.0206553
0.0206553
0.0206553
0.0206553
0.0206553
0.0206553
0.0206553
0.0206553
0.0206553
0.0206553
0.0206533
0.0206557
0.0206553
0.0206553
0.0206553
0.0206553
0.0206553
0.0206553
0.0206553
0.0206553
0.0206553
0.0206553
0.0206553
0.0206553
0.0206553
0.0206553
0.0206553
0.0206553
0.0206553
0.0206553
0.0206553
0.0206553
0.0206553
0.0206553
0.0206553
0.0206553
0.0206533
0.0206557
0.0206553
0.0206553
0.0206553
0.0206553
0.0206553
0.0206553
0.0206553
0.0206553
0.0206553
0.0206553
0.0206553
0.0206553
0.0206553
0.0206553
0.0206553
0.0206553
0.0206553
0.0206553
0.0206553
0.0206553
0.0206553
0.0206553
0.0206553
0.0206553
0.0206533
0.0206557
0.0206553
0.0206553
0.0206553
0.0206553
0.0206553
0.0206553
0.0206553
0.0206553
0.0206553
0.0206553
0.0206553
0.0206553
0.0206553
0.0206553
0.0206553
0.0206553
0.0206553
0.0206553
0.0206553
0.0206553
0.0206553
0.0206553
0.0206553
0.0206553
0.0206533
0.0206557
0.0206553
0.0206553
0.0206553
0.0206553
0.0206553
0.0206553
0.0206553
0.0206553
0.0206553
0.0206553
0.0206553
0.0206553
0.0206553
0.0206553
0.0206553
0.0206553
0.0206553
0.0206553
0.0206553
0.0206553
0.0206553
0.0206553
0.0206553
0.0206553
0.0206533
0.0206557
0.0206553
0.0206553
0.0206553
0.0206553
0.0206553
0.0206553
0.0206553
0.0206553
0.0206553
0.0206553
0.0206553
0.0206553
0.0206553
0.0206553
0.0206553
0.0206553
0.0206553
0.0206553
0.0206553
0.0206553
0.0206553
0.0206553
0.0206553
0.0206553
0.0206533
0.0206557
0.0206553
0.0206553
0.0206553
0.0206553
0.0206553
0.0206553
0.0206553
0.0206553
0.0206553
0.0206553
0.0206553
0.0206553
0.0206553
0.0206553
0.0206553
0.0206553
0.0206553
0.0206553
0.0206553
0.0206553
0.0206553
0.0206553
0.0206553
0.0206553
0.0206533
0.0206595
0.0206591
0.0206591
0.0206591
0.0206591
0.0206591
0.0206591
0.0206591
0.0206591
0.0206591
0.0206591
0.0206591
0.0206591
0.0206591
0.0206591
0.0206591
0.0206591
0.0206591
0.0206591
0.0206591
0.0206591
0.0206591
0.0206591
0.0206591
0.0206591
0.0206572
0.0206715
0.0206712
0.0206712
0.0206712
0.0206712
0.0206712
0.0206712
0.0206712
0.0206712
0.0206712
0.0206712
0.0206712
0.0206712
0.0206712
0.0206712
0.0206712
0.0206712
0.0206712
0.0206712
0.0206712
0.0206712
0.0206712
0.0206712
0.0206712
0.0206712
0.0206695
0.0207048
0.0207046
0.0207046
0.0207046
0.0207046
0.0207046
0.0207046
0.0207046
0.0207046
0.0207046
0.0207046
0.0207046
0.0207046
0.0207046
0.0207046
0.0207046
0.0207046
0.0207046
0.0207046
0.0207046
0.0207046
0.0207046
0.0207046
0.0207046
0.0207046
0.0207032
0.0207912
0.0207912
0.0207912
0.0207912
0.0207912
0.0207912
0.0207912
0.0207912
0.0207912
0.0207912
0.0207912
0.0207912
0.0207912
0.0207912
0.0207912
0.0207912
0.0207912
0.0207912
0.0207912
0.0207912
0.0207912
0.0207912
0.0207912
0.0207912
0.0207912
0.0207904
0.020935
0.020935
0.020935
0.020935
0.020935
0.020935
0.020935
0.020935
0.020935
0.020935
0.020935
0.020935
0.020935
0.020935
0.020935
0.020935
0.020935
0.020935
0.020935
0.020935
0.020935
0.020935
0.020935
0.020935
0.020935
0.0209347
)
;
    }
    upperWall
    {
        type            calculated;
        value           nonuniform List<scalar> 
414
(
0.133306
0.133303
0.133303
0.133303
0.133303
0.133303
0.133303
0.133303
0.133303
0.133303
0.133304
0.133306
0.133303
0.133303
0.133303
0.133303
0.133303
0.133303
0.133303
0.133303
0.133303
0.133303
0.133303
0.133303
0.133303
0.133303
0.133303
0.133303
0.133303
0.133303
0.133303
0.133303
0.133303
0.133303
0.133303
0.133288
0.133306
0.133303
0.133303
0.133303
0.133303
0.133303
0.133303
0.133303
0.133303
0.133303
0.133303
0.133303
0.133303
0.133303
0.133303
0.133303
0.133303
0.133303
0.133303
0.133303
0.133303
0.133303
0.133303
0.133302
0.133287
0.133306
0.133303
0.133303
0.133303
0.133303
0.133303
0.133303
0.133303
0.133303
0.133303
0.133303
0.133303
0.133303
0.133303
0.133303
0.133303
0.133303
0.133303
0.133303
0.133303
0.133303
0.133303
0.133303
0.133302
0.133287
0.133306
0.133303
0.133303
0.133303
0.133303
0.133303
0.133303
0.133303
0.133303
0.133303
0.133303
0.133303
0.133303
0.133303
0.133303
0.133303
0.133303
0.133303
0.133303
0.133303
0.133303
0.133303
0.133303
0.133302
0.133287
0.133306
0.133303
0.133303
0.133303
0.133303
0.133303
0.133303
0.133303
0.133303
0.133303
0.133303
0.133303
0.133303
0.133303
0.133303
0.133303
0.133303
0.133303
0.133303
0.133303
0.133303
0.133303
0.133303
0.133302
0.133287
0.133306
0.133303
0.133303
0.133303
0.133303
0.133303
0.133303
0.133303
0.133303
0.133303
0.133303
0.133303
0.133303
0.133303
0.133303
0.133303
0.133303
0.133303
0.133303
0.133303
0.133303
0.133303
0.133303
0.133302
0.133287
0.133306
0.133303
0.133303
0.133303
0.133303
0.133303
0.133303
0.133303
0.133303
0.133303
0.133303
0.133303
0.133303
0.133303
0.133303
0.133303
0.133303
0.133303
0.133303
0.133303
0.133303
0.133303
0.133303
0.133302
0.133287
0.133306
0.133303
0.133303
0.133303
0.133303
0.133303
0.133303
0.133303
0.133303
0.133303
0.133303
0.133303
0.133303
0.133303
0.133303
0.133303
0.133303
0.133303
0.133303
0.133303
0.133303
0.133303
0.133303
0.133302
0.133287
0.133306
0.133303
0.133303
0.133303
0.133303
0.133303
0.133303
0.133303
0.133303
0.133303
0.133303
0.133303
0.133303
0.133303
0.133303
0.133303
0.133303
0.133303
0.133303
0.133303
0.133303
0.133303
0.133303
0.133302
0.133287
0.133304
0.133301
0.133301
0.133301
0.133301
0.133301
0.133301
0.133301
0.133301
0.133301
0.133301
0.133301
0.133301
0.133301
0.133301
0.133301
0.133301
0.133301
0.133301
0.133301
0.133301
0.133301
0.133301
0.133301
0.133286
0.133299
0.133296
0.133296
0.133296
0.133296
0.133296
0.133296
0.133296
0.133296
0.133296
0.133296
0.133296
0.133296
0.133296
0.133296
0.133296
0.133296
0.133296
0.133296
0.133296
0.133296
0.133296
0.133296
0.133296
0.133281
0.133289
0.133287
0.133287
0.133287
0.133287
0.133287
0.133287
0.133287
0.133287
0.133287
0.133287
0.133287
0.133287
0.133287
0.133287
0.133287
0.133287
0.133287
0.133287
0.133287
0.133287
0.133287
0.133287
0.133287
0.133272
0.13328
0.133279
0.133279
0.133279
0.133279
0.133279
0.133279
0.133279
0.133279
0.133279
0.133279
0.133279
0.133279
0.133279
0.133279
0.133279
0.133279
0.133279
0.133279
0.133279
0.133279
0.133279
0.133279
0.133279
0.133265
0.133311
0.133309
0.133309
0.133309
0.133309
0.133309
0.133309
0.133309
0.133309
0.133309
0.133309
0.133309
0.133309
0.133309
0.133309
0.133309
0.133309
0.133309
0.133309
0.133309
0.133309
0.133309
0.133309
0.133309
0.133309
0.133297
0.133517
0.133517
0.133517
0.133517
0.133517
0.133517
0.133517
0.133517
0.133517
0.133517
0.133517
0.133517
0.133517
0.133517
0.133517
0.133517
0.133517
0.133517
0.133517
0.133517
0.133517
0.133517
0.133517
0.133517
0.133517
0.133511
0.133977
0.133977
0.133977
0.133977
0.133977
0.133977
0.133977
0.133977
0.133977
0.133977
0.133977
0.133977
0.133977
0.133977
0.133977
0.133977
0.133977
0.133977
0.133977
0.133977
0.133977
0.133977
0.133977
0.133977
0.133977
0.133974
)
;
    }
    procBoundary5to2
    {
        type            processor;
        value           nonuniform List<scalar> 
100
(
0.264558
0.264558
0.264558
0.264558
0.264558
0.264558
0.264558
0.264559
0.264665
0.265
0.265928
0.267862
0.270879
0.264562
0.26456
0.264565
0.264568
0.264568
0.134596
0.134595
0.134593
0.134593
0.134593
0.134593
0.134592
0.134586
0.134568
0.134532
0.13448
0.13447
0.134556
0.134593
0.134593
0.134594
0.134595
0.134596
0.134595
0.134595
0.134416
0.134417
0.134417
0.134415
0.134414
0.134409
0.134392
0.134359
0.134318
0.134338
0.134476
0.134416
0.134415
0.134415
0.134416
0.134416
0.134416
0.134416
0.134417
0.134417
0.134417
0.134389
0.134388
0.134381
0.134364
0.134332
0.134292
0.134317
0.134463
0.134388
0.134388
0.134388
0.134388
0.134388
0.134388
0.134388
0.134388
0.134388
0.134389
0.134388
0.134388
0.133298
0.13329
0.133282
0.133309
0.133517
0.133977
0.133303
0.133303
0.133303
0.133303
0.133303
0.133303
0.133303
0.133303
0.133303
0.133303
0.133303
0.133298
0.13329
0.133282
0.133282
)
;
    }
    procBoundary5to4
    {
        type            processor;
        value           nonuniform List<scalar> 
135
(
0.264568
0.264561
0.264561
0.264561
0.264561
0.264561
0.264564
0.264564
0.264564
0.264561
0.264561
0.264561
0.264561
0.264561
0.264561
0.264561
0.264561
0.264561
0.264561
0.264561
0.264561
0.264561
0.264561
0.264561
0.264561
0.264561
0.264515
0.134594
0.134593
0.134593
0.134593
0.134593
0.134593
0.134594
0.134593
0.134593
0.134593
0.134593
0.134593
0.134593
0.134593
0.134593
0.134593
0.134593
0.134593
0.134593
0.134593
0.134593
0.134593
0.134593
0.134593
0.134593
0.134593
0.134593
0.134588
0.134417
0.134416
0.134416
0.134416
0.134416
0.134416
0.134416
0.134416
0.134416
0.134416
0.134416
0.134416
0.134416
0.134416
0.134416
0.134416
0.134416
0.134416
0.134416
0.134416
0.134416
0.134416
0.134416
0.134416
0.134416
0.134416
0.134411
0.134389
0.134388
0.134388
0.134388
0.134388
0.134388
0.134388
0.134388
0.134388
0.134388
0.134389
0.134389
0.134389
0.134388
0.134388
0.134388
0.134388
0.134388
0.134388
0.134388
0.134388
0.134388
0.134388
0.134388
0.134388
0.134388
0.134383
0.133307
0.133303
0.133303
0.133303
0.133303
0.133303
0.133303
0.133303
0.133303
0.133303
0.133304
0.133304
0.133304
0.133303
0.133303
0.133303
0.133303
0.133303
0.133303
0.133303
0.133303
0.133303
0.133303
0.133303
0.133303
0.133288
)
;
    }
}


// ************************************************************************* //
