/*--------------------------------*- C++ -*----------------------------------*\
  =========                 |
  \\      /  F ield         | OpenFOAM: The Open Source CFD Toolbox
   \\    /   O peration     | Website:  https://openfoam.org
    \\  /    A nd           | Version:  10
     \\/     M anipulation  |
\*---------------------------------------------------------------------------*/
FoamFile
{
    format      ascii;
    class       volScalarField;
    location    "20";
    object      omega;
}
// * * * * * * * * * * * * * * * * * * * * * * * * * * * * * * * * * * * * * //

dimensions      [0 0 -1 0 0 0 0];

internalField   nonuniform List<scalar> 
2084
(
0.861241
0.861239
0.861239
0.861239
0.861239
0.861239
0.861239
0.861239
0.861239
0.861239
0.861243
0.862778
0.866003
0.861241
0.861239
0.861236
0.861234
0.861232
0.861232
0.861232
0.861232
0.861232
0.861232
0.861232
0.861232
0.861232
0.861232
0.861236
0.862778
0.866003
0.861234
0.861232
0.861232
0.861232
0.861232
0.861232
0.861232
0.861232
0.861232
0.861232
0.861232
0.861232
0.861232
0.861232
0.861236
0.862778
0.866003
0.861234
0.861232
0.861232
0.861232
0.861232
0.861232
0.861232
0.861232
0.861232
0.861232
0.861232
0.861232
0.861232
0.861232
0.861236
0.862778
0.866003
0.861234
0.861232
0.861232
0.861232
0.861232
0.861232
0.861232
0.861232
0.861232
0.861232
0.861232
0.861232
0.861232
0.861232
0.861236
0.862778
0.866003
0.861234
0.861232
0.861232
0.861232
0.861232
0.861232
0.861232
0.861232
0.861232
0.861232
0.861232
0.861232
0.861232
0.861232
0.861236
0.862778
0.866003
0.861234
0.861232
0.861232
0.861232
0.861232
0.861232
0.861232
0.861232
0.861232
0.861232
0.861232
0.861232
0.861232
0.861232
0.861236
0.862778
0.866003
0.861234
0.861232
0.861232
0.861232
0.861232
0.861232
0.861232
0.861232
0.861232
0.861232
0.861232
0.861232
0.861232
0.861236
0.862778
0.866003
0.861234
0.861232
0.861232
0.861232
0.861232
0.861232
0.861232
0.861232
0.861232
0.861232
0.861232
0.861232
0.861232
0.861236
0.862778
0.866003
0.861234
0.861232
0.861232
0.861232
0.861232
0.861232
0.861232
0.861232
0.861232
0.861232
0.861232
0.861232
0.861232
0.861236
0.862778
0.866003
0.861234
0.861232
0.861232
0.861232
0.861232
0.861232
0.861232
0.861232
0.861232
0.861232
0.861232
0.861232
0.861232
0.861236
0.862778
0.866003
0.861234
0.861232
0.861232
0.861232
0.861232
0.861232
0.861232
0.861232
0.861232
0.861232
0.861232
0.861232
0.861232
0.861236
0.862778
0.866003
0.861234
0.861232
0.861232
0.861232
0.861232
0.861232
0.861232
0.861232
0.861232
0.861232
0.861232
0.861232
0.861232
0.861236
0.862778
0.866003
0.861234
0.861232
0.861232
0.861232
0.861232
0.861232
0.861232
0.861232
0.861232
0.861232
0.861232
0.861232
0.861232
0.861236
0.862778
0.866003
0.861234
0.861232
0.861232
0.861232
0.861232
0.861232
0.861232
0.861232
0.861232
0.861232
0.861232
0.861232
0.861232
0.861236
0.862778
0.866003
0.861234
0.861232
0.861232
0.861232
0.861232
0.861232
0.861232
0.861232
0.861232
0.861232
0.861232
0.861232
0.861232
0.861236
0.862778
0.866003
0.861234
0.861232
0.861232
0.861232
0.861232
0.861232
0.861232
0.861232
0.861232
0.861232
0.861232
0.861232
0.861232
0.861236
0.862778
0.866003
0.861234
0.861232
0.861232
0.861232
0.861232
0.861232
0.861232
0.861232
0.861232
0.861232
0.861232
0.861232
0.861232
0.861236
0.862778
0.866003
0.861234
0.861232
0.861232
0.861232
0.861232
0.861232
0.861232
0.861232
0.861232
0.861232
0.861232
0.861232
0.861232
0.861236
0.862778
0.866003
0.861234
0.861232
0.861232
0.861232
0.861232
0.861232
0.861232
0.861232
0.861232
0.861232
0.861232
0.861232
0.861232
0.861236
0.862778
0.866003
0.861234
0.861232
0.861232
0.861232
0.861232
0.861232
0.861232
0.861232
0.861232
0.861232
0.861232
0.861232
0.861232
0.861236
0.862778
0.866003
0.861234
0.861232
0.861232
0.861232
0.861232
0.861232
0.861232
0.861232
0.861232
0.861232
0.861232
0.861232
0.861232
0.861236
0.862778
0.866003
0.861234
0.861232
0.861232
0.861232
0.861232
0.861232
0.861232
0.861232
0.861232
0.861232
0.861232
0.861232
0.861232
0.861236
0.862778
0.866003
0.861234
0.861232
0.861232
0.861232
0.861232
0.861232
0.861232
0.861232
0.861232
0.861232
0.861232
0.861232
0.861232
0.861236
0.862778
0.866003
0.861234
0.861232
0.861232
0.861232
0.861232
0.861232
0.861232
0.861232
0.861232
0.861232
0.861232
0.861232
0.861232
0.861236
0.862778
0.866003
0.861203
0.861201
0.861201
0.861201
0.861201
0.861201
0.861201
0.861201
0.861201
0.861201
0.861201
0.861201
0.861201
0.861205
0.86276
0.865994
1.61971
1.61969
1.61969
1.61969
1.61969
1.61969
1.6208
1.62436
1.63439
1.66097
1.70668
1.61971
1.61969
1.61968
1.61968
1.61965
1.61963
1.61961
1.61961
1.61961
1.61961
1.61961
1.61961
1.62073
1.6243
1.63435
1.66097
1.70668
1.61963
1.61961
1.61961
1.61961
1.61961
1.61961
1.61961
1.61961
1.61961
1.61961
1.61961
1.61961
1.62073
1.6243
1.63435
1.66097
1.70668
1.61963
1.61961
1.61961
1.61961
1.61961
1.61961
1.61961
1.61961
1.61961
1.61961
1.61961
1.61961
1.62073
1.6243
1.63435
1.66097
1.70668
1.61963
1.61961
1.61961
1.61961
1.61961
1.61961
1.61961
1.61961
1.61961
1.61961
1.61961
1.61961
1.62073
1.6243
1.63435
1.66097
1.70668
1.61963
1.61961
1.61961
1.61961
1.61961
1.61961
1.61961
1.61961
1.61961
1.61961
1.61961
1.61961
1.62073
1.6243
1.63435
1.66097
1.70668
1.61963
1.61961
1.61961
1.61961
1.61961
1.61961
1.61961
1.61961
1.61961
1.61961
1.61961
1.61961
1.62073
1.6243
1.63435
1.66097
1.70668
1.61963
1.61961
1.61961
1.61961
1.61961
1.61961
1.61961
1.61961
1.61961
1.61961
1.61961
1.61961
1.62073
1.6243
1.63435
1.66097
1.70668
1.61963
1.61961
1.61961
1.61961
1.61961
1.61961
1.61961
1.61961
1.61961
1.61961
1.61961
1.62073
1.6243
1.63435
1.66097
1.70668
1.61963
1.61961
1.61961
1.61961
1.61961
1.61961
1.61961
1.61961
1.61961
1.61961
1.61961
1.62073
1.6243
1.63435
1.66097
1.70668
1.61963
1.61961
1.61961
1.61961
1.61961
1.61961
1.61961
1.61961
1.61961
1.61961
1.61961
1.62073
1.6243
1.63435
1.66097
1.70668
1.61963
1.61961
1.61961
1.61961
1.61961
1.61961
1.61961
1.61961
1.61961
1.61961
1.61961
1.62073
1.6243
1.63435
1.66097
1.70668
1.61963
1.61961
1.61961
1.61961
1.61961
1.61961
1.61961
1.61961
1.61961
1.61961
1.61961
1.62073
1.6243
1.63435
1.66097
1.70668
1.61963
1.61961
1.61961
1.61961
1.61961
1.61961
1.61961
1.61961
1.61961
1.61961
1.61961
1.62073
1.6243
1.63435
1.66097
1.70668
1.61963
1.61961
1.61961
1.61961
1.61961
1.61961
1.61961
1.61961
1.61961
1.61961
1.61961
1.62073
1.6243
1.63435
1.66097
1.70668
1.61963
1.61961
1.61961
1.61961
1.61961
1.61961
1.61961
1.61961
1.61961
1.61961
1.61961
1.62073
1.6243
1.63435
1.66097
1.70668
1.61963
1.61961
1.61961
1.61961
1.61961
1.61961
1.61961
1.61961
1.61961
1.61961
1.61961
1.62073
1.6243
1.63435
1.66097
1.70668
1.61963
1.61961
1.61961
1.61961
1.61961
1.61961
1.61961
1.61961
1.61961
1.61961
1.61961
1.62073
1.6243
1.63435
1.66097
1.70668
1.61963
1.61961
1.61961
1.61961
1.61961
1.61961
1.61961
1.61961
1.61961
1.61961
1.61961
1.62073
1.6243
1.63435
1.66097
1.70668
1.61963
1.61961
1.61961
1.61961
1.61961
1.61961
1.61961
1.61961
1.61961
1.61961
1.61961
1.62073
1.6243
1.63435
1.66097
1.70668
1.61963
1.61961
1.61961
1.61961
1.61961
1.61961
1.61961
1.61961
1.61961
1.61961
1.61961
1.62073
1.6243
1.63435
1.66097
1.70668
1.61963
1.61961
1.61961
1.61961
1.61961
1.61961
1.61961
1.61961
1.61961
1.61961
1.61961
1.62073
1.6243
1.63435
1.66097
1.70668
1.61963
1.61961
1.61961
1.61961
1.61961
1.61961
1.61961
1.61961
1.61961
1.61961
1.61961
1.62073
1.6243
1.63435
1.66097
1.70668
1.61963
1.61961
1.61961
1.61961
1.61961
1.61961
1.61961
1.61961
1.61961
1.61961
1.61961
1.62073
1.6243
1.63435
1.66097
1.70668
1.61963
1.61961
1.61961
1.61961
1.61961
1.61961
1.61961
1.61961
1.61961
1.61961
1.61961
1.62073
1.6243
1.63435
1.66097
1.70668
1.61924
1.61922
1.61921
1.61921
1.61921
1.61921
1.61921
1.61921
1.61921
1.61922
1.61922
1.62036
1.62395
1.63407
1.66082
1.70662
1.62149
1.62147
1.62147
1.62258
1.62611
1.63607
1.66239
1.70759
1.62149
1.62147
1.62147
1.62147
1.62147
1.62147
1.62146
1.62143
1.62141
1.62139
1.62139
1.62139
1.62251
1.62605
1.63603
1.66239
1.70759
1.62141
1.62139
1.62139
1.62139
1.62139
1.62139
1.62139
1.62139
1.62139
1.62139
1.62139
1.62139
1.62251
1.62605
1.63603
1.66239
1.70759
1.62141
1.62139
1.62139
1.62139
1.62139
1.62139
1.62139
1.62139
1.62139
1.62139
1.62139
1.62139
1.62251
1.62605
1.63603
1.66239
1.70759
1.62141
1.62139
1.62139
1.62139
1.62139
1.62139
1.62139
1.62139
1.62139
1.62139
1.62139
1.62139
1.62251
1.62605
1.63603
1.66239
1.70759
1.62141
1.62139
1.62139
1.62139
1.62139
1.62139
1.62139
1.62139
1.62139
1.62139
1.62139
1.62139
1.62251
1.62605
1.63603
1.66239
1.70759
1.62141
1.62139
1.62139
1.62139
1.62139
1.62139
1.62139
1.62139
1.62139
1.62139
1.62139
1.62139
1.62251
1.62605
1.63603
1.66239
1.70759
1.62141
1.62139
1.62139
1.62139
1.62139
1.62139
1.62139
1.62139
1.62139
1.62139
1.62139
1.62139
1.62251
1.62605
1.63603
1.66239
1.70759
1.62142
1.62139
1.62139
1.62139
1.62139
1.62139
1.62139
1.62139
1.62139
1.62139
1.62139
1.62139
1.62251
1.62605
1.63603
1.66239
1.70759
1.62142
1.62139
1.62139
1.62139
1.62139
1.62139
1.62139
1.62139
1.62139
1.62139
1.62139
1.62139
1.62251
1.62605
1.63603
1.66239
1.70759
1.62141
1.62139
1.62139
1.62139
1.62139
1.62139
1.62139
1.62139
1.62139
1.62139
1.62139
1.62251
1.62605
1.63603
1.66239
1.70759
1.62141
1.62139
1.62139
1.62139
1.62139
1.62139
1.62139
1.62139
1.62139
1.62139
1.62139
1.62251
1.62605
1.63603
1.66239
1.70759
1.62141
1.62139
1.62139
1.62139
1.62139
1.62139
1.62139
1.62139
1.62139
1.62139
1.62139
1.62251
1.62605
1.63603
1.66239
1.70759
1.62141
1.62139
1.62139
1.62139
1.62139
1.62139
1.62139
1.62139
1.62139
1.62139
1.62139
1.62251
1.62605
1.63603
1.66239
1.70759
1.62141
1.62139
1.62139
1.62139
1.62139
1.62139
1.62139
1.62139
1.62139
1.62139
1.62139
1.62251
1.62605
1.63603
1.66239
1.70759
1.62141
1.62139
1.62139
1.62139
1.62139
1.62139
1.62139
1.62139
1.62139
1.62139
1.62139
1.62251
1.62605
1.63603
1.66239
1.70759
1.62141
1.62139
1.62139
1.62139
1.62139
1.62139
1.62139
1.62139
1.62139
1.62139
1.62139
1.62251
1.62605
1.63603
1.66239
1.70759
1.62141
1.62139
1.62139
1.62139
1.62139
1.62139
1.62139
1.62139
1.62139
1.62139
1.62139
1.62251
1.62605
1.63603
1.66239
1.70759
1.62141
1.62139
1.62139
1.62139
1.62139
1.62139
1.62139
1.62139
1.62139
1.62139
1.62139
1.62251
1.62605
1.63603
1.66239
1.70759
1.62141
1.62139
1.62139
1.62139
1.62139
1.62139
1.62139
1.62139
1.62139
1.62139
1.62139
1.62251
1.62605
1.63603
1.66239
1.70759
1.62141
1.62139
1.62139
1.62139
1.62139
1.62139
1.62139
1.62139
1.62139
1.62139
1.62139
1.62251
1.62605
1.63603
1.66239
1.70759
1.62141
1.62139
1.62139
1.62139
1.62139
1.62139
1.62139
1.62139
1.62139
1.62139
1.62139
1.62251
1.62605
1.63603
1.66239
1.70759
1.62141
1.62139
1.62139
1.62139
1.62139
1.62139
1.62139
1.62139
1.62139
1.62139
1.62139
1.62251
1.62605
1.63603
1.66239
1.70759
1.62141
1.62139
1.62139
1.62139
1.62139
1.62139
1.62139
1.62139
1.62139
1.62139
1.62139
1.62251
1.62605
1.63603
1.66239
1.70759
1.62141
1.62139
1.62139
1.62139
1.62139
1.62139
1.62139
1.62139
1.62139
1.62139
1.62139
1.62251
1.62605
1.63602
1.66239
1.70759
1.62102
1.621
1.621
1.621
1.621
1.621
1.621
1.621
1.621
1.621
1.621
1.62213
1.6257
1.63575
1.66223
1.70753
1.62177
1.62286
1.62639
1.63634
1.66262
1.70774
1.62177
1.62175
1.62175
1.62175
1.62175
1.62175
1.62175
1.62175
1.62174
1.62172
1.62169
1.62168
1.62279
1.62633
1.6363
1.66262
1.70774
1.62169
1.62167
1.62167
1.62167
1.62167
1.62167
1.62167
1.62167
1.62167
1.62167
1.62167
1.62168
1.62279
1.62633
1.6363
1.66262
1.70774
1.62169
1.62167
1.62167
1.62167
1.62167
1.62167
1.62167
1.62167
1.62167
1.62167
1.62167
1.62168
1.62279
1.62633
1.6363
1.66262
1.70774
1.62169
1.62167
1.62167
1.62167
1.62167
1.62167
1.62167
1.62167
1.62167
1.62167
1.62167
1.62168
1.62279
1.62633
1.6363
1.66262
1.70774
1.62169
1.62167
1.62167
1.62167
1.62167
1.62167
1.62167
1.62167
1.62167
1.62167
1.62167
1.62168
1.62279
1.62633
1.6363
1.66262
1.70774
1.62169
1.62167
1.62167
1.62167
1.62167
1.62167
1.62167
1.62167
1.62167
1.62167
1.62167
1.62168
1.62279
1.62633
1.6363
1.66262
1.70774
1.62169
1.62167
1.62167
1.62167
1.62167
1.62167
1.62167
1.62167
1.62167
1.62167
1.62167
1.62168
1.62279
1.62633
1.6363
1.66262
1.70774
1.62169
1.62167
1.62167
1.62167
1.62167
1.62167
1.62167
1.62167
1.62167
1.62167
1.62167
1.62168
1.62279
1.62633
1.6363
1.66262
1.70774
1.62169
1.62167
1.62167
1.62167
1.62167
1.62167
1.62167
1.62167
1.62167
1.62167
1.62167
1.62168
1.62279
1.62633
1.6363
1.66262
1.70774
1.62171
1.62167
1.62167
1.62167
1.62167
1.62167
1.62167
1.62167
1.62167
1.62167
1.62167
1.62168
1.62279
1.62633
1.6363
1.66262
1.70774
1.62169
1.62167
1.62167
1.62167
1.62167
1.62167
1.62167
1.62167
1.62167
1.62167
1.62168
1.62279
1.62633
1.6363
1.66262
1.70774
1.62169
1.62167
1.62167
1.62167
1.62167
1.62167
1.62167
1.62167
1.62167
1.62167
1.62168
1.62279
1.62633
1.6363
1.66262
1.70774
1.62169
1.62167
1.62167
1.62167
1.62167
1.62167
1.62167
1.62167
1.62167
1.62167
1.62168
1.62279
1.62633
1.6363
1.66262
1.70774
1.62169
1.62167
1.62167
1.62167
1.62167
1.62167
1.62167
1.62167
1.62167
1.62167
1.62168
1.62279
1.62633
1.6363
1.66262
1.70774
1.62169
1.62167
1.62167
1.62167
1.62167
1.62167
1.62167
1.62167
1.62167
1.62167
1.62168
1.62279
1.62633
1.6363
1.66262
1.70774
1.62169
1.62167
1.62167
1.62167
1.62167
1.62167
1.62167
1.62167
1.62167
1.62167
1.62168
1.62279
1.62633
1.6363
1.66262
1.70774
1.62169
1.62167
1.62167
1.62167
1.62167
1.62167
1.62167
1.62167
1.62167
1.62167
1.62168
1.62279
1.62633
1.6363
1.66262
1.70774
1.62169
1.62167
1.62167
1.62167
1.62167
1.62167
1.62167
1.62167
1.62167
1.62167
1.62168
1.62279
1.62633
1.6363
1.66262
1.70774
1.62169
1.62167
1.62167
1.62167
1.62167
1.62167
1.62167
1.62167
1.62167
1.62167
1.62168
1.62279
1.62633
1.6363
1.66262
1.70774
1.62169
1.62167
1.62167
1.62167
1.62167
1.62167
1.62167
1.62167
1.62167
1.62167
1.62168
1.62279
1.62633
1.6363
1.66262
1.70774
1.62169
1.62167
1.62167
1.62167
1.62167
1.62167
1.62167
1.62167
1.62167
1.62167
1.62168
1.62279
1.62633
1.6363
1.66262
1.70774
1.62169
1.62167
1.62167
1.62167
1.62167
1.62167
1.62167
1.62167
1.62167
1.62167
1.62168
1.62279
1.62633
1.6363
1.66262
1.70774
1.62169
1.62167
1.62167
1.62167
1.62167
1.62167
1.62167
1.62167
1.62167
1.62167
1.62168
1.62279
1.62633
1.6363
1.66262
1.70774
1.62169
1.62167
1.62167
1.62167
1.62167
1.62167
1.62167
1.62167
1.62167
1.62167
1.62167
1.62279
1.62633
1.6363
1.66262
1.70774
1.6213
1.62128
1.62128
1.62128
1.62128
1.62128
1.62128
1.62128
1.62128
1.62128
1.62129
1.62242
1.62599
1.63602
1.66247
1.70768
1.64732
1.67186
1.71358
1.63356
1.63355
1.63355
1.63355
1.63355
1.63355
1.63355
1.63355
1.63355
1.63354
1.63354
1.63354
1.63459
1.63793
1.64729
1.67186
1.71358
1.63351
1.6335
1.6335
1.6335
1.6335
1.6335
1.6335
1.6335
1.6335
1.6335
1.6335
1.6335
1.63457
1.63792
1.64729
1.67186
1.71358
1.63351
1.6335
1.6335
1.6335
1.6335
1.6335
1.6335
1.6335
1.6335
1.6335
1.6335
1.6335
1.63457
1.63792
1.64729
1.67186
1.71358
1.63351
1.6335
1.6335
1.6335
1.6335
1.6335
1.6335
1.6335
1.6335
1.6335
1.6335
1.6335
1.63457
1.63792
1.64729
1.67186
1.71358
1.63351
1.6335
1.6335
1.6335
1.6335
1.6335
1.6335
1.6335
1.6335
1.6335
1.6335
1.6335
1.63457
1.63792
1.64729
1.67186
1.71358
1.63351
1.6335
1.6335
1.6335
1.6335
1.6335
1.6335
1.6335
1.6335
1.6335
1.6335
1.6335
1.63457
1.63792
1.64729
1.67186
1.71358
1.63351
1.6335
1.6335
1.6335
1.6335
1.6335
1.6335
1.6335
1.6335
1.6335
1.6335
1.6335
1.63457
1.63792
1.64729
1.67186
1.71358
1.63351
1.6335
1.6335
1.6335
1.6335
1.6335
1.6335
1.6335
1.6335
1.6335
1.6335
1.6335
1.63457
1.63792
1.64729
1.67186
1.71358
1.63351
1.6335
1.6335
1.6335
1.6335
1.6335
1.6335
1.6335
1.6335
1.6335
1.6335
1.6335
1.63457
1.63792
1.64729
1.67186
1.71358
1.63351
1.6335
1.6335
1.6335
1.6335
1.6335
1.6335
1.6335
1.6335
1.6335
1.6335
1.6335
1.63457
1.63792
1.64729
1.67186
1.71358
1.63352
1.6335
1.6335
1.6335
1.6335
1.6335
1.6335
1.6335
1.6335
1.6335
1.6335
1.6335
1.63457
1.63792
1.64729
1.67186
1.71358
1.63351
1.6335
1.6335
1.6335
1.6335
1.6335
1.6335
1.6335
1.6335
1.6335
1.6335
1.63457
1.63792
1.64729
1.67186
1.71358
1.63351
1.6335
1.6335
1.6335
1.6335
1.6335
1.6335
1.6335
1.6335
1.6335
1.6335
1.63457
1.63792
1.64729
1.67186
1.71358
1.63351
1.6335
1.6335
1.6335
1.6335
1.6335
1.6335
1.6335
1.6335
1.6335
1.6335
1.63457
1.63792
1.64729
1.67186
1.71358
1.63351
1.6335
1.6335
1.6335
1.6335
1.6335
1.6335
1.6335
1.6335
1.6335
1.6335
1.63457
1.63792
1.64729
1.67186
1.71358
1.63351
1.6335
1.6335
1.6335
1.6335
1.6335
1.6335
1.6335
1.6335
1.6335
1.6335
1.63457
1.63792
1.64729
1.67186
1.71358
1.63351
1.6335
1.6335
1.6335
1.6335
1.6335
1.6335
1.6335
1.6335
1.6335
1.6335
1.63457
1.63792
1.64729
1.67186
1.71358
1.63351
1.6335
1.6335
1.6335
1.6335
1.6335
1.6335
1.6335
1.6335
1.6335
1.6335
1.63457
1.63792
1.64729
1.67186
1.71358
1.63351
1.6335
1.6335
1.6335
1.6335
1.6335
1.6335
1.6335
1.6335
1.6335
1.6335
1.63457
1.63792
1.64729
1.67186
1.71358
1.63351
1.6335
1.6335
1.6335
1.6335
1.6335
1.6335
1.6335
1.6335
1.6335
1.6335
1.63457
1.63792
1.64729
1.67186
1.71358
1.63351
1.6335
1.6335
1.6335
1.6335
1.6335
1.6335
1.6335
1.6335
1.6335
1.6335
1.63457
1.63792
1.64729
1.67186
1.71358
1.63351
1.6335
1.6335
1.6335
1.6335
1.6335
1.6335
1.6335
1.6335
1.6335
1.6335
1.63457
1.63792
1.64729
1.67186
1.71358
1.63351
1.6335
1.6335
1.6335
1.6335
1.6335
1.6335
1.6335
1.6335
1.6335
1.6335
1.63457
1.63792
1.64729
1.67186
1.71358
1.63351
1.6335
1.6335
1.6335
1.6335
1.6335
1.6335
1.6335
1.6335
1.6335
1.6335
1.63457
1.63792
1.64729
1.67186
1.71358
1.63329
1.63328
1.63328
1.63328
1.63328
1.63328
1.63328
1.63328
1.63328
1.63328
1.63328
1.63436
1.63773
1.64714
1.67177
1.71355
)
;

boundaryField
{
    frontAndBack
    {
        type            slip;
    }
    inlet
    {
        type            fixedValue;
        value           uniform 1.78;
    }
    outlet
    {
        type            inletOutlet;
        inletValue      nonuniform List<scalar> 0();
        value           nonuniform List<scalar> 0();
    }
    lowerWall
    {
        beta1           0.075;
        blended         0;
        type            omegaWallFunction;
        value           nonuniform List<scalar> 
419
(
0.861241
0.861234
0.861234
0.861234
0.861234
0.861234
0.861239
0.861232
0.861232
0.861232
0.861232
0.861232
0.861234
0.861234
0.861234
0.861234
0.861234
0.861234
0.861234
0.861234
0.861234
0.861234
0.861234
0.861234
0.861234
0.861234
0.861234
0.861234
0.861234
0.861234
0.861203
0.861236
0.861232
0.861232
0.861232
0.861232
0.861232
0.861232
0.861232
0.861232
0.861232
0.861232
0.861232
0.861232
0.861232
0.861232
0.861232
0.861232
0.861232
0.861232
0.861232
0.861232
0.861232
0.861232
0.861232
0.861201
0.861234
0.861232
0.861232
0.861232
0.861232
0.861232
0.861232
0.861232
0.861232
0.861232
0.861232
0.861232
0.861232
0.861232
0.861232
0.861232
0.861232
0.861232
0.861232
0.861232
0.861232
0.861232
0.861232
0.861232
0.861201
0.861241
0.861232
0.861232
0.861232
0.861232
0.861232
0.861232
0.861232
0.861232
0.861232
0.861232
0.861232
0.861232
0.861232
0.861232
0.861232
0.861232
0.861232
0.861232
0.861232
0.861232
0.861232
0.861232
0.861232
0.861232
0.861201
0.861239
0.861232
0.861232
0.861232
0.861232
0.861232
0.861232
0.861232
0.861232
0.861232
0.861232
0.861232
0.861232
0.861232
0.861232
0.861232
0.861232
0.861232
0.861232
0.861232
0.861232
0.861232
0.861232
0.861232
0.861232
0.861201
0.861239
0.861232
0.861232
0.861232
0.861232
0.861232
0.861232
0.861232
0.861232
0.861232
0.861232
0.861232
0.861232
0.861232
0.861232
0.861232
0.861232
0.861232
0.861232
0.861232
0.861232
0.861232
0.861232
0.861232
0.861232
0.861201
0.861239
0.861232
0.861232
0.861232
0.861232
0.861232
0.861232
0.861232
0.861232
0.861232
0.861232
0.861232
0.861232
0.861232
0.861232
0.861232
0.861232
0.861232
0.861232
0.861232
0.861232
0.861232
0.861232
0.861232
0.861232
0.861201
0.861239
0.861232
0.861232
0.861232
0.861232
0.861232
0.861232
0.861232
0.861232
0.861232
0.861232
0.861232
0.861232
0.861232
0.861232
0.861232
0.861232
0.861232
0.861232
0.861232
0.861232
0.861232
0.861232
0.861232
0.861232
0.861201
0.861239
0.861232
0.861232
0.861232
0.861232
0.861232
0.861232
0.861232
0.861232
0.861232
0.861232
0.861232
0.861232
0.861232
0.861232
0.861232
0.861232
0.861232
0.861232
0.861232
0.861232
0.861232
0.861232
0.861232
0.861232
0.861201
0.861239
0.861232
0.861232
0.861232
0.861232
0.861232
0.861232
0.861232
0.861232
0.861232
0.861232
0.861232
0.861232
0.861232
0.861232
0.861232
0.861232
0.861232
0.861232
0.861232
0.861232
0.861232
0.861232
0.861232
0.861232
0.861201
0.861239
0.861232
0.861232
0.861232
0.861232
0.861232
0.861232
0.861232
0.861232
0.861232
0.861232
0.861232
0.861232
0.861232
0.861232
0.861232
0.861232
0.861232
0.861232
0.861232
0.861232
0.861232
0.861232
0.861232
0.861232
0.861201
0.861239
0.861232
0.861232
0.861232
0.861232
0.861232
0.861232
0.861232
0.861232
0.861232
0.861232
0.861232
0.861232
0.861232
0.861232
0.861232
0.861232
0.861232
0.861232
0.861232
0.861232
0.861232
0.861232
0.861232
0.861232
0.861201
0.861239
0.861232
0.861232
0.861232
0.861232
0.861232
0.861232
0.861232
0.861232
0.861232
0.861232
0.861232
0.861232
0.861232
0.861232
0.861232
0.861232
0.861232
0.861232
0.861232
0.861232
0.861232
0.861232
0.861232
0.861232
0.861201
0.861243
0.861236
0.861236
0.861236
0.861236
0.861236
0.861236
0.861236
0.861236
0.861236
0.861236
0.861236
0.861236
0.861236
0.861236
0.861236
0.861236
0.861236
0.861236
0.861236
0.861236
0.861236
0.861236
0.861236
0.861236
0.861205
0.862778
0.862778
0.862778
0.862778
0.862778
0.862778
0.862778
0.862778
0.862778
0.862778
0.862778
0.862778
0.862778
0.862778
0.862778
0.862778
0.862778
0.862778
0.862778
0.862778
0.862778
0.862778
0.862778
0.862778
0.862778
0.86276
0.866003
0.866003
0.866003
0.866003
0.866003
0.866003
0.866003
0.866003
0.866003
0.866003
0.866003
0.866003
0.866003
0.866003
0.866003
0.866003
0.866003
0.866003
0.866003
0.866003
0.866003
0.866003
0.866003
0.866003
0.866003
0.865994
)
;
    }
    upperWall
    {
        type            slip;
    }
    procBoundary5to2
    {
        type            processor;
        value           nonuniform List<scalar> 
100
(
0.861232
0.861232
0.861232
0.861232
0.861232
0.861232
0.861232
0.861232
0.861232
0.861232
0.861236
0.862778
0.866003
0.861234
0.861232
0.861236
0.861239
0.861239
1.61967
1.61969
1.61961
1.61961
1.61961
1.61961
1.61961
1.61961
1.62073
1.6243
1.63435
1.66097
1.70668
1.61963
1.61961
1.61962
1.61962
1.61967
1.61969
1.61969
1.62145
1.62148
1.62149
1.62139
1.62139
1.62139
1.62251
1.62605
1.63603
1.66239
1.70759
1.62141
1.62139
1.62139
1.6214
1.62142
1.62143
1.62145
1.62148
1.62149
1.62149
1.62176
1.62177
1.62168
1.62279
1.62633
1.6363
1.66262
1.70774
1.62169
1.62167
1.62167
1.62167
1.62167
1.62168
1.62168
1.6217
1.62172
1.62176
1.62177
1.62177
1.63355
1.63462
1.63797
1.64729
1.67186
1.71358
1.63351
1.6335
1.6335
1.6335
1.6335
1.6335
1.6335
1.6335
1.63351
1.63352
1.63353
1.63355
1.63462
1.63797
1.63797
)
;
    }
    procBoundary5to4
    {
        type            processor;
        value           nonuniform List<scalar> 
135
(
0.861239
0.861234
0.861234
0.861234
0.861234
0.861234
0.861236
0.861236
0.861236
0.861234
0.861234
0.861234
0.861234
0.861234
0.861234
0.861234
0.861234
0.861234
0.861234
0.861234
0.861234
0.861234
0.861234
0.861234
0.861234
0.861234
0.861203
1.61971
1.61963
1.61963
1.61963
1.61963
1.61963
1.61963
1.61965
1.61965
1.61965
1.61963
1.61963
1.61963
1.61963
1.61963
1.61963
1.61963
1.61963
1.61963
1.61963
1.61963
1.61963
1.61963
1.61963
1.61963
1.61963
1.61963
1.61924
1.62149
1.62141
1.62141
1.62141
1.62141
1.62141
1.62141
1.62143
1.62143
1.62143
1.62143
1.62143
1.62141
1.62141
1.62141
1.62141
1.62141
1.62141
1.62141
1.62141
1.62141
1.62141
1.62141
1.62141
1.62141
1.62141
1.62102
1.62178
1.6217
1.6217
1.6217
1.6217
1.6217
1.6217
1.6217
1.6217
1.62171
1.62172
1.62172
1.62172
1.6217
1.6217
1.6217
1.6217
1.6217
1.6217
1.6217
1.6217
1.6217
1.6217
1.6217
1.6217
1.6217
1.62131
1.63356
1.63351
1.63351
1.63351
1.63351
1.63351
1.63351
1.63351
1.63351
1.63351
1.63353
1.63353
1.63353
1.63351
1.63351
1.63351
1.63351
1.63351
1.63351
1.63351
1.63351
1.63351
1.63351
1.63351
1.63351
1.63329
)
;
    }
}


// ************************************************************************* //
