/*--------------------------------*- C++ -*----------------------------------*\
  =========                 |
  \\      /  F ield         | OpenFOAM: The Open Source CFD Toolbox
   \\    /   O peration     | Website:  https://openfoam.org
    \\  /    A nd           | Version:  10
     \\/     M anipulation  |
\*---------------------------------------------------------------------------*/
FoamFile
{
    format      ascii;
    class       volScalarField;
    location    "20";
    object      p;
}
// * * * * * * * * * * * * * * * * * * * * * * * * * * * * * * * * * * * * * //

dimensions      [0 2 -2 0 0 0 0];

internalField   nonuniform List<scalar> 
2084
(
1.57719e-05
1.61737e-05
1.66367e-05
1.7135e-05
1.76375e-05
1.81659e-05
1.87109e-05
1.92705e-05
1.98295e-05
2.03666e-05
2.0875e-05
2.11742e-05
2.11559e-05
1.77252e-05
1.76618e-05
1.78361e-05
1.82693e-05
1.87667e-05
1.9342e-05
1.99599e-05
2.05576e-05
2.11633e-05
2.17823e-05
2.23967e-05
2.30116e-05
2.36102e-05
2.41758e-05
2.47025e-05
2.50076e-05
2.49977e-05
2.10809e-05
2.12259e-05
2.15571e-05
2.20508e-05
2.2665e-05
2.33073e-05
2.39648e-05
2.46348e-05
2.53035e-05
2.59615e-05
2.66086e-05
2.7251e-05
2.78605e-05
2.84279e-05
2.89452e-05
2.92491e-05
2.9246e-05
2.52182e-05
2.55412e-05
2.60354e-05
2.66243e-05
2.72507e-05
2.79344e-05
2.86439e-05
2.93227e-05
2.99999e-05
3.06674e-05
3.13197e-05
3.19546e-05
3.25493e-05
3.30951e-05
3.35895e-05
3.38732e-05
3.38745e-05
2.97326e-05
3.03473e-05
3.09948e-05
3.16856e-05
3.24112e-05
3.31197e-05
3.38213e-05
3.45115e-05
3.51923e-05
3.58423e-05
3.64725e-05
3.70797e-05
3.76373e-05
3.81406e-05
3.85885e-05
3.88488e-05
3.88539e-05
3.46543e-05
3.55011e-05
3.63834e-05
3.72367e-05
3.7993e-05
3.87314e-05
3.94612e-05
4.01301e-05
4.07815e-05
4.14051e-05
4.20008e-05
4.25582e-05
4.30647e-05
4.35136e-05
4.39082e-05
4.41311e-05
4.41399e-05
3.98624e-05
4.10555e-05
4.21825e-05
4.31729e-05
4.40179e-05
4.475e-05
4.54352e-05
4.60921e-05
4.67113e-05
4.72922e-05
4.78329e-05
4.83307e-05
4.87743e-05
4.91561e-05
4.94794e-05
4.96655e-05
4.96789e-05
4.7108e-05
4.85824e-05
4.97522e-05
5.04625e-05
5.10791e-05
5.17392e-05
5.23439e-05
5.29093e-05
5.34326e-05
5.39119e-05
5.43337e-05
5.47007e-05
5.50093e-05
5.52608e-05
5.53973e-05
5.54116e-05
5.39582e-05
5.52479e-05
5.61511e-05
5.69435e-05
5.76211e-05
5.82356e-05
5.88113e-05
5.93225e-05
5.97757e-05
6.01712e-05
6.051e-05
6.07881e-05
6.10084e-05
6.11733e-05
6.12646e-05
6.12797e-05
6.11544e-05
6.21787e-05
6.30395e-05
6.37303e-05
6.43578e-05
6.49366e-05
6.54383e-05
6.5869e-05
6.6238e-05
6.6549e-05
6.67892e-05
6.69686e-05
6.70951e-05
6.71753e-05
6.7213e-05
6.72215e-05
6.87427e-05
6.95168e-05
7.00702e-05
7.06928e-05
7.12356e-05
7.1709e-05
7.21404e-05
7.24882e-05
7.27621e-05
7.29665e-05
7.31041e-05
7.31799e-05
7.32044e-05
7.31898e-05
7.31794e-05
7.31919e-05
7.59953e-05
7.66079e-05
7.71832e-05
7.76627e-05
7.81119e-05
7.85134e-05
7.88398e-05
7.90839e-05
7.92535e-05
7.93558e-05
7.93831e-05
7.93505e-05
7.92755e-05
7.9172e-05
7.91057e-05
7.91142e-05
8.32133e-05
8.37006e-05
8.41334e-05
8.45587e-05
8.49128e-05
8.51936e-05
8.54312e-05
8.55774e-05
8.56405e-05
8.56299e-05
8.55487e-05
8.54125e-05
8.52417e-05
8.50455e-05
8.49279e-05
8.4938e-05
9.01862e-05
9.05678e-05
9.09521e-05
9.1248e-05
9.15135e-05
9.17149e-05
9.18357e-05
9.1876e-05
9.18385e-05
9.17225e-05
9.15353e-05
9.13012e-05
9.10417e-05
9.07615e-05
9.05903e-05
9.06032e-05
9.68065e-05
9.71341e-05
9.74057e-05
9.766e-05
9.78356e-05
9.79292e-05
9.79666e-05
9.7914e-05
9.77775e-05
9.7562e-05
9.72819e-05
9.69585e-05
9.66144e-05
9.625e-05
9.60361e-05
9.60526e-05
0.000102965
0.000103259
0.000103525
0.000103694
0.000103801
0.00010383
0.000103766
0.000103623
0.000103401
0.000103101
0.000102735
0.000102331
0.000101912
0.000101478
0.00010122
0.000101241
0.000108566
0.000108929
0.000109171
0.000109338
0.000109382
0.00010932
0.000109188
0.000108976
0.000108674
0.000108296
0.000107857
0.000107382
0.000106892
0.000106391
0.0001061
0.000106122
0.000113847
0.000114218
0.000114452
0.000114548
0.000114542
0.000114439
0.000114233
0.000113944
0.000113574
0.000113129
0.000112619
0.000112076
0.000111525
0.000110967
0.000110639
0.000110664
0.000118818
0.000119129
0.000119311
0.000119381
0.000119314
0.000119136
0.000118874
0.000118526
0.000118084
0.000117568
0.000116994
0.000116387
0.000115774
0.000115159
0.000114801
0.000114826
0.000123391
0.000123661
0.0001238
0.000123793
0.00012367
0.000123445
0.000123113
0.000122687
0.000122178
0.000121593
0.000120949
0.00012028
0.000119609
0.000118942
0.000118548
0.000118572
0.000127509
0.00012773
0.000127816
0.000127774
0.00012759
0.000127288
0.000126892
0.0001264
0.000125813
0.000125153
0.000124445
0.000123715
0.000122988
0.000122266
0.000121839
0.000121861
0.000131058
0.000131275
0.000131328
0.000131223
0.000130985
0.00013063
0.000130161
0.00012959
0.000128932
0.000128207
0.000127435
0.000126649
0.000125872
0.000125102
0.000124632
0.00012465
0.000134002
0.000134183
0.000134198
0.000134065
0.000133773
0.000133353
0.000132824
0.000132194
0.000131471
0.000130686
0.000129864
0.000129031
0.000128211
0.000127401
0.000126891
0.000126894
0.000136217
0.000136361
0.000136354
0.000136172
0.000135839
0.00013538
0.000134805
0.000134123
0.000133357
0.000132531
0.000131669
0.000130803
0.000129954
0.00012913
0.000128596
0.000128565
0.000137489
0.00013763
0.000137604
0.000137402
0.000137061
0.000136585
0.000135993
0.000135293
0.000134509
0.000133664
0.000132791
0.000131916
0.000131068
0.000130268
0.000129743
0.000129648
0.000137919
0.000138069
0.000138044
0.000137868
0.000137532
0.000137067
0.00013648
0.000135783
0.000134999
0.000134159
0.000133291
0.000132424
0.000131593
0.000130832
0.000130331
0.000130168
1.66282e-05
1.70557e-05
1.75292e-05
1.80552e-05
1.86188e-05
1.92027e-05
1.97952e-05
2.03696e-05
2.08881e-05
2.11638e-05
2.11375e-05
1.83883e-05
1.82332e-05
1.82328e-05
1.84452e-05
1.88324e-05
1.935e-05
1.98767e-05
2.04421e-05
2.10525e-05
2.1674e-05
2.23076e-05
2.29462e-05
2.35768e-05
2.41781e-05
2.47088e-05
2.50007e-05
2.49945e-05
2.16877e-05
2.1728e-05
2.19399e-05
2.23126e-05
2.27928e-05
2.33445e-05
2.39455e-05
2.45802e-05
2.52347e-05
2.58819e-05
2.65508e-05
2.72048e-05
2.78335e-05
2.8428e-05
2.89548e-05
2.92451e-05
2.92374e-05
2.57423e-05
2.60027e-05
2.63775e-05
2.68619e-05
2.74233e-05
2.80276e-05
2.86554e-05
2.93144e-05
2.99765e-05
3.06353e-05
3.12886e-05
3.1931e-05
3.25404e-05
3.3104e-05
3.35954e-05
3.38693e-05
3.3867e-05
3.01999e-05
3.06975e-05
3.1285e-05
3.19135e-05
3.25554e-05
3.32053e-05
3.38826e-05
3.45474e-05
3.51978e-05
3.58362e-05
3.64739e-05
3.70775e-05
3.76426e-05
3.8157e-05
3.86045e-05
3.88495e-05
3.88508e-05
3.49883e-05
3.5772e-05
3.65831e-05
3.73661e-05
3.81171e-05
3.88248e-05
3.95038e-05
4.01662e-05
4.08085e-05
4.14286e-05
4.20182e-05
4.25723e-05
4.30819e-05
4.35363e-05
4.39214e-05
4.41344e-05
4.4141e-05
4.01489e-05
4.12579e-05
4.23006e-05
4.3254e-05
4.40669e-05
4.48007e-05
4.54935e-05
4.61373e-05
4.6753e-05
4.73256e-05
4.78678e-05
4.83575e-05
4.87967e-05
4.91798e-05
4.95004e-05
4.96742e-05
4.96881e-05
4.5769e-05
4.72755e-05
4.85101e-05
4.95252e-05
5.03704e-05
5.11036e-05
5.17663e-05
5.23884e-05
5.29573e-05
5.34862e-05
5.39511e-05
5.43679e-05
5.47301e-05
5.50338e-05
5.52753e-05
5.54072e-05
5.54204e-05
5.38785e-05
5.51976e-05
5.61209e-05
5.69455e-05
5.76549e-05
5.82955e-05
5.8868e-05
5.93795e-05
5.98289e-05
6.02228e-05
6.05508e-05
6.082e-05
6.1034e-05
6.11946e-05
6.12795e-05
6.12888e-05
6.07629e-05
6.20732e-05
6.30121e-05
6.37732e-05
6.44211e-05
6.49899e-05
6.54988e-05
6.59359e-05
6.63101e-05
6.66022e-05
6.68323e-05
6.70049e-05
6.71224e-05
6.71929e-05
6.72283e-05
6.72322e-05
6.83201e-05
6.93393e-05
7.00774e-05
7.07283e-05
7.12895e-05
7.1792e-05
7.22154e-05
7.25638e-05
7.28313e-05
7.30282e-05
7.31522e-05
7.32158e-05
7.3231e-05
7.32118e-05
7.31966e-05
7.32043e-05
7.55425e-05
7.64108e-05
7.71221e-05
7.76946e-05
7.81702e-05
7.85762e-05
7.89091e-05
7.91621e-05
7.93341e-05
7.94146e-05
7.94275e-05
7.93852e-05
7.92976e-05
7.91839e-05
7.91189e-05
7.91283e-05
8.27689e-05
8.34487e-05
8.40679e-05
8.45448e-05
8.49447e-05
8.52732e-05
8.5506e-05
8.56542e-05
8.57096e-05
8.56878e-05
8.55918e-05
8.54402e-05
8.52526e-05
8.50515e-05
8.49368e-05
8.49461e-05
8.97667e-05
9.03077e-05
9.08107e-05
9.12168e-05
9.15321e-05
9.17527e-05
9.18888e-05
9.19382e-05
9.18966e-05
9.17652e-05
9.15647e-05
9.13169e-05
9.10372e-05
9.07495e-05
9.05907e-05
9.0606e-05
9.64503e-05
9.68737e-05
9.72935e-05
9.75951e-05
9.78225e-05
9.79641e-05
9.80049e-05
9.7954e-05
9.78087e-05
9.75873e-05
9.72936e-05
9.6955e-05
9.65922e-05
9.62317e-05
9.60312e-05
9.60484e-05
0.000102715
0.000103054
0.000103379
0.00010362
0.000103771
0.000103811
0.000103768
0.000103635
0.000103413
0.000103099
0.000102726
0.000102312
0.000101877
0.000101446
0.00010121
0.000101233
0.000108489
0.000108787
0.000109069
0.000109237
0.00010931
0.000109292
0.000109176
0.000108965
0.000108659
0.000108282
0.000107836
0.000107351
0.00010685
0.000106361
0.000106091
0.000106116
0.000113704
0.000114079
0.000114314
0.000114444
0.000114461
0.000114371
0.000114192
0.00011392
0.000113557
0.000113104
0.000112594
0.000112047
0.000111484
0.000110934
0.000110634
0.000110662
0.000118658
0.00011899
0.000119184
0.000119248
0.000119211
0.000119076
0.000118839
0.000118503
0.000118067
0.000117558
0.000116981
0.000116366
0.00011574
0.000115135
0.000114803
0.000114832
0.000123233
0.000123506
0.000123637
0.000123664
0.000123577
0.000123377
0.000123081
0.000122681
0.000122187
0.000121601
0.000120959
0.000120279
0.000119587
0.000118922
0.000118558
0.000118587
0.000127351
0.000127576
0.000127665
0.000127636
0.000127499
0.000127255
0.000126893
0.00012642
0.000125848
0.000125199
0.000124485
0.000123734
0.000122977
0.000122256
0.000121858
0.000121885
0.000130909
0.000131096
0.000131155
0.000131102
0.000130923
0.000130616
0.000130187
0.000129648
0.000129008
0.000128282
0.000127502
0.000126688
0.000125869
0.000125092
0.00012466
0.000124686
0.000133807
0.000133985
0.000134033
0.00013395
0.00013373
0.000133374
0.00013289
0.000132282
0.000131577
0.000130794
0.000129954
0.000129083
0.000128214
0.000127395
0.000126923
0.000126948
0.00013596
0.000136141
0.00013618
0.000136073
0.000135818
0.000135419
0.000134887
0.000134238
0.000133487
0.000132658
0.000131778
0.000130873
0.000129973
0.000129133
0.000128623
0.000128623
0.000137213
0.000137401
0.000137439
0.000137316
0.00013704
0.000136627
0.000136079
0.000135412
0.000134642
0.000133798
0.000132904
0.000131991
0.000131095
0.000130281
0.000129767
0.000129685
0.000137664
0.000137872
0.000137916
0.000137796
0.000137529
0.000137117
0.000136574
0.000135907
0.000135143
0.000134301
0.000133411
0.000132507
0.00013163
0.000130853
0.000130363
0.000130215
1.79006e-05
1.84496e-05
1.90585e-05
1.96951e-05
2.02992e-05
2.08379e-05
2.11251e-05
2.10896e-05
1.9467e-05
1.91808e-05
1.90218e-05
1.90084e-05
1.91576e-05
1.94324e-05
1.98084e-05
2.02973e-05
2.08813e-05
2.14791e-05
2.21276e-05
2.28079e-05
2.34599e-05
2.40946e-05
2.46618e-05
2.49637e-05
2.49525e-05
2.26772e-05
2.25948e-05
2.26467e-05
2.28312e-05
2.31049e-05
2.35027e-05
2.39798e-05
2.45177e-05
2.51115e-05
2.57604e-05
2.64302e-05
2.70894e-05
2.77381e-05
2.83631e-05
2.89148e-05
2.9214e-05
2.91987e-05
2.65668e-05
2.67275e-05
2.69844e-05
2.73284e-05
2.77528e-05
2.82288e-05
2.87607e-05
2.93448e-05
2.99611e-05
3.05866e-05
3.12358e-05
3.18782e-05
3.24902e-05
3.30605e-05
3.35656e-05
3.38411e-05
3.38324e-05
3.08447e-05
3.12602e-05
3.17615e-05
3.22944e-05
3.28363e-05
3.34091e-05
3.40091e-05
3.46164e-05
3.5223e-05
3.58568e-05
3.64657e-05
3.70573e-05
3.76247e-05
3.8144e-05
3.85897e-05
3.88325e-05
3.88292e-05
3.54637e-05
3.61987e-05
3.69342e-05
3.7647e-05
3.83352e-05
3.89905e-05
3.9618e-05
4.02479e-05
4.08706e-05
4.14632e-05
4.20399e-05
4.25908e-05
4.30901e-05
4.35381e-05
4.39186e-05
4.41258e-05
4.41303e-05
4.04988e-05
4.15439e-05
4.25314e-05
4.34171e-05
4.41984e-05
4.49156e-05
4.55878e-05
4.621e-05
4.68062e-05
4.73798e-05
4.79032e-05
4.83794e-05
4.88178e-05
4.91987e-05
4.95089e-05
4.96773e-05
4.9688e-05
4.60118e-05
4.73878e-05
4.85748e-05
4.95753e-05
5.04364e-05
5.11737e-05
5.1836e-05
5.24511e-05
5.30262e-05
5.35356e-05
5.3998e-05
5.44145e-05
5.47625e-05
5.5056e-05
5.52902e-05
5.54175e-05
5.54324e-05
5.20378e-05
5.36911e-05
5.50813e-05
5.61611e-05
5.70005e-05
5.7719e-05
5.83652e-05
5.89327e-05
5.94388e-05
5.98937e-05
6.02741e-05
6.0591e-05
6.08587e-05
6.1068e-05
6.12179e-05
6.12977e-05
6.13003e-05
5.85723e-05
6.06047e-05
6.22197e-05
6.31659e-05
6.38453e-05
6.44998e-05
6.50663e-05
6.55787e-05
6.60155e-05
6.63722e-05
6.66641e-05
6.68944e-05
6.70513e-05
6.71562e-05
6.72176e-05
6.72487e-05
6.72552e-05
6.78198e-05
6.93472e-05
7.02588e-05
7.08292e-05
7.13857e-05
7.18845e-05
7.2299e-05
7.26383e-05
7.29091e-05
7.30934e-05
7.32047e-05
7.3264e-05
7.32712e-05
7.32397e-05
7.32205e-05
7.32246e-05
7.50143e-05
7.64387e-05
7.7247e-05
7.77808e-05
7.82634e-05
7.86662e-05
7.89956e-05
7.92468e-05
7.93994e-05
7.94777e-05
7.94902e-05
7.94305e-05
7.93286e-05
7.9206e-05
7.91371e-05
7.91479e-05
8.21884e-05
8.32771e-05
8.40144e-05
8.45616e-05
8.50007e-05
8.53412e-05
8.55741e-05
8.5716e-05
8.57742e-05
8.57386e-05
8.56277e-05
8.54701e-05
8.52757e-05
8.50668e-05
8.49509e-05
8.49595e-05
8.9103e-05
8.9962e-05
9.06357e-05
9.11503e-05
9.1524e-05
9.17761e-05
9.19301e-05
9.19826e-05
9.1925e-05
9.17887e-05
9.15883e-05
9.13261e-05
9.10368e-05
9.0752e-05
9.05945e-05
9.06117e-05
9.58572e-05
9.64784e-05
9.70562e-05
9.74627e-05
9.77589e-05
9.79383e-05
9.79947e-05
9.79452e-05
9.78086e-05
9.75747e-05
9.72721e-05
9.69347e-05
9.65747e-05
9.62218e-05
9.60282e-05
9.60452e-05
0.000102247
0.000102698
0.000103122
0.000103444
0.000103645
0.00010373
0.000103715
0.000103593
0.000103359
0.00010305
0.000102685
0.000102271
0.000101839
0.000101427
0.000101201
0.000101226
0.000108129
0.000108478
0.000108812
0.000109023
0.000109142
0.000109165
0.000109073
0.000108872
0.000108584
0.000108206
0.000107766
0.000107296
0.00010681
0.00010634
0.000106084
0.00010611
0.000113428
0.000113809
0.000114061
0.000114214
0.000114263
0.000114212
0.000114066
0.000113815
0.000113456
0.000113022
0.000112536
0.000112001
0.000111447
0.00011092
0.000110632
0.000110664
0.000118415
0.000118733
0.000118919
0.000119001
0.000119
0.000118906
0.000118702
0.000118391
0.000117989
0.000117503
0.000116943
0.000116346
0.00011573
0.000115137
0.000114815
0.000114848
0.000122995
0.000123238
0.00012336
0.000123402
0.000123357
0.000123211
0.000122965
0.00012261
0.000122139
0.000121589
0.000120975
0.000120303
0.000119605
0.000118944
0.000118585
0.000118619
0.00012709
0.000127283
0.000127365
0.000127368
0.00012729
0.00012711
0.000126812
0.000126391
0.000125869
0.000125253
0.000124555
0.000123806
0.000123033
0.000122301
0.000121903
0.000121937
0.00013061
0.000130769
0.000130836
0.000130827
0.000130724
0.0001305
0.000130154
0.000129682
0.000129093
0.000128405
0.000127635
0.000126804
0.000125953
0.000125155
0.000124719
0.00012475
0.000133447
0.000133618
0.000133696
0.00013368
0.000133553
0.000133299
0.000132902
0.000132371
0.000131728
0.000130974
0.00013013
0.000129232
0.000128324
0.000127474
0.000126993
0.00012702
0.000135536
0.000135753
0.000135849
0.000135826
0.000135675
0.000135382
0.000134943
0.000134374
0.000133676
0.000132872
0.000131982
0.00013104
0.000130097
0.000129223
0.000128699
0.000128698
0.00013677
0.000137028
0.000137142
0.000137112
0.000136943
0.000136625
0.000136167
0.000135567
0.000134845
0.000134019
0.00013311
0.00013216
0.000131224
0.000130377
0.00012985
0.000129758
0.000137232
0.000137521
0.00013765
0.000137624
0.000137452
0.000137131
0.000136666
0.000136067
0.000135344
0.000134513
0.000133608
0.000132671
0.000131759
0.000130953
0.000130452
0.000130298
1.889e-05
1.95246e-05
2.01762e-05
2.07499e-05
2.10631e-05
2.10219e-05
2.04776e-05
2.00696e-05
1.9797e-05
1.96549e-05
1.96396e-05
1.9741e-05
1.9959e-05
2.02866e-05
2.0719e-05
2.1273e-05
2.19188e-05
2.25924e-05
2.32758e-05
2.39704e-05
2.45986e-05
2.49161e-05
2.48908e-05
2.35949e-05
2.34027e-05
2.33382e-05
2.33813e-05
2.35302e-05
2.37786e-05
2.41141e-05
2.45422e-05
2.50657e-05
2.56527e-05
2.62722e-05
2.69367e-05
2.76161e-05
2.82785e-05
2.88589e-05
2.91699e-05
2.91392e-05
2.73171e-05
2.73993e-05
2.75662e-05
2.78082e-05
2.81175e-05
2.849e-05
2.89307e-05
2.94343e-05
2.99894e-05
3.05738e-05
3.11787e-05
3.17977e-05
3.24209e-05
3.30055e-05
3.35301e-05
3.3809e-05
3.37812e-05
3.14221e-05
3.17966e-05
3.22181e-05
3.26659e-05
3.31406e-05
3.3641e-05
3.4163e-05
3.47198e-05
3.53022e-05
3.58853e-05
3.64595e-05
3.70404e-05
3.76024e-05
3.81173e-05
3.85628e-05
3.88074e-05
3.87871e-05
3.59121e-05
3.66025e-05
3.72803e-05
3.79364e-05
3.85632e-05
3.91682e-05
3.97635e-05
4.03578e-05
4.09441e-05
4.15118e-05
4.20657e-05
4.25936e-05
4.30924e-05
4.35297e-05
4.39129e-05
4.41152e-05
4.41012e-05
4.08317e-05
4.18315e-05
4.27615e-05
4.36005e-05
4.43614e-05
4.50514e-05
4.56913e-05
4.6302e-05
4.68824e-05
4.7425e-05
4.79327e-05
4.84059e-05
4.88343e-05
4.92058e-05
4.95076e-05
4.96727e-05
4.96679e-05
4.62191e-05
4.75145e-05
4.86775e-05
4.96795e-05
5.05308e-05
5.1266e-05
5.19243e-05
5.25276e-05
5.30814e-05
5.35836e-05
5.40425e-05
5.44409e-05
5.47876e-05
5.50711e-05
5.53028e-05
5.54238e-05
5.54278e-05
5.20141e-05
5.36432e-05
5.50747e-05
5.61986e-05
5.70669e-05
5.77886e-05
5.84198e-05
5.89887e-05
5.94949e-05
5.99394e-05
6.03129e-05
6.06351e-05
6.08908e-05
6.10911e-05
6.12308e-05
6.13074e-05
6.13144e-05
5.82263e-05
6.03413e-05
6.21303e-05
6.32119e-05
6.39281e-05
6.45634e-05
6.51295e-05
6.56291e-05
6.60575e-05
6.64182e-05
6.6711e-05
6.69329e-05
6.70855e-05
6.71823e-05
6.72391e-05
6.72646e-05
6.72724e-05
6.47965e-05
6.71678e-05
6.91561e-05
7.04087e-05
7.10461e-05
7.14727e-05
7.19371e-05
7.234e-05
7.26809e-05
7.29482e-05
7.3133e-05
7.32527e-05
7.32992e-05
7.32976e-05
7.32537e-05
7.32332e-05
7.32457e-05
7.42962e-05
7.61819e-05
7.74065e-05
7.79789e-05
7.83303e-05
7.87149e-05
7.90271e-05
7.92642e-05
7.94287e-05
7.95122e-05
7.95186e-05
7.94539e-05
7.93464e-05
7.92213e-05
7.915e-05
7.91691e-05
8.14609e-05
8.31279e-05
8.40783e-05
8.46066e-05
8.5012e-05
8.5335e-05
8.5565e-05
8.57121e-05
8.57723e-05
8.57407e-05
8.56399e-05
8.54769e-05
8.52805e-05
8.50674e-05
8.49543e-05
8.49757e-05
8.85386e-05
8.97548e-05
9.05234e-05
9.10645e-05
9.14505e-05
9.17223e-05
9.18801e-05
9.19292e-05
9.18898e-05
9.17614e-05
9.15597e-05
9.13042e-05
9.10221e-05
9.07462e-05
9.05925e-05
9.06187e-05
9.52789e-05
9.61338e-05
9.68078e-05
9.72839e-05
9.76118e-05
9.78097e-05
9.7886e-05
9.78536e-05
9.77221e-05
9.74984e-05
9.72164e-05
9.68895e-05
9.65435e-05
9.61986e-05
9.60164e-05
9.60455e-05
0.000101762
0.000102326
0.000102838
0.000103198
0.000103435
0.00010356
0.000103561
0.000103445
0.000103235
0.000102948
0.000102595
0.000102202
0.000101792
0.000101403
0.000101188
0.000101225
0.000107636
0.000108141
0.000108503
0.000108754
0.000108905
0.000108946
0.000108875
0.000108698
0.000108429
0.000108076
0.000107673
0.000107226
0.000106763
0.00010631
0.00010607
0.00010611
0.000113105
0.000113501
0.000113768
0.00011393
0.000114
0.000113978
0.000113851
0.000113619
0.0001133
0.000112909
0.00011245
0.000111942
0.000111411
0.000110905
0.000110628
0.000110671
0.000118158
0.00011845
0.000118618
0.000118714
0.000118729
0.000118655
0.000118483
0.000118213
0.000117854
0.000117407
0.000116897
0.000116324
0.000115722
0.000115136
0.000114822
0.000114866
0.000122739
0.000122942
0.000123053
0.000123098
0.000123075
0.00012297
0.000122767
0.000122458
0.000122052
0.000121561
0.000120979
0.000120323
0.000119632
0.00011897
0.000118611
0.00011865
0.000126796
0.000126954
0.000127024
0.000127048
0.000127005
0.000126873
0.000126639
0.000126295
0.000125846
0.000125284
0.000124624
0.00012388
0.000123097
0.000122349
0.000121946
0.000121988
0.000130256
0.000130395
0.000130468
0.000130486
0.000130432
0.000130282
0.000130021
0.000129638
0.000129134
0.000128509
0.000127758
0.00012692
0.000126049
0.000125228
0.00012478
0.000124819
0.000133029
0.0001332
0.000133297
0.000133328
0.000133267
0.000133097
0.000132802
0.00013238
0.000131822
0.000131118
0.000130292
0.000129383
0.000128444
0.000127562
0.000127065
0.000127102
0.00013506
0.000135308
0.000135446
0.000135485
0.00013541
0.000135216
0.000134885
0.000134418
0.000133801
0.000133043
0.00013216
0.000131198
0.000130225
0.000129321
0.000128779
0.000128782
0.000136262
0.000136578
0.000136753
0.000136797
0.000136716
0.000136494
0.000136137
0.000135631
0.000134979
0.000134183
0.000133277
0.000132308
0.000131348
0.000130474
0.000129932
0.000129842
0.000136707
0.000137065
0.000137266
0.000137323
0.000137236
0.000137013
0.000136641
0.000136122
0.000135452
0.000134653
0.000133751
0.0001328
0.000131866
0.000131042
0.00013053
0.000130381
2.07054e-05
2.10201e-05
2.09843e-05
2.10616e-05
2.061e-05
2.02774e-05
2.00699e-05
1.99821e-05
2.00069e-05
2.01375e-05
2.03686e-05
2.06966e-05
2.1155e-05
2.17152e-05
2.23637e-05
2.31129e-05
2.39092e-05
2.45373e-05
2.48723e-05
2.48446e-05
2.41237e-05
2.39022e-05
2.37716e-05
2.37487e-05
2.38271e-05
2.40015e-05
2.42655e-05
2.46213e-05
2.50587e-05
2.55763e-05
2.61805e-05
2.68329e-05
2.75125e-05
2.82108e-05
2.881e-05
2.91337e-05
2.91091e-05
2.77663e-05
2.78066e-05
2.79225e-05
2.81059e-05
2.83569e-05
2.86736e-05
2.9059e-05
2.95082e-05
3.00089e-05
3.05652e-05
3.11512e-05
3.17526e-05
3.23746e-05
3.29592e-05
3.34904e-05
3.37841e-05
3.37699e-05
3.17706e-05
3.21133e-05
3.24949e-05
3.2898e-05
3.33252e-05
3.37808e-05
3.42666e-05
3.47913e-05
3.53366e-05
3.58943e-05
3.64669e-05
3.70275e-05
3.7585e-05
3.80826e-05
3.85412e-05
3.8791e-05
3.8784e-05
3.61792e-05
3.68404e-05
3.74872e-05
3.8105e-05
3.86969e-05
3.92729e-05
3.98462e-05
4.04188e-05
4.09797e-05
4.15358e-05
4.20769e-05
4.25873e-05
4.30829e-05
4.35248e-05
4.38993e-05
4.41089e-05
4.41107e-05
4.10295e-05
4.20104e-05
4.29075e-05
4.37179e-05
4.44511e-05
4.51238e-05
4.57519e-05
4.63526e-05
4.69149e-05
4.74487e-05
4.79561e-05
4.84187e-05
4.88382e-05
4.91957e-05
4.95051e-05
4.96718e-05
4.96835e-05
4.63556e-05
4.76244e-05
4.8759e-05
4.9745e-05
5.0579e-05
5.13109e-05
5.19666e-05
5.25605e-05
5.31034e-05
5.36085e-05
5.40556e-05
5.44498e-05
5.47928e-05
5.50825e-05
5.53054e-05
5.54276e-05
5.54411e-05
5.20543e-05
5.36559e-05
5.50909e-05
5.62175e-05
5.70905e-05
5.7816e-05
5.84461e-05
5.90119e-05
5.95141e-05
5.99536e-05
6.03365e-05
6.06561e-05
6.09037e-05
6.10933e-05
6.124e-05
6.13126e-05
6.13253e-05
5.80983e-05
6.0233e-05
6.20771e-05
6.32104e-05
6.39529e-05
6.45831e-05
6.5141e-05
6.5637e-05
6.60697e-05
6.64336e-05
6.6721e-05
6.69389e-05
6.7098e-05
6.71997e-05
6.72482e-05
6.72717e-05
6.72716e-05
6.45155e-05
6.70137e-05
6.90115e-05
7.0412e-05
7.10911e-05
7.14916e-05
7.19421e-05
7.23377e-05
7.26786e-05
7.29478e-05
7.31456e-05
7.32673e-05
7.33089e-05
7.32998e-05
7.32651e-05
7.32368e-05
7.32395e-05
7.12113e-05
7.39429e-05
7.60153e-05
7.74081e-05
7.80332e-05
7.8344e-05
7.87017e-05
7.90002e-05
7.92478e-05
7.94196e-05
7.9505e-05
7.95074e-05
7.94535e-05
7.93546e-05
7.92247e-05
7.91521e-05
7.91563e-05
8.09818e-05
8.29749e-05
8.41989e-05
8.47269e-05
8.49936e-05
8.52892e-05
8.55116e-05
8.5667e-05
8.57343e-05
8.57203e-05
8.56271e-05
8.54648e-05
8.52669e-05
8.50654e-05
8.49498e-05
8.49618e-05
8.81166e-05
8.96927e-05
9.05556e-05
9.10223e-05
9.13761e-05
9.16333e-05
9.17882e-05
9.18547e-05
9.18278e-05
9.17093e-05
9.1514e-05
9.12741e-05
9.10097e-05
9.07331e-05
9.05834e-05
9.05949e-05
9.49252e-05
9.59121e-05
9.66706e-05
9.71498e-05
9.74776e-05
9.76783e-05
9.77634e-05
9.7748e-05
9.76275e-05
9.74316e-05
9.71676e-05
9.68485e-05
9.65108e-05
9.61851e-05
9.60017e-05
9.60225e-05
0.000101504
0.000102107
0.000102644
0.00010302
0.00010327
0.000103399
0.000103408
0.000103313
0.000103124
0.000102855
0.00010252
0.000102154
0.000101768
0.000101379
0.000101172
0.000101193
0.000107549
0.00010793
0.000108308
0.000108565
0.000108721
0.00010877
0.00010871
0.000108553
0.000108305
0.000107988
0.000107612
0.000107183
0.000106729
0.000106295
0.000106055
0.000106088
0.000112955
0.000113322
0.000113576
0.000113738
0.000113813
0.000113795
0.00011368
0.000113475
0.000113187
0.000112823
0.000112393
0.000111905
0.0001114
0.000110893
0.00011062
0.000110657
0.000118004
0.000118268
0.000118434
0.000118523
0.00011854
0.000118474
0.000118323
0.000118083
0.000117758
0.000117351
0.00011687
0.000116319
0.000115718
0.00011514
0.000114825
0.000114868
0.000122577
0.000122764
0.00012286
0.000122903
0.000122885
0.000122793
0.000122614
0.000122347
0.000121992
0.000121538
0.000120982
0.000120338
0.000119657
0.000118989
0.000118627
0.000118672
0.000126609
0.000126746
0.000126815
0.000126839
0.000126806
0.000126698
0.000126501
0.000126213
0.000125817
0.000125303
0.000124665
0.000123924
0.00012314
0.000122385
0.000121975
0.000122021
0.000130027
0.000130161
0.000130231
0.000130259
0.000130223
0.000130109
0.000129896
0.000129578
0.000129136
0.000128548
0.000127822
0.000126988
0.000126115
0.00012528
0.000124823
0.000124868
0.000132745
0.00013293
0.000133038
0.000133082
0.000133052
0.000132924
0.000132694
0.000132339
0.000131839
0.000131183
0.000130379
0.000129466
0.000128518
0.000127624
0.000127116
0.000127164
0.000134734
0.000135011
0.000135173
0.000135239
0.000135202
0.000135058
0.000134795
0.000134392
0.000133837
0.00013311
0.000132246
0.000131283
0.000130305
0.000129386
0.000128834
0.000128846
0.000135893
0.000136245
0.000136459
0.000136546
0.000136504
0.000136347
0.000136049
0.000135609
0.000134998
0.00013424
0.000133346
0.000132382
0.000131411
0.000130531
0.000129983
0.000129905
0.000136276
0.000136682
0.000136934
0.000137038
0.000137008
0.00013684
0.000136533
0.000136066
0.000135442
0.000134671
0.000133785
0.000132839
0.000131907
0.00013108
0.000130567
0.00013044
)
;

boundaryField
{
    frontAndBack
    {
        type            slip;
    }
    inlet
    {
        type            zeroGradient;
    }
    outlet
    {
        type            fixedValue;
        value           nonuniform List<scalar> 0();
    }
    lowerWall
    {
        type            zeroGradient;
    }
    upperWall
    {
        type            slip;
    }
    procBoundary5to2
    {
        type            processor;
        value           nonuniform List<scalar> 
100
(
1.3577e-05
1.37574e-05
1.40083e-05
1.43212e-05
1.46813e-05
1.50906e-05
1.55348e-05
1.60147e-05
1.65127e-05
1.70047e-05
1.74827e-05
1.77569e-05
1.77163e-05
1.56468e-05
1.53849e-05
1.52689e-05
1.53946e-05
1.53946e-05
1.58606e-05
1.62025e-05
1.4072e-05
1.43258e-05
1.46306e-05
1.50075e-05
1.54539e-05
1.59529e-05
1.64778e-05
1.70003e-05
1.74841e-05
1.77434e-05
1.7694e-05
1.6373e-05
1.59726e-05
1.57574e-05
1.57179e-05
1.58606e-05
1.62025e-05
1.62025e-05
1.66028e-05
1.69322e-05
1.73556e-05
1.49285e-05
1.53741e-05
1.58705e-05
1.6406e-05
1.69438e-05
1.74381e-05
1.76987e-05
1.76395e-05
1.74156e-05
1.69295e-05
1.65853e-05
1.63844e-05
1.6316e-05
1.63971e-05
1.66028e-05
1.69322e-05
1.73556e-05
1.73556e-05
1.76967e-05
1.82442e-05
1.57779e-05
1.63246e-05
1.68681e-05
1.73738e-05
1.76465e-05
1.75701e-05
1.83682e-05
1.78231e-05
1.73844e-05
1.7071e-05
1.68794e-05
1.68017e-05
1.68404e-05
1.70086e-05
1.72839e-05
1.76967e-05
1.82442e-05
1.82442e-05
1.86479e-05
1.935e-05
2.0034e-05
1.73e-05
1.76053e-05
1.7536e-05
1.89329e-05
1.83326e-05
1.78536e-05
1.74835e-05
1.72296e-05
1.70917e-05
1.70601e-05
1.71327e-05
1.73272e-05
1.76392e-05
1.8086e-05
1.86479e-05
1.935e-05
2.0034e-05
2.0034e-05
)
;
    }
    procBoundary5to4
    {
        type            processor;
        value           nonuniform List<scalar> 
135
(
1.80338e-05
2.11745e-05
2.506e-05
2.92715e-05
3.38475e-05
3.87418e-05
4.5652e-05
4.5652e-05
4.5652e-05
5.22824e-05
5.96601e-05
6.7378e-05
7.49183e-05
8.2241e-05
8.931e-05
9.59861e-05
0.000102259
0.000107943
0.000113342
0.000118374
0.000123026
0.000127177
0.000130672
0.000133624
0.000135868
0.000137143
0.000137548
1.87596e-05
2.18626e-05
2.56503e-05
2.98014e-05
3.42298e-05
3.9008e-05
4.4315e-05
5.21446e-05
5.21446e-05
5.21446e-05
5.90985e-05
5.90985e-05
6.67788e-05
7.4257e-05
8.16397e-05
8.87474e-05
9.55495e-05
0.000101926
0.000107824
0.00011316
0.000118227
0.000122882
0.000127065
0.000130634
0.000133438
0.000135569
0.000136803
0.000137233
1.99172e-05
2.2928e-05
2.65299e-05
3.04965e-05
3.47615e-05
3.94461e-05
4.46168e-05
5.03265e-05
5.65607e-05
6.57583e-05
6.57583e-05
6.57583e-05
7.31529e-05
8.05719e-05
8.77831e-05
9.47707e-05
0.000101332
0.000107418
0.00011287
0.000118014
0.000122679
0.000126844
0.000130391
0.000133217
0.00013514
0.000136315
0.000136746
2.09895e-05
2.38849e-05
2.73298e-05
3.11161e-05
3.52578e-05
3.98307e-05
4.48789e-05
5.03505e-05
5.61917e-05
6.24818e-05
7.19181e-05
7.19181e-05
7.19181e-05
7.93354e-05
8.67884e-05
9.39697e-05
0.000100748
0.000106874
0.000112559
0.000117767
0.000122456
0.000126576
0.000130065
0.000132807
0.000134634
0.000135759
0.00013616
2.16122e-05
2.44461e-05
2.77925e-05
3.14779e-05
3.5551e-05
4.00519e-05
4.50349e-05
5.04161e-05
5.6035e-05
6.1968e-05
6.84326e-05
7.84413e-05
7.84413e-05
8.61128e-05
9.35021e-05
0.00010045
0.000106789
0.000112414
0.000117629
0.000122314
0.000126404
0.000129845
0.000132517
0.000134275
0.000135341
0.000135682
)
;
    }
}


// ************************************************************************* //
