/*--------------------------------*- C++ -*----------------------------------*\
  =========                 |
  \\      /  F ield         | OpenFOAM: The Open Source CFD Toolbox
   \\    /   O peration     | Website:  https://openfoam.org
    \\  /    A nd           | Version:  10
     \\/     M anipulation  |
\*---------------------------------------------------------------------------*/
FoamFile
{
    format      ascii;
    class       surfaceScalarField;
    location    "20";
    object      phi;
}
// * * * * * * * * * * * * * * * * * * * * * * * * * * * * * * * * * * * * * //

dimensions      [0 3 -1 0 0 0 0];

internalField   nonuniform List<scalar> 
5613
(
-200
-3.56743e-05
-200
-3.58352e-05
-200
-3.48741e-05
-4.0147e-07
-200
-3.31137e-05
-2.77569e-07
-200
-3.01534e-05
1.14994e-07
-200
-2.47588e-05
4.31352e-08
-200
-1.71201e-05
1.48061e-07
-200
-7.18984e-06
9.47785e-08
-200
5.60444e-06
-2.68014e-08
-200
2.18286e-05
-2.20378e-07
-200
4.21588e-05
-3.22261e-07
-200
7.18846e-05
-2.08201e-07
-5.202e-06
-6.33978e-09
-200
-3.4088e-05
1.65812e-07
-200
-3.5123e-05
-3.47165e-08
-200
-3.59131e-05
-6.87957e-07
-200
-3.67586e-05
-6.71266e-07
-200
-3.84581e-05
-3.55223e-07
-200
-3.84019e-05
-8.9179e-07
-200
-3.75938e-05
-5.10137e-07
-200
-3.58327e-05
-1.3347e-07
-200
-3.27744e-05
6.74722e-08
-200
-2.71795e-05
-3.44092e-08
-200
-1.92413e-05
1.53713e-07
-200
-8.84739e-06
8.83614e-08
-200
4.61847e-06
-3.09319e-08
-200
2.17976e-05
-3.16108e-07
-200
4.34317e-05
-3.25352e-07
-200
7.52409e-05
-2.02004e-07
-5.93363e-06
-3.48856e-08
-200
-3.60392e-05
-9.56875e-08
-200
-3.72004e-05
-2.7185e-07
-200
-3.83967e-05
5.31065e-08
-200
-3.95691e-05
-3.87528e-07
-200
-4.10725e-05
-7.19101e-07
-200
-4.10677e-05
-2.73829e-07
-200
-4.04437e-05
-1.36882e-07
-200
-3.84789e-05
-3.18069e-07
-200
-3.53761e-05
-1.91539e-07
-200
-2.9563e-05
4.44433e-08
-200
-2.13287e-05
1.18711e-07
-200
-1.04686e-05
-5.71986e-08
-200
3.61929e-06
-1.10724e-07
-200
2.16597e-05
-2.91364e-07
-200
4.44504e-05
-3.06256e-07
-200
7.83166e-05
-1.74587e-07
-6.65428e-06
-1.4456e-08
-200
-3.78085e-05
2.30509e-07
-200
-3.94097e-05
1.25967e-07
-200
-4.06032e-05
-8.21851e-07
-200
-4.18471e-05
-3.9185e-07
-200
-4.3663e-05
-7.71848e-08
-200
-4.36654e-05
-6.32255e-07
-200
-4.29239e-05
-4.57172e-07
-200
-4.11561e-05
6.52661e-08
-200
-3.79042e-05
4.98888e-08
-200
-3.17616e-05
-7.19415e-08
-200
-2.32593e-05
-2.13547e-08
-200
-1.20043e-05
-7.91695e-08
-200
2.6582e-06
-1.25704e-07
-200
2.14847e-05
-3.0693e-07
-200
4.53943e-05
-2.86171e-07
-200
8.09924e-05
-1.35981e-07
-7.33625e-06
-1.91856e-08
-200
-4.02711e-05
-1.05997e-07
-200
-4.18667e-05
-3.03402e-07
-200
-4.32847e-05
2.95598e-07
-200
-4.47929e-05
-1.14784e-07
-200
-4.60626e-05
-5.37483e-07
-200
-4.59106e-05
-1.71702e-07
-200
-4.54314e-05
-1.35275e-07
-200
-4.35228e-05
-2.03764e-07
-200
-4.02144e-05
-1.92459e-07
-200
-3.37694e-05
-1.06955e-08
-200
-2.50417e-05
-5.07344e-09
-200
-1.34614e-05
-1.16588e-07
-200
1.68059e-06
-1.26066e-07
-200
2.12013e-05
-2.14002e-07
-200
4.60208e-05
-2.34144e-07
-200
8.32333e-05
-1.22859e-07
-7.93882e-06
-1.27691e-08
-200
-4.25004e-05
-4.0254e-08
-200
-4.4556e-05
2.80153e-07
-200
-4.59672e-05
-5.49767e-07
-200
-4.73602e-05
-1.30197e-07
-200
-4.82882e-05
5.89446e-08
-200
-4.81481e-05
-4.61631e-07
-200
-4.76068e-05
-3.35281e-07
-200
-4.58242e-05
1.03217e-07
-200
-4.21179e-05
-9.85247e-08
-200
-3.55328e-05
-1.12506e-07
-200
-2.65852e-05
-1.16415e-07
-200
-1.47123e-05
-9.90317e-08
-200
8.28323e-07
-1.29026e-07
-200
2.09117e-05
-2.47867e-07
-200
4.6561e-05
-2.12234e-07
-200
8.49732e-05
-8.96876e-08
-8.49779e-06
-6.91666e-09
-200
-2.46798e-07
-200
-4.75956e-05
-2.93386e-07
-200
-4.92881e-05
5.95508e-07
-200
-5.00771e-05
-3.85403e-08
-200
-5.02271e-05
-4.21137e-07
-200
-5.00328e-05
-1.91287e-08
-200
-4.96044e-05
-5.12419e-08
-200
-4.76588e-05
-2.81559e-07
-200
-4.3743e-05
-2.54131e-07
-200
-3.70639e-05
-8.3079e-08
-200
-2.79982e-05
-2.79675e-08
-200
-1.58551e-05
-1.10751e-07
-200
3.50401e-08
-1.29298e-07
-200
2.05247e-05
-1.18561e-07
-200
4.67124e-05
-1.37822e-07
-200
8.61525e-05
-6.74197e-08
-8.93881e-06
-2.34039e-09
-200
-4.81226e-05
7.56734e-07
-200
-4.79012e-05
6.16189e-07
-200
-4.90363e-05
5.34955e-07
-200
-5.21992e-05
4.84012e-10
-200
-5.2363e-05
-6.55181e-07
-200
-5.12121e-05
-2.19174e-07
-200
-4.93187e-05
5.57765e-08
-200
-4.4969e-05
-1.07419e-07
-200
-3.82937e-05
-1.44989e-07
-200
-2.90846e-05
-2.07416e-07
-200
-1.67972e-05
-1.09062e-07
-200
-6.60233e-07
-9.84285e-08
-200
2.01816e-05
-1.30871e-07
-200
4.68059e-05
-9.43485e-08
-200
8.67389e-05
-2.90934e-08
-9.27711e-06
2.05684e-09
-200
-4.86515e-05
-2.14523e-07
-200
-4.93827e-05
2.84586e-07
-200
-5.15353e-05
1.76319e-07
-200
-5.32699e-05
-3.16065e-07
-200
-5.33885e-05
-6.55058e-08
-200
-5.24312e-05
-3.38186e-08
-200
-5.0335e-05
-3.60673e-07
-200
-4.58614e-05
-2.48178e-07
-200
-3.91203e-05
-1.3577e-07
-200
-2.99322e-05
-4.03258e-08
-200
-1.75503e-05
-1.04726e-07
-200
-1.30653e-06
-7.33681e-08
-200
1.96702e-05
-6.02935e-09
-200
4.6413e-05
-2.16908e-08
-200
8.66248e-05
-1.4623e-08
-9.39613e-06
-1.6054e-08
-200
-5.04284e-05
-2.00842e-07
-200
-5.07513e-05
-8.94355e-07
-200
-5.20792e-05
-9.70681e-08
-200
-5.37247e-05
8.99777e-08
-200
-5.397e-05
-2.85554e-07
-200
-5.30158e-05
-2.50924e-07
-200
-5.10089e-05
2.77152e-08
-200
-4.62366e-05
-8.42286e-08
-200
-3.95678e-05
-1.36202e-07
-200
-3.03325e-05
-2.31856e-07
-200
-1.80032e-05
-7.72268e-08
-200
-1.80621e-06
-3.00959e-08
-200
1.91277e-05
-6.48524e-08
-200
4.58302e-05
-2.44628e-08
-200
8.58072e-05
-1.35403e-09
-9.38096e-06
9.02987e-09
-200
-4.83521e-05
-7.28088e-07
-200
-5.05115e-05
4.01091e-09
-200
-5.35229e-05
1.70999e-07
-200
-5.39064e-05
-5.31601e-07
-200
-5.39406e-05
7.52026e-08
-200
-5.31799e-05
-3.35994e-08
-200
-5.09522e-05
-3.85133e-07
-200
-4.62346e-05
-2.17945e-07
-200
-3.95692e-05
-1.32319e-07
-200
-3.04913e-05
-3.45398e-08
-200
-1.82695e-05
-5.81755e-08
-200
-2.25572e-06
-1.77963e-08
-200
1.8404e-05
6.31637e-08
-200
4.47509e-05
3.15516e-08
-200
8.43009e-05
2.00084e-08
-9.23007e-06
-1.35035e-08
-200
-4.81932e-05
-3.59066e-07
-200
-5.0308e-05
-4.4367e-07
-200
-5.24739e-05
-2.15239e-07
-200
-5.34408e-05
1.41554e-07
-200
-5.35551e-05
-2.44955e-07
-200
-5.26983e-05
-2.16134e-07
-200
-5.03792e-05
-1.24598e-07
-200
-4.56458e-05
-7.47517e-08
-200
-3.91359e-05
-1.43847e-07
-200
-3.01736e-05
-2.05812e-07
-200
-1.82217e-05
-4.30218e-09
-200
-2.54974e-06
4.54472e-08
-200
1.76288e-05
2.45748e-08
-200
4.34596e-05
5.87907e-08
-200
8.21549e-05
4.92986e-08
-9.00358e-06
-1.66394e-08
-200
-4.71292e-05
-4.35334e-07
-200
-4.94643e-05
3.87951e-07
-200
-5.16835e-05
4.36718e-07
-200
-5.24285e-05
-3.07299e-07
-200
-5.24693e-05
2.34906e-07
-200
-5.17527e-05
5.52212e-08
-200
-4.91694e-05
-3.97925e-07
-200
-4.46998e-05
-1.88706e-07
-200
-3.83323e-05
-9.30866e-08
-200
-2.964e-05
-7.81799e-08
-200
-1.80412e-05
-3.72671e-08
-200
-2.86363e-06
2.59976e-08
-200
1.67239e-05
1.89937e-07
-200
4.17927e-05
1.62653e-07
-200
7.93481e-05
7.72313e-08
-8.64371e-06
-1.39606e-08
-200
-4.56717e-05
3.38062e-07
-200
-4.84027e-05
1.98468e-07
-200
-4.98507e-05
5.21599e-08
-200
-5.08203e-05
2.2302e-07
-200
-5.101e-05
-1.6631e-07
-200
-5.0135e-05
-1.46921e-07
-200
-4.76084e-05
6.54443e-09
-200
-4.32121e-05
-7.92649e-08
-200
-3.71119e-05
-2.0653e-07
-200
-2.87622e-05
-1.34945e-07
-200
-1.76129e-05
-2.1543e-08
-200
-3.03175e-06
7.99973e-08
-200
1.58299e-05
2.00862e-07
-200
3.9982e-05
2.29572e-07
-200
7.59607e-05
1.12394e-07
-8.24841e-06
-2.89815e-09
-200
-4.33155e-05
-1.23905e-07
-200
-4.64834e-05
4.42373e-07
-200
-4.81373e-05
3.57474e-07
-200
-4.88118e-05
-7.19784e-08
-200
-4.88847e-05
2.84039e-07
-200
-4.81192e-05
4.64703e-08
-200
-4.54632e-05
-2.47891e-07
-200
-4.13779e-05
-2.1272e-07
-200
-3.55703e-05
-1.19246e-07
-200
-2.76361e-05
-9.06352e-08
-200
-1.70551e-05
-2.36113e-08
-200
-3.1722e-06
1.38476e-07
-200
1.47988e-05
3.60879e-07
-200
3.7729e-05
3.16501e-07
-200
7.19555e-05
1.35095e-07
-7.75229e-06
-8.09186e-09
-200
-4.05966e-05
4.82658e-07
-200
-4.43547e-05
-7.38278e-08
-200
-4.53454e-05
-8.04012e-09
-200
-4.62052e-05
1.1451e-07
-200
-4.63182e-05
-1.52958e-07
-200
-4.54749e-05
-1.5982e-07
-200
-4.29704e-05
1.66368e-08
-200
-3.90798e-05
-8.3882e-08
-200
-3.3632e-05
-2.28544e-07
-200
-2.61877e-05
-1.64048e-07
-200
-1.62514e-05
1.7561e-08
-200
-3.18994e-06
1.97884e-07
-200
1.37147e-05
3.74172e-07
-200
3.5304e-05
3.59251e-07
-200
6.73984e-05
1.66839e-07
-7.21101e-06
-1.2692e-08
-200
-3.79386e-05
-3.31833e-07
-200
-4.13957e-05
6.25626e-07
-200
-4.25935e-05
4.56343e-08
-200
-4.31094e-05
-3.91548e-07
-200
-4.30906e-05
1.22322e-07
-200
-4.24984e-05
5.33253e-08
-200
-3.99845e-05
-2.13648e-07
-200
-3.64413e-05
-2.99184e-07
-200
-3.14322e-05
-1.3299e-07
-200
-2.45581e-05
-8.72234e-08
-200
-1.53362e-05
3.15161e-08
-200
-3.21663e-06
2.34867e-07
-200
1.24473e-05
5.10551e-07
-200
3.24623e-05
4.218e-07
-200
6.22694e-05
1.76302e-07
-6.59307e-06
7.59999e-09
-200
-3.51837e-05
1.40724e-07
-200
-3.79463e-05
-4.68065e-07
-200
-3.89291e-05
-2.30485e-07
-200
-3.96073e-05
9.44059e-08
-200
-3.95615e-05
-2.32729e-07
-200
-3.89344e-05
-2.29742e-07
-200
-3.67438e-05
-1.06953e-08
-200
-3.34887e-05
-7.03016e-08
-200
-2.89043e-05
-2.25147e-07
-200
-2.26326e-05
-1.59153e-07
-200
-1.4229e-05
6.43479e-08
-200
-3.16684e-06
2.75045e-07
-200
1.11458e-05
4.81362e-07
-200
2.94609e-05
4.52556e-07
-200
5.66408e-05
2.13149e-07
-5.92786e-06
4.59398e-09
-200
-3.1786e-05
-1.5703e-07
-200
-3.40908e-05
6.75262e-08
-200
-3.51205e-05
-2.20666e-07
-200
-3.56286e-05
-3.41715e-07
-200
-3.56119e-05
2.18771e-07
-200
-3.51248e-05
-2.2901e-08
-200
-3.30897e-05
-2.03918e-07
-200
-3.02086e-05
-2.91494e-07
-200
-2.6147e-05
-1.35565e-07
-200
-2.05552e-05
-6.57769e-08
-200
-1.30323e-05
7.53972e-08
-200
-3.13763e-06
2.9708e-07
-200
9.68775e-06
5.82555e-07
-200
2.60948e-05
5.08042e-07
-200
5.05128e-05
2.39196e-07
-5.19159e-06
8.78504e-09
-200
-2.80924e-05
-9.63461e-08
-200
-2.99122e-05
-5.52247e-07
-200
-3.06736e-05
-2.22275e-07
-200
-3.1289e-05
8.37199e-08
-200
-3.13021e-05
-1.4285e-07
-200
-3.08302e-05
-2.12974e-07
-200
-2.91696e-05
-4.81983e-08
-200
-2.66391e-05
-7.59698e-08
-200
-2.3079e-05
-1.91331e-07
-200
-1.81956e-05
-1.25645e-07
-200
-1.16586e-05
1.01551e-07
-200
-3.01187e-06
3.04412e-07
-200
8.20941e-06
5.64794e-07
-200
2.26085e-05
5.04722e-07
-200
4.39846e-05
2.78732e-07
-4.40969e-06
1.48115e-08
-200
-2.39712e-05
-2.41551e-07
-200
-2.53737e-05
-8.68874e-08
-200
-2.60581e-05
-2.32796e-07
-200
-2.65457e-05
-2.67751e-07
-200
-2.66257e-05
1.66262e-07
-200
-2.63183e-05
5.74706e-09
-200
-2.48941e-05
-1.45472e-07
-200
-2.27781e-05
-2.07258e-07
-200
-1.97965e-05
-7.8733e-08
-200
-1.57011e-05
1.92111e-08
-200
-1.01715e-05
7.38224e-08
-200
-2.88146e-06
3.08942e-07
-200
6.60494e-06
6.29833e-07
-200
1.87848e-05
5.53351e-07
-200
3.71096e-05
3.12612e-07
-3.55037e-06
8.09849e-09
-200
-1.93442e-05
-1.34056e-07
-200
-2.06592e-05
-4.26587e-07
-200
-2.1099e-05
-1.39242e-07
-200
-2.15883e-05
1.35969e-07
-200
-2.16722e-05
-7.20364e-08
-200
-2.13763e-05
-1.59121e-07
-200
-2.03208e-05
-4.89844e-08
-200
-1.8605e-05
-4.71492e-08
-200
-1.61882e-05
-1.1419e-07
-200
-1.2908e-05
-7.22221e-08
-200
-8.51461e-06
1.15808e-07
-200
-2.67574e-06
3.3488e-07
-200
4.91034e-06
6.53702e-07
-200
1.46201e-05
6.08956e-07
-200
3.01198e-05
3.25949e-07
-2.58834e-06
5.88352e-10
-200
-1.44611e-05
-3.00653e-07
-200
-1.56303e-05
-1.02465e-07
-200
-1.5958e-05
-1.35118e-07
-200
-1.63968e-05
-9.93338e-08
-200
-1.64207e-05
9.55384e-08
-200
-1.62466e-05
1.26748e-09
-200
-1.54052e-05
-1.11386e-07
-200
-1.41619e-05
-1.47543e-07
-200
-1.24152e-05
-1.04154e-08
-200
-1.00104e-05
2.24048e-08
-200
-6.75814e-06
8.14622e-08
-200
-2.45866e-06
3.32508e-07
-200
3.0854e-06
7.13514e-07
-200
1.00761e-05
6.9647e-07
-200
2.3025e-05
3.89772e-07
-1.59645e-06
-2.67391e-08
-200
-9.45917e-06
-3.12566e-07
-200
-1.02709e-05
-2.92341e-07
-200
-1.05602e-05
-2.06924e-07
-200
-1.093e-05
5.38885e-08
-200
-1.09476e-05
-6.042e-08
-200
-1.07431e-05
-1.51028e-07
-200
-1.02651e-05
-9.39366e-08
-200
-9.49001e-06
-8.28518e-08
-200
-8.42443e-06
-7.4724e-08
-200
-6.91431e-06
-5.01642e-08
-200
-4.85663e-06
6.81166e-08
-200
-2.10005e-06
3.02046e-07
-200
1.34455e-06
6.24318e-07
-200
5.52907e-06
6.6089e-07
-200
1.56464e-05
5.33893e-07
-5.71123e-07
-1.57116e-08
-200
-4.38993e-06
-3.05514e-07
-200
-4.86e-06
-2.02134e-07
-200
-5.17825e-06
-4.98858e-08
-200
-5.2962e-06
-4.81711e-08
-200
-5.41951e-06
2.01703e-08
-200
-5.38579e-06
6.22657e-08
-200
-5.19021e-06
3.18448e-09
-200
-4.87878e-06
-2.17214e-08
-200
-4.45818e-06
-9.40276e-09
-200
-3.82696e-06
7.82491e-09
-200
-2.91281e-06
5.40967e-08
-200
-1.65632e-06
2.89694e-07
-200
-1.56154e-07
5.94731e-07
-200
1.52862e-06
6.21899e-07
-200
7.42679e-06
6.7402e-07
1.11053e-07
1.67906e-08
-200
-4.99155e-07
-200
-2.80299e-07
-200
-2.69473e-07
-200
-1.61081e-07
-200
-2.64088e-08
-200
-6.21655e-08
-200
-2.50977e-08
-200
-1.57518e-08
-200
-3.30366e-08
-200
-7.50784e-08
-200
-2.64623e-08
-200
1.96021e-07
-200
4.46043e-07
-200
4.3947e-07
-200
5.67253e-07
-1.4772e-08
-200
-3.22999e-05
-200
-3.0354e-05
-200
-2.68883e-05
-200
-2.22497e-05
-1.47443e-07
-200
-1.59779e-05
8.03621e-08
-200
-6.9579e-06
1.31395e-07
-200
4.83708e-06
1.18638e-07
-200
1.99469e-05
2.90444e-08
-200
3.90455e-05
-1.7409e-07
-200
7.40772e-05
-2.37035e-07
-5.06221e-06
5.27506e-09
-200
-3.23118e-05
2.44998e-08
-200
-3.33994e-05
-2.08693e-08
-200
-3.45846e-05
-4.8074e-07
-200
-3.55142e-05
-1.04893e-06
-200
-3.63618e-05
-9.16515e-07
-200
-3.66034e-05
-8.25655e-07
-200
-3.54737e-05
-4.46393e-07
-200
-3.31412e-05
-2.08903e-07
-200
-2.96324e-05
-2.9287e-07
-200
-2.49746e-05
1.57825e-08
-200
-1.81782e-05
2.60365e-07
-200
-8.68219e-06
1.40308e-07
-200
3.77179e-06
6.2577e-08
-200
1.9716e-05
-9.15615e-08
-200
4.00875e-05
-1.24991e-07
-200
7.76364e-05
-2.08921e-07
-5.91396e-06
-4.33431e-08
-200
-3.33756e-05
-2.47598e-07
-200
-3.53559e-05
-3.81863e-07
-200
-3.66999e-05
-3.468e-07
-200
-3.82554e-05
-5.34715e-07
-200
-3.93124e-05
-8.05501e-07
-200
-3.94514e-05
-7.46267e-07
-200
-3.80514e-05
-6.4553e-07
-200
-3.60049e-05
-5.41311e-07
-200
-3.24022e-05
-5.19517e-08
-200
-2.75275e-05
5.17878e-08
-200
-2.02717e-05
-1.19461e-07
-200
-1.04535e-05
6.01911e-08
-200
2.66824e-06
8.20741e-08
-200
1.94157e-05
-4.35182e-08
-200
4.08544e-05
-1.04956e-07
-200
8.07556e-05
-2.02549e-07
-6.59088e-06
2.89757e-09
-200
-3.49546e-05
-1.0265e-09
-200
-3.72301e-05
-1.99999e-07
-200
-3.90619e-05
-7.72373e-07
-200
-4.08044e-05
-6.45222e-07
-200
-4.18294e-05
-7.03233e-07
-200
-4.19551e-05
-8.35102e-07
-200
-4.08529e-05
-4.98374e-07
-200
-3.8669e-05
-4.78654e-08
-200
-3.51697e-05
-7.80746e-08
-200
-2.98945e-05
-3.61366e-08
-200
-2.23099e-05
6.74055e-08
-200
-1.21316e-05
-4.5106e-08
-200
1.55939e-06
-1.37886e-08
-200
1.90909e-05
-1.03136e-07
-200
4.15877e-05
-1.21703e-07
-200
8.34947e-05
-1.44226e-07
-7.23013e-06
-3.80936e-08
-200
-3.65862e-05
-3.12904e-07
-200
-3.92927e-05
-4.67796e-07
-200
-4.12633e-05
-2.24604e-07
-200
-4.31682e-05
-4.40562e-07
-200
-4.42814e-05
-5.1032e-07
-200
-4.44435e-05
-4.4315e-07
-200
-4.33553e-05
-3.6232e-07
-200
-4.11942e-05
-3.44191e-07
-200
-3.74107e-05
-7.44523e-08
-200
-3.20826e-05
-2.04013e-08
-200
-2.42921e-05
-1.36391e-07
-200
-1.36795e-05
-5.19934e-08
-200
5.03006e-07
2.66862e-08
-200
1.87564e-05
-3.61074e-08
-200
4.21195e-05
-1.30584e-07
-200
8.58344e-05
-1.39072e-07
-7.85024e-06
3.69026e-09
-200
-3.92284e-05
-1.46571e-07
-200
-4.14226e-05
-2.4238e-07
-200
-4.40404e-05
-4.47852e-07
-200
-4.56137e-05
-2.76944e-07
-200
-4.66357e-05
-3.20598e-07
-200
-4.66116e-05
-4.23028e-07
-200
-4.56558e-05
-3.41029e-07
-200
-4.33142e-05
7.53152e-08
-200
-3.97432e-05
-1.8703e-07
-200
-3.39516e-05
-1.60309e-07
-200
-2.60369e-05
1.77967e-08
-200
-1.50452e-05
-9.65955e-08
-200
-4.58463e-07
-8.08128e-08
-200
1.83794e-05
-1.23075e-07
-200
4.25161e-05
-1.03861e-07
-200
8.76209e-05
-9.0396e-08
-8.38668e-06
-1.48434e-08
-200
-4.25777e-05
-3.59188e-07
-200
-4.43563e-05
-3.63476e-07
-200
-4.64891e-05
1.39526e-08
-200
-4.79619e-05
-1.89328e-07
-200
-4.85882e-05
-2.13455e-07
-200
-4.85731e-05
-2.07097e-07
-200
-4.75567e-05
-1.53566e-07
-200
-4.53094e-05
-2.72918e-07
-200
-4.15172e-05
-1.11779e-07
-200
-3.5659e-05
-6.90854e-08
-200
-2.75131e-05
-1.90037e-07
-200
-1.6272e-05
-4.36055e-08
-200
-1.35143e-06
-3.24439e-08
-200
1.79671e-05
-2.93285e-08
-200
4.26426e-05
-8.65301e-08
-200
8.88739e-05
-6.72363e-08
-8.85211e-06
-7.91104e-09
-200
1.93102e-08
-200
-4.83423e-05
7.07783e-08
-200
-4.84678e-05
-1.6224e-07
-200
-4.9412e-05
4.26288e-08
-200
-5.02724e-05
-7.7103e-08
-200
-5.01964e-05
-3.88754e-07
-200
-4.92288e-05
-1.4074e-07
-200
-4.68754e-05
9.18922e-08
-200
-4.31497e-05
-1.87751e-07
-200
-3.70488e-05
-1.0516e-07
-200
-2.8713e-05
-3.57943e-08
-200
-1.72577e-05
-1.28976e-07
-200
-2.12024e-06
-1.09871e-07
-200
1.75094e-05
-1.08059e-07
-200
4.25917e-05
-6.08147e-08
-200
8.94357e-05
-2.78508e-08
-9.16195e-06
-1.87509e-09
-200
-4.91794e-05
8.82975e-08
-200
-5.00096e-05
-1.37408e-07
-200
-5.12512e-05
-3.4032e-07
-200
-5.15141e-05
-6.40997e-08
-200
-5.16332e-05
-1.09022e-07
-200
-5.03994e-05
-1.16681e-07
-200
-4.81153e-05
-3.9096e-07
-200
-4.40938e-05
-1.12298e-07
-200
-3.81015e-05
-1.13784e-07
-200
-2.96225e-05
-1.71339e-07
-200
-1.80525e-05
-6.50231e-08
-200
-2.80345e-06
-1.58666e-08
-200
1.69907e-05
5.64367e-09
-200
4.22038e-05
-3.52657e-08
-200
8.93303e-05
-2.40065e-08
-9.30833e-06
-2.33227e-09
-200
-5.0778e-05
-2.05449e-06
-200
-5.08556e-05
-1.39545e-06
-200
-5.16928e-05
-7.8626e-08
-200
-5.24481e-05
1.87263e-07
-200
-5.22941e-05
-5.79756e-08
-200
-5.12383e-05
-1.01903e-07
-200
-4.88016e-05
6.31884e-08
-200
-4.48632e-05
-2.00591e-07
-200
-3.86866e-05
-1.51195e-07
-200
-3.01598e-05
-5.88799e-08
-200
-1.85934e-05
-7.83254e-08
-200
-3.33699e-06
-9.08688e-08
-200
1.64107e-05
-9.10225e-08
-200
4.1603e-05
-2.77466e-08
-200
8.84867e-05
1.36625e-08
-9.27022e-06
-2.64882e-09
-200
-4.8433e-05
-2.05397e-06
-200
-5.10888e-05
-1.32785e-06
-200
-5.25989e-05
-2.99728e-07
-200
-5.29398e-05
-1.12378e-08
-200
-5.26852e-05
8.92351e-08
-200
-5.1476e-05
-1.03926e-07
-200
-4.90537e-05
-4.38547e-07
-200
-4.48863e-05
-9.47741e-08
-200
-3.88828e-05
-1.26301e-07
-200
-3.03589e-05
-1.64471e-07
-200
-1.88742e-05
-4.52536e-08
-200
-3.77374e-06
6.10678e-09
-200
1.57773e-05
4.30485e-08
-200
4.06475e-05
3.07788e-09
-200
8.69521e-05
1.79159e-08
-9.10348e-06
-1.44915e-08
-200
-4.82049e-05
-2.09129e-06
-200
-5.09039e-05
-1.41132e-06
-200
-5.20566e-05
-4.03942e-07
-200
-5.27227e-05
6.04013e-08
-200
-5.23102e-05
8.09607e-08
-200
-5.13196e-05
-2.2905e-08
-200
-4.86653e-05
-9.845e-08
-200
-4.46436e-05
-2.46102e-07
-200
-3.85414e-05
-1.91105e-07
-200
-3.0168e-05
-2.16228e-08
-200
-1.88829e-05
-8.44012e-09
-200
-4.04934e-06
-3.12282e-08
-200
1.5092e-05
-2.90806e-08
-200
3.94949e-05
3.46992e-08
-200
8.47619e-05
6.47397e-08
-8.89141e-06
-1.07305e-08
-200
-4.71424e-05
-1.28869e-06
-200
-5.00725e-05
-2.45535e-07
-200
-5.10907e-05
3.28239e-07
-200
-5.17671e-05
6.91502e-08
-200
-5.14872e-05
1.71311e-07
-200
-5.0309e-05
-1.11147e-07
-200
-4.77755e-05
-4.65796e-07
-200
-4.36735e-05
-5.99601e-08
-200
-3.78295e-05
-7.41209e-08
-200
-2.96382e-05
-1.78528e-07
-200
-1.86431e-05
-7.53899e-09
-200
-4.25377e-06
6.57448e-08
-200
1.43468e-05
1.22398e-07
-200
3.79966e-05
8.46576e-08
-200
8.18878e-05
8.22331e-08
-8.54303e-06
-3.65703e-09
-200
-4.58539e-05
-4.6898e-08
-200
-4.89291e-05
2.52565e-07
-200
-4.96395e-05
-2.13105e-09
-200
-5.03641e-05
4.84864e-08
-200
-5.00618e-05
7.83374e-08
-200
-4.88984e-05
2.41167e-08
-200
-4.62891e-05
7.28679e-08
-200
-4.24192e-05
-2.32565e-07
-200
-3.6627e-05
-2.08417e-07
-200
-2.87375e-05
5.12687e-08
-200
-1.81761e-05
2.95073e-08
-200
-4.32041e-06
2.6693e-08
-200
1.35415e-05
7.86731e-08
-200
3.63014e-05
1.39291e-07
-200
7.83933e-05
1.21973e-07
-8.14138e-06
-5.19966e-09
-200
-4.41971e-05
-5.98723e-08
-200
-4.68231e-05
9.88653e-08
-200
-4.77228e-05
3.89035e-07
-200
-4.8248e-05
1.71224e-07
-200
-4.80385e-05
1.68887e-07
-200
-4.67315e-05
-7.69694e-08
-200
-4.43508e-05
-2.81197e-07
-200
-4.05163e-05
-2.78939e-08
-200
-3.51175e-05
-4.87301e-08
-200
-2.75775e-05
-1.2833e-07
-200
-1.75126e-05
6.37317e-08
-200
-4.34606e-06
1.52064e-07
-200
1.26416e-05
2.12938e-07
-200
3.42591e-05
1.79449e-07
-200
7.42755e-05
1.39925e-07
-7.65406e-06
4.37967e-09
-200
-4.19765e-05
3.75486e-07
-200
-4.46932e-05
1.30654e-07
-200
-4.52377e-05
-5.30173e-09
-200
-4.57574e-05
-5.87862e-08
-200
-4.54518e-05
-2.82777e-09
-200
-4.42753e-05
1.1352e-07
-200
-4.19099e-05
1.3892e-07
-200
-3.84001e-05
-1.70499e-07
-200
-3.32006e-05
-1.50219e-07
-200
-2.6113e-05
6.24643e-08
-200
-1.66558e-05
5.95655e-08
-200
-4.29654e-06
1.0743e-07
-200
1.16481e-05
1.83157e-07
-200
3.19982e-05
2.30349e-07
-200
6.95698e-05
1.81372e-07
-7.11651e-06
-7.11632e-09
-200
-3.90622e-05
-1.50252e-07
-200
-4.18655e-05
2.44785e-07
-200
-4.22833e-05
-1.76483e-08
-200
-4.26425e-05
-1.72657e-07
-200
-4.23879e-05
5.81849e-08
-200
-4.11685e-05
2.61338e-08
-200
-3.90697e-05
-2.37691e-07
-200
-3.57852e-05
-3.46525e-08
-200
-3.10583e-05
2.41996e-08
-200
-2.44551e-05
-9.67849e-08
-200
-1.56942e-05
1.32598e-07
-200
-4.26268e-06
2.05177e-07
-200
1.05265e-05
3.06231e-07
-200
2.94052e-05
2.62286e-07
-200
6.42939e-05
1.9445e-07
-6.50988e-06
2.0462e-08
-200
-3.63532e-05
-8.91059e-08
-200
-3.84089e-05
-2.83187e-07
-200
-3.88659e-05
-1.89798e-07
-200
-3.91582e-05
1.09648e-08
-200
-3.88169e-05
-4.35704e-08
-200
-3.7827e-05
1.79054e-08
-200
-3.58486e-05
1.28294e-07
-200
-3.29715e-05
-9.24383e-08
-200
-2.86046e-05
-5.98057e-08
-200
-2.25715e-05
1.04268e-07
-200
-1.45916e-05
1.17107e-07
-200
-4.15965e-06
1.33564e-07
-200
9.32614e-06
2.3012e-07
-200
2.66313e-05
2.86205e-07
-200
5.84834e-05
2.45792e-07
-5.84561e-06
8.443e-09
-200
-3.28325e-05
-3.41804e-07
-200
-3.43849e-05
-1.57449e-07
-200
-3.49605e-05
-2.62077e-07
-200
-3.51524e-05
-3.67366e-08
-200
-3.49099e-05
1.95886e-07
-200
-3.39639e-05
-6.06149e-09
-200
-3.23127e-05
-1.70211e-07
-200
-2.97505e-05
4.04734e-09
-200
-2.59297e-05
9.56288e-08
-200
-2.05202e-05
-2.85588e-08
-200
-1.34134e-05
1.99445e-07
-200
-4.07169e-06
2.51719e-07
-200
8.06753e-06
2.6803e-07
-200
2.35984e-05
2.90439e-07
-200
5.21774e-05
2.76665e-07
-5.12868e-06
2.98374e-08
-200
-2.8861e-05
-4.94635e-07
-200
-3.02586e-05
-5.36972e-07
-200
-3.06334e-05
-2.50056e-07
-200
-3.08228e-05
1.30114e-08
-200
-3.06179e-05
5.23374e-08
-200
-2.99068e-05
5.8942e-08
-200
-2.84608e-05
1.72369e-07
-200
-2.62729e-05
-1.52034e-08
-200
-2.29322e-05
-2.05034e-08
-200
-1.82053e-05
1.25608e-07
-200
-1.20306e-05
1.40541e-07
-200
-3.84575e-06
9.95414e-08
-200
6.76073e-06
2.46544e-07
-200
2.04168e-05
2.94862e-07
-200
4.54278e-05
3.3446e-07
-4.34968e-06
2.47532e-08
-200
-2.44721e-05
-4.95027e-07
-200
-2.5562e-05
-3.27314e-07
-200
-2.58901e-05
-3.17364e-07
-200
-2.61161e-05
-1.80277e-08
-200
-2.60302e-05
2.22342e-07
-200
-2.54297e-05
1.28165e-07
-200
-2.42827e-05
-1.09768e-08
-200
-2.2452e-05
2.09554e-07
-200
-1.96536e-05
1.36443e-07
-200
-1.56989e-05
6.74443e-08
-200
-1.05053e-05
1.27911e-07
-200
-3.58771e-06
2.08056e-07
-200
5.4548e-06
2.15407e-07
-200
1.70724e-05
2.2842e-07
-200
3.83087e-05
3.82227e-07
-3.51371e-06
2.95673e-08
-200
-1.99437e-05
-4.93383e-07
-200
-2.06761e-05
-4.89475e-07
-200
-2.09306e-05
-1.67696e-07
-200
-2.11506e-05
5.71357e-08
-200
-2.11429e-05
1.43208e-07
-200
-2.0751e-05
1.77098e-07
-200
-1.97247e-05
2.54852e-07
-200
-1.83402e-05
1.11187e-07
-200
-1.60813e-05
1.12568e-07
-200
-1.28997e-05
1.42988e-07
-200
-8.72862e-06
7.4445e-08
-200
-3.1222e-06
3.16044e-08
-200
4.17248e-06
1.67835e-07
-200
1.35807e-05
2.54119e-07
-200
3.08962e-05
4.46463e-07
-2.57962e-06
-3.59048e-09
-200
-1.44976e-05
-3.28251e-07
-200
-1.53665e-05
-2.32842e-07
-200
-1.57519e-05
-1.17588e-07
-200
-1.60079e-05
1.11277e-07
-200
-1.60498e-05
2.98828e-07
-200
-1.56441e-05
2.05407e-07
-200
-1.50013e-05
1.82088e-07
-200
-1.39104e-05
2.82638e-07
-200
-1.22479e-05
1.99821e-07
-200
-9.89817e-06
7.27878e-08
-200
-6.75945e-06
1.44722e-08
-200
-2.56579e-06
5.16204e-08
-200
2.86774e-06
1.49253e-07
-200
9.7423e-06
2.45635e-07
-200
2.3426e-05
5.14708e-07
-1.55469e-06
-2.75302e-08
-200
-9.23344e-06
-4.96797e-07
-200
-1.00421e-05
-3.79023e-07
-200
-1.04096e-05
-1.76327e-07
-200
-1.06515e-05
9.98428e-08
-200
-1.06451e-05
1.59385e-07
-200
-1.04451e-05
1.98973e-07
-200
-9.99624e-06
2.88551e-07
-200
-9.29575e-06
1.23283e-07
-200
-8.19381e-06
1.33723e-07
-200
-6.67501e-06
9.16683e-08
-200
-4.60871e-06
-7.38858e-08
-200
-1.85858e-06
-5.35275e-08
-200
1.55332e-06
1.37788e-07
-200
5.61433e-06
2.3533e-07
-200
1.60445e-05
5.79158e-07
-5.27265e-07
-3.55366e-08
-200
-4.17962e-06
-3.66375e-07
-200
-4.65443e-06
-2.27262e-07
-200
-4.90263e-06
-1.0902e-07
-200
-5.05854e-06
1.09506e-07
-200
-5.13984e-06
2.49924e-07
-200
-5.02334e-06
2.62761e-07
-200
-4.86683e-06
2.19911e-07
-200
-4.55968e-06
2.66424e-07
-200
-4.05589e-06
1.6913e-07
-200
-3.34927e-06
3.8646e-08
-200
-2.38974e-06
-9.64465e-08
-200
-1.10284e-06
-4.49037e-09
-200
4.40742e-07
1.32558e-07
-200
2.06057e-06
1.99933e-07
-200
8.02858e-06
6.25464e-07
1.23556e-07
-3.51678e-08
-200
-4.64335e-07
-200
-1.84809e-07
-200
-8.01991e-08
-200
7.02018e-08
-200
1.77889e-07
-200
2.43771e-07
-200
3.32271e-07
-200
3.15686e-07
-200
2.02568e-07
-200
8.2035e-08
-200
-7.35515e-08
-200
-2.58104e-08
-200
7.61347e-08
-200
1.38039e-07
-200
6.18437e-07
-4.53175e-08
-200
-2.25681e-05
-200
-1.57356e-05
-200
-6.6509e-06
-2.83074e-08
-200
4.93694e-06
1.22415e-07
-200
2.01061e-05
1.6389e-07
-200
3.91529e-05
-7.9208e-08
-200
7.42314e-05
-2.1052e-07
-5.08523e-06
3.34273e-08
-200
-3.22037e-05
6.05857e-08
-200
-3.33071e-05
6.12077e-08
-200
-3.44928e-05
-2.08737e-07
-200
-3.56262e-05
-4.96199e-07
-200
-3.61594e-05
-7.89871e-07
-200
-3.60352e-05
-5.83328e-07
-200
-3.50025e-05
-4.43381e-07
-200
-3.3232e-05
-3.33272e-07
-200
-2.99805e-05
-1.80702e-07
-200
-2.50917e-05
1.26336e-07
-200
-1.77553e-05
-1.92511e-07
-200
-8.6258e-06
1.05708e-07
-200
3.68564e-06
4.38485e-07
-200
1.97676e-05
1.2033e-07
-200
4.02068e-05
-8.74573e-08
-200
7.78327e-05
-1.69282e-07
-5.96706e-06
-3.29149e-08
-200
-3.34307e-05
1.71103e-08
-200
-3.51821e-05
-7.23811e-08
-200
-3.65387e-05
-2.70321e-07
-200
-3.79465e-05
-4.48291e-07
-200
-3.88252e-05
-5.07963e-07
-200
-3.88838e-05
-6.58388e-07
-200
-3.787e-05
-6.47271e-07
-200
-3.60068e-05
-3.26028e-07
-200
-3.28153e-05
-1.56209e-07
-200
-2.7503e-05
-2.01918e-07
-200
-2.01023e-05
1.43101e-07
-200
-1.04875e-05
2.13469e-07
-200
2.68127e-06
8.6217e-08
-200
1.93613e-05
-3.10725e-09
-200
4.10034e-05
-2.87579e-08
-200
8.09587e-05
-1.61968e-07
-6.5927e-06
1.07024e-08
-200
-3.49971e-05
-7.31967e-08
-200
-3.69038e-05
-2.75906e-07
-200
-3.89379e-05
-3.83584e-07
-200
-4.04751e-05
-4.27606e-07
-200
-4.13985e-05
-6.72571e-07
-200
-4.16087e-05
-5.25656e-07
-200
-4.06532e-05
-3.53722e-07
-200
-3.86496e-05
-3.10267e-07
-200
-3.50641e-05
-1.6702e-07
-200
-2.97878e-05
9.78643e-08
-200
-2.23455e-05
-7.85991e-08
-200
-1.20614e-05
-6.38323e-08
-200
1.48672e-06
2.66084e-07
-200
1.91128e-05
5.22344e-08
-200
4.171e-05
-3.32679e-08
-200
8.36702e-05
-9.40682e-08
-7.23139e-06
-2.27195e-08
-200
-3.70711e-05
-1.07849e-07
-200
-3.90663e-05
-2.30746e-07
-200
-4.12307e-05
-3.29224e-07
-200
-4.28836e-05
-3.94915e-07
-200
-4.39081e-05
-3.46802e-07
-200
-4.40581e-05
-3.93337e-07
-200
-4.31544e-05
-4.05946e-07
-200
-4.10439e-05
-1.43952e-07
-200
-3.74907e-05
-1.04721e-07
-200
-3.20039e-05
-1.67591e-07
-200
-2.41946e-05
1.08367e-07
-200
-1.36145e-05
3.17056e-08
-200
5.18848e-07
-2.9308e-08
-200
1.88138e-05
-8.52845e-08
-200
4.22579e-05
-4.18728e-08
-200
8.60541e-05
-8.97778e-08
-7.84755e-06
9.77429e-09
-200
-3.96883e-05
-1.28616e-07
-200
-4.15044e-05
-3.42678e-07
-200
-4.38943e-05
-2.35093e-07
-200
-4.53993e-05
-1.93121e-07
-200
-4.62236e-05
-3.10114e-07
-200
-4.63272e-05
-3.29811e-07
-200
-4.54206e-05
-1.85721e-07
-200
-4.32369e-05
-1.40272e-07
-200
-3.94177e-05
-1.51632e-07
-200
-3.38772e-05
-6.38515e-08
-200
-2.59944e-05
-1.30888e-07
-200
-1.49351e-05
-1.24198e-07
-200
-4.44795e-07
1.09289e-07
-200
1.84878e-05
2.80977e-08
-200
4.26632e-05
-4.16266e-08
-200
8.78279e-05
-4.36124e-08
-8.3953e-06
-3.50329e-09
-200
-4.27218e-05
-2.97065e-07
-200
-4.45956e-05
-2.15206e-07
-200
-4.65181e-05
-1.74244e-07
-200
-4.76345e-05
-1.87993e-07
-200
-4.82616e-05
-1.30248e-07
-200
-4.82062e-05
-2.42199e-07
-200
-4.73807e-05
-1.96243e-07
-200
-4.50001e-05
-4.16609e-08
-200
-4.14362e-05
-1.13548e-07
-200
-3.56613e-05
-1.42549e-07
-200
-2.74247e-05
5.81529e-08
-200
-1.61185e-05
2.43724e-08
-200
-1.26126e-06
-1.38126e-07
-200
1.80996e-05
-1.11542e-07
-200
4.28174e-05
-2.08359e-08
-200
8.91033e-05
-3.59614e-08
-8.87428e-06
1.44392e-08
-200
-4.61744e-05
-2.75059e-07
-200
-4.79767e-05
-4.04016e-07
-200
-4.90217e-05
-1.29303e-07
-200
-4.94092e-05
1.41926e-08
-200
-4.98761e-05
-1.33111e-07
-200
-4.99584e-05
-9.3709e-08
-200
-4.89626e-05
-5.43296e-08
-200
-4.6488e-05
-1.54086e-07
-200
-4.28965e-05
-7.88952e-08
-200
-3.69204e-05
-2.9492e-08
-200
-2.86598e-05
-2.26875e-07
-200
-1.70973e-05
-1.52918e-07
-200
-2.04714e-06
6.60848e-08
-200
1.76719e-05
1.52031e-08
-200
4.27576e-05
-3.92724e-08
-200
8.96392e-05
-1.32044e-08
-9.19448e-06
7.78717e-09
-200
-4.97738e-05
-2.48059e-07
-200
-5.19859e-05
-1.95867e-07
-200
-5.17114e-05
-2.55316e-07
-200
-5.07492e-05
-2.45197e-07
-200
-5.08659e-05
-4.94988e-08
-200
-5.10403e-05
-1.03533e-07
-200
-5.02333e-05
-1.36391e-07
-200
-4.76338e-05
-1.18069e-07
-200
-4.42035e-05
-1.09473e-07
-200
-3.80252e-05
-1.63786e-07
-200
-2.95002e-05
9.72138e-08
-200
-1.79332e-05
1.76163e-08
-200
-2.64384e-06
-1.57968e-07
-200
1.71494e-05
-9.60786e-08
-200
4.23927e-05
-8.87941e-09
-200
8.95512e-05
-2.32086e-08
-9.3308e-06
2.1293e-08
-200
-3.91289e-07
-200
-5.09898e-05
-1.34791e-06
-200
-5.09016e-05
-7.57466e-07
-200
-5.20529e-05
-2.67798e-07
-200
-5.21798e-05
-7.30237e-08
-200
-5.20722e-05
1.67614e-09
-200
-5.10687e-05
-1.06027e-08
-200
-4.85072e-05
-1.21099e-07
-200
-4.46452e-05
-1.47563e-07
-200
-3.85465e-05
-6.16395e-08
-200
-3.00714e-05
-2.75536e-07
-200
-1.84437e-05
-1.11018e-07
-200
-3.22668e-06
7.85073e-08
-200
1.66002e-05
2.61766e-08
-200
4.17839e-05
-3.49096e-08
-200
8.86691e-05
9.09592e-09
-9.26851e-06
-2.1265e-08
-200
-4.87587e-05
-1.28389e-06
-200
-5.00427e-05
-1.51213e-06
-200
-5.20589e-05
-1.1696e-06
-200
-5.28511e-05
-1.8968e-07
-200
-5.25328e-05
1.84989e-07
-200
-5.13977e-05
-1.95732e-07
-200
-4.87836e-05
-1.45734e-07
-200
-4.49445e-05
-1.39165e-07
-200
-3.88155e-05
-1.66706e-07
-200
-3.02224e-05
1.22393e-07
-200
-1.87753e-05
2.25275e-08
-200
-3.57419e-06
-1.42742e-07
-200
1.59793e-05
-6.89558e-08
-200
4.08709e-05
9.43357e-09
-200
8.71914e-05
1.11537e-08
-9.1348e-06
-6.1112e-09
-200
-4.67128e-05
-1.74488e-06
-200
-4.8725e-05
-1.43602e-06
-200
-5.17671e-05
-1.21051e-06
-200
-5.29507e-05
-4.08778e-07
-200
-5.24913e-05
3.28315e-07
-200
-5.12208e-05
3.91548e-08
-200
-4.85775e-05
-2.17862e-07
-200
-4.44705e-05
-1.71654e-07
-200
-3.84644e-05
-7.22613e-08
-200
-3.0098e-05
-1.63641e-07
-200
-1.87289e-05
-8.39699e-08
-200
-3.88844e-06
1.19217e-07
-200
1.53378e-05
6.818e-08
-200
3.97133e-05
2.27114e-08
-200
8.4965e-05
4.64482e-08
-8.8894e-06
-1.58328e-08
-200
-4.512e-05
-1.40581e-06
-200
-4.90778e-05
-1.03928e-06
-200
-5.113e-05
-6.14824e-07
-200
-5.18682e-05
2.01171e-07
-200
-5.1565e-05
4.51299e-08
-200
-5.02716e-05
-2.31618e-07
-200
-4.768e-05
-2.24047e-07
-200
-4.37248e-05
-1.45957e-07
-200
-3.77812e-05
-1.26149e-07
-200
-2.95169e-05
1.26914e-07
-200
-1.85159e-05
6.38183e-08
-200
-3.98769e-06
-7.11932e-08
-200
1.4605e-05
-1.09753e-08
-200
3.82413e-05
6.67618e-08
-200
8.21145e-05
3.41348e-08
-8.5428e-06
2.83813e-08
-200
-4.49236e-05
-1.05635e-06
-200
-4.8647e-05
-3.11915e-07
-200
-4.97779e-05
-1.59914e-07
-200
-5.03115e-05
-6.00604e-08
-200
-5.0119e-05
9.48069e-08
-200
-4.88042e-05
8.01409e-08
-200
-4.62754e-05
-1.68027e-07
-200
-4.22275e-05
-1.86976e-07
-200
-3.65499e-05
-5.03185e-08
-200
-2.86505e-05
-8.59025e-08
-200
-1.79665e-05
-2.58167e-08
-200
-4.09597e-06
1.70939e-07
-200
1.38132e-05
1.33546e-07
-200
3.65144e-05
8.87247e-08
-200
7.85966e-05
7.19826e-08
-8.13234e-06
-3.89216e-09
-200
-4.4024e-05
-3.75077e-08
-200
-4.73497e-05
-7.34439e-08
-200
-4.78007e-05
-9.60539e-08
-200
-4.8251e-05
6.46711e-08
-200
-4.79953e-05
-4.95506e-08
-200
-4.67094e-05
-1.77796e-07
-200
-4.42353e-05
-1.52501e-07
-200
-4.05318e-05
-8.94074e-08
-200
-3.50329e-05
-8.68854e-08
-200
-2.74139e-05
1.99725e-07
-200
-1.73219e-05
1.36595e-07
-200
-4.08727e-06
3.18733e-08
-200
1.28703e-05
5.8662e-08
-200
3.44567e-05
1.16543e-07
-200
7.44848e-05
6.54264e-08
-7.64791e-06
4.75003e-08
-200
-4.23071e-05
-1.42766e-07
-200
-4.52014e-05
2.90555e-08
-200
-4.55148e-05
-9.30655e-08
-200
-4.57672e-05
-1.80019e-07
-200
-4.5419e-05
-6.26855e-08
-200
-4.41499e-05
1.3302e-07
-200
-4.18421e-05
-8.22824e-08
-200
-3.81978e-05
-1.20195e-07
-200
-3.30926e-05
9.4813e-08
-200
-2.59874e-05
-4.14819e-08
-200
-1.64613e-05
1.79662e-08
-200
-4.13571e-06
2.05333e-07
-200
1.18195e-05
2.02374e-07
-200
3.21612e-05
1.22214e-07
-200
6.97522e-05
1.05889e-07
-7.10443e-06
1.68173e-09
-200
-3.94771e-05
1.05675e-07
-200
-4.24372e-05
-3.00121e-07
-200
-4.25229e-05
-2.73565e-07
-200
-4.27827e-05
-1.43786e-07
-200
-4.23294e-05
-3.57918e-08
-200
-4.11278e-05
-9.15353e-08
-200
-3.89747e-05
-5.72244e-08
-200
-3.57639e-05
-2.608e-08
-200
-3.09069e-05
3.39772e-09
-200
-2.42727e-05
1.79469e-07
-200
-1.55628e-05
1.93288e-07
-200
-4.14301e-06
8.5222e-08
-200
1.06259e-05
1.01777e-07
-200
2.95366e-05
1.72999e-07
-200
6.44859e-05
1.1308e-07
-6.50836e-06
5.99921e-08
-200
-3.68255e-05
-3.32379e-07
-200
-3.87161e-05
-3.19672e-07
-200
-3.90286e-05
-2.26064e-07
-200
-3.91758e-05
-1.69589e-07
-200
-3.88199e-05
-6.07063e-08
-200
-3.77124e-05
3.08105e-08
-200
-3.58249e-05
-4.85913e-08
-200
-3.27666e-05
-3.48091e-08
-200
-2.84228e-05
2.06779e-07
-200
-2.24784e-05
6.07005e-08
-200
-1.45202e-05
6.60187e-08
-200
-4.07984e-06
7.91523e-08
-200
9.32757e-06
2.28315e-07
-200
2.67102e-05
1.62227e-07
-200
5.86499e-05
1.65544e-07
-5.85028e-06
2.4953e-08
-200
-3.31302e-05
-4.02961e-07
-200
-3.46437e-05
-4.10818e-07
-200
-3.50355e-05
-3.23237e-07
-200
-3.52054e-05
-2.99455e-08
-200
-3.48211e-05
-2.76068e-08
-200
-3.39501e-05
-7.88123e-08
-200
-3.22963e-05
4.09141e-08
-200
-2.96745e-05
2.60386e-08
-200
-2.57103e-05
6.57814e-08
-200
-2.03609e-05
1.21852e-07
-200
-1.33831e-05
2.32714e-07
-200
-4.03459e-06
1.13457e-07
-200
8.03103e-06
4.103e-08
-200
2.36616e-05
1.52156e-07
-200
5.23544e-05
1.95229e-07
-5.14329e-06
5.96269e-08
-200
-2.90002e-05
-6.92288e-07
-200
-3.03143e-05
-5.50028e-07
-200
-3.06475e-05
-2.89891e-07
-200
-3.07939e-05
-1.6175e-07
-200
-3.06034e-05
-5.19544e-09
-200
-2.98776e-05
8.92518e-08
-200
-2.84625e-05
1.69188e-08
-200
-2.61009e-05
2.79917e-08
-200
-2.27252e-05
2.54134e-07
-200
-1.81893e-05
8.53408e-08
-200
-1.20446e-05
5.54406e-08
-200
-3.89774e-06
4.36513e-08
-200
6.74211e-06
1.73505e-07
-200
2.04743e-05
1.596e-07
-200
4.55761e-05
2.44355e-07
-4.37215e-06
5.34485e-08
-200
-2.43992e-05
-5.96711e-07
-200
-2.54861e-05
-5.56201e-07
-200
-2.58812e-05
-4.00873e-07
-200
-2.61395e-05
-5.53997e-08
-200
-2.59962e-05
2.11098e-08
-200
-2.54121e-05
3.99302e-10
-200
-2.42286e-05
7.75143e-08
-200
-2.23972e-05
3.18493e-07
-200
-1.94738e-05
1.00491e-07
-200
-1.56728e-05
2.0868e-07
-200
-1.05605e-05
1.27233e-07
-200
-3.60337e-06
4.40018e-08
-200
5.41348e-06
2.22181e-08
-200
1.71402e-05
6.49192e-08
-200
3.84643e-05
2.76838e-07
-3.54031e-06
7.29511e-08
-200
-1.96002e-05
-7.2031e-07
-200
-2.04126e-05
-5.66796e-07
-200
-2.08871e-05
-2.97062e-07
-200
-2.11861e-05
-1.40109e-07
-200
-2.11863e-05
2.1953e-08
-200
-2.06837e-05
1.86019e-07
-200
-1.98051e-05
2.06483e-07
-200
-1.81959e-05
1.41675e-07
-200
-1.59868e-05
3.42973e-07
-200
-1.29752e-05
1.07629e-07
-200
-8.75099e-06
-6.5186e-08
-200
-3.1735e-06
-6.32735e-08
-200
4.14869e-06
2.99766e-08
-200
1.36357e-05
8.83835e-08
-200
3.10446e-05
3.2303e-07
-2.61349e-06
5.65647e-08
-200
-1.46621e-05
-5.46243e-07
-200
-1.52875e-05
-4.72665e-07
-200
-1.57133e-05
-3.00916e-07
-200
-1.60681e-05
-4.24233e-08
-200
-1.60437e-05
9.92403e-08
-200
-1.56871e-05
1.10584e-07
-200
-1.50185e-05
3.32267e-07
-200
-1.38973e-05
3.96702e-07
-200
-1.223e-05
1.76019e-07
-200
-9.93223e-06
1.3818e-07
-200
-6.81694e-06
2.06367e-08
-200
-2.61308e-06
-1.06557e-07
-200
2.8163e-06
-8.83641e-08
-200
9.75842e-06
4.2957e-08
-200
2.36112e-05
3.64138e-07
-1.5697e-06
5.34614e-08
-200
-9.30244e-06
-5.98965e-07
-200
-9.97798e-06
-5.03266e-07
-200
-1.04339e-05
-3.22855e-07
-200
-1.06897e-05
-1.09831e-07
-200
-1.07064e-05
1.03735e-08
-200
-1.04785e-05
1.75635e-07
-200
-1.00853e-05
3.09955e-07
-200
-9.2745e-06
1.62941e-07
-200
-8.24554e-06
2.62501e-07
-200
-6.74213e-06
5.41588e-08
-200
-4.63601e-06
-1.85024e-07
-200
-1.91575e-06
-1.68142e-07
-200
1.51713e-06
-2.01779e-08
-200
5.59539e-06
4.56048e-08
-200
1.62138e-05
3.94036e-07
-5.46457e-07
4.68717e-08
-200
-4.26307e-06
-4.42322e-07
-200
-4.7356e-06
-3.5403e-07
-200
-4.99522e-06
-2.5517e-07
-200
-5.11666e-06
-4.74543e-08
-200
-5.22199e-06
8.19212e-08
-200
-5.12451e-06
2.59578e-07
-200
-4.97398e-06
2.62071e-07
-200
-4.59889e-06
3.61811e-07
-200
-4.14544e-06
1.78287e-07
-200
-3.4435e-06
6.53863e-08
-200
-2.45011e-06
-1.12433e-07
-200
-1.14524e-06
-1.20778e-07
-200
4.19674e-07
-5.75683e-08
-200
2.0385e-06
1.76389e-08
-200
8.03985e-06
3.92005e-07
1.2646e-07
5.80009e-08
-200
-6.09831e-07
-200
-3.81947e-07
-200
-2.26466e-07
-200
-3.63139e-08
-200
7.97045e-08
-200
2.3489e-07
-200
3.5627e-07
-200
3.67416e-07
-200
2.29401e-07
-200
8.06895e-08
-200
-1.12627e-07
-200
-1.38885e-07
-200
-6.56954e-08
-200
-7.73433e-09
-200
3.87407e-07
6.97577e-08
-200
-7.07877e-06
-200
4.93471e-06
-200
2.01443e-05
-200
3.94131e-05
-9.893e-08
-200
7.41954e-05
-1.95775e-07
-4.99823e-06
-2.94217e-08
-200
-3.19556e-05
3.93519e-07
-200
-3.2982e-05
3.27678e-07
-200
-3.43889e-05
1.66289e-07
-200
-3.5332e-05
2.08896e-08
-200
-3.59266e-05
-8.39406e-08
-200
-3.57808e-05
-1.04636e-07
-200
-3.48603e-05
-9.61359e-08
-200
-3.2873e-05
-1.04394e-07
-200
-2.94874e-05
-1.5269e-07
-200
-2.49698e-05
5.7616e-08
-200
-1.83976e-05
-1.28601e-07
-200
-8.89498e-06
8.34619e-08
-200
3.93597e-06
4.73558e-07
-200
1.95994e-05
-1.20172e-07
-200
4.01767e-05
-3.52712e-08
-200
7.78969e-05
-1.10115e-07
-5.83719e-06
-2.72919e-08
-200
-3.31759e-05
3.43598e-07
-200
-3.44001e-05
2.13798e-07
-200
-3.6356e-05
1.48485e-07
-200
-3.76784e-05
7.74832e-09
-200
-3.84676e-05
-8.54177e-08
-200
-3.85752e-05
-1.64625e-07
-200
-3.76988e-05
-1.76574e-07
-200
-3.56022e-05
-1.00257e-07
-200
-3.22713e-05
-7.67399e-08
-200
-2.74775e-05
5.13554e-09
-200
-2.06268e-05
1.33344e-07
-200
-1.04858e-05
7.02629e-08
-200
2.58522e-06
9.10286e-08
-200
1.92566e-05
3.32737e-08
-200
4.08754e-05
2.05517e-08
-200
8.09428e-05
-1.529e-07
-6.25581e-06
-5.89306e-08
-200
-3.46321e-05
9.35427e-08
-200
-3.62977e-05
4.93623e-08
-200
-3.85463e-05
-3.60523e-08
-200
-4.00741e-05
-9.41742e-08
-200
-4.10534e-05
-1.87977e-07
-200
-4.1193e-05
-1.99086e-07
-200
-4.02993e-05
-1.48014e-07
-200
-3.82334e-05
-1.20964e-07
-200
-3.47875e-05
-9.94887e-08
-200
-2.98183e-05
5.84571e-08
-200
-2.23739e-05
-4.7432e-08
-200
-1.20784e-05
-2.45735e-08
-200
1.5474e-06
3.22703e-07
-200
1.87647e-05
3.25517e-08
-200
4.16253e-05
-6.09735e-08
-200
8.36628e-05
-1.10954e-07
-6.7051e-06
-2.12266e-08
-200
-3.66561e-05
1.83157e-07
-200
-3.85938e-05
9.06327e-08
-200
-4.0995e-05
-2.29527e-08
-200
-4.25563e-05
-7.93926e-08
-200
-4.35085e-05
-9.30193e-08
-200
-4.36638e-05
-1.34802e-07
-200
-4.28361e-05
-1.27891e-07
-200
-4.07335e-05
-7.34428e-10
-200
-3.72e-05
-3.77479e-08
-200
-3.18796e-05
1.84463e-08
-200
-2.42548e-05
1.1612e-07
-200
-1.35566e-05
3.01892e-08
-200
4.66186e-07
-1.06443e-07
-200
1.86095e-05
2.11105e-08
-200
4.2144e-05
1.4048e-09
-200
8.59979e-05
-1.16843e-07
-7.12399e-06
-5.59592e-08
-200
-3.90972e-05
3.63593e-08
-200
-4.13891e-05
-2.05703e-08
-200
-4.3584e-05
-5.62105e-08
-200
-4.49628e-05
-5.51506e-08
-200
-4.5831e-05
-8.4976e-08
-200
-4.59469e-05
-8.38162e-08
-200
-4.50987e-05
-2.43104e-08
-200
-4.29193e-05
-2.34934e-08
-200
-3.93009e-05
-5.38312e-08
-200
-3.38548e-05
-7.02694e-08
-200
-2.57644e-05
-3.31938e-08
-200
-1.49309e-05
-4.23105e-08
-200
-4.5351e-07
2.22165e-07
-200
1.82263e-05
-2.07473e-08
-200
4.25622e-05
-3.27862e-08
-200
8.77777e-05
-6.84089e-08
-7.46316e-06
-2.95156e-08
-200
-4.22803e-05
7.41478e-08
-200
-4.45471e-05
-7.60705e-08
-200
-4.62453e-05
-7.94096e-08
-200
-4.72407e-05
-5.07063e-08
-200
-4.78935e-05
-1.09293e-08
-200
-4.79517e-05
-5.69824e-08
-200
-4.70889e-05
-3.83177e-08
-200
-4.48741e-05
5.40003e-08
-200
-4.12028e-05
-1.72604e-08
-200
-3.53311e-05
-1.49108e-08
-200
-2.74381e-05
1.14488e-07
-200
-1.60952e-05
1.73875e-08
-200
-1.36734e-06
-2.06577e-07
-200
1.80196e-05
-1.38942e-08
-200
4.26881e-05
5.13431e-09
-200
8.89865e-05
-8.18687e-08
-7.74732e-06
-2.12422e-08
-200
-4.56982e-05
-2.2327e-07
-200
-4.81324e-05
-2.67759e-07
-200
-4.87965e-05
-1.27024e-07
-200
-4.90004e-05
-4.0427e-08
-200
-4.96148e-05
6.46144e-09
-200
-4.95452e-05
-3.5009e-09
-200
-4.86229e-05
-1.02401e-08
-200
-4.64252e-05
-6.54979e-08
-200
-4.26445e-05
-1.95197e-08
-200
-3.67513e-05
-8.93023e-08
-200
-2.85327e-05
-1.52987e-07
-200
-1.70645e-05
-9.46881e-08
-200
-2.11756e-06
2.29782e-07
-200
1.74787e-05
-2.40286e-08
-200
4.26502e-05
-2.95259e-08
-200
8.95297e-05
-3.11929e-08
-7.92841e-06
-1.94564e-08
-200
-4.9383e-05
-2.07378e-07
-200
-5.23862e-05
-3.09483e-07
-200
-5.21264e-05
-1.07914e-07
-200
-5.05291e-05
-9.57073e-08
-200
-5.07187e-05
2.78233e-08
-200
-5.06266e-05
-1.31083e-08
-200
-4.97885e-05
-5.87032e-08
-200
-4.7696e-05
-4.49182e-08
-200
-4.3786e-05
-6.88767e-08
-200
-3.77066e-05
-1.21794e-08
-200
-2.95694e-05
1.13493e-07
-200
-1.78662e-05
3.2029e-09
-200
-2.80335e-06
-2.31584e-07
-200
1.7139e-05
7.75368e-09
-200
4.22673e-05
1.16656e-08
-200
8.94237e-05
-3.62931e-08
-8.05621e-06
6.8398e-09
-200
-4.96024e-05
-5.35382e-07
-200
-5.07498e-05
-6.45932e-07
-200
-5.19431e-05
-3.26857e-07
-200
-5.25401e-05
-1.11021e-07
-200
-5.22725e-05
-1.93534e-08
-200
-5.12437e-05
-2.24698e-08
-200
-5.05711e-05
-7.25518e-08
-200
-4.84292e-05
-8.43609e-08
-200
-4.44402e-05
-6.3432e-08
-200
-3.84208e-05
-1.08394e-07
-200
-2.998e-05
-2.41426e-07
-200
-1.83905e-05
-9.17935e-08
-200
-3.25287e-06
2.22394e-07
-200
1.64648e-05
-9.87327e-09
-200
4.17291e-05
-1.1009e-08
-200
8.8579e-05
2.28612e-08
-8.08979e-06
-7.105e-09
-200
-1.21452e-06
-200
-4.85517e-05
-9.98928e-07
-200
-4.95675e-05
-4.52138e-07
-200
-5.11187e-05
-4.10676e-07
-200
-5.26339e-05
-9.34631e-08
-200
-5.22765e-05
-9.68654e-09
-200
-5.10757e-05
-1.34597e-07
-200
-4.87456e-05
-1.28814e-07
-200
-4.46773e-05
-1.2798e-07
-200
-3.85548e-05
-1.65625e-08
-200
-3.03341e-05
1.25827e-07
-200
-1.86983e-05
1.1325e-08
-200
-3.66172e-06
-2.192e-07
-200
1.60389e-05
2.21191e-08
-200
4.08006e-05
3.57379e-08
-200
8.70877e-05
2.1058e-08
-8.04571e-06
1.16256e-08
-200
-4.65001e-05
-8.2468e-07
-200
-4.77757e-05
-9.66759e-07
-200
-4.93239e-05
-7.52346e-07
-200
-5.25112e-05
-1.59696e-07
-200
-5.26768e-05
6.43034e-08
-200
-5.08733e-05
-1.33327e-07
-200
-4.84841e-05
-1.4176e-07
-200
-4.43663e-05
-7.43376e-08
-200
-3.84156e-05
-1.23013e-07
-200
-2.99888e-05
-1.60072e-07
-200
-1.86825e-05
-7.85641e-08
-200
-3.80571e-06
2.38643e-07
-200
1.52727e-05
1.64341e-08
-200
3.96953e-05
1.87313e-08
-200
8.48914e-05
7.44196e-08
-7.89405e-06
1.33389e-08
-200
-4.47305e-05
-1.46166e-06
-200
-4.72015e-05
-1.26551e-06
-200
-4.95304e-05
-1.06003e-06
-200
-5.18847e-05
-1.19176e-07
-200
-5.16704e-05
1.77146e-07
-200
-5.01729e-05
-1.52548e-07
-200
-4.76272e-05
-2.01635e-07
-200
-4.35812e-05
-1.33145e-07
-200
-3.76219e-05
-5.64975e-09
-200
-2.95734e-05
1.29221e-07
-200
-1.84003e-05
2.53796e-08
-200
-3.96398e-06
-1.78348e-07
-200
1.47272e-05
2.46691e-08
-200
3.82078e-05
8.16264e-08
-200
8.20503e-05
3.81941e-08
-7.69429e-06
5.83835e-08
-200
-4.32434e-05
-1.09291e-06
-200
-4.7821e-05
-1.04103e-06
-200
-4.95045e-05
-4.03383e-07
-200
-5.03459e-05
1.74875e-08
-200
-5.00111e-05
-6.20463e-08
-200
-4.86239e-05
-1.09559e-07
-200
-4.61423e-05
-1.78818e-07
-200
-4.22282e-05
-1.10425e-07
-200
-3.65558e-05
-1.09266e-07
-200
-2.8471e-05
-1.11089e-07
-200
-1.78333e-05
-5.35843e-08
-200
-3.948e-06
2.4124e-07
-200
1.37883e-05
4.54963e-08
-200
3.65125e-05
4.73871e-08
-200
7.85617e-05
8.7888e-08
-7.39839e-06
2.59368e-08
-200
-4.31756e-05
-4.57723e-07
-200
-4.73204e-05
-3.31361e-07
-200
-4.77741e-05
-3.17473e-07
-200
-4.82286e-05
-1.85629e-07
-200
-4.79022e-05
-1.70531e-07
-200
-4.66481e-05
-1.76076e-07
-200
-4.42161e-05
-1.68879e-07
-200
-4.04524e-05
-9.64273e-08
-200
-3.49032e-05
1.94353e-08
-200
-2.73756e-05
2.16327e-07
-200
-1.71541e-05
7.59706e-08
-200
-4.01908e-06
-1.18844e-07
-200
1.29699e-05
6.6502e-08
-200
3.44153e-05
9.3037e-08
-200
7.44529e-05
4.60779e-08
-7.08098e-06
1.01766e-07
-200
-4.19002e-05
-2.22919e-07
-200
-4.55844e-05
-2.33522e-07
-200
-4.54581e-05
-3.58391e-07
-200
-4.57814e-05
-2.2392e-07
-200
-4.53361e-05
-1.52095e-07
-200
-4.40004e-05
-1.35717e-07
-200
-4.17177e-05
-1.53688e-07
-200
-3.81749e-05
-9.88796e-08
-200
-3.30129e-05
-2.01116e-08
-200
-2.57466e-05
-9.34806e-08
-200
-1.63386e-05
2.76812e-08
-200
-4.03584e-06
2.53211e-07
-200
1.18001e-05
3.73773e-08
-200
3.2079e-05
5.58964e-08
-200
6.97649e-05
1.10598e-07
-6.68918e-06
3.68244e-08
-200
-3.99122e-05
-5.20164e-07
-200
-4.23904e-05
-1.91053e-07
-200
-4.25338e-05
-2.27218e-07
-200
-4.27217e-05
-2.34565e-07
-200
-4.22308e-05
-1.91025e-07
-200
-4.10168e-05
-1.61244e-07
-200
-3.88893e-05
-1.21071e-07
-200
-3.55612e-05
-8.90632e-08
-200
-3.07028e-05
5.45321e-08
-200
-2.42199e-05
1.62819e-07
-200
-1.54408e-05
7.62026e-08
-200
-4.13339e-06
-7.49369e-08
-200
1.06708e-05
7.36989e-08
-200
2.94388e-05
1.12195e-07
-200
6.45039e-05
7.207e-08
-6.28227e-06
1.18388e-07
-200
-3.69372e-05
-4.39778e-07
-200
-3.88415e-05
-3.82405e-07
-200
-3.89926e-05
-3.75953e-07
-200
-3.91477e-05
-2.63757e-07
-200
-3.86694e-05
-2.06492e-07
-200
-3.75449e-05
-1.74276e-07
-200
-3.56238e-05
-1.30234e-07
-200
-3.25816e-05
-7.22445e-08
-200
-2.82758e-05
4.27419e-08
-200
-2.22757e-05
-9.98417e-09
-200
-1.44644e-05
1.9543e-08
-200
-4.15589e-06
1.20157e-07
-200
9.28813e-06
6.3003e-08
-200
2.66086e-05
6.42023e-08
-200
5.87103e-05
1.29283e-07
-5.76385e-06
7.1593e-08
-200
-3.30868e-05
-5.34082e-07
-200
-3.4656e-05
-4.59532e-07
-200
-3.49769e-05
-3.12588e-07
-200
-3.50634e-05
-2.57408e-07
-200
-3.47113e-05
-1.98249e-07
-200
-3.3801e-05
-1.70672e-07
-200
-3.20962e-05
-5.47396e-08
-200
-2.94063e-05
-6.47801e-08
-200
-2.55076e-05
6.45754e-08
-200
-2.03709e-05
3.44428e-08
-200
-1.33562e-05
6.79127e-08
-200
-4.12533e-06
-8.81418e-08
-200
7.98677e-06
4.59023e-08
-200
2.35467e-05
1.24735e-07
-200
5.23984e-05
1.12427e-07
-5.15499e-06
8.31875e-08
-200
-2.88932e-05
-5.68941e-07
-200
-3.01894e-05
-5.26399e-07
-200
-3.04937e-05
-4.34036e-07
-200
-3.06718e-05
-3.04552e-07
-200
-3.04163e-05
-2.18692e-07
-200
-2.96617e-05
-1.49514e-07
-200
-2.82099e-05
-1.19799e-07
-200
-2.59315e-05
-4.15629e-08
-200
-2.26306e-05
9.50469e-08
-200
-1.80649e-05
-3.41487e-08
-200
-1.21124e-05
-2.79775e-08
-200
-3.93388e-06
5.60564e-08
-200
6.58422e-06
9.33174e-08
-200
2.04165e-05
5.41132e-08
-200
4.5639e-05
1.49548e-07
-4.40553e-06
8.28885e-08
-200
-2.41592e-05
-6.51195e-07
-200
-2.5255e-05
-5.79174e-07
-200
-2.57158e-05
-4.21218e-07
-200
-2.5932e-05
-3.12327e-07
-200
-2.58319e-05
-2.20594e-07
-200
-2.52659e-05
-1.69696e-07
-200
-2.40835e-05
-8.70943e-08
-200
-2.21297e-05
6.73887e-08
-200
-1.94298e-05
4.16139e-08
-200
-1.57215e-05
1.26659e-07
-200
-1.05615e-05
-1.66188e-08
-200
-3.68223e-06
-9.38712e-08
-200
5.38496e-06
2.87159e-08
-200
1.70756e-05
8.95831e-08
-200
3.85099e-05
1.46978e-07
-3.58767e-06
7.14091e-08
-200
-1.93178e-05
-6.4559e-07
-200
-2.01291e-05
-5.88244e-07
-200
-2.06878e-05
-4.7094e-07
-200
-2.10148e-05
-3.39007e-07
-200
-2.10288e-05
-2.25908e-07
-200
-2.05397e-05
-1.0799e-07
-200
-1.96217e-05
-3.78872e-08
-200
-1.81201e-05
3.06429e-09
-200
-1.6004e-05
9.98002e-08
-200
-1.29478e-05
-2.31345e-08
-200
-8.81057e-06
-9.56877e-08
-200
-3.17712e-06
-1.27285e-08
-200
4.0489e-06
4.64646e-08
-200
1.36309e-05
1.13699e-08
-200
3.11115e-05
1.79097e-07
-2.6472e-06
9.04924e-08
-200
-1.43762e-05
-6.18799e-07
-200
-1.499e-05
-6.57125e-07
-200
-1.55498e-05
-4.55653e-07
-200
-1.58957e-05
-3.20574e-07
-200
-1.59077e-05
-2.26937e-07
-200
-1.56463e-05
-1.21825e-07
-200
-1.49172e-05
7.43134e-08
-200
-1.38461e-05
1.22007e-07
-200
-1.22745e-05
3.58379e-08
-200
-1.00104e-05
9.30014e-08
-200
-6.82859e-06
-2.19343e-08
-200
-2.63764e-06
-1.29862e-07
-200
2.81882e-06
-5.65214e-08
-200
9.71953e-06
4.94964e-08
-200
2.37009e-05
1.70932e-07
-1.58672e-06
9.5997e-08
-200
-9.03421e-06
-5.77697e-07
-200
-9.73686e-06
-5.741e-07
-200
-1.0263e-05
-5.33538e-07
-200
-1.06326e-05
-3.45988e-07
-200
-1.0634e-05
-2.56259e-07
-200
-1.04696e-05
-1.33041e-07
-200
-1.00274e-05
1.9781e-08
-200
-9.38686e-06
-1.57281e-09
-200
-8.35312e-06
7.20588e-08
-200
-6.77912e-06
-5.91964e-08
-200
-4.68318e-06
-1.34119e-07
-200
-1.91312e-06
-7.40141e-08
-200
1.50519e-06
-2.20495e-09
-200
5.58221e-06
-1.66479e-09
-200
1.63014e-05
1.71699e-07
-5.26819e-07
1.12258e-07
-200
-4.05984e-06
-5.17493e-07
-200
-4.56401e-06
-4.97019e-07
-200
-4.91252e-06
-3.84149e-07
-200
-5.15005e-06
-3.17717e-07
-200
-5.1517e-06
-2.1171e-07
-200
-5.15398e-06
-2.34392e-08
-200
-4.96966e-06
2.56195e-08
-200
-4.72445e-06
1.07613e-07
-200
-4.20605e-06
3.15866e-08
-200
-3.48406e-06
2.31948e-08
-200
-2.4439e-06
-6.22775e-08
-200
-1.12378e-06
-8.70124e-08
-200
4.35726e-07
-3.54965e-08
-200
2.04883e-06
2.9811e-08
-200
8.03749e-06
1.77719e-07
1.64892e-07
1.15932e-07
-200
-6.39722e-07
-200
-5.15076e-07
-200
-4.3857e-07
-200
-2.86921e-07
-200
-1.7812e-07
-200
-4.98443e-08
-200
7.84969e-08
-200
9.45895e-08
-200
7.53136e-08
-200
-2.07008e-08
-200
-9.16006e-08
-200
-8.26798e-08
-200
-2.69561e-08
-200
-3.9515e-09
-200
1.81988e-07
1.30831e-07
-200
3.45349e-05
-200
6.90566e-05
-4.93906e-06
-200
-2.32413e-05
-200
-2.4453e-05
-200
-2.64316e-05
-200
-2.79754e-05
-200
-2.91726e-05
-200
-2.9788e-05
-200
-2.97385e-05
-200
-2.87887e-05
-200
-2.6656e-05
-200
-2.30248e-05
-200
-1.7408e-05
-200
-9.36069e-06
-200
1.40984e-06
-200
1.63183e-05
-200
3.54775e-05
-200
7.2386e-05
-5.70454e-06
-200
-2.34827e-05
-200
-2.51433e-05
-200
-2.75842e-05
-200
-2.95962e-05
-200
-3.11008e-05
-200
-3.19886e-05
-200
-3.2072e-05
-200
-3.11352e-05
-200
-2.89433e-05
-200
-2.52218e-05
-200
-1.94507e-05
-200
-1.10942e-05
-200
4.86917e-07
-200
1.53096e-05
-200
3.61898e-05
-200
7.52844e-05
-6.34796e-06
-200
-2.44322e-05
-200
-2.63595e-05
-200
-2.92853e-05
-200
-3.15068e-05
-200
-3.32131e-05
-200
-3.42514e-05
-200
-3.44098e-05
-200
-3.35063e-05
-200
-3.12765e-05
-200
-2.7339e-05
-200
-2.1409e-05
-200
-1.25862e-05
-200
-6.33641e-07
-200
1.52069e-05
-200
3.66329e-05
-200
7.77926e-05
-6.99139e-06
-200
-2.58347e-05
-200
-2.80334e-05
-200
-3.12702e-05
-200
-3.35437e-05
-200
-3.53094e-05
-200
-3.64229e-05
-200
-3.66474e-05
-200
-3.57213e-05
-200
-3.34326e-05
-200
-2.93422e-05
-200
-2.31061e-05
-200
-1.39754e-05
-200
-1.64414e-06
-200
1.48843e-05
-200
3.70047e-05
-200
7.99965e-05
-7.61348e-06
-200
-2.7866e-05
-200
-3.03921e-05
-200
-3.3539e-05
-200
-3.56517e-05
-200
-3.73412e-05
-200
-3.84461e-05
-200
-3.86718e-05
-200
-3.7749e-05
-200
-3.5425e-05
-200
-3.11573e-05
-200
-2.47456e-05
-200
-1.51898e-05
-200
-2.67519e-06
-200
1.47081e-05
-200
3.73563e-05
-200
8.16237e-05
-8.16981e-06
-200
-3.05114e-05
-200
-3.34346e-05
-200
-3.5972e-05
-200
-3.76808e-05
-200
-3.91575e-05
-200
-4.02504e-05
-200
-4.04739e-05
-200
-3.94992e-05
-200
-3.70724e-05
-200
-3.27678e-05
-200
-2.60948e-05
-200
-1.63425e-05
-200
-3.49542e-06
-200
1.42385e-05
-200
3.7439e-05
-200
8.28006e-05
-8.62466e-06
-200
-3.40437e-05
-200
-3.69185e-05
-200
-3.85366e-05
-200
-3.95837e-05
-200
-4.05365e-05
-200
-4.17595e-05
-200
-4.19798e-05
-200
-4.0986e-05
-200
-3.84303e-05
-200
-3.4206e-05
-200
-2.73412e-05
-200
-1.73561e-05
-200
-4.22856e-06
-200
1.39472e-05
-200
3.73893e-05
-200
8.3276e-05
-8.96435e-06
-200
-3.76677e-05
-200
-4.1216e-05
-200
-4.18192e-05
-200
-4.11402e-05
-200
-4.14618e-05
-200
-4.27624e-05
-200
-4.31143e-05
-200
-4.21508e-05
-200
-3.95419e-05
-200
-3.52103e-05
-200
-2.81449e-05
-200
-1.81937e-05
-200
-4.75685e-06
-200
1.33611e-05
-200
3.70308e-05
-200
8.31974e-05
-9.10009e-06
-200
-3.81971e-05
-200
-3.93897e-05
-200
-4.13051e-05
-200
-4.33839e-05
-200
-4.32437e-05
-200
-4.32965e-05
-200
-4.39498e-05
-200
-4.29705e-05
-200
-4.02657e-05
-200
-3.5869e-05
-200
-2.88593e-05
-200
-1.87222e-05
-200
-5.28455e-06
-200
1.30101e-05
-200
3.65121e-05
-200
8.23587e-05
-9.07339e-06
-200
-3.63148e-05
-200
-3.72499e-05
-200
-3.93945e-05
-200
-4.23147e-05
-200
-4.39391e-05
-200
-4.43778e-05
-200
-4.45394e-05
-200
-4.33517e-05
-200
-4.05951e-05
-200
-3.60771e-05
-200
-2.89944e-05
-200
-1.904e-05
-200
-5.51649e-06
-200
1.23744e-05
-200
3.56813e-05
-200
8.09623e-05
-8.88485e-06
-200
-200
-3.59257e-05
-200
-3.77336e-05
-200
-4.07267e-05
-200
-4.39213e-05
-200
-4.48373e-05
-200
-4.4527e-05
-200
-4.32171e-05
-200
-4.04355e-05
-200
-3.58968e-05
-200
-2.89424e-05
-200
-1.89827e-05
-200
-5.72549e-06
-200
1.19701e-05
-200
3.46812e-05
-200
7.88499e-05
-8.61748e-06
-200
-3.39471e-05
-200
-3.64895e-05
-200
-3.8796e-05
-200
-4.3311e-05
-200
-4.47141e-05
-200
-4.40291e-05
-200
-4.26211e-05
-200
-3.98208e-05
-200
-3.52271e-05
-200
-2.83339e-05
-200
-1.87177e-05
-200
-5.70888e-06
-200
1.1244e-05
-200
3.33557e-05
-200
7.62369e-05
-8.26145e-06
-200
-3.1713e-05
-200
-3.68019e-05
-200
-3.96165e-05
-200
-4.25558e-05
-200
-4.32765e-05
-200
-4.28262e-05
-200
-4.1418e-05
-200
-3.86789e-05
-200
-3.41763e-05
-200
-2.75244e-05
-200
-1.8158e-05
-200
-5.7399e-06
-200
1.06682e-05
-200
3.18235e-05
-200
7.29276e-05
-7.86469e-06
-200
-3.30201e-05
-200
-3.75588e-05
-200
-3.8918e-05
-200
-4.08439e-05
-200
-4.1444e-05
-200
-4.10822e-05
-200
-3.97107e-05
-200
-3.70234e-05
-200
-3.26513e-05
-200
-2.62249e-05
-200
-1.74541e-05
-200
-5.61599e-06
-200
9.72792e-06
-200
2.99375e-05
-200
6.91501e-05
-7.36889e-06
-200
-3.27775e-05
-200
-3.66682e-05
-200
-3.7456e-05
-200
-3.87785e-05
-200
-3.92225e-05
-200
-3.88413e-05
-200
-3.75329e-05
-200
-3.49439e-05
-200
-3.08366e-05
-200
-2.4885e-05
-200
-1.65459e-05
-200
-5.66086e-06
-200
8.8689e-06
-200
2.7856e-05
-200
6.47125e-05
-6.86098e-06
-200
-3.08982e-05
-200
-3.48898e-05
-200
-3.52763e-05
-200
-3.62541e-05
-200
-3.65594e-05
-200
-3.61734e-05
-200
-3.49228e-05
-200
-3.25102e-05
-200
-2.87144e-05
-200
-2.32332e-05
-200
-1.56801e-05
-200
-5.5357e-06
-200
7.73356e-06
-200
2.54614e-05
-200
5.98517e-05
-6.26006e-06
-200
-2.89919e-05
-200
-3.16926e-05
-200
-3.2393e-05
-200
-3.32026e-05
-200
-3.3459e-05
-200
-3.31185e-05
-200
-3.19736e-05
-200
-2.9793e-05
-200
-2.63851e-05
-200
-2.15009e-05
-200
-1.46785e-05
-200
-5.54897e-06
-200
6.68722e-06
-200
2.29701e-05
-200
5.44074e-05
-5.64777e-06
-200
-2.60004e-05
-200
-2.82026e-05
-200
-2.89799e-05
-200
-2.97099e-05
-200
-2.99789e-05
-200
-2.97191e-05
-200
-2.87136e-05
-200
-2.68299e-05
-200
-2.38622e-05
-200
-1.9621e-05
-200
-1.35995e-05
-200
-5.40237e-06
-200
5.56795e-06
-200
2.02818e-05
-200
4.85804e-05
-4.95873e-06
-200
-2.25922e-05
-200
-2.43651e-05
-200
-2.52111e-05
-200
-2.59135e-05
-200
-2.62254e-05
-200
-2.60481e-05
-200
-2.52473e-05
-200
-2.36429e-05
-200
-2.11063e-05
-200
-1.76063e-05
-200
-1.22728e-05
-200
-5.20451e-06
-200
4.63704e-06
-200
1.75741e-05
-200
4.22772e-05
-4.21772e-06
-200
-1.87723e-05
-200
-2.02739e-05
-200
-2.11732e-05
-200
-2.18762e-05
-200
-2.22287e-05
-200
-2.21633e-05
-200
-2.15263e-05
-200
-2.02151e-05
-200
-1.82034e-05
-200
-1.52033e-05
-200
-1.08052e-05
-200
-4.64494e-06
-200
3.61258e-06
-200
1.47238e-05
-200
3.56995e-05
-3.40421e-06
-200
-1.48414e-05
-200
-1.59762e-05
-200
-1.69719e-05
-200
-1.76892e-05
-200
-1.80241e-05
-200
-1.80438e-05
-200
-1.75816e-05
-200
-1.66104e-05
-200
-1.50103e-05
-200
-1.26309e-05
-200
-8.9914e-06
-200
-4.05616e-06
-200
2.78853e-06
-200
1.17139e-05
-200
2.87945e-05
-2.45105e-06
-200
-1.09869e-05
-200
-1.18153e-05
-200
-1.2683e-05
-200
-1.33138e-05
-200
-1.36844e-05
-200
-1.36945e-05
-200
-1.33967e-05
-200
-1.26908e-05
-200
-1.15886e-05
-200
-9.71207e-06
-200
-6.98737e-06
-200
-3.18467e-06
-200
1.77607e-06
-200
8.31205e-06
-200
2.19501e-05
-1.40139e-06
-200
-6.77815e-06
-200
-7.62602e-06
-200
-8.37274e-06
-200
-8.83597e-06
-200
-9.15097e-06
-200
-9.22422e-06
-200
-9.05306e-06
-200
-8.66118e-06
-200
-7.90536e-06
-200
-6.62349e-06
-200
-4.79136e-06
-200
-2.28236e-06
-200
9.02134e-07
-200
4.68852e-06
-200
1.50435e-05
-3.73576e-07
-200
-2.94129e-06
-200
-3.45769e-06
-200
-3.93538e-06
-200
-4.2522e-06
-200
-4.39839e-06
-200
-4.53293e-06
-200
-4.49882e-06
-200
-4.34281e-06
-200
-3.98958e-06
-200
-3.3553e-06
-200
-2.46195e-06
-200
-1.25247e-06
-200
1.9553e-07
-200
1.69779e-06
-200
7.46122e-06
1.95905e-07
-200
-200
-200
-200
-200
-200
-200
-200
-200
-200
-200
-200
-200
-200
-200
)
;

boundaryField
{
    frontAndBack
    {
        type            calculated;
        value           uniform 0;
    }
    inlet
    {
        type            calculated;
        value           uniform -200;
    }
    outlet
    {
        type            calculated;
        value           nonuniform List<scalar> 0();
    }
    lowerWall
    {
        type            calculated;
        value           uniform 0;
    }
    upperWall
    {
        type            calculated;
        value           uniform 0;
    }
    procBoundary5to2
    {
        type            processor;
        value           nonuniform List<scalar> 
100
(
3.27375e-05
3.3215e-05
3.22337e-05
3.04908e-05
2.75271e-05
2.24008e-05
1.51158e-05
5.6213e-06
-6.52371e-06
-2.18075e-05
-4.08397e-05
-6.82508e-05
4.42675e-06
3.24529e-05
3.31077e-05
3.34643e-05
200
3.41687e-05
-8.49462e-07
-1.10946e-07
2.87859e-05
2.76277e-05
2.46052e-05
1.99402e-05
1.36839e-05
5.33862e-06
-5.81809e-06
-2.01001e-05
-3.78622e-05
-7.02778e-05
4.26168e-06
3.1212e-05
3.15395e-05
3.23805e-05
3.28592e-05
3.30888e-05
200
3.28146e-05
-3.82767e-07
-3.59816e-07
8.21663e-08
1.95315e-05
1.40194e-05
5.06658e-06
-6.19256e-06
-2.03544e-05
-3.80121e-05
-7.03425e-05
4.24305e-06
3.12199e-05
3.17293e-05
3.25623e-05
3.30413e-05
3.34643e-05
3.30006e-05
3.21104e-05
3.00989e-05
200
2.67893e-05
-2.23919e-07
5.66818e-08
4.5637e-06
-5.96247e-06
-2.03459e-05
-3.82682e-05
-7.02958e-05
4.12258e-06
3.10732e-05
3.18922e-05
3.25261e-05
3.30053e-05
3.32473e-05
3.29776e-05
3.20474e-05
3.01635e-05
2.69298e-05
2.21912e-05
200
1.57263e-05
1.89123e-07
4.28073e-08
2.86705e-07
-3.44233e-05
-6.52621e-05
4.02696e-06
2.33795e-05
2.41498e-05
2.55297e-05
2.64969e-05
2.7303e-05
2.76652e-05
2.74906e-05
2.65192e-05
2.43448e-05
2.08634e-05
1.51628e-05
7.57292e-06
-2.9651e-06
200
-1.77745e-05
)
;
    }
    procBoundary5to4
    {
        type            processor;
        value           nonuniform List<scalar> 
135
(
200
200
200
200
200
200
-4.54314e-05
200
-5.69354e-07
200
200
200
200
200
200
200
200
200
200
200
200
200
200
200
200
200
200
200
200
200
200
200
200
200
-4.64838e-05
200
-2.70092e-07
200
9.61008e-07
200
200
200
200
200
200
200
200
200
200
200
200
200
200
200
200
200
200
200
200
200
200
200
200
200
-5.0858e-05
200
4.78024e-07
200
200
200
200
200
200
200
200
200
200
200
200
200
200
200
200
200
200
200
200
200
200
200
200
200
-4.87457e-05
200
4.90485e-07
200
200
200
200
200
200
200
200
200
200
200
200
200
200
200
200
200
200
200
200
200
200
200
200
200
-3.43735e-05
200
200
200
200
200
200
200
200
200
200
200
200
200
200
)
;
    }
}


// ************************************************************************* //
