/*--------------------------------*- C++ -*----------------------------------*\
  =========                 |
  \\      /  F ield         | OpenFOAM: The Open Source CFD Toolbox
   \\    /   O peration     | Website:  https://openfoam.org
    \\  /    A nd           | Version:  10
     \\/     M anipulation  |
\*---------------------------------------------------------------------------*/
FoamFile
{
    format      ascii;
    class       volVectorField;
    location    "20";
    object      U;
}
// * * * * * * * * * * * * * * * * * * * * * * * * * * * * * * * * * * * * * //

dimensions      [0 1 -1 0 0 0 0];

internalField   nonuniform List<vector> 
2084
(
(-10 -1.73265e-06 -1.96758e-08)
(-10 -1.72177e-06 2.60004e-08)
(-10 -1.6669e-06 -9.1775e-09)
(-10 -1.58699e-06 -1.87189e-08)
(-10 -1.44012e-06 -2.13929e-08)
(-10 -1.17761e-06 -7.81769e-09)
(-10 -8.04286e-07 1.47025e-08)
(-10 -3.19415e-07 -1.25583e-09)
(-10 3.03375e-07 -7.48962e-09)
(-10 1.09072e-06 -1.09378e-08)
(-10 2.07539e-06 -9.56306e-09)
(-10 3.50346e-06 -6.40309e-09)
(-10 -2.40445e-07 1.5563e-09)
(-10 -1.64325e-06 -5.3359e-09)
(-10 -1.6817e-06 -1.74143e-08)
(-10 -1.72292e-06 -7.74199e-08)
(-10 -1.77754e-06 -2.18059e-08)
(-10 -1.84185e-06 -1.18978e-08)
(-10 -1.85528e-06 -3.34745e-08)
(-10 -1.81453e-06 -4.50687e-08)
(-10 -1.72633e-06 -1.80747e-08)
(-10 -1.57637e-06 1.82432e-08)
(-10 -1.3022e-06 -3.51426e-09)
(-10 -9.13014e-07 -1.332e-08)
(-10 -4.04739e-07 -6.82044e-09)
(-10 2.52221e-07 -1.50888e-09)
(-10 1.08843e-06 -8.96115e-09)
(-10 2.13779e-06 -8.15938e-09)
(-10 3.67742e-06 -5.27629e-09)
(-10 -2.79971e-07 -7.2426e-10)
(-10 -1.7688e-06 -7.55399e-09)
(-10 -1.82441e-06 -2.23447e-08)
(-10 -1.87447e-06 1.19304e-09)
(-10 -1.92143e-06 -3.86247e-08)
(-10 -2.00574e-06 -3.32498e-08)
(-10 -1.99191e-06 -1.24966e-08)
(-10 -1.9604e-06 -4.49299e-09)
(-10 -1.86489e-06 -9.66964e-09)
(-10 -1.71171e-06 -1.27742e-08)
(-10 -1.42775e-06 -1.3094e-08)
(-10 -1.02244e-06 1.32718e-08)
(-10 -4.90584e-07 -3.28972e-09)
(-10 1.98731e-07 -9.43509e-09)
(-10 1.08014e-06 -1.21573e-08)
(-10 2.19229e-06 -9.36569e-09)
(-10 3.83648e-06 -5.30935e-09)
(-10 -3.12279e-07 1.12208e-09)
(-10 -1.87939e-06 -2.347e-09)
(-10 -1.94058e-06 -6.31128e-10)
(-10 -1.99548e-06 -6.33303e-08)
(-10 -2.05289e-06 -1.98102e-08)
(-10 -2.13161e-06 4.42145e-09)
(-10 -2.14002e-06 -1.61385e-08)
(-10 -2.1001e-06 -3.34096e-08)
(-10 -2.0061e-06 1.28791e-10)
(-10 -1.84438e-06 9.86567e-09)
(-10 -1.54522e-06 -3.39396e-09)
(-10 -1.12609e-06 -1.96521e-08)
(-10 -5.71732e-07 -8.93664e-09)
(-10 1.48641e-07 -1.88146e-09)
(-10 1.07166e-06 -8.96068e-09)
(-10 2.24086e-06 -7.47556e-09)
(-10 3.98047e-06 -3.30542e-09)
(-10 -3.51895e-07 -1.27951e-10)
(-10 -1.96851e-06 -4.91455e-10)
(-10 -2.04981e-06 -9.42049e-09)
(-10 -2.117e-06 2.19453e-08)
(-10 -2.18464e-06 -9.12919e-09)
(-10 -2.26689e-06 -3.9158e-08)
(-10 -2.25827e-06 -6.90111e-09)
(-10 -2.22634e-06 -6.72097e-09)
(-10 -2.13311e-06 -7.09384e-09)
(-10 -1.97028e-06 -8.36739e-09)
(-10 -1.65321e-06 -1.04762e-08)
(-10 -1.22108e-06 6.28286e-09)
(-10 -6.48828e-07 -3.65057e-09)
(-10 9.7574e-08 -8.02893e-09)
(-10 1.05787e-06 -1.03756e-08)
(-10 2.2782e-06 -6.47217e-09)
(-10 4.10195e-06 -3.23321e-09)
(-10 -3.7985e-07 6.40386e-11)
(-10 -2.08506e-06 -1.31471e-08)
(-10 -2.17493e-06 1.4699e-08)
(-10 -2.24258e-06 -4.7484e-08)
(-10 -2.31602e-06 -1.47399e-08)
(-10 -2.38308e-06 1.67295e-08)
(-10 -2.37599e-06 -3.36409e-08)
(-10 -2.34911e-06 -2.28692e-08)
(-10 -2.25434e-06 1.84838e-09)
(-10 -2.07938e-06 -8.33751e-10)
(-10 -1.74968e-06 -2.512e-09)
(-10 -1.30596e-06 -2.08876e-08)
(-10 -7.18336e-07 -7.91695e-09)
(-10 5.05659e-08 -1.7061e-09)
(-10 1.04281e-06 -7.31916e-09)
(-10 2.30691e-06 -4.91401e-09)
(-10 4.20149e-06 -1.7886e-09)
(-10 -4.11737e-07 -5.32565e-11)
(-10 -2.22407e-06 -1.09618e-09)
(-10 -2.34161e-06 -1.09154e-08)
(-10 -2.43659e-06 4.1512e-08)
(-10 -2.506e-06 5.18966e-09)
(-10 -2.4845e-06 -3.2367e-08)
(-10 -2.46668e-06 -2.21951e-09)
(-10 -2.44719e-06 -3.10564e-09)
(-10 -2.35565e-06 -1.1766e-08)
(-10 -2.16519e-06 -1.06965e-08)
(-10 -1.83295e-06 -1.09513e-08)
(-10 -1.38124e-06 7.22132e-09)
(-10 -7.79249e-07 -2.49935e-09)
(-10 8.25609e-09 -8.66015e-09)
(-10 1.02476e-06 -7.12566e-09)
(-10 2.32334e-06 -4.31859e-09)
(-10 4.27388e-06 -2.06758e-09)
(-10 -4.35519e-07 1.45206e-09)
(-10 -2.44887e-06 3.78888e-08)
(-10 -2.47045e-06 9.48486e-09)
(-10 -2.48812e-06 1.53189e-08)
(-10 -2.58714e-06 9.79644e-10)
(-10 -2.58283e-06 -2.67341e-08)
(-10 -2.54407e-06 -1.57486e-08)
(-10 -2.44745e-06 -1.86038e-09)
(-10 -2.2381e-06 -5.08559e-09)
(-10 -1.90297e-06 -2.71504e-09)
(-10 -1.4449e-06 -2.15007e-08)
(-10 -8.32408e-07 -7.20586e-09)
(-10 -2.97038e-08 -3.88413e-10)
(-10 1.00593e-06 -3.24647e-09)
(-10 2.32901e-06 -2.20562e-09)
(-10 4.31781e-06 -5.3261e-10)
(-10 -4.5587e-07 1.57797e-10)
(-10 -2.41361e-06 -6.10971e-09)
(-10 -2.42277e-06 2.00116e-08)
(-10 -2.51274e-06 1.06334e-08)
(-10 -2.66245e-06 -3.05372e-08)
(-10 -2.68105e-06 -7.02237e-09)
(-10 -2.61706e-06 5.72554e-10)
(-10 -2.51375e-06 -8.5857e-09)
(-10 -2.29167e-06 -8.4701e-09)
(-10 -1.95514e-06 -8.42001e-09)
(-10 -1.4937e-06 7.91509e-09)
(-10 -8.75131e-07 -7.15074e-10)
(-10 -6.35623e-08 -6.89586e-09)
(-10 9.84324e-07 -2.61148e-09)
(-10 2.32157e-06 -2.99714e-10)
(-10 4.32975e-06 -3.82534e-10)
(-10 -4.69225e-07 1.33068e-10)
(-10 -2.52681e-06 -1.80376e-09)
(-10 -2.54686e-06 -3.53908e-08)
(-10 -2.63068e-06 -1.34941e-08)
(-10 -2.70189e-06 1.06853e-08)
(-10 -2.70639e-06 -1.64627e-08)
(-10 -2.66027e-06 -1.2312e-08)
(-10 -2.55786e-06 -4.95971e-09)
(-10 -2.32468e-06 -3.61148e-09)
(-10 -1.98802e-06 -7.02502e-10)
(-10 -1.52566e-06 -2.12014e-08)
(-10 -9.06126e-07 -5.65079e-09)
(-10 -9.29526e-08 2.01861e-09)
(-10 9.57369e-07 -8.39556e-10)
(-10 2.29652e-06 -5.45477e-10)
(-10 4.30589e-06 1.38457e-10)
(-10 -4.6849e-07 -3.29992e-11)
(-10 -2.51395e-06 -1.5809e-08)
(-10 -2.56799e-06 2.59474e-08)
(-10 -2.67224e-06 3.84478e-09)
(-10 -2.71831e-06 -4.17709e-08)
(-10 -2.72277e-06 4.90357e-09)
(-10 -2.68126e-06 5.08343e-09)
(-10 -2.57516e-06 -8.57704e-09)
(-10 -2.334e-06 -7.4595e-09)
(-10 -1.99895e-06 -6.42979e-09)
(-10 -1.53958e-06 8.67231e-09)
(-10 -9.23695e-07 8.72811e-10)
(-10 -1.16123e-07 -4.67313e-09)
(-10 9.26289e-07 -6.67141e-10)
(-10 2.25558e-06 -6.44447e-10)
(-10 4.24831e-06 -8.84319e-11)
(-10 -4.66333e-07 2.93156e-10)
(-10 -2.43566e-06 -7.83898e-09)
(-10 -2.54584e-06 -1.2831e-08)
(-10 -2.68742e-06 -9.93332e-09)
(-10 -2.71319e-06 2.55168e-09)
(-10 -2.71674e-06 -1.69423e-08)
(-10 -2.67045e-06 -8.66468e-09)
(-10 -2.55713e-06 -3.15801e-09)
(-10 -2.31922e-06 -2.03385e-09)
(-10 -1.98861e-06 1.52915e-09)
(-10 -1.53582e-06 -1.93387e-08)
(-10 -9.2949e-07 -3.82259e-09)
(-10 -1.35182e-07 3.95324e-09)
(-10 8.88355e-07 1.68635e-09)
(-10 2.19598e-06 1.06583e-09)
(-10 4.15654e-06 1.1755e-09)
(-10 -4.54521e-07 -1.37812e-09)
(-10 -2.41146e-06 -8.91168e-10)
(-10 -2.52216e-06 4.96004e-08)
(-10 -2.63127e-06 1.18536e-08)
(-10 -2.67569e-06 -2.43773e-08)
(-10 -2.67296e-06 -8.56928e-10)
(-10 -2.63927e-06 1.37864e-08)
(-10 -2.5123e-06 -1.04768e-08)
(-10 -2.2805e-06 -1.4761e-08)
(-10 -1.95642e-06 -4.04651e-09)
(-10 -1.51323e-06 9.11568e-09)
(-10 -9.22751e-07 2.33739e-09)
(-10 -1.49192e-07 -2.57987e-09)
(-10 8.47588e-07 3.47772e-09)
(-10 2.12295e-06 2.70952e-09)
(-10 4.03351e-06 1.1002e-09)
(-10 -4.43301e-07 -3.94644e-10)
(-10 -2.35151e-06 1.96727e-08)
(-10 -2.47729e-06 1.68891e-09)
(-10 -2.55858e-06 1.83447e-09)
(-10 -2.6039e-06 1.49646e-08)
(-10 -2.61444e-06 -1.31924e-08)
(-10 -2.56735e-06 -6.99285e-09)
(-10 -2.44067e-06 -5.14142e-09)
(-10 -2.21832e-06 -2.75549e-09)
(-10 -1.90518e-06 7.30434e-11)
(-10 -1.47745e-06 -1.25294e-08)
(-10 -9.06907e-07 -2.00604e-09)
(-10 -1.61103e-07 6.9551e-09)
(-10 8.02428e-07 8.44146e-09)
(-10 2.0357e-06 6.33183e-09)
(-10 3.87784e-06 2.73369e-09)
(-10 -4.18615e-07 -3.81487e-10)
(-10 -2.25046e-06 1.30346e-09)
(-10 -2.38857e-06 5.30382e-08)
(-10 -2.47663e-06 1.25602e-08)
(-10 -2.51331e-06 -5.41644e-09)
(-10 -2.51514e-06 1.44211e-08)
(-10 -2.47911e-06 1.37153e-08)
(-10 -2.34587e-06 -8.79813e-09)
(-10 -2.13221e-06 -1.97825e-08)
(-10 -1.8335e-06 -5.08346e-09)
(-10 -1.42536e-06 1.01731e-08)
(-10 -8.80424e-07 3.25582e-09)
(-10 -1.6676e-07 3.72855e-09)
(-10 7.56322e-07 1.06352e-08)
(-10 1.93597e-06 8.25359e-09)
(-10 3.69483e-06 3.02013e-09)
(-10 -4.04321e-07 -9.3017e-10)
(-10 -2.11182e-06 2.20031e-08)
(-10 -2.29667e-06 -8.61795e-09)
(-10 -2.35277e-06 8.52068e-09)
(-10 -2.39222e-06 9.47829e-09)
(-10 -2.40181e-06 -9.53161e-09)
(-10 -2.35453e-06 -8.81546e-09)
(-10 -2.22739e-06 -2.77818e-09)
(-10 -2.02808e-06 -6.73601e-10)
(-10 -1.74587e-06 1.70005e-09)
(-10 -1.36008e-06 -1.04639e-08)
(-10 -8.46027e-07 8.24321e-10)
(-10 -1.7107e-07 1.16803e-08)
(-10 7.02673e-07 1.42451e-08)
(-10 1.81801e-06 1.01902e-08)
(-10 3.47923e-06 4.26929e-09)
(-10 -3.68963e-07 -1.69093e-09)
(-10 -1.97214e-06 -2.83151e-09)
(-10 -2.16281e-06 4.86123e-08)
(-10 -2.21806e-06 5.44309e-09)
(-10 -2.25059e-06 -2.16396e-08)
(-10 -2.24909e-06 2.24739e-08)
(-10 -2.21845e-06 1.35593e-08)
(-10 -2.08893e-06 3.77652e-09)
(-10 -1.90212e-06 -2.02804e-08)
(-10 -1.64027e-06 -4.04944e-09)
(-10 -1.28167e-06 1.09183e-08)
(-10 -8.01347e-07 5.46431e-09)
(-10 -1.70133e-07 6.38462e-09)
(-10 6.45991e-07 1.50634e-08)
(-10 1.68839e-06 1.14361e-08)
(-10 3.23932e-06 4.08716e-09)
(-10 -3.50756e-07 -6.41333e-10)
(-10 -1.84283e-06 7.47565e-09)
(-10 -1.99545e-06 -2.46516e-08)
(-10 -2.05091e-06 -4.53023e-09)
(-10 -2.08466e-06 5.87909e-09)
(-10 -2.08376e-06 -8.39353e-09)
(-10 -2.04892e-06 -1.08011e-08)
(-10 -1.93281e-06 -1.12474e-09)
(-10 -1.76296e-06 5.4829e-09)
(-10 -1.52236e-06 2.52168e-09)
(-10 -1.19269e-06 -1.02291e-08)
(-10 -7.51217e-07 2.87015e-09)
(-10 -1.70629e-07 1.31553e-08)
(-10 5.80385e-07 1.72947e-08)
(-10 1.54082e-06 1.21801e-08)
(-10 2.96832e-06 5.19459e-09)
(-10 -3.06846e-07 -4.34272e-10)
(-10 -1.68941e-06 -2.5516e-09)
(-10 -1.81756e-06 2.14006e-08)
(-10 -1.87099e-06 2.72191e-09)
(-10 -1.89484e-06 -1.68532e-08)
(-10 -1.89336e-06 1.76182e-08)
(-10 -1.86979e-06 1.22032e-08)
(-10 -1.76041e-06 3.431e-09)
(-10 -1.60605e-06 -1.70958e-08)
(-10 -1.38931e-06 -2.56537e-09)
(-10 -1.09194e-06 9.15671e-09)
(-10 -6.92394e-07 6.63905e-09)
(-10 -1.66704e-07 8.28629e-09)
(-10 5.13421e-07 1.73485e-08)
(-10 1.38359e-06 1.30292e-08)
(-10 2.67686e-06 5.60825e-09)
(-10 -2.84411e-07 -6.17602e-10)
(-10 -1.5185e-06 4.63525e-09)
(-10 -1.61689e-06 -2.38596e-08)
(-10 -1.65917e-06 2.73271e-09)
(-10 -1.69492e-06 1.47314e-08)
(-10 -1.69192e-06 1.2419e-09)
(-10 -1.66168e-06 -8.24009e-09)
(-10 -1.57216e-06 -9.75771e-10)
(-10 -1.43621e-06 7.07144e-09)
(-10 -1.24435e-06 2.44358e-09)
(-10 -9.8124e-07 -7.3467e-09)
(-10 -6.28846e-07 4.37886e-09)
(-10 -1.64433e-07 1.27359e-08)
(-10 4.38436e-07 1.95544e-08)
(-10 1.21064e-06 1.37143e-08)
(-10 2.35812e-06 6.81764e-09)
(-10 -2.32968e-07 -7.94275e-10)
(-10 -1.32515e-06 -1.44526e-09)
(-10 -1.40866e-06 1.55728e-08)
(-10 -1.44461e-06 4.12693e-09)
(-10 -1.46023e-06 -6.64755e-09)
(-10 -1.46484e-06 1.75928e-08)
(-10 -1.45012e-06 1.10203e-08)
(-10 -1.36664e-06 4.50055e-09)
(-10 -1.24899e-06 -1.06939e-08)
(-10 -1.0846e-06 1.28394e-09)
(-10 -8.59153e-07 1.04567e-08)
(-10 -5.55889e-07 8.62147e-09)
(-10 -1.55529e-07 9.38019e-09)
(-10 3.63744e-07 1.81278e-08)
(-10 1.03087e-06 1.43466e-08)
(-10 2.02579e-06 7.39465e-09)
(-10 -2.06238e-07 -4.83426e-10)
(-10 -1.12144e-06 6.16156e-09)
(-10 -1.17011e-06 -1.13606e-08)
(-10 -1.19427e-06 7.82823e-09)
(-10 -1.23017e-06 2.70856e-08)
(-10 -1.22692e-06 4.37032e-09)
(-10 -1.20436e-06 -3.34197e-09)
(-10 -1.14744e-06 1.30389e-09)
(-10 -1.05037e-06 1.02447e-08)
(-10 -9.13481e-07 4.30413e-09)
(-10 -7.2683e-07 -5.1476e-09)
(-10 -4.76292e-07 4.57224e-09)
(-10 -1.45182e-07 1.21076e-08)
(-10 2.85852e-07 1.93637e-08)
(-10 8.36058e-07 1.53789e-08)
(-10 1.67033e-06 7.64447e-09)
(-10 -1.46777e-07 -5.28414e-10)
(-10 -8.49596e-07 1.47731e-09)
(-10 -9.31648e-07 1.38538e-08)
(-10 -9.50845e-07 4.61729e-09)
(-10 -9.54037e-07 3.24562e-09)
(-10 -9.65849e-07 1.29916e-08)
(-10 -9.59066e-07 8.48325e-09)
(-10 -9.048e-07 3.40201e-09)
(-10 -8.27761e-07 -6.52371e-09)
(-10 -7.21381e-07 2.17494e-09)
(-10 -5.77578e-07 4.92108e-09)
(-10 -3.85475e-07 5.43606e-09)
(-10 -1.31419e-07 8.06992e-09)
(-10 1.96492e-07 1.82483e-08)
(-10 6.13105e-07 1.68566e-08)
(-10 1.32291e-06 9.3907e-09)
(-10 -1.10932e-07 -9.48516e-10)
(-10 -5.85901e-07 -4.10961e-09)
(-10 -6.2479e-07 -4.77491e-09)
(-10 -6.36364e-07 -6.84521e-10)
(-10 -6.81762e-07 1.37809e-08)
(-10 -6.72346e-07 -3.20893e-10)
(-10 -6.60945e-07 -4.37198e-09)
(-10 -6.32922e-07 -2.74363e-09)
(-10 -5.85318e-07 3.63169e-09)
(-10 -5.16414e-07 5.44006e-10)
(-10 -4.20336e-07 -3.69902e-09)
(-10 -2.89657e-07 3.60584e-10)
(-10 -1.16434e-07 8.06491e-09)
(-10 1.0578e-07 1.68979e-08)
(-10 3.84241e-07 1.66458e-08)
(-10 9.62229e-07 1.41474e-08)
(-10 -4.80907e-08 1.30416e-10)
(-10 -3.20596e-07 -1.33031e-08)
(-10 -3.60081e-07 -8.90874e-09)
(-10 -3.81911e-07 1.31014e-09)
(-10 -3.78885e-07 -4.56476e-09)
(-10 -3.89046e-07 -4.35927e-09)
(-10 -3.83173e-07 4.98368e-09)
(-10 -3.64333e-07 1.46157e-09)
(-10 -3.3797e-07 -5.52592e-10)
(-10 -3.04051e-07 -1.17908e-09)
(-10 -2.53191e-07 2.61138e-09)
(-10 -1.80054e-07 3.35419e-09)
(-10 -7.87178e-08 8.54987e-09)
(-10 4.46438e-08 1.74374e-08)
(-10 1.90631e-07 1.72793e-08)
(-10 6.30208e-07 1.91936e-08)
(-10 -1.00676e-08 2.34833e-09)
(-10 -1.11767e-07 -1.46024e-08)
(-10 -1.18831e-07 -9.26646e-09)
(-10 -1.25925e-07 -1.01151e-08)
(-10 -1.32233e-07 -8.1293e-09)
(-10 -1.36482e-07 -7.50218e-10)
(-10 -1.35829e-07 -3.79161e-09)
(-10 -1.35742e-07 -1.48004e-09)
(-10 -1.30643e-07 3.89048e-10)
(-10 -1.21789e-07 1.19832e-11)
(-10 -1.07053e-07 -6.90165e-10)
(-10 -8.68282e-08 -5.75598e-10)
(-10 -5.86349e-08 4.09551e-09)
(-10 -2.40923e-08 1.0593e-08)
(-10 1.60413e-08 9.59839e-09)
(-10 1.82558e-07 1.45387e-08)
(-10 1.93106e-08 1.16575e-09)
(-10 -1.5375e-06 -3.28447e-08)
(-10 -1.45926e-06 -2.15443e-08)
(-10 -1.28226e-06 2.7189e-08)
(-10 -1.03048e-06 -1.00333e-09)
(-10 -7.47586e-07 -3.07672e-10)
(-10 -3.11268e-07 1.08252e-08)
(-10 2.68485e-07 8.64182e-09)
(-10 1.00195e-06 2.44088e-09)
(-10 1.92207e-06 -1.32538e-08)
(-10 3.60824e-06 -1.35309e-08)
(-10 -2.2714e-07 -1.93253e-09)
(-10 -1.58679e-06 1.52868e-08)
(-10 -1.59763e-06 9.3872e-09)
(-10 -1.65203e-06 -1.87345e-08)
(-10 -1.68365e-06 -7.32749e-08)
(-10 -1.71254e-06 -3.47587e-08)
(-10 -1.76665e-06 -6.9881e-08)
(-10 -1.70267e-06 -2.51117e-08)
(-10 -1.57675e-06 -5.96792e-09)
(-10 -1.40851e-06 -2.04911e-08)
(-10 -1.19329e-06 -6.12094e-09)
(-10 -8.56806e-07 2.85745e-08)
(-10 -3.90302e-07 1.47184e-08)
(-10 2.09998e-07 4.34523e-09)
(-10 9.87254e-07 -1.26089e-08)
(-10 1.97898e-06 -1.53526e-08)
(-10 3.7928e-06 -1.32442e-08)
(-10 -2.77887e-07 -2.35988e-09)
(-10 -1.64621e-06 -1.48662e-08)
(-10 -1.74522e-06 -1.80071e-08)
(-10 -1.80008e-06 -7.05468e-10)
(-10 -1.86996e-06 -1.2672e-08)
(-10 -1.92912e-06 -5.73187e-08)
(-10 -1.91228e-06 -2.71681e-08)
(-10 -1.84894e-06 -1.67534e-08)
(-10 -1.74473e-06 -3.52071e-08)
(-10 -1.56042e-06 -1.23359e-08)
(-10 -1.3189e-06 1.44817e-08)
(-10 -9.71244e-07 -1.94262e-09)
(-10 -4.87894e-07 -4.3788e-09)
(-10 1.56221e-07 2.89068e-09)
(-10 9.72727e-07 -7.05254e-09)
(-10 2.01627e-06 -1.31224e-08)
(-10 3.95748e-06 -1.16033e-08)
(-10 -3.13583e-07 -2.15819e-09)
(-10 -1.75075e-06 1.46715e-08)
(-10 -1.84455e-06 5.34782e-09)
(-10 -1.92589e-06 -5.69154e-08)
(-10 -1.99967e-06 -4.19973e-08)
(-10 -2.04499e-06 -2.19788e-08)
(-10 -2.05938e-06 -6.84128e-08)
(-10 -1.98514e-06 -3.15013e-08)
(-10 -1.87892e-06 6.17646e-09)
(-10 -1.70658e-06 -8.8336e-09)
(-10 -1.45107e-06 -7.89115e-09)
(-10 -1.07374e-06 1.52295e-08)
(-10 -5.73786e-07 -4.41874e-10)
(-10 9.59343e-08 -6.21743e-09)
(-10 9.54097e-07 -1.34838e-08)
(-10 2.05539e-06 -1.43818e-08)
(-10 4.10352e-06 -9.15124e-09)
(-10 -3.44091e-07 -1.57837e-09)
(-10 -1.80695e-06 -2.70295e-08)
(-10 -1.93007e-06 -4.17715e-08)
(-10 -2.01989e-06 2.65738e-09)
(-10 -2.12501e-06 -1.70554e-08)
(-10 -2.17376e-06 -3.63418e-08)
(-10 -2.17559e-06 -2.37969e-08)
(-10 -2.12937e-06 -1.35219e-08)
(-10 -2.01798e-06 -2.18589e-08)
(-10 -1.83194e-06 -1.58678e-08)
(-10 -1.56338e-06 7.03728e-09)
(-10 -1.17818e-06 -6.99842e-09)
(-10 -6.59655e-07 -9.53422e-09)
(-10 4.05219e-08 -7.20328e-10)
(-10 9.36956e-07 -1.92527e-09)
(-10 2.08494e-06 -1.00933e-08)
(-10 4.22981e-06 -8.07965e-09)
(-10 -3.76845e-07 -1.11306e-09)
(-10 -1.89362e-06 -1.04511e-08)
(-10 -2.04798e-06 -4.79539e-10)
(-10 -2.15397e-06 -4.14086e-08)
(-10 -2.23164e-06 -1.94526e-08)
(-10 -2.29609e-06 -1.51088e-08)
(-10 -2.30133e-06 -2.64085e-08)
(-10 -2.24407e-06 -2.46779e-08)
(-10 -2.13299e-06 9.68718e-09)
(-10 -1.94345e-06 -1.48586e-08)
(-10 -1.67047e-06 -1.202e-08)
(-10 -1.27591e-06 6.95184e-09)
(-10 -7.31317e-07 -4.06048e-09)
(-10 -1.1809e-08 -8.91651e-09)
(-10 9.17653e-07 -1.25688e-08)
(-10 2.10772e-06 -1.18554e-08)
(-10 4.33252e-06 -6.11168e-09)
(-10 -4.06033e-07 -3.53245e-10)
(-10 -2.05897e-06 -2.99406e-08)
(-10 -2.1293e-06 -3.36314e-08)
(-10 -2.29061e-06 1.96059e-08)
(-10 -2.37156e-06 -1.19112e-08)
(-10 -2.40312e-06 -2.11282e-08)
(-10 -2.39954e-06 -7.19373e-09)
(-10 -2.35277e-06 -6.70276e-09)
(-10 -2.23258e-06 -2.77407e-08)
(-10 -2.05475e-06 -1.63029e-08)
(-10 -1.75502e-06 1.36505e-09)
(-10 -1.35579e-06 -1.00795e-08)
(-10 -7.9935e-07 -9.97596e-09)
(-10 -5.89304e-08 -4.34871e-09)
(-10 8.96753e-07 2.45609e-10)
(-10 2.11933e-06 -5.72287e-09)
(-10 4.40789e-06 -3.97881e-09)
(-10 -4.29519e-07 -1.09127e-09)
(-10 -2.26166e-06 3.10297e-08)
(-10 -2.36223e-06 3.96409e-08)
(-10 -2.40724e-06 1.5245e-08)
(-10 -2.464e-06 2.03839e-08)
(-10 -2.5006e-06 -2.41124e-10)
(-10 -2.49078e-06 -5.39521e-08)
(-10 -2.43984e-06 -1.69046e-08)
(-10 -2.32786e-06 9.76394e-09)
(-10 -2.13603e-06 -1.08711e-08)
(-10 -1.83856e-06 -1.29107e-08)
(-10 -1.42309e-06 -3.01911e-09)
(-10 -8.54216e-07 -5.56137e-09)
(-10 -1.01318e-07 -9.25544e-09)
(-10 8.75153e-07 -9.78411e-09)
(-10 2.12196e-06 -6.89081e-09)
(-10 4.45377e-06 -2.36766e-09)
(-10 -4.53566e-07 2.99194e-10)
(-10 -2.48661e-06 -1.0453e-08)
(-10 -2.48467e-06 5.50939e-10)
(-10 -2.53852e-06 -9.37572e-09)
(-10 -2.56369e-06 -1.2559e-08)
(-10 -2.57199e-06 -7.57411e-09)
(-10 -2.51663e-06 -6.12423e-09)
(-10 -2.39689e-06 -3.91483e-08)
(-10 -2.20356e-06 -1.7953e-08)
(-10 -1.89886e-06 -7.12775e-09)
(-10 -1.47734e-06 -1.16467e-08)
(-10 -8.99643e-07 -1.13251e-08)
(-10 -1.38435e-07 -1.7002e-09)
(-10 8.49459e-07 3.36319e-09)
(-10 2.10944e-06 -1.34094e-09)
(-10 4.46416e-06 -1.3063e-09)
(-10 -4.59997e-07 -1.91126e-09)
(-10 -2.54511e-06 -6.60358e-08)
(-10 -2.56206e-06 -9.77067e-08)
(-10 -2.60342e-06 -1.32255e-08)
(-10 -2.62891e-06 -5.65086e-10)
(-10 -2.62622e-06 -1.9228e-08)
(-10 -2.5646e-06 -2.25493e-08)
(-10 -2.44725e-06 8.92215e-09)
(-10 -2.24597e-06 -9.19461e-09)
(-10 -1.94033e-06 -1.43717e-08)
(-10 -1.51465e-06 -8.04227e-09)
(-10 -9.34001e-07 -5.01023e-09)
(-10 -1.68609e-07 -5.87783e-09)
(-10 8.22399e-07 -8.46164e-09)
(-10 2.08571e-06 -3.6503e-09)
(-10 4.44146e-06 -4.42552e-10)
(-10 -4.68838e-07 1.10037e-09)
(-10 -2.52928e-06 -1.08592e-07)
(-10 -2.58018e-06 -5.02059e-08)
(-10 -2.64133e-06 9.10481e-09)
(-10 -2.66139e-06 -2.58333e-08)
(-10 -2.6491e-06 -2.79905e-09)
(-10 -2.59349e-06 -9.54447e-09)
(-10 -2.47162e-06 -4.16224e-08)
(-10 -2.26763e-06 -1.58473e-08)
(-10 -1.96275e-06 -9.84449e-09)
(-10 -1.53166e-06 -1.31417e-08)
(-10 -9.54316e-07 -8.69429e-09)
(-10 -1.94131e-07 4.66747e-10)
(-10 7.91118e-07 6.45569e-09)
(-10 2.04545e-06 2.33591e-09)
(-10 4.38044e-06 1.30857e-09)
(-10 -4.54858e-07 -1.83603e-09)
(-10 -2.42411e-06 -6.97855e-08)
(-10 -2.58225e-06 -6.49921e-08)
(-10 -2.64548e-06 -2.33223e-08)
(-10 -2.67733e-06 1.20818e-08)
(-10 -2.65784e-06 -1.69048e-08)
(-10 -2.5973e-06 -2.28344e-08)
(-10 -2.46753e-06 -1.12239e-08)
(-10 -2.261e-06 -9.72445e-09)
(-10 -1.95487e-06 -1.84914e-08)
(-10 -1.53435e-06 -7.32854e-09)
(-10 -9.62006e-07 1.35798e-09)
(-10 -2.1012e-07 -3.37296e-10)
(-10 7.59361e-07 -3.44183e-09)
(-10 1.99444e-06 1.51542e-09)
(-10 4.28886e-06 3.18043e-09)
(-10 -4.52956e-07 -4.05229e-10)
(-10 -2.42386e-06 -6.94916e-08)
(-10 -2.55072e-06 -1.23142e-08)
(-10 -2.61572e-06 4.2238e-08)
(-10 -2.63911e-06 -2.08027e-08)
(-10 -2.61596e-06 2.31537e-08)
(-10 -2.56722e-06 -6.35407e-09)
(-10 -2.436e-06 -4.01501e-08)
(-10 -2.23026e-06 -3.99349e-09)
(-10 -1.93267e-06 -5.9703e-09)
(-10 -1.51189e-06 -1.77549e-08)
(-10 -9.54153e-07 -5.99475e-09)
(-10 -2.22749e-07 3.91098e-09)
(-10 7.238e-07 1.31353e-08)
(-10 1.92773e-06 9.40441e-09)
(-10 4.16147e-06 5.44855e-09)
(-10 -4.33973e-07 -1.2624e-09)
(-10 -2.33742e-06 2.22751e-08)
(-10 -2.507e-06 1.35577e-08)
(-10 -2.53215e-06 -2.03826e-09)
(-10 -2.57703e-06 6.99776e-09)
(-10 -2.56641e-06 -7.55267e-09)
(-10 -2.50352e-06 -1.31682e-08)
(-10 -2.37225e-06 1.04782e-08)
(-10 -2.17282e-06 -5.45648e-09)
(-10 -1.87664e-06 -2.14745e-08)
(-10 -1.47913e-06 -5.67025e-10)
(-10 -9.36825e-07 1.03774e-09)
(-10 -2.27355e-07 1.16419e-09)
(-10 6.86147e-07 5.12849e-09)
(-10 1.8491e-06 1.02086e-08)
(-10 4.00309e-06 7.19736e-09)
(-10 -4.1773e-07 1.05765e-11)
(-10 -2.28342e-06 -1.60813e-08)
(-10 -2.41077e-06 -2.6288e-10)
(-10 -2.46288e-06 3.73144e-08)
(-10 -2.48688e-06 -1.9627e-09)
(-10 -2.47216e-06 2.17859e-08)
(-10 -2.40894e-06 -1.95693e-09)
(-10 -2.28513e-06 -1.67298e-08)
(-10 -2.09109e-06 2.4414e-09)
(-10 -1.81418e-06 -3.13773e-09)
(-10 -1.42039e-06 -1.54286e-08)
(-10 -9.05349e-07 -2.17396e-09)
(-10 -2.29457e-07 1.00022e-08)
(-10 6.44386e-07 1.98813e-08)
(-10 1.75609e-06 1.69153e-08)
(-10 3.81289e-06 8.87378e-09)
(-10 -3.94672e-07 -2.67703e-10)
(-10 -2.16738e-06 4.20876e-08)
(-10 -2.30785e-06 1.05457e-10)
(-10 -2.33816e-06 -4.2773e-09)
(-10 -2.36688e-06 7.0905e-09)
(-10 -2.35362e-06 -1.37999e-09)
(-10 -2.29458e-06 -7.16716e-09)
(-10 -2.17338e-06 1.5025e-08)
(-10 -1.98853e-06 -2.65238e-09)
(-10 -1.71872e-06 -2.0678e-08)
(-10 -1.35945e-06 -1.66718e-09)
(-10 -8.68259e-07 4.78559e-09)
(-10 -2.26691e-07 8.04547e-09)
(-10 5.97601e-07 1.42505e-08)
(-10 1.64923e-06 1.74656e-08)
(-10 3.5926e-06 1.09006e-08)
(-10 -3.68869e-07 -2.50465e-10)
(-10 -2.04213e-06 -2.59479e-08)
(-10 -2.18085e-06 3.98806e-08)
(-10 -2.20575e-06 1.62452e-08)
(-10 -2.2273e-06 -1.91333e-08)
(-10 -2.21557e-06 1.07929e-09)
(-10 -2.14891e-06 4.73072e-09)
(-10 -2.03954e-06 -1.94976e-08)
(-10 -1.86877e-06 -3.84255e-09)
(-10 -1.62489e-06 -1.52848e-09)
(-10 -1.27421e-06 -1.26626e-08)
(-10 -8.19328e-07 1.86718e-09)
(-10 -2.25278e-07 1.56876e-08)
(-10 5.45598e-07 2.82216e-08)
(-10 1.52783e-06 2.20716e-08)
(-10 3.34329e-06 1.16044e-08)
(-10 -3.41226e-07 1.32699e-09)
(-10 -1.90055e-06 1.45967e-08)
(-10 -2.02357e-06 -1.7891e-08)
(-10 -2.04537e-06 -1.11162e-08)
(-10 -2.06058e-06 1.63624e-08)
(-10 -2.04275e-06 -7.52737e-09)
(-10 -1.99336e-06 -7.92532e-09)
(-10 -1.8875e-06 1.41619e-08)
(-10 -1.73458e-06 -2.76255e-09)
(-10 -1.50006e-06 -1.80523e-08)
(-10 -1.19151e-06 -3.09652e-10)
(-10 -7.70146e-07 6.97097e-09)
(-10 -2.20407e-07 1.23319e-08)
(-10 4.87038e-07 1.8769e-08)
(-10 1.39397e-06 2.22501e-08)
(-10 3.06607e-06 1.43461e-08)
(-10 -3.08085e-07 7.51153e-10)
(-10 -1.7469e-06 -1.33874e-08)
(-10 -1.83777e-06 4.94126e-09)
(-10 -1.86197e-06 -1.28235e-08)
(-10 -1.8758e-06 -1.27417e-08)
(-10 -1.86179e-06 2.41975e-08)
(-10 -1.80728e-06 3.58031e-10)
(-10 -1.72017e-06 -1.54402e-08)
(-10 -1.58015e-06 -3.90811e-09)
(-10 -1.38321e-06 -2.06069e-09)
(-10 -1.08709e-06 -9.66912e-09)
(-10 -7.09957e-07 3.72378e-09)
(-10 -2.16834e-07 1.73266e-08)
(-10 4.25858e-07 2.89298e-08)
(-10 1.24867e-06 2.62794e-08)
(-10 2.76332e-06 1.62183e-08)
(-10 -2.74815e-07 1.47232e-09)
(-10 -1.56654e-06 -1.21398e-08)
(-10 -1.63323e-06 -3.05444e-08)
(-10 -1.66244e-06 -1.72631e-08)
(-10 -1.66721e-06 9.45659e-09)
(-10 -1.65398e-06 -2.93447e-09)
(-10 -1.61769e-06 -6.50213e-09)
(-10 -1.53317e-06 1.00483e-08)
(-10 -1.42017e-06 -4.26955e-09)
(-10 -1.2291e-06 -1.39245e-08)
(-10 -9.84001e-07 -6.52132e-10)
(-10 -6.50085e-07 7.64463e-09)
(-10 -2.07736e-07 1.1754e-08)
(-10 3.62046e-07 2.04027e-08)
(-10 1.09375e-06 2.15335e-08)
(-10 2.43697e-06 1.88517e-08)
(-10 -2.36238e-07 2.4812e-09)
(-10 -1.35557e-06 -2.30033e-08)
(-10 -1.42251e-06 -9.35091e-09)
(-10 -1.43306e-06 -1.84824e-08)
(-10 -1.44548e-06 -1.35103e-08)
(-10 -1.43832e-06 1.72112e-08)
(-10 -1.39611e-06 5.09416e-09)
(-10 -1.33912e-06 -1.03284e-08)
(-10 -1.229e-06 -2.40106e-09)
(-10 -1.08644e-06 -2.20853e-10)
(-10 -8.57576e-07 -2.47108e-09)
(-10 -5.7241e-07 -1.99234e-09)
(-10 -1.96311e-07 1.22647e-08)
(-10 2.97177e-07 2.6546e-08)
(-10 9.30873e-07 2.43775e-08)
(-10 2.09051e-06 2.16581e-08)
(-10 -1.96944e-07 1.37758e-09)
(-10 -1.14232e-06 -1.61219e-08)
(-10 -1.18053e-06 -2.90662e-08)
(-10 -1.1944e-06 -1.32145e-08)
(-10 -1.20074e-06 3.78941e-09)
(-10 -1.19402e-06 9.70175e-10)
(-10 -1.17754e-06 -4.97075e-09)
(-10 -1.11361e-06 5.15835e-09)
(-10 -1.03859e-06 -4.83641e-09)
(-10 -8.99773e-07 -1.06666e-08)
(-10 -7.29391e-07 -2.42548e-10)
(-10 -4.93685e-07 4.52988e-09)
(-10 -1.76243e-07 8.65386e-09)
(-10 2.33127e-07 2.14626e-08)
(-10 7.61258e-07 2.41058e-08)
(-10 1.72754e-06 2.36856e-08)
(-10 -1.52609e-07 8.74552e-10)
(-10 -8.82968e-07 -2.6649e-08)
(-10 -9.213e-07 -1.45149e-08)
(-10 -9.31907e-07 -1.02072e-08)
(-10 -9.43225e-07 -4.2514e-09)
(-10 -9.47485e-07 1.07851e-08)
(-10 -9.19567e-07 3.26216e-09)
(-10 -8.80326e-07 -6.44134e-09)
(-10 -8.14843e-07 -2.69092e-09)
(-10 -7.22729e-07 3.62255e-09)
(-10 -5.7535e-07 -1.59337e-09)
(-10 -3.92473e-07 -4.40602e-09)
(-10 -1.48511e-07 7.98855e-09)
(-10 1.72014e-07 2.57533e-08)
(-10 5.80183e-07 2.84968e-08)
(-10 1.34374e-06 2.78802e-08)
(-10 -1.0333e-07 -1.18182e-09)
(-10 -5.65988e-07 -3.33196e-08)
(-10 -6.10737e-07 -2.67928e-08)
(-10 -6.36096e-07 -1.93817e-08)
(-10 -6.51055e-07 1.33995e-09)
(-10 -6.50678e-07 9.76933e-10)
(-10 -6.40298e-07 -6.89315e-09)
(-10 -6.13672e-07 5.39175e-11)
(-10 -5.69528e-07 -6.56633e-09)
(-10 -4.98918e-07 -6.3517e-09)
(-10 -4.10157e-07 -3.8841e-09)
(-10 -2.8013e-07 -1.63345e-09)
(-10 -1.06467e-07 4.92431e-09)
(-10 1.13196e-07 1.87781e-08)
(-10 3.85902e-07 2.51984e-08)
(-10 9.76728e-07 3.44989e-08)
(-10 -5.09135e-08 -6.2132e-10)
(-10 -3.25633e-07 -2.79491e-08)
(-10 -3.6343e-07 -1.95806e-08)
(-10 -3.78114e-07 -9.94316e-09)
(-10 -3.90153e-07 -1.38208e-09)
(-10 -3.92252e-07 4.7627e-09)
(-10 -3.81249e-07 3.37739e-09)
(-10 -3.65931e-07 -5.52068e-10)
(-10 -3.4259e-07 -1.28348e-09)
(-10 -3.03449e-07 -3.69678e-10)
(-10 -2.43465e-07 -6.27001e-09)
(-10 -1.67962e-07 -7.92352e-09)
(-10 -6.64076e-08 3.21368e-09)
(-10 5.86143e-08 1.7634e-08)
(-10 2.00609e-07 2.34014e-08)
(-10 6.52743e-07 4.18114e-08)
(-10 -5.4897e-09 -2.64967e-10)
(-10 -1.01354e-07 -4.05808e-08)
(-10 -1.09415e-07 -1.99018e-08)
(-10 -1.17883e-07 -1.82637e-08)
(-10 -1.18662e-07 -9.07823e-09)
(-10 -1.21776e-07 9.31986e-10)
(-10 -1.21511e-07 -9.00756e-10)
(-10 -1.19531e-07 2.62189e-09)
(-10 -1.11032e-07 2.10487e-09)
(-10 -9.87783e-08 1.35357e-10)
(-10 -8.6089e-08 -8.2323e-09)
(-10 -6.37706e-08 -8.55049e-09)
(-10 -3.29811e-08 3.06935e-09)
(-10 2.92065e-09 1.40712e-08)
(-10 4.14489e-08 1.59999e-08)
(-10 2.09023e-07 3.8497e-08)
(-10 1.78662e-08 -2.63648e-09)
(-10 -1.08613e-06 -3.80445e-10)
(-10 -7.51806e-07 1.08968e-08)
(-10 -2.70944e-07 4.64524e-09)
(-10 2.82485e-07 1.10281e-08)
(-10 1.00986e-06 -2.69281e-09)
(-10 1.92334e-06 -9.42769e-09)
(-10 3.61337e-06 -1.29064e-08)
(-10 -2.24459e-07 2.25152e-09)
(-10 -1.57258e-06 -2.39527e-08)
(-10 -1.59872e-06 -1.31218e-08)
(-10 -1.65586e-06 -3.0841e-08)
(-10 -1.69956e-06 -4.67224e-08)
(-10 -1.72803e-06 -7.41259e-08)
(-10 -1.70417e-06 -4.04072e-08)
(-10 -1.67386e-06 -2.67029e-08)
(-10 -1.58274e-06 -1.57619e-08)
(-10 -1.45012e-06 -2.42125e-09)
(-10 -1.18397e-06 1.06951e-08)
(-10 -8.24793e-07 2.53508e-09)
(-10 -3.93608e-07 9.46411e-09)
(-10 2.00616e-07 4.094e-09)
(-10 9.96781e-07 -4.25059e-11)
(-10 1.98739e-06 -3.29253e-09)
(-10 3.80187e-06 -1.11256e-08)
(-10 -2.8278e-07 -3.72307e-09)
(-10 -1.65892e-06 -2.74276e-08)
(-10 -1.74376e-06 -3.18886e-08)
(-10 -1.7976e-06 -3.75001e-08)
(-10 -1.86472e-06 -4.5995e-08)
(-10 -1.89809e-06 -3.89367e-08)
(-10 -1.90327e-06 -5.57376e-08)
(-10 -1.83605e-06 -5.65694e-08)
(-10 -1.7501e-06 -2.84812e-08)
(-10 -1.57488e-06 1.63273e-09)
(-10 -1.33439e-06 -7.24925e-09)
(-10 -9.57088e-07 -6.63453e-09)
(-10 -4.83719e-07 1.55239e-08)
(-10 1.58925e-07 7.03253e-09)
(-10 9.66744e-07 -2.13482e-09)
(-10 2.02012e-06 -1.59951e-09)
(-10 3.96699e-06 -1.10637e-08)
(-10 -3.14178e-07 2.19497e-09)
(-10 -1.75357e-06 -2.63418e-08)
(-10 -1.83969e-06 -3.79255e-08)
(-10 -1.92216e-06 -3.66721e-08)
(-10 -1.98962e-06 -3.36065e-08)
(-10 -2.03195e-06 -5.85277e-08)
(-10 -2.03475e-06 -3.3347e-08)
(-10 -1.98721e-06 -2.37575e-08)
(-10 -1.88039e-06 -1.15133e-08)
(-10 -1.72093e-06 2.39066e-09)
(-10 -1.43659e-06 4.80561e-09)
(-10 -1.07641e-06 -4.21911e-09)
(-10 -5.80754e-07 -2.43325e-09)
(-10 9.40404e-08 3.81562e-09)
(-10 9.54456e-07 -1.55464e-09)
(-10 2.06462e-06 -3.16357e-09)
(-10 4.11314e-06 -7.27778e-09)
(-10 -3.4401e-07 -3.53252e-09)
(-10 -1.81494e-06 -2.85731e-08)
(-10 -1.91449e-06 -3.07558e-08)
(-10 -2.02137e-06 -3.63573e-08)
(-10 -2.10576e-06 -3.73238e-08)
(-10 -2.15448e-06 -2.62007e-08)
(-10 -2.16187e-06 -2.68415e-08)
(-10 -2.11503e-06 -3.12561e-08)
(-10 -2.01556e-06 -1.99894e-08)
(-10 -1.82243e-06 1.7405e-09)
(-10 -1.56787e-06 -8.63684e-09)
(-10 -1.17882e-06 -7.5226e-09)
(-10 -6.47348e-07 3.8188e-09)
(-10 3.61411e-08 4.15174e-09)
(-10 9.39139e-07 -5.64416e-09)
(-10 2.08954e-06 -7.80677e-09)
(-10 4.23952e-06 -7.22557e-09)
(-10 -3.76566e-07 1.65966e-09)
(-10 -1.92739e-06 -1.9522e-08)
(-10 -2.02863e-06 -3.575e-08)
(-10 -2.14611e-06 -1.79363e-08)
(-10 -2.22183e-06 -1.44564e-08)
(-10 -2.27332e-06 -2.69177e-08)
(-10 -2.28159e-06 -2.99066e-08)
(-10 -2.23414e-06 -1.85037e-08)
(-10 -2.12294e-06 -4.21741e-09)
(-10 -1.94754e-06 -7.0638e-09)
(-10 -1.6587e-06 -7.2509e-09)
(-10 -1.26833e-06 -6.48705e-09)
(-10 -7.35528e-07 -6.72476e-09)
(-10 -8.36335e-09 -2.89109e-09)
(-10 9.21399e-07 -3.27683e-09)
(-10 2.11562e-06 -3.16732e-09)
(-10 4.34314e-06 -4.33045e-09)
(-10 -4.06122e-07 -1.25465e-09)
(-10 -2.07953e-06 -3.4915e-08)
(-10 -2.15657e-06 -2.03676e-08)
(-10 -2.27355e-06 -1.75724e-08)
(-10 -2.35358e-06 -1.72913e-08)
(-10 -2.38423e-06 -1.16997e-08)
(-10 -2.3827e-06 -2.025e-08)
(-10 -2.34005e-06 -1.65286e-08)
(-10 -2.23041e-06 -8.85944e-09)
(-10 -2.03277e-06 -6.3695e-09)
(-10 -1.75923e-06 -1.17254e-08)
(-10 -1.35495e-06 -1.29752e-08)
(-10 -7.87024e-07 3.1985e-09)
(-10 -5.84979e-08 9.43466e-10)
(-10 9.02769e-07 -6.21435e-09)
(-10 2.12675e-06 -6.47072e-09)
(-10 4.41865e-06 -3.60752e-09)
(-10 -4.30355e-07 4.93314e-10)
(-10 -2.22161e-06 -2.6508e-08)
(-10 -2.33416e-06 -2.88108e-08)
(-10 -2.41546e-06 -1.22655e-08)
(-10 -2.44835e-06 -4.07339e-09)
(-10 -2.48003e-06 -1.58601e-08)
(-10 -2.47901e-06 -6.64695e-09)
(-10 -2.43366e-06 -5.2974e-09)
(-10 -2.30375e-06 -6.34871e-09)
(-10 -2.13152e-06 -1.04398e-08)
(-10 -1.83385e-06 -2.47475e-09)
(-10 -1.4186e-06 -5.17301e-09)
(-10 -8.47973e-07 -1.04826e-08)
(-10 -9.6446e-08 -6.752e-09)
(-10 8.82486e-07 -3.15356e-09)
(-10 2.1306e-06 -1.77373e-09)
(-10 4.46469e-06 -1.22097e-09)
(-10 -4.5434e-07 1.61517e-10)
(-10 -2.46569e-06 -1.13999e-08)
(-10 -2.55161e-06 -5.83072e-09)
(-10 -2.56299e-06 -2.40882e-08)
(-10 -2.53424e-06 -2.66228e-08)
(-10 -2.54261e-06 -4.96526e-09)
(-10 -2.55247e-06 -1.14754e-08)
(-10 -2.49711e-06 -1.4597e-08)
(-10 -2.37741e-06 -1.34361e-08)
(-10 -2.20075e-06 -5.30765e-09)
(-10 -1.89179e-06 -1.14323e-08)
(-10 -1.47414e-06 -1.10049e-08)
(-10 -8.93034e-07 1.02881e-09)
(-10 -1.32211e-07 3.32323e-10)
(-10 8.57919e-07 -4.01797e-09)
(-10 2.11862e-06 -3.33638e-09)
(-10 4.47503e-06 -1.67773e-09)
(-10 -4.63534e-07 1.61073e-09)
(-10 -2.571e-06 -4.07121e-08)
(-10 -2.65623e-06 -1.426e-07)
(-10 -2.62344e-06 -6.63835e-08)
(-10 -2.60599e-06 -1.55604e-08)
(-10 -2.60296e-06 5.17654e-10)
(-10 -2.59225e-06 1.90258e-09)
(-10 -2.56593e-06 3.91976e-09)
(-10 -2.42186e-06 -6.88485e-09)
(-10 -2.24447e-06 -1.62158e-08)
(-10 -1.93928e-06 -7.61347e-09)
(-10 -1.50786e-06 -2.80776e-09)
(-10 -9.26046e-07 -4.97702e-09)
(-10 -1.62872e-07 -7.35861e-09)
(-10 8.3031e-07 -1.96119e-09)
(-10 2.09433e-06 -5.36791e-10)
(-10 4.45102e-06 9.84797e-10)
(-10 -4.66403e-07 -7.99349e-10)
(-10 -2.52516e-06 -1.21433e-07)
(-10 -2.55153e-06 -1.13854e-07)
(-10 -2.63765e-06 -6.85437e-08)
(-10 -2.65355e-06 -6.19525e-10)
(-10 -2.6556e-06 1.2998e-08)
(-10 -2.57858e-06 -1.12878e-08)
(-10 -2.46504e-06 -1.62729e-08)
(-10 -2.26278e-06 -5.14506e-09)
(-10 -1.95127e-06 -1.01933e-08)
(-10 -1.52837e-06 -8.81087e-09)
(-10 -9.50627e-07 9.18878e-10)
(-10 -1.85192e-07 1.17196e-09)
(-10 8.01804e-07 -1.94561e-09)
(-10 2.05646e-06 -1.59716e-09)
(-10 4.39149e-06 8.3331e-10)
(-10 -4.57811e-07 2.73147e-10)
(-10 -2.41736e-06 -1.59339e-07)
(-10 -2.48243e-06 -9.62723e-08)
(-10 -2.62378e-06 -5.73262e-08)
(-10 -2.6824e-06 -2.53838e-08)
(-10 -2.64463e-06 2.16941e-08)
(-10 -2.60107e-06 1.58746e-08)
(-10 -2.45317e-06 -7.45244e-09)
(-10 -2.25819e-06 -2.0148e-08)
(-10 -1.95918e-06 -7.65414e-09)
(-10 -1.52596e-06 1.52467e-09)
(-10 -9.52466e-07 -2.06437e-09)
(-10 -2.02398e-07 -4.79853e-09)
(-10 7.69625e-07 1.48307e-09)
(-10 2.00459e-06 2.90824e-09)
(-10 4.29959e-06 3.42756e-09)
(-10 -4.5282e-07 -8.09975e-10)
(-10 -2.30124e-06 -8.12675e-08)
(-10 -2.46477e-06 -2.983e-08)
(-10 -2.59447e-06 -1.71964e-08)
(-10 -2.646e-06 2.29734e-08)
(-10 -2.63947e-06 -2.47929e-09)
(-10 -2.55828e-06 -1.22323e-08)
(-10 -2.43529e-06 -1.74493e-08)
(-10 -2.22813e-06 -8.76876e-09)
(-10 -1.92049e-06 -5.52406e-09)
(-10 -1.51053e-06 -4.77575e-09)
(-10 -9.50985e-07 3.40907e-09)
(-10 -2.10827e-07 4.77215e-09)
(-10 7.37714e-07 2.56036e-09)
(-10 1.94037e-06 2.76676e-09)
(-10 4.17245e-06 3.68065e-09)
(-10 -4.34059e-07 8.8548e-10)
(-10 -2.26693e-06 -3.536e-08)
(-10 -2.46785e-06 1.87559e-08)
(-10 -2.55303e-06 -1.25411e-09)
(-10 -2.58159e-06 -5.04707e-09)
(-10 -2.55747e-06 1.26189e-08)
(-10 -2.5026e-06 1.72777e-08)
(-10 -2.36649e-06 -1.86932e-09)
(-10 -2.16632e-06 -1.89808e-08)
(-10 -1.88238e-06 -4.42082e-09)
(-10 -1.46954e-06 4.53981e-09)
(-10 -9.23856e-07 2.64151e-09)
(-10 -2.15413e-07 5.37072e-10)
(-10 6.98521e-07 7.96058e-09)
(-10 1.86003e-06 9.05479e-09)
(-10 4.01393e-06 6.24764e-09)
(-10 -4.17641e-07 -6.18988e-10)
(-10 -2.24003e-06 1.91032e-08)
(-10 -2.43079e-06 1.12196e-08)
(-10 -2.45373e-06 8.32386e-09)
(-10 -2.47753e-06 2.08702e-08)
(-10 -2.47669e-06 2.69686e-09)
(-10 -2.40345e-06 -6.66404e-09)
(-10 -2.28378e-06 -1.33712e-08)
(-10 -2.08824e-06 -6.36864e-09)
(-10 -1.79953e-06 -2.83479e-09)
(-10 -1.41828e-06 -2.30556e-10)
(-10 -8.99122e-07 8.57518e-09)
(-10 -2.15721e-07 9.66522e-09)
(-10 6.5882e-07 8.872e-09)
(-10 1.76764e-06 8.28218e-09)
(-10 3.82337e-06 6.98601e-09)
(-10 -3.94154e-07 7.04067e-10)
(-10 -2.18822e-06 1.55993e-08)
(-10 -2.3253e-06 2.44323e-08)
(-10 -2.3523e-06 7.9574e-09)
(-10 -2.36956e-06 -8.45272e-09)
(-10 -2.34862e-06 2.66714e-09)
(-10 -2.29013e-06 2.79134e-08)
(-10 -2.16483e-06 5.49131e-09)
(-10 -1.98069e-06 -1.15038e-08)
(-10 -1.72437e-06 2.98788e-09)
(-10 -1.34687e-06 7.19544e-09)
(-10 -8.53047e-07 2.64437e-09)
(-10 -2.17043e-07 4.55881e-09)
(-10 6.06785e-07 1.33759e-08)
(-10 1.6567e-06 1.393e-08)
(-10 3.60249e-06 9.41074e-09)
(-10 -3.68679e-07 -7.64757e-10)
(-10 -2.05768e-06 2.34495e-08)
(-10 -2.217e-06 -2.67174e-09)
(-10 -2.21631e-06 -1.2203e-08)
(-10 -2.22834e-06 3.88045e-09)
(-10 -2.21101e-06 1.29433e-08)
(-10 -2.14459e-06 2.75255e-09)
(-10 -2.03781e-06 -4.6275e-09)
(-10 -1.86595e-06 5.72098e-10)
(-10 -1.60689e-06 4.95842e-09)
(-10 -1.27101e-06 4.29534e-10)
(-10 -8.16554e-07 1.32626e-08)
(-10 -2.16363e-07 1.10287e-08)
(-10 5.53336e-07 1.33707e-08)
(-10 1.53765e-06 1.40661e-08)
(-10 3.35266e-06 1.05149e-08)
(-10 -3.40348e-07 1.02992e-09)
(-10 -1.92552e-06 -5.01701e-09)
(-10 -2.04212e-06 -4.92335e-09)
(-10 -2.05866e-06 -2.06066e-09)
(-10 -2.06634e-06 -3.22403e-09)
(-10 -2.04276e-06 8.25613e-09)
(-10 -1.98819e-06 1.7309e-08)
(-10 -1.88109e-06 5.04148e-09)
(-10 -1.72527e-06 -3.23029e-09)
(-10 -1.50411e-06 9.77029e-09)
(-10 -1.18064e-06 9.40236e-09)
(-10 -7.5842e-07 6.90049e-09)
(-10 -2.19415e-07 3.92019e-09)
(-10 4.89689e-07 1.51889e-08)
(-10 1.39682e-06 1.69238e-08)
(-10 3.075e-06 1.32368e-08)
(-10 -3.08808e-07 2.47292e-10)
(-10 -1.77242e-06 -1.03149e-08)
(-10 -1.85524e-06 -1.38815e-08)
(-10 -1.86719e-06 -1.15016e-08)
(-10 -1.8778e-06 1.64945e-08)
(-10 -1.86008e-06 7.29586e-09)
(-10 -1.80562e-06 1.97778e-09)
(-10 -1.72295e-06 -2.31686e-09)
(-10 -1.5791e-06 2.70628e-09)
(-10 -1.36053e-06 1.14345e-08)
(-10 -1.08368e-06 5.67741e-09)
(-10 -7.16118e-07 1.82589e-08)
(-10 -2.08333e-07 1.44699e-08)
(-10 4.22681e-07 7.70842e-09)
(-10 1.25377e-06 1.30559e-08)
(-10 2.77172e-06 1.50784e-08)
(-10 -2.74282e-07 2.61576e-09)
(-10 -1.57309e-06 -3.28153e-08)
(-10 -1.64117e-06 -2.51452e-08)
(-10 -1.66655e-06 -5.9972e-09)
(-10 -1.66995e-06 -1.0943e-09)
(-10 -1.6526e-06 1.14706e-08)
(-10 -1.61626e-06 1.69373e-08)
(-10 -1.53347e-06 1.00695e-08)
(-10 -1.40717e-06 2.71845e-09)
(-10 -1.2325e-06 6.56442e-09)
(-10 -9.78357e-07 1.00066e-08)
(-10 -6.41072e-07 6.11228e-09)
(-10 -2.14398e-07 -9.65444e-10)
(-10 3.61306e-07 1.38284e-08)
(-10 1.09452e-06 1.79477e-08)
(-10 2.44504e-06 1.81752e-08)
(-10 -2.38337e-07 1.28131e-09)
(-10 -1.36552e-06 -2.58494e-08)
(-10 -1.42552e-06 -2.60923e-08)
(-10 -1.43301e-06 -1.75582e-08)
(-10 -1.44464e-06 1.24808e-08)
(-10 -1.43724e-06 1.10673e-08)
(-10 -1.40038e-06 7.62885e-09)
(-10 -1.33769e-06 7.28179e-09)
(-10 -1.23226e-06 2.25223e-08)
(-10 -1.0639e-06 9.73434e-09)
(-10 -8.58421e-07 5.83877e-09)
(-10 -5.83904e-07 1.26639e-08)
(-10 -1.94729e-07 1.16829e-08)
(-10 2.95393e-07 2.99317e-09)
(-10 9.35311e-07 6.00709e-09)
(-10 2.09783e-06 2.04598e-08)
(-10 -1.96624e-07 3.25038e-09)
(-10 -1.11985e-06 -3.55467e-08)
(-10 -1.16662e-06 -2.79004e-08)
(-10 -1.19523e-06 -8.13141e-09)
(-10 -1.20521e-06 -3.35879e-10)
(-10 -1.19749e-06 1.09755e-08)
(-10 -1.17264e-06 2.12813e-08)
(-10 -1.11444e-06 1.92847e-08)
(-10 -1.02886e-06 1.08519e-08)
(-10 -9.03901e-07 1.71314e-08)
(-10 -7.29407e-07 1.0191e-08)
(-10 -4.88398e-07 -6.2845e-10)
(-10 -1.80798e-07 -6.56254e-09)
(-10 2.30138e-07 4.1877e-09)
(-10 7.62844e-07 1.03135e-08)
(-10 1.73522e-06 2.38933e-08)
(-10 -1.55792e-07 -5.86954e-10)
(-10 -8.8466e-07 -1.68368e-08)
(-10 -9.16698e-07 -1.69077e-08)
(-10 -9.3003e-07 -9.7685e-09)
(-10 -9.4525e-07 1.03221e-08)
(-10 -9.4854e-07 1.81855e-08)
(-10 -9.19027e-07 1.37594e-08)
(-10 -8.87105e-07 1.93294e-08)
(-10 -8.11967e-07 2.72016e-08)
(-10 -7.11386e-07 1.13593e-08)
(-10 -5.81622e-07 4.0219e-09)
(-10 -4.00343e-07 1.0025e-09)
(-10 -1.48915e-07 -2.25494e-09)
(-10 1.71922e-07 -1.86102e-09)
(-10 5.83171e-07 5.61022e-09)
(-10 1.34994e-06 2.73073e-08)
(-10 -1.03317e-07 -1.96805e-09)
(-10 -5.72385e-07 -2.70082e-08)
(-10 -6.04755e-07 -2.31384e-08)
(-10 -6.34481e-07 -9.45262e-09)
(-10 -6.558e-07 5.00027e-10)
(-10 -6.50221e-07 8.5013e-09)
(-10 -6.44284e-07 2.12405e-08)
(-10 -6.10244e-07 2.28392e-08)
(-10 -5.70326e-07 9.87283e-09)
(-10 -5.06707e-07 1.35577e-08)
(-10 -4.08454e-07 6.98506e-09)
(-10 -2.77787e-07 -1.35098e-08)
(-10 -1.10529e-07 -1.33996e-08)
(-10 1.09149e-07 2.12787e-09)
(-10 3.85058e-07 6.36744e-09)
(-10 9.87806e-07 3.00872e-08)
(-10 -5.25983e-08 -3.62206e-09)
(-10 -3.2986e-07 -1.7255e-08)
(-10 -3.64968e-07 -1.18564e-08)
(-10 -3.82236e-07 -1.08789e-08)
(-10 -3.87628e-07 4.96329e-09)
(-10 -3.96669e-07 1.72374e-08)
(-10 -3.82168e-07 1.77166e-08)
(-10 -3.75689e-07 1.66346e-08)
(-10 -3.40117e-07 2.23874e-08)
(-10 -3.01997e-07 1.07213e-08)
(-10 -2.50194e-07 3.46266e-09)
(-10 -1.72785e-07 -1.04588e-08)
(-10 -6.77597e-08 -6.23392e-09)
(-10 5.90592e-08 4.04628e-10)
(-10 2.00468e-07 1.60108e-09)
(-10 6.59215e-07 3.0139e-08)
(-10 -6.40195e-09 -3.27468e-09)
(-10 -1.02072e-07 -2.36063e-08)
(-10 -1.12886e-07 -1.20125e-08)
(-10 -1.20315e-07 -3.12665e-09)
(-10 -1.25664e-07 5.90727e-09)
(-10 -1.25054e-07 9.4322e-09)
(-10 -1.27589e-07 1.89242e-08)
(-10 -1.2e-07 2.57971e-08)
(-10 -1.145e-07 2.5702e-08)
(-10 -1.06861e-07 1.42987e-08)
(-10 -8.86064e-08 9.0088e-09)
(-10 -6.36598e-08 -7.52222e-09)
(-10 -3.48041e-08 -9.6351e-09)
(-10 1.71914e-09 -3.4091e-09)
(-10 4.05093e-08 6.50692e-10)
(-10 2.06902e-07 3.28133e-08)
(-10 2.00355e-08 -1.81033e-09)
(-10 -3.10983e-07 1.15411e-08)
(-10 2.58022e-07 1.91082e-09)
(-10 1.00031e-06 2.9305e-08)
(-10 1.96426e-06 -3.39421e-09)
(-10 3.6109e-06 -1.28369e-08)
(-10 -2.1648e-07 1.83538e-10)
(-10 -1.54993e-06 1.40667e-08)
(-10 -1.61278e-06 8.84859e-09)
(-10 -1.65253e-06 2.97393e-09)
(-10 -1.69194e-06 -6.50019e-09)
(-10 -1.71805e-06 -1.01568e-08)
(-10 -1.71151e-06 -7.88968e-09)
(-10 -1.66901e-06 -6.70252e-09)
(-10 -1.57868e-06 -8.40532e-09)
(-10 -1.3939e-06 -1.57293e-08)
(-10 -1.17355e-06 1.53974e-08)
(-10 -8.80729e-07 -6.01436e-09)
(-10 -4.11245e-07 9.46823e-09)
(-10 2.29993e-07 5.37678e-08)
(-10 1.00298e-06 8.85712e-09)
(-10 1.97835e-06 -2.45837e-09)
(-10 3.80301e-06 -6.72635e-09)
(-10 -2.81724e-07 -1.62312e-09)
(-10 -1.66271e-06 1.00251e-08)
(-10 -1.70087e-06 9.9967e-09)
(-10 -1.79781e-06 2.59339e-09)
(-10 -1.85378e-06 -6.06874e-09)
(-10 -1.88663e-06 -1.21598e-08)
(-10 -1.88396e-06 -1.51493e-08)
(-10 -1.83581e-06 -1.17189e-08)
(-10 -1.72374e-06 1.83481e-09)
(-10 -1.5659e-06 -1.34274e-09)
(-10 -1.33159e-06 -4.47644e-09)
(-10 -9.8561e-07 2.56042e-08)
(-10 -4.87343e-07 1.57165e-08)
(-10 1.55009e-07 9.48134e-09)
(-10 9.52441e-07 5.60451e-09)
(-10 2.01992e-06 -8.48949e-10)
(-10 3.96782e-06 -9.3295e-09)
(-10 -3.02687e-07 -2.63876e-09)
(-10 -1.73518e-06 -3.17606e-09)
(-10 -1.8139e-06 -6.15103e-09)
(-10 -1.91026e-06 -1.27688e-08)
(-10 -1.9799e-06 -1.65382e-08)
(-10 -2.02135e-06 -2.15403e-08)
(-10 -2.02467e-06 -2.00317e-08)
(-10 -1.97552e-06 -1.10364e-08)
(-10 -1.87147e-06 -1.51693e-08)
(-10 -1.69388e-06 -1.26459e-08)
(-10 -1.44807e-06 1.44103e-08)
(-10 -1.09027e-06 1.50002e-10)
(-10 -5.79224e-07 -2.08168e-09)
(-10 8.78607e-08 3.40536e-08)
(-10 9.49962e-07 8.32621e-09)
(-10 2.0546e-06 1.65728e-10)
(-10 4.11237e-06 -4.54491e-09)
(-10 -3.2159e-07 -1.33175e-09)
(-10 -1.79767e-06 -2.74702e-10)
(-10 -1.88315e-06 -2.85127e-09)
(-10 -2.00627e-06 -9.31371e-09)
(-10 -2.08509e-06 -1.42078e-08)
(-10 -2.134e-06 -1.54411e-08)
(-10 -2.14108e-06 -1.91792e-08)
(-10 -2.09754e-06 -1.41577e-08)
(-10 -1.99074e-06 7.16682e-09)
(-10 -1.81811e-06 -3.77392e-09)
(-10 -1.55663e-06 -6.28661e-09)
(-10 -1.17788e-06 2.04357e-08)
(-10 -6.49616e-07 4.51268e-09)
(-10 4.53053e-08 -7.22749e-09)
(-10 9.15825e-07 -1.17965e-09)
(-10 2.08861e-06 1.99064e-09)
(-10 4.23815e-06 -5.89213e-09)
(-10 -3.46473e-07 -2.5554e-09)
(-10 -1.90332e-06 -8.14321e-09)
(-10 -2.00971e-06 -1.21599e-08)
(-10 -2.12728e-06 -1.32814e-08)
(-10 -2.20372e-06 -1.15017e-08)
(-10 -2.25207e-06 -1.32637e-08)
(-10 -2.25898e-06 -1.00795e-08)
(-10 -2.21626e-06 -1.94972e-09)
(-10 -2.11077e-06 -7.82398e-09)
(-10 -1.92889e-06 -9.89066e-09)
(-10 -1.66274e-06 -4.54236e-10)
(-10 -1.26551e-06 -4.85377e-09)
(-10 -7.2966e-07 -6.74632e-09)
(-10 -1.80777e-08 2.0802e-08)
(-10 9.15974e-07 3.11934e-09)
(-10 2.10744e-06 -1.20748e-09)
(-10 4.34011e-06 -2.27282e-09)
(-10 -3.63526e-07 -1.22483e-09)
(-10 -2.03705e-06 -6.86479e-09)
(-10 -2.16044e-06 -1.27777e-08)
(-10 -2.2616e-06 -1.15451e-08)
(-10 -2.32465e-06 -1.04838e-08)
(-10 -2.363e-06 -6.68691e-09)
(-10 -2.36763e-06 -1.15985e-08)
(-10 -2.32576e-06 -7.3356e-09)
(-10 -2.2127e-06 5.15121e-09)
(-10 -2.03169e-06 -3.10591e-09)
(-10 -1.74689e-06 -5.20389e-09)
(-10 -1.34462e-06 1.77847e-08)
(-10 -7.90006e-07 2.37837e-09)
(-10 -5.59527e-08 -1.93027e-08)
(-10 8.90851e-07 -4.64057e-09)
(-10 2.12252e-06 3.10253e-09)
(-10 4.41481e-06 -3.47644e-09)
(-10 -3.80198e-07 -6.81585e-10)
(-10 -2.21585e-06 -1.90559e-08)
(-10 -2.31765e-06 -2.84665e-08)
(-10 -2.39546e-06 -1.25311e-08)
(-10 -2.43773e-06 -2.29622e-09)
(-10 -2.46406e-06 -3.75758e-09)
(-10 -2.46211e-06 -2.04728e-09)
(-10 -2.41539e-06 -1.33074e-09)
(-10 -2.30523e-06 -1.00792e-08)
(-10 -2.11692e-06 -3.22092e-09)
(-10 -1.81851e-06 -3.94418e-09)
(-10 -1.41929e-06 -1.88518e-08)
(-10 -8.46037e-07 -9.87563e-09)
(-10 -1.0342e-07 1.79243e-08)
(-10 8.77374e-07 9.2779e-10)
(-10 2.12385e-06 -2.75911e-09)
(-10 4.45856e-06 -1.24191e-09)
(-10 -3.91657e-07 -4.19452e-10)
(-10 -2.42627e-06 -2.52271e-08)
(-10 -2.58642e-06 -1.85314e-08)
(-10 -2.55887e-06 -9.52513e-09)
(-10 -2.50218e-06 -1.31111e-08)
(-10 -2.53166e-06 -2.06653e-09)
(-10 -2.53327e-06 -3.72412e-09)
(-10 -2.48679e-06 -5.94094e-09)
(-10 -2.37306e-06 -3.71133e-09)
(-10 -2.18181e-06 -6.86056e-09)
(-10 -1.88283e-06 -7.77922e-09)
(-10 -1.47209e-06 1.90425e-08)
(-10 -8.88428e-07 1.64742e-09)
(-10 -1.38678e-07 -2.27502e-08)
(-10 8.52072e-07 -5.76595e-09)
(-10 2.11218e-06 1.03365e-09)
(-10 4.469e-06 -2.51356e-09)
(-10 -3.98763e-07 1.26096e-09)
(-10 -2.55663e-06 -3.95848e-08)
(-10 -2.6673e-06 -6.63566e-08)
(-10 -2.68349e-06 -4.13363e-08)
(-10 -2.63149e-06 -1.26463e-08)
(-10 -2.60247e-06 -3.72969e-09)
(-10 -2.56489e-06 -3.24959e-09)
(-10 -2.52705e-06 -6.69184e-09)
(-10 -2.4308e-06 -1.06873e-08)
(-10 -2.22912e-06 -6.48736e-09)
(-10 -1.92518e-06 -3.49228e-09)
(-10 -1.50678e-06 -2.88109e-08)
(-10 -9.2712e-07 -1.04114e-08)
(-10 -1.66663e-07 1.79292e-08)
(-10 8.27114e-07 1.11614e-09)
(-10 2.09116e-06 -3.18575e-09)
(-10 4.44556e-06 5.84395e-10)
(-10 -4.04461e-07 -1.42562e-09)
(-10 -2.51287e-06 -5.31186e-08)
(-10 -2.5082e-06 -7.30659e-08)
(-10 -2.57724e-06 -7.04099e-08)
(-10 -2.64238e-06 -6.34519e-08)
(-10 -2.66067e-06 -1.33706e-08)
(-10 -2.61042e-06 1.05296e-09)
(-10 -2.57093e-06 -1.46885e-08)
(-10 -2.45095e-06 -5.70429e-09)
(-10 -2.25119e-06 -1.10396e-08)
(-10 -1.94506e-06 -9.79474e-09)
(-10 -1.53023e-06 2.00156e-08)
(-10 -9.4155e-07 1.88634e-09)
(-10 -1.89259e-07 -2.22022e-08)
(-10 7.9934e-07 -4.64493e-09)
(-10 2.05132e-06 1.58453e-09)
(-10 4.38659e-06 2.76566e-10)
(-10 -4.01662e-07 -3.36023e-11)
(-10 -2.40104e-06 -8.74027e-08)
(-10 -2.44845e-06 -1.02358e-07)
(-10 -2.52846e-06 -7.37231e-08)
(-10 -2.65708e-06 -1.91149e-08)
(-10 -2.66093e-06 1.29893e-08)
(-10 -2.57352e-06 -1.0718e-08)
(-10 -2.45904e-06 -1.96811e-08)
(-10 -2.25013e-06 -5.77103e-09)
(-10 -1.94664e-06 -3.68341e-09)
(-10 -1.52532e-06 -1.88777e-08)
(-10 -9.56003e-07 -9.78117e-09)
(-10 -2.02124e-07 2.00248e-08)
(-10 7.7038e-07 3.14492e-09)
(-10 2.00513e-06 3.04759e-10)
(-10 4.29527e-06 3.96136e-09)
(-10 -4.00018e-07 9.69197e-11)
(-10 -2.29686e-06 -1.03058e-07)
(-10 -2.36503e-06 -9.65169e-08)
(-10 -2.46391e-06 -6.8559e-08)
(-10 -2.63485e-06 -7.6535e-10)
(-10 -2.64003e-06 8.9428e-09)
(-10 -2.55512e-06 -1.63406e-08)
(-10 -2.42553e-06 -1.3541e-08)
(-10 -2.21904e-06 -8.81286e-09)
(-10 -1.92097e-06 -9.14916e-09)
(-10 -1.50968e-06 1.70164e-08)
(-10 -9.40789e-07 4.27209e-09)
(-10 -2.07187e-07 -1.63178e-08)
(-10 7.38255e-07 -1.40604e-09)
(-10 1.93601e-06 4.96921e-09)
(-10 4.16883e-06 1.6319e-09)
(-10 -3.87352e-07 3.83957e-09)
(-10 -2.21587e-06 -8.79524e-08)
(-10 -2.39861e-06 -6.18786e-08)
(-10 -2.51278e-06 -1.71613e-08)
(-10 -2.5809e-06 4.42487e-09)
(-10 -2.56267e-06 3.02186e-09)
(-10 -2.49107e-06 -4.98158e-09)
(-10 -2.36456e-06 -1.84196e-08)
(-10 -2.16594e-06 -8.18739e-09)
(-10 -1.87121e-06 -3.55531e-09)
(-10 -1.46565e-06 -1.22915e-08)
(-10 -9.23455e-07 -7.29962e-09)
(-10 -2.11532e-07 2.21209e-08)
(-10 7.02982e-07 5.98038e-09)
(-10 1.86348e-06 3.46172e-09)
(-10 4.01207e-06 5.21321e-09)
(-10 -3.79808e-07 1.28133e-09)
(-10 -2.14728e-06 -2.01045e-08)
(-10 -2.40417e-06 -8.77896e-09)
(-10 -2.45708e-06 -1.67648e-08)
(-10 -2.48137e-06 -5.29505e-09)
(-10 -2.46452e-06 -6.68286e-09)
(-10 -2.39947e-06 -1.32529e-08)
(-10 -2.27622e-06 -7.45131e-09)
(-10 -2.08161e-06 -3.90726e-09)
(-10 -1.80443e-06 -7.01017e-09)
(-10 -1.41262e-06 2.1259e-08)
(-10 -8.83775e-07 8.14026e-09)
(-10 -2.08885e-07 -7.38892e-09)
(-10 6.59722e-07 1.94181e-09)
(-10 1.76218e-06 6.91655e-09)
(-10 3.82113e-06 2.86344e-09)
(-10 -3.58676e-07 6.20878e-09)
(-10 -2.15734e-06 -1.29289e-08)
(-10 -2.34852e-06 -7.52611e-09)
(-10 -2.34378e-06 -1.08328e-08)
(-10 -2.36411e-06 -6.7964e-09)
(-10 -2.3454e-06 -3.25747e-09)
(-10 -2.28117e-06 -6.14143e-09)
(-10 -2.16303e-06 -1.28608e-08)
(-10 -1.98273e-06 -5.90833e-09)
(-10 -1.71027e-06 7.41733e-09)
(-10 -1.33923e-06 -1.02048e-08)
(-10 -8.53431e-07 -2.25041e-09)
(-10 -2.12516e-07 2.21819e-08)
(-10 6.08629e-07 9.71553e-09)
(-10 1.66038e-06 3.62343e-09)
(-10 3.60289e-06 6.83352e-09)
(-10 -3.47424e-07 2.23794e-09)
(-10 -2.07531e-06 -5.57383e-09)
(-10 -2.21918e-06 -7.83832e-09)
(-10 -2.2201e-06 -1.26176e-08)
(-10 -2.22837e-06 -1.0785e-08)
(-10 -2.20442e-06 -1.0045e-08)
(-10 -2.13963e-06 -9.23293e-09)
(-10 -2.02931e-06 -1.50102e-09)
(-10 -1.85569e-06 -2.86476e-09)
(-10 -1.60828e-06 -4.78246e-09)
(-10 -1.2626e-06 1.79431e-08)
(-10 -8.01059e-07 1.00898e-08)
(-10 -2.14687e-07 -2.73664e-09)
(-10 5.56668e-07 2.4004e-09)
(-10 1.5241e-06 8.28273e-09)
(-10 3.35247e-06 4.9203e-09)
(-10 -3.20161e-07 7.48663e-09)
(-10 -1.94074e-06 -2.51555e-08)
(-10 -2.05068e-06 -2.32198e-08)
(-10 -2.05374e-06 -1.58551e-08)
(-10 -2.06425e-06 -1.19039e-08)
(-10 -2.03786e-06 -9.51615e-09)
(-10 -1.97894e-06 -9.36475e-09)
(-10 -1.87784e-06 -9.68968e-09)
(-10 -1.71968e-06 -5.11189e-09)
(-10 -1.48532e-06 1.34646e-08)
(-10 -1.17419e-06 -6.77087e-10)
(-10 -7.64411e-07 -1.6383e-09)
(-10 -2.17127e-07 6.30371e-09)
(-10 4.84036e-07 1.0857e-08)
(-10 1.40143e-06 4.09782e-09)
(-10 3.07804e-06 9.01933e-09)
(-10 -3.06265e-07 3.84491e-09)
(-10 -1.76977e-06 -2.64227e-08)
(-10 -1.85508e-06 -2.6239e-08)
(-10 -1.87159e-06 -2.1353e-08)
(-10 -1.87425e-06 -1.42602e-08)
(-10 -1.85345e-06 -9.67364e-09)
(-10 -1.80138e-06 -1.14703e-08)
(-10 -1.70995e-06 3.85921e-09)
(-10 -1.56299e-06 -2.43055e-09)
(-10 -1.36231e-06 -6.31918e-09)
(-10 -1.08113e-06 2.00122e-09)
(-10 -7.02579e-07 9.08925e-09)
(-10 -2.21227e-07 -4.2529e-09)
(-10 4.29497e-07 -6.58904e-10)
(-10 1.23806e-06 5.82748e-09)
(-10 2.77314e-06 8.49148e-09)
(-10 -2.68206e-07 5.44671e-09)
(-10 -1.57715e-06 -4.47938e-08)
(-10 -1.64641e-06 -3.87046e-08)
(-10 -1.657e-06 -2.5702e-08)
(-10 -1.66489e-06 -1.91798e-08)
(-10 -1.64785e-06 -1.34536e-08)
(-10 -1.60584e-06 -9.38629e-09)
(-10 -1.52529e-06 -1.28305e-08)
(-10 -1.40225e-06 -7.8728e-09)
(-10 -1.21577e-06 1.7695e-08)
(-10 -9.737e-07 -3.05102e-09)
(-10 -6.54338e-07 -3.646e-09)
(-10 -2.09157e-07 4.78208e-09)
(-10 3.46907e-07 7.12767e-09)
(-10 1.09934e-06 1.55935e-09)
(-10 2.44891e-06 1.14828e-08)
(-10 -2.45734e-07 5.68104e-09)
(-10 -1.3517e-06 -4.35777e-08)
(-10 -1.40939e-06 -4.13118e-08)
(-10 -1.43198e-06 -3.41565e-08)
(-10 -1.43772e-06 -2.25497e-08)
(-10 -1.42833e-06 -1.62422e-08)
(-10 -1.39411e-06 -1.6238e-08)
(-10 -1.32673e-06 -9.03205e-09)
(-10 -1.21859e-06 8.47982e-09)
(-10 -1.06931e-06 -5.28434e-09)
(-10 -8.58566e-07 1.03402e-08)
(-10 -5.76751e-07 -1.56396e-09)
(-10 -2.04179e-07 -9.32749e-09)
(-10 2.9537e-07 -1.45645e-10)
(-10 9.23494e-07 1.14551e-09)
(-10 2.09901e-06 1.14313e-08)
(-10 -1.92149e-07 6.5149e-09)
(-10 -1.11157e-06 -5.39034e-08)
(-10 -1.16075e-06 -4.63496e-08)
(-10 -1.17978e-06 -3.40235e-08)
(-10 -1.19557e-06 -2.60332e-08)
(-10 -1.19074e-06 -1.90716e-08)
(-10 -1.16407e-06 -1.01613e-08)
(-10 -1.11018e-06 -6.13501e-09)
(-10 -1.02052e-06 -5.89647e-09)
(-10 -8.97372e-07 1.44359e-08)
(-10 -7.29821e-07 -4.23919e-09)
(-10 -4.9818e-07 -1.47275e-08)
(-10 -1.80621e-07 -4.47896e-09)
(-10 2.24687e-07 -2.17983e-09)
(-10 7.67961e-07 -8.452e-10)
(-10 1.73935e-06 1.39204e-08)
(-10 -1.64921e-07 8.55098e-09)
(-10 -8.65467e-07 -4.77881e-08)
(-10 -8.97603e-07 -4.84259e-08)
(-10 -9.29387e-07 -3.69285e-08)
(-10 -9.3981e-07 -2.71364e-08)
(-10 -9.43255e-07 -2.12204e-08)
(-10 -9.18462e-07 -1.66604e-08)
(-10 -8.76367e-07 6.17247e-09)
(-10 -8.11443e-07 9.58907e-09)
(-10 -7.19579e-07 -9.5278e-10)
(-10 -5.83838e-07 1.26967e-09)
(-10 -3.95855e-07 -5.43422e-09)
(-10 -1.49688e-07 -1.50143e-08)
(-10 1.68478e-07 -1.02958e-08)
(-10 5.76892e-07 -1.68884e-09)
(-10 1.35062e-06 1.42593e-08)
(-10 -9.72574e-08 9.72149e-09)
(-10 -5.63966e-07 -4.75598e-08)
(-10 -5.94852e-07 -4.67596e-08)
(-10 -6.20864e-07 -4.24456e-08)
(-10 -6.45627e-07 -2.82247e-08)
(-10 -6.43606e-07 -2.47352e-08)
(-10 -6.39321e-07 -1.66942e-08)
(-10 -6.1006e-07 2.73201e-11)
(-10 -5.68332e-07 -4.01303e-09)
(-10 -5.04604e-07 5.43712e-09)
(-10 -4.10846e-07 -9.7286e-09)
(-10 -2.84214e-07 -1.7411e-08)
(-10 -1.12083e-07 -1.1482e-08)
(-10 1.11847e-07 -6.93154e-09)
(-10 3.8761e-07 -2.5205e-09)
(-10 9.95567e-07 1.49827e-08)
(-10 -6.07933e-08 1.04771e-08)
(-10 -3.11105e-07 -3.84484e-08)
(-10 -3.48967e-07 -3.82101e-08)
(-10 -3.74597e-07 -3.09194e-08)
(-10 -3.88512e-07 -2.47059e-08)
(-10 -3.89801e-07 -2.19846e-08)
(-10 -3.83553e-07 -1.91913e-09)
(-10 -3.67816e-07 8.97768e-10)
(-10 -3.48093e-07 9.66792e-09)
(-10 -3.09975e-07 7.05621e-10)
(-10 -2.51625e-07 -5.82661e-09)
(-10 -1.68923e-07 -1.03633e-08)
(-10 -6.47903e-08 -1.31757e-08)
(-10 5.78484e-08 -8.35895e-09)
(-10 1.98259e-07 -6.86089e-10)
(-10 6.61782e-07 1.5167e-08)
(-10 3.70134e-09 1.16004e-08)
(-10 -9.72923e-08 -5.21615e-08)
(-10 -1.09313e-07 -4.0539e-08)
(-10 -1.18298e-07 -3.41676e-08)
(-10 -1.26007e-07 -2.18612e-08)
(-10 -1.25135e-07 -1.39046e-08)
(-10 -1.26627e-07 -2.93667e-09)
(-10 -1.24899e-07 6.10141e-09)
(-10 -1.19441e-07 8.19024e-09)
(-10 -1.05962e-07 3.24625e-09)
(-10 -8.88789e-08 -6.11278e-09)
(-10 -6.66339e-08 -1.2404e-08)
(-10 -3.53399e-08 -1.1155e-08)
(-10 3.3108e-09 -6.49853e-09)
(-10 4.37379e-08 -2.62019e-09)
(-10 2.06277e-07 1.35129e-08)
(-10 1.37423e-08 1.13858e-08)
(-10 1.69205e-06 4.1375e-09)
(-10 3.35672e-06 -3.50154e-09)
(-10 -2.2309e-07 -4.12089e-09)
(-10 -1.15034e-06 3.17153e-08)
(-10 -1.19119e-06 3.55609e-08)
(-10 -1.28798e-06 2.51274e-08)
(-10 -1.3499e-06 2.1498e-08)
(-10 -1.40285e-06 1.86545e-08)
(-10 -1.42898e-06 1.57356e-08)
(-10 -1.42546e-06 1.85835e-08)
(-10 -1.37915e-06 2.29963e-08)
(-10 -1.27318e-06 2.54971e-08)
(-10 -1.09344e-06 1.43488e-08)
(-10 -8.05455e-07 -6.08533e-09)
(-10 -4.17425e-07 8.20262e-09)
(-10 9.04338e-08 1.46071e-08)
(-10 8.36048e-07 -4.8769e-09)
(-10 1.7459e-06 5.69344e-10)
(-10 3.53616e-06 -2.14042e-09)
(-10 -2.70521e-07 -2.86993e-09)
(-10 -1.18453e-06 3.60325e-08)
(-10 -1.26408e-06 2.59758e-08)
(-10 -1.36911e-06 2.3614e-08)
(-10 -1.46335e-06 1.97156e-08)
(-10 -1.53088e-06 1.76563e-08)
(-10 -1.56762e-06 1.50683e-08)
(-10 -1.56638e-06 1.31928e-08)
(-10 -1.5161e-06 9.63994e-09)
(-10 -1.40412e-06 9.74267e-09)
(-10 -1.22006e-06 2.14585e-08)
(-10 -9.39149e-07 1.07912e-08)
(-10 -5.26435e-07 2.98095e-09)
(-10 4.05154e-08 6.05924e-09)
(-10 7.66771e-07 2.96421e-09)
(-10 1.79062e-06 8.87965e-09)
(-10 3.6887e-06 -1.96136e-09)
(-10 -2.99608e-07 -4.71705e-09)
(-10 -1.24488e-06 1.8844e-08)
(-10 -1.33106e-06 1.72335e-08)
(-10 -1.46227e-06 1.40875e-08)
(-10 -1.56543e-06 1.27375e-08)
(-10 -1.64331e-06 9.70028e-09)
(-10 -1.68849e-06 5.84965e-09)
(-10 -1.6907e-06 5.67126e-09)
(-10 -1.64089e-06 1.29924e-08)
(-10 -1.52675e-06 1.19959e-08)
(-10 -1.33162e-06 6.97395e-09)
(-10 -1.03545e-06 3.76633e-09)
(-10 -6.02361e-07 6.91247e-09)
(-10 -5.73683e-09 9.99842e-09)
(-10 7.51496e-07 7.08393e-10)
(-10 1.81587e-06 -2.45451e-09)
(-10 3.82427e-06 -2.64033e-09)
(-10 -3.33309e-07 -2.70636e-10)
(-10 -1.26801e-06 2.3166e-08)
(-10 -1.37149e-06 1.46707e-08)
(-10 -1.52831e-06 1.13776e-08)
(-10 -1.642e-06 1.00558e-08)
(-10 -1.72967e-06 9.56791e-09)
(-10 -1.78362e-06 8.38433e-09)
(-10 -1.79257e-06 5.28364e-09)
(-10 -1.74596e-06 1.10283e-09)
(-10 -1.63322e-06 4.70387e-09)
(-10 -1.43014e-06 1.50204e-08)
(-10 -1.1264e-06 5.20566e-09)
(-10 -6.78716e-07 3.00663e-09)
(-10 -7.21647e-08 3.08415e-10)
(-10 7.5048e-07 2.74303e-09)
(-10 1.82891e-06 2.85211e-09)
(-10 3.94114e-06 -2.23719e-09)
(-10 -3.6407e-07 -3.14958e-09)
(-10 -1.35048e-06 9.48161e-09)
(-10 -1.46447e-06 7.74797e-09)
(-10 -1.63074e-06 7.38635e-09)
(-10 -1.74308e-06 6.87215e-09)
(-10 -1.83176e-06 5.77971e-09)
(-10 -1.88783e-06 2.91173e-09)
(-10 -1.89912e-06 2.11709e-09)
(-10 -1.85274e-06 8.16534e-09)
(-10 -1.73463e-06 7.42572e-09)
(-10 -1.52984e-06 -2.19569e-09)
(-10 -1.20972e-06 3.05939e-09)
(-10 -7.39675e-07 4.24174e-09)
(-10 -1.1894e-07 7.29799e-09)
(-10 7.24671e-07 6.26274e-10)
(-10 1.85264e-06 -7.74849e-10)
(-10 4.03652e-06 -1.74155e-09)
(-10 -3.9438e-07 -7.3493e-10)
(-10 -1.46288e-06 1.28447e-08)
(-10 -1.59613e-06 5.1329e-09)
(-10 -1.7476e-06 4.05624e-09)
(-10 -1.8504e-06 5.4301e-09)
(-10 -1.93e-06 6.06466e-09)
(-10 -1.98545e-06 5.81309e-09)
(-10 -1.99633e-06 4.3641e-09)
(-10 -1.94836e-06 4.12026e-09)
(-10 -1.83474e-06 2.284e-09)
(-10 -1.60982e-06 6.04944e-09)
(-10 -1.28679e-06 2.19031e-09)
(-10 -8.05177e-07 7.72913e-10)
(-10 -1.68164e-07 -3.25888e-09)
(-10 7.15542e-07 2.09252e-10)
(-10 1.86009e-06 -1.05893e-10)
(-10 4.10659e-06 -1.97317e-09)
(-10 -4.19939e-07 -1.38293e-10)
(-10 -1.60568e-06 -6.89726e-09)
(-10 -1.77007e-06 -4.02418e-09)
(-10 -1.87801e-06 -1.93862e-09)
(-10 -1.94936e-06 -5.688e-10)
(-10 -2.02336e-06 1.51931e-09)
(-10 -2.07267e-06 -8.87934e-10)
(-10 -2.0819e-06 -4.23249e-10)
(-10 -2.03314e-06 6.45263e-10)
(-10 -1.9015e-06 1.03191e-09)
(-10 -1.69411e-06 -4.23806e-09)
(-10 -1.35239e-06 -3.26047e-09)
(-10 -8.52023e-07 -1.91522e-10)
(-10 -2.09872e-07 8.7579e-09)
(-10 6.91992e-07 9.02194e-10)
(-10 1.86134e-06 -3.58479e-10)
(-10 4.14764e-06 -5.4273e-10)
(-10 -4.40007e-07 -8.92408e-10)
(-10 -1.8687e-06 5.39913e-09)
(-10 -2.00845e-06 -1.72981e-08)
(-10 -2.04546e-06 -6.20103e-09)
(-10 -2.04748e-06 -1.27217e-09)
(-10 -2.06108e-06 8.75069e-10)
(-10 -2.14e-06 -1.06325e-10)
(-10 -2.15254e-06 -1.59602e-09)
(-10 -2.09632e-06 -2.33915e-09)
(-10 -1.97043e-06 -3.05145e-09)
(-10 -1.75541e-06 3.63009e-09)
(-10 -1.40509e-06 -1.79891e-09)
(-10 -9.1153e-07 -2.10614e-09)
(-10 -2.35209e-07 -4.9313e-09)
(-10 6.70572e-07 3.06881e-09)
(-10 1.85176e-06 1.10067e-09)
(-10 4.15766e-06 -7.07121e-10)
(-10 -4.53621e-07 -1.37975e-10)
(-10 -1.95308e-06 -1.73221e-08)
(-10 -2.12489e-06 -8.1307e-09)
(-10 -2.16302e-06 -8.59935e-09)
(-10 -2.15e-06 -1.12754e-08)
(-10 -2.14214e-06 -4.60185e-09)
(-10 -2.17102e-06 -4.34424e-09)
(-10 -2.19352e-06 -5.8543e-09)
(-10 -2.15242e-06 -2.21815e-09)
(-10 -2.0163e-06 -3.56221e-09)
(-10 -1.79705e-06 -1.11558e-08)
(-10 -1.44343e-06 -7.2545e-09)
(-10 -9.35102e-07 -2.63199e-09)
(-10 -2.6879e-07 7.57408e-09)
(-10 6.47086e-07 6.41267e-10)
(-10 1.82756e-06 1.78828e-10)
(-10 4.13439e-06 1.0811e-09)
(-10 -4.54662e-07 -1.26742e-10)
(-10 -1.93207e-06 -5.19581e-08)
(-10 -1.91886e-06 -4.79684e-08)
(-10 -2.05285e-06 -1.66215e-08)
(-10 -2.2034e-06 -7.99234e-09)
(-10 -2.22136e-06 -1.03763e-08)
(-10 -2.20903e-06 -5.88159e-09)
(-10 -2.23803e-06 -5.64922e-09)
(-10 -2.18085e-06 -1.36106e-08)
(-10 -2.04403e-06 -9.50497e-09)
(-10 -1.81957e-06 2.24664e-09)
(-10 -1.46603e-06 -3.83589e-09)
(-10 -9.64082e-07 -3.26518e-09)
(-10 -2.84277e-07 -5.38678e-09)
(-10 6.21306e-07 2.47048e-09)
(-10 1.7966e-06 1.88351e-09)
(-10 4.07837e-06 5.17523e-10)
(-10 -4.49509e-07 2.91259e-10)
(-10 -1.77586e-06 -3.18471e-08)
(-10 -1.85593e-06 -1.86297e-08)
(-10 -1.94402e-06 -3.3367e-08)
(-10 -2.10144e-06 -4.28263e-08)
(-10 -2.2241e-06 -1.15252e-08)
(-10 -2.26235e-06 -7.40599e-09)
(-10 -2.2521e-06 -1.16877e-08)
(-10 -2.18781e-06 -3.51474e-09)
(-10 -2.0472e-06 -7.44391e-09)
(-10 -1.8199e-06 -1.58074e-08)
(-10 -1.46659e-06 -8.61901e-09)
(-10 -9.67109e-07 -3.71456e-09)
(-10 -2.95043e-07 6.37213e-09)
(-10 5.97658e-07 5.68059e-10)
(-10 1.74805e-06 -2.19026e-10)
(-10 3.99091e-06 1.83107e-09)
(-10 -4.36366e-07 -8.68705e-11)
(-10 -1.7847e-06 -8.5218e-08)
(-10 -1.85007e-06 -6.75771e-08)
(-10 -1.98704e-06 -5.46163e-08)
(-10 -2.2002e-06 -1.80631e-08)
(-10 -2.26713e-06 2.36881e-09)
(-10 -2.23859e-06 -7.79247e-09)
(-10 -2.16794e-06 -1.67937e-08)
(-10 -2.02659e-06 -1.33772e-08)
(-10 -1.79591e-06 1.89763e-09)
(-10 -1.44982e-06 -2.03912e-09)
(-10 -9.56941e-07 -5.15523e-09)
(-10 -3.00311e-07 -7.43158e-09)
(-10 5.68516e-07 -1.33293e-09)
(-10 1.69521e-06 3.97377e-09)
(-10 3.87323e-06 6.30168e-10)
(-10 -4.22731e-07 1.8914e-09)
(-10 -1.63004e-06 -4.8253e-08)
(-10 -1.83525e-06 -6.1692e-08)
(-10 -1.95576e-06 -3.96234e-08)
(-10 -2.16422e-06 -1.05039e-08)
(-10 -2.22294e-06 -1.43506e-08)
(-10 -2.1925e-06 -1.48444e-08)
(-10 -2.12019e-06 -1.03625e-08)
(-10 -1.98085e-06 -1.01449e-08)
(-10 -1.75263e-06 -1.43427e-08)
(-10 -1.41149e-06 -9.15869e-09)
(-10 -9.37614e-07 -3.34895e-09)
(-10 -2.95639e-07 3.37905e-09)
(-10 5.39593e-07 5.46725e-10)
(-10 1.61888e-06 -2.124e-10)
(-10 3.72541e-06 2.02653e-09)
(-10 -4.01996e-07 2.56993e-11)
(-10 -1.5914e-06 -3.64151e-08)
(-10 -1.8763e-06 -3.24128e-08)
(-10 -1.99458e-06 -1.7025e-08)
(-10 -2.10643e-06 -1.86668e-08)
(-10 -2.13291e-06 -1.6152e-08)
(-10 -2.11305e-06 -1.2157e-08)
(-10 -2.04356e-06 -1.73404e-08)
(-10 -1.90793e-06 -1.27136e-08)
(-10 -1.68469e-06 4.18819e-09)
(-10 -1.35771e-06 5.63428e-09)
(-10 -9.00025e-07 -2.82505e-09)
(-10 -2.98247e-07 -9.6854e-09)
(-10 4.99489e-07 2.66388e-10)
(-10 1.54104e-06 2.6247e-09)
(-10 3.54874e-06 3.25077e-10)
(-10 -3.82225e-07 4.86347e-09)
(-10 -1.69381e-06 -1.71862e-08)
(-10 -1.88086e-06 -1.7522e-08)
(-10 -1.92611e-06 -2.90554e-08)
(-10 -2.00118e-06 -2.03016e-08)
(-10 -2.02852e-06 -1.74469e-08)
(-10 -2.0114e-06 -1.56222e-08)
(-10 -1.94474e-06 -1.13485e-08)
(-10 -1.81312e-06 -1.03901e-08)
(-10 -1.6007e-06 -1.27072e-08)
(-10 -1.28886e-06 -7.98352e-09)
(-10 -8.65725e-07 1.83523e-09)
(-10 -2.84997e-07 5.08965e-09)
(-10 4.59005e-07 -4.72963e-09)
(-10 1.43331e-06 -3.52107e-10)
(-10 3.34321e-06 2.55684e-09)
(-10 -3.53911e-07 1.60502e-10)
(-10 -1.60744e-06 -4.31438e-08)
(-10 -1.81602e-06 -2.63502e-08)
(-10 -1.83522e-06 -1.14849e-08)
(-10 -1.88981e-06 -1.90812e-08)
(-10 -1.90766e-06 -1.5579e-08)
(-10 -1.888e-06 -1.36012e-08)
(-10 -1.8249e-06 -1.70527e-08)
(-10 -1.69849e-06 -1.24954e-08)
(-10 -1.50036e-06 7.23028e-09)
(-10 -1.21541e-06 8.24579e-10)
(-10 -8.08307e-07 -5.499e-09)
(-10 -2.9827e-07 -8.77577e-09)
(-10 4.01932e-07 2.37265e-10)
(-10 1.33177e-06 2.62547e-09)
(-10 3.11108e-06 8.52993e-10)
(-10 -3.29958e-07 5.7369e-09)
(-10 -1.51918e-06 -2.31986e-08)
(-10 -1.68215e-06 -2.20313e-08)
(-10 -1.71251e-06 -2.98348e-08)
(-10 -1.75317e-06 -2.12055e-08)
(-10 -1.76573e-06 -1.89572e-08)
(-10 -1.74713e-06 -1.74646e-08)
(-10 -1.68638e-06 -1.2368e-08)
(-10 -1.57167e-06 -8.84173e-09)
(-10 -1.39129e-06 -1.2578e-08)
(-10 -1.12975e-06 -8.70982e-09)
(-10 -7.78473e-07 -9.71497e-10)
(-10 -2.80636e-07 1.81768e-09)
(-10 3.57851e-07 -4.14189e-09)
(-10 1.19618e-06 -2.59676e-10)
(-10 2.85273e-06 2.48894e-09)
(-10 -2.94656e-07 3.84324e-09)
(-10 -1.39814e-06 -4.16731e-08)
(-10 -1.51877e-06 -3.37276e-08)
(-10 -1.55091e-06 -1.87231e-08)
(-10 -1.59127e-06 -2.18765e-08)
(-10 -1.60339e-06 -1.94048e-08)
(-10 -1.58777e-06 -1.62454e-08)
(-10 -1.53273e-06 -1.72869e-08)
(-10 -1.43006e-06 -1.36753e-08)
(-10 -1.26903e-06 5.93517e-09)
(-10 -1.04135e-06 -3.18173e-09)
(-10 -7.12199e-07 -9.33465e-09)
(-10 -2.86626e-07 -9.97524e-09)
(-10 2.86656e-07 -1.03595e-09)
(-10 1.08063e-06 5.05087e-09)
(-10 2.5716e-06 2.11248e-09)
(-10 -2.68087e-07 4.43912e-09)
(-10 -1.23725e-06 -3.09261e-08)
(-10 -1.33202e-06 -3.07323e-08)
(-10 -1.37928e-06 -3.44212e-08)
(-10 -1.41124e-06 -2.56721e-08)
(-10 -1.42487e-06 -2.29772e-08)
(-10 -1.41276e-06 -2.07896e-08)
(-10 -1.36667e-06 -1.47512e-08)
(-10 -1.27874e-06 -9.34808e-09)
(-10 -1.14132e-06 -1.55007e-08)
(-10 -9.42021e-07 -1.23978e-08)
(-10 -6.64645e-07 -8.4452e-09)
(-10 -2.78289e-07 -6.05971e-09)
(-10 2.55965e-07 -4.98608e-10)
(-10 9.31943e-07 -6.37337e-11)
(-10 2.2677e-06 2.61112e-09)
(-10 -2.25602e-07 5.13461e-09)
(-10 -1.06062e-06 -4.66401e-08)
(-10 -1.14458e-06 -4.03452e-08)
(-10 -1.17881e-06 -2.72573e-08)
(-10 -1.21594e-06 -2.8554e-08)
(-10 -1.23173e-06 -2.4841e-08)
(-10 -1.22448e-06 -2.03897e-08)
(-10 -1.18749e-06 -1.82394e-08)
(-10 -1.1123e-06 -1.72474e-08)
(-10 -9.92513e-07 -4.46049e-09)
(-10 -8.38744e-07 -5.44019e-09)
(-10 -5.84146e-07 -1.21415e-08)
(-10 -2.55753e-07 -1.03354e-08)
(-10 1.88637e-07 -3.84203e-09)
(-10 8.06152e-07 3.70919e-09)
(-10 1.94655e-06 2.91347e-09)
(-10 -1.94151e-07 2.92963e-09)
(-10 -8.59816e-07 -3.91221e-08)
(-10 -9.2371e-07 -3.89204e-08)
(-10 -9.78868e-07 -3.88726e-08)
(-10 -1.0094e-06 -3.21668e-08)
(-10 -1.02679e-06 -2.80892e-08)
(-10 -1.02316e-06 -2.42605e-08)
(-10 -9.94862e-07 -2.09191e-08)
(-10 -9.34505e-07 -1.45638e-08)
(-10 -8.50107e-07 -2.04087e-08)
(-10 -7.03594e-07 -1.63566e-08)
(-10 -5.12598e-07 -9.66021e-09)
(-10 -2.2833e-07 -8.08543e-09)
(-10 1.5694e-07 5.91976e-10)
(-10 6.52368e-07 -3.92234e-09)
(-10 1.60939e-06 3.22066e-09)
(-10 -1.44145e-07 3.80414e-09)
(-10 -6.72327e-07 -4.84275e-08)
(-10 -7.16453e-07 -4.75288e-08)
(-10 -7.57852e-07 -3.75024e-08)
(-10 -7.95933e-07 -3.42945e-08)
(-10 -8.06848e-07 -2.98842e-08)
(-10 -8.10795e-07 -2.35655e-08)
(-10 -7.86135e-07 -2.18055e-08)
(-10 -7.47583e-07 -1.97398e-08)
(-10 -6.69859e-07 -1.71854e-08)
(-10 -5.72142e-07 -6.33082e-09)
(-10 -4.01251e-07 -1.25291e-08)
(-10 -1.87594e-07 -1.30382e-08)
(-10 1.0864e-07 -6.02845e-09)
(-10 4.99904e-07 8.31377e-10)
(-10 1.25061e-06 3.07118e-09)
(-10 -9.8261e-08 3.68648e-09)
(-10 -4.17441e-07 -4.4928e-08)
(-10 -4.62732e-07 -4.36567e-08)
(-10 -5.06201e-07 -4.39175e-08)
(-10 -5.30519e-07 -3.78167e-08)
(-10 -5.57081e-07 -3.18415e-08)
(-10 -5.52768e-07 -2.71554e-08)
(-10 -5.48721e-07 -2.43668e-08)
(-10 -5.16689e-07 -2.20148e-08)
(-10 -4.81965e-07 -1.80466e-08)
(-10 -3.98027e-07 -1.8087e-08)
(-10 -2.93061e-07 -1.45037e-08)
(-10 -1.30556e-07 -1.07812e-08)
(-10 7.01113e-08 -1.83257e-09)
(-10 3.25917e-07 -3.92745e-09)
(-10 9.21464e-07 3.72484e-09)
(-10 -4.14354e-08 5.14858e-09)
(-10 -2.30016e-07 -4.51812e-08)
(-10 -2.6883e-07 -4.38955e-08)
(-10 -3.00112e-07 -3.83776e-08)
(-10 -3.21642e-07 -3.74551e-08)
(-10 -3.28993e-07 -3.0939e-08)
(-10 -3.40338e-07 -2.58798e-08)
(-10 -3.30963e-07 -2.42077e-08)
(-10 -3.23367e-07 -2.03454e-08)
(-10 -2.9015e-07 -1.9576e-08)
(-10 -2.43452e-07 -9.06719e-09)
(-10 -1.71221e-07 -1.29015e-08)
(-10 -8.06733e-08 -9.3487e-09)
(-10 3.67026e-08 -6.06387e-09)
(-10 1.69585e-07 -1.83705e-09)
(-10 6.11088e-07 5.78524e-09)
(-10 -3.14252e-10 4.43501e-09)
(-10 -7.04948e-08 -4.7714e-08)
(-10 -8.08111e-08 -4.41471e-08)
(-10 -9.68362e-08 -4.17547e-08)
(-10 -1.0665e-07 -3.6906e-08)
(-10 -1.09924e-07 -3.18628e-08)
(-10 -1.12721e-07 -2.86236e-08)
(-10 -1.15369e-07 -2.07753e-08)
(-10 -1.10217e-07 -1.95741e-08)
(-10 -1.03743e-07 -1.33484e-08)
(-10 -8.91194e-08 -1.48736e-08)
(-10 -6.83281e-08 -1.37495e-08)
(-10 -3.6484e-08 -1.09886e-08)
(-10 -8.77466e-10 -5.55116e-09)
(-10 3.3549e-08 -4.09241e-09)
(-10 1.93605e-07 6.94769e-09)
(-10 2.04466e-08 6.17149e-09)
)
;

boundaryField
{
    frontAndBack
    {
        type            slip;
    }
    inlet
    {
        type            fixedValue;
        value           uniform (-10 0 0);
    }
    outlet
    {
        type            inletOutlet;
        inletValue      nonuniform List<vector> 0();
        value           nonuniform List<vector> 0();
    }
    lowerWall
    {
        type            fixedValue;
        value           uniform (-10 0 0);
    }
    upperWall
    {
        type            slip;
    }
    procBoundary5to2
    {
        type            processor;
        value           nonuniform List<vector> 
100
(
(-10 -1.51512e-06 -1.09775e-08)
(-10 -1.6011e-06 -3.65369e-08)
(-10 -1.55443e-06 -1.33123e-08)
(-10 -1.45815e-06 5.85545e-09)
(-10 -1.31242e-06 5.87439e-09)
(-10 -1.06087e-06 2.86128e-09)
(-10 -7.0593e-07 -3.33011e-09)
(-10 -2.4338e-07 1.20088e-09)
(-10 3.47652e-07 -1.05907e-09)
(-10 1.08771e-06 -9.67728e-09)
(-10 2.00524e-06 -1.00857e-08)
(-10 3.32251e-06 -4.58981e-09)
(-10 -2.02156e-07 6.51141e-11)
(-10 -1.57355e-06 1.17109e-09)
(-10 -1.61783e-06 -2.92293e-08)
(-10 -1.60128e-06 -8.02036e-09)
(-10 -1.61133e-06 -4.02392e-08)
(-10 -1.61133e-06 -4.02392e-08)
(-10 -1.57623e-06 -1.01047e-07)
(-10 -1.50447e-06 -3.4587e-08)
(-10 -1.32277e-06 -3.58726e-08)
(-10 -1.30553e-06 -1.29507e-08)
(-10 -1.17743e-06 -7.93106e-09)
(-10 -9.63196e-07 -8.2853e-10)
(-10 -6.18671e-07 2.31612e-08)
(-10 -2.22776e-07 8.08347e-09)
(-10 3.12724e-07 -3.91595e-10)
(-10 1.00867e-06 -1.11854e-08)
(-10 1.86329e-06 -1.25843e-08)
(-10 3.42302e-06 -1.06621e-08)
(-10 -1.99018e-07 -2.66e-09)
(-10 -1.50775e-06 -1.09449e-08)
(-10 -1.52821e-06 -1.14921e-08)
(-10 -1.57084e-06 1.33532e-09)
(-10 -1.58148e-06 -1.20102e-08)
(-10 -1.57623e-06 -1.01047e-07)
(-10 -1.50447e-06 -3.4587e-08)
(-10 -1.50447e-06 -3.4587e-08)
(-10 -1.52416e-06 -2.87638e-08)
(-10 -1.42545e-06 -2.14033e-08)
(-10 -1.218e-06 -1.06984e-08)
(-10 -8.55397e-07 -7.66771e-09)
(-10 -6.55312e-07 2.59442e-09)
(-10 -2.37891e-07 2.14225e-09)
(-10 3.40326e-07 8.41951e-09)
(-10 1.02522e-06 7.42093e-09)
(-10 1.87844e-06 5.06068e-09)
(-10 3.42835e-06 -8.40945e-09)
(-10 -1.99051e-07 -5.22337e-09)
(-10 -1.50493e-06 -4.31598e-09)
(-10 -1.53352e-06 -7.1367e-09)
(-10 -1.57243e-06 -1.51858e-08)
(-10 -1.58399e-06 -2.38773e-08)
(-10 -1.59328e-06 -4.27436e-08)
(-10 -1.58262e-06 -7.50999e-08)
(-10 -1.52416e-06 -2.87638e-08)
(-10 -1.42545e-06 -2.14033e-08)
(-10 -1.218e-06 -1.06984e-08)
(-10 -1.218e-06 -1.06984e-08)
(-10 -1.04525e-06 -2.96184e-08)
(-10 -6.81367e-07 7.58199e-09)
(-10 -1.35493e-07 2.3817e-10)
(-10 3.31127e-07 1.69605e-08)
(-10 1.03601e-06 1.15979e-08)
(-10 1.86128e-06 1.30678e-08)
(-10 3.42635e-06 -3.26956e-09)
(-10 -1.94172e-07 -1.53958e-09)
(-10 -1.50251e-06 2.36982e-08)
(-10 -1.53667e-06 2.1645e-08)
(-10 -1.56692e-06 2.16318e-08)
(-10 -1.58249e-06 8.69798e-09)
(-10 -1.58688e-06 1.82902e-09)
(-10 -1.56761e-06 7.63701e-09)
(-10 -1.52382e-06 1.04908e-08)
(-10 -1.43373e-06 1.04261e-08)
(-10 -1.2939e-06 1.42311e-08)
(-10 -1.04525e-06 -2.96184e-08)
(-10 -6.81367e-07 7.58199e-09)
(-10 -6.81367e-07 7.58199e-09)
(-10 -3.38902e-07 7.93962e-09)
(-10 1.91727e-07 1.81483e-08)
(-10 9.57865e-07 7.42333e-09)
(-10 1.75977e-06 -2.52714e-10)
(-10 3.18362e-06 -5.89555e-10)
(-10 -1.78463e-07 2.30888e-10)
(-10 -1.14372e-06 4.59667e-08)
(-10 -1.18672e-06 2.87764e-08)
(-10 -1.23558e-06 3.09344e-08)
(-10 -1.27449e-06 2.50392e-08)
(-10 -1.30795e-06 2.02391e-08)
(-10 -1.32381e-06 1.58849e-08)
(-10 -1.31512e-06 1.48287e-08)
(-10 -1.26711e-06 1.88429e-08)
(-10 -1.16098e-06 2.08863e-08)
(-10 -9.9065e-07 1.88767e-08)
(-10 -7.13586e-07 1.09337e-08)
(-10 -3.38902e-07 7.93962e-09)
(-10 1.91727e-07 1.81483e-08)
(-10 9.57865e-07 7.42333e-09)
(-10 9.57865e-07 7.42333e-09)
)
;
    }
    procBoundary5to4
    {
        type            processor;
        value           nonuniform List<vector> 
135
(
(-10 -1.59322e-06 -6.83518e-11)
(-10 -1.70803e-06 3.30575e-08)
(-10 -1.81294e-06 -9.70068e-09)
(-10 -1.88718e-06 2.86444e-08)
(-10 -1.98059e-06 -1.77848e-08)
(-10 -2.12741e-06 1.98008e-08)
(-10 -2.35705e-06 2.62254e-08)
(-10 -2.35705e-06 2.62254e-08)
(-10 -2.35705e-06 2.62254e-08)
(-10 -2.46452e-06 -1.45055e-09)
(-10 -2.54499e-06 1.40672e-08)
(-10 -2.49037e-06 3.8138e-08)
(-10 -2.39505e-06 -2.43235e-08)
(-10 -2.35575e-06 2.36653e-08)
(-10 -2.25816e-06 -2.14335e-08)
(-10 -2.14413e-06 2.52597e-08)
(-10 -1.97396e-06 -1.74866e-08)
(-10 -1.82531e-06 -2.81314e-08)
(-10 -1.70857e-06 -1.08893e-09)
(-10 -1.57619e-06 9.60998e-09)
(-10 -1.39567e-06 -8.38642e-09)
(-10 -1.18977e-06 1.2007e-08)
(-10 -9.69888e-07 -7.30259e-09)
(-10 -7.93875e-07 1.10324e-08)
(-10 -5.11363e-07 -8.76847e-10)
(-10 -2.82542e-07 -7.2047e-09)
(-10 -9.35167e-08 -1.47255e-08)
(-10 -1.54739e-06 1.70607e-08)
(-10 -1.62918e-06 4.45562e-08)
(-10 -1.66525e-06 -1.04093e-08)
(-10 -1.74761e-06 2.07867e-08)
(-10 -1.83051e-06 -3.49108e-08)
(-10 -1.98962e-06 3.29645e-09)
(-10 -2.14932e-06 4.05999e-09)
(-10 -2.39929e-06 2.92646e-08)
(-10 -2.39929e-06 2.92646e-08)
(-10 -2.39929e-06 2.92646e-08)
(-10 -2.54933e-06 -2.9388e-08)
(-10 -2.54933e-06 -2.9388e-08)
(-10 -2.52658e-06 -2.40358e-08)
(-10 -2.37962e-06 -9.67643e-08)
(-10 -2.32144e-06 -6.92855e-08)
(-10 -2.22344e-06 -4.09891e-08)
(-10 -2.14697e-06 -1.60623e-08)
(-10 -2.0038e-06 -3.35417e-08)
(-10 -1.84242e-06 -3.78195e-08)
(-10 -1.66911e-06 -2.26179e-08)
(-10 -1.57493e-06 -7.69911e-09)
(-10 -1.40294e-06 -2.26138e-08)
(-10 -1.22472e-06 -1.00627e-08)
(-10 -9.90957e-07 -4.11251e-08)
(-10 -7.69942e-07 -2.083e-08)
(-10 -4.92836e-07 -3.28798e-08)
(-10 -2.76595e-07 -1.70891e-08)
(-10 -8.55421e-08 -4.14911e-08)
(-10 -1.54557e-06 2.18201e-08)
(-10 -1.6265e-06 7.85129e-09)
(-10 -1.69575e-06 2.53325e-09)
(-10 -1.74579e-06 -6.01631e-09)
(-10 -1.83868e-06 6.34662e-09)
(-10 -1.96403e-06 -1.05259e-08)
(-10 -2.13826e-06 1.57466e-08)
(-10 -2.30984e-06 2.38831e-09)
(-10 -2.469e-06 -1.4647e-08)
(-10 -2.55581e-06 -6.81069e-08)
(-10 -2.55581e-06 -6.81069e-08)
(-10 -2.55581e-06 -6.81069e-08)
(-10 -2.38611e-06 -7.77053e-08)
(-10 -2.27651e-06 -1.18256e-07)
(-10 -2.20187e-06 -2.49588e-08)
(-10 -2.1297e-06 -6.01258e-09)
(-10 -2.0193e-06 2.4226e-08)
(-10 -1.82619e-06 1.60622e-08)
(-10 -1.69352e-06 -9.75432e-11)
(-10 -1.55489e-06 -1.58339e-08)
(-10 -1.43389e-06 -1.27752e-08)
(-10 -1.1974e-06 -2.35063e-08)
(-10 -1.0113e-06 -2.1837e-08)
(-10 -7.42554e-07 -3.85156e-08)
(-10 -4.87348e-07 -1.66206e-08)
(-10 -2.69585e-07 -8.69413e-09)
(-10 -9.01323e-08 -2.80145e-08)
(-10 -1.52558e-06 3.61894e-08)
(-10 -1.61103e-06 3.34021e-08)
(-10 -1.67709e-06 2.70642e-08)
(-10 -1.72673e-06 1.47602e-08)
(-10 -1.81679e-06 1.98065e-08)
(-10 -1.93238e-06 3.47122e-09)
(-10 -2.10003e-06 1.05886e-08)
(-10 -2.26752e-06 -9.98358e-09)
(-10 -2.41512e-06 9.59797e-09)
(-10 -2.43302e-06 -8.1434e-09)
(-10 -2.39181e-06 -3.02125e-08)
(-10 -2.39181e-06 -3.02125e-08)
(-10 -2.39181e-06 -3.02125e-08)
(-10 -2.25575e-06 -9.91583e-08)
(-10 -2.14137e-06 -9.17478e-08)
(-10 -2.058e-06 -2.57479e-08)
(-10 -1.93701e-06 -2.30597e-08)
(-10 -1.82111e-06 -3.92963e-08)
(-10 -1.68786e-06 -3.4874e-08)
(-10 -1.59299e-06 -3.48698e-08)
(-10 -1.38629e-06 -3.91534e-08)
(-10 -1.21662e-06 -4.44667e-08)
(-10 -9.67346e-07 -4.70161e-08)
(-10 -7.47943e-07 -4.75046e-08)
(-10 -4.63351e-07 -4.11622e-08)
(-10 -2.65736e-07 -3.97068e-08)
(-10 -7.78206e-08 -4.8137e-08)
(-10 -1.08734e-06 4.4878e-08)
(-10 -1.13718e-06 3.8565e-08)
(-10 -1.17266e-06 3.22401e-08)
(-10 -1.18438e-06 2.59599e-08)
(-10 -1.24592e-06 2.48577e-08)
(-10 -1.33771e-06 1.6732e-08)
(-10 -1.46259e-06 9.04091e-09)
(-10 -1.63859e-06 8.17289e-09)
(-10 -1.80808e-06 -3.33106e-08)
(-10 -1.79397e-06 -3.21121e-08)
(-10 -1.71642e-06 -3.1416e-08)
(-10 -1.71035e-06 -2.22634e-08)
(-10 -1.71035e-06 -2.22634e-08)
(-10 -1.55101e-06 -5.10467e-08)
(-10 -1.4819e-06 -1.36727e-08)
(-10 -1.45502e-06 -4.34006e-08)
(-10 -1.30116e-06 -5.02665e-08)
(-10 -1.2265e-06 -4.7145e-08)
(-10 -1.14151e-06 -3.65967e-08)
(-10 -1.0424e-06 -4.70572e-08)
(-10 -8.83273e-07 -4.062e-08)
(-10 -7.26624e-07 -5.2803e-08)
(-10 -5.4708e-07 -3.75037e-08)
(-10 -3.20908e-07 -5.29838e-08)
(-10 -1.71841e-07 -4.49719e-08)
(-10 -5.94792e-08 -5.42394e-08)
)
;
    }
}


// ************************************************************************* //
