/*--------------------------------*- C++ -*----------------------------------*\
  =========                 |
  \\      /  F ield         | OpenFOAM: The Open Source CFD Toolbox
   \\    /   O peration     | Website:  https://openfoam.org
    \\  /    A nd           | Version:  10
     \\/     M anipulation  |
\*---------------------------------------------------------------------------*/
FoamFile
{
    format      ascii;
    class       volScalarField;
    location    "10";
    object      omega;
}
// * * * * * * * * * * * * * * * * * * * * * * * * * * * * * * * * * * * * * //

dimensions      [0 0 -1 0 0 0 0];

internalField   nonuniform List<scalar> 
2083
(
0.872612
0.872612
0.872612
0.872612
0.872612
0.872612
0.872612
0.872612
0.872612
0.872612
0.872612
0.872612
0.872612
0.872612
0.872612
0.872612
0.872612
0.872612
0.872612
0.872612
0.872612
0.872612
0.872612
0.872612
0.872612
0.872612
0.872612
0.872612
0.872612
0.872612
0.872612
0.872612
0.872612
0.872612
0.872612
0.872612
0.872612
0.872612
0.872612
0.872612
0.872612
0.872612
0.872612
0.872612
0.872612
0.872612
0.872612
0.872612
0.872612
0.872612
0.872612
0.872612
0.872612
0.872612
0.872612
0.872612
0.872612
0.872612
0.872612
0.872612
0.872612
0.872612
0.872612
0.872612
0.872612
0.872612
0.872612
0.872612
0.872612
0.872612
0.872612
0.872612
0.872612
0.872612
0.872612
0.872612
0.872612
0.872612
0.872612
0.872612
0.872612
0.872612
0.872612
0.872612
0.872612
0.872612
0.872612
0.872612
0.872612
0.872612
0.872612
0.872612
0.872612
0.872612
0.872612
0.872612
0.872612
0.872612
0.872612
0.872612
0.872612
0.872612
0.872612
0.872612
0.872612
0.872612
0.872612
0.872612
0.872612
0.872612
0.872612
0.872612
0.872612
0.872612
0.872612
0.872612
0.872612
0.872612
0.872612
0.872612
0.872612
0.872612
0.872612
0.872612
0.872612
0.872612
0.872612
0.872612
0.872612
0.872612
0.872612
0.872612
0.872612
0.872612
0.872612
0.872612
0.872612
0.872612
0.872612
0.872612
0.872612
0.872612
0.872612
0.872612
0.872612
0.872612
0.872612
0.872612
0.872612
0.872612
0.872612
0.872612
0.872612
0.872612
0.872612
0.872612
0.872612
0.872612
0.872612
0.872612
0.872612
0.872612
0.872612
0.872612
0.872612
0.872612
0.872612
0.872612
0.872612
0.872612
0.872612
0.872612
0.872612
0.872612
0.872612
0.872612
0.872612
0.872612
0.872612
0.872612
0.872612
0.872612
0.872612
0.872612
0.872612
0.872612
0.872612
0.872612
0.872612
0.872612
0.872612
0.872612
0.872612
0.872612
0.872612
0.872612
0.872612
0.872612
0.872612
0.872612
0.872612
0.872612
0.872612
0.872612
0.872612
0.872612
0.872612
0.872612
0.872612
0.872612
0.872612
0.872612
0.872612
0.872612
0.872612
0.872612
0.872612
0.872612
0.872612
0.872612
0.872612
0.872612
0.872612
0.872612
0.872612
0.872612
0.872612
0.872612
0.872612
0.872612
0.872612
0.872612
0.872612
0.872612
0.872612
0.872612
0.872612
0.872612
0.872612
0.872612
0.872612
0.872612
0.872612
0.872612
0.872612
0.872612
0.872612
0.872612
0.872612
0.872612
0.872612
0.872612
0.872612
0.872612
0.872612
0.872612
0.872612
0.872612
0.872612
0.872612
0.872612
0.872612
0.872612
0.872612
0.872612
0.872612
0.872612
0.872612
0.872612
0.872612
0.872612
0.872612
0.872612
0.872612
0.872612
0.872612
0.872612
0.872612
0.872612
0.872612
0.872612
0.872612
0.872612
0.872612
0.872612
0.872612
0.872612
0.872612
0.872612
0.872612
0.872612
0.872612
0.872612
0.872612
0.872612
0.872612
0.872612
0.872612
0.872612
0.872612
0.872612
0.872612
0.872612
0.872612
0.872612
0.872612
0.872612
0.872612
0.872612
0.872612
0.872612
0.872612
0.872612
0.872612
0.872612
0.872612
0.872612
0.872612
0.872612
0.872612
0.872612
0.872612
0.872612
0.872612
0.872612
0.872612
0.872612
0.872612
0.872612
0.872612
0.872612
0.872612
0.872612
0.872612
0.872612
0.872612
0.872612
0.872612
0.872612
0.872612
0.872612
0.872612
0.872612
0.872612
0.872612
0.872612
0.872612
0.872612
0.872612
0.872612
0.872612
0.872612
0.872612
0.872612
0.872612
0.872612
0.872612
0.872612
0.872612
0.872612
0.872612
0.872612
0.872612
0.872612
0.872612
0.872612
0.872612
0.872612
0.872612
0.872612
0.872612
0.872612
0.872612
0.872612
0.872612
0.872612
0.872612
0.872612
0.872612
0.872612
0.872612
0.872612
0.872612
0.872612
0.872612
0.872612
0.872612
0.872612
0.872612
0.872612
0.872612
0.872612
0.872612
0.872612
0.872612
0.872612
0.872612
0.872612
0.872612
0.872612
0.872612
0.872612
0.872612
0.872612
0.872612
0.872612
0.872612
0.872612
0.872612
0.872612
0.872612
0.872612
0.872612
0.872612
1.69598
1.69609
1.69609
1.69609
1.69609
1.69609
1.69609
1.69609
1.69609
1.69609
1.69609
1.69609
1.69609
1.69609
1.6961
1.6961
1.69615
1.69626
1.69626
1.69626
1.69626
1.69626
1.69626
1.69626
1.69626
1.69626
1.69626
1.69626
1.69626
1.69626
1.69627
1.69627
1.69615
1.69626
1.69626
1.69626
1.69626
1.69626
1.69626
1.69626
1.69626
1.69626
1.69626
1.69626
1.69626
1.69626
1.69627
1.69627
1.69615
1.69626
1.69626
1.69626
1.69626
1.69626
1.69626
1.69626
1.69626
1.69626
1.69626
1.69626
1.69626
1.69626
1.69627
1.69627
1.69615
1.69626
1.69626
1.69626
1.69626
1.69626
1.69626
1.69626
1.69626
1.69626
1.69626
1.69626
1.69626
1.69626
1.69627
1.69627
1.69615
1.69626
1.69626
1.69626
1.69626
1.69626
1.69626
1.69626
1.69626
1.69626
1.69626
1.69626
1.69626
1.69626
1.69627
1.69627
1.69615
1.69626
1.69626
1.69626
1.69626
1.69626
1.69626
1.69626
1.69626
1.69626
1.69626
1.69626
1.69626
1.69626
1.69627
1.69627
1.69615
1.69626
1.69626
1.69626
1.69626
1.69626
1.69626
1.69626
1.69626
1.69626
1.69626
1.69626
1.69626
1.69626
1.69627
1.69627
1.69615
1.69626
1.69626
1.69626
1.69626
1.69626
1.69626
1.69626
1.69626
1.69626
1.69626
1.69626
1.69626
1.69626
1.69627
1.69627
1.69615
1.69626
1.69626
1.69626
1.69626
1.69626
1.69626
1.69626
1.69626
1.69626
1.69626
1.69626
1.69626
1.69626
1.69627
1.69627
1.69615
1.69626
1.69626
1.69626
1.69626
1.69626
1.69626
1.69626
1.69626
1.69626
1.69626
1.69626
1.69626
1.69626
1.69627
1.69627
1.69615
1.69626
1.69626
1.69626
1.69626
1.69626
1.69626
1.69626
1.69626
1.69626
1.69626
1.69626
1.69626
1.69626
1.69627
1.69627
1.69615
1.69626
1.69626
1.69626
1.69626
1.69626
1.69626
1.69626
1.69626
1.69626
1.69626
1.69626
1.69626
1.69626
1.69627
1.69627
1.69615
1.69626
1.69626
1.69626
1.69626
1.69626
1.69626
1.69626
1.69626
1.69626
1.69626
1.69626
1.69626
1.69626
1.69627
1.69627
1.69615
1.69626
1.69626
1.69626
1.69626
1.69626
1.69626
1.69626
1.69626
1.69626
1.69626
1.69626
1.69626
1.69626
1.69627
1.69627
1.69615
1.69626
1.69626
1.69626
1.69626
1.69626
1.69626
1.69626
1.69626
1.69626
1.69626
1.69626
1.69626
1.69626
1.69627
1.69627
1.69615
1.69626
1.69626
1.69626
1.69626
1.69626
1.69626
1.69626
1.69626
1.69626
1.69626
1.69626
1.69626
1.69626
1.69627
1.69629
1.69629
1.69615
1.69626
1.69626
1.69626
1.69626
1.69626
1.69626
1.69626
1.69626
1.69626
1.69626
1.69626
1.69626
1.69626
1.69626
1.69627
1.69627
1.69615
1.69626
1.69626
1.69626
1.69626
1.69626
1.69626
1.69626
1.69626
1.69626
1.69626
1.69626
1.69626
1.69626
1.69626
1.69627
1.69627
1.69615
1.69626
1.69626
1.69626
1.69626
1.69626
1.69626
1.69626
1.69626
1.69626
1.69626
1.69626
1.69626
1.69626
1.69626
1.69627
1.69627
1.69615
1.69626
1.69626
1.69626
1.69626
1.69626
1.69626
1.69626
1.69626
1.69626
1.69626
1.69626
1.69626
1.69626
1.69626
1.69627
1.69627
1.69615
1.69626
1.69626
1.69626
1.69626
1.69626
1.69626
1.69626
1.69626
1.69626
1.69626
1.69626
1.69626
1.69626
1.69626
1.69627
1.69627
1.69615
1.69626
1.69626
1.69626
1.69626
1.69626
1.69626
1.69626
1.69626
1.69626
1.69626
1.69626
1.69626
1.69626
1.69626
1.69627
1.69627
1.69615
1.69626
1.69626
1.69626
1.69626
1.69626
1.69626
1.69626
1.69626
1.69626
1.69626
1.69626
1.69626
1.69626
1.69626
1.69627
1.69627
1.69615
1.69626
1.69626
1.69626
1.69626
1.69626
1.69626
1.69626
1.69626
1.69626
1.69626
1.69626
1.69626
1.69626
1.69626
1.69627
1.69627
1.69615
1.69626
1.69626
1.69625
1.69628
1.6963
1.69679
1.6969
1.6969
1.6969
1.6969
1.6969
1.6969
1.6969
1.6969
1.6969
1.6969
1.6969
1.6969
1.6969
1.69691
1.69691
1.69696
1.69707
1.69707
1.69707
1.69707
1.69707
1.69707
1.69707
1.69707
1.69707
1.69707
1.69707
1.69707
1.69707
1.69709
1.69709
1.69696
1.69707
1.69707
1.69707
1.69707
1.69707
1.69707
1.69707
1.69707
1.69707
1.69707
1.69707
1.69707
1.69707
1.69709
1.69709
1.69696
1.69707
1.69707
1.69707
1.69707
1.69707
1.69707
1.69707
1.69707
1.69707
1.69707
1.69707
1.69707
1.69707
1.69709
1.69709
1.69696
1.69707
1.69707
1.69707
1.69707
1.69707
1.69707
1.69707
1.69707
1.69707
1.69707
1.69707
1.69707
1.69707
1.69709
1.69709
1.69696
1.69707
1.69707
1.69707
1.69707
1.69707
1.69707
1.69707
1.69707
1.69707
1.69707
1.69707
1.69707
1.69707
1.69709
1.69709
1.69696
1.69707
1.69707
1.69707
1.69707
1.69707
1.69707
1.69707
1.69707
1.69707
1.69707
1.69707
1.69707
1.69707
1.69709
1.69709
1.69696
1.69707
1.69707
1.69707
1.69707
1.69707
1.69707
1.69707
1.69707
1.69707
1.69707
1.69707
1.69707
1.69707
1.69709
1.69709
1.69696
1.69707
1.69707
1.69707
1.69707
1.69707
1.69707
1.69707
1.69707
1.69707
1.69707
1.69707
1.69707
1.69707
1.69709
1.69709
1.69696
1.69707
1.69707
1.69707
1.69707
1.69707
1.69707
1.69707
1.69707
1.69707
1.69707
1.69707
1.69707
1.69707
1.69709
1.69709
1.69696
1.69707
1.69707
1.69707
1.69707
1.69707
1.69707
1.69707
1.69707
1.69707
1.69707
1.69707
1.69707
1.69707
1.69709
1.69709
1.69696
1.69707
1.69707
1.69707
1.69707
1.69707
1.69707
1.69707
1.69707
1.69707
1.69707
1.69707
1.69707
1.69707
1.69709
1.69709
1.69696
1.69707
1.69707
1.69707
1.69707
1.69707
1.69707
1.69707
1.69707
1.69707
1.69707
1.69707
1.69707
1.69707
1.69709
1.69709
1.69696
1.69707
1.69707
1.69707
1.69707
1.69707
1.69707
1.69707
1.69707
1.69707
1.69707
1.69707
1.69707
1.69707
1.69709
1.69709
1.69696
1.69707
1.69707
1.69707
1.69707
1.69707
1.69707
1.69707
1.69707
1.69707
1.69707
1.69707
1.69707
1.69707
1.69709
1.69709
1.69696
1.69707
1.69707
1.69707
1.69707
1.69707
1.69707
1.69707
1.69707
1.69707
1.69707
1.69707
1.69707
1.69707
1.69709
1.69709
1.69696
1.69707
1.69707
1.69707
1.69707
1.69707
1.69707
1.69707
1.69707
1.69707
1.69707
1.69707
1.69707
1.69707
1.69709
1.6971
1.69696
1.69707
1.69707
1.69707
1.69707
1.69707
1.69707
1.69707
1.69707
1.69707
1.69707
1.69707
1.69707
1.69707
1.69709
1.6971
1.6971
1.69696
1.69707
1.69707
1.69707
1.69707
1.69707
1.69707
1.69707
1.69707
1.69707
1.69707
1.69707
1.69707
1.69707
1.69707
1.69709
1.69709
1.69696
1.69707
1.69707
1.69707
1.69707
1.69707
1.69707
1.69707
1.69707
1.69707
1.69707
1.69707
1.69707
1.69707
1.69707
1.69709
1.69709
1.69696
1.69707
1.69707
1.69707
1.69707
1.69707
1.69707
1.69707
1.69707
1.69707
1.69707
1.69707
1.69707
1.69707
1.69707
1.69709
1.69709
1.69696
1.69707
1.69707
1.69707
1.69707
1.69707
1.69707
1.69707
1.69707
1.69707
1.69707
1.69707
1.69707
1.69707
1.69707
1.69709
1.69709
1.69696
1.69707
1.69707
1.69707
1.69707
1.69707
1.69707
1.69707
1.69707
1.69707
1.69707
1.69707
1.69707
1.69707
1.69707
1.69709
1.69709
1.69696
1.69707
1.69707
1.69707
1.69707
1.69707
1.69707
1.69707
1.69707
1.69707
1.69707
1.69707
1.69707
1.69707
1.69707
1.69709
1.69709
1.69696
1.69707
1.69707
1.69707
1.69707
1.69707
1.69707
1.69707
1.69707
1.69707
1.69707
1.69707
1.69707
1.69707
1.69707
1.69709
1.69709
1.69696
1.69707
1.69707
1.69707
1.69708
1.69709
1.69712
1.69712
1.69693
1.69704
1.69704
1.69704
1.69704
1.69704
1.69704
1.69704
1.69704
1.69704
1.69704
1.69704
1.69704
1.69704
1.69706
1.69706
1.6971
1.69721
1.69721
1.69721
1.69721
1.69721
1.69721
1.69721
1.69721
1.69721
1.69721
1.69721
1.69721
1.69721
1.69723
1.69723
1.6971
1.69721
1.69721
1.69721
1.69721
1.69721
1.69721
1.69721
1.69721
1.69721
1.69721
1.69721
1.69721
1.69721
1.69723
1.69723
1.6971
1.69721
1.69721
1.69721
1.69721
1.69721
1.69721
1.69721
1.69721
1.69721
1.69721
1.69721
1.69721
1.69721
1.69723
1.69723
1.6971
1.69721
1.69721
1.69721
1.69721
1.69721
1.69721
1.69721
1.69721
1.69721
1.69721
1.69721
1.69721
1.69721
1.69723
1.69723
1.6971
1.69721
1.69721
1.69721
1.69721
1.69721
1.69721
1.69721
1.69721
1.69721
1.69721
1.69721
1.69721
1.69721
1.69723
1.69723
1.6971
1.69721
1.69721
1.69721
1.69721
1.69721
1.69721
1.69721
1.69721
1.69721
1.69721
1.69721
1.69721
1.69721
1.69723
1.69723
1.6971
1.69721
1.69721
1.69721
1.69721
1.69721
1.69721
1.69721
1.69721
1.69721
1.69721
1.69721
1.69721
1.69721
1.69723
1.69723
1.6971
1.69721
1.69721
1.69721
1.69721
1.69721
1.69721
1.69721
1.69721
1.69721
1.69721
1.69721
1.69721
1.69721
1.69723
1.69723
1.6971
1.69721
1.69721
1.69721
1.69721
1.69721
1.69721
1.69721
1.69721
1.69721
1.69721
1.69721
1.69721
1.69721
1.69723
1.69723
1.6971
1.69721
1.69721
1.69721
1.69721
1.69721
1.69721
1.69721
1.69721
1.69721
1.69721
1.69721
1.69721
1.69721
1.69723
1.69723
1.6971
1.69721
1.69721
1.69721
1.69721
1.69721
1.69721
1.69721
1.69721
1.69721
1.69721
1.69721
1.69721
1.69721
1.69723
1.69723
1.6971
1.69721
1.69721
1.69721
1.69721
1.69721
1.69721
1.69721
1.69721
1.69721
1.69721
1.69721
1.69721
1.69721
1.69723
1.69723
1.6971
1.69721
1.69721
1.69721
1.69721
1.69721
1.69721
1.69721
1.69721
1.69721
1.69721
1.69721
1.69721
1.69721
1.69723
1.69723
1.6971
1.69721
1.69721
1.69721
1.69721
1.69721
1.69721
1.69721
1.69721
1.69721
1.69721
1.69721
1.69721
1.69721
1.69723
1.69723
1.6971
1.69721
1.69721
1.69721
1.69721
1.69721
1.69721
1.69721
1.69721
1.69721
1.69721
1.69721
1.69721
1.69721
1.69723
1.69723
1.6971
1.69721
1.69721
1.69721
1.69721
1.69721
1.69721
1.69721
1.69721
1.69721
1.69721
1.69721
1.69721
1.69721
1.69723
1.69723
1.6971
1.69721
1.69721
1.69721
1.69721
1.69721
1.69721
1.69721
1.69721
1.69721
1.69721
1.69721
1.69721
1.69721
1.69724
1.69724
1.6971
1.69721
1.69721
1.69721
1.69721
1.69721
1.69721
1.69721
1.69721
1.69721
1.69721
1.69721
1.69721
1.69721
1.69723
1.69724
1.69724
1.6971
1.69721
1.69721
1.69721
1.69721
1.69721
1.69721
1.69721
1.69721
1.69721
1.69721
1.69721
1.69721
1.69721
1.69721
1.69723
1.69723
1.6971
1.69721
1.69721
1.69721
1.69721
1.69721
1.69721
1.69721
1.69721
1.69721
1.69721
1.69721
1.69721
1.69721
1.69721
1.69723
1.69723
1.6971
1.69721
1.69721
1.69721
1.69721
1.69721
1.69721
1.69721
1.69721
1.69721
1.69721
1.69721
1.69721
1.69721
1.69721
1.69723
1.69723
1.6971
1.69721
1.69721
1.69721
1.69721
1.69721
1.69721
1.69721
1.69721
1.69721
1.69721
1.69721
1.69721
1.69721
1.69721
1.69723
1.69723
1.6971
1.69721
1.69721
1.69721
1.69721
1.69721
1.69721
1.69721
1.69721
1.69721
1.69721
1.69721
1.69721
1.69721
1.69721
1.69723
1.69723
1.6971
1.69721
1.69721
1.69721
1.69721
1.69721
1.69721
1.69721
1.69721
1.69721
1.69721
1.69721
1.69721
1.69721
1.69721
1.69723
1.69723
1.6971
1.69721
1.69721
1.69721
1.69721
1.69721
1.69722
1.69723
1.69724
1.69726
1.69727
1.70349
1.70355
1.70355
1.70355
1.70355
1.70355
1.70355
1.70355
1.70355
1.70355
1.70355
1.70355
1.70355
1.70355
1.70356
1.70356
1.70358
1.70365
1.70365
1.70365
1.70365
1.70365
1.70365
1.70365
1.70365
1.70365
1.70365
1.70365
1.70365
1.70365
1.70365
1.70365
1.70358
1.70365
1.70365
1.70365
1.70365
1.70365
1.70365
1.70365
1.70365
1.70365
1.70365
1.70365
1.70365
1.70365
1.70365
1.70365
1.70358
1.70365
1.70365
1.70365
1.70365
1.70365
1.70365
1.70365
1.70365
1.70365
1.70365
1.70365
1.70365
1.70365
1.70365
1.70365
1.70358
1.70365
1.70365
1.70365
1.70365
1.70365
1.70365
1.70365
1.70365
1.70365
1.70365
1.70365
1.70365
1.70365
1.70365
1.70365
1.70358
1.70365
1.70365
1.70365
1.70365
1.70365
1.70365
1.70365
1.70365
1.70365
1.70365
1.70365
1.70365
1.70365
1.70365
1.70365
1.70358
1.70365
1.70365
1.70365
1.70365
1.70365
1.70365
1.70365
1.70365
1.70365
1.70365
1.70365
1.70365
1.70365
1.70365
1.70365
1.70358
1.70365
1.70365
1.70365
1.70365
1.70365
1.70365
1.70365
1.70365
1.70365
1.70365
1.70365
1.70365
1.70365
1.70365
1.70365
1.70358
1.70365
1.70365
1.70365
1.70365
1.70365
1.70365
1.70365
1.70365
1.70365
1.70365
1.70365
1.70365
1.70365
1.70365
1.70365
1.70358
1.70365
1.70365
1.70365
1.70365
1.70365
1.70365
1.70365
1.70365
1.70365
1.70365
1.70365
1.70365
1.70365
1.70365
1.70365
1.70358
1.70365
1.70365
1.70365
1.70365
1.70365
1.70365
1.70365
1.70365
1.70365
1.70365
1.70365
1.70365
1.70365
1.70365
1.70365
1.70358
1.70365
1.70365
1.70365
1.70365
1.70365
1.70365
1.70365
1.70365
1.70365
1.70365
1.70365
1.70365
1.70365
1.70365
1.70365
1.70358
1.70365
1.70365
1.70365
1.70365
1.70365
1.70365
1.70365
1.70365
1.70365
1.70365
1.70365
1.70365
1.70365
1.70365
1.70365
1.70358
1.70365
1.70365
1.70365
1.70365
1.70365
1.70365
1.70365
1.70365
1.70365
1.70365
1.70365
1.70365
1.70365
1.70365
1.70365
1.70358
1.70365
1.70365
1.70365
1.70365
1.70365
1.70365
1.70365
1.70365
1.70365
1.70365
1.70365
1.70365
1.70365
1.70365
1.70365
1.70358
1.70365
1.70365
1.70365
1.70365
1.70365
1.70365
1.70365
1.70365
1.70365
1.70365
1.70365
1.70365
1.70365
1.70365
1.70365
1.70358
1.70365
1.70365
1.70365
1.70365
1.70365
1.70365
1.70365
1.70365
1.70365
1.70365
1.70365
1.70365
1.70365
1.70365
1.70365
1.70358
1.70365
1.70365
1.70365
1.70365
1.70365
1.70365
1.70365
1.70365
1.70365
1.70365
1.70365
1.70365
1.70365
1.70365
1.70365
1.70358
1.70365
1.70365
1.70365
1.70365
1.70365
1.70365
1.70365
1.70365
1.70365
1.70365
1.70365
1.70365
1.70365
1.70366
1.70366
1.70358
1.70365
1.70365
1.70365
1.70365
1.70365
1.70365
1.70365
1.70365
1.70365
1.70365
1.70365
1.70365
1.70365
1.70365
1.70366
1.70366
1.70358
1.70365
1.70365
1.70365
1.70365
1.70365
1.70365
1.70365
1.70365
1.70365
1.70365
1.70365
1.70365
1.70365
1.70365
1.70365
1.70365
1.70358
1.70365
1.70365
1.70365
1.70365
1.70365
1.70365
1.70365
1.70365
1.70365
1.70365
1.70365
1.70365
1.70365
1.70365
1.70365
1.70365
1.70358
1.70365
1.70365
1.70365
1.70365
1.70365
1.70365
1.70365
1.70365
1.70365
1.70365
1.70365
1.70365
1.70365
1.70365
1.70365
1.70365
1.70358
1.70365
1.70365
1.70365
1.70365
1.70365
1.70365
1.70365
1.70365
1.70365
1.70365
1.70365
1.70365
1.70365
1.70365
1.70365
1.70365
1.70358
1.70365
1.70365
1.70365
1.70365
1.70365
1.70365
1.70365
1.70365
1.70365
1.70365
1.70365
1.70365
1.70365
1.70365
1.70365
1.70365
1.70358
1.70365
1.70365
1.70365
1.70365
1.70365
1.70365
1.70365
1.70365
1.70365
1.70366
1.70367
1.70368
1.70368
)
;

boundaryField
{
    frontAndBack
    {
        type            slip;
    }
    inlet
    {
        type            fixedValue;
        value           nonuniform List<scalar> 0();
    }
    outlet
    {
        type            inletOutlet;
        inletValue      uniform 1.78;
        value           nonuniform List<scalar> 
130
(
0.872612
0.872612
0.872612
0.872612
0.872612
0.872612
0.872612
0.872612
0.872612
0.872612
0.872612
0.872612
0.872612
0.872612
0.872612
0.872612
0.872612
0.872612
0.872612
0.872612
0.872612
0.872612
0.872612
0.872612
0.872612
0.872612
1.69598
1.69615
1.69615
1.69615
1.69615
1.69615
1.69615
1.69615
1.69615
1.69615
1.69615
1.69615
1.69615
1.69615
1.69615
1.69615
1.69615
1.69615
1.69615
1.69615
1.69615
1.69615
1.69615
1.69615
1.69615
1.69615
1.69679
1.69696
1.69696
1.69696
1.69696
1.69696
1.69696
1.69696
1.69696
1.69696
1.69696
1.69696
1.69696
1.69696
1.69696
1.69696
1.69696
1.69696
1.69696
1.69696
1.69696
1.69696
1.69696
1.69696
1.69696
1.69696
1.69693
1.6971
1.6971
1.6971
1.6971
1.6971
1.6971
1.6971
1.6971
1.6971
1.6971
1.6971
1.6971
1.6971
1.6971
1.6971
1.6971
1.6971
1.6971
1.6971
1.6971
1.6971
1.6971
1.6971
1.6971
1.6971
1.70349
1.70358
1.70358
1.70358
1.70358
1.70358
1.70358
1.70358
1.70358
1.70358
1.70358
1.70358
1.70358
1.70358
1.70358
1.70358
1.70358
1.70358
1.70358
1.70358
1.70358
1.70358
1.70358
1.70358
1.70358
1.70358
)
;
    }
    lowerWall
    {
        beta1           0.075;
        blended         0;
        type            omegaWallFunction;
        value           uniform 0.872612;
    }
    upperWall
    {
        type            slip;
    }
    procBoundary0to1
    {
        type            processor;
        value           nonuniform List<scalar> 
135
(
0.872612
0.872612
0.872612
0.872612
0.872612
0.872612
0.872612
0.872612
0.872612
0.872612
0.872612
0.872612
0.872612
0.872612
0.872612
0.872612
1.69627
0.872612
1.69627
0.872612
0.872612
0.872612
0.872612
0.872612
0.872612
0.872612
0.872612
0.872612
1.6961
1.69627
1.69627
1.69627
1.69627
1.69627
1.69627
1.69627
1.69627
1.69627
1.69627
1.69627
1.69627
1.69627
1.69627
1.69627
1.69627
1.69627
1.6971
1.69627
1.69627
1.69627
1.69627
1.69627
1.69627
1.69627
1.69627
1.69691
1.69709
1.69709
1.69709
1.69709
1.69709
1.69709
1.69709
1.69709
1.69709
1.69709
1.69709
1.69709
1.69709
1.69709
1.69709
1.6971
1.6971
1.69709
1.69724
1.69709
1.69709
1.69709
1.69709
1.69709
1.69709
1.69709
1.69706
1.69723
1.69723
1.69723
1.69723
1.69723
1.69723
1.69723
1.69723
1.69723
1.69723
1.69723
1.69723
1.69723
1.69723
1.69723
1.69723
1.69724
1.69724
1.69723
1.70366
1.69723
1.69723
1.69723
1.69723
1.69723
1.69723
1.70356
1.70365
1.70365
1.70365
1.70365
1.70365
1.70365
1.70365
1.70365
1.70365
1.70365
1.70365
1.70365
1.70365
1.70365
1.70365
1.70365
1.70365
1.70366
1.70366
1.70365
1.70365
1.70365
1.70365
1.70365
1.70365
)
;
    }
    procBoundary0to3
    {
        type            processor;
        value           nonuniform List<scalar> 
101
(
0.872612
0.872612
0.872612
0.872612
0.872612
0.872612
0.872612
0.872612
0.872612
0.872612
0.872612
0.872612
0.872612
0.872612
0.872612
0.872612
0.872612
0.872612
0.872612
0.872612
0.872612
1.69632
1.6963
1.6963
1.6963
1.6963
1.6963
1.6963
1.6963
1.6963
1.69632
1.69632
1.69619
1.6963
1.6963
1.6963
1.69629
1.69632
1.69627
1.69632
1.6963
1.69713
1.69711
1.69711
1.69711
1.69711
1.69711
1.69711
1.69713
1.69713
1.697
1.69711
1.69711
1.69711
1.69711
1.69711
1.6971
1.69713
1.69709
1.69713
1.69711
1.69711
1.69727
1.69726
1.69726
1.69726
1.69727
1.69727
1.69715
1.69726
1.69726
1.69726
1.69726
1.69726
1.69726
1.69726
1.69726
1.69724
1.69727
1.69723
1.69727
1.69726
1.69726
1.70368
1.70368
1.70368
1.70361
1.70367
1.70367
1.70367
1.70367
1.70367
1.70367
1.70367
1.70367
1.70367
1.70367
1.70367
1.70366
1.70368
1.70365
)
;
    }
}


// ************************************************************************* //
