/*--------------------------------*- C++ -*----------------------------------*\
  =========                 |
  \\      /  F ield         | OpenFOAM: The Open Source CFD Toolbox
   \\    /   O peration     | Website:  https://openfoam.org
    \\  /    A nd           | Version:  10
     \\/     M anipulation  |
\*---------------------------------------------------------------------------*/
FoamFile
{
    format      ascii;
    class       volScalarField;
    location    "10";
    object      p;
}
// * * * * * * * * * * * * * * * * * * * * * * * * * * * * * * * * * * * * * //

dimensions      [0 2 -2 0 0 0 0];

internalField   nonuniform List<scalar> 
2083
(
-4.31218e-06
-1.22248e-05
-1.94963e-05
-2.62321e-05
-3.25135e-05
-3.83976e-05
-4.39236e-05
-4.91093e-05
-5.39713e-05
-5.85002e-05
-6.26857e-05
-6.65066e-05
-6.99345e-05
-7.29703e-05
-7.56044e-05
-7.78456e-05
-4.25232e-06
-1.20671e-05
-1.92578e-05
-2.59277e-05
-3.21595e-05
-3.80017e-05
-4.34877e-05
-4.8635e-05
-5.34485e-05
-5.79247e-05
-6.20492e-05
-6.58016e-05
-6.91697e-05
-7.21462e-05
-7.47405e-05
-7.69494e-05
-4.1534e-06
-1.17945e-05
-1.88375e-05
-2.53853e-05
-3.15127e-05
-3.72642e-05
-4.26647e-05
-4.77268e-05
-5.24475e-05
-5.68219e-05
-6.08325e-05
-6.44665e-05
-6.77251e-05
-7.06093e-05
-7.31316e-05
-7.52841e-05
-4.01752e-06
-1.14138e-05
-1.82477e-05
-2.46156e-05
-3.05789e-05
-3.61802e-05
-4.14387e-05
-4.63575e-05
-5.09325e-05
-5.51502e-05
-5.89972e-05
-6.24751e-05
-6.55903e-05
-6.83608e-05
-7.07822e-05
-7.28588e-05
-3.85062e-06
-1.094e-05
-1.7504e-05
-2.36294e-05
-2.93714e-05
-3.47639e-05
-3.98209e-05
-4.45403e-05
-4.89143e-05
-5.29264e-05
-5.65756e-05
-5.98681e-05
-6.28231e-05
-6.54525e-05
-6.77533e-05
-6.9735e-05
-3.65171e-06
-1.03771e-05
-1.6613e-05
-2.24367e-05
-2.79e-05
-3.30279e-05
-3.78279e-05
-4.22969e-05
-4.64197e-05
-5.01891e-05
-5.36069e-05
-5.66926e-05
-5.9467e-05
-6.1933e-05
-6.41034e-05
-6.59747e-05
-3.4237e-06
-9.72961e-06
-1.55814e-05
-2.10505e-05
-2.61806e-05
-3.09917e-05
-3.54852e-05
-3.9656e-05
-4.34869e-05
-4.69823e-05
-5.01484e-05
-5.3012e-05
-5.55865e-05
-5.78817e-05
-5.9912e-05
-6.16711e-05
-3.1667e-06
-8.99975e-06
-1.4419e-05
-1.94855e-05
-2.42364e-05
-2.86838e-05
-3.28289e-05
-3.66575e-05
-4.01681e-05
-4.33622e-05
-4.62653e-05
-4.88935e-05
-5.1259e-05
-5.33815e-05
-5.52629e-05
-5.69112e-05
-2.88247e-06
-8.19877e-06
-1.31462e-05
-1.77714e-05
-2.21057e-05
-2.61535e-05
-2.99141e-05
-3.33714e-05
-3.65369e-05
-3.94167e-05
-4.20412e-05
-4.44207e-05
-4.65732e-05
-4.85145e-05
-5.02473e-05
-5.17841e-05
-2.57548e-06
-7.34241e-06
-1.17875e-05
-1.59473e-05
-1.98363e-05
-2.34607e-05
-2.68068e-05
-2.9879e-05
-3.26808e-05
-3.52396e-05
-3.75709e-05
-3.96914e-05
-4.16222e-05
-4.33726e-05
-4.49619e-05
-4.63845e-05
-2.25931e-06
-6.4592e-06
-1.03851e-05
-1.40635e-05
-1.74921e-05
-2.06736e-05
-2.35925e-05
-2.62674e-05
-2.87028e-05
-3.09312e-05
-3.29622e-05
-3.48173e-05
-3.65183e-05
-3.80796e-05
-3.95198e-05
-4.08328e-05
-1.94512e-06
-5.57856e-06
-8.97972e-06
-1.21671e-05
-1.51313e-05
-1.78544e-05
-2.03491e-05
-2.2619e-05
-2.46928e-05
-2.65852e-05
-2.83146e-05
-2.99046e-05
-3.13729e-05
-3.27471e-05
-3.40309e-05
-3.52328e-05
-1.64485e-06
-4.72835e-06
-7.61071e-06
-1.0306e-05
-1.28007e-05
-1.50703e-05
-1.71402e-05
-1.90158e-05
-2.07314e-05
-2.22953e-05
-2.37302e-05
-2.50564e-05
-2.62965e-05
-2.74754e-05
-2.85982e-05
-2.96753e-05
-1.36461e-06
-3.92086e-06
-6.29966e-06
-8.50318e-06
-1.05252e-05
-1.2354e-05
-1.4002e-05
-1.55026e-05
-1.68692e-05
-1.812e-05
-1.92734e-05
-2.03459e-05
-2.1364e-05
-2.23413e-05
-2.32981e-05
-2.4233e-05
-1.11009e-06
-3.16073e-06
-5.04259e-06
-6.75612e-06
-8.3081e-06
-9.69818e-06
-1.0944e-05
-1.20834e-05
-1.31226e-05
-1.4081e-05
-1.49704e-05
-1.58076e-05
-1.66118e-05
-1.73965e-05
-1.81802e-05
-1.89658e-05
-1.97509e-05
-8.67373e-07
-2.42436e-06
-3.79922e-06
-5.0232e-06
-6.10389e-06
-7.05599e-06
-7.92106e-06
-8.71179e-06
-9.44555e-06
-1.01308e-05
-1.07785e-05
-1.14012e-05
-1.20085e-05
-1.26179e-05
-1.32329e-05
-1.38613e-05
-1.45063e-05
-6.13568e-07
-1.6605e-06
-2.51333e-06
-3.23424e-06
-3.83977e-06
-4.36673e-06
-4.85634e-06
-5.31328e-06
-5.75502e-06
-6.1828e-06
-6.60693e-06
-7.03242e-06
-7.46526e-06
-7.9117e-06
-8.37273e-06
-8.85539e-06
-9.36632e-06
-3.26493e-07
-8.1428e-07
-1.12842e-06
-1.32551e-06
-1.45321e-06
-1.5648e-06
-1.67517e-06
-1.80451e-06
-1.95477e-06
-2.13268e-06
-2.34061e-06
-2.57926e-06
-2.8508e-06
-3.14961e-06
-3.47618e-06
-3.82641e-06
-4.21213e-06
2.9292e-09
1.22563e-07
3.74676e-07
7.05268e-07
1.05118e-06
1.36404e-06
1.6357e-06
1.84332e-06
1.99008e-06
2.06816e-06
2.08021e-06
2.02726e-06
1.91529e-06
1.75728e-06
1.55944e-06
1.32292e-06
1.0427e-06
3.65956e-07
1.11637e-06
1.94912e-06
2.78931e-06
3.59942e-06
4.3486e-06
5.00451e-06
5.56405e-06
6.01733e-06
6.36585e-06
6.60853e-06
6.75232e-06
6.80961e-06
6.79072e-06
6.71925e-06
6.59527e-06
6.41016e-06
7.30645e-07
2.0926e-06
3.46984e-06
4.80499e-06
6.06752e-06
7.23458e-06
8.27889e-06
9.19412e-06
9.96824e-06
1.06011e-05
1.10935e-05
1.14531e-05
1.1695e-05
1.18406e-05
1.19066e-05
1.18957e-05
1.18108e-05
1.04936e-06
2.92012e-06
4.75624e-06
6.54416e-06
8.22705e-06
9.78253e-06
1.1203e-05
1.24708e-05
1.35782e-05
1.45116e-05
1.52737e-05
1.58694e-05
1.63254e-05
1.66534e-05
1.68759e-05
1.70053e-05
1.70342e-05
1.2056e-06
3.34531e-06
5.49196e-06
7.62993e-06
9.67254e-06
1.16035e-05
1.33923e-05
1.50126e-05
1.64518e-05
1.76914e-05
1.87344e-05
1.95903e-05
2.02732e-05
2.08136e-05
2.12181e-05
2.14943e-05
2.16659e-05
1.07352e-06
3.15685e-06
5.38127e-06
7.71748e-06
1.00519e-05
1.23254e-05
1.44792e-05
1.6459e-05
1.82365e-05
1.97979e-05
2.11351e-05
2.22587e-05
2.31894e-05
2.39483e-05
2.45447e-05
2.50027e-05
2.53538e-05
6.93234e-07
2.43445e-06
4.58781e-06
7.0152e-06
9.61672e-06
1.22076e-05
1.47296e-05
1.70885e-05
1.92352e-05
2.11304e-05
2.27783e-05
2.41873e-05
2.53945e-05
2.63995e-05
2.72374e-05
2.79335e-05
2.85436e-05
3.15589e-07
1.69722e-06
3.78161e-06
-4.10633e-06
-1.17582e-05
-1.8876e-05
-2.55157e-05
-3.1733e-05
-3.75657e-05
-4.3044e-05
-4.81864e-05
-5.30034e-05
-5.74929e-05
-6.16438e-05
-6.54386e-05
-6.88571e-05
-7.18894e-05
-7.45338e-05
-7.67944e-05
-4.05189e-06
-1.16126e-05
-1.86552e-05
-2.52326e-05
-3.13966e-05
-3.71837e-05
-4.26195e-05
-4.77196e-05
-5.24915e-05
-5.69312e-05
-6.10276e-05
-6.47642e-05
-6.81282e-05
-7.11128e-05
-7.37183e-05
-7.59496e-05
-3.95788e-06
-1.13522e-05
-1.82527e-05
-2.47081e-05
-3.07659e-05
-3.64586e-05
-4.18059e-05
-4.68185e-05
-5.14996e-05
-5.58428e-05
-5.98364e-05
-6.34694e-05
-6.67366e-05
-6.96374e-05
-7.21743e-05
-7.43512e-05
-3.82625e-06
-1.09837e-05
-1.76764e-05
-2.39488e-05
-2.98422e-05
-3.53836e-05
-4.05876e-05
-4.54599e-05
-4.99985e-05
-5.41959e-05
-5.80414e-05
-6.15309e-05
-6.46669e-05
-6.74541e-05
-6.98965e-05
-7.19971e-05
-3.66364e-06
-1.05215e-05
-1.69448e-05
-2.29742e-05
-2.86448e-05
-3.39776e-05
-3.89829e-05
-4.36618e-05
-4.80083e-05
-5.20142e-05
-5.56733e-05
-5.8988e-05
-6.19663e-05
-6.46172e-05
-6.69452e-05
-6.89524e-05
-3.47087e-06
-9.97041e-06
-1.60667e-05
-2.17959e-05
-2.71878e-05
-3.22576e-05
-3.70118e-05
-4.14472e-05
-4.55562e-05
-4.93311e-05
-5.27717e-05
-5.58861e-05
-5.86875e-05
-6.11851e-05
-6.33832e-05
-6.52867e-05
-3.24876e-06
-9.33515e-06
-1.50509e-05
-2.04275e-05
-2.54892e-05
-3.02471e-05
-3.4703e-05
-3.88506e-05
-4.26821e-05
-4.61936e-05
-4.93906e-05
-5.22872e-05
-5.48973e-05
-5.72291e-05
-5.92896e-05
-6.10836e-05
-2.99692e-06
-8.6194e-06
-1.39066e-05
-1.88849e-05
-2.35726e-05
-2.79762e-05
-3.20931e-05
-3.59158e-05
-3.94374e-05
-4.26596e-05
-4.55953e-05
-4.826e-05
-5.06668e-05
-5.28261e-05
-5.47451e-05
-5.64271e-05
-2.72116e-06
-7.83754e-06
-1.26577e-05
-1.72016e-05
-2.14808e-05
-2.54965e-05
-2.92427e-05
-3.27112e-05
-3.58994e-05
-3.88145e-05
-4.14755e-05
-4.38963e-05
-4.60919e-05
-4.8073e-05
-4.98469e-05
-5.14155e-05
-2.42682e-06
-7.00616e-06
-1.13325e-05
-1.54165e-05
-1.92623e-05
-2.28654e-05
-2.62176e-05
-2.93116e-05
-3.21501e-05
-3.47482e-05
-3.71224e-05
-3.92907e-05
-4.12672e-05
-4.30641e-05
-4.46882e-05
-4.61431e-05
-2.12489e-06
-6.15322e-06
-9.97101e-06
-1.35802e-05
-1.69772e-05
-2.01523e-05
-2.30953e-05
-2.58034e-05
-2.8285e-05
-3.05585e-05
-3.264e-05
-3.4549e-05
-3.63001e-05
-3.79072e-05
-3.93782e-05
-4.07162e-05
-1.82419e-06
-5.30316e-06
-8.60826e-06
-1.17373e-05
-1.46776e-05
-1.7416e-05
-1.99438e-05
-2.22623e-05
-2.43864e-05
-2.63322e-05
-2.812e-05
-2.97662e-05
-3.12885e-05
-3.27008e-05
-3.4013e-05
-3.52267e-05
-1.5388e-06
-4.48366e-06
-7.28363e-06
-9.93233e-06
-1.24144e-05
-1.4715e-05
-1.68291e-05
-1.87636e-05
-2.05351e-05
-2.21612e-05
-2.36592e-05
-2.50459e-05
-2.63386e-05
-2.75517e-05
-2.86957e-05
-2.97739e-05
-1.27361e-06
-3.70664e-06
-6.01231e-06
-8.18221e-06
-1.02074e-05
-1.20736e-05
-1.37816e-05
-1.53444e-05
-1.67766e-05
-1.8096e-05
-1.93164e-05
-2.04532e-05
-2.15202e-05
-2.25323e-05
-2.34993e-05
-2.44292e-05
-1.02932e-06
-2.9747e-06
-4.79078e-06
-6.4849e-06
-8.0533e-06
-9.4917e-06
-1.08068e-05
-1.20125e-05
-1.3125e-05
-1.41562e-05
-1.51177e-05
-1.60202e-05
-1.68745e-05
-1.76915e-05
-1.84788e-05
-1.92458e-05
-7.9671e-07
-2.26207e-06
-3.58463e-06
-4.79961e-06
-5.91004e-06
-6.92732e-06
-7.86182e-06
-8.72916e-06
-9.54003e-06
-1.03031e-05
-1.10261e-05
-1.1715e-05
-1.23773e-05
-1.30156e-05
-1.36371e-05
-1.42431e-05
-5.56837e-07
-1.5187e-06
-2.33693e-06
-3.06003e-06
-3.71333e-06
-4.31517e-06
-4.87887e-06
-5.41856e-06
-5.9406e-06
-6.45002e-06
-6.94999e-06
-7.44381e-06
-7.93321e-06
-8.41711e-06
-8.8918e-06
-9.3469e-06
-9.78131e-06
-2.75907e-07
-6.90981e-07
-9.78376e-07
-1.19717e-06
-1.38992e-06
-1.57567e-06
-1.77027e-06
-1.98251e-06
-2.21627e-06
-2.47283e-06
-2.75283e-06
-3.0556e-06
-3.37762e-06
-3.71272e-06
-4.0484e-06
-4.36618e-06
-4.67161e-06
5.11069e-08
2.35431e-07
5.05233e-07
7.9477e-07
1.06828e-06
1.30233e-06
1.48508e-06
1.61003e-06
1.67578e-06
1.68319e-06
1.63325e-06
1.53155e-06
1.38602e-06
1.20712e-06
1.00504e-06
8.00372e-07
5.91616e-07
4.11143e-07
1.22409e-06
2.0562e-06
2.85457e-06
3.59306e-06
4.25319e-06
4.82314e-06
5.29995e-06
5.68236e-06
5.9712e-06
6.17037e-06
6.28746e-06
6.33322e-06
6.31796e-06
6.26191e-06
6.15949e-06
6.01189e-06
7.71898e-07
2.19516e-06
3.56265e-06
4.85528e-06
6.04986e-06
7.13432e-06
8.10038e-06
8.94262e-06
9.65811e-06
1.02495e-05
1.07201e-05
1.10795e-05
1.13378e-05
1.1511e-05
1.16017e-05
1.16191e-05
1.15449e-05
1.09085e-06
3.03187e-06
4.86672e-06
6.60722e-06
8.22961e-06
9.72823e-06
1.10883e-05
1.23026e-05
1.33661e-05
1.42766e-05
1.50396e-05
1.56636e-05
1.61595e-05
1.65423e-05
1.68158e-05
1.69666e-05
1.69861e-05
1.27082e-06
3.52752e-06
5.6923e-06
7.78443e-06
9.77652e-06
1.16536e-05
1.33938e-05
1.49758e-05
1.63894e-05
1.76305e-05
1.86973e-05
1.96015e-05
2.03566e-05
2.09644e-05
2.14284e-05
2.17355e-05
2.19181e-05
1.20905e-06
3.48942e-06
5.79821e-06
8.10701e-06
1.03795e-05
1.25821e-05
1.46672e-05
1.66083e-05
1.83732e-05
1.99457e-05
2.13242e-05
2.25134e-05
2.35275e-05
2.43705e-05
2.50386e-05
2.5552e-05
2.59485e-05
9.35143e-07
2.99989e-06
5.29455e-06
7.73033e-06
1.02407e-05
1.27333e-05
1.51599e-05
1.74675e-05
1.9594e-05
2.15035e-05
2.31975e-05
2.46817e-05
2.59669e-05
2.70667e-05
2.79951e-05
2.87757e-05
2.9433e-05
6.39923e-07
2.44602e-06
4.72858e-06
7.31688e-06
1.0094e-05
1.29282e-05
-3.82663e-06
-1.11052e-05
-1.79916e-05
-2.44851e-05
-3.06015e-05
-3.63594e-05
-4.17732e-05
-4.6855e-05
-5.16113e-05
-5.60439e-05
-6.01445e-05
-6.39024e-05
-6.73031e-05
-7.03338e-05
-7.29924e-05
-7.52852e-05
-3.78114e-06
-1.09782e-05
-1.77938e-05
-2.42249e-05
-3.02869e-05
-3.59958e-05
-4.13639e-05
-4.64024e-05
-5.11153e-05
-5.55022e-05
-5.95562e-05
-6.32671e-05
-6.66226e-05
-6.96132e-05
-7.22367e-05
-7.45032e-05
-3.69558e-06
-1.07373e-05
-1.74158e-05
-2.37244e-05
-2.96775e-05
-3.52869e-05
-4.0562e-05
-4.5511e-05
-5.01356e-05
-5.44332e-05
-5.83975e-05
-6.20203e-05
-6.52924e-05
-6.8208e-05
-7.07687e-05
-7.29835e-05
-3.57181e-06
-1.03874e-05
-1.68625e-05
-2.29875e-05
-2.87735e-05
-3.42281e-05
-3.93578e-05
-4.41675e-05
-4.86557e-05
-5.28188e-05
-5.66516e-05
-6.01473e-05
-6.33007e-05
-6.61117e-05
-6.85845e-05
-7.07261e-05
-3.41523e-06
-9.94046e-06
-1.61499e-05
-2.20323e-05
-2.75942e-05
-3.28396e-05
-3.77726e-05
-4.23939e-05
-4.66998e-05
-5.06867e-05
-5.43501e-05
-5.76856e-05
-6.06929e-05
-6.33764e-05
-6.57414e-05
-6.77939e-05
-3.22807e-06
-9.40335e-06
-1.529e-05
-2.08743e-05
-2.61588e-05
-3.11448e-05
-3.5833e-05
-4.02202e-05
-4.43024e-05
-4.80758e-05
-5.15374e-05
-5.46851e-05
-5.7525e-05
-6.00636e-05
-6.23054e-05
-6.42586e-05
-3.01143e-06
-8.78214e-06
-1.42937e-05
-1.95297e-05
-2.44895e-05
-2.91708e-05
-3.35709e-05
-3.76842e-05
-4.15065e-05
-4.50341e-05
-4.82653e-05
-5.12048e-05
-5.38616e-05
-5.62426e-05
-5.83524e-05
-6.01989e-05
-2.76647e-06
-8.08405e-06
-1.31747e-05
-1.80203e-05
-2.26149e-05
-2.69533e-05
-3.10288e-05
-3.48348e-05
-3.83666e-05
-4.16212e-05
-4.46011e-05
-4.73166e-05
-4.97783e-05
-5.19923e-05
-5.39643e-05
-5.56993e-05
-2.50004e-06
-7.32482e-06
-1.19585e-05
-1.63801e-05
-2.0578e-05
-2.4543e-05
-2.82656e-05
-3.17385e-05
-3.49553e-05
-3.79162e-05
-4.06303e-05
-4.31106e-05
-4.53681e-05
-4.74081e-05
-4.92369e-05
-5.08564e-05
-2.21849e-06
-6.52313e-06
-1.0676e-05
-1.46497e-05
-1.84285e-05
-2.19982e-05
-2.53474e-05
-2.84666e-05
-3.1351e-05
-3.40058e-05
-3.64444e-05
-3.8682e-05
-4.07268e-05
-4.2586e-05
-4.42628e-05
-4.57632e-05
-1.93179e-06
-5.70449e-06
-9.36339e-06
-1.28764e-05
-1.62222e-05
-1.9383e-05
-2.23453e-05
-2.50975e-05
-2.76396e-05
-2.9982e-05
-3.21399e-05
-3.41282e-05
-3.59525e-05
-3.76221e-05
-3.91413e-05
-4.05148e-05
-1.64754e-06
-4.89053e-06
-8.05362e-06
-1.11014e-05
-1.40081e-05
-1.67534e-05
-1.93203e-05
-2.17006e-05
-2.38988e-05
-2.59279e-05
-2.78042e-05
-2.95361e-05
-3.11347e-05
-3.2607e-05
-3.39598e-05
-3.5196e-05
-1.37685e-06
-4.10414e-06
-6.77784e-06
-9.36123e-06
-1.18283e-05
-1.41555e-05
-1.6327e-05
-1.83387e-05
-2.01988e-05
-2.19194e-05
-2.35149e-05
-2.49923e-05
-2.63623e-05
-2.76311e-05
-2.88069e-05
-2.98928e-05
-1.12332e-06
-3.35489e-06
-5.54749e-06
-7.67082e-06
-9.69931e-06
-1.1611e-05
-1.33931e-05
-1.50465e-05
-1.65794e-05
-1.8004e-05
-1.93263e-05
-2.05568e-05
-2.17007e-05
-2.27641e-05
-2.37516e-05
-2.46753e-05
-8.88724e-07
-2.64427e-06
-4.36224e-06
-6.02751e-06
-7.61891e-06
-9.12112e-06
-1.05254e-05
-1.1835e-05
-1.30567e-05
-1.41995e-05
-1.52668e-05
-1.62652e-05
-1.71961e-05
-1.80607e-05
-1.88657e-05
-1.96207e-05
-6.65573e-07
-1.94795e-06
-3.19195e-06
-4.39484e-06
-5.55184e-06
-6.6507e-06
-7.68976e-06
-8.67061e-06
-9.59905e-06
-1.04771e-05
-1.13085e-05
-1.20944e-05
-1.28331e-05
-1.35223e-05
-1.41628e-05
-1.47486e-05
-4.33716e-07
-1.22477e-06
-1.97923e-06
-2.71355e-06
-3.4348e-06
-4.13659e-06
-4.81857e-06
-5.48081e-06
-6.12545e-06
-6.75219e-06
-7.3611e-06
-7.95031e-06
-8.51576e-06
-9.05218e-06
-9.54298e-06
-9.9697e-06
-1.61423e-07
-4.18363e-07
-6.59641e-07
-9.16782e-07
-1.19611e-06
-1.50029e-06
-1.82385e-06
-2.16623e-06
-2.52509e-06
-2.89845e-06
-3.28261e-06
-3.67337e-06
-4.06383e-06
-4.44222e-06
-4.79165e-06
-5.07945e-06
-5.27968e-06
1.61602e-07
4.89605e-07
7.8246e-07
1.01617e-06
1.1844e-06
1.28711e-06
1.3317e-06
1.32259e-06
1.26391e-06
1.1611e-06
1.01984e-06
8.47159e-07
6.51904e-07
4.41642e-07
2.36343e-07
6.82577e-08
-6.64229e-08
5.18199e-07
1.46967e-06
2.30979e-06
3.04123e-06
3.66083e-06
4.18166e-06
4.60901e-06
4.95243e-06
5.21765e-06
5.4119e-06
5.54187e-06
5.61542e-06
5.64e-06
5.62397e-06
5.56805e-06
5.50065e-06
5.41055e-06
8.8725e-07
2.45843e-06
3.83747e-06
5.05333e-06
6.12394e-06
7.06745e-06
7.89355e-06
8.61179e-06
9.22868e-06
9.75024e-06
1.01836e-05
1.05373e-05
1.08121e-05
1.10155e-05
1.11446e-05
1.11852e-05
1.1122e-05
1.22468e-06
3.34283e-06
5.20435e-06
6.8648e-06
8.36502e-06
9.7233e-06
1.09539e-05
1.2061e-05
1.30472e-05
1.39184e-05
1.46796e-05
1.53356e-05
1.58864e-05
1.63322e-05
1.66641e-05
1.68354e-05
1.68653e-05
1.44698e-06
3.94212e-06
6.1692e-06
8.19504e-06
1.00684e-05
1.18095e-05
1.34251e-05
1.49116e-05
1.62671e-05
1.74925e-05
1.85873e-05
1.95509e-05
2.03867e-05
2.10828e-05
2.16242e-05
2.19857e-05
2.21935e-05
1.47303e-06
4.11166e-06
6.54527e-06
8.82219e-06
1.09881e-05
1.30509e-05
1.50083e-05
1.68429e-05
1.85482e-05
2.0115e-05
2.15353e-05
2.28032e-05
2.39147e-05
2.48655e-05
2.56335e-05
2.62368e-05
2.66948e-05
1.33471e-06
3.91627e-06
6.4306e-06
8.87774e-06
1.12799e-05
1.3628e-05
1.58946e-05
1.80679e-05
2.01181e-05
2.2021e-05
2.37545e-05
2.5325e-05
2.67185e-05
2.79324e-05
2.89809e-05
2.98662e-05
3.06158e-05
1.1617e-06
3.63957e-06
6.23053e-06
8.86413e-06
1.15274e-05
1.41893e-05
1.68114e-05
1.93642e-05
-3.5899e-06
-1.05369e-05
-1.72061e-05
-2.35595e-05
-2.95805e-05
-3.52688e-05
-4.06254e-05
-4.56561e-05
-5.03636e-05
-5.47484e-05
-5.88067e-05
-6.25309e-05
-6.5911e-05
-6.89376e-05
-7.16109e-05
-7.39395e-05
-3.55045e-06
-1.04232e-05
-1.70246e-05
-2.33155e-05
-2.92814e-05
-3.49185e-05
-4.02278e-05
-4.52139e-05
-4.98786e-05
-5.42215e-05
-5.82388e-05
-6.1923e-05
-6.52649e-05
-6.8257e-05
-7.08992e-05
-7.3202e-05
-3.47154e-06
-1.01977e-05
-1.66656e-05
-2.28347e-05
-2.86896e-05
-3.4224e-05
-3.94375e-05
-4.43332e-05
-4.89114e-05
-5.31708e-05
-5.71072e-05
-6.07138e-05
-6.39826e-05
-6.69087e-05
-6.94932e-05
-7.17464e-05
-3.35447e-06
-9.86315e-06
-1.61316e-05
-2.21177e-05
-2.78039e-05
-3.31814e-05
-3.82486e-05
-4.30058e-05
-4.74521e-05
-5.15854e-05
-5.54014e-05
-5.88938e-05
-6.20567e-05
-6.48877e-05
-6.73899e-05
-6.95735e-05
-3.20241e-06
-9.4282e-06
-1.54354e-05
-2.118e-05
-2.66421e-05
-3.1811e-05
-3.66829e-05
-4.12558e-05
-4.55275e-05
-4.94952e-05
-5.31546e-05
-5.65008e-05
-5.95303e-05
-6.22424e-05
-6.46425e-05
-6.67406e-05
-3.01912e-06
-8.90234e-06
-1.45915e-05
-2.00407e-05
-2.52279e-05
-3.01408e-05
-3.47726e-05
-3.91195e-05
-4.31779e-05
-4.69448e-05
-5.04162e-05
-5.35892e-05
-5.64612e-05
-5.90358e-05
-6.13189e-05
-6.33203e-05
-2.80606e-06
-8.29214e-06
-1.3612e-05
-1.8718e-05
-2.35858e-05
-2.82002e-05
-3.25524e-05
-3.66363e-05
-4.04477e-05
-4.39829e-05
-4.72395e-05
-5.02144e-05
-5.29112e-05
-5.53349e-05
-5.74904e-05
-5.93867e-05
-2.56738e-06
-7.60942e-06
-1.25168e-05
-1.72397e-05
-2.17503e-05
-2.6031e-05
-3.00706e-05
-3.3861e-05
-3.73968e-05
-4.06749e-05
-4.36926e-05
-4.64526e-05
-4.89617e-05
-5.12229e-05
-5.32422e-05
-5.50276e-05
-2.30779e-06
-6.8684e-06
-1.13296e-05
-1.56379e-05
-1.9762e-05
-2.36814e-05
-2.73821e-05
-3.08543e-05
-3.40917e-05
-3.70919e-05
-3.98535e-05
-4.23871e-05
-4.46966e-05
-4.67865e-05
-4.86623e-05
-5.03299e-05
-2.03584e-06
-6.09078e-06
-1.00832e-05
-1.39555e-05
-1.76728e-05
-2.12112e-05
-2.45542e-05
-2.76901e-05
-3.06128e-05
-3.33188e-05
-3.58164e-05
-3.81128e-05
-4.02132e-05
-4.2123e-05
-4.38467e-05
-4.53895e-05
-1.759e-06
-5.29702e-06
-8.80905e-06
-1.22335e-05
-1.55319e-05
-1.86769e-05
-2.16497e-05
-2.44374e-05
-2.70334e-05
-2.94389e-05
-3.1665e-05
-3.37163e-05
-3.55997e-05
-3.73206e-05
-3.88829e-05
-4.02909e-05
-1.48631e-06
-4.50958e-06
-7.53986e-06
-1.05132e-05
-1.33878e-05
-1.61336e-05
-1.87298e-05
-2.11635e-05
-2.34291e-05
-2.55344e-05
-2.74841e-05
-2.92855e-05
-3.09456e-05
-3.24687e-05
-3.3859e-05
-3.51208e-05
-1.22319e-06
-3.74276e-06
-6.29656e-06
-8.82105e-06
-1.12717e-05
-1.36174e-05
-1.58364e-05
-1.79168e-05
-1.98576e-05
-2.16628e-05
-2.33378e-05
-2.48892e-05
-2.63224e-05
-2.76403e-05
-2.88481e-05
-2.99502e-05
-9.74078e-07
-3.0054e-06
-5.09169e-06
-7.17149e-06
-9.20178e-06
-1.11504e-05
-1.29972e-05
-1.47321e-05
-1.63564e-05
-1.78702e-05
-1.92785e-05
-2.0586e-05
-2.17942e-05
-2.29049e-05
-2.3922e-05
-2.48523e-05
-7.37956e-07
-2.29383e-06
-3.91882e-06
-5.55663e-06
-7.17013e-06
-8.72716e-06
-1.02106e-05
-1.16139e-05
-1.2933e-05
-1.41695e-05
-1.53255e-05
-1.6402e-05
-1.73965e-05
-1.83064e-05
-1.91335e-05
-1.98858e-05
-5.09526e-07
-1.59285e-06
-2.75428e-06
-3.95107e-06
-5.1489e-06
-6.32193e-06
-7.45383e-06
-8.53604e-06
-9.56522e-06
-1.05407e-05
-1.14615e-05
-1.23244e-05
-1.31229e-05
-1.38492e-05
-1.4501e-05
-1.5076e-05
-2.71953e-07
-8.67528e-07
-1.55482e-06
-2.3053e-06
-3.08718e-06
-3.8794e-06
-4.66656e-06
-5.43752e-06
-6.18749e-06
-6.91357e-06
-7.61146e-06
-8.27515e-06
-8.89499e-06
-9.45973e-06
-9.95045e-06
-1.03551e-05
-1.24556e-08
-8.66325e-08
-2.82277e-07
-5.72421e-07
-9.36043e-07
-1.34623e-06
-1.78753e-06
-2.2474e-06
-2.71856e-06
-3.19446e-06
-3.66859e-06
-4.13302e-06
-4.57916e-06
-4.98955e-06
-5.34004e-06
-5.60513e-06
2.91463e-07
7.86079e-07
1.10735e-06
1.2901e-06
1.35673e-06
1.3375e-06
1.2523e-06
1.11671e-06
9.41048e-07
7.34981e-07
5.06883e-07
2.64555e-07
1.41646e-08
-2.31633e-07
-4.5394e-07
-5.86064e-07
-6.37812e-07
6.47326e-07
1.75811e-06
2.62198e-06
3.28598e-06
3.79542e-06
4.18124e-06
4.47304e-06
4.68847e-06
4.84153e-06
4.94326e-06
5.00361e-06
5.02668e-06
5.01704e-06
4.97195e-06
4.9159e-06
4.885e-06
4.86055e-06
1.03488e-06
2.7875e-06
4.18886e-06
5.33268e-06
6.28492e-06
7.08932e-06
7.77882e-06
8.37529e-06
8.89331e-06
9.34431e-06
9.73627e-06
1.00709e-05
1.03477e-05
1.05583e-05
1.07056e-05
1.0752e-05
1.07341e-05
1.40063e-06
3.72834e-06
5.62469e-06
7.21669e-06
8.59148e-06
9.80767e-06
1.08997e-05
1.18898e-05
1.2792e-05
1.36147e-05
1.43613e-05
1.50295e-05
1.56121e-05
1.61021e-05
1.6466e-05
1.6668e-05
1.67154e-05
1.66145e-06
4.43211e-06
6.7226e-06
8.68963e-06
1.04391e-05
1.20324e-05
1.35053e-05
1.48757e-05
1.61538e-05
1.73426e-05
1.84405e-05
1.94394e-05
2.03284e-05
2.10941e-05
2.16939e-05
2.21052e-05
2.23521e-05
1.76596e-06
4.77742e-06
7.32958e-06
9.57682e-06
1.16302e-05
1.35468e-05
1.53564e-05
1.70706e-05
1.86917e-05
2.02166e-05
2.16387e-05
2.2947e-05
2.41289e-05
2.51575e-05
2.60102e-05
2.66822e-05
2.7199e-05
1.74031e-06
4.83303e-06
7.54059e-06
1.00001e-05
1.23083e-05
1.45128e-05
1.66333e-05
1.86685e-05
2.06112e-05
2.24547e-05
2.41843e-05
2.57898e-05
2.72558e-05
2.8558e-05
2.96944e-05
3.06722e-05
3.15028e-05
1.68578e-06
4.80782e-06
7.6605e-06
1.0337e-05
1.29181e-05
1.54331e-05
1.78867e-05
2.02713e-05
2.257e-05
2.47537e-05
2.68164e-05
-3.4562e-06
-1.02117e-05
-1.67517e-05
-2.30185e-05
-2.89826e-05
-3.46291e-05
-3.99526e-05
-4.49538e-05
-4.9634e-05
-5.39925e-05
-5.8027e-05
-6.17317e-05
-6.50997e-05
-6.81254e-05
-7.08108e-05
-7.31636e-05
-3.41797e-06
-1.0102e-05
-1.65755e-05
-2.27807e-05
-2.86881e-05
-3.42823e-05
-3.95572e-05
-4.45133e-05
-4.91508e-05
-5.34692e-05
-5.74653e-05
-6.11334e-05
-6.44666e-05
-6.74603e-05
-7.01168e-05
-7.24445e-05
-3.34197e-06
-9.88381e-06
-1.62261e-05
-2.231e-05
-2.81053e-05
-3.35954e-05
-3.87736e-05
-4.36389e-05
-4.81911e-05
-5.24288e-05
-5.63486e-05
-5.99446e-05
-6.321e-05
-6.6142e-05
-6.87436e-05
-7.10234e-05
-3.22821e-06
-9.55725e-06
-1.57024e-05
-2.16039e-05
-2.72299e-05
-3.25624e-05
-3.7594e-05
-4.23218e-05
-4.67447e-05
-5.08607e-05
-5.46659e-05
-5.81544e-05
-6.13203e-05
-6.41625e-05
-6.66854e-05
-6.88977e-05
-3.07874e-06
-9.12919e-06
-1.50157e-05
-2.06769e-05
-2.60794e-05
-3.12041e-05
-3.60417e-05
-4.05878e-05
-4.48402e-05
-4.87965e-05
-5.24521e-05
-5.58015e-05
-5.88403e-05
-6.1569e-05
-6.3993e-05
-6.61215e-05
-2.89793e-06
-8.60964e-06
-1.41808e-05
-1.95488e-05
-2.46784e-05
-2.95491e-05
-3.41495e-05
-3.84738e-05
-4.25188e-05
-4.6281e-05
-4.97558e-05
-5.29386e-05
-5.58269e-05
-5.84228e-05
-6.0733e-05
-6.27664e-05
-2.68689e-06
-8.00564e-06
-1.32115e-05
-1.82397e-05
-2.30531e-05
-2.76291e-05
-3.19545e-05
-3.60221e-05
-3.9827e-05
-4.33652e-05
-4.66323e-05
-4.96249e-05
-5.23437e-05
-5.47919e-05
-5.69759e-05
-5.89042e-05
-2.452e-06
-7.33211e-06
-1.21304e-05
-1.67799e-05
-2.12409e-05
-2.54886e-05
-2.95077e-05
-3.3289e-05
-3.68265e-05
-4.01154e-05
-4.31521e-05
-4.59364e-05
-4.84707e-05
-5.07589e-05
-5.28076e-05
-5.46247e-05
-2.19613e-06
-6.60156e-06
-1.09599e-05
-1.52007e-05
-1.92813e-05
-2.31744e-05
-2.68624e-05
-3.03341e-05
-3.35819e-05
-3.66011e-05
-3.93901e-05
-4.19518e-05
-4.42893e-05
-4.64072e-05
-4.83116e-05
-5.00086e-05
-1.9298e-06
-5.83743e-06
-9.734e-06
-1.35458e-05
-1.72269e-05
-2.0747e-05
-2.4086e-05
-2.72306e-05
-3.01725e-05
-3.29073e-05
-3.54368e-05
-3.77647e-05
-3.98954e-05
-4.18336e-05
-4.35849e-05
-4.51541e-05
-1.65745e-06
-5.05621e-06
-8.4804e-06
-1.18525e-05
-1.51228e-05
-1.82584e-05
-2.12365e-05
-2.40425e-05
-2.66676e-05
-2.91094e-05
-3.13711e-05
-3.3457e-05
-3.53721e-05
-3.71211e-05
-3.87086e-05
-4.01382e-05
-1.39005e-06
-4.28131e-06
-7.2319e-06
-1.01614e-05
-1.30169e-05
-1.57629e-05
-1.83746e-05
-2.08365e-05
-2.31407e-05
-2.52864e-05
-2.72763e-05
-2.91153e-05
-3.08081e-05
-3.2359e-05
-3.37722e-05
-3.50513e-05
-1.12871e-06
-3.52095e-06
-6.00352e-06
-8.49293e-06
-1.09347e-05
-1.32905e-05
-1.55352e-05
-1.76537e-05
-1.9639e-05
-2.14898e-05
-2.32088e-05
-2.48e-05
-2.62667e-05
-2.76122e-05
-2.88402e-05
-2.99544e-05
-8.79421e-07
-2.78538e-06
-4.80708e-06
-6.86168e-06
-8.89347e-06
-1.08633e-05
-1.27459e-05
-1.45273e-05
-1.62006e-05
-1.77641e-05
-1.92194e-05
-2.05679e-05
-2.18106e-05
-2.29479e-05
-2.39836e-05
-2.49227e-05
-6.36435e-07
-2.06487e-06
-3.63084e-06
-5.25539e-06
-6.88105e-06
-8.47077e-06
-9.99931e-06
-1.14536e-05
-1.28263e-05
-1.4115e-05
-1.53189e-05
-1.64364e-05
-1.74633e-05
-1.83965e-05
-1.92377e-05
-1.99923e-05
-3.98504e-07
-1.35118e-06
-2.46191e-06
-3.65625e-06
-4.87999e-06
-6.09531e-06
-7.2793e-06
-8.41809e-06
-9.50403e-06
-1.05331e-05
-1.15018e-05
-1.24042e-05
-1.32315e-05
-1.3975e-05
-1.46253e-05
-1.51956e-05
-1.56702e-07
-6.21916e-07
-1.27105e-06
-2.02995e-06
-2.85151e-06
-3.69624e-06
-4.54282e-06
-5.37579e-06
-6.18649e-06
-6.9684e-06
-7.71537e-06
-8.41866e-06
-9.06641e-06
-9.63655e-06
-1.01214e-05
-1.05285e-05
9.35116e-08
1.40432e-07
-2.62841e-08
-3.40968e-07
-7.53391e-07
-1.22766e-06
-1.73788e-06
-2.26729e-06
-2.80438e-06
-3.34037e-06
-3.86674e-06
-4.37557e-06
-4.85283e-06
-5.27988e-06
-5.64133e-06
-5.88692e-06
3.80589e-07
9.86348e-07
1.33272e-06
1.479e-06
1.48571e-06
1.39219e-06
1.22972e-06
1.01823e-06
7.72755e-07
5.04581e-07
2.23759e-07
-6.49547e-08
-3.54384e-07
-6.36567e-07
-8.60668e-07
-9.69738e-07
7.36033e-07
1.96299e-06
2.8428e-06
3.4671e-06
3.9064e-06
4.21432e-06
4.42558e-06
4.56545e-06
4.6518e-06
4.69888e-06
4.71571e-06
4.70483e-06
4.66185e-06
4.59706e-06
4.5446e-06
4.51452e-06
4.55489e-06
1.14445e-06
3.01421e-06
4.43332e-06
5.53698e-06
6.41696e-06
7.14062e-06
7.75004e-06
8.27421e-06
8.73318e-06
9.14147e-06
9.50625e-06
9.82461e-06
1.00927e-05
1.03025e-05
1.04469e-05
1.05153e-05
1.05108e-05
1.52006e-06
3.9962e-06
5.91346e-06
7.46235e-06
8.76415e-06
9.8958e-06
1.09055e-05
1.18241e-05
1.26715e-05
1.34599e-05
1.41908e-05
1.48598e-05
1.54608e-05
1.59691e-05
1.63441e-05
1.65563e-05
1.66229e-05
1.80529e-06
4.75143e-06
7.07639e-06
9.00641e-06
1.06808e-05
1.21861e-05
1.35701e-05
1.48638e-05
1.60844e-05
1.72379e-05
1.83225e-05
1.93331e-05
2.02489e-05
2.10418e-05
2.16646e-05
2.21021e-05
2.23846e-05
1.95123e-06
5.1954e-06
7.8075e-06
1.00313e-05
1.20138e-05
1.38422e-05
1.55618e-05
1.71947e-05
1.87506e-05
2.02338e-05
2.1642e-05
2.29585e-05
2.41614e-05
2.52241e-05
2.61054e-05
2.68215e-05
2.73861e-05
1.99586e-06
5.39982e-06
8.20977e-06
1.06668e-05
1.29182e-05
1.50434e-05
1.7077e-05
1.90298e-05
2.09033e-05
2.26957e-05
2.4402e-05
2.60052e-05
2.74901e-05
2.8826e-05
3.00121e-05
3.10523e-05
3.19206e-05
2.01685e-06
5.53544e-06
8.52041e-06
1.12113e-05
1.37404e-05
1.61778e-05
1.85463e-05
2.08435e-05
2.30525e-05
2.51783e-05
2.71991e-05
2.91091e-05
3.09016e-05
3.2574e-05
)
;

boundaryField
{
    frontAndBack
    {
        type            slip;
    }
    inlet
    {
        type            zeroGradient;
    }
    outlet
    {
        type            fixedValue;
        value           uniform 0;
    }
    lowerWall
    {
        type            zeroGradient;
    }
    upperWall
    {
        type            slip;
    }
    procBoundary0to1
    {
        type            processor;
        value           nonuniform List<scalar> 
135
(
-7.9694e-05
-7.87759e-05
-7.70711e-05
-7.45848e-05
-7.13853e-05
-6.75476e-05
-6.31635e-05
-5.83195e-05
-5.31116e-05
-4.76408e-05
-4.20193e-05
-3.63406e-05
-3.0695e-05
-2.51486e-05
-2.51486e-05
-2.05211e-05
-1.99976e-05
-1.51541e-05
-1.48428e-05
-9.88761e-06
-4.62504e-06
7.13667e-07
6.15495e-06
1.16455e-05
1.69777e-05
2.17502e-05
2.56289e-05
2.90931e-05
-7.86778e-05
-7.78115e-05
-7.61724e-05
-7.37601e-05
-7.06433e-05
-6.68983e-05
-6.26126e-05
-5.78733e-05
-5.27798e-05
-4.7427e-05
-4.19174e-05
-3.63393e-05
-3.07858e-05
-2.53194e-05
-1.99976e-05
-1.48428e-05
-1.48428e-05
-1.01977e-05
-1.03178e-05
-4.96071e-06
3.58027e-07
5.81792e-06
1.13914e-05
1.69216e-05
2.20015e-05
2.62442e-05
3.00227e-05
-7.72309e-05
-7.64247e-05
-7.48626e-05
-7.2548e-05
-6.95456e-05
-6.59317e-05
-6.17891e-05
-5.72053e-05
-5.22747e-05
-4.70899e-05
-4.17426e-05
-3.63169e-05
-3.08921e-05
-2.55408e-05
-2.03272e-05
-1.52789e-05
-1.03178e-05
-1.03178e-05
-5.44863e-06
-5.76591e-06
-1.85595e-07
5.29915e-06
1.1012e-05
1.68031e-05
2.22816e-05
2.70301e-05
3.1256e-05
-7.59439e-05
-7.51811e-05
-7.36832e-05
-7.14528e-05
-6.85507e-05
-6.50525e-05
-6.10353e-05
-5.65884e-05
-5.17977e-05
-4.6757e-05
-4.15483e-05
-3.62563e-05
-3.09494e-05
-2.5701e-05
-2.05713e-05
-1.55717e-05
-1.06731e-05
-5.76591e-06
-5.76591e-06
-6.53623e-07
-9.57684e-07
4.84098e-06
1.06855e-05
1.66821e-05
2.24838e-05
2.75889e-05
3.21904e-05
-7.5199e-05
-7.44557e-05
-7.29934e-05
-7.08112e-05
-6.7967e-05
-6.45337e-05
-6.05878e-05
-5.62178e-05
-5.1506e-05
-4.6546e-05
-4.14149e-05
-3.61981e-05
-3.09588e-05
-2.57691e-05
-2.067e-05
-1.57094e-05
-1.08537e-05
-6.01492e-06
-9.57684e-07
-9.57684e-07
4.61299e-06
1.0493e-05
1.66372e-05
2.25539e-05
2.77971e-05
3.26438e-05
)
;
    }
    procBoundary0to3
    {
        type            processor;
        value           nonuniform List<scalar> 
101
(
6.35491e-06
9.22359e-06
1.21676e-05
1.50927e-05
1.78998e-05
2.0451e-05
2.27156e-05
2.47008e-05
2.64566e-05
2.79964e-05
2.93389e-05
3.05159e-05
3.15731e-05
3.25358e-05
1.32644e-07
1.36492e-06
6.35491e-06
3.50186e-06
6.35491e-06
9.22359e-06
1.21676e-05
1.57608e-05
1.84637e-05
2.09758e-05
2.32604e-05
2.5301e-05
2.71216e-05
2.87386e-05
3.01706e-05
3.14431e-05
3.25717e-05
3.3604e-05
4.8248e-07
2.16764e-06
4.54069e-06
7.35787e-06
1.04604e-05
1.57608e-05
1.37458e-05
1.57608e-05
1.84637e-05
2.17997e-05
2.40522e-05
2.61255e-05
2.80169e-05
2.97338e-05
3.12765e-05
3.26627e-05
3.39121e-05
3.50392e-05
1.0627e-06
3.50238e-06
6.22758e-06
9.12155e-06
1.21347e-05
1.52068e-05
1.82801e-05
2.17997e-05
2.12856e-05
2.17997e-05
2.40522e-05
2.61255e-05
2.87463e-05
3.05161e-05
3.2137e-05
3.3615e-05
3.49656e-05
3.61667e-05
1.6644e-06
4.8479e-06
7.8716e-06
1.08148e-05
1.3736e-05
1.66339e-05
1.95072e-05
2.23233e-05
2.50364e-05
2.7626e-05
2.87463e-05
3.00686e-05
2.87463e-05
3.05161e-05
3.2137e-05
3.41284e-05
3.55047e-05
3.6754e-05
2.04966e-06
5.69028e-06
8.86506e-06
1.18213e-05
1.46792e-05
1.74897e-05
2.02591e-05
2.29674e-05
2.55936e-05
2.81104e-05
3.05095e-05
3.27778e-05
3.49359e-05
3.41284e-05
3.69897e-05
)
;
    }
}


// ************************************************************************* //
