/*--------------------------------*- C++ -*----------------------------------*\
  =========                 |
  \\      /  F ield         | OpenFOAM: The Open Source CFD Toolbox
   \\    /   O peration     | Website:  https://openfoam.org
    \\  /    A nd           | Version:  10
     \\/     M anipulation  |
\*---------------------------------------------------------------------------*/
FoamFile
{
    format      ascii;
    class       surfaceScalarField;
    location    "10";
    object      phi;
}
// * * * * * * * * * * * * * * * * * * * * * * * * * * * * * * * * * * * * * //

dimensions      [0 3 -1 0 0 0 0];

internalField   nonuniform List<scalar> 
5609
(
-200
6.96337e-06
4.85251e-06
-200
6.9278e-06
3.71083e-06
-200
6.38359e-06
2.35002e-06
-200
5.92933e-06
1.47545e-06
-200
5.45845e-06
1.01906e-06
-200
5.07109e-06
7.55447e-07
-200
4.80957e-06
7.297e-07
-200
4.52617e-06
7.4064e-07
-200
4.50943e-06
9.17445e-07
-200
4.55463e-06
1.04946e-06
-200
4.75077e-06
1.21214e-06
-200
5.15341e-06
1.28409e-06
-200
5.22958e-06
1.20923e-06
-200
5.41461e-06
1.18855e-06
-200
5.23214e-06
1.24089e-06
4.99654e-06
1.46961e-06
-200
1.44997e-05
4.88233e-06
-200
1.4596e-05
3.56177e-06
-200
1.34676e-05
2.09956e-06
-200
1.24347e-05
1.22197e-06
-200
1.1629e-05
6.89167e-07
-200
1.09584e-05
3.86687e-07
-200
1.04551e-05
3.09313e-07
-200
1.01001e-05
3.07221e-07
-200
1.00996e-05
3.56843e-07
-200
1.03239e-05
4.45956e-07
-200
1.08773e-05
4.64392e-07
-200
1.15096e-05
4.69439e-07
-200
1.18688e-05
3.26347e-07
-200
1.19429e-05
2.85744e-07
-200
1.16736e-05
4.29736e-07
1.12627e-05
5.63357e-07
-200
2.16892e-05
4.79744e-06
-200
2.18735e-05
3.48434e-06
-200
2.01887e-05
2.00637e-06
-200
1.86232e-05
1.21799e-06
-200
1.75518e-05
6.903e-07
-200
1.66898e-05
4.40999e-07
-200
1.60406e-05
3.61585e-07
-200
1.5703e-05
4.07854e-07
-200
1.57312e-05
4.78218e-07
-200
1.62053e-05
5.50637e-07
-200
1.69529e-05
6.0357e-07
-200
1.76513e-05
5.26655e-07
-200
1.81212e-05
4.14404e-07
-200
1.79759e-05
4.20413e-07
-200
1.77216e-05
5.45895e-07
1.71055e-05
6.86272e-07
-200
2.84733e-05
4.71685e-06
-200
2.86541e-05
3.33924e-06
-200
2.65142e-05
1.88344e-06
-200
2.46633e-05
1.07771e-06
-200
2.32941e-05
6.21657e-07
-200
2.22714e-05
4.36438e-07
-200
2.15627e-05
4.50219e-07
-200
2.12532e-05
5.05523e-07
-200
2.14123e-05
6.2371e-07
-200
2.20781e-05
6.92062e-07
-200
2.28207e-05
6.82776e-07
-200
2.35685e-05
5.34369e-07
-200
2.38017e-05
4.6176e-07
-200
2.37108e-05
4.87777e-07
-200
2.33272e-05
5.49941e-07
2.26174e-05
7.39164e-07
-200
3.48074e-05
4.68146e-06
-200
3.4851e-05
3.25936e-06
-200
3.24e-05
1.83557e-06
-200
3.03661e-05
1.03381e-06
-200
2.87846e-05
6.50293e-07
-200
2.76466e-05
5.15508e-07
-200
2.69297e-05
5.69593e-07
-200
2.66759e-05
6.63313e-07
-200
2.70206e-05
7.90007e-07
-200
2.76701e-05
8.44649e-07
-200
2.84275e-05
7.30525e-07
-200
2.90101e-05
5.75216e-07
-200
2.91146e-05
4.91533e-07
-200
2.90716e-05
5.02588e-07
-200
2.84866e-05
5.41893e-07
2.7752e-05
7.78003e-07
-200
4.06706e-05
4.54144e-06
-200
4.04947e-05
3.16628e-06
-200
3.78851e-05
1.76191e-06
-200
3.5662e-05
1.0346e-06
-200
3.39961e-05
6.72016e-07
-200
3.28192e-05
5.87727e-07
-200
3.21226e-05
6.28912e-07
-200
3.20454e-05
7.39436e-07
-200
3.24463e-05
8.31446e-07
-200
3.31153e-05
7.94173e-07
-200
3.37575e-05
5.85792e-07
-200
3.40729e-05
4.86363e-07
-200
3.41898e-05
4.24265e-07
-200
3.39624e-05
3.89204e-07
-200
3.33149e-05
5.07954e-07
3.24866e-05
5.99155e-07
-200
4.59366e-05
4.4798e-06
-200
4.55098e-05
3.15733e-06
-200
4.28299e-05
1.77889e-06
-200
4.0502e-05
1.11279e-06
-200
3.88216e-05
7.70596e-07
-200
3.76985e-05
7.01832e-07
-200
3.70785e-05
7.30806e-07
-200
3.72379e-05
8.14521e-07
-200
3.75845e-05
8.16568e-07
-200
3.83061e-05
6.65332e-07
-200
3.8637e-05
5.19255e-07
-200
3.88187e-05
4.13046e-07
-200
3.88043e-05
3.77561e-07
-200
3.83699e-05
3.25385e-07
-200
3.77306e-05
4.28296e-07
3.67073e-05
5.51202e-07
-200
5.05332e-05
4.40714e-06
-200
4.98569e-05
3.09553e-06
-200
4.72118e-05
1.81444e-06
-200
4.49174e-05
1.11884e-06
-200
4.3309e-05
8.40747e-07
-200
4.22734e-05
7.39087e-07
-200
4.19122e-05
7.50922e-07
-200
4.20869e-05
7.80896e-07
-200
4.25485e-05
6.5334e-07
-200
4.30413e-05
4.54536e-07
-200
4.31996e-05
3.38734e-07
-200
4.32481e-05
2.61901e-07
-200
4.29758e-05
1.68185e-07
-200
4.25042e-05
1.68813e-07
-200
4.16888e-05
2.10022e-07
4.05872e-05
3.93156e-07
-200
5.42991e-05
4.30894e-06
-200
5.34079e-05
3.08378e-06
-200
5.09764e-05
1.8939e-06
-200
4.88014e-05
1.21901e-06
-200
4.74023e-05
9.4314e-07
-200
4.65046e-05
8.27588e-07
-200
4.64691e-05
8.02901e-07
-200
4.65817e-05
6.84903e-07
-200
4.71296e-05
5.01029e-07
-200
4.72242e-05
3.80686e-07
-200
4.73034e-05
2.68544e-07
-200
4.71076e-05
2.03926e-07
-200
4.66912e-05
5.87849e-08
-200
4.61765e-05
5.31745e-08
-200
4.5189e-05
7.27619e-09
4.40242e-05
2.96238e-07
-200
5.71842e-05
4.02826e-06
-200
5.61805e-05
3.01813e-06
-200
5.41193e-05
1.86266e-06
-200
5.22975e-05
1.25657e-06
-200
5.11002e-05
9.56021e-07
-200
5.05971e-05
8.14132e-07
-200
5.06093e-05
7.10449e-07
-200
5.08796e-05
5.02872e-07
-200
5.11262e-05
3.39503e-07
-200
5.10506e-05
2.32105e-07
-200
5.08961e-05
1.75393e-07
-200
5.04846e-05
9.94583e-09
-200
5.00272e-05
-1.18486e-07
-200
4.93087e-05
-2.54411e-07
-200
4.83009e-05
-1.44166e-07
4.70597e-05
-6.92515e-08
-200
5.91285e-05
3.79937e-06
-200
5.81099e-05
3.00423e-06
-200
5.65365e-05
1.92514e-06
-200
5.53588e-05
1.32817e-06
-200
5.44425e-05
1.01337e-06
-200
5.43911e-05
8.45677e-07
-200
5.43489e-05
5.962e-07
-200
5.47146e-05
4.28389e-07
-200
5.45264e-05
3.03561e-07
-200
5.43645e-05
2.1455e-07
-200
5.38705e-05
1.78386e-07
-200
5.33685e-05
-1.31009e-07
-200
5.27712e-05
-2.43039e-07
-200
5.18616e-05
-3.88638e-07
-200
5.08767e-05
-3.13435e-07
4.9555e-05
-2.33276e-07
-200
6.02221e-05
3.54131e-06
-200
5.94037e-05
2.8873e-06
-200
5.83407e-05
1.94806e-06
-200
5.79684e-05
1.31356e-06
-200
5.77419e-05
9.5504e-07
-200
5.77547e-05
6.83095e-07
-200
5.78808e-05
4.62659e-07
-200
5.79075e-05
3.08353e-07
-200
5.75685e-05
1.98613e-07
-200
5.71224e-05
1.58239e-07
-200
5.64595e-05
-9.73574e-08
-200
5.57937e-05
-2.53013e-07
-200
5.49601e-05
-5.0957e-07
-200
5.40585e-05
-5.9894e-07
-200
5.29567e-05
-6.22299e-07
5.17009e-05
-5.01396e-07
-200
6.06367e-05
3.31145e-06
-200
6.01484e-05
2.87579e-06
-200
5.96473e-05
1.98071e-06
-200
6.01339e-05
1.37044e-06
-200
6.0786e-05
9.37557e-07
-200
6.06657e-05
6.39302e-07
-200
6.08981e-05
4.46694e-07
-200
6.04669e-05
3.11031e-07
-200
6.00684e-05
2.13965e-07
-200
5.92519e-05
1.91639e-07
-200
5.84929e-05
-8.81843e-08
-200
5.7625e-05
-2.84277e-07
-200
5.66351e-05
-5.82654e-07
-200
5.57392e-05
-6.85944e-07
-200
5.45481e-05
-7.85696e-07
5.32911e-05
-5.87205e-07
-200
6.08037e-05
2.95533e-06
-200
6.04985e-05
2.84242e-06
-200
6.07943e-05
1.9371e-06
-200
6.19743e-05
1.36164e-06
-200
6.33826e-05
8.29878e-07
-200
6.33402e-05
5.42075e-07
-200
6.31706e-05
3.67104e-07
-200
6.26289e-05
2.37864e-07
-200
6.19478e-05
2.02435e-07
-200
6.10157e-05
-2.16636e-08
-200
6.00511e-05
-1.06149e-07
-200
5.89945e-05
-3.98249e-07
-200
5.79731e-05
-6.18353e-07
-200
5.69338e-05
-8.35542e-07
-200
5.57364e-05
-8.26137e-07
5.45238e-05
-9.00646e-07
-200
6.09267e-05
2.92858e-06
-200
6.06919e-05
2.83695e-06
-200
6.18067e-05
1.9566e-06
-200
6.35263e-05
1.30789e-06
-200
6.54521e-05
8.12371e-07
-200
6.54118e-05
5.07575e-07
-200
6.47343e-05
3.57472e-07
-200
6.42064e-05
2.25511e-07
-200
6.31942e-05
2.1804e-07
-200
6.22023e-05
5.59994e-08
-200
6.10477e-05
-4.95422e-08
-200
5.98776e-05
-2.91823e-07
-200
5.88236e-05
-4.95792e-07
-200
5.76953e-05
-7.46456e-07
-200
5.65468e-05
-8.57124e-07
-200
5.5282e-05
-7.68271e-07
5.40133e-05
-200
6.13225e-05
2.78702e-06
-200
6.11409e-05
2.80409e-06
-200
6.25934e-05
1.87772e-06
-200
6.49111e-05
1.15935e-06
-200
6.70656e-05
6.7808e-07
-200
6.65694e-05
4.14209e-07
-200
6.58706e-05
2.05278e-07
-200
6.51002e-05
1.44938e-07
-200
6.40444e-05
2.45481e-08
-200
6.28808e-05
7.2646e-09
-200
6.16054e-05
-1.08582e-07
-200
6.03855e-05
-2.27895e-07
-200
5.92513e-05
-4.63677e-07
-200
5.81204e-05
-5.37994e-07
-200
5.69871e-05
-6.77407e-07
-200
5.58023e-05
-8.35046e-07
5.46239e-05
-200
6.20413e-05
2.49553e-06
-200
6.16569e-05
2.94021e-06
-200
6.30299e-05
1.90112e-06
-200
6.58131e-05
1.15528e-06
-200
6.78289e-05
6.49848e-07
-200
6.69054e-05
3.59376e-07
-200
6.63686e-05
1.05781e-07
-200
6.5359e-05
3.94522e-08
-200
6.43309e-05
-2.39346e-08
-200
6.30298e-05
-6.41722e-08
-200
6.17e-05
-1.11163e-07
-200
6.04464e-05
-1.7879e-07
-200
5.92464e-05
-2.35362e-07
-200
5.82163e-05
-3.4825e-07
-200
5.71666e-05
-5.64583e-07
-200
5.59514e-05
-6.59782e-07
5.47372e-05
-2.87703e-07
-200
6.25991e-05
2.37812e-06
-200
6.17343e-05
3.00132e-06
-200
6.31533e-05
1.95413e-06
-200
6.58633e-05
1.18912e-06
-200
6.75088e-05
6.30012e-07
-200
6.67684e-05
1.75989e-07
-200
6.6117e-05
-6.1795e-08
-200
6.51907e-05
-1.93736e-07
-200
6.41014e-05
-2.49152e-07
-200
6.27966e-05
-2.99668e-07
-200
6.14419e-05
-2.83876e-07
-200
6.01476e-05
-2.88678e-07
-200
5.89787e-05
-2.21399e-07
-200
5.78789e-05
-1.60203e-07
-200
5.68197e-05
-7.74872e-08
-200
5.57282e-05
-3.74076e-07
5.4539e-05
-2.9686e-07
-200
6.19976e-05
2.61473e-06
-200
6.0758e-05
3.31798e-06
-200
6.2357e-05
2.19696e-06
-200
6.48555e-05
1.29686e-06
-200
6.62921e-05
6.55642e-07
-200
6.5938e-05
1.17771e-07
-200
6.51782e-05
-1.76912e-07
-200
6.44609e-05
-3.41924e-07
-200
6.33662e-05
-4.74153e-07
-200
6.2139e-05
-5.15494e-07
-200
6.0805e-05
-5.14903e-07
-200
5.948e-05
-3.88095e-07
-200
5.82899e-05
-1.30672e-07
-200
5.72436e-05
-6.87453e-08
-200
5.63256e-05
-1.82184e-07
-200
5.52577e-05
-3.12037e-07
5.41372e-05
-4.45918e-07
-200
5.94225e-05
2.88411e-06
-200
5.84139e-05
3.78414e-06
-200
5.99348e-05
2.56481e-06
-200
6.28547e-05
1.48518e-06
-200
6.46078e-05
6.17299e-07
-200
6.426e-05
3.93127e-08
-200
6.38137e-05
-3.43232e-07
-200
6.32065e-05
-6.29736e-07
-200
6.22862e-05
-7.90264e-07
-200
6.11706e-05
-9.20326e-07
-200
5.98991e-05
-8.70096e-07
-200
5.85958e-05
-6.68583e-07
-200
5.73913e-05
-4.70179e-07
-200
5.62866e-05
9.52457e-09
-200
5.54377e-05
-4.26421e-08
-200
5.45683e-05
-3.70825e-07
5.35604e-05
-6.72782e-07
-200
5.40815e-05
3.55364e-06
-200
5.39118e-05
4.74554e-06
-200
5.59594e-05
3.2474e-06
-200
5.95909e-05
1.99668e-06
-200
6.19883e-05
9.42018e-07
-200
6.18894e-05
2.06738e-07
-200
6.18892e-05
-3.64455e-07
-200
6.14228e-05
-7.21661e-07
-200
6.07559e-05
-9.88206e-07
-200
5.97655e-05
-1.09952e-06
-200
5.85516e-05
-1.02884e-06
-200
5.72803e-05
-7.90974e-07
-200
5.60347e-05
-3.65655e-07
-200
5.50015e-05
-1.23985e-07
-200
5.42398e-05
-1.60947e-07
-200
5.33098e-05
-7.37393e-08
5.24422e-05
-3.09015e-07
-200
4.57793e-05
4.22754e-06
-200
4.76771e-05
5.57924e-06
-200
5.11223e-05
3.99891e-06
-200
5.52071e-05
2.53372e-06
-200
5.84894e-05
1.24577e-06
-200
5.92805e-05
2.0883e-07
-200
5.96716e-05
-4.98609e-07
-200
5.95145e-05
-9.5097e-07
-200
5.88859e-05
-1.23976e-06
-200
5.80494e-05
-1.34798e-06
-200
5.67932e-05
-1.22735e-06
-200
5.56563e-05
-8.85173e-07
-200
5.43921e-05
-6.53824e-07
-200
5.3466e-05
-3.54042e-07
-200
5.25554e-05
8.17397e-09
-200
5.17977e-05
-2.70038e-07
5.1292e-05
-4.06357e-07
-200
3.60037e-05
4.92691e-06
-200
4.14778e-05
6.27732e-06
-200
4.67264e-05
4.25522e-06
-200
5.07629e-05
2.76772e-06
-200
5.51533e-05
1.36495e-06
-200
5.65009e-05
2.6246e-07
-200
5.73454e-05
-6.60041e-07
-200
5.72672e-05
-9.82243e-07
-200
5.66728e-05
-1.34019e-06
-200
5.58701e-05
-1.34228e-06
-200
5.4855e-05
-1.39429e-06
-200
5.37137e-05
-1.15936e-06
-200
5.27826e-05
-9.18143e-07
-200
5.16484e-05
-6.20889e-07
-200
5.0841e-05
-5.53092e-07
-200
5.02982e-05
-4.17746e-07
5.0044e-05
-3.29457e-07
-200
2.90568e-05
5.77347e-06
-200
3.69775e-05
6.9411e-06
-200
4.41111e-05
4.61742e-06
-200
4.81973e-05
2.55492e-06
-200
5.30119e-05
1.07644e-06
-200
5.44018e-05
-3.54942e-09
-200
5.46394e-05
-3.70622e-07
-200
5.47703e-05
-1.06579e-06
-200
5.40809e-05
-1.24702e-06
-200
5.33105e-05
-1.39917e-06
-200
5.23824e-05
-1.33009e-06
-200
5.16418e-05
-1.32148e-06
-200
5.10013e-05
-1.27776e-06
-200
4.97497e-05
-9.48474e-07
-200
4.9128e-05
-7.67907e-07
-200
4.89518e-05
-5.47341e-07
4.85685e-05
9.90012e-08
-200
2.79859e-05
7.30192e-06
-200
3.63838e-05
7.84703e-06
-200
4.37805e-05
5.18685e-06
-200
2.82931e-06
-200
1.31455e-06
-200
5.59493e-07
-200
-4.9303e-07
-200
-5.40858e-07
-200
-7.29249e-07
-200
-8.4472e-07
-200
-1.04235e-06
-200
-1.11688e-06
-200
-1.05975e-06
-200
-1.17701e-06
-200
-9.60583e-07
-200
8.94774e-08
-3.33518e-07
-200
8.68103e-06
-200
9.09959e-06
6.58237e-06
-200
6.9227e-06
7.31326e-06
-200
6.92233e-06
5.71351e-06
-200
6.46982e-06
3.70299e-06
-200
6.06804e-06
2.31902e-06
-200
5.65873e-06
1.6534e-06
-200
5.30404e-06
1.24454e-06
-200
5.03295e-06
1.18589e-06
-200
4.89102e-06
1.17301e-06
-200
4.86156e-06
1.41289e-06
-200
4.97396e-06
1.62431e-06
-200
5.21442e-06
1.83966e-06
-200
5.51434e-06
1.95215e-06
-200
5.68397e-06
1.88149e-06
-200
5.69634e-06
1.88805e-06
-200
5.58833e-06
1.9882e-06
5.38078e-06
2.3163e-06
-200
1.42897e-05
7.3762e-06
-200
1.43743e-05
5.50333e-06
-200
1.35075e-05
3.30185e-06
-200
1.27057e-05
1.90757e-06
-200
1.19394e-05
1.07779e-06
-200
1.12701e-05
6.37527e-07
-200
1.07544e-05
5.24875e-07
-200
1.05104e-05
4.96118e-07
-200
1.05344e-05
5.70728e-07
-200
1.08267e-05
6.86687e-07
-200
1.1336e-05
7.37536e-07
-200
1.19299e-05
6.89082e-07
-200
1.22475e-05
5.33636e-07
-200
1.22928e-05
4.61911e-07
-200
1.2079e-05
6.35908e-07
1.16974e-05
8.52846e-07
-200
2.12606e-05
7.2964e-06
-200
2.13789e-05
5.43717e-06
-200
2.01587e-05
3.23184e-06
-200
1.9028e-05
1.93092e-06
-200
1.79624e-05
1.12505e-06
-200
1.70678e-05
7.47165e-07
-200
1.63645e-05
6.68271e-07
-200
1.60705e-05
7.15556e-07
-200
1.61874e-05
8.14265e-07
-200
1.66746e-05
9.09808e-07
-200
1.74237e-05
9.30362e-07
-200
1.81901e-05
7.86082e-07
-200
1.86024e-05
6.0277e-07
-200
1.86369e-05
5.8212e-07
-200
1.83285e-05
7.34623e-07
1.77885e-05
9.63548e-07
-200
2.77991e-05
7.17126e-06
-200
2.78779e-05
5.27209e-06
-200
2.63563e-05
3.11798e-06
-200
2.49541e-05
1.85403e-06
-200
2.36882e-05
1.11224e-06
-200
2.26643e-05
8.00685e-07
-200
2.19025e-05
7.76191e-07
-200
2.16393e-05
8.4127e-07
-200
2.18914e-05
9.7053e-07
-200
2.25886e-05
1.02927e-06
-200
2.35008e-05
9.47104e-07
-200
2.43169e-05
7.12061e-07
-200
2.47299e-05
5.65458e-07
-200
2.47145e-05
5.73724e-07
-200
2.43127e-05
6.82184e-07
2.36297e-05
9.37873e-07
-200
3.38848e-05
7.12641e-06
-200
3.38381e-05
5.18467e-06
-200
3.20666e-05
3.08861e-06
-200
3.04654e-05
1.86141e-06
-200
2.90969e-05
1.20687e-06
-200
2.80057e-05
9.59676e-07
-200
2.72758e-05
9.65557e-07
-200
2.71315e-05
1.05712e-06
-200
2.75569e-05
1.17134e-06
-200
2.8428e-05
1.17334e-06
-200
2.9397e-05
9.77328e-07
-200
3.01695e-05
7.28574e-07
-200
3.05137e-05
5.58288e-07
-200
3.04245e-05
5.71085e-07
-200
2.99059e-05
6.88703e-07
2.90949e-05
9.7984e-07
-200
3.95198e-05
6.94155e-06
-200
3.92979e-05
5.02458e-06
-200
3.73308e-05
2.98513e-06
-200
3.56244e-05
1.82936e-06
-200
3.42169e-05
1.23703e-06
-200
3.31284e-05
1.03742e-06
-200
3.2514e-05
1.02999e-06
-200
3.25306e-05
1.12249e-06
-200
3.31538e-05
1.17044e-06
-200
3.41155e-05
1.06005e-06
-200
3.50614e-05
7.43116e-07
-200
3.57696e-05
4.74852e-07
-200
3.59759e-05
3.93343e-07
-200
3.57782e-05
3.93464e-07
-200
3.51492e-05
5.37719e-07
3.41932e-05
7.1762e-07
-200
4.46008e-05
6.87041e-06
-200
4.41775e-05
5.00722e-06
-200
4.20756e-05
3.02317e-06
-200
4.03453e-05
1.94966e-06
-200
3.89484e-05
1.40353e-06
-200
3.79391e-05
1.22636e-06
-200
3.7498e-05
1.20456e-06
-200
3.7702e-05
1.25196e-06
-200
3.84786e-05
1.18586e-06
-200
3.94348e-05
9.57577e-07
-200
4.03438e-05
6.00786e-07
-200
4.08345e-05
4.73318e-07
-200
4.09029e-05
4.27983e-07
-200
4.06016e-05
3.57618e-07
-200
3.98621e-05
4.89597e-07
3.87857e-05
7.07261e-07
-200
4.90691e-05
6.68985e-06
-200
4.84827e-05
4.8778e-06
-200
4.63354e-05
3.00594e-06
-200
4.46441e-05
1.94762e-06
-200
4.33445e-05
1.45931e-06
-200
4.25058e-05
1.241e-06
-200
4.22782e-05
1.18125e-06
-200
4.27056e-05
1.125e-06
-200
4.35412e-05
9.23585e-07
-200
4.44458e-05
5.55434e-07
-200
4.51593e-05
3.65741e-07
-200
4.54079e-05
2.96626e-07
-200
4.53601e-05
1.36491e-07
-200
4.495e-05
1.15419e-07
-200
4.41168e-05
1.96579e-07
4.29684e-05
4.20333e-07
-200
5.27481e-05
6.56001e-06
-200
5.20596e-05
4.88824e-06
-200
4.99666e-05
3.1378e-06
-200
4.84099e-05
2.12524e-06
-200
4.72963e-05
1.64561e-06
-200
4.67103e-05
1.39413e-06
-200
4.67403e-05
1.2677e-06
-200
4.73487e-05
1.03103e-06
-200
4.81543e-05
7.6039e-07
-200
4.89406e-05
4.28013e-07
-200
4.92918e-05
4.32778e-07
-200
4.93644e-05
2.73716e-07
-200
4.91615e-05
9.67553e-08
-200
4.86426e-05
6.82565e-08
-200
4.77342e-05
6.28108e-08
4.65554e-05
3.71507e-07
-200
5.55964e-05
6.17635e-06
-200
5.49294e-05
4.74743e-06
-200
5.30403e-05
3.06479e-06
-200
5.17381e-05
2.13159e-06
-200
5.09259e-05
1.61441e-06
-200
5.06534e-05
1.31542e-06
-200
5.09857e-05
1.04967e-06
-200
5.16802e-05
7.2391e-07
-200
5.24371e-05
3.46246e-07
-200
5.28949e-05
2.80757e-07
-200
5.29731e-05
1.70613e-07
-200
5.28406e-05
-4.01853e-08
-200
5.2462e-05
-2.11102e-07
-200
5.18227e-05
-3.49852e-07
-200
5.08568e-05
-2.42374e-07
4.96451e-05
-1.11364e-07
-200
5.75255e-05
5.91343e-06
-200
5.70122e-05
4.75536e-06
-200
5.54817e-05
3.16417e-06
-200
5.45448e-05
2.27025e-06
-200
5.41401e-05
1.72779e-06
-200
5.42402e-05
1.37528e-06
-200
5.48318e-05
9.33967e-07
-200
5.55416e-05
6.11207e-07
-200
5.61105e-05
3.52042e-07
-200
5.6186e-05
3.59314e-07
-200
5.60305e-05
2.07819e-07
-200
5.56456e-05
-1.11644e-07
-200
5.50634e-05
-2.68715e-07
-200
5.42809e-05
-4.11332e-07
-200
5.32671e-05
-3.46172e-07
5.2068e-05
-2.05722e-07
-200
5.86721e-05
5.49744e-06
-200
5.84805e-05
4.58817e-06
-200
5.74358e-05
3.10091e-06
-200
5.7017e-05
2.17602e-06
-200
5.70732e-05
1.59702e-06
-200
5.75969e-05
1.07089e-06
-200
5.83502e-05
6.72475e-07
-200
5.90192e-05
3.02331e-07
-200
5.92418e-05
2.56458e-07
-200
5.90674e-05
1.00055e-07
-200
5.86151e-05
-1.5303e-07
-200
5.79458e-05
-3.41152e-07
-200
5.71267e-05
-6.12765e-07
-200
5.61945e-05
-7.29084e-07
-200
5.51425e-05
-7.47082e-07
5.39869e-05
-6.26401e-07
-200
5.91822e-05
5.23937e-06
-200
5.93577e-05
4.64218e-06
-200
5.89089e-05
3.18092e-06
-200
5.90934e-05
2.24383e-06
-200
5.96488e-05
1.58606e-06
-200
6.0542e-05
1.01831e-06
-200
6.13756e-05
6.29452e-07
-200
6.1879e-05
3.71745e-07
-200
6.18116e-05
2.51094e-07
-200
6.13644e-05
1.92297e-07
-200
6.06e-05
-8.13955e-08
-200
5.96408e-05
-2.94963e-07
-200
5.85798e-05
-6.1202e-07
-200
5.74918e-05
-7.49477e-07
-200
5.6367e-05
-8.38398e-07
5.52784e-05
-6.89708e-07
-200
5.93836e-05
4.84701e-06
-200
5.99311e-05
4.58931e-06
-200
6.01546e-05
3.09169e-06
-200
6.09074e-05
2.11423e-06
-200
6.20035e-05
1.30409e-06
-200
6.31263e-05
7.79967e-07
-200
6.39874e-05
3.53645e-07
-200
6.422e-05
2.38517e-07
-200
6.39582e-05
7.84811e-08
-200
6.32509e-05
-1.3572e-07
-200
6.2216e-05
-2.2843e-07
-200
6.1015e-05
-5.2529e-07
-200
5.97328e-05
-7.93451e-07
-200
5.84864e-05
-1.03207e-06
-200
5.72989e-05
-1.10167e-06
5.62072e-05
-1.14172e-06
-200
5.95579e-05
4.81858e-06
-200
6.03826e-05
4.72932e-06
-200
6.10878e-05
3.18551e-06
-200
6.23447e-05
2.10821e-06
-200
6.38688e-05
1.2687e-06
-200
6.51178e-05
7.27431e-07
-200
6.58677e-05
4.47822e-07
-200
6.59411e-05
1.83171e-07
-200
6.54816e-05
1.6254e-07
-200
6.45614e-05
4.5497e-10
-200
6.33364e-05
-1.04781e-07
-200
6.19601e-05
-3.68312e-07
-200
6.05343e-05
-6.25912e-07
-200
5.91635e-05
-8.90506e-07
-200
5.77721e-05
-9.63548e-07
5.66514e-05
-9.2743e-07
-200
6.00824e-05
4.57649e-06
-200
6.08686e-05
4.88649e-06
-200
6.17289e-05
3.14733e-06
-200
6.34229e-05
1.94369e-06
-200
6.51439e-05
1.07367e-06
-200
6.6535e-05
4.87231e-07
-200
6.71404e-05
1.48582e-07
-200
6.70798e-05
2.78461e-08
-200
6.6475e-05
-1.0449e-07
-200
6.54347e-05
-1.4004e-07
-200
6.41071e-05
-2.64789e-07
-200
6.26396e-05
-4.25325e-07
-200
6.11631e-05
-6.64315e-07
-200
5.96827e-05
-7.46066e-07
-200
5.82953e-05
-9.24076e-07
5.71309e-05
-1.21267e-06
-200
6.07583e-05
4.54314e-06
-200
6.11278e-05
5.25429e-06
-200
6.19586e-05
3.36591e-06
-200
6.37969e-05
2.03382e-06
-200
6.56267e-05
1.10192e-06
-200
6.70187e-05
5.77254e-07
-200
6.75403e-05
1.57721e-07
-200
6.74165e-05
3.69105e-08
-200
6.67396e-05
-4.56438e-08
-200
6.56561e-05
-1.02706e-07
-200
6.42838e-05
-1.63418e-07
-200
6.2802e-05
-2.50502e-07
-200
6.13728e-05
-3.32875e-07
-200
5.99946e-05
-4.84739e-07
-200
5.86978e-05
-6.14778e-07
-200
5.75452e-05
-6.4595e-07
5.64005e-05
-200
6.12877e-05
4.28536e-06
-200
6.09987e-05
5.40535e-06
-200
6.17587e-05
3.37657e-06
-200
6.35035e-05
1.95901e-06
-200
6.54781e-05
9.18575e-07
-200
6.67993e-05
2.56789e-07
-200
6.72897e-05
-1.09535e-07
-200
6.71596e-05
-3.06283e-07
-200
6.65041e-05
-4.10724e-07
-200
6.54391e-05
-4.92374e-07
-200
6.41061e-05
-5.06192e-07
-200
6.26974e-05
-5.22463e-07
-200
6.14158e-05
-4.93318e-07
-200
6.02308e-05
-3.98707e-07
-200
5.94224e-05
-4.34446e-07
-200
5.84036e-05
-1.02135e-06
5.67544e-05
-3.20345e-07
-200
6.07711e-05
4.58551e-06
-200
6.00993e-05
5.73089e-06
-200
6.0678e-05
3.64017e-06
-200
6.2424e-05
2.10911e-06
-200
6.44299e-05
1.02154e-06
-200
6.57594e-05
2.64597e-07
-200
6.6302e-05
-2.00609e-07
-200
6.6241e-05
-4.63275e-07
-200
6.56721e-05
-6.70284e-07
-200
6.46954e-05
-7.84305e-07
-200
6.34652e-05
-7.89405e-07
-200
6.22135e-05
-6.7849e-07
-200
6.11659e-05
-4.64288e-07
-200
6.02212e-05
-4.5882e-07
-200
5.98429e-05
-6.54669e-07
-200
5.87953e-05
-6.99432e-07
5.67241e-05
-8.09716e-07
-200
5.85379e-05
4.93174e-06
-200
5.77832e-05
6.42308e-06
-200
5.85755e-05
4.08064e-06
-200
6.05489e-05
2.30992e-06
-200
6.26154e-05
1.05304e-06
-200
6.40657e-05
1.4047e-07
-200
6.47656e-05
-4.57018e-07
-200
6.48207e-05
-8.86601e-07
-200
6.43872e-05
-1.1721e-06
-200
6.35335e-05
-1.35892e-06
-200
6.24386e-05
-1.31152e-06
-200
6.13779e-05
-1.10901e-06
-200
6.04218e-05
-8.19907e-07
-200
5.99084e-05
-3.99942e-07
-200
5.96581e-05
-6.36538e-07
-200
5.83747e-05
-7.79761e-07
5.6095e-05
-8.70159e-07
-200
5.38524e-05
6.065e-06
-200
5.36112e-05
7.90147e-06
-200
5.54044e-05
5.10739e-06
-200
5.77458e-05
3.07561e-06
-200
6.00422e-05
1.57395e-06
-200
6.16974e-05
4.8146e-07
-200
6.25155e-05
-3.09515e-07
-200
6.27147e-05
-8.67365e-07
-200
6.24383e-05
-1.24904e-06
-200
6.17049e-05
-1.42361e-06
-200
6.07446e-05
-1.32286e-06
-200
5.97689e-05
-9.84899e-07
-200
5.89825e-05
-4.39215e-07
-200
5.85362e-05
-2.08522e-07
-200
5.80969e-05
7.0819e-08
-200
5.67306e-05
-1.46136e-08
5.49032e-05
-5.17008e-07
-200
4.66961e-05
7.06231e-06
-200
4.81884e-05
9.0789e-06
-200
5.17747e-05
5.97111e-06
-200
5.47036e-05
3.49228e-06
-200
5.74018e-05
1.69558e-06
-200
5.90254e-05
4.22041e-07
-200
6.00051e-05
-5.84743e-07
-200
6.03131e-05
-1.24538e-06
-200
6.01202e-05
-1.65765e-06
-200
5.95474e-05
-1.83811e-06
-200
5.8752e-05
-1.72953e-06
-200
5.78122e-05
-1.23289e-06
-200
5.7221e-05
-9.19242e-07
-200
5.65027e-05
-2.86964e-07
-200
5.59535e-05
-1.60349e-08
-200
5.44113e-05
-3.47026e-07
5.3453e-05
-5.30207e-07
-200
3.82569e-05
8.25487e-06
-200
4.26124e-05
1.01798e-05
-200
4.81103e-05
6.652e-06
-200
5.18533e-05
3.86011e-06
-200
5.48603e-05
1.87573e-06
-200
5.64783e-05
3.8164e-07
-200
5.72373e-05
-7.06698e-07
-200
5.77027e-05
-1.36894e-06
-200
5.75344e-05
-1.84022e-06
-200
5.70238e-05
-1.93723e-06
-200
5.6313e-05
-1.87357e-06
-200
5.55215e-05
-1.53954e-06
-200
5.47377e-05
-1.07346e-06
-200
5.39684e-05
-6.57371e-07
-200
5.29802e-05
-4.24436e-07
-200
5.21145e-05
-3.93348e-07
5.18033e-05
-4.68597e-07
-200
3.17602e-05
9.77185e-06
-200
3.84954e-05
1.15149e-05
-200
4.52948e-05
7.45567e-06
-200
4.97465e-05
4.03685e-06
-200
5.28861e-05
1.82289e-06
-200
5.41629e-05
2.4678e-07
-200
5.512e-05
-7.97552e-07
-200
5.50459e-05
-1.54478e-06
-200
5.46366e-05
-1.76224e-06
-200
5.42123e-05
-2.03659e-06
-200
5.36286e-05
-2.00705e-06
-200
5.29789e-05
-1.892e-06
-200
5.20565e-05
-1.64102e-06
-200
5.11683e-05
-1.2691e-06
-200
5.03782e-05
-9.44123e-07
-200
5.01704e-05
-7.19154e-07
5.00534e-05
-3.14819e-08
-200
3.00999e-05
1.23677e-05
-200
3.7047e-05
1.333e-05
-200
4.44913e-05
8.52089e-06
-200
4.9185e-05
4.73763e-06
-200
5.1685e-05
2.24584e-06
-200
5.2786e-05
7.85705e-07
-200
-2.66694e-07
-200
-5.76559e-07
-200
-1.17207e-06
-200
-1.27936e-06
-200
-1.45071e-06
-200
-1.53087e-06
-200
-1.61097e-06
-200
-1.50904e-06
-200
-1.14405e-06
-200
-6.93518e-08
2.34696e-07
-200
1.45523e-05
-200
1.52569e-05
-200
1.00778e-05
-200
5.36604e-06
-200
2.4044e-06
1.05048e-06
-200
6.84975e-06
6.78658e-06
-200
6.89924e-06
5.40761e-06
-200
6.50818e-06
3.61822e-06
-200
6.14816e-06
2.33952e-06
-200
5.8328e-06
1.68355e-06
-200
5.56663e-06
1.30556e-06
-200
5.37787e-06
1.23671e-06
-200
5.24617e-06
1.25332e-06
-200
5.2917e-06
1.42161e-06
-200
5.4257e-06
1.63488e-06
-200
5.64012e-06
1.81674e-06
-200
5.88147e-06
1.93343e-06
-200
6.01782e-06
1.94303e-06
-200
6.01825e-06
1.99182e-06
-200
5.9095e-06
2.10573e-06
5.72674e-06
2.30691e-06
-200
1.40436e-05
6.87467e-06
-200
1.41309e-05
5.23455e-06
-200
1.33446e-05
3.27281e-06
-200
1.26262e-05
1.96456e-06
-200
1.19981e-05
1.16369e-06
-200
1.14834e-05
7.52429e-07
-200
1.11063e-05
6.34928e-07
-200
1.08909e-05
6.17129e-07
-200
1.0959e-05
6.8325e-07
-200
1.12384e-05
7.79941e-07
-200
1.16453e-05
8.25531e-07
-200
1.20839e-05
8.06436e-07
-200
1.23163e-05
7.3242e-07
-200
1.22993e-05
7.29588e-07
-200
1.20797e-05
8.3911e-07
1.17045e-05
1.03254e-06
-200
2.09367e-05
6.81088e-06
-200
2.10314e-05
5.16795e-06
-200
1.98909e-05
3.23234e-06
-200
1.88784e-05
1.96948e-06
-200
1.79942e-05
1.21006e-06
-200
1.72967e-05
8.49184e-07
-200
1.67833e-05
7.64135e-07
-200
1.65584e-05
7.91828e-07
-200
1.66893e-05
8.82122e-07
-200
1.7104e-05
9.57851e-07
-200
1.76805e-05
9.63408e-07
-200
1.82244e-05
8.82568e-07
-200
1.84787e-05
7.88315e-07
-200
1.84354e-05
7.78693e-07
-200
1.81004e-05
8.89362e-07
1.75616e-05
1.09922e-06
-200
2.74462e-05
6.68032e-06
-200
2.74981e-05
5.02827e-06
-200
2.60638e-05
3.13442e-06
-200
2.48121e-05
1.91837e-06
-200
2.37504e-05
1.21638e-06
-200
2.29321e-05
9.11228e-07
-200
2.23669e-05
8.56547e-07
-200
2.21836e-05
9.11412e-07
-200
2.24151e-05
1.00617e-06
-200
2.29532e-05
1.04622e-06
-200
2.3634e-05
9.83169e-07
-200
2.4184e-05
8.44255e-07
-200
2.44187e-05
7.25984e-07
-200
2.43223e-05
7.20007e-07
-200
2.38764e-05
8.23049e-07
2.31967e-05
1.00485e-06
-200
3.3526e-05
6.65325e-06
-200
3.34854e-05
4.97271e-06
-200
3.182e-05
3.11313e-06
-200
3.03959e-05
1.9462e-06
-200
2.92397e-05
1.3125e-06
-200
2.83586e-05
1.05878e-06
-200
2.78196e-05
1.03025e-06
-200
2.77288e-05
1.09849e-06
-200
2.8073e-05
1.17325e-06
-200
2.87129e-05
1.15826e-06
-200
2.94182e-05
1.02575e-06
-200
2.99083e-05
8.47496e-07
-200
3.00764e-05
6.71313e-07
-200
2.9897e-05
6.80398e-07
-200
2.93359e-05
8.09395e-07
2.8525e-05
1.02753e-06
-200
3.91306e-05
6.49964e-06
-200
3.89745e-05
4.81864e-06
-200
3.71354e-05
3.01124e-06
-200
3.56195e-05
1.9048e-06
-200
3.44237e-05
1.33029e-06
-200
3.35552e-05
1.10647e-06
-200
3.30976e-05
1.07858e-06
-200
3.31287e-05
1.12808e-06
-200
3.35799e-05
1.14349e-06
-200
3.4265e-05
1.04892e-06
-200
3.489e-05
8.54094e-07
-200
3.53026e-05
5.60899e-07
-200
3.53727e-05
4.66955e-07
-200
3.50924e-05
4.97e-07
-200
3.443e-05
5.98398e-07
3.34789e-05
7.59002e-07
-200
4.41678e-05
6.47489e-06
-200
4.39066e-05
4.82484e-06
-200
4.19616e-05
3.06488e-06
-200
4.04264e-05
2.02535e-06
-200
3.92506e-05
1.49835e-06
-200
3.8466e-05
1.29046e-06
-200
3.81341e-05
1.2473e-06
-200
3.82921e-05
1.25002e-06
-200
3.88129e-05
1.18737e-06
-200
3.94674e-05
1.02488e-06
-200
3.99793e-05
7.05106e-07
-200
4.02601e-05
5.5234e-07
-200
4.02168e-05
5.02163e-07
-200
3.98278e-05
4.65359e-07
-200
3.90563e-05
5.67047e-07
3.79914e-05
7.75914e-07
-200
4.85785e-05
6.25397e-06
-200
4.82659e-05
4.68327e-06
-200
4.62959e-05
2.99886e-06
-200
4.48027e-05
2.00664e-06
-200
4.37345e-05
1.50388e-06
-200
4.30846e-05
1.27295e-06
-200
4.29133e-05
1.17544e-06
-200
4.31929e-05
1.08933e-06
-200
4.37277e-05
9.33433e-07
-200
4.42566e-05
6.50984e-07
-200
4.46337e-05
4.1853e-07
-200
4.47535e-05
3.23532e-07
-200
4.45859e-05
1.83111e-07
-200
4.40886e-05
1.73806e-07
-200
4.32293e-05
2.54503e-07
4.20881e-05
4.02676e-07
-200
5.22112e-05
6.1774e-06
-200
5.19361e-05
4.73548e-06
-200
5.00598e-05
3.11961e-06
-200
4.87054e-05
2.17616e-06
-200
4.78129e-05
1.68558e-06
-200
4.73495e-05
1.42173e-06
-200
4.7353e-05
1.25594e-06
-200
4.76954e-05
1.0754e-06
-200
4.81815e-05
8.58613e-07
-200
4.85637e-05
5.14373e-07
-200
4.87464e-05
4.84056e-07
-200
4.87047e-05
2.95088e-07
-200
4.83896e-05
1.71739e-07
-200
4.77794e-05
1.49092e-07
-200
4.68142e-05
2.13799e-07
4.5643e-05
4.134e-07
-200
5.50265e-05
5.8327e-06
-200
5.49121e-05
4.57706e-06
-200
5.32544e-05
3.03281e-06
-200
5.21562e-05
2.12507e-06
-200
5.15111e-05
1.61342e-06
-200
5.12853e-05
1.28547e-06
-200
5.14558e-05
1.02468e-06
-200
5.1829e-05
7.61129e-07
-200
5.21989e-05
4.11178e-07
-200
5.23963e-05
2.95617e-07
-200
5.23656e-05
1.30248e-07
-200
5.2139e-05
-4.08843e-08
-200
5.16463e-05
-1.61065e-07
-200
5.08954e-05
-2.16279e-07
-200
4.98942e-05
-1.72609e-07
4.86888e-05
-6.9485e-08
-200
5.69813e-05
5.68012e-06
-200
5.71467e-05
4.64053e-06
-200
5.58462e-05
3.1498e-06
-200
5.51179e-05
2.26416e-06
-200
5.47832e-05
1.73109e-06
-200
5.48368e-05
1.34304e-06
-200
5.51094e-05
1.01274e-06
-200
5.54933e-05
6.8337e-07
-200
5.56984e-05
4.08166e-07
-200
5.56761e-05
3.66281e-07
-200
5.54541e-05
1.43566e-07
-200
5.49608e-05
-8.24329e-09
-200
5.42866e-05
-1.51689e-07
-200
5.34068e-05
-2.37645e-07
-200
5.23602e-05
-2.11611e-07
5.11516e-05
-6.13722e-08
-200
5.8219e-05
5.27635e-06
-200
5.87633e-05
4.47638e-06
-200
5.79612e-05
3.02239e-06
-200
5.76626e-05
2.12439e-06
-200
5.77059e-05
1.53378e-06
-200
5.79987e-05
1.07272e-06
-200
5.83981e-05
6.98416e-07
-200
5.87114e-05
3.21911e-07
-200
5.87454e-05
2.2004e-07
-200
5.85115e-05
-1.27758e-08
-200
5.80253e-05
-1.54849e-07
-200
5.73165e-05
-3.22947e-07
-200
5.64304e-05
-5.085e-07
-200
5.54288e-05
-6.22343e-07
-200
5.43271e-05
-6.34844e-07
5.31489e-05
-5.77674e-07
-200
5.88414e-05
5.16465e-06
-200
5.98271e-05
4.60516e-06
-200
5.96034e-05
3.13546e-06
-200
5.97562e-05
2.2102e-06
-200
6.02095e-05
1.56399e-06
-200
6.06979e-05
1.08935e-06
-200
6.11919e-05
6.77433e-07
-200
6.13822e-05
4.04493e-07
-200
6.12534e-05
2.30987e-07
-200
6.08427e-05
9.65912e-08
-200
6.00931e-05
-4.33983e-08
-200
5.91565e-05
-2.16543e-07
-200
5.80571e-05
-4.33768e-07
-200
5.69124e-05
-5.69772e-07
-200
5.57017e-05
-6.05423e-07
5.45097e-05
-4.99491e-07
-200
5.91354e-05
4.88434e-06
-200
6.06215e-05
4.5478e-06
-200
6.08893e-05
3.03106e-06
-200
6.15324e-05
2.01904e-06
-200
6.22922e-05
1.29581e-06
-200
6.3018e-05
7.65802e-07
-200
6.34917e-05
3.4711e-07
-200
6.35786e-05
1.91909e-07
-200
6.3304e-05
-4.01266e-08
-200
6.26761e-05
-1.42882e-07
-200
6.17646e-05
-2.61641e-07
-200
6.06356e-05
-4.61267e-07
-200
5.93875e-05
-6.88693e-07
-200
5.80807e-05
-8.44463e-07
-200
5.66386e-05
-8.96852e-07
5.53063e-05
-9.05579e-07
-200
5.94425e-05
4.95229e-06
-200
6.11985e-05
4.8688e-06
-200
6.18117e-05
3.19973e-06
-200
6.28734e-05
2.08141e-06
-200
6.38625e-05
1.29005e-06
-200
6.47689e-05
7.26351e-07
-200
6.51933e-05
4.39897e-07
-200
6.51964e-05
1.42697e-07
-200
6.48218e-05
6.16395e-08
-200
6.4052e-05
-1.99915e-08
-200
6.30174e-05
-1.209e-07
-200
6.1792e-05
-3.13405e-07
-200
6.04726e-05
-5.197e-07
-200
5.89384e-05
-6.72976e-07
-200
5.73424e-05
-7.64416e-07
5.59819e-05
-7.33775e-07
-200
6.00589e-05
4.86158e-06
-200
6.17092e-05
5.09301e-06
-200
6.24837e-05
3.20473e-06
-200
6.3681e-05
1.95563e-06
-200
6.49554e-05
1.02097e-06
-200
6.59032e-05
4.26712e-07
-200
6.63312e-05
5.76667e-08
-200
6.62849e-05
-1.16101e-07
-200
6.58248e-05
-1.99817e-07
-200
6.50172e-05
-2.66009e-07
-200
6.39456e-05
-3.71776e-07
-200
6.27386e-05
-5.24089e-07
-200
6.14017e-05
-7.00953e-07
-200
5.99513e-05
-8.78648e-07
-200
5.83391e-05
-9.42693e-07
5.67905e-05
-9.96529e-07
-200
6.08237e-05
5.15656e-06
-200
6.19611e-05
5.67473e-06
-200
6.26837e-05
3.52665e-06
-200
6.38737e-05
2.08312e-06
-200
6.53393e-05
1.0763e-06
-200
6.63039e-05
5.44683e-07
-200
6.67412e-05
1.15667e-07
-200
6.66917e-05
-3.95997e-08
-200
6.62308e-05
-1.17759e-07
-200
6.54249e-05
-1.77842e-07
-200
6.43934e-05
-2.46224e-07
-200
6.32603e-05
-3.33462e-07
-200
6.20551e-05
-4.52448e-07
-200
6.0812e-05
-5.18054e-07
-200
5.94858e-05
-5.54724e-07
5.81791e-05
-6.11181e-07
-200
6.14267e-05
4.8586e-06
-200
6.18325e-05
5.81719e-06
-200
6.22908e-05
3.49269e-06
-200
6.35402e-05
1.90671e-06
-200
6.49257e-05
9.03264e-07
-200
6.59963e-05
2.33812e-07
-200
6.64515e-05
-1.40011e-07
-200
6.64431e-05
-3.38014e-07
-200
6.6028e-05
-4.53809e-07
-200
6.52846e-05
-5.33158e-07
-200
6.43354e-05
-5.54513e-07
-200
6.33247e-05
-5.68151e-07
-200
6.23406e-05
-5.48451e-07
-200
6.14957e-05
-5.30148e-07
-200
6.07327e-05
-5.83129e-07
-200
5.96068e-05
-7.73531e-07
5.75434e-05
-200
6.12946e-05
4.79496e-06
-200
6.09001e-05
6.03548e-06
-200
6.11934e-05
3.69707e-06
-200
6.2418e-05
2.08124e-06
-200
6.37718e-05
1.02769e-06
-200
6.49485e-05
2.96346e-07
-200
6.5466e-05
-1.53115e-07
-200
6.55475e-05
-4.33659e-07
-200
6.52099e-05
-6.23027e-07
-200
6.45694e-05
-7.38445e-07
-200
6.37327e-05
-7.31508e-07
-200
6.29162e-05
-6.54198e-07
-200
6.21305e-05
-5.03194e-07
-200
6.17046e-05
-5.64802e-07
-200
6.15339e-05
-7.12408e-07
-200
6.0369e-05
-8.55765e-07
5.76573e-05
-5.86136e-07
-200
5.95519e-05
5.14129e-06
-200
5.87658e-05
6.56411e-06
-200
5.93045e-05
4.05078e-06
-200
6.05056e-05
2.2487e-06
-200
6.21036e-05
9.78573e-07
-200
6.3286e-05
1.53456e-07
-200
6.39658e-05
-4.38324e-07
-200
6.41295e-05
-8.51018e-07
-200
6.39209e-05
-1.1373e-06
-200
6.33689e-05
-1.29549e-06
-200
6.26775e-05
-1.25252e-06
-200
6.19843e-05
-1.04146e-06
-200
6.13878e-05
-7.84789e-07
-200
6.12382e-05
-6.10204e-07
-200
6.11721e-05
-5.00291e-07
-200
5.99965e-05
-7.29341e-07
5.73309e-05
-8.61975e-07
-200
5.55684e-05
6.40028e-06
-200
5.52122e-05
8.01895e-06
-200
5.65572e-05
4.97657e-06
-200
5.81e-05
2.91828e-06
-200
5.99744e-05
1.46033e-06
-200
6.12459e-05
4.49017e-07
-200
6.2045e-05
-2.94048e-07
-200
6.22982e-05
-8.28234e-07
-200
6.21664e-05
-1.18046e-06
-200
6.17358e-05
-1.35118e-06
-200
6.11787e-05
-1.23047e-06
-200
6.04966e-05
-8.89805e-07
-200
6.01839e-05
-4.91184e-07
-200
5.9725e-05
-1.60568e-08
-200
5.96617e-05
6.21257e-08
-200
5.82728e-05
-1.54321e-07
5.63591e-05
-4.35229e-07
-200
4.9307e-05
7.38978e-06
-200
5.05918e-05
9.10723e-06
-200
5.32898e-05
5.6888e-06
-200
5.55676e-05
3.19448e-06
-200
5.76536e-05
1.50583e-06
-200
5.91114e-05
2.96781e-07
-200
5.98703e-05
-6.02058e-07
-200
6.01134e-05
-1.20566e-06
-200
6.01065e-05
-1.64303e-06
-200
5.9726e-05
-1.79174e-06
-200
5.92328e-05
-1.65916e-06
-200
5.8644e-05
-1.25841e-06
-200
5.8136e-05
-7.44197e-07
-200
5.77194e-05
-3.03087e-07
-200
5.6962e-05
-2.17226e-07
-200
5.59456e-05
-6.00922e-07
5.4909e-05
-7.22139e-07
-200
4.19132e-05
8.50793e-06
-200
4.55846e-05
1.03865e-05
-200
4.99861e-05
6.40824e-06
-200
5.31419e-05
3.59723e-06
-200
5.55194e-05
1.67481e-06
-200
5.69188e-05
3.59056e-07
-200
5.75229e-05
-6.42129e-07
-200
5.77417e-05
-1.32118e-06
-200
5.76865e-05
-1.7364e-06
-200
5.73597e-05
-1.88634e-06
-200
5.67599e-05
-1.74453e-06
-200
5.63003e-05
-1.46587e-06
-200
5.55679e-05
-1.01667e-06
-200
5.49494e-05
-6.58625e-07
-200
5.3932e-05
-6.46498e-07
-200
5.33533e-05
-5.92479e-07
5.26117e-05
-4.43112e-07
-200
3.59441e-05
1.0218e-05
-200
4.17191e-05
1.16924e-05
-200
4.75641e-05
7.12023e-06
-200
5.1451e-05
3.7763e-06
-200
5.3887e-05
1.64019e-06
-200
5.51147e-05
1.92573e-07
-200
5.53584e-05
-8.03173e-07
-200
5.54258e-05
-1.50231e-06
-200
5.54307e-05
-1.94893e-06
-200
5.48608e-05
-2.13974e-06
-200
5.41781e-05
-2.11888e-06
-200
5.34803e-05
-1.86351e-06
-200
5.28565e-05
-1.76136e-06
-200
5.19397e-05
-1.54204e-06
-200
5.12152e-05
-1.17877e-06
-200
5.0834e-05
-8.78807e-07
5.08221e-05
-4.42053e-07
-200
3.39448e-05
1.27451e-05
-200
4.00381e-05
1.37657e-05
-200
4.65445e-05
8.37176e-06
-200
5.08103e-05
4.59959e-06
-200
5.29744e-05
2.22134e-06
-200
5.37301e-05
7.5032e-07
-200
5.35139e-05
-3.49289e-08
-200
5.32608e-05
-5.75055e-07
-200
-1.05241e-06
-200
-1.23774e-06
-200
-1.21486e-06
-200
-1.49315e-06
-200
-1.4424e-06
-200
-1.25144e-06
-200
-8.6562e-07
-200
-1.14146e-07
6.23096e-07
-200
1.50024e-05
-200
1.54661e-05
-200
9.55328e-06
-200
5.21072e-06
-200
2.49777e-06
-200
1.22905e-06
-200
2.57668e-07
9.84783e-08
-200
6.78923e-06
3.98655e-06
-200
6.87742e-06
3.24372e-06
-200
6.5331e-06
2.24643e-06
-200
6.21159e-06
1.56223e-06
-200
5.96543e-06
1.15827e-06
-200
5.7669e-06
9.62321e-07
-200
5.63331e-06
9.35446e-07
-200
5.56668e-06
9.77609e-07
-200
5.61967e-06
1.08419e-06
-200
5.75818e-06
1.22467e-06
-200
5.94457e-06
1.34979e-06
-200
6.13061e-06
1.44735e-06
-200
6.24399e-06
1.50401e-06
-200
6.23585e-06
1.56672e-06
-200
6.14241e-06
1.6362e-06
5.93664e-06
1.70415e-06
-200
1.38506e-05
4.06381e-06
-200
1.39503e-05
3.16533e-06
-200
1.32277e-05
2.07219e-06
-200
1.25915e-05
1.33678e-06
-200
1.20634e-05
8.87696e-07
-200
1.16588e-05
6.64478e-07
-200
1.13866e-05
6.06455e-07
-200
1.12554e-05
6.24899e-07
-200
1.13248e-05
6.85719e-07
-200
1.15559e-05
7.58428e-07
-200
1.18764e-05
8.11255e-07
-200
1.21859e-05
8.33557e-07
-200
1.236e-05
8.41558e-07
-200
1.23236e-05
8.77805e-07
-200
1.21033e-05
9.34369e-07
1.17262e-05
1.01099e-06
-200
2.068e-05
4.02702e-06
-200
2.07695e-05
3.11503e-06
-200
1.97124e-05
2.0334e-06
-200
1.88013e-05
1.31908e-06
-200
1.80511e-05
8.94179e-07
-200
1.74897e-05
6.98448e-07
-200
1.71212e-05
6.58769e-07
-200
1.698e-05
6.93608e-07
-200
1.70971e-05
7.63104e-07
-200
1.74188e-05
8.25329e-07
-200
1.78456e-05
8.52047e-07
-200
1.82301e-05
8.42266e-07
-200
1.84177e-05
8.30294e-07
-200
1.83335e-05
8.54615e-07
-200
1.79873e-05
9.15522e-07
1.74593e-05
1.00832e-06
-200
2.71484e-05
3.95477e-06
-200
2.71982e-05
3.03695e-06
-200
2.58587e-05
1.98279e-06
-200
2.47266e-05
1.29841e-06
-200
2.38184e-05
9.09146e-07
-200
2.31506e-05
7.45413e-07
-200
2.27423e-05
7.23558e-07
-200
2.26298e-05
7.72175e-07
-200
2.2813e-05
8.41385e-07
-200
2.32144e-05
8.83266e-07
-200
2.37022e-05
8.74056e-07
-200
2.41053e-05
8.28667e-07
-200
2.42578e-05
7.93345e-07
-200
2.40972e-05
8.17077e-07
-200
2.3628e-05
8.67959e-07
2.29488e-05
9.37993e-07
-200
3.32205e-05
3.93885e-06
-200
3.32137e-05
3.00383e-06
-200
3.16509e-05
1.96336e-06
-200
3.03644e-05
1.30667e-06
-200
2.93621e-05
9.53286e-07
-200
2.86518e-05
8.15076e-07
-200
2.82615e-05
8.06024e-07
-200
2.82087e-05
8.58423e-07
-200
2.84661e-05
9.12291e-07
-200
2.8924e-05
9.20681e-07
-200
2.94246e-05
8.68917e-07
-200
2.97934e-05
7.90629e-07
-200
2.98402e-05
7.38881e-07
-200
2.9585e-05
7.55281e-07
-200
2.90046e-05
8.20128e-07
2.81922e-05
9.2126e-07
-200
3.87992e-05
3.84226e-06
-200
3.87251e-05
2.90968e-06
-200
3.69984e-05
1.90278e-06
-200
3.56206e-05
1.28206e-06
-200
3.45845e-05
9.61321e-07
-200
3.38941e-05
8.37076e-07
-200
3.35582e-05
8.30399e-07
-200
3.35806e-05
8.68231e-07
-200
3.38956e-05
8.88101e-07
-200
3.43688e-05
8.50221e-07
-200
3.48248e-05
7.57385e-07
-200
3.50579e-05
6.49583e-07
-200
3.50063e-05
5.97334e-07
-200
3.46595e-05
6.19894e-07
-200
3.39656e-05
6.63812e-07
3.30205e-05
7.25526e-07
-200
4.38316e-05
3.83815e-06
-200
4.37314e-05
2.91644e-06
-200
4.19112e-05
1.93092e-06
-200
4.05176e-05
1.34172e-06
-200
3.95194e-05
1.04474e-06
-200
3.89008e-05
9.24887e-07
-200
3.86507e-05
9.07446e-07
-200
3.87496e-05
9.15053e-07
-200
3.9095e-05
8.89348e-07
-200
3.95348e-05
8.06878e-07
-200
3.98566e-05
6.82624e-07
-200
3.9971e-05
5.84607e-07
-200
3.983e-05
5.41997e-07
-200
3.93583e-05
5.49035e-07
-200
3.85494e-05
6.0532e-07
3.75051e-05
7.12513e-07
-200
4.81886e-05
3.68801e-06
-200
4.81187e-05
2.82201e-06
-200
4.62911e-05
1.87832e-06
-200
4.49603e-05
1.3168e-06
-200
4.40613e-05
1.02914e-06
-200
4.35484e-05
8.95154e-07
-200
4.33975e-05
8.44029e-07
-200
4.3553e-05
8.00635e-07
-200
4.38838e-05
7.19422e-07
-200
4.42178e-05
5.94585e-07
-200
4.43856e-05
4.71239e-07
-200
4.43771e-05
3.81646e-07
-200
4.40955e-05
3.2954e-07
-200
4.35074e-05
3.37884e-07
-200
4.26066e-05
3.71889e-07
4.14788e-05
4.24118e-07
-200
5.18134e-05
3.66055e-06
-200
5.18809e-05
2.86294e-06
-200
5.01682e-05
1.94291e-06
-200
4.89922e-05
1.40245e-06
-200
4.82519e-05
1.11763e-06
-200
4.78806e-05
9.62159e-07
-200
4.78341e-05
8.70007e-07
-200
4.80214e-05
7.74347e-07
-200
4.83024e-05
6.51629e-07
-200
4.84614e-05
5.11498e-07
-200
4.85114e-05
4.12693e-07
-200
4.83305e-05
3.26408e-07
-200
4.79023e-05
2.7665e-07
-200
4.71995e-05
2.70826e-07
-200
4.62162e-05
3.15882e-07
4.50426e-05
4.17638e-07
-200
5.46144e-05
3.44615e-06
-200
5.49272e-05
2.75351e-06
-200
5.34479e-05
1.87331e-06
-200
5.25132e-05
1.34616e-06
-200
5.19824e-05
1.0479e-06
-200
5.17749e-05
8.5355e-07
-200
5.18207e-05
7.08346e-07
-200
5.2008e-05
5.59627e-07
-200
5.21619e-05
4.00311e-07
-200
5.21814e-05
2.7844e-07
-200
5.20406e-05
1.77529e-07
-200
5.16822e-05
9.24452e-08
-200
5.11007e-05
3.24441e-08
-200
5.02822e-05
1.80539e-08
-200
4.92377e-05
2.91155e-08
4.80232e-05
6.57628e-08
-200
5.66472e-05
3.39506e-06
-200
5.73182e-05
2.81167e-06
-200
5.62041e-05
1.94032e-06
-200
5.55909e-05
1.41803e-06
-200
5.53252e-05
1.1033e-06
-200
5.52969e-05
8.74768e-07
-200
5.54256e-05
6.91893e-07
-200
5.55807e-05
5.14258e-07
-200
5.55953e-05
3.58505e-07
-200
5.54818e-05
2.56898e-07
-200
5.51301e-05
1.60529e-07
-200
5.45834e-05
7.7415e-08
-200
5.38334e-05
8.85464e-09
-200
5.28989e-05
-3.05349e-08
-200
5.17891e-05
-1.14193e-08
5.05712e-05
7.8631e-08
-200
5.79546e-05
3.15814e-06
-200
5.9057e-05
2.70093e-06
-200
5.83872e-05
1.8447e-06
-200
5.81541e-05
1.30943e-06
-200
5.81759e-05
9.62585e-07
-200
5.83263e-05
6.98e-07
-200
5.85233e-05
4.84019e-07
-200
5.86023e-05
2.85329e-07
-200
5.85194e-05
1.45504e-07
-200
5.81976e-05
3.6605e-08
-200
5.76634e-05
-5.29483e-08
-200
5.69225e-05
-1.47078e-07
-200
5.60001e-05
-2.39467e-07
-200
5.49359e-05
-2.92423e-07
-200
5.37529e-05
-3.07472e-07
5.25279e-05
-2.92838e-07
-200
5.87446e-05
3.1503e-06
-200
6.03306e-05
2.80016e-06
-200
6.01262e-05
1.91508e-06
-200
6.03207e-05
1.35208e-06
-200
6.06227e-05
9.78067e-07
-200
6.09676e-05
6.99074e-07
-200
6.11897e-05
4.72428e-07
-200
6.12037e-05
2.87682e-07
-200
6.09999e-05
1.61955e-07
-200
6.05338e-05
7.66082e-08
-200
5.98268e-05
-5.7742e-09
-200
5.89138e-05
-1.03869e-07
-200
5.78275e-05
-2.05658e-07
-200
5.66062e-05
-2.7672e-07
-200
5.53225e-05
-2.88454e-07
5.40942e-05
-2.24317e-07
-200
5.92128e-05
3.00052e-06
-200
6.12002e-05
2.76587e-06
-200
6.1443e-05
1.82953e-06
-200
6.19941e-05
1.22407e-06
-200
6.25754e-05
7.94433e-07
-200
6.30598e-05
4.82772e-07
-200
6.32799e-05
2.47045e-07
-200
6.3279e-05
8.74744e-08
-200
6.29513e-05
-2.48038e-08
-200
6.23692e-05
-9.7889e-08
-200
6.15406e-05
-1.79333e-07
-200
6.0508e-05
-2.86815e-07
-200
5.92832e-05
-4.04114e-07
-200
5.79259e-05
-4.9262e-07
-200
5.65162e-05
-5.38806e-07
5.51983e-05
-5.5798e-07
-200
5.96752e-05
3.11796e-06
-200
6.18713e-05
3.02301e-06
-200
6.24629e-05
1.95447e-06
-200
6.32381e-05
1.27229e-06
-200
6.40876e-05
7.8454e-07
-200
6.46434e-05
4.55372e-07
-200
6.49149e-05
2.3677e-07
-200
6.48367e-05
8.89567e-08
-200
6.44746e-05
1.43649e-08
-200
6.3831e-05
-4.29824e-08
-200
6.29558e-05
-1.14117e-07
-200
6.18763e-05
-2.14697e-07
-200
6.06134e-05
-3.36443e-07
-200
5.91615e-05
-4.27181e-07
-200
5.75864e-05
-4.86587e-07
5.60882e-05
-4.16014e-07
-200
6.02479e-05
3.18029e-06
-200
6.24372e-05
3.17724e-06
-200
6.302e-05
2.02379e-06
-200
6.39811e-05
1.19909e-06
-200
6.49093e-05
6.45992e-07
-200
6.55311e-05
2.77681e-07
-200
6.58105e-05
5.46198e-08
-200
6.57382e-05
-6.50901e-08
-200
6.53635e-05
-1.23707e-07
-200
6.47168e-05
-1.69086e-07
-200
6.38524e-05
-2.28458e-07
-200
6.2827e-05
-3.18505e-07
-200
6.16252e-05
-4.17468e-07
-200
6.01749e-05
-5.4709e-07
-200
5.85901e-05
-5.6442e-07
5.69514e-05
-4.34833e-07
-200
6.10717e-05
3.43388e-06
-200
6.29145e-05
3.59244e-06
-200
6.32032e-05
2.22807e-06
-200
6.42202e-05
1.29439e-06
-200
6.51079e-05
7.04337e-07
-200
6.58371e-05
3.39766e-07
-200
6.61057e-05
1.20841e-07
-200
6.60619e-05
2.29443e-08
-200
6.57083e-05
-2.43976e-08
-200
6.51059e-05
-5.23899e-08
-200
6.43069e-05
-7.95477e-08
-200
6.34034e-05
-1.15534e-07
-200
6.2378e-05
-2.06985e-07
-200
6.12162e-05
-2.26546e-07
-200
5.96939e-05
-9.91414e-08
5.80288e-05
-7.41827e-08
-200
6.18062e-05
3.25224e-06
-200
6.28398e-05
3.74579e-06
-200
6.28723e-05
2.15176e-06
-200
6.36478e-05
1.18326e-06
-200
6.46333e-05
5.61138e-07
-200
6.53379e-05
1.92442e-07
-200
6.56708e-05
-2.23458e-08
-200
6.56692e-05
-1.32691e-07
-200
6.5374e-05
-1.90518e-07
-200
6.48333e-05
-2.15545e-07
-200
6.41415e-05
-2.01358e-07
-200
6.33751e-05
-1.9735e-07
-200
6.26491e-05
-1.65474e-07
-200
6.18591e-05
-7.57589e-08
-200
6.07636e-05
-7.1054e-08
5.92568e-05
-1.49724e-07
-200
6.20614e-05
2.95978e-06
-200
6.21019e-05
3.69433e-06
-200
6.18883e-05
2.23188e-06
-200
6.24472e-05
1.23185e-06
-200
6.35976e-05
5.51347e-07
-200
6.43337e-05
1.43091e-07
-200
6.47568e-05
-1.19783e-07
-200
6.48259e-05
-2.88074e-07
-200
6.46147e-05
-3.89186e-07
-200
6.4166e-05
-4.47827e-07
-200
6.36108e-05
-4.36363e-07
-200
6.29692e-05
-3.73011e-07
-200
6.25248e-05
-2.69893e-07
-200
6.21886e-05
-4.45131e-07
-200
6.19912e-05
-3.26358e-07
-200
6.03554e-05
-3.84996e-07
5.79665e-05
-200
6.08868e-05
3.02099e-06
-200
6.01392e-05
4.12664e-06
-200
5.9981e-05
2.42194e-06
-200
6.07158e-05
1.24733e-06
-200
6.18903e-05
5.03526e-07
-200
6.28202e-05
1.008e-08
-200
6.33068e-05
-3.33509e-07
-200
6.3452e-05
-5.72935e-07
-200
6.33127e-05
-7.35857e-07
-200
6.29668e-05
-8.17854e-07
-200
6.2483e-05
-7.72207e-07
-200
6.20031e-05
-6.37213e-07
-200
6.16392e-05
-5.0895e-07
-200
6.16834e-05
-2.73488e-07
-200
6.21317e-05
-1.08043e-07
-200
6.04917e-05
-6.98348e-07
5.76768e-05
-4.58195e-07
-200
5.7454e-05
4.15789e-06
-200
5.7212e-05
4.68554e-06
-200
5.76044e-05
2.79948e-06
-200
5.86936e-05
1.55477e-06
-200
6.00528e-05
6.86318e-07
-200
6.11607e-05
8.04259e-08
-200
6.17295e-05
-3.56944e-07
-200
6.19171e-05
-6.73942e-07
-200
6.18438e-05
-8.89286e-07
-200
6.15787e-05
-9.96913e-07
-200
6.11639e-05
-9.15758e-07
-200
6.08198e-05
-7.1322e-07
-200
6.04738e-05
-4.83332e-07
-200
6.07474e-05
-1.85243e-07
-200
6.0872e-05
-4.69143e-07
-200
5.94494e-05
-2.97115e-07
5.69965e-05
-2.16257e-07
-200
5.20123e-05
4.36459e-06
-200
5.30068e-05
5.61912e-06
-200
5.46842e-05
3.22696e-06
-200
5.63258e-05
1.72188e-06
-200
5.80854e-05
6.70192e-07
-200
5.92998e-05
-3.66101e-08
-200
5.98724e-05
-5.4433e-07
-200
6.00672e-05
-9.10494e-07
-200
5.99726e-05
-1.17268e-06
-200
5.97013e-05
-1.25731e-06
-200
5.92707e-05
-1.14864e-06
-200
5.8994e-05
-9.45979e-07
-200
5.87509e-05
-6.67061e-07
-200
5.87066e-05
-5.03204e-07
-200
5.81297e-05
-3.93384e-07
-200
5.70458e-05
-9.84256e-07
5.52836e-05
-6.13567e-07
-200
4.53325e-05
5.31326e-06
-200
4.8547e-05
6.27875e-06
-200
5.17051e-05
3.67007e-06
-200
5.40944e-05
1.9849e-06
-200
5.6178e-05
8.25427e-07
-200
5.74586e-05
7.63498e-08
-200
5.79595e-05
-5.36812e-07
-200
5.80747e-05
-9.53917e-07
-200
5.78404e-05
-1.17506e-06
-200
5.74883e-05
-1.27463e-06
-200
5.7008e-05
-1.23188e-06
-200
5.66379e-05
-1.06408e-06
-200
5.63882e-05
-8.36459e-07
-200
5.57537e-05
-6.78239e-07
-200
5.49776e-05
-8.93898e-07
-200
5.39107e-05
-4.97595e-07
5.32198e-05
-4.46032e-07
-200
3.98993e-05
6.33389e-06
-200
4.48027e-05
7.23192e-06
-200
4.93013e-05
4.13645e-06
-200
5.22807e-05
2.16828e-06
-200
5.4569e-05
8.37712e-07
-200
5.57898e-05
-2.37835e-08
-200
5.60618e-05
-5.8411e-07
-200
5.5905e-05
-9.66163e-07
-200
5.54982e-05
-1.29629e-06
-200
5.49397e-05
-1.39917e-06
-200
5.42983e-05
-1.40202e-06
-200
5.39623e-05
-1.40526e-06
-200
5.32698e-05
-1.37657e-06
-200
5.23081e-05
-1.22765e-06
-200
5.12768e-05
-7.30282e-07
-200
5.10886e-05
-8.62994e-07
5.0876e-05
-4.65506e-07
-200
3.77468e-05
7.93169e-06
-200
4.3175e-05
8.49973e-06
-200
4.83165e-05
4.97842e-06
-200
5.15212e-05
2.69253e-06
-200
5.36748e-05
1.29169e-06
-200
5.46112e-05
4.57833e-07
-200
5.45684e-05
-3.11888e-08
-200
5.41187e-05
-4.0059e-07
-200
5.32279e-05
-5.13768e-07
-200
5.25257e-05
-7.84752e-07
-200
5.16732e-05
-7.70164e-07
-200
-9.45026e-07
-200
-8.66276e-07
-200
-5.8919e-07
-200
-6.73004e-07
-200
8.30184e-08
2.03658e-07
-200
9.2645e-06
-200
9.57706e-06
-200
5.54108e-06
-200
3.01363e-06
-200
1.47323e-06
-200
6.89146e-07
-200
3.38619e-07
-200
2.52753e-07
-200
-4.41171e-07
-200
-3.45377e-07
-4.94429e-07
-200
6.59165e-06
-200
6.75445e-06
-200
6.50191e-06
-200
6.27908e-06
-200
6.1074e-06
-200
5.99784e-06
-200
5.95928e-06
-200
5.98644e-06
-200
6.10373e-06
-200
6.28289e-06
-200
6.50299e-06
-200
6.7102e-06
-200
6.8611e-06
-200
6.89796e-06
-200
6.84478e-06
6.67756e-06
-200
1.33922e-05
-200
1.36329e-05
-200
1.3083e-05
-200
1.26198e-05
-200
1.22608e-05
-200
1.20297e-05
-200
1.19272e-05
-200
1.19723e-05
-200
1.21621e-05
-200
1.24705e-05
-200
1.28429e-05
-200
1.31942e-05
-200
1.34345e-05
-200
1.34765e-05
-200
1.33364e-05
1.30378e-05
-200
1.99859e-05
-200
2.0273e-05
-200
1.94562e-05
-200
1.87876e-05
-200
1.82853e-05
-200
1.79703e-05
-200
1.78474e-05
-200
1.79369e-05
-200
1.8218e-05
-200
1.86529e-05
-200
1.9154e-05
-200
1.96121e-05
-200
1.98953e-05
-200
1.99159e-05
-200
1.96941e-05
1.92811e-05
-200
2.62528e-05
-200
2.65645e-05
-200
2.55321e-05
-200
2.47141e-05
-200
2.41249e-05
-200
2.37755e-05
-200
2.36809e-05
-200
2.38407e-05
-200
2.42267e-05
-200
2.47725e-05
-200
2.53689e-05
-200
2.58823e-05
-200
2.61564e-05
-200
2.61318e-05
-200
2.58116e-05
2.52665e-05
-200
3.21534e-05
-200
3.24797e-05
-200
3.12791e-05
-200
3.03672e-05
-200
2.97449e-05
-200
2.94183e-05
-200
2.9389e-05
-200
2.96413e-05
-200
3.01286e-05
-200
3.07587e-05
-200
3.14014e-05
-200
3.19131e-05
-200
3.21324e-05
-200
3.20371e-05
-200
3.1627e-05
3.09737e-05
-200
3.75627e-05
-200
3.7899e-05
-200
3.65941e-05
-200
3.56525e-05
-200
3.50567e-05
-200
3.48008e-05
-200
3.48628e-05
-200
3.52128e-05
-200
3.57811e-05
-200
3.64521e-05
-200
3.70853e-05
-200
3.75297e-05
-200
3.76681e-05
-200
3.74884e-05
-200
3.69687e-05
3.61921e-05
-200
4.24671e-05
-200
4.28508e-05
-200
4.15074e-05
-200
4.06018e-05
-200
4.00905e-05
-200
3.99404e-05
-200
4.01096e-05
-200
4.05495e-05
-200
4.11659e-05
-200
4.18279e-05
-200
4.23962e-05
-200
4.27339e-05
-200
4.27811e-05
-200
4.25015e-05
-200
4.18943e-05
4.10432e-05
-200
4.6685e-05
-200
4.71747e-05
-200
4.58837e-05
-200
4.50855e-05
-200
4.47048e-05
-200
4.46807e-05
-200
4.49551e-05
-200
4.54578e-05
-200
4.60754e-05
-200
4.66731e-05
-200
4.71237e-05
-200
4.73335e-05
-200
4.72669e-05
-200
4.68845e-05
-200
4.61823e-05
4.52443e-05
-200
5.0239e-05
-200
5.09442e-05
-200
4.97997e-05
-200
4.91805e-05
-200
4.89743e-05
-200
4.90942e-05
-200
4.94669e-05
-200
5.00029e-05
-200
5.05802e-05
-200
5.10657e-05
-200
5.13691e-05
-200
5.14408e-05
-200
5.12492e-05
-200
5.07627e-05
-200
5.00009e-05
4.90346e-05
-200
5.29785e-05
-200
5.3986e-05
-200
5.30963e-05
-200
5.2726e-05
-200
5.27285e-05
-200
5.29969e-05
-200
5.34476e-05
-200
5.39796e-05
-200
5.44692e-05
-200
5.48061e-05
-200
5.49449e-05
-200
5.48603e-05
-200
5.45277e-05
-200
5.39373e-05
-200
5.31033e-05
5.20891e-05
-200
5.50504e-05
-200
5.64607e-05
-200
5.59133e-05
-200
5.58555e-05
-200
5.60985e-05
-200
5.65236e-05
-200
5.7039e-05
-200
5.75439e-05
-200
5.79154e-05
-200
5.80989e-05
-200
5.80697e-05
-200
5.78178e-05
-200
5.7336e-05
-200
5.6635e-05
-200
5.57547e-05
5.47529e-05
-200
5.64118e-05
-200
5.82426e-05
-200
5.81145e-05
-200
5.84096e-05
-200
5.89073e-05
-200
5.94842e-05
-200
6.00462e-05
-200
6.04876e-05
-200
6.07339e-05
-200
6.07615e-05
-200
6.05616e-05
-200
6.01344e-05
-200
5.94897e-05
-200
5.86669e-05
-200
5.77101e-05
5.6686e-05
-200
5.73549e-05
-200
5.95906e-05
-200
5.99175e-05
-200
6.0566e-05
-200
6.13355e-05
-200
6.20552e-05
-200
6.26486e-05
-200
6.30219e-05
-200
6.31649e-05
-200
6.30604e-05
-200
6.27122e-05
-200
6.21284e-05
-200
6.133e-05
-200
6.03728e-05
-200
5.93433e-05
5.83204e-05
-200
5.79279e-05
-200
6.04655e-05
-200
6.11979e-05
-200
6.2178e-05
-200
6.31771e-05
-200
6.40115e-05
-200
6.46052e-05
-200
6.49337e-05
-200
6.49945e-05
-200
6.47906e-05
-200
6.43327e-05
-200
6.36292e-05
-200
6.27039e-05
-200
6.15977e-05
-200
6.0438e-05
5.93234e-05
-200
5.84637e-05
-200
6.12189e-05
-200
6.21727e-05
-200
6.34371e-05
-200
6.45724e-05
-200
6.55033e-05
-200
6.60983e-05
-200
6.64044e-05
-200
6.64279e-05
-200
6.61824e-05
-200
6.56804e-05
-200
6.49447e-05
-200
6.39515e-05
-200
6.27278e-05
-200
6.14201e-05
6.02182e-05
-200
5.90477e-05
-200
6.17702e-05
-200
6.2797e-05
-200
6.41481e-05
-200
6.53673e-05
-200
6.63162e-05
-200
6.6922e-05
-200
6.72372e-05
-200
6.72692e-05
-200
6.70384e-05
-200
6.65752e-05
-200
6.58992e-05
-200
6.49543e-05
-200
6.3761e-05
-200
6.22184e-05
6.07474e-05
-200
5.99375e-05
-200
6.22893e-05
-200
6.31867e-05
-200
6.43963e-05
-200
6.56894e-05
-200
6.66331e-05
-200
6.72804e-05
-200
6.76437e-05
-200
6.77382e-05
-200
6.75823e-05
-200
6.72401e-05
-200
6.67292e-05
-200
6.60648e-05
-200
6.49884e-05
-200
6.34624e-05
6.20637e-05
-200
6.08284e-05
-200
6.24476e-05
-200
6.28566e-05
-200
6.39425e-05
-200
6.52181e-05
-200
6.62288e-05
-200
6.69434e-05
-200
6.73897e-05
-200
6.75745e-05
-200
6.75376e-05
-200
6.73442e-05
-200
6.70749e-05
-200
6.67627e-05
-200
6.60503e-05
-200
6.53463e-05
6.39847e-05
-200
6.11542e-05
-200
6.1771e-05
-200
6.17321e-05
-200
6.28346e-05
-200
6.40906e-05
-200
6.52194e-05
-200
6.6006e-05
-200
6.65374e-05
-200
6.68108e-05
-200
6.6886e-05
-200
6.67851e-05
-200
6.6705e-05
-200
6.6634e-05
-200
6.65929e-05
-200
6.706e-05
6.57015e-05
-200
6.00154e-05
-200
6.00381e-05
-200
5.98649e-05
-200
6.09776e-05
-200
6.23914e-05
-200
6.36096e-05
-200
6.44772e-05
-200
6.50696e-05
-200
6.54211e-05
-200
6.55673e-05
-200
6.55577e-05
-200
6.55408e-05
-200
6.57742e-05
-200
6.65759e-05
-200
6.73601e-05
-200
6.6237e-05
6.21673e-05
-200
5.70667e-05
-200
5.71122e-05
-200
5.73705e-05
-200
5.8777e-05
-200
6.0453e-05
-200
6.17722e-05
-200
6.26907e-05
-200
6.33039e-05
-200
6.36857e-05
-200
6.38456e-05
-200
6.38711e-05
-200
6.39928e-05
-200
6.43216e-05
-200
6.52926e-05
-200
6.55958e-05
-200
6.47414e-05
6.16189e-05
-200
5.18678e-05
-200
5.32864e-05
-200
5.44153e-05
-200
5.63513e-05
-200
5.82671e-05
-200
5.96889e-05
-200
6.06188e-05
-200
6.12001e-05
-200
6.15248e-05
-200
6.16288e-05
-200
6.16888e-05
-200
6.19085e-05
-200
6.20948e-05
-200
6.25418e-05
-200
6.24202e-05
-200
6.12012e-05
6.01398e-05
-200
4.59138e-05
-200
4.90623e-05
-200
5.14596e-05
-200
5.40475e-05
-200
5.62555e-05
-200
5.77312e-05
-200
5.85666e-05
-200
5.90263e-05
-200
5.92282e-05
-200
5.92031e-05
-200
5.92225e-05
-200
5.92555e-05
-200
5.91942e-05
-200
5.89658e-05
-200
5.83652e-05
-200
5.8047e-05
5.76797e-05
-200
4.10757e-05
-200
4.56018e-05
-200
4.90834e-05
-200
5.21692e-05
-200
5.4511e-05
-200
5.58827e-05
-200
5.65342e-05
-200
5.67753e-05
-200
5.67201e-05
-200
5.65538e-05
-200
5.62905e-05
-200
5.59507e-05
-200
5.54545e-05
-200
5.47022e-05
-200
5.48103e-05
-200
5.45797e-05
5.45923e-05
-200
3.90207e-05
-200
4.40455e-05
-200
4.81446e-05
-200
5.14185e-05
-200
5.3689e-05
-200
5.48096e-05
-200
5.51573e-05
-200
5.50559e-05
-200
5.48593e-05
-200
5.4341e-05
-200
5.38152e-05
-200
5.30354e-05
-200
5.21339e-05
-200
5.15704e-05
-200
-200
-200
-200
-200
-200
-200
-200
-200
-200
-200
-200
-200
-200
-200
)
;

boundaryField
{
    frontAndBack
    {
        type            calculated;
        value           uniform 0;
    }
    inlet
    {
        type            calculated;
        value           nonuniform List<scalar> 0();
    }
    outlet
    {
        type            calculated;
        value           nonuniform List<scalar> 
130
(
200
200
200
200
200
200
200
200
200
200
200
200
200
200
200
200
200
200
200
200
200
200
200
200
200
200
200
200
200
200
200
200
200
200
200
200
200
200
200
200
200
200
200
200
200
200
200
200
200
200
200
200
200
200
200
200
200
200
200
200
200
200
200
200
200
200
200
200
200
200
200
200
200
200
200
200
200
200
200
200
200
200
200
200
200
200
200
200
200
200
200
200
200
200
200
200
200
200
200
200
200
200
200
200
200
200
200
200
200
200
200
200
200
200
200
200
200
200
200
200
200
200
200
200
200
200
200
200
200
200
)
;
    }
    lowerWall
    {
        type            calculated;
        value           uniform 0;
    }
    upperWall
    {
        type            calculated;
        value           uniform 0;
    }
    procBoundary0to1
    {
        type            processor;
        value           nonuniform List<scalar> 
135
(
-200
-200
-200
-200
-200
-200
-200
-200
-200
-200
-200
-200
-200
-200
-5.31521e-05
-200
-6.09716e-07
-200
-6.75009e-07
-200
-200
-200
-200
-200
-200
-200
-200
-200
-200
-200
-200
-200
-200
-200
-200
-200
-200
-200
-200
-200
-200
-200
-200
-200
-5.59845e-05
-200
-3.49751e-07
-200
-200
-200
-200
-200
-200
-200
-200
-200
-200
-200
-200
-200
-200
-200
-200
-200
-200
-200
-200
-200
-200
-200
-200
-200
-5.67687e-05
-200
-4.50835e-07
-200
-200
-200
-200
-200
-200
-200
-200
-200
-200
-200
-200
-200
-200
-200
-200
-200
-200
-200
-200
-200
-200
-200
-200
-200
-5.73054e-05
-200
-5.11168e-07
-200
-200
-200
-200
-200
-200
-200
-200
-200
-200
-200
-200
-200
-200
-200
-200
-200
-200
-200
-200
-200
-200
-200
-200
-200
-6.21592e-05
-200
-200
-200
-200
-200
-200
)
;
    }
    procBoundary0to3
    {
        type            processor;
        value           nonuniform List<scalar> 
101
(
4.84893e-05
5.15606e-05
5.26881e-05
5.23118e-05
5.15982e-05
5.04393e-05
4.98278e-05
4.92914e-05
4.9248e-05
4.86032e-05
4.80394e-05
4.76805e-05
4.74006e-05
4.79135e-05
3.25478e-05
3.96472e-05
-200
4.58872e-05
-3.33379e-06
-1.21426e-06
-3.48999e-07
5.28317e-05
5.19431e-05
5.12749e-05
5.08745e-05
5.03667e-05
4.99328e-05
4.93963e-05
4.85222e-05
4.79954e-05
4.81731e-05
4.83399e-05
3.35314e-05
3.92965e-05
4.64386e-05
5.0557e-05
5.15389e-05
-200
5.21628e-05
-3.29155e-07
1.21019e-07
5.27516e-05
5.18739e-05
5.11156e-05
5.03773e-05
4.95255e-05
4.88035e-05
4.80491e-05
4.8505e-05
4.8449e-05
3.61772e-05
4.17787e-05
4.78445e-05
5.15108e-05
5.28778e-05
5.28738e-05
5.23856e-05
-200
5.10769e-05
3.61203e-07
5.45316e-07
7.83456e-07
5.10008e-05
4.98495e-05
4.87607e-05
4.82932e-05
4.82681e-05
4.87577e-05
3.8975e-05
4.42202e-05
4.92229e-05
5.20416e-05
5.35424e-05
5.40826e-05
5.32851e-05
5.24638e-05
5.13361e-05
5.02099e-05
-200
4.91638e-05
5.24968e-07
5.48176e-07
6.01789e-07
5.17319e-05
5.17688e-05
5.23133e-05
3.95201e-05
4.458e-05
4.87592e-05
5.17238e-05
5.36301e-05
5.43501e-05
5.43111e-05
5.38385e-05
5.30367e-05
5.22552e-05
5.14702e-05
5.05994e-05
4.95684e-05
-200
4.91304e-05
)
;
    }
}


// ************************************************************************* //
