/*--------------------------------*- C++ -*----------------------------------*\
  =========                 |
  \\      /  F ield         | OpenFOAM: The Open Source CFD Toolbox
   \\    /   O peration     | Website:  https://openfoam.org
    \\  /    A nd           | Version:  10
     \\/     M anipulation  |
\*---------------------------------------------------------------------------*/
FoamFile
{
    format      ascii;
    class       volVectorField;
    location    "10";
    object      U;
}
// * * * * * * * * * * * * * * * * * * * * * * * * * * * * * * * * * * * * * //

dimensions      [0 1 -1 0 0 0 0];

internalField   nonuniform List<vector> 
2083
(
(-9.99999 1.66508e-07 1.95679e-07)
(-9.99999 1.67783e-07 1.69873e-07)
(-9.99999 1.54947e-07 1.31048e-07)
(-9.99999 1.45397e-07 1.04215e-07)
(-10 1.32984e-07 8.89152e-08)
(-10 1.22407e-07 8.3342e-08)
(-10 1.15824e-07 8.83382e-08)
(-10 1.05979e-07 9.34365e-08)
(-10 1.05842e-07 1.0137e-07)
(-10 1.06208e-07 1.07616e-07)
(-10 1.14035e-07 1.14811e-07)
(-10 1.25376e-07 1.20131e-07)
(-10 1.30431e-07 1.1938e-07)
(-10 1.38597e-07 1.2285e-07)
(-10 1.36419e-07 1.24721e-07)
(-10 1.29064e-07 1.28169e-07)
(-9.99999 5.37003e-07 1.9805e-07)
(-9.99999 5.38514e-07 1.67192e-07)
(-9.99999 5.0037e-07 1.25505e-07)
(-9.99999 4.66514e-07 9.8087e-08)
(-9.99999 4.28013e-07 8.22583e-08)
(-10 3.95297e-07 7.54941e-08)
(-10 3.72038e-07 7.77076e-08)
(-10 3.48495e-07 8.48446e-08)
(-10 3.47194e-07 8.72081e-08)
(-10 3.51254e-07 9.17431e-08)
(-10 3.64567e-07 9.04086e-08)
(-10 3.99248e-07 9.65156e-08)
(-10 4.04345e-07 9.30946e-08)
(-10 4.24261e-07 9.38677e-08)
(-10 4.1025e-07 9.86235e-08)
(-10 3.9645e-07 1.03984e-07)
(-9.99999 9.1389e-07 1.93038e-07)
(-9.99999 9.24118e-07 1.62106e-07)
(-9.99999 8.51849e-07 1.19711e-07)
(-9.99999 7.81694e-07 9.42177e-08)
(-9.99999 7.37319e-07 7.86227e-08)
(-10 6.98401e-07 7.44917e-08)
(-10 6.66447e-07 7.37275e-08)
(-10 6.4961e-07 8.19696e-08)
(-10 6.46956e-07 8.60842e-08)
(-10 6.62768e-07 8.90673e-08)
(-10 7.06198e-07 9.20155e-08)
(-10 7.40239e-07 9.19061e-08)
(-10 7.77955e-07 9.11606e-08)
(-10 7.70522e-07 8.70238e-08)
(-10 7.59021e-07 9.27153e-08)
(-10 7.33828e-07 9.7685e-08)
(-9.99999 1.25765e-06 1.89665e-07)
(-9.99999 1.26982e-06 1.54755e-07)
(-9.99999 1.17383e-06 1.12792e-07)
(-9.99999 1.08538e-06 8.59951e-08)
(-9.99999 1.02382e-06 7.35185e-08)
(-10 9.76894e-07 7.12803e-08)
(-10 9.42507e-07 7.72896e-08)
(-10 9.26399e-07 8.47673e-08)
(-10 9.31049e-07 9.25405e-08)
(-10 9.65165e-07 9.42717e-08)
(-10 1.00332e-06 9.43488e-08)
(-10 1.04279e-06 9.13655e-08)
(-10 1.05958e-06 8.34299e-08)
(-10 1.04985e-06 8.27848e-08)
(-10 1.03999e-06 8.36631e-08)
(-10 1.00378e-06 9.18071e-08)
(-9.99999 1.58924e-06 1.88892e-07)
(-9.99999 1.59733e-06 1.5089e-07)
(-9.99999 1.4805e-06 1.09797e-07)
(-9.99999 1.38534e-06 8.3079e-08)
(-10 1.3098e-06 7.40584e-08)
(-10 1.25569e-06 7.30781e-08)
(-10 1.22112e-06 8.11434e-08)
(-10 1.20858e-06 8.86702e-08)
(-10 1.22183e-06 9.63085e-08)
(-10 1.25964e-06 9.67862e-08)
(-10 1.29604e-06 9.42044e-08)
(-10 1.33478e-06 8.70029e-08)
(-10 1.33977e-06 7.66774e-08)
(-10 1.34269e-06 7.62079e-08)
(-10 1.3185e-06 7.40144e-08)
(-10 1.28531e-06 8.69351e-08)
(-9.99999 1.89278e-06 1.82511e-07)
(-9.99999 1.88978e-06 1.46485e-07)
(-9.99999 1.76247e-06 1.05164e-07)
(-10 1.657e-06 8.28912e-08)
(-10 1.57572e-06 7.34167e-08)
(-10 1.51759e-06 7.57389e-08)
(-10 1.48309e-06 8.24151e-08)
(-10 1.47158e-06 9.03549e-08)
(-10 1.49716e-06 9.3522e-08)
(-10 1.52678e-06 9.23139e-08)
(-10 1.57185e-06 8.68442e-08)
(-10 1.59417e-06 7.39989e-08)
(-10 1.60008e-06 6.78405e-08)
(-10 1.59937e-06 6.12523e-08)
(-10 1.56512e-06 6.68151e-08)
(-10 1.53082e-06 6.87094e-08)
(-9.99999 2.17433e-06 1.79403e-07)
(-9.99999 2.16065e-06 1.45133e-07)
(-10 2.03032e-06 1.03629e-07)
(-10 1.91563e-06 8.41274e-08)
(-10 1.83407e-06 7.52663e-08)
(-10 1.77691e-06 7.82224e-08)
(-10 1.745e-06 8.31462e-08)
(-10 1.75047e-06 8.91162e-08)
(-10 1.77032e-06 8.83785e-08)
(-10 1.80941e-06 8.43037e-08)
(-10 1.83265e-06 7.40053e-08)
(-10 1.84262e-06 6.16012e-08)
(-10 1.85291e-06 5.57399e-08)
(-10 1.83341e-06 4.84684e-08)
(-10 1.80327e-06 5.36869e-08)
(-10 1.75624e-06 5.61237e-08)
(-9.99999 2.42011e-06 1.77954e-07)
(-10 2.39528e-06 1.4196e-07)
(-10 2.26167e-06 1.03987e-07)
(-10 2.14774e-06 8.29876e-08)
(-10 2.06499e-06 7.74653e-08)
(-10 2.01464e-06 7.80252e-08)
(-10 1.9871e-06 8.21393e-08)
(-10 2.00419e-06 8.26831e-08)
(-10 2.02065e-06 7.96288e-08)
(-10 2.05991e-06 7.1801e-08)
(-10 2.06787e-06 5.8057e-08)
(-10 2.07614e-06 4.93146e-08)
(-10 2.06665e-06 3.83884e-08)
(-10 2.0396e-06 3.8961e-08)
(-10 2.00988e-06 3.75052e-08)
(-10 1.95358e-06 4.50443e-08)
(-10 2.63518e-06 1.73286e-07)
(-10 2.59734e-06 1.38572e-07)
(-10 2.47029e-06 1.03074e-07)
(-10 2.36114e-06 8.27971e-08)
(-10 2.28688e-06 7.75095e-08)
(-10 2.23903e-06 7.61511e-08)
(-10 2.23324e-06 7.74646e-08)
(-10 2.24029e-06 7.39636e-08)
(-10 2.27267e-06 6.79497e-08)
(-10 2.28553e-06 5.60388e-08)
(-10 2.29377e-06 4.43028e-08)
(-10 2.29162e-06 3.49739e-08)
(-10 2.27181e-06 2.54596e-08)
(-10 2.25139e-06 2.57384e-08)
(-10 2.20164e-06 2.09361e-08)
(-10 2.14693e-06 3.33484e-08)
(-10 2.80074e-06 1.59284e-07)
(-10 2.756e-06 1.33253e-07)
(-10 2.64588e-06 9.83966e-08)
(-10 2.54117e-06 8.14965e-08)
(-10 2.48152e-06 7.399e-08)
(-10 2.44148e-06 7.16493e-08)
(-10 2.45128e-06 6.76353e-08)
(-10 2.45617e-06 6.15805e-08)
(-10 2.48555e-06 5.14391e-08)
(-10 2.48102e-06 3.88028e-08)
(-10 2.48401e-06 2.92218e-08)
(-10 2.46836e-06 1.79384e-08)
(-10 2.44682e-06 1.45617e-08)
(-10 2.4207e-06 6.05056e-09)
(-10 2.36697e-06 9.81996e-09)
(-10 2.30846e-06 8.01285e-09)
(-10 2.9226e-06 1.47021e-07)
(-10 2.87501e-06 1.277e-07)
(-10 2.78401e-06 9.44949e-08)
(-10 2.70931e-06 7.83933e-08)
(-10 2.65412e-06 6.94075e-08)
(-10 2.64561e-06 6.46022e-08)
(-10 2.6439e-06 5.74161e-08)
(-10 2.66805e-06 4.81573e-08)
(-10 2.66672e-06 3.52154e-08)
(-10 2.66523e-06 2.47052e-08)
(-10 2.64943e-06 1.47079e-08)
(-10 2.62684e-06 6.12072e-09)
(-10 2.60488e-06 -3.49613e-10)
(-10 2.55926e-06 -1.11707e-08)
(-10 2.51154e-06 -8.24819e-09)
(-10 2.44313e-06 -8.65836e-09)
(-10 2.99552e-06 1.36411e-07)
(-10 2.94823e-06 1.18079e-07)
(-10 2.88695e-06 9.19029e-08)
(-10 2.84769e-06 7.29709e-08)
(-10 2.81072e-06 6.31328e-08)
(-10 2.82302e-06 5.4684e-08)
(-10 2.81899e-06 4.52844e-08)
(-10 2.83956e-06 3.29124e-08)
(-10 2.82135e-06 2.0775e-08)
(-10 2.81259e-06 1.08209e-08)
(-10 2.78253e-06 1.35618e-09)
(-10 2.7554e-06 -5.05371e-09)
(-10 2.72089e-06 -1.98718e-08)
(-10 2.67107e-06 -2.4371e-08)
(-10 2.62138e-06 -2.82056e-08)
(-10 2.55243e-06 -2.26532e-08)
(-10 3.02939e-06 1.24508e-07)
(-10 2.99755e-06 1.11545e-07)
(-10 2.95661e-06 8.56937e-08)
(-10 2.95917e-06 6.73427e-08)
(-10 2.97444e-06 5.55332e-08)
(-10 2.96691e-06 4.44371e-08)
(-10 2.98501e-06 3.25983e-08)
(-10 2.97088e-06 1.91667e-08)
(-10 2.9578e-06 9.13471e-09)
(-10 2.92525e-06 -7.32414e-10)
(-10 2.89175e-06 -8.05276e-09)
(-10 2.85613e-06 -1.8143e-08)
(-10 2.80805e-06 -3.45e-08)
(-10 2.76856e-06 -3.89867e-08)
(-10 2.70802e-06 -4.59657e-08)
(-10 2.6496e-06 -3.37329e-08)
(-10 3.0368e-06 1.03462e-07)
(-10 3.01934e-06 1.03341e-07)
(-10 3.00637e-06 7.64625e-08)
(-10 3.05319e-06 6.09545e-08)
(-10 3.1056e-06 4.52944e-08)
(-10 3.0964e-06 3.15935e-08)
(-10 3.10903e-06 1.84901e-08)
(-10 3.07755e-06 6.40439e-09)
(-10 3.05622e-06 -3.35504e-09)
(-10 3.00963e-06 -1.0252e-08)
(-10 2.96907e-06 -1.71318e-08)
(-10 2.9216e-06 -3.38111e-08)
(-10 2.87153e-06 -4.37456e-08)
(-10 2.82817e-06 -5.61588e-08)
(-10 2.76857e-06 -5.35606e-08)
(-10 2.70585e-06 -6.17376e-08)
(-10 3.03741e-06 1.02627e-07)
(-10 3.02013e-06 9.61653e-08)
(-10 3.05533e-06 7.14951e-08)
(-10 3.1259e-06 5.19561e-08)
(-10 3.21265e-06 3.68257e-08)
(-10 3.21702e-06 2.07789e-08)
(-10 3.18816e-06 7.72622e-09)
(-10 3.16495e-06 -2.7621e-09)
(-10 3.11831e-06 -1.11325e-08)
(-10 3.07097e-06 -1.46927e-08)
(-10 3.01729e-06 -2.42457e-08)
(-10 2.96012e-06 -3.79556e-08)
(-10 2.9119e-06 -4.70774e-08)
(-10 2.85499e-06 -6.18706e-08)
(-10 2.7999e-06 -6.69463e-08)
(-10 2.74114e-06 -5.26074e-08)
(-10 2.68237e-06 -3.79539e-08)
(-10 3.04515e-06 1.00793e-07)
(-10 3.0265e-06 8.3355e-08)
(-10 3.1006e-06 6.17684e-08)
(-10 3.19584e-06 3.9503e-08)
(-10 3.30051e-06 2.41238e-08)
(-10 3.29744e-06 8.45612e-09)
(-10 3.25141e-06 -4.93413e-09)
(-10 3.22287e-06 -1.44458e-08)
(-10 3.16456e-06 -1.83097e-08)
(-10 3.11112e-06 -2.295e-08)
(-10 3.04751e-06 -3.28286e-08)
(-10 2.98611e-06 -4.01373e-08)
(-10 2.93143e-06 -5.60334e-08)
(-10 2.87326e-06 -5.82041e-08)
(-10 2.81812e-06 -5.75127e-08)
(-10 2.75879e-06 -5.50047e-08)
(-10 2.6976e-06 -6.20277e-08)
(-10 3.0773e-06 8.28738e-08)
(-10 3.06344e-06 8.60564e-08)
(-10 3.13388e-06 5.48296e-08)
(-10 3.26723e-06 3.22083e-08)
(-10 3.37853e-06 1.29819e-08)
(-10 3.33062e-06 -3.20497e-09)
(-10 3.3028e-06 -1.59505e-08)
(-10 3.25048e-06 -2.46056e-08)
(-10 3.19752e-06 -2.71041e-08)
(-10 3.1311e-06 -3.39134e-08)
(-10 3.06236e-06 -4.02827e-08)
(-10 2.99876e-06 -4.73031e-08)
(-10 2.93588e-06 -5.2934e-08)
(-10 2.88234e-06 -5.47166e-08)
(-10 2.82619e-06 -6.95255e-08)
(-10 2.76791e-06 -6.79714e-08)
(-10 2.71246e-06 -4.75774e-08)
(-10 3.12282e-06 7.80396e-08)
(-10 3.09861e-06 7.96941e-08)
(-10 3.16068e-06 5.25582e-08)
(-10 3.31308e-06 3.12396e-08)
(-10 3.40638e-06 6.88196e-09)
(-10 3.35366e-06 -1.30211e-08)
(-10 3.32822e-06 -2.70587e-08)
(-10 3.27274e-06 -3.3325e-08)
(-10 3.22022e-06 -3.9627e-08)
(-10 3.15047e-06 -4.55e-08)
(-10 3.08135e-06 -4.86268e-08)
(-10 3.01552e-06 -5.34461e-08)
(-10 2.95338e-06 -5.27975e-08)
(-10 2.90015e-06 -5.94139e-08)
(-10 2.84528e-06 -4.01621e-08)
(-10 2.7844e-06 -2.57887e-08)
(-10 2.72323e-06 -8.41479e-08)
(-10 3.14095e-06 7.75057e-08)
(-10 3.08963e-06 9.35366e-08)
(-10 3.17527e-06 6.34318e-08)
(-10 3.30351e-06 2.97596e-08)
(-10 3.37707e-06 3.55826e-09)
(-10 3.35452e-06 -1.86601e-08)
(-10 3.31507e-06 -3.32323e-08)
(-10 3.27545e-06 -4.11359e-08)
(-10 3.21729e-06 -5.03123e-08)
(-10 3.15289e-06 -5.27146e-08)
(-10 3.08352e-06 -5.8234e-08)
(-10 3.01458e-06 -5.6037e-08)
(-10 2.9548e-06 -4.53189e-08)
(-10 2.89577e-06 -3.83638e-08)
(-10 2.84323e-06 -5.31271e-08)
(-10 2.78725e-06 -6.28475e-08)
(-10 2.7254e-06 -2.81561e-08)
(-10 3.07292e-06 9.62278e-08)
(-10 3.01897e-06 9.94465e-08)
(-10 3.11548e-06 7.73852e-08)
(-10 3.23558e-06 3.80798e-08)
(-10 3.30671e-06 2.44202e-09)
(-10 3.30718e-06 -2.19682e-08)
(-10 3.26981e-06 -3.67204e-08)
(-10 3.24263e-06 -5.07347e-08)
(-10 3.18919e-06 -5.58467e-08)
(-10 3.13114e-06 -6.46229e-08)
(-10 3.06335e-06 -6.49312e-08)
(-10 2.99626e-06 -5.64333e-08)
(-10 2.93456e-06 -4.9061e-08)
(-10 2.87706e-06 -4.17822e-08)
(-10 2.83188e-06 -1.3549e-08)
(-10 2.78032e-06 -1.90217e-08)
(-10 2.7233e-06 -6.72677e-08)
(-10 2.89036e-06 1.04776e-07)
(-10 2.88014e-06 1.4405e-07)
(-10 2.95749e-06 9.20433e-08)
(-10 3.1415e-06 4.96909e-08)
(-10 3.2546e-06 1.06238e-08)
(-10 3.22421e-06 -1.72541e-08)
(-10 3.22416e-06 -3.89509e-08)
(-10 3.19367e-06 -5.18169e-08)
(-10 3.15589e-06 -6.41685e-08)
(-10 3.10135e-06 -6.92763e-08)
(-10 3.04166e-06 -6.75698e-08)
(-10 2.97787e-06 -5.8781e-08)
(-10 2.91284e-06 -4.21672e-08)
(-10 2.86317e-06 -1.80163e-08)
(-10 2.81996e-06 -3.42573e-08)
(-10 2.77281e-06 -3.44024e-08)
(-10 2.72533e-06 -8.4571e-09)
(-10 2.56924e-06 1.42675e-07)
(-10 2.62266e-06 1.58881e-07)
(-10 2.77769e-06 1.17486e-07)
(-10 2.98347e-06 7.28179e-08)
(-10 3.12269e-06 2.64983e-08)
(-10 3.13594e-06 -5.50081e-09)
(-10 3.13402e-06 -2.58041e-08)
(-10 3.11647e-06 -3.84275e-08)
(-10 3.09373e-06 -5.41125e-08)
(-10 3.05384e-06 -5.8944e-08)
(-10 2.99603e-06 -5.33887e-08)
(-10 2.93104e-06 -4.23039e-08)
(-10 2.87888e-06 -2.46216e-08)
(-10 2.81982e-06 -1.50713e-08)
(-10 2.78411e-06 4.27385e-09)
(-10 2.7474e-06 1.20213e-08)
(-10 2.70134e-06 -1.66654e-08)
(-10 2.06426e-06 1.51457e-07)
(-10 2.23806e-06 2.08645e-07)
(-10 2.4647e-06 1.2499e-07)
(-10 2.689e-06 8.45063e-08)
(-10 2.88121e-06 3.88055e-08)
(-10 2.95585e-06 4.71164e-09)
(-10 2.99488e-06 -2.55068e-08)
(-10 2.99369e-06 -2.29409e-08)
(-10 2.95003e-06 -3.97781e-08)
(-10 2.90198e-06 -3.28259e-08)
(-10 2.83317e-06 -3.74281e-08)
(-10 2.79171e-06 -2.53593e-08)
(-10 2.7139e-06 -9.45667e-09)
(-10 2.69101e-06 1.28123e-08)
(-10 2.64238e-06 1.2648e-08)
(-10 2.59078e-06 1.62865e-08)
(-10 2.58279e-06 3.99081e-08)
(-10 1.51838e-06 1.9539e-07)
(-10 1.87463e-06 2.27856e-07)
(-10 2.1359e-06 1.61358e-07)
(-10 2.29557e-06 8.68603e-08)
(-10 2.5234e-06 2.59419e-08)
(-10 2.58004e-06 -4.55812e-09)
(-10 2.62273e-06 -4.76225e-09)
(-10 2.61042e-06 -2.936e-08)
(-10 2.5839e-06 -3.27872e-08)
(-10 2.55321e-06 -3.45444e-08)
(-10 2.51911e-06 -2.74775e-08)
(-10 2.44203e-06 -1.73959e-08)
(-10 2.4233e-06 -9.21025e-09)
(-10 2.32319e-06 1.01726e-08)
(-10 2.27371e-06 2.20042e-08)
(-10 2.2617e-06 3.7828e-08)
(-10 2.2255e-06 5.93421e-08)
(-10 1.27653e-06 2.51355e-07)
(-10 1.59464e-06 2.873e-07)
(-10 1.98031e-06 2.05778e-07)
(-10 2.15805e-06 1.2723e-07)
(-10 2.40077e-06 6.26237e-08)
(-10 2.45639e-06 2.00019e-08)
(-10 2.42334e-06 -2.18867e-08)
(-10 2.42713e-06 2.68005e-09)
(-10 2.38269e-06 7.16337e-09)
(-10 2.32605e-06 -1.20126e-09)
(-10 2.26293e-06 -2.64623e-09)
(-10 2.24668e-06 -6.1492e-09)
(-10 2.1892e-06 1.05124e-08)
(-10 2.13609e-06 1.33769e-08)
(-10 2.10234e-06 3.15712e-08)
(-10 2.06724e-06 8.22085e-08)
(-10 2.05896e-06 5.19697e-08)
(-10 1.43725e-06 3.14583e-07)
(-10 1.85897e-06 3.26313e-07)
(-10 2.16044e-06 2.79955e-07)
(-9.99999 1.64987e-07 4.53856e-07)
(-9.99999 1.66595e-07 3.84849e-07)
(-9.99999 1.56546e-07 2.78229e-07)
(-9.99999 1.47325e-07 2.10642e-07)
(-10 1.37037e-07 1.77722e-07)
(-10 1.27729e-07 1.59432e-07)
(-10 1.20082e-07 1.61233e-07)
(-10 1.17156e-07 1.65904e-07)
(-10 1.15357e-07 1.8962e-07)
(-10 1.17995e-07 2.0693e-07)
(-10 1.24845e-07 2.26229e-07)
(-10 1.33937e-07 2.34867e-07)
(-10 1.41399e-07 2.2663e-07)
(-10 1.43633e-07 2.2224e-07)
(-10 1.44038e-07 2.24865e-07)
(-10 1.38811e-07 2.47865e-07)
(-9.99999 5.32029e-07 4.58092e-07)
(-9.99999 5.34324e-07 3.74414e-07)
(-9.99999 5.00165e-07 2.57537e-07)
(-9.99999 4.68248e-07 1.88793e-07)
(-9.99999 4.36137e-07 1.4985e-07)
(-10 4.0687e-07 1.29993e-07)
(-10 3.84524e-07 1.29657e-07)
(-10 3.70636e-07 1.33811e-07)
(-10 3.67565e-07 1.46096e-07)
(-10 3.75869e-07 1.5973e-07)
(-10 3.94003e-07 1.68254e-07)
(-10 4.18586e-07 1.64888e-07)
(-10 4.31607e-07 1.50257e-07)
(-10 4.34197e-07 1.40849e-07)
(-10 4.25636e-07 1.52453e-07)
(-10 4.11031e-07 1.60543e-07)
(-9.99999 8.97802e-07 4.52017e-07)
(-9.99999 9.06055e-07 3.68051e-07)
(-9.99999 8.54187e-07 2.47854e-07)
(-9.99999 8.0536e-07 1.88087e-07)
(-9.99999 7.58287e-07 1.49788e-07)
(-10 7.1723e-07 1.34821e-07)
(-10 6.84027e-07 1.37664e-07)
(-10 6.70022e-07 1.47587e-07)
(-10 6.72978e-07 1.60332e-07)
(-10 6.92773e-07 1.72278e-07)
(-10 7.26871e-07 1.77589e-07)
(-10 7.64073e-07 1.6513e-07)
(-10 7.86283e-07 1.47428e-07)
(-10 7.90989e-07 1.45933e-07)
(-10 7.80052e-07 1.5408e-07)
(-10 7.57782e-07 1.628e-07)
(-9.99999 1.23121e-06 4.451e-07)
(-9.99999 1.2382e-06 3.55267e-07)
(-9.99999 1.16981e-06 2.38011e-07)
(-9.99999 1.10596e-06 1.79301e-07)
(-9.99999 1.04657e-06 1.46151e-07)
(-10 9.97834e-07 1.36743e-07)
(-10 9.60443e-07 1.44699e-07)
(-10 9.45076e-07 1.54909e-07)
(-10 9.54683e-07 1.69673e-07)
(-10 9.85184e-07 1.7877e-07)
(-10 1.02905e-06 1.74009e-07)
(-10 1.07234e-06 1.525e-07)
(-10 1.09488e-06 1.42799e-07)
(-10 1.09679e-06 1.43374e-07)
(-10 1.07931e-06 1.46125e-07)
(-10 1.0498e-06 1.59188e-07)
(-9.99999 1.54906e-06 4.40545e-07)
(-9.99999 1.55176e-06 3.46412e-07)
(-9.99999 1.46975e-06 2.33218e-07)
(-9.99999 1.39464e-06 1.75451e-07)
(-10 1.3284e-06 1.48455e-07)
(-10 1.27611e-06 1.43823e-07)
(-10 1.23876e-06 1.5346e-07)
(-10 1.229e-06 1.65842e-07)
(-10 1.24643e-06 1.79081e-07)
(-10 1.2884e-06 1.83079e-07)
(-10 1.33851e-06 1.65886e-07)
(-10 1.3794e-06 1.45447e-07)
(-10 1.40147e-06 1.39119e-07)
(-10 1.4004e-06 1.37226e-07)
(-10 1.37984e-06 1.38304e-07)
(-10 1.34398e-06 1.5289e-07)
(-9.99999 1.83979e-06 4.27066e-07)
(-9.99999 1.83409e-06 3.35762e-07)
(-9.99999 1.74072e-06 2.25904e-07)
(-10 1.65791e-06 1.72772e-07)
(-10 1.58934e-06 1.49328e-07)
(-10 1.53489e-06 1.47846e-07)
(-10 1.5014e-06 1.55216e-07)
(-10 1.49941e-06 1.67846e-07)
(-10 1.52691e-06 1.7635e-07)
(-10 1.57519e-06 1.68493e-07)
(-10 1.62507e-06 1.39286e-07)
(-10 1.66501e-06 1.31272e-07)
(-10 1.6793e-06 1.24138e-07)
(-10 1.67357e-06 1.18559e-07)
(-10 1.64573e-06 1.23815e-07)
(-10 1.6025e-06 1.28177e-07)
(-9.99999 2.11202e-06 4.20233e-07)
(-9.99999 2.09734e-06 3.32343e-07)
(-10 1.99653e-06 2.25397e-07)
(-10 1.91158e-06 1.77188e-07)
(-10 1.84275e-06 1.55427e-07)
(-10 1.79129e-06 1.54381e-07)
(-10 1.76626e-06 1.59936e-07)
(-10 1.77301e-06 1.68657e-07)
(-10 1.81121e-06 1.65937e-07)
(-10 1.86193e-06 1.45402e-07)
(-10 1.91002e-06 1.27793e-07)
(-10 1.94223e-06 1.18743e-07)
(-10 1.94984e-06 1.11592e-07)
(-10 1.93832e-06 1.03909e-07)
(-10 1.90481e-06 1.07615e-07)
(-10 1.8539e-06 1.1447e-07)
(-9.99999 2.35064e-06 4.11384e-07)
(-10 2.32677e-06 3.24083e-07)
(-10 2.22154e-06 2.2562e-07)
(-10 2.1377e-06 1.74926e-07)
(-10 2.07099e-06 1.57346e-07)
(-10 2.02535e-06 1.51908e-07)
(-10 2.0103e-06 1.54655e-07)
(-10 2.02745e-06 1.56072e-07)
(-10 2.07086e-06 1.39022e-07)
(-10 2.1194e-06 1.13694e-07)
(-10 2.16395e-06 1.05485e-07)
(-10 2.18185e-06 9.68268e-08)
(-10 2.18279e-06 8.62946e-08)
(-10 2.16467e-06 7.93206e-08)
(-10 2.12438e-06 7.80165e-08)
(-10 2.06816e-06 8.83707e-08)
(-10 2.55864e-06 4.01097e-07)
(-10 2.52884e-06 3.20509e-07)
(-10 2.42453e-06 2.31152e-07)
(-10 2.34393e-06 1.8118e-07)
(-10 2.28492e-06 1.62131e-07)
(-10 2.25062e-06 1.53715e-07)
(-10 2.24658e-06 1.51142e-07)
(-10 2.27615e-06 1.33506e-07)
(-10 2.31946e-06 1.10688e-07)
(-10 2.36482e-06 9.88158e-08)
(-10 2.39228e-06 8.95297e-08)
(-10 2.4008e-06 8.2762e-08)
(-10 2.39506e-06 6.55515e-08)
(-10 2.37197e-06 5.73163e-08)
(-10 2.32858e-06 4.68248e-08)
(-10 2.27042e-06 6.60742e-08)
(-10 2.72104e-06 3.75594e-07)
(-10 2.68948e-06 3.10489e-07)
(-10 2.5898e-06 2.23373e-07)
(-10 2.51947e-06 1.7901e-07)
(-10 2.47134e-06 1.55777e-07)
(-10 2.45113e-06 1.43552e-07)
(-10 2.46181e-06 1.29252e-07)
(-10 2.497e-06 1.02874e-07)
(-10 2.53826e-06 8.29815e-08)
(-10 2.57251e-06 7.44279e-08)
(-10 2.58299e-06 6.94917e-08)
(-10 2.58238e-06 5.07975e-08)
(-10 2.56857e-06 2.99909e-08)
(-10 2.53999e-06 1.07541e-08)
(-10 2.49303e-06 1.48821e-08)
(-10 2.43203e-06 1.92671e-08)
(-10 2.84251e-06 3.54565e-07)
(-10 2.81427e-06 3.05071e-07)
(-10 2.72974e-06 2.23504e-07)
(-10 2.67398e-06 1.79745e-07)
(-10 2.64418e-06 1.53621e-07)
(-10 2.64026e-06 1.36967e-07)
(-10 2.66671e-06 1.02739e-07)
(-10 2.70441e-06 8.31694e-08)
(-10 2.74177e-06 6.92989e-08)
(-10 2.75538e-06 6.12804e-08)
(-10 2.75479e-06 5.81082e-08)
(-10 2.74371e-06 1.8022e-08)
(-10 2.72093e-06 1.00755e-09)
(-10 2.68581e-06 -1.65701e-08)
(-10 2.63519e-06 -1.4753e-08)
(-10 2.57315e-06 -9.45512e-09)
(-10 2.9163e-06 3.29203e-07)
(-10 2.89919e-06 2.91272e-07)
(-10 2.83584e-06 2.17608e-07)
(-10 2.80028e-06 1.69655e-07)
(-10 2.79244e-06 1.3973e-07)
(-10 2.80952e-06 1.0572e-07)
(-10 2.84576e-06 7.81189e-08)
(-10 2.88313e-06 5.86904e-08)
(-10 2.90502e-06 4.78234e-08)
(-10 2.90386e-06 4.45128e-08)
(-10 2.89104e-06 1.21121e-08)
(-10 2.86662e-06 -1.03027e-08)
(-10 2.8324e-06 -3.86093e-08)
(-10 2.78955e-06 -5.09422e-08)
(-10 2.73714e-06 -5.5688e-08)
(-10 2.67756e-06 -4.66322e-08)
(-10 2.95308e-06 3.07049e-07)
(-10 2.95413e-06 2.86403e-07)
(-10 2.91444e-06 2.13848e-07)
(-10 2.90885e-06 1.65734e-07)
(-10 2.92354e-06 1.2701e-07)
(-10 2.96095e-06 8.83417e-08)
(-10 3.00268e-06 6.52579e-08)
(-10 3.03515e-06 4.73942e-08)
(-10 3.0393e-06 3.71719e-08)
(-10 3.02515e-06 3.38172e-08)
(-10 2.99653e-06 -3.83335e-09)
(-10 2.95674e-06 -2.89387e-08)
(-10 2.91108e-06 -5.96557e-08)
(-10 2.86185e-06 -7.25046e-08)
(-10 2.80929e-06 -8.18016e-08)
(-10 2.75265e-06 -6.72736e-08)
(-10 2.96547e-06 2.77065e-07)
(-10 2.98279e-06 2.78748e-07)
(-10 2.9749e-06 2.04083e-07)
(-10 2.99959e-06 1.54911e-07)
(-10 3.03993e-06 1.0305e-07)
(-10 3.09327e-06 7.05134e-08)
(-10 3.13731e-06 4.55337e-08)
(-10 3.15619e-06 2.95961e-08)
(-10 3.14806e-06 2.42156e-08)
(-10 3.12001e-06 -8.07428e-09)
(-10 3.07503e-06 -2.29212e-08)
(-10 3.02154e-06 -5.50789e-08)
(-10 2.96515e-06 -7.9924e-08)
(-10 2.909e-06 -1.01077e-07)
(-10 2.85182e-06 -1.02451e-07)
(-10 2.79879e-06 -1.02264e-07)
(-10 2.9688e-06 2.70752e-07)
(-10 2.99893e-06 2.72885e-07)
(-10 3.02535e-06 1.9924e-07)
(-10 3.07312e-06 1.41181e-07)
(-10 3.14182e-06 9.09177e-08)
(-10 3.20072e-06 5.7327e-08)
(-10 3.24241e-06 3.41706e-08)
(-10 3.24875e-06 1.82402e-08)
(-10 3.22993e-06 1.24946e-08)
(-10 3.18799e-06 -1.60193e-08)
(-10 3.13009e-06 -3.32418e-08)
(-10 3.06588e-06 -6.19098e-08)
(-10 2.99744e-06 -8.64927e-08)
(-10 2.93357e-06 -1.09065e-07)
(-10 2.87931e-06 -1.14056e-07)
(-10 2.83046e-06 -1.08496e-07)
(-10 2.97859e-06 2.51088e-07)
(-10 3.01719e-06 2.706e-07)
(-10 3.05826e-06 1.85518e-07)
(-10 3.13203e-06 1.20058e-07)
(-10 3.21663e-06 7.07611e-08)
(-10 3.28223e-06 3.62991e-08)
(-10 3.31445e-06 1.15425e-08)
(-10 3.31177e-06 -4.03806e-10)
(-10 3.28242e-06 -2.44297e-08)
(-10 3.22976e-06 -3.6222e-08)
(-10 3.16317e-06 -5.55859e-08)
(-10 3.08862e-06 -7.56512e-08)
(-10 3.01379e-06 -1.01033e-07)
(-10 2.94407e-06 -1.10547e-07)
(-10 2.86152e-06 -1.26454e-07)
(-10 2.80185e-06 -1.40107e-07)
(-10 3.01466e-06 2.25549e-07)
(-10 3.04598e-06 2.77597e-07)
(-10 3.08399e-06 1.80796e-07)
(-10 3.17976e-06 1.12603e-07)
(-10 3.26537e-06 5.89763e-08)
(-10 3.33608e-06 2.13545e-08)
(-10 3.3608e-06 -8.06144e-09)
(-10 3.35281e-06 -2.27507e-08)
(-10 3.31623e-06 -4.14858e-08)
(-10 3.25889e-06 -5.58337e-08)
(-10 3.18711e-06 -7.03361e-08)
(-10 3.10857e-06 -8.62592e-08)
(-10 3.02974e-06 -1.00722e-07)
(-10 2.9432e-06 -1.20914e-07)
(-10 2.88195e-06 -1.37087e-07)
(-10 2.82682e-06 -1.41134e-07)
(-10 2.76752e-06 -9.15298e-08)
(-10 3.05893e-06 2.1442e-07)
(-10 3.06046e-06 2.86071e-07)
(-10 3.10559e-06 1.84871e-07)
(-10 3.19737e-06 1.08803e-07)
(-10 3.29372e-06 4.79958e-08)
(-10 3.36086e-06 6.84931e-10)
(-10 3.3839e-06 -2.88353e-08)
(-10 3.37511e-06 -5.15417e-08)
(-10 3.33879e-06 -6.68557e-08)
(-10 3.28251e-06 -8.1494e-08)
(-10 3.21128e-06 -9.04244e-08)
(-10 3.1354e-06 -1.00336e-07)
(-10 3.06486e-06 -1.03995e-07)
(-10 3.0078e-06 -1.00038e-07)
(-10 2.93836e-06 -1.10516e-07)
(-10 2.88289e-06 -1.4966e-07)
(-10 2.82596e-06 -6.21898e-08)
(-10 3.07564e-06 2.44241e-07)
(-10 3.05553e-06 3.10972e-07)
(-10 3.09579e-06 2.0528e-07)
(-10 3.18004e-06 1.17211e-07)
(-10 3.28424e-06 4.93947e-08)
(-10 3.34808e-06 -4.79501e-09)
(-10 3.37338e-06 -4.09362e-08)
(-10 3.36699e-06 -6.45919e-08)
(-10 3.33513e-06 -8.51119e-08)
(-10 3.28211e-06 -9.87685e-08)
(-10 3.21607e-06 -1.04638e-07)
(-10 3.14768e-06 -1.00286e-07)
(-10 3.08754e-06 -8.49226e-08)
(-10 3.02608e-06 -8.77887e-08)
(-10 3.00681e-06 -8.90526e-08)
(-10 2.95449e-06 -8.60277e-08)
(-10 2.84793e-06 -1.13212e-07)
(-10 3.0158e-06 2.58293e-07)
(-10 2.98971e-06 3.62744e-07)
(-10 3.02148e-06 2.29101e-07)
(-10 3.11848e-06 1.27606e-07)
(-10 3.21824e-06 4.62549e-08)
(-10 3.2909e-06 -1.51541e-08)
(-10 3.32028e-06 -5.84536e-08)
(-10 3.32106e-06 -9.14739e-08)
(-10 3.29635e-06 -1.14986e-07)
(-10 3.25007e-06 -1.31141e-07)
(-10 3.19164e-06 -1.3078e-07)
(-10 3.13231e-06 -1.17546e-07)
(-10 3.08483e-06 -1.00758e-07)
(-10 3.04414e-06 -4.52377e-08)
(-10 3.03075e-06 -6.91535e-08)
(-10 2.96573e-06 -1.01878e-07)
(-10 2.84406e-06 -8.52316e-08)
(-10 2.85685e-06 3.27707e-07)
(-10 2.84023e-06 4.28409e-07)
(-10 2.90586e-06 2.82185e-07)
(-10 3.02027e-06 1.65338e-07)
(-10 3.13574e-06 6.84574e-08)
(-10 3.21183e-06 -4.01259e-09)
(-10 3.25729e-06 -5.94435e-08)
(-10 3.2651e-06 -9.88802e-08)
(-10 3.24712e-06 -1.26355e-07)
(-10 3.21007e-06 -1.39697e-07)
(-10 3.15962e-06 -1.34789e-07)
(-10 3.11336e-06 -1.12062e-07)
(-10 3.06358e-06 -6.97176e-08)
(-10 3.05455e-06 -5.48265e-08)
(-10 3.02734e-06 -3.93452e-08)
(-10 2.96577e-06 -1.65165e-08)
(-10 2.8559e-06 -6.82146e-08)
(-10 2.5715e-06 3.67655e-07)
(-10 2.61229e-06 5.07414e-07)
(-10 2.75665e-06 3.40935e-07)
(-10 2.89842e-06 1.97295e-07)
(-10 3.02578e-06 8.31279e-08)
(-10 3.12652e-06 -4.97911e-09)
(-10 3.16812e-06 -6.99141e-08)
(-10 3.18508e-06 -1.13636e-07)
(-10 3.18109e-06 -1.37742e-07)
(-10 3.14702e-06 -1.48673e-07)
(-10 3.10566e-06 -1.37883e-07)
(-10 3.05733e-06 -9.75883e-08)
(-10 3.02995e-06 -7.7645e-08)
(-10 2.99691e-06 -3.32694e-08)
(-10 2.99269e-06 7.95861e-09)
(-10 2.91349e-06 -2.67014e-08)
(-10 2.81896e-06 -2.52887e-08)
(-10 2.14368e-06 4.48069e-07)
(-10 2.29175e-06 5.57978e-07)
(-10 2.52744e-06 3.79627e-07)
(-10 2.6957e-06 2.25271e-07)
(-10 2.85196e-06 1.01962e-07)
(-10 2.92112e-06 8.30862e-09)
(-10 2.98693e-06 -6.69979e-08)
(-10 3.00264e-06 -1.03091e-07)
(-10 2.9877e-06 -1.28583e-07)
(-10 2.96924e-06 -1.29152e-07)
(-10 2.93264e-06 -1.24165e-07)
(-10 2.89185e-06 -9.36932e-08)
(-10 2.86974e-06 -5.70818e-08)
(-10 2.83322e-06 -2.58907e-08)
(-10 2.7799e-06 -2.62566e-09)
(-10 2.69299e-06 1.32573e-08)
(-10 2.6998e-06 -4.53205e-10)
(-10 1.66888e-06 5.28585e-07)
(-10 1.9331e-06 6.54421e-07)
(-10 2.23491e-06 4.45865e-07)
(-10 2.42093e-06 2.54474e-07)
(-10 2.54466e-06 1.24519e-07)
(-10 2.62972e-06 1.95149e-08)
(-10 2.62566e-06 -2.95605e-08)
(-10 2.64944e-06 -8.14378e-08)
(-10 2.64363e-06 -8.8447e-08)
(-10 2.60887e-06 -9.58745e-08)
(-10 2.57613e-06 -7.99745e-08)
(-10 2.53536e-06 -7.05586e-08)
(-10 2.47371e-06 -4.88507e-08)
(-10 2.42825e-06 -5.81143e-09)
(-10 2.36397e-06 2.01953e-08)
(-10 2.35936e-06 3.91953e-08)
(-10 2.32327e-06 1.08803e-07)
(-10 1.42249e-06 6.90896e-07)
(-10 1.74529e-06 7.68539e-07)
(-10 2.0526e-06 5.39577e-07)
(-10 2.26082e-06 3.25334e-07)
(-10 2.41948e-06 1.74539e-07)
(-10 2.42348e-06 1.0446e-07)
(-10 2.49337e-06 4.12693e-09)
(-10 2.45268e-06 -1.51471e-08)
(-10 2.41137e-06 -3.04735e-08)
(-10 2.38938e-06 -2.41462e-08)
(-10 2.35171e-06 -2.88839e-08)
(-10 2.3137e-06 -1.21233e-08)
(-10 2.26159e-06 -4.84978e-09)
(-10 2.19456e-06 4.27747e-09)
(-10 2.16749e-06 3.44352e-08)
(-10 2.14265e-06 1.37764e-07)
(-10 2.13722e-06 1.15735e-07)
(-10 1.51693e-06 8.15055e-07)
(-10 1.80917e-06 9.17486e-07)
(-10 2.20183e-06 6.79972e-07)
(-10 2.44051e-06 4.01769e-07)
(-10 2.51871e-06 2.0928e-07)
(-10 2.59917e-06 1.07511e-07)
(-9.99999 1.6245e-07 4.98573e-07)
(-9.99999 1.64794e-07 4.17911e-07)
(-9.99999 1.56046e-07 3.03227e-07)
(-9.99999 1.47765e-07 2.16119e-07)
(-10 1.40178e-07 1.79686e-07)
(-10 1.33466e-07 1.56194e-07)
(-10 1.28816e-07 1.54969e-07)
(-10 1.24633e-07 1.57453e-07)
(-10 1.26411e-07 1.72647e-07)
(-10 1.29933e-07 1.90586e-07)
(-10 1.36341e-07 2.05921e-07)
(-10 1.43691e-07 2.15849e-07)
(-10 1.49253e-07 2.17066e-07)
(-10 1.50325e-07 2.20931e-07)
(-10 1.50499e-07 2.29657e-07)
(-10 1.4537e-07 2.44659e-07)
(-9.99999 5.23387e-07 5.03105e-07)
(-9.99999 5.26582e-07 4.05223e-07)
(-9.99999 4.95832e-07 2.79368e-07)
(-9.99999 4.67108e-07 1.95052e-07)
(-9.99999 4.41268e-07 1.444e-07)
(-10 4.19043e-07 1.19713e-07)
(-10 4.02452e-07 1.15164e-07)
(-10 3.9086e-07 1.15835e-07)
(-10 3.91481e-07 1.2286e-07)
(-10 4.00682e-07 1.32647e-07)
(-10 4.15705e-07 1.37511e-07)
(-10 4.33512e-07 1.37899e-07)
(-10 4.4311e-07 1.32897e-07)
(-10 4.43003e-07 1.32437e-07)
(-10 4.34124e-07 1.40567e-07)
(-10 4.2042e-07 1.55331e-07)
(-9.99999 8.81795e-07 4.97307e-07)
(-9.99999 8.88745e-07 3.99364e-07)
(-9.99999 8.40784e-07 2.75915e-07)
(-9.99999 7.9721e-07 1.94915e-07)
(-9.99999 7.58578e-07 1.47229e-07)
(-10 7.27185e-07 1.26512e-07)
(-10 7.0393e-07 1.2429e-07)
(-10 6.92305e-07 1.28998e-07)
(-10 6.97032e-07 1.38019e-07)
(-10 7.1514e-07 1.45733e-07)
(-10 7.41322e-07 1.47826e-07)
(-10 7.68404e-07 1.43464e-07)
(-10 7.8337e-07 1.36756e-07)
(-10 7.84055e-07 1.34625e-07)
(-10 7.72124e-07 1.4229e-07)
(-10 7.50087e-07 1.57661e-07)
(-9.99999 1.21428e-06 4.86885e-07)
(-9.99999 1.21961e-06 3.88022e-07)
(-9.99999 1.15544e-06 2.66933e-07)
(-9.99999 1.09861e-06 1.88995e-07)
(-10 1.04938e-06 1.45343e-07)
(-10 1.01148e-06 1.28851e-07)
(-10 9.83799e-07 1.28917e-07)
(-10 9.73219e-07 1.36043e-07)
(-10 9.8272e-07 1.45508e-07)
(-10 1.00747e-06 1.50165e-07)
(-10 1.04081e-06 1.47289e-07)
(-10 1.07059e-06 1.379e-07)
(-10 1.08451e-06 1.2772e-07)
(-10 1.08256e-06 1.243e-07)
(-10 1.06319e-06 1.31478e-07)
(-10 1.03387e-06 1.44795e-07)
(-9.99999 1.53132e-06 4.84681e-07)
(-9.99999 1.53329e-06 3.83477e-07)
(-9.99999 1.45622e-06 2.64668e-07)
(-9.99999 1.38946e-06 1.90297e-07)
(-10 1.33416e-06 1.51849e-07)
(-10 1.29203e-06 1.3923e-07)
(-10 1.26465e-06 1.41527e-07)
(-10 1.25848e-06 1.49941e-07)
(-10 1.27396e-06 1.57881e-07)
(-10 1.30513e-06 1.58597e-07)
(-10 1.34213e-06 1.50354e-07)
(-10 1.36987e-06 1.3655e-07)
(-10 1.38216e-06 1.17198e-07)
(-10 1.37688e-06 1.15461e-07)
(-10 1.35373e-06 1.24869e-07)
(-10 1.31747e-06 1.39768e-07)
(-9.99999 1.82178e-06 4.7463e-07)
(-9.99999 1.81792e-06 3.72404e-07)
(-9.99999 1.73061e-06 2.56447e-07)
(-10 1.65731e-06 1.86313e-07)
(-10 1.59956e-06 1.52011e-07)
(-10 1.55585e-06 1.41434e-07)
(-10 1.53147e-06 1.43777e-07)
(-10 1.53108e-06 1.5054e-07)
(-10 1.55237e-06 1.53786e-07)
(-10 1.58733e-06 1.48523e-07)
(-10 1.6227e-06 1.34803e-07)
(-10 1.64707e-06 1.04744e-07)
(-10 1.65398e-06 9.54447e-08)
(-10 1.64336e-06 9.59e-08)
(-10 1.61337e-06 1.02138e-07)
(-10 1.56983e-06 1.13553e-07)
(-9.99999 2.09179e-06 4.72054e-07)
(-10 2.08273e-06 3.71931e-07)
(-10 1.98898e-06 2.59366e-07)
(-10 1.91428e-06 1.94127e-07)
(-10 1.85557e-06 1.63053e-07)
(-10 1.81542e-06 1.53578e-07)
(-10 1.797e-06 1.545e-07)
(-10 1.8034e-06 1.57386e-07)
(-10 1.82972e-06 1.54741e-07)
(-10 1.86556e-06 1.43785e-07)
(-10 1.89596e-06 1.12411e-07)
(-10 1.91496e-06 9.94578e-08)
(-10 1.91679e-06 9.46528e-08)
(-10 1.90086e-06 8.67603e-08)
(-10 1.86584e-06 9.15661e-08)
(-10 1.81539e-06 1.04732e-07)
(-10 2.32802e-06 4.57506e-07)
(-10 2.31488e-06 3.6194e-07)
(-10 2.21844e-06 2.53927e-07)
(-10 2.14336e-06 1.91619e-07)
(-10 2.08842e-06 1.61995e-07)
(-10 2.05362e-06 1.5041e-07)
(-10 2.04249e-06 1.46694e-07)
(-10 2.0552e-06 1.42439e-07)
(-10 2.08368e-06 1.32415e-07)
(-10 2.11611e-06 1.07024e-07)
(-10 2.13978e-06 8.52277e-08)
(-10 2.15091e-06 7.80122e-08)
(-10 2.14595e-06 6.10477e-08)
(-10 2.12404e-06 5.62822e-08)
(-10 2.08217e-06 6.04122e-08)
(-10 2.02651e-06 7.0225e-08)
(-10 2.53266e-06 4.50374e-07)
(-10 2.51998e-06 3.64013e-07)
(-10 2.42482e-06 2.6045e-07)
(-10 2.35488e-06 2.01549e-07)
(-10 2.30703e-06 1.72564e-07)
(-10 2.28058e-06 1.57948e-07)
(-10 2.27803e-06 1.48577e-07)
(-10 2.29567e-06 1.37294e-07)
(-10 2.32373e-06 1.21267e-07)
(-10 2.34788e-06 8.56296e-08)
(-10 2.36413e-06 8.77258e-08)
(-10 2.36653e-06 6.58791e-08)
(-10 2.35503e-06 5.08843e-08)
(-10 2.32725e-06 4.55334e-08)
(-10 2.28171e-06 4.76972e-08)
(-10 2.22341e-06 5.9317e-08)
(-10 2.69289e-06 4.26736e-07)
(-10 2.68491e-06 3.52788e-07)
(-10 2.59718e-06 2.53533e-07)
(-10 2.53655e-06 1.96561e-07)
(-10 2.49894e-06 1.6549e-07)
(-10 2.48273e-06 1.45401e-07)
(-10 2.48878e-06 1.28588e-07)
(-10 2.50853e-06 1.1006e-07)
(-10 2.53245e-06 7.6745e-08)
(-10 2.5492e-06 6.90822e-08)
(-10 2.55313e-06 5.06666e-08)
(-10 2.54699e-06 3.17397e-08)
(-10 2.52725e-06 1.87257e-08)
(-10 2.49325e-06 1.09054e-08)
(-10 2.44354e-06 1.17416e-08)
(-10 2.38293e-06 1.80932e-08)
(-10 2.81313e-06 4.12642e-07)
(-10 2.81585e-06 3.54435e-07)
(-10 2.74281e-06 2.59311e-07)
(-10 2.69733e-06 2.03658e-07)
(-10 2.67386e-06 1.70203e-07)
(-10 2.67056e-06 1.45005e-07)
(-10 2.68367e-06 1.22684e-07)
(-10 2.70502e-06 9.50125e-08)
(-10 2.72176e-06 6.90773e-08)
(-10 2.72718e-06 6.75408e-08)
(-10 2.72204e-06 3.9686e-08)
(-10 2.70531e-06 2.50899e-08)
(-10 2.67703e-06 9.39268e-09)
(-10 2.63632e-06 -7.71228e-10)
(-10 2.58459e-06 -2.40939e-09)
(-10 2.52342e-06 5.80441e-09)
(-10 2.88993e-06 3.83224e-07)
(-10 2.90894e-06 3.41984e-07)
(-10 2.8556e-06 2.49257e-07)
(-10 2.83062e-06 1.92146e-07)
(-10 2.82306e-06 1.5357e-07)
(-10 2.83355e-06 1.22678e-07)
(-10 2.85148e-06 9.47899e-08)
(-10 2.87213e-06 6.03369e-08)
(-10 2.87909e-06 5.46576e-08)
(-10 2.87392e-06 2.52887e-08)
(-10 2.85772e-06 1.01227e-08)
(-10 2.82906e-06 -7.14969e-09)
(-10 2.79082e-06 -2.59833e-08)
(-10 2.74431e-06 -3.91799e-08)
(-10 2.69058e-06 -4.21008e-08)
(-10 2.62975e-06 -3.86612e-08)
(-10 2.93355e-06 3.70653e-07)
(-10 2.97163e-06 3.47973e-07)
(-10 2.94557e-06 2.55649e-07)
(-10 2.94221e-06 1.955e-07)
(-10 2.95481e-06 1.52345e-07)
(-10 2.97581e-06 1.18727e-07)
(-10 3.00058e-06 8.50468e-08)
(-10 3.0143e-06 6.12515e-08)
(-10 3.0131e-06 4.20348e-08)
(-10 2.99825e-06 2.3054e-08)
(-10 2.96881e-06 7.95368e-09)
(-10 2.92912e-06 -1.01875e-08)
(-10 2.88124e-06 -3.27798e-08)
(-10 2.82943e-06 -4.71268e-08)
(-10 2.77265e-06 -5.25412e-08)
(-10 2.71618e-06 -4.77862e-08)
(-10 2.95138e-06 3.50221e-07)
(-10 3.01174e-06 3.44359e-07)
(-10 3.01463e-06 2.48336e-07)
(-10 3.03223e-06 1.80984e-07)
(-10 3.06519e-06 1.30999e-07)
(-10 3.09459e-06 9.20556e-08)
(-10 3.12155e-06 5.54881e-08)
(-10 3.12882e-06 4.38182e-08)
(-10 3.11937e-06 1.35304e-08)
(-10 3.09394e-06 3.84004e-10)
(-10 3.05305e-06 -1.43829e-08)
(-10 3.00234e-06 -3.55382e-08)
(-10 2.94485e-06 -5.86298e-08)
(-10 2.88593e-06 -7.46027e-08)
(-10 2.82921e-06 -8.23555e-08)
(-10 2.76891e-06 -8.2532e-08)
(-10 2.95884e-06 3.49189e-07)
(-10 3.03966e-06 3.62276e-07)
(-10 3.06098e-06 2.56188e-07)
(-10 3.10489e-06 1.83419e-07)
(-10 3.14843e-06 1.26098e-07)
(-10 3.19167e-06 8.33808e-08)
(-10 3.21261e-06 6.11091e-08)
(-10 3.21416e-06 2.6883e-08)
(-10 3.19696e-06 1.32454e-08)
(-10 3.16086e-06 1.35924e-09)
(-10 3.11108e-06 -1.24011e-08)
(-10 3.05093e-06 -3.38673e-08)
(-10 2.98706e-06 -5.55185e-08)
(-10 2.92285e-06 -7.21565e-08)
(-10 2.84073e-06 -7.97598e-08)
(-10 2.77034e-06 -7.9811e-08)
(-10 2.97647e-06 3.33594e-07)
(-10 3.06199e-06 3.79415e-07)
(-10 3.09482e-06 2.5497e-07)
(-10 3.15624e-06 1.73195e-07)
(-10 3.20983e-06 1.05748e-07)
(-10 3.25729e-06 5.84881e-08)
(-10 3.27678e-06 2.43503e-08)
(-10 3.27345e-06 3.84849e-09)
(-10 3.24946e-06 -8.93269e-09)
(-10 3.20702e-06 -2.08824e-08)
(-10 3.1507e-06 -3.56445e-08)
(-10 3.08675e-06 -5.35128e-08)
(-10 3.01787e-06 -7.14387e-08)
(-10 2.92815e-06 -8.48487e-08)
(-10 2.84926e-06 -9.84351e-08)
(-10 2.7884e-06 -1.18173e-07)
(-10 3.01534e-06 3.52191e-07)
(-10 3.08401e-06 4.10596e-07)
(-10 3.12506e-06 2.80476e-07)
(-10 3.1823e-06 1.80713e-07)
(-10 3.25402e-06 1.0812e-07)
(-10 3.29833e-06 6.79281e-08)
(-10 3.31746e-06 2.46424e-08)
(-10 3.31109e-06 5.25144e-09)
(-10 3.28401e-06 -7.4031e-09)
(-10 3.2388e-06 -1.91707e-08)
(-10 3.18112e-06 -3.10214e-08)
(-10 3.11652e-06 -4.29528e-08)
(-10 3.04254e-06 -5.33323e-08)
(-10 2.97499e-06 -6.60163e-08)
(-10 2.88982e-06 -7.2689e-08)
(-10 2.8002e-06 -7.00026e-08)
(-10 3.06246e-06 3.31688e-07)
(-10 3.10399e-06 4.21503e-07)
(-10 3.13639e-06 2.7613e-07)
(-10 3.19593e-06 1.67232e-07)
(-10 3.271e-06 8.95542e-08)
(-10 3.31927e-06 3.40886e-08)
(-10 3.34017e-06 -1.96868e-09)
(-10 3.33621e-06 -2.50417e-08)
(-10 3.31171e-06 -4.20225e-08)
(-10 3.26967e-06 -5.61309e-08)
(-10 3.21715e-06 -6.52909e-08)
(-10 3.16057e-06 -7.09261e-08)
(-10 3.10586e-06 -7.44909e-08)
(-10 3.04693e-06 -7.30831e-08)
(-10 2.99457e-06 -7.32016e-08)
(-10 2.95311e-06 -1.0573e-07)
(-10 2.8375e-06 -7.35056e-08)
(-10 3.08782e-06 3.4419e-07)
(-10 3.09228e-06 4.40409e-07)
(-10 3.10918e-06 2.84759e-07)
(-10 3.17758e-06 1.74498e-07)
(-10 3.24186e-06 9.34361e-08)
(-10 3.2998e-06 3.11133e-08)
(-10 3.32225e-06 -1.12908e-08)
(-10 3.32279e-06 -4.1321e-08)
(-10 3.30166e-06 -6.46686e-08)
(-10 3.26523e-06 -8.17201e-08)
(-10 3.21832e-06 -8.8436e-08)
(-10 3.17007e-06 -8.72596e-08)
(-10 3.12442e-06 -7.96551e-08)
(-10 3.09178e-06 -7.83335e-08)
(-10 3.06674e-06 -9.63175e-08)
(-10 2.99554e-06 -1.0304e-07)
(-10 2.87768e-06 -9.18519e-08)
(-10 3.05101e-06 3.72298e-07)
(-10 3.02576e-06 4.73738e-07)
(-10 3.04769e-06 3.12069e-07)
(-10 3.11068e-06 1.83522e-07)
(-10 3.18362e-06 8.79622e-08)
(-10 3.24629e-06 1.6002e-08)
(-10 3.27498e-06 -3.79156e-08)
(-10 3.28127e-06 -7.84021e-08)
(-10 3.26683e-06 -1.0876e-07)
(-10 3.23757e-06 -1.29027e-07)
(-10 3.19911e-06 -1.32403e-07)
(-10 3.16315e-06 -1.23815e-07)
(-10 3.12767e-06 -1.03282e-07)
(-10 3.11818e-06 -9.78483e-08)
(-10 3.11268e-06 -1.08827e-07)
(-10 3.05576e-06 -8.97582e-08)
(-10 2.90096e-06 -1.13526e-07)
(-10 2.92373e-06 4.4526e-07)
(-10 2.90081e-06 5.92848e-07)
(-10 2.954e-06 3.93528e-07)
(-10 3.02286e-06 2.42623e-07)
(-10 3.11903e-06 1.30006e-07)
(-10 3.18011e-06 4.4614e-08)
(-10 3.2239e-06 -2.18368e-08)
(-10 3.23764e-06 -7.09691e-08)
(-10 3.23571e-06 -1.0524e-07)
(-10 3.21325e-06 -1.23523e-07)
(-10 3.18599e-06 -1.1985e-07)
(-10 3.15788e-06 -9.74204e-08)
(-10 3.13575e-06 -6.64468e-08)
(-10 3.13116e-06 -4.35125e-08)
(-10 3.13798e-06 -1.20868e-08)
(-10 3.07054e-06 -4.12694e-08)
(-10 2.92175e-06 -6.43382e-08)
(-10 2.67015e-06 5.32954e-07)
(-10 2.70031e-06 6.71533e-07)
(-10 2.80839e-06 4.56545e-07)
(-10 2.91119e-06 2.74687e-07)
(-10 3.01797e-06 1.43614e-07)
(-10 3.09469e-06 4.3609e-08)
(-10 3.14202e-06 -3.85115e-08)
(-10 3.16394e-06 -9.29706e-08)
(-10 3.16045e-06 -1.29795e-07)
(-10 3.1478e-06 -1.43948e-07)
(-10 3.12751e-06 -1.3767e-07)
(-10 3.09484e-06 -1.07523e-07)
(-10 3.09318e-06 -7.46865e-08)
(-10 3.05862e-06 -3.05393e-08)
(-10 3.0503e-06 -2.59314e-08)
(-10 2.96255e-06 -3.66046e-08)
(-10 2.91172e-06 -5.64635e-08)
(-10 2.29653e-06 6.09569e-07)
(-10 2.42283e-06 7.70038e-07)
(-10 2.60316e-06 5.22643e-07)
(-10 2.74366e-06 3.18125e-07)
(-10 2.85613e-06 1.71106e-07)
(-10 2.93804e-06 5.31183e-08)
(-10 2.97705e-06 -2.81196e-08)
(-10 2.98914e-06 -8.77482e-08)
(-10 3.00062e-06 -1.25744e-07)
(-10 2.98276e-06 -1.36083e-07)
(-10 2.96004e-06 -1.22764e-07)
(-10 2.93756e-06 -9.9151e-08)
(-10 2.89645e-06 -6.47233e-08)
(-10 2.8909e-06 -2.98654e-08)
(-10 2.81895e-06 -1.09416e-08)
(-10 2.80862e-06 -1.30267e-08)
(-10 2.76126e-06 -8.62963e-09)
(-10 1.88066e-06 7.28212e-07)
(-10 2.10697e-06 8.7201e-07)
(-10 2.3521e-06 5.89679e-07)
(-10 2.5124e-06 3.51362e-07)
(-10 2.627e-06 1.90962e-07)
(-10 2.67416e-06 7.67741e-08)
(-10 2.69079e-06 -1.8437e-08)
(-10 2.69088e-06 -7.90681e-08)
(-10 2.66739e-06 -1.07177e-07)
(-10 2.6494e-06 -1.27147e-07)
(-10 2.61379e-06 -1.25038e-07)
(-10 2.58973e-06 -1.01832e-07)
(-10 2.55072e-06 -7.76718e-08)
(-10 2.4926e-06 -5.52699e-08)
(-10 2.44654e-06 -2.53168e-08)
(-10 2.40399e-06 3.54732e-09)
(-10 2.3909e-06 2.65194e-08)
(-10 1.65622e-06 9.08868e-07)
(-10 1.93955e-06 1.0217e-06)
(-10 2.22509e-06 6.86597e-07)
(-10 2.41056e-06 4.28616e-07)
(-10 2.50356e-06 2.56829e-07)
(-10 2.55051e-06 1.27819e-07)
(-10 2.52349e-06 6.88019e-08)
(-10 2.50792e-06 2.13049e-08)
(-10 2.51188e-06 -4.65351e-08)
(-10 2.46446e-06 -5.5005e-08)
(-10 2.41476e-06 -5.86187e-08)
(-10 2.36007e-06 -6.33786e-08)
(-10 2.32124e-06 -5.72771e-08)
(-10 2.26239e-06 -3.77838e-08)
(-10 2.23443e-06 -4.45272e-10)
(-10 2.22036e-06 4.19591e-08)
(-10 2.21264e-06 1.22013e-07)
(-10 1.69005e-06 1.07323e-06)
(-10 1.96664e-06 1.15589e-06)
(-10 2.30446e-06 8.01515e-07)
(-10 2.52007e-06 5.02313e-07)
(-10 2.61536e-06 3.05496e-07)
(-10 2.61385e-06 2.06946e-07)
(-10 2.59733e-06 9.8037e-08)
(-10 2.57327e-06 5.14567e-08)
(-9.99999 1.60701e-07 3.69435e-07)
(-9.99999 1.63707e-07 3.0978e-07)
(-9.99999 1.55999e-07 2.24863e-07)
(-9.99999 1.48728e-07 1.67686e-07)
(-10 1.43057e-07 1.32882e-07)
(-10 1.38471e-07 1.16528e-07)
(-10 1.34912e-07 1.1456e-07)
(-10 1.33069e-07 1.18146e-07)
(-10 1.35092e-07 1.27216e-07)
(-10 1.39366e-07 1.39863e-07)
(-10 1.44939e-07 1.50674e-07)
(-10 1.50767e-07 1.5901e-07)
(-10 1.55212e-07 1.62683e-07)
(-10 1.55499e-07 1.66726e-07)
(-10 1.55863e-07 1.7127e-07)
(-10 1.49193e-07 1.76493e-07)
(-9.99999 5.16876e-07 3.76865e-07)
(-9.99999 5.21014e-07 3.03695e-07)
(-9.99999 4.92985e-07 2.10364e-07)
(-9.99999 4.67392e-07 1.48214e-07)
(-9.99999 4.46197e-07 1.09987e-07)
(-10 4.2909e-07 9.12065e-08)
(-10 4.17222e-07 8.66652e-08)
(-10 4.10319e-07 8.83152e-08)
(-10 4.11666e-07 9.3192e-08)
(-10 4.20001e-07 9.92753e-08)
(-10 4.3218e-07 1.03555e-07)
(-10 4.44734e-07 1.04985e-07)
(-10 4.5177e-07 1.04238e-07)
(-10 4.50788e-07 1.05997e-07)
(-10 4.41975e-07 1.09634e-07)
(-10 4.28124e-07 1.14768e-07)
(-9.99999 8.68754e-07 3.73999e-07)
(-9.99999 8.75212e-07 2.99762e-07)
(-9.99999 8.3086e-07 2.0736e-07)
(-9.99999 7.92006e-07 1.4712e-07)
(-9.99999 7.59604e-07 1.11233e-07)
(-10 7.35048e-07 9.47763e-08)
(-10 7.18694e-07 9.18831e-08)
(-10 7.11531e-07 9.50651e-08)
(-10 7.16431e-07 1.01031e-07)
(-10 7.30756e-07 1.06038e-07)
(-10 7.5076e-07 1.08112e-07)
(-10 7.69551e-07 1.06405e-07)
(-10 7.80861e-07 1.04166e-07)
(-10 7.79365e-07 1.0515e-07)
(-10 7.67062e-07 1.08879e-07)
(-10 7.44851e-07 1.1534e-07)
(-9.99999 1.20066e-06 3.67315e-07)
(-9.99999 1.20561e-06 2.92283e-07)
(-9.99999 1.14601e-06 2.02143e-07)
(-9.99999 1.09497e-06 1.44352e-07)
(-10 1.05338e-06 1.11599e-07)
(-10 1.02285e-06 9.77952e-08)
(-10 1.00319e-06 9.63644e-08)
(-10 9.97184e-07 1.00664e-07)
(-10 1.00517e-06 1.06492e-07)
(-10 1.02435e-06 1.09769e-07)
(-10 1.04859e-06 1.08289e-07)
(-10 1.07024e-06 1.0347e-07)
(-10 1.08008e-06 9.93904e-08)
(-10 1.07541e-06 1.00274e-07)
(-10 1.05516e-06 1.03193e-07)
(-10 1.02633e-06 1.07476e-07)
(-9.99999 1.51584e-06 3.65991e-07)
(-9.99999 1.51838e-06 2.89214e-07)
(-9.99999 1.44629e-06 2.00278e-07)
(-10 1.38612e-06 1.44813e-07)
(-10 1.339e-06 1.15154e-07)
(-10 1.30465e-06 1.0361e-07)
(-10 1.28525e-06 1.03274e-07)
(-10 1.28182e-06 1.07725e-07)
(-10 1.29398e-06 1.12193e-07)
(-10 1.31683e-06 1.12391e-07)
(-10 1.34338e-06 1.0706e-07)
(-10 1.3643e-06 9.95141e-08)
(-10 1.37117e-06 9.46531e-08)
(-10 1.36209e-06 9.46271e-08)
(-10 1.33766e-06 9.80923e-08)
(-10 1.30077e-06 1.05066e-07)
(-9.99999 1.80685e-06 3.56952e-07)
(-9.99999 1.8059e-06 2.80244e-07)
(-10 1.7242e-06 1.94087e-07)
(-10 1.65838e-06 1.41502e-07)
(-10 1.6079e-06 1.1447e-07)
(-10 1.5735e-06 1.04237e-07)
(-10 1.55618e-06 1.03746e-07)
(-10 1.55652e-06 1.06792e-07)
(-10 1.57219e-06 1.08012e-07)
(-10 1.59709e-06 1.03912e-07)
(-10 1.62273e-06 9.49448e-08)
(-10 1.63959e-06 8.57334e-08)
(-10 1.64024e-06 7.99482e-08)
(-10 1.62616e-06 7.98812e-08)
(-10 1.59437e-06 8.20928e-08)
(-10 1.55114e-06 8.55361e-08)
(-10 2.07492e-06 3.56552e-07)
(-10 2.07182e-06 2.80858e-07)
(-10 1.98438e-06 1.96469e-07)
(-10 1.91597e-06 1.46491e-07)
(-10 1.86596e-06 1.21507e-07)
(-10 1.83444e-06 1.11719e-07)
(-10 1.82108e-06 1.10068e-07)
(-10 1.82566e-06 1.10345e-07)
(-10 1.8439e-06 1.0735e-07)
(-10 1.86868e-06 9.93135e-08)
(-10 1.88978e-06 8.85977e-08)
(-10 1.89991e-06 7.88635e-08)
(-10 1.89635e-06 7.33465e-08)
(-10 1.8765e-06 7.24868e-08)
(-10 1.83983e-06 7.56029e-08)
(-10 1.78973e-06 8.32198e-08)
(-10 2.31033e-06 3.4282e-07)
(-10 2.3076e-06 2.71785e-07)
(-10 2.21721e-06 1.90769e-07)
(-10 2.15002e-06 1.42978e-07)
(-10 2.10382e-06 1.18652e-07)
(-10 2.07683e-06 1.07412e-07)
(-10 2.06823e-06 1.02526e-07)
(-10 2.07627e-06 9.80188e-08)
(-10 2.09501e-06 8.98952e-08)
(-10 2.11624e-06 7.85838e-08)
(-10 2.13039e-06 6.69217e-08)
(-10 2.13394e-06 5.72981e-08)
(-10 2.1238e-06 5.158e-08)
(-10 2.09766e-06 5.06736e-08)
(-10 2.05397e-06 5.22551e-08)
(-10 1.99928e-06 5.53338e-08)
(-10 2.51232e-06 3.4015e-07)
(-10 2.51387e-06 2.75067e-07)
(-10 2.42642e-06 1.96327e-07)
(-10 2.36494e-06 1.50283e-07)
(-10 2.32528e-06 1.26003e-07)
(-10 2.30454e-06 1.12703e-07)
(-10 2.30124e-06 1.03967e-07)
(-10 2.31159e-06 9.44792e-08)
(-10 2.32889e-06 8.27356e-08)
(-10 2.34305e-06 7.04162e-08)
(-10 2.34981e-06 5.93385e-08)
(-10 2.34579e-06 5.09148e-08)
(-10 2.32871e-06 4.54503e-08)
(-10 2.29619e-06 4.35612e-08)
(-10 2.24916e-06 4.56656e-08)
(-10 2.19093e-06 5.33237e-08)
(-10 2.67234e-06 3.20427e-07)
(-10 2.68326e-06 2.64725e-07)
(-10 2.60433e-06 1.89226e-07)
(-10 2.55246e-06 1.44064e-07)
(-10 2.52171e-06 1.18171e-07)
(-10 2.50847e-06 1.01102e-07)
(-10 2.50998e-06 8.71986e-08)
(-10 2.52105e-06 7.29234e-08)
(-10 2.53374e-06 5.8453e-08)
(-10 2.53998e-06 4.57149e-08)
(-10 2.53836e-06 3.58005e-08)
(-10 2.52554e-06 2.74036e-08)
(-10 2.50056e-06 2.08828e-08)
(-10 2.46265e-06 1.80348e-08)
(-10 2.41121e-06 1.80063e-08)
(-10 2.35071e-06 1.98837e-08)
(-10 2.79312e-06 3.15454e-07)
(-10 2.8194e-06 2.69989e-07)
(-10 2.75487e-06 1.95398e-07)
(-10 2.71706e-06 1.50354e-07)
(-10 2.69791e-06 1.22723e-07)
(-10 2.69336e-06 1.02209e-07)
(-10 2.69911e-06 8.45658e-08)
(-10 2.70958e-06 6.80606e-08)
(-10 2.71596e-06 5.31536e-08)
(-10 2.71446e-06 4.19532e-08)
(-10 2.70319e-06 3.34309e-08)
(-10 2.68154e-06 2.47448e-08)
(-10 2.64906e-06 1.76932e-08)
(-10 2.60521e-06 1.29578e-08)
(-10 2.55141e-06 1.32303e-08)
(-10 2.48996e-06 1.964e-08)
(-10 2.874e-06 2.93899e-07)
(-10 2.91875e-06 2.60368e-07)
(-10 2.87481e-06 1.86869e-07)
(-10 2.85374e-06 1.40087e-07)
(-10 2.84845e-06 1.09023e-07)
(-10 2.85229e-06 8.42794e-08)
(-10 2.86198e-06 6.40227e-08)
(-10 2.86986e-06 4.55083e-08)
(-10 2.86899e-06 3.0672e-08)
(-10 2.85917e-06 2.08391e-08)
(-10 2.83817e-06 1.1796e-08)
(-10 2.80717e-06 2.45889e-09)
(-10 2.76593e-06 -6.79909e-09)
(-10 2.71686e-06 -1.27674e-08)
(-10 2.6599e-06 -1.54726e-08)
(-10 2.59852e-06 -1.5798e-08)
(-10 2.92344e-06 2.92989e-07)
(-10 2.99085e-06 2.70616e-07)
(-10 2.96945e-06 1.94196e-07)
(-10 2.96808e-06 1.44843e-07)
(-10 2.97717e-06 1.10413e-07)
(-10 2.99009e-06 8.4571e-08)
(-10 3.00259e-06 6.25436e-08)
(-10 3.00571e-06 4.43896e-08)
(-10 2.9996e-06 3.19522e-08)
(-10 2.98098e-06 2.3891e-08)
(-10 2.9513e-06 1.5231e-08)
(-10 2.91102e-06 5.5283e-09)
(-10 2.86236e-06 -4.62174e-09)
(-10 2.80752e-06 -1.24443e-08)
(-10 2.7471e-06 -1.57652e-08)
(-10 2.68668e-06 -1.17379e-08)
(-10 2.95058e-06 2.79321e-07)
(-10 3.0406e-06 2.69115e-07)
(-10 3.04032e-06 1.87908e-07)
(-10 3.06049e-06 1.34168e-07)
(-10 3.0816e-06 9.41662e-08)
(-10 3.10434e-06 6.44073e-08)
(-10 3.11572e-06 4.17263e-08)
(-10 3.11668e-06 2.47515e-08)
(-10 3.10369e-06 1.43438e-08)
(-10 3.07807e-06 6.35703e-09)
(-10 3.03997e-06 -1.90982e-09)
(-10 2.99192e-06 -1.25737e-08)
(-10 2.93608e-06 -2.40084e-08)
(-10 2.87245e-06 -3.333e-08)
(-10 2.80854e-06 -3.92102e-08)
(-10 2.74866e-06 -4.3949e-08)
(-10 2.96835e-06 2.90935e-07)
(-10 3.07269e-06 2.96368e-07)
(-10 3.09351e-06 2.04027e-07)
(-10 3.1277e-06 1.41535e-07)
(-10 3.16363e-06 9.6738e-08)
(-10 3.19019e-06 6.43368e-08)
(-10 3.20212e-06 4.22167e-08)
(-10 3.19966e-06 2.79284e-08)
(-10 3.18162e-06 2.00904e-08)
(-10 3.15003e-06 1.3469e-08)
(-10 3.10638e-06 6.12487e-09)
(-10 3.05317e-06 -3.30456e-09)
(-10 2.98946e-06 -1.38132e-08)
(-10 2.92215e-06 -2.33376e-08)
(-10 2.85117e-06 -3.15429e-08)
(-10 2.78235e-06 -2.91697e-08)
(-10 2.9917e-06 2.98922e-07)
(-10 3.099e-06 3.11828e-07)
(-10 3.13366e-06 2.12937e-07)
(-10 3.17422e-06 1.37737e-07)
(-10 3.22262e-06 8.51119e-08)
(-10 3.24972e-06 4.9424e-08)
(-10 3.26275e-06 2.71614e-08)
(-10 3.25703e-06 1.44071e-08)
(-10 3.23685e-06 7.11893e-09)
(-10 3.202e-06 1.45394e-09)
(-10 3.15604e-06 -4.90183e-09)
(-10 3.09996e-06 -1.23495e-08)
(-10 3.03716e-06 -2.16389e-08)
(-10 2.96144e-06 -3.25062e-08)
(-10 2.87476e-06 -2.86935e-08)
(-10 2.79653e-06 -1.69268e-08)
(-10 3.02741e-06 3.22599e-07)
(-10 3.13091e-06 3.60625e-07)
(-10 3.15145e-06 2.33688e-07)
(-10 3.20315e-06 1.4853e-07)
(-10 3.24667e-06 9.04534e-08)
(-10 3.27981e-06 5.41418e-08)
(-10 3.29121e-06 3.22468e-08)
(-10 3.28542e-06 2.06101e-08)
(-10 3.26359e-06 1.38277e-08)
(-10 3.22831e-06 9.05833e-09)
(-10 3.182e-06 5.30736e-09)
(-10 3.12917e-06 1.39743e-09)
(-10 3.06631e-06 -4.81663e-09)
(-10 2.99044e-06 1.31107e-10)
(-10 2.92154e-06 5.89294e-09)
(-10 2.84642e-06 2.56485e-09)
(-10 3.06978e-06 3.03135e-07)
(-10 3.14452e-06 3.63575e-07)
(-10 3.14942e-06 2.24123e-07)
(-10 3.20007e-06 1.33669e-07)
(-10 3.24103e-06 7.41682e-08)
(-10 3.2774e-06 3.55227e-08)
(-10 3.28884e-06 1.1551e-08)
(-10 3.28433e-06 -2.61351e-09)
(-10 3.26326e-06 -1.19768e-08)
(-10 3.22994e-06 -1.77614e-08)
(-10 3.18687e-06 -1.95993e-08)
(-10 3.13928e-06 -2.0954e-08)
(-10 3.08767e-06 -1.90937e-08)
(-10 3.03964e-06 -1.96577e-08)
(-10 2.95243e-06 -1.8171e-08)
(-10 2.85036e-06 -1.08677e-08)
(-10 3.1075e-06 2.76508e-07)
(-10 3.13614e-06 3.63015e-07)
(-10 3.13431e-06 2.29437e-07)
(-10 3.16306e-06 1.34313e-07)
(-10 3.22041e-06 7.02444e-08)
(-10 3.25221e-06 2.76107e-08)
(-10 3.26935e-06 -1.77331e-09)
(-10 3.26771e-06 -2.20253e-08)
(-10 3.25194e-06 -3.63979e-08)
(-10 3.22311e-06 -4.58629e-08)
(-10 3.18809e-06 -4.87679e-08)
(-10 3.15e-06 -4.8035e-08)
(-10 3.11884e-06 -4.43696e-08)
(-10 3.07645e-06 -5.45675e-08)
(-10 3.03195e-06 -6.52918e-08)
(-10 2.99444e-06 -7.21434e-08)
(-10 2.8565e-06 -3.97289e-08)
(-10 3.10762e-06 2.92541e-07)
(-10 3.09259e-06 3.91493e-07)
(-10 3.08668e-06 2.47327e-07)
(-10 3.11815e-06 1.40621e-07)
(-10 3.18141e-06 6.63515e-08)
(-10 3.22346e-06 1.64898e-08)
(-10 3.24871e-06 -2.05259e-08)
(-10 3.25582e-06 -4.82818e-08)
(-10 3.24914e-06 -6.79867e-08)
(-10 3.23155e-06 -8.01629e-08)
(-10 3.21071e-06 -8.08008e-08)
(-10 3.18338e-06 -7.13106e-08)
(-10 3.16978e-06 -6.46662e-08)
(-10 3.17023e-06 -6.16081e-08)
(-10 3.19541e-06 -3.82934e-08)
(-10 3.06587e-06 -7.28583e-08)
(-10 2.93797e-06 -6.24866e-08)
(-10 3.00478e-06 3.79737e-07)
(-10 2.98583e-06 4.68997e-07)
(-10 2.99246e-06 2.93456e-07)
(-10 3.04783e-06 1.77459e-07)
(-10 3.11097e-06 9.35054e-08)
(-10 3.17089e-06 3.24957e-08)
(-10 3.20131e-06 -1.27469e-08)
(-10 3.21642e-06 -4.70942e-08)
(-10 3.21671e-06 -7.10385e-08)
(-10 3.20813e-06 -8.41929e-08)
(-10 3.18949e-06 -7.92534e-08)
(-10 3.17947e-06 -6.49165e-08)
(-10 3.16843e-06 -4.73144e-08)
(-10 3.18614e-06 -1.61614e-08)
(-10 3.21635e-06 -3.75006e-08)
(-10 3.13674e-06 -4.72083e-08)
(-10 2.94795e-06 -3.59287e-08)
(-10 2.7775e-06 4.25776e-07)
(-10 2.80104e-06 5.34861e-07)
(-10 2.85945e-06 3.30348e-07)
(-10 2.93135e-06 1.95552e-07)
(-10 3.01635e-06 9.5837e-08)
(-10 3.07955e-06 2.37507e-08)
(-10 3.11772e-06 -2.96186e-08)
(-10 3.13291e-06 -7.00888e-08)
(-10 3.13735e-06 -1.00703e-07)
(-10 3.13179e-06 -1.1344e-07)
(-10 3.12066e-06 -1.07174e-07)
(-10 3.10729e-06 -9.02437e-08)
(-10 3.09186e-06 -6.23554e-08)
(-10 3.11376e-06 -4.87877e-08)
(-10 3.09329e-06 -4.46184e-08)
(-10 3.04147e-06 -7.09896e-08)
(-10 2.95169e-06 -6.44106e-08)
(-10 2.44652e-06 4.92582e-07)
(-10 2.5533e-06 6.15303e-07)
(-10 2.67661e-06 3.76041e-07)
(-10 2.77846e-06 2.24126e-07)
(-10 2.8795e-06 1.11714e-07)
(-10 2.94618e-06 3.99417e-08)
(-10 2.97527e-06 -2.9384e-08)
(-10 2.98974e-06 -7.58521e-08)
(-10 2.98679e-06 -1.03724e-07)
(-10 2.97606e-06 -1.19876e-07)
(-10 2.95458e-06 -1.18518e-07)
(-10 2.94843e-06 -1.07426e-07)
(-10 2.9459e-06 -8.60713e-08)
(-10 2.92351e-06 -6.78499e-08)
(-10 2.88732e-06 -7.94538e-08)
(-10 2.83181e-06 -6.38677e-08)
(-10 2.77348e-06 -4.34802e-08)
(-10 2.07513e-06 5.97511e-07)
(-10 2.271e-06 6.92577e-07)
(-10 2.45191e-06 4.21898e-07)
(-10 2.5771e-06 2.40796e-07)
(-10 2.67486e-06 1.17291e-07)
(-10 2.72815e-06 2.7759e-08)
(-10 2.74097e-06 -2.89869e-08)
(-10 2.73198e-06 -7.45099e-08)
(-10 2.70645e-06 -1.17667e-07)
(-10 2.67638e-06 -1.34466e-07)
(-10 2.64524e-06 -1.42516e-07)
(-10 2.61035e-06 -1.35979e-07)
(-10 2.58578e-06 -1.39435e-07)
(-10 2.53439e-06 -1.29588e-07)
(-10 2.48689e-06 -9.96301e-08)
(-10 2.43849e-06 -8.97911e-08)
(-10 2.43948e-06 -5.52705e-08)
(-10 1.86987e-06 7.39662e-07)
(-10 2.11692e-06 8.22931e-07)
(-10 2.34344e-06 5.0658e-07)
(-10 2.48409e-06 2.98697e-07)
(-10 2.58549e-06 1.65121e-07)
(-10 2.62853e-06 8.77153e-08)
(-10 2.62168e-06 3.25421e-08)
(-10 2.59241e-06 -8.46271e-09)
(-10 2.55254e-06 -2.4938e-08)
(-10 2.50944e-06 -6.12602e-08)
(-10 2.45785e-06 -6.32473e-08)
(-10 2.44169e-06 -9.82025e-08)
(-10 2.38445e-06 -9.16918e-08)
(-10 2.32438e-06 -7.71455e-08)
(-10 2.25677e-06 -6.40655e-08)
(-10 2.27664e-06 -6.213e-09)
(-10 2.2488e-06 1.71705e-08)
(-10 1.87729e-06 8.71377e-07)
(-10 2.13598e-06 9.24274e-07)
(-10 2.40761e-06 5.68809e-07)
(-10 2.56751e-06 3.34437e-07)
(-10 2.65973e-06 1.92637e-07)
(-10 2.68835e-06 1.17072e-07)
(-10 2.66256e-06 8.99823e-08)
(-10 2.62306e-06 8.16849e-08)
(-10 2.56324e-06 -7.06886e-09)
(-10 2.5167e-06 -1.0381e-08)
(-10 2.47353e-06 -3.65463e-08)
(-9.99999 1.57487e-07 1.36878e-07)
(-9.99999 1.62315e-07 1.17552e-07)
(-10 1.57069e-07 8.93299e-08)
(-10 1.52324e-07 7.04373e-08)
(-10 1.48762e-07 5.98808e-08)
(-10 1.46582e-07 5.56528e-08)
(-10 1.46332e-07 5.67741e-08)
(-10 1.47048e-07 6.0546e-08)
(-10 1.5072e-07 6.62395e-08)
(-10 1.56047e-07 7.23595e-08)
(-10 1.62613e-07 7.85786e-08)
(-10 1.68974e-07 8.38376e-08)
(-10 1.74157e-07 8.8214e-08)
(-10 1.75604e-07 9.12715e-08)
(-10 1.76371e-07 9.25024e-08)
(-10 1.70185e-07 9.19586e-08)
(-9.99999 5.00699e-07 1.409e-07)
(-9.99999 5.10311e-07 1.17204e-07)
(-9.99999 4.88954e-07 8.62728e-08)
(-9.99999 4.7038e-07 6.60373e-08)
(-10 4.55546e-07 5.44701e-08)
(-10 4.45433e-07 4.95408e-08)
(-10 4.40512e-07 4.97193e-08)
(-10 4.40937e-07 5.25902e-08)
(-10 4.47625e-07 5.70076e-08)
(-10 4.5882e-07 6.13256e-08)
(-10 4.73319e-07 6.5327e-08)
(-10 4.8698e-07 6.82522e-08)
(-10 4.96679e-07 7.12281e-08)
(-10 4.98885e-07 7.34312e-08)
(-10 4.93115e-07 7.36912e-08)
(-10 4.82696e-07 7.36651e-08)
(-9.99999 8.38523e-07 1.39515e-07)
(-9.99999 8.52982e-07 1.15262e-07)
(-9.99999 8.18949e-07 8.4588e-08)
(-10 7.90544e-07 6.49328e-08)
(-10 7.68728e-07 5.40489e-08)
(-10 7.55045e-07 5.00913e-08)
(-10 7.48959e-07 5.06132e-08)
(-10 7.52525e-07 5.38586e-08)
(-10 7.64354e-07 5.81214e-08)
(-10 7.83735e-07 6.22776e-08)
(-10 8.06335e-07 6.51738e-08)
(-10 8.27906e-07 6.72714e-08)
(-10 8.42684e-07 6.91658e-08)
(-10 8.4535e-07 7.07731e-08)
(-10 8.37981e-07 7.13404e-08)
(-10 8.20091e-07 7.17462e-08)
(-9.99999 1.16093e-06 1.37249e-07)
(-9.99999 1.17723e-06 1.12844e-07)
(-9.99999 1.13136e-06 8.32181e-08)
(-10 1.09433e-06 6.46433e-08)
(-10 1.0672e-06 5.49284e-08)
(-10 1.05064e-06 5.20464e-08)
(-10 1.0455e-06 5.30925e-08)
(-10 1.05203e-06 5.66318e-08)
(-10 1.06948e-06 6.08241e-08)
(-10 1.0949e-06 6.41462e-08)
(-10 1.12372e-06 6.59451e-08)
(-10 1.14951e-06 6.66503e-08)
(-10 1.16479e-06 6.75362e-08)
(-10 1.16605e-06 6.89973e-08)
(-10 1.15286e-06 6.86541e-08)
(-10 1.13063e-06 6.81758e-08)
(-9.99999 1.46619e-06 1.36395e-07)
(-9.99999 1.48341e-06 1.11275e-07)
(-10 1.42806e-06 8.18509e-08)
(-10 1.3853e-06 6.39985e-08)
(-10 1.35555e-06 5.52279e-08)
(-10 1.33894e-06 5.29356e-08)
(-10 1.33642e-06 5.42114e-08)
(-10 1.34755e-06 5.76957e-08)
(-10 1.3704e-06 6.10944e-08)
(-10 1.40115e-06 6.30822e-08)
(-10 1.43363e-06 6.31766e-08)
(-10 1.46087e-06 6.25234e-08)
(-10 1.47483e-06 6.23645e-08)
(-10 1.47295e-06 6.31438e-08)
(-10 1.45623e-06 6.36989e-08)
(-10 1.42616e-06 6.44436e-08)
(-10 1.74962e-06 1.33027e-07)
(-10 1.76752e-06 1.08104e-07)
(-10 1.70565e-06 7.98833e-08)
(-10 1.65996e-06 6.31822e-08)
(-10 1.63e-06 5.54252e-08)
(-10 1.61625e-06 5.3306e-08)
(-10 1.61808e-06 5.47571e-08)
(-10 1.63427e-06 5.76394e-08)
(-10 1.66204e-06 5.97851e-08)
(-10 1.69608e-06 6.00479e-08)
(-10 1.72961e-06 5.8525e-08)
(-10 1.7553e-06 5.64893e-08)
(-10 1.76504e-06 5.58328e-08)
(-10 1.75918e-06 5.6715e-08)
(-10 1.73605e-06 5.59778e-08)
(-10 1.70129e-06 5.52328e-08)
(-10 2.00933e-06 1.32784e-07)
(-10 2.02864e-06 1.0796e-07)
(-10 1.96328e-06 7.99978e-08)
(-10 1.91798e-06 6.40179e-08)
(-10 1.89135e-06 5.67796e-08)
(-10 1.88242e-06 5.43516e-08)
(-10 1.8895e-06 5.53703e-08)
(-10 1.91073e-06 5.69881e-08)
(-10 1.94197e-06 5.73292e-08)
(-10 1.97702e-06 5.57331e-08)
(-10 2.00864e-06 5.26892e-08)
(-10 2.02957e-06 5.0401e-08)
(-10 2.03538e-06 4.95961e-08)
(-10 2.02444e-06 4.95993e-08)
(-10 1.99696e-06 5.00009e-08)
(-10 1.95566e-06 5.131e-08)
(-10 2.2386e-06 1.27355e-07)
(-10 2.26169e-06 1.04327e-07)
(-10 2.19683e-06 7.78081e-08)
(-10 2.15533e-06 6.26198e-08)
(-10 2.1343e-06 5.5519e-08)
(-10 2.13135e-06 5.23807e-08)
(-10 2.14393e-06 5.2249e-08)
(-10 2.16915e-06 5.19988e-08)
(-10 2.20173e-06 5.02566e-08)
(-10 2.23494e-06 4.69024e-08)
(-10 2.26237e-06 4.34171e-08)
(-10 2.27684e-06 4.08235e-08)
(-10 2.27689e-06 3.93457e-08)
(-10 2.26072e-06 3.94511e-08)
(-10 2.22742e-06 3.85518e-08)
(-10 2.18253e-06 3.79274e-08)
(-10 2.43433e-06 1.2645e-07)
(-10 2.46562e-06 1.05378e-07)
(-10 2.40584e-06 7.90427e-08)
(-10 2.37159e-06 6.40408e-08)
(-10 2.35826e-06 5.66169e-08)
(-10 2.36209e-06 5.24407e-08)
(-10 2.37984e-06 5.07044e-08)
(-10 2.40751e-06 4.83896e-08)
(-10 2.43914e-06 4.48358e-08)
(-10 2.46805e-06 4.04567e-08)
(-10 2.48802e-06 3.71112e-08)
(-10 2.49589e-06 3.41959e-08)
(-10 2.49009e-06 3.25566e-08)
(-10 2.46828e-06 3.19292e-08)
(-10 2.4316e-06 3.24483e-08)
(-10 2.38319e-06 3.43016e-08)
(-10 2.59143e-06 1.18885e-07)
(-10 2.63573e-06 1.01257e-07)
(-10 2.58573e-06 7.60354e-08)
(-10 2.56202e-06 6.11605e-08)
(-10 2.5581e-06 5.30095e-08)
(-10 2.56915e-06 4.73422e-08)
(-10 2.59123e-06 4.36712e-08)
(-10 2.61956e-06 3.92852e-08)
(-10 2.64796e-06 3.41529e-08)
(-10 2.67014e-06 2.98394e-08)
(-10 2.68199e-06 2.60198e-08)
(-10 2.68247e-06 2.2835e-08)
(-10 2.66972e-06 2.07068e-08)
(-10 2.64295e-06 2.00955e-08)
(-10 2.60257e-06 1.89824e-08)
(-10 2.55247e-06 1.84956e-08)
(-10 2.71104e-06 1.17858e-07)
(-10 2.7727e-06 1.03409e-07)
(-10 2.73768e-06 7.771e-08)
(-10 2.72774e-06 6.23291e-08)
(-10 2.7349e-06 5.31714e-08)
(-10 2.75335e-06 4.60301e-08)
(-10 2.77894e-06 4.08035e-08)
(-10 2.8064e-06 3.49964e-08)
(-10 2.82986e-06 2.9471e-08)
(-10 2.84369e-06 2.53021e-08)
(-10 2.84748e-06 2.12723e-08)
(-10 2.83998e-06 1.80372e-08)
(-10 2.82031e-06 1.56363e-08)
(-10 2.78819e-06 1.41159e-08)
(-10 2.74533e-06 1.42324e-08)
(-10 2.69452e-06 1.63186e-08)
(-10 2.79447e-06 1.10253e-07)
(-10 2.87682e-06 9.9919e-08)
(-10 2.85996e-06 7.43754e-08)
(-10 2.86633e-06 5.81986e-08)
(-10 2.88557e-06 4.76092e-08)
(-10 2.91158e-06 3.94377e-08)
(-10 2.93972e-06 3.2604e-08)
(-10 2.96529e-06 2.56769e-08)
(-10 2.98142e-06 2.02326e-08)
(-10 2.98779e-06 1.55183e-08)
(-10 2.98316e-06 1.16028e-08)
(-10 2.96716e-06 7.91924e-09)
(-10 2.93984e-06 4.78093e-09)
(-10 2.90263e-06 2.98107e-09)
(-10 2.85721e-06 1.26569e-09)
(-10 2.8063e-06 5.11808e-10)
(-10 2.84922e-06 1.11632e-07)
(-10 2.95175e-06 1.04552e-07)
(-10 2.95645e-06 7.70413e-08)
(-10 2.98074e-06 5.93756e-08)
(-10 3.01251e-06 4.73585e-08)
(-10 3.04619e-06 3.79625e-08)
(-10 3.0764e-06 3.06776e-08)
(-10 3.09737e-06 2.38003e-08)
(-10 3.10802e-06 1.83119e-08)
(-10 3.10708e-06 1.41655e-08)
(-10 3.09431e-06 1.03575e-08)
(-10 3.07015e-06 6.55406e-09)
(-10 3.03543e-06 3.25618e-09)
(-10 2.99225e-06 4.77663e-10)
(-10 2.94358e-06 -2.72413e-10)
(-10 2.8939e-06 1.07826e-09)
(-10 2.88386e-06 1.08269e-07)
(-10 3.00321e-06 1.04725e-07)
(-10 3.03038e-06 7.58366e-08)
(-10 3.07073e-06 5.58721e-08)
(-10 3.1159e-06 4.1772e-08)
(-10 3.15483e-06 3.09502e-08)
(-10 3.18537e-06 2.23653e-08)
(-10 3.20331e-06 1.62303e-08)
(-10 3.20877e-06 1.10782e-08)
(-10 3.20132e-06 7.21408e-09)
(-10 3.18152e-06 3.36167e-09)
(-10 3.14992e-06 -4.74802e-10)
(-10 3.10747e-06 -4.68213e-09)
(-10 3.05777e-06 -8.09724e-09)
(-10 3.00561e-06 -1.03753e-08)
(-10 2.95331e-06 -1.1736e-08)
(-10 2.9084e-06 1.15542e-07)
(-10 3.03988e-06 1.1545e-07)
(-10 3.08399e-06 8.20329e-08)
(-10 3.13959e-06 5.86839e-08)
(-10 3.19449e-06 4.19446e-08)
(-10 3.23897e-06 3.00483e-08)
(-10 3.2684e-06 2.17881e-08)
(-10 3.28392e-06 1.55064e-08)
(-10 3.28567e-06 1.15262e-08)
(-10 3.27382e-06 8.09129e-09)
(-10 3.24934e-06 4.9412e-09)
(-10 3.21257e-06 1.20445e-09)
(-10 3.16574e-06 -3.40138e-09)
(-10 3.1092e-06 -5.27542e-09)
(-10 3.0477e-06 -6.419e-09)
(-10 2.99259e-06 -2.51395e-09)
(-10 2.93421e-06 1.20046e-07)
(-10 3.07261e-06 1.26384e-07)
(-10 3.121e-06 8.68456e-08)
(-10 3.18971e-06 5.84967e-08)
(-10 3.24646e-06 3.85544e-08)
(-10 3.29427e-06 2.52808e-08)
(-10 3.32333e-06 1.65763e-08)
(-10 3.33766e-06 1.11948e-08)
(-10 3.33722e-06 7.65049e-09)
(-10 3.32341e-06 5.15172e-09)
(-10 3.29662e-06 2.68565e-09)
(-10 3.25972e-06 -1.10024e-09)
(-10 3.20892e-06 -2.86641e-09)
(-10 3.14387e-06 -7.01116e-09)
(-10 3.0839e-06 -7.94626e-09)
(-10 3.02757e-06 -4.08267e-09)
(-10 2.96864e-06 1.28965e-07)
(-10 3.09705e-06 1.31447e-07)
(-10 3.14527e-06 9.04018e-08)
(-10 3.21019e-06 5.87571e-08)
(-10 3.27254e-06 3.71524e-08)
(-10 3.31808e-06 2.36707e-08)
(-10 3.34705e-06 1.44286e-08)
(-10 3.3611e-06 9.51133e-09)
(-10 3.36062e-06 5.75146e-09)
(-10 3.34664e-06 3.65898e-09)
(-10 3.32189e-06 1.63995e-09)
(-10 3.28646e-06 8.39995e-11)
(-10 3.23811e-06 -5.13074e-09)
(-10 3.18972e-06 -6.23731e-09)
(-10 3.10233e-06 7.94955e-09)
(-10 3.00343e-06 4.92282e-09)
(-10 3.01313e-06 1.23842e-07)
(-10 3.11068e-06 1.43899e-07)
(-10 3.14806e-06 8.79069e-08)
(-10 3.20076e-06 5.20486e-08)
(-10 3.26645e-06 2.99467e-08)
(-10 3.3109e-06 1.58073e-08)
(-10 3.34142e-06 7.04571e-09)
(-10 3.35675e-06 1.02448e-09)
(-10 3.35843e-06 -2.59321e-09)
(-10 3.34709e-06 -5.09937e-09)
(-10 3.32668e-06 -5.6914e-09)
(-10 3.29829e-06 -8.39738e-09)
(-10 3.26914e-06 -8.04816e-09)
(-10 3.19642e-06 3.57027e-09)
(-10 3.1077e-06 -4.51267e-09)
(-10 3.07651e-06 -1.62428e-08)
(-10 3.05644e-06 1.09041e-07)
(-10 3.11428e-06 1.32019e-07)
(-10 3.12213e-06 9.00454e-08)
(-10 3.1779e-06 5.30487e-08)
(-10 3.23832e-06 2.66644e-08)
(-10 3.29056e-06 1.01688e-08)
(-10 3.32538e-06 -6.87006e-10)
(-10 3.34666e-06 -9.07634e-09)
(-10 3.35414e-06 -1.41092e-08)
(-10 3.35106e-06 -1.82824e-08)
(-10 3.34073e-06 -1.95859e-08)
(-10 3.32873e-06 -1.97542e-08)
(-10 3.30933e-06 -1.79495e-08)
(-10 3.28111e-06 -4.21788e-08)
(-10 3.29089e-06 -1.18295e-08)
(-10 3.19957e-06 -9.12949e-09)
(-10 3.06546e-06 1.00631e-07)
(-10 3.08639e-06 1.63602e-07)
(-10 3.08074e-06 9.72668e-08)
(-10 3.1418e-06 5.36289e-08)
(-10 3.20925e-06 2.55105e-08)
(-10 3.27256e-06 7.72465e-09)
(-10 3.31705e-06 -5.80391e-09)
(-10 3.34915e-06 -1.47993e-08)
(-10 3.36875e-06 -2.18024e-08)
(-10 3.37996e-06 -2.48363e-08)
(-10 3.38097e-06 -2.38746e-08)
(-10 3.38762e-06 -2.20476e-08)
(-10 3.39739e-06 -2.35588e-08)
(-10 3.42793e-06 -4.81897e-10)
(-10 3.46867e-06 -5.9347e-10)
(-10 3.3918e-06 -5.21595e-08)
(-10 3.14284e-06 -1.10367e-08)
(-10 2.9722e-06 1.63412e-07)
(-10 2.9778e-06 1.56643e-07)
(-10 2.98587e-06 1.00767e-07)
(-10 3.05098e-06 5.89691e-08)
(-10 3.13621e-06 2.63978e-08)
(-10 3.20398e-06 5.19438e-09)
(-10 3.25563e-06 -1.11372e-08)
(-10 3.29233e-06 -2.32024e-08)
(-10 3.31838e-06 -3.19209e-08)
(-10 3.33317e-06 -3.67181e-08)
(-10 3.3447e-06 -3.56211e-08)
(-10 3.34893e-06 -2.90709e-08)
(-10 3.38042e-06 -2.4746e-08)
(-10 3.44408e-06 -2.16748e-08)
(-10 3.4782e-06 -4.4254e-08)
(-10 3.43191e-06 2.696e-11)
(-10 3.19443e-06 -7.87725e-09)
(-10 2.75872e-06 1.3998e-07)
(-10 2.79956e-06 2.15885e-07)
(-10 2.83803e-06 1.23481e-07)
(-10 2.92616e-06 6.46313e-08)
(-10 3.02129e-06 2.69167e-08)
(-10 3.09659e-06 2.60138e-09)
(-10 3.14855e-06 -1.52581e-08)
(-10 3.1856e-06 -2.85251e-08)
(-10 3.21072e-06 -3.86959e-08)
(-10 3.22609e-06 -4.30503e-08)
(-10 3.23001e-06 -4.1451e-08)
(-10 3.25075e-06 -3.67685e-08)
(-10 3.26901e-06 -2.8268e-08)
(-10 3.31817e-06 -2.44379e-08)
(-10 3.32139e-06 -1.85014e-08)
(-10 3.26702e-06 -6.98703e-08)
(-10 3.18023e-06 -2.3009e-08)
(-10 2.44866e-06 1.9498e-07)
(-10 2.56456e-06 2.1644e-07)
(-10 2.65162e-06 1.30957e-07)
(-10 2.76685e-06 6.75017e-08)
(-10 2.86969e-06 2.70516e-08)
(-10 2.94334e-06 -3.24005e-09)
(-10 2.98986e-06 -2.13899e-08)
(-10 3.01775e-06 -3.8923e-08)
(-10 3.0347e-06 -5.08834e-08)
(-10 3.03834e-06 -5.8627e-08)
(-10 3.04774e-06 -6.49325e-08)
(-10 3.06024e-06 -5.94388e-08)
(-10 3.06455e-06 -5.27259e-08)
(-10 3.06058e-06 -5.69629e-08)
(-10 3.04781e-06 -7.71464e-08)
(-10 2.99215e-06 -4.27845e-08)
(-10 3.00571e-06 -4.59473e-08)
(-10 2.12672e-06 2.18451e-07)
(-10 2.31157e-06 2.64176e-07)
(-10 2.4511e-06 1.47322e-07)
(-10 2.58343e-06 7.67329e-08)
(-10 2.69074e-06 2.48533e-08)
(-10 2.75456e-06 -2.39157e-09)
(-10 2.78424e-06 -2.55428e-08)
(-10 2.79549e-06 -4.1224e-08)
(-10 2.79022e-06 -5.44902e-08)
(-10 2.77776e-06 -6.44564e-08)
(-10 2.76849e-06 -6.7007e-08)
(-10 2.7522e-06 -8.26196e-08)
(-10 2.73229e-06 -8.60162e-08)
(-10 2.70581e-06 -8.11905e-08)
(-10 2.64366e-06 -5.92442e-08)
(-10 2.67078e-06 -7.95822e-08)
(-10 2.63926e-06 -5.21954e-08)
(-10 1.94813e-06 2.84659e-07)
(-10 2.17691e-06 3.06132e-07)
(-10 2.35764e-06 1.84578e-07)
(-10 2.50814e-06 1.00578e-07)
(-10 2.61495e-06 5.31385e-08)
(-10 2.67071e-06 2.24981e-08)
(-10 2.68842e-06 8.28348e-09)
(-10 2.68285e-06 -4.89621e-09)
(-10 2.66759e-06 -1.22556e-08)
(-10 2.64474e-06 -2.39652e-08)
(-10 2.60998e-06 -3.4924e-08)
(-10 2.57592e-06 -3.57764e-08)
(-10 2.53333e-06 -4.505e-08)
(-10 2.45939e-06 -3.29148e-08)
(-10 2.52508e-06 -5.33313e-08)
(-10 2.48897e-06 -6.3401e-09)
(-10 2.49836e-06 -1.72954e-08)
(-10 1.93899e-06 3.29749e-07)
(-10 2.19069e-06 3.61412e-07)
(-10 2.40408e-06 2.11047e-07)
(-10 2.56806e-06 1.24229e-07)
(-10 2.67045e-06 6.67115e-08)
(-10 2.7077e-06 4.2734e-08)
(-10 2.7058e-06 2.6835e-08)
(-10 2.68353e-06 2.36413e-08)
(-10 2.6524e-06 1.21849e-08)
(-10 2.60925e-06 1.18407e-08)
(-10 2.57164e-06 -5.70225e-09)
(-10 2.51448e-06 -3.89004e-08)
(-10 2.45334e-06 -3.09016e-08)
(-10 2.47859e-06 -2.5267e-08)
)
;

boundaryField
{
    frontAndBack
    {
        type            slip;
    }
    inlet
    {
        type            fixedValue;
        value           nonuniform List<vector> 0();
    }
    outlet
    {
        type            inletOutlet;
        inletValue      uniform (0 0 0);
        value           nonuniform List<vector> 
130
(
(-9.99999 1.66508e-07 1.95679e-07)
(-9.99999 5.37003e-07 1.9805e-07)
(-9.99999 9.1389e-07 1.93038e-07)
(-9.99999 1.25765e-06 1.89665e-07)
(-9.99999 1.58924e-06 1.88892e-07)
(-9.99999 1.89278e-06 1.82511e-07)
(-9.99999 2.17433e-06 1.79403e-07)
(-9.99999 2.42011e-06 1.77954e-07)
(-10 2.63518e-06 1.73286e-07)
(-10 2.80074e-06 1.59284e-07)
(-10 2.9226e-06 1.47021e-07)
(-10 2.99552e-06 1.36411e-07)
(-10 3.02939e-06 1.24508e-07)
(-10 3.0368e-06 1.03462e-07)
(-10 3.03741e-06 1.02627e-07)
(-10 3.04515e-06 1.00793e-07)
(-10 3.0773e-06 8.28738e-08)
(-10 3.12282e-06 7.80396e-08)
(-10 3.14095e-06 7.75057e-08)
(-10 3.07292e-06 9.62278e-08)
(-10 2.89036e-06 1.04776e-07)
(-10 2.56924e-06 1.42675e-07)
(-10 2.06426e-06 1.51457e-07)
(-10 1.51838e-06 1.9539e-07)
(-10 1.27653e-06 2.51355e-07)
(-10 1.43725e-06 3.14583e-07)
(-9.99999 1.64987e-07 4.53856e-07)
(-9.99999 5.32029e-07 4.58092e-07)
(-9.99999 8.97802e-07 4.52017e-07)
(-9.99999 1.23121e-06 4.451e-07)
(-9.99999 1.54906e-06 4.40545e-07)
(-9.99999 1.83979e-06 4.27066e-07)
(-9.99999 2.11202e-06 4.20233e-07)
(-9.99999 2.35064e-06 4.11384e-07)
(-10 2.55864e-06 4.01097e-07)
(-10 2.72104e-06 3.75594e-07)
(-10 2.84251e-06 3.54565e-07)
(-10 2.9163e-06 3.29203e-07)
(-10 2.95308e-06 3.07049e-07)
(-10 2.96547e-06 2.77065e-07)
(-10 2.9688e-06 2.70752e-07)
(-10 2.97859e-06 2.51088e-07)
(-10 3.01466e-06 2.25549e-07)
(-10 3.05893e-06 2.1442e-07)
(-10 3.07564e-06 2.44241e-07)
(-10 3.0158e-06 2.58293e-07)
(-10 2.85685e-06 3.27707e-07)
(-10 2.5715e-06 3.67655e-07)
(-10 2.14368e-06 4.48069e-07)
(-10 1.66888e-06 5.28585e-07)
(-10 1.42249e-06 6.90896e-07)
(-10 1.51693e-06 8.15055e-07)
(-9.99999 1.6245e-07 4.98573e-07)
(-9.99999 5.23387e-07 5.03105e-07)
(-9.99999 8.81795e-07 4.97307e-07)
(-9.99999 1.21428e-06 4.86885e-07)
(-9.99999 1.53132e-06 4.84681e-07)
(-9.99999 1.82178e-06 4.7463e-07)
(-9.99999 2.09179e-06 4.72054e-07)
(-10 2.32802e-06 4.57506e-07)
(-10 2.53266e-06 4.50374e-07)
(-10 2.69289e-06 4.26736e-07)
(-10 2.81313e-06 4.12642e-07)
(-10 2.88993e-06 3.83224e-07)
(-10 2.93355e-06 3.70653e-07)
(-10 2.95138e-06 3.50221e-07)
(-10 2.95884e-06 3.49189e-07)
(-10 2.97647e-06 3.33594e-07)
(-10 3.01534e-06 3.52191e-07)
(-10 3.06246e-06 3.31688e-07)
(-10 3.08782e-06 3.4419e-07)
(-10 3.05101e-06 3.72298e-07)
(-10 2.92373e-06 4.4526e-07)
(-10 2.67015e-06 5.32954e-07)
(-10 2.29653e-06 6.09569e-07)
(-10 1.88066e-06 7.28212e-07)
(-10 1.65622e-06 9.08868e-07)
(-10 1.69005e-06 1.07323e-06)
(-9.99999 1.60701e-07 3.69435e-07)
(-9.99999 5.16876e-07 3.76865e-07)
(-9.99999 8.68754e-07 3.73999e-07)
(-9.99999 1.20066e-06 3.67315e-07)
(-9.99999 1.51584e-06 3.65991e-07)
(-9.99999 1.80685e-06 3.56952e-07)
(-10 2.07492e-06 3.56552e-07)
(-10 2.31033e-06 3.4282e-07)
(-10 2.51232e-06 3.4015e-07)
(-10 2.67234e-06 3.20427e-07)
(-10 2.79312e-06 3.15454e-07)
(-10 2.874e-06 2.93899e-07)
(-10 2.92344e-06 2.92989e-07)
(-10 2.95058e-06 2.79321e-07)
(-10 2.96835e-06 2.90935e-07)
(-10 2.9917e-06 2.98922e-07)
(-10 3.02741e-06 3.22599e-07)
(-10 3.06978e-06 3.03135e-07)
(-10 3.1075e-06 2.76508e-07)
(-10 3.10762e-06 2.92541e-07)
(-10 3.00478e-06 3.79737e-07)
(-10 2.7775e-06 4.25776e-07)
(-10 2.44652e-06 4.92582e-07)
(-10 2.07513e-06 5.97511e-07)
(-10 1.86987e-06 7.39662e-07)
(-10 1.87729e-06 8.71377e-07)
(-9.99999 1.57487e-07 1.36878e-07)
(-9.99999 5.00699e-07 1.409e-07)
(-9.99999 8.38523e-07 1.39515e-07)
(-9.99999 1.16093e-06 1.37249e-07)
(-9.99999 1.46619e-06 1.36395e-07)
(-10 1.74962e-06 1.33027e-07)
(-10 2.00933e-06 1.32784e-07)
(-10 2.2386e-06 1.27355e-07)
(-10 2.43433e-06 1.2645e-07)
(-10 2.59143e-06 1.18885e-07)
(-10 2.71104e-06 1.17858e-07)
(-10 2.79447e-06 1.10253e-07)
(-10 2.84922e-06 1.11632e-07)
(-10 2.88386e-06 1.08269e-07)
(-10 2.9084e-06 1.15542e-07)
(-10 2.93421e-06 1.20046e-07)
(-10 2.96864e-06 1.28965e-07)
(-10 3.01313e-06 1.23842e-07)
(-10 3.05644e-06 1.09041e-07)
(-10 3.06546e-06 1.00631e-07)
(-10 2.9722e-06 1.63412e-07)
(-10 2.75872e-06 1.3998e-07)
(-10 2.44866e-06 1.9498e-07)
(-10 2.12672e-06 2.18451e-07)
(-10 1.94813e-06 2.84659e-07)
(-10 1.93899e-06 3.29749e-07)
)
;
    }
    lowerWall
    {
        type            fixedValue;
        value           uniform (-10 0 0);
    }
    upperWall
    {
        type            slip;
    }
    procBoundary0to1
    {
        type            processor;
        value           nonuniform List<vector> 
135
(
(-10 1.30823e-07 1.24886e-07)
(-10 3.82414e-07 9.72222e-08)
(-10 7.00275e-07 9.20546e-08)
(-10 9.73003e-07 8.53242e-08)
(-10 1.23827e-06 7.84159e-08)
(-10 1.46793e-06 6.23785e-08)
(-10 1.68855e-06 5.4058e-08)
(-10 1.88751e-06 4.07488e-08)
(-10 2.07316e-06 2.80448e-08)
(-10 2.22221e-06 8.82726e-09)
(-10 2.35961e-06 -4.47083e-10)
(-10 2.47126e-06 -1.26649e-08)
(-10 2.56631e-06 -2.30626e-08)
(-10 2.63486e-06 -4.49848e-08)
(-10 2.63486e-06 -4.49848e-08)
(-10 2.60884e-06 -3.25715e-08)
(-10 2.77082e-06 -9.58288e-08)
(-10 2.63712e-06 -5.83254e-08)
(-10 2.76836e-06 -1.05625e-07)
(-10 2.64711e-06 -4.42133e-08)
(-10 2.66005e-06 -4.12795e-08)
(-10 2.66461e-06 -3.82349e-08)
(-10 2.66101e-06 -3.75462e-08)
(-10 2.67145e-06 -1.26212e-08)
(-10 2.67415e-06 -1.11244e-08)
(-10 2.56032e-06 4.59644e-08)
(-10 2.23702e-06 4.78253e-08)
(-10 2.12764e-06 1.06208e-07)
(-10 1.34329e-07 2.27826e-07)
(-10 3.96162e-07 1.56968e-07)
(-10 7.26017e-07 1.61179e-07)
(-10 1.00922e-06 1.5125e-07)
(-10 1.28761e-06 1.44322e-07)
(-10 1.53736e-06 1.25864e-07)
(-10 1.77561e-06 1.11043e-07)
(-10 1.98315e-06 8.06901e-08)
(-10 2.17566e-06 5.90104e-08)
(-10 2.33402e-06 2.05013e-08)
(-10 2.47533e-06 2.42108e-09)
(-10 2.58635e-06 -2.97511e-08)
(-10 2.67082e-06 -4.68596e-08)
(-10 2.74546e-06 -7.54739e-08)
(-10 2.77082e-06 -9.58288e-08)
(-10 2.76836e-06 -1.05625e-07)
(-10 2.76836e-06 -1.05625e-07)
(-10 2.77255e-06 -7.90865e-08)
(-10 2.79598e-06 -5.92296e-08)
(-10 2.74875e-06 -8.17328e-08)
(-10 2.71392e-06 -6.72872e-08)
(-10 2.7042e-06 -5.38767e-08)
(-10 2.70101e-06 -7.50631e-08)
(-10 2.73941e-06 -2.58947e-08)
(-10 2.65536e-06 -8.28974e-09)
(-10 2.29174e-06 9.01321e-08)
(-10 2.1436e-06 1.86704e-07)
(-10 1.36542e-07 2.01425e-07)
(-10 4.04822e-07 1.27274e-07)
(-10 7.18932e-07 1.37338e-07)
(-10 9.94972e-07 1.34729e-07)
(-10 1.26396e-06 1.29276e-07)
(-10 1.50921e-06 1.04854e-07)
(-10 1.74267e-06 9.58173e-08)
(-10 1.94816e-06 6.42015e-08)
(-10 2.1373e-06 5.43761e-08)
(-10 2.29646e-06 1.83763e-08)
(-10 2.43737e-06 9.1981e-09)
(-10 2.54881e-06 -2.84119e-08)
(-10 2.64772e-06 -3.40633e-08)
(-10 2.69867e-06 -6.24651e-08)
(-10 2.74533e-06 -6.86975e-08)
(-10 2.69244e-06 -6.56209e-08)
(-10 2.79598e-06 -5.92296e-08)
(-10 2.79598e-06 -5.92296e-08)
(-10 2.70662e-06 -4.95931e-08)
(-10 2.80799e-06 -2.36597e-08)
(-10 2.72914e-06 -5.41639e-08)
(-10 2.73696e-06 -7.06604e-08)
(-10 2.77026e-06 -1.78859e-08)
(-10 2.78784e-06 -9.40358e-08)
(-10 2.72746e-06 -5.51376e-09)
(-10 2.42188e-06 5.31217e-08)
(-10 2.19162e-06 1.18529e-07)
(-10 1.43333e-07 1.68491e-07)
(-10 4.12079e-07 1.10192e-07)
(-10 7.14076e-07 1.09437e-07)
(-10 9.87899e-07 1.03534e-07)
(-10 1.24917e-06 9.87747e-08)
(-10 1.49264e-06 8.2855e-08)
(-10 1.72003e-06 7.70203e-08)
(-10 1.92481e-06 5.41449e-08)
(-10 2.11035e-06 4.8873e-08)
(-10 2.27038e-06 2.17735e-08)
(-10 2.41099e-06 1.83057e-08)
(-10 2.52521e-06 -9.46828e-09)
(-10 2.62175e-06 -8.58211e-09)
(-10 2.69044e-06 -3.76022e-08)
(-10 2.71994e-06 -1.52073e-08)
(-10 2.77367e-06 -3.32811e-08)
(-10 2.71934e-06 2.19353e-08)
(-10 2.80799e-06 -2.36597e-08)
(-10 2.80799e-06 -2.36597e-08)
(-10 2.69281e-06 3.08396e-09)
(-10 3.07812e-06 -4.26507e-08)
(-10 2.78498e-06 -2.29422e-08)
(-10 2.80198e-06 -2.28174e-08)
(-10 2.8166e-06 -5.42169e-08)
(-10 2.80792e-06 -1.29143e-08)
(-10 2.35842e-06 -5.17384e-08)
(-10 2.26051e-06 4.42276e-08)
(-10 1.64266e-07 8.70562e-08)
(-10 4.69848e-07 7.15303e-08)
(-10 7.94848e-07 6.89198e-08)
(-10 1.0975e-06 6.69158e-08)
(-10 1.38168e-06 6.14904e-08)
(-10 1.64975e-06 5.44999e-08)
(-10 1.89465e-06 4.82132e-08)
(-10 2.11689e-06 3.79806e-08)
(-10 2.31293e-06 3.18511e-08)
(-10 2.48263e-06 1.99038e-08)
(-10 2.62662e-06 1.49624e-08)
(-10 2.74404e-06 3.11658e-09)
(-10 2.83895e-06 2.86613e-10)
(-10 2.90508e-06 -7.82127e-09)
(-10 2.95184e-06 -4.69524e-09)
(-10 2.95249e-06 2.38181e-09)
(-10 3.00659e-06 -2.27488e-08)
(-10 2.97414e-06 1.22498e-08)
(-10 3.07812e-06 -4.26507e-08)
(-10 3.07812e-06 -4.26507e-08)
(-10 2.9469e-06 2.84079e-08)
(-10 3.08882e-06 -5.13372e-08)
(-10 3.10389e-06 -8.40614e-09)
(-10 2.93073e-06 -3.39005e-08)
(-10 2.65195e-06 -4.59839e-08)
(-10 2.50488e-06 1.81349e-09)
)
;
    }
    procBoundary0to3
    {
        type            processor;
        value           nonuniform List<vector> 
101
(
(-10 2.46064e-06 1.46649e-07)
(-10 2.52272e-06 4.98851e-08)
(-10 2.55481e-06 2.68849e-08)
(-10 2.49659e-06 7.67393e-08)
(-10 2.40986e-06 4.21751e-08)
(-10 2.31461e-06 3.03169e-08)
(-10 2.30228e-06 3.95491e-08)
(-10 2.30273e-06 3.99254e-08)
(-10 2.32022e-06 4.55246e-08)
(-10 2.30233e-06 3.31938e-08)
(-10 2.2928e-06 3.9958e-08)
(-10 2.28066e-06 7.04538e-08)
(-10 2.30195e-06 5.84939e-08)
(-10 2.34709e-06 1.04397e-07)
(-10 1.83937e-06 3.3115e-07)
(-10 2.16283e-06 3.39419e-07)
(-10 2.46064e-06 1.46649e-07)
(-10 2.50863e-06 1.86448e-07)
(-10 2.46064e-06 1.46649e-07)
(-10 2.52272e-06 4.98851e-08)
(-10 2.55481e-06 2.68849e-08)
(-10 2.53488e-06 6.96516e-08)
(-10 2.45818e-06 5.00709e-08)
(-10 2.4075e-06 6.8365e-08)
(-10 2.3869e-06 5.39346e-08)
(-10 2.36638e-06 5.11016e-08)
(-10 2.35259e-06 3.06934e-08)
(-10 2.34361e-06 3.96738e-08)
(-10 2.31705e-06 4.89519e-08)
(-10 2.29069e-06 1.13963e-07)
(-10 2.31806e-06 8.2141e-08)
(-10 2.35151e-06 2.26027e-07)
(-10 1.83158e-06 8.87673e-07)
(-10 2.10614e-06 9.30948e-07)
(-10 2.44431e-06 5.89685e-07)
(-10 2.62604e-06 3.68102e-07)
(-10 2.62633e-06 2.38524e-07)
(-10 2.53488e-06 6.96516e-08)
(-10 2.60391e-06 1.53177e-07)
(-10 2.53488e-06 6.96516e-08)
(-10 2.45818e-06 5.00709e-08)
(-10 2.52062e-06 4.48039e-08)
(-10 2.45906e-06 8.2711e-09)
(-10 2.42196e-06 3.55569e-10)
(-10 2.38304e-06 7.78696e-09)
(-10 2.3308e-06 -3.24045e-09)
(-10 2.31702e-06 -1.55414e-09)
(-10 2.26117e-06 1.57436e-08)
(-10 2.31889e-06 9.05389e-08)
(-10 2.3228e-06 1.20541e-07)
(-10 1.9123e-06 1.18745e-06)
(-10 2.17283e-06 1.25846e-06)
(-10 2.44567e-06 8.14074e-07)
(-10 2.61067e-06 5.09049e-07)
(-10 2.6584e-06 3.7242e-07)
(-10 2.64825e-06 1.99935e-07)
(-10 2.6045e-06 1.62377e-07)
(-10 2.52062e-06 4.48039e-08)
(-10 2.48876e-06 1.35749e-07)
(-10 2.52062e-06 4.48039e-08)
(-10 2.45906e-06 8.2711e-09)
(-10 2.42196e-06 3.55569e-10)
(-10 2.41985e-06 -3.44825e-08)
(-10 2.34432e-06 -4.84046e-08)
(-10 2.28773e-06 -5.30129e-08)
(-10 2.30291e-06 3.01254e-09)
(-10 2.28741e-06 2.28751e-09)
(-10 2.34758e-06 6.02474e-08)
(-10 2.01471e-06 9.90974e-07)
(-10 2.27055e-06 1.03798e-06)
(-10 2.49611e-06 6.08063e-07)
(-10 2.62149e-06 3.6098e-07)
(-10 2.67826e-06 2.17896e-07)
(-10 2.68488e-06 1.47964e-07)
(-10 2.6208e-06 1.08023e-07)
(-10 2.57127e-06 6.73601e-08)
(-10 2.50108e-06 6.38928e-08)
(-10 2.43473e-06 3.98432e-08)
(-10 2.41985e-06 -3.44825e-08)
(-10 2.36717e-06 2.47928e-08)
(-10 2.41985e-06 -3.44825e-08)
(-10 2.34432e-06 -4.84046e-08)
(-10 2.28773e-06 -5.30129e-08)
(-10 2.45349e-06 2.77907e-08)
(-10 2.45745e-06 -1.45226e-08)
(-10 2.5042e-06 2.51715e-08)
(-10 2.01863e-06 3.80351e-07)
(-10 2.26997e-06 4.03199e-07)
(-10 2.46835e-06 2.38668e-07)
(-10 2.5951e-06 1.35069e-07)
(-10 2.6738e-06 7.86501e-08)
(-10 2.69229e-06 5.11954e-08)
(-10 2.67226e-06 4.03509e-08)
(-10 2.63063e-06 3.31862e-08)
(-10 2.58109e-06 3.68809e-08)
(-10 2.53375e-06 1.39755e-08)
(-10 2.48906e-06 -1.21769e-09)
(-10 2.44752e-06 -1.5929e-08)
(-10 2.40871e-06 2.64886e-09)
(-10 2.45349e-06 2.77907e-08)
(-10 2.34627e-06 1.69552e-08)
)
;
    }
}


// ************************************************************************* //
