/*--------------------------------*- C++ -*----------------------------------*\
  =========                 |
  \\      /  F ield         | OpenFOAM: The Open Source CFD Toolbox
   \\    /   O peration     | Website:  https://openfoam.org
    \\  /    A nd           | Version:  10
     \\/     M anipulation  |
\*---------------------------------------------------------------------------*/
FoamFile
{
    format      ascii;
    class       volScalarField;
    location    "20";
    object      k;
}
// * * * * * * * * * * * * * * * * * * * * * * * * * * * * * * * * * * * * * //

dimensions      [0 2 -2 0 0 0 0];

internalField   nonuniform List<scalar> 
2083
(
0.227859
0.227856
0.227856
0.227856
0.227856
0.227856
0.227856
0.227856
0.227856
0.227856
0.227856
0.227856
0.227859
0.227859
0.227835
0.227852
0.227849
0.227846
0.227846
0.227846
0.227846
0.227846
0.227846
0.227846
0.227846
0.227846
0.227846
0.227846
0.227847
0.227849
0.227849
0.227826
0.227846
0.227846
0.227846
0.227846
0.227846
0.227846
0.227846
0.227846
0.227846
0.227846
0.227846
0.227846
0.227846
0.227847
0.227849
0.227849
0.227826
0.227846
0.227846
0.227846
0.227846
0.227846
0.227846
0.227846
0.227846
0.227846
0.227846
0.227846
0.227846
0.227846
0.227847
0.227849
0.227849
0.227826
0.227846
0.227846
0.227846
0.227846
0.227846
0.227846
0.227846
0.227846
0.227846
0.227846
0.227846
0.227846
0.227846
0.227847
0.227849
0.227849
0.227826
0.227846
0.227846
0.227846
0.227846
0.227846
0.227846
0.227846
0.227846
0.227846
0.227846
0.227846
0.227846
0.227846
0.227847
0.227849
0.227849
0.227826
0.227846
0.227846
0.227846
0.227846
0.227846
0.227846
0.227846
0.227846
0.227846
0.227846
0.227846
0.227846
0.227846
0.227847
0.227849
0.227849
0.227826
0.227846
0.227846
0.227846
0.227846
0.227846
0.227846
0.227846
0.227846
0.227846
0.227846
0.227846
0.227846
0.227846
0.227847
0.227849
0.227849
0.227826
0.227846
0.227846
0.227846
0.227846
0.227846
0.227846
0.227846
0.227846
0.227846
0.227846
0.227846
0.227846
0.227846
0.227847
0.227849
0.227849
0.227826
0.227846
0.227846
0.227846
0.227846
0.227846
0.227846
0.227846
0.227846
0.227846
0.227846
0.227846
0.227846
0.227846
0.227847
0.227849
0.227849
0.227826
0.227846
0.227846
0.227846
0.227846
0.227846
0.227846
0.227846
0.227846
0.227846
0.227846
0.227846
0.227846
0.227846
0.227847
0.227849
0.227849
0.227826
0.227846
0.227846
0.227846
0.227846
0.227846
0.227846
0.227846
0.227846
0.227846
0.227846
0.227846
0.227846
0.227846
0.227847
0.227849
0.227849
0.227826
0.227846
0.227846
0.227846
0.227846
0.227846
0.227846
0.227846
0.227846
0.227846
0.227846
0.227846
0.227846
0.227846
0.227847
0.227849
0.227849
0.227826
0.227846
0.227846
0.227846
0.227846
0.227846
0.227846
0.227846
0.227846
0.227846
0.227846
0.227846
0.227846
0.227846
0.227847
0.227849
0.227849
0.227826
0.227846
0.227846
0.227846
0.227846
0.227846
0.227846
0.227846
0.227846
0.227846
0.227846
0.227846
0.227846
0.227846
0.227847
0.227849
0.227849
0.227826
0.227846
0.227846
0.227846
0.227846
0.227846
0.227846
0.227846
0.227846
0.227846
0.227846
0.227846
0.227846
0.227846
0.227847
0.227849
0.227849
0.227826
0.227846
0.227846
0.227846
0.227846
0.227846
0.227846
0.227846
0.227846
0.227846
0.227846
0.227846
0.227846
0.227846
0.227847
0.227849
0.227849
0.227826
0.227846
0.227846
0.227846
0.227846
0.227846
0.227846
0.227846
0.227846
0.227846
0.227846
0.227846
0.227846
0.227846
0.227847
0.227849
0.227849
0.227826
0.227846
0.227846
0.227846
0.227846
0.227846
0.227846
0.227846
0.227846
0.227846
0.227846
0.227846
0.227846
0.227846
0.227847
0.227849
0.227849
0.227826
0.227846
0.227846
0.227846
0.227846
0.227846
0.227846
0.227846
0.227846
0.227846
0.227846
0.227846
0.227846
0.227846
0.227847
0.227849
0.227849
0.227826
0.227846
0.227846
0.227846
0.227846
0.227846
0.227846
0.227846
0.227846
0.227846
0.227846
0.227846
0.227846
0.227846
0.227847
0.227849
0.227849
0.227826
0.227846
0.227846
0.227846
0.227846
0.227846
0.227846
0.227846
0.227846
0.227846
0.227846
0.227846
0.227846
0.227846
0.227847
0.227849
0.227849
0.227826
0.227846
0.227846
0.227846
0.227846
0.227846
0.227846
0.227846
0.227846
0.227846
0.227846
0.227846
0.227846
0.227846
0.227847
0.227849
0.227849
0.227825
0.227846
0.227846
0.227846
0.227846
0.227846
0.227846
0.227846
0.227846
0.227846
0.227846
0.227846
0.227846
0.227846
0.227846
0.227849
0.227849
0.227778
0.227798
0.227798
0.227798
0.227798
0.227798
0.227798
0.227798
0.227798
0.227798
0.227798
0.227798
0.227798
0.227799
0.227799
0.227802
0.227801
0.218003
0.218
0.218
0.218
0.218
0.218
0.218
0.218
0.218001
0.218004
0.218004
0.217975
0.218
0.217999
0.217998
0.217995
0.217991
0.217988
0.217988
0.217988
0.217988
0.217988
0.217988
0.217988
0.217988
0.217989
0.217992
0.217991
0.217963
0.217988
0.217988
0.217988
0.217988
0.217988
0.217988
0.217988
0.217988
0.217988
0.217988
0.217988
0.217988
0.217988
0.217989
0.217991
0.217991
0.217963
0.217988
0.217988
0.217988
0.217988
0.217988
0.217988
0.217988
0.217988
0.217988
0.217988
0.217988
0.217988
0.217988
0.217989
0.217991
0.217991
0.217963
0.217988
0.217988
0.217988
0.217988
0.217988
0.217988
0.217988
0.217988
0.217988
0.217988
0.217988
0.217988
0.217988
0.217989
0.217992
0.217991
0.217963
0.217988
0.217988
0.217988
0.217988
0.217988
0.217988
0.217988
0.217988
0.217988
0.217988
0.217988
0.217988
0.217988
0.217989
0.217992
0.217991
0.217963
0.217988
0.217988
0.217988
0.217988
0.217988
0.217988
0.217988
0.217988
0.217988
0.217988
0.217988
0.217988
0.217988
0.217989
0.217992
0.217991
0.217963
0.217988
0.217988
0.217988
0.217988
0.217988
0.217988
0.217988
0.217988
0.217988
0.217988
0.217988
0.217988
0.217988
0.217989
0.217992
0.217991
0.217963
0.217988
0.217988
0.217988
0.217988
0.217988
0.217988
0.217988
0.217988
0.217988
0.217988
0.217988
0.217988
0.217988
0.217989
0.217991
0.217991
0.217963
0.217988
0.217988
0.217988
0.217988
0.217988
0.217988
0.217988
0.217988
0.217988
0.217988
0.217988
0.217988
0.217988
0.217989
0.217991
0.217991
0.217963
0.217988
0.217988
0.217988
0.217988
0.217988
0.217988
0.217988
0.217988
0.217988
0.217988
0.217988
0.217988
0.217988
0.217989
0.217991
0.217991
0.217963
0.217988
0.217988
0.217988
0.217988
0.217988
0.217988
0.217988
0.217988
0.217988
0.217988
0.217988
0.217988
0.217988
0.217989
0.217991
0.217991
0.217963
0.217988
0.217988
0.217988
0.217988
0.217988
0.217988
0.217988
0.217988
0.217988
0.217988
0.217988
0.217988
0.217988
0.217989
0.217991
0.217991
0.217963
0.217988
0.217988
0.217988
0.217988
0.217988
0.217988
0.217988
0.217988
0.217988
0.217988
0.217988
0.217988
0.217988
0.217989
0.217991
0.217991
0.217963
0.217988
0.217988
0.217988
0.217988
0.217988
0.217988
0.217988
0.217988
0.217988
0.217988
0.217988
0.217988
0.217988
0.217989
0.217991
0.217991
0.217963
0.217988
0.217988
0.217988
0.217988
0.217988
0.217988
0.217988
0.217988
0.217988
0.217988
0.217988
0.217988
0.217988
0.217989
0.217991
0.217991
0.217963
0.217988
0.217988
0.217988
0.217988
0.217988
0.217988
0.217988
0.217988
0.217988
0.217988
0.217988
0.217988
0.217988
0.217989
0.217991
0.217991
0.217963
0.217988
0.217988
0.217988
0.217988
0.217988
0.217988
0.217988
0.217988
0.217988
0.217988
0.217988
0.217988
0.217988
0.217989
0.217991
0.217991
0.217963
0.217988
0.217988
0.217988
0.217988
0.217988
0.217988
0.217988
0.217988
0.217988
0.217988
0.217988
0.217988
0.217988
0.217989
0.217991
0.217991
0.217963
0.217988
0.217988
0.217988
0.217988
0.217988
0.217988
0.217988
0.217988
0.217988
0.217988
0.217988
0.217988
0.217988
0.217989
0.217991
0.217991
0.217963
0.217988
0.217988
0.217988
0.217988
0.217988
0.217988
0.217988
0.217988
0.217988
0.217988
0.217988
0.217988
0.217988
0.217989
0.217991
0.217991
0.217963
0.217988
0.217988
0.217988
0.217988
0.217988
0.217988
0.217988
0.217988
0.217988
0.217988
0.217988
0.217988
0.217988
0.217989
0.217991
0.217991
0.217963
0.217988
0.217988
0.217988
0.217988
0.217988
0.217988
0.217988
0.217988
0.217988
0.217988
0.217988
0.217988
0.217988
0.217989
0.217991
0.217991
0.217963
0.217987
0.217987
0.217987
0.217987
0.217987
0.217987
0.217987
0.217987
0.217987
0.217987
0.217987
0.217988
0.217988
0.217988
0.217991
0.217991
0.217902
0.217926
0.217926
0.217926
0.217926
0.217926
0.217926
0.217926
0.217926
0.217926
0.217926
0.217926
0.217927
0.217927
0.217927
0.21793
0.21793
0.217956
0.217952
0.217952
0.217952
0.217953
0.217953
0.217953
0.217956
0.217956
0.217927
0.217952
0.217952
0.217952
0.217952
0.217951
0.217947
0.217943
0.21794
0.21794
0.21794
0.21794
0.21794
0.21794
0.217941
0.217944
0.217944
0.217915
0.21794
0.21794
0.21794
0.21794
0.21794
0.21794
0.21794
0.21794
0.21794
0.21794
0.21794
0.21794
0.21794
0.217941
0.217944
0.217944
0.217915
0.21794
0.21794
0.21794
0.21794
0.21794
0.21794
0.21794
0.21794
0.21794
0.21794
0.21794
0.21794
0.21794
0.217941
0.217944
0.217944
0.217915
0.21794
0.21794
0.21794
0.21794
0.21794
0.21794
0.21794
0.21794
0.21794
0.21794
0.21794
0.21794
0.21794
0.217941
0.217944
0.217944
0.217915
0.21794
0.21794
0.21794
0.21794
0.21794
0.21794
0.21794
0.21794
0.21794
0.21794
0.21794
0.21794
0.21794
0.217941
0.217944
0.217944
0.217915
0.21794
0.21794
0.21794
0.21794
0.21794
0.21794
0.21794
0.21794
0.21794
0.21794
0.21794
0.21794
0.21794
0.217941
0.217944
0.217944
0.217915
0.21794
0.21794
0.21794
0.21794
0.21794
0.21794
0.21794
0.21794
0.21794
0.21794
0.21794
0.21794
0.21794
0.217941
0.217944
0.217944
0.217915
0.21794
0.21794
0.21794
0.21794
0.21794
0.21794
0.21794
0.21794
0.21794
0.21794
0.21794
0.21794
0.21794
0.217941
0.217944
0.217944
0.217915
0.21794
0.21794
0.21794
0.21794
0.21794
0.21794
0.21794
0.21794
0.21794
0.21794
0.21794
0.21794
0.21794
0.217941
0.217944
0.217944
0.217915
0.21794
0.21794
0.21794
0.21794
0.21794
0.21794
0.21794
0.21794
0.21794
0.21794
0.21794
0.21794
0.21794
0.217941
0.217944
0.217944
0.217915
0.21794
0.21794
0.21794
0.21794
0.21794
0.21794
0.21794
0.21794
0.21794
0.21794
0.21794
0.21794
0.21794
0.217941
0.217944
0.217944
0.217915
0.21794
0.21794
0.21794
0.21794
0.21794
0.21794
0.21794
0.21794
0.21794
0.21794
0.21794
0.21794
0.21794
0.217941
0.217944
0.217944
0.217915
0.21794
0.21794
0.21794
0.21794
0.21794
0.21794
0.21794
0.21794
0.21794
0.21794
0.21794
0.21794
0.21794
0.217941
0.217944
0.217944
0.217915
0.21794
0.21794
0.21794
0.21794
0.21794
0.21794
0.21794
0.21794
0.21794
0.21794
0.21794
0.21794
0.21794
0.217941
0.217944
0.217944
0.217915
0.21794
0.21794
0.21794
0.21794
0.21794
0.21794
0.21794
0.21794
0.21794
0.21794
0.21794
0.21794
0.21794
0.217941
0.217944
0.217944
0.217915
0.21794
0.21794
0.21794
0.21794
0.21794
0.21794
0.21794
0.21794
0.21794
0.21794
0.21794
0.21794
0.21794
0.217941
0.217944
0.217944
0.217915
0.21794
0.21794
0.21794
0.21794
0.21794
0.21794
0.21794
0.21794
0.21794
0.21794
0.21794
0.21794
0.21794
0.217941
0.217944
0.217944
0.217915
0.21794
0.21794
0.21794
0.21794
0.21794
0.21794
0.21794
0.21794
0.21794
0.21794
0.21794
0.21794
0.21794
0.217941
0.217944
0.217944
0.217915
0.21794
0.21794
0.21794
0.21794
0.21794
0.21794
0.21794
0.21794
0.21794
0.21794
0.21794
0.21794
0.21794
0.217941
0.217944
0.217944
0.217915
0.21794
0.21794
0.21794
0.21794
0.21794
0.21794
0.21794
0.21794
0.21794
0.21794
0.21794
0.21794
0.21794
0.217941
0.217944
0.217944
0.217915
0.21794
0.21794
0.21794
0.21794
0.21794
0.21794
0.21794
0.21794
0.21794
0.21794
0.21794
0.21794
0.21794
0.217941
0.217944
0.217944
0.217915
0.21794
0.21794
0.21794
0.21794
0.21794
0.21794
0.21794
0.21794
0.21794
0.21794
0.21794
0.21794
0.21794
0.217941
0.217944
0.217944
0.217915
0.21794
0.21794
0.21794
0.21794
0.21794
0.21794
0.21794
0.21794
0.21794
0.21794
0.21794
0.21794
0.21794
0.217941
0.217944
0.217944
0.217853
0.217878
0.217878
0.217878
0.217878
0.217878
0.217878
0.217878
0.217878
0.217878
0.217878
0.217878
0.217879
0.217879
0.217879
0.217882
0.217882
0.217949
0.217946
0.217946
0.217946
0.217949
0.217949
0.217921
0.217945
0.217945
0.217945
0.217945
0.217945
0.217945
0.217945
0.217944
0.21794
0.217936
0.217933
0.217933
0.217934
0.217934
0.217937
0.217937
0.217908
0.217933
0.217933
0.217933
0.217933
0.217933
0.217933
0.217933
0.217933
0.217933
0.217933
0.217933
0.217933
0.217933
0.217934
0.217937
0.217937
0.217908
0.217933
0.217933
0.217933
0.217933
0.217933
0.217933
0.217933
0.217933
0.217933
0.217933
0.217933
0.217933
0.217933
0.217934
0.217937
0.217937
0.217908
0.217933
0.217933
0.217933
0.217933
0.217933
0.217933
0.217933
0.217933
0.217933
0.217933
0.217933
0.217933
0.217933
0.217934
0.217937
0.217937
0.217908
0.217933
0.217933
0.217933
0.217933
0.217933
0.217933
0.217933
0.217933
0.217933
0.217933
0.217933
0.217933
0.217933
0.217934
0.217937
0.217937
0.217908
0.217933
0.217933
0.217933
0.217933
0.217933
0.217933
0.217933
0.217933
0.217933
0.217933
0.217933
0.217933
0.217933
0.217934
0.217937
0.217937
0.217908
0.217933
0.217933
0.217933
0.217933
0.217933
0.217933
0.217933
0.217933
0.217933
0.217933
0.217933
0.217933
0.217933
0.217934
0.217937
0.217937
0.217908
0.217933
0.217933
0.217933
0.217933
0.217933
0.217933
0.217933
0.217933
0.217933
0.217933
0.217933
0.217933
0.217933
0.217934
0.217937
0.217937
0.217908
0.217933
0.217933
0.217933
0.217933
0.217933
0.217933
0.217933
0.217933
0.217933
0.217933
0.217933
0.217933
0.217933
0.217934
0.217937
0.217937
0.217908
0.217933
0.217933
0.217933
0.217933
0.217933
0.217933
0.217933
0.217933
0.217933
0.217933
0.217933
0.217933
0.217933
0.217934
0.217937
0.217937
0.217908
0.217933
0.217933
0.217933
0.217933
0.217933
0.217933
0.217933
0.217933
0.217933
0.217933
0.217933
0.217933
0.217933
0.217934
0.217937
0.217937
0.217908
0.217933
0.217933
0.217933
0.217933
0.217933
0.217933
0.217933
0.217933
0.217933
0.217933
0.217933
0.217933
0.217933
0.217934
0.217937
0.217937
0.217908
0.217933
0.217933
0.217933
0.217933
0.217933
0.217933
0.217933
0.217933
0.217933
0.217933
0.217933
0.217933
0.217933
0.217934
0.217937
0.217937
0.217908
0.217933
0.217933
0.217933
0.217933
0.217933
0.217933
0.217933
0.217933
0.217933
0.217933
0.217933
0.217933
0.217933
0.217934
0.217937
0.217937
0.217908
0.217933
0.217933
0.217933
0.217933
0.217933
0.217933
0.217933
0.217933
0.217933
0.217933
0.217933
0.217933
0.217933
0.217934
0.217937
0.217937
0.217908
0.217933
0.217933
0.217933
0.217933
0.217933
0.217933
0.217933
0.217933
0.217933
0.217933
0.217933
0.217933
0.217933
0.217934
0.217937
0.217937
0.217908
0.217933
0.217933
0.217933
0.217933
0.217933
0.217933
0.217933
0.217933
0.217933
0.217933
0.217933
0.217933
0.217933
0.217934
0.217937
0.217937
0.217908
0.217933
0.217933
0.217933
0.217933
0.217933
0.217933
0.217933
0.217933
0.217933
0.217933
0.217933
0.217933
0.217933
0.217934
0.217937
0.217937
0.217908
0.217933
0.217933
0.217933
0.217933
0.217933
0.217933
0.217933
0.217933
0.217933
0.217933
0.217933
0.217933
0.217933
0.217934
0.217937
0.217937
0.217908
0.217933
0.217933
0.217933
0.217933
0.217933
0.217933
0.217933
0.217933
0.217933
0.217933
0.217933
0.217933
0.217933
0.217934
0.217937
0.217937
0.217908
0.217933
0.217933
0.217933
0.217933
0.217933
0.217933
0.217933
0.217933
0.217933
0.217933
0.217933
0.217933
0.217933
0.217934
0.217937
0.217937
0.217908
0.217933
0.217933
0.217933
0.217933
0.217933
0.217933
0.217933
0.217933
0.217933
0.217933
0.217933
0.217933
0.217933
0.217934
0.217937
0.217937
0.217908
0.217933
0.217933
0.217933
0.217933
0.217933
0.217933
0.217933
0.217933
0.217933
0.217933
0.217933
0.217933
0.217933
0.217934
0.217937
0.217937
0.217847
0.217872
0.217872
0.217872
0.217872
0.217872
0.217872
0.217872
0.217872
0.217872
0.217872
0.217872
0.217872
0.217872
0.217873
0.217876
0.217875
0.217764
0.217764
0.217764
0.217739
0.217761
0.217761
0.217761
0.217761
0.217761
0.217761
0.217761
0.217761
0.217761
0.21776
0.217759
0.217756
0.217753
0.217751
0.217753
0.217753
0.217728
0.21775
0.21775
0.21775
0.21775
0.21775
0.21775
0.21775
0.21775
0.21775
0.21775
0.21775
0.21775
0.21775
0.217751
0.217753
0.217753
0.217728
0.21775
0.21775
0.21775
0.21775
0.21775
0.21775
0.21775
0.21775
0.21775
0.21775
0.21775
0.21775
0.21775
0.217751
0.217753
0.217753
0.217728
0.21775
0.21775
0.21775
0.21775
0.21775
0.21775
0.21775
0.21775
0.21775
0.21775
0.21775
0.21775
0.21775
0.217751
0.217753
0.217753
0.217728
0.21775
0.21775
0.21775
0.21775
0.21775
0.21775
0.21775
0.21775
0.21775
0.21775
0.21775
0.21775
0.21775
0.217751
0.217753
0.217753
0.217728
0.21775
0.21775
0.21775
0.21775
0.21775
0.21775
0.21775
0.21775
0.21775
0.21775
0.21775
0.21775
0.21775
0.217751
0.217753
0.217753
0.217728
0.21775
0.21775
0.21775
0.21775
0.21775
0.21775
0.21775
0.21775
0.21775
0.21775
0.21775
0.21775
0.21775
0.217751
0.217753
0.217753
0.217728
0.21775
0.21775
0.21775
0.21775
0.21775
0.21775
0.21775
0.21775
0.21775
0.21775
0.21775
0.21775
0.21775
0.217751
0.217753
0.217753
0.217728
0.21775
0.21775
0.21775
0.21775
0.21775
0.21775
0.21775
0.21775
0.21775
0.21775
0.21775
0.21775
0.21775
0.217751
0.217753
0.217753
0.217728
0.21775
0.21775
0.21775
0.21775
0.21775
0.21775
0.21775
0.21775
0.21775
0.21775
0.21775
0.21775
0.21775
0.217751
0.217753
0.217753
0.217728
0.21775
0.21775
0.21775
0.21775
0.21775
0.21775
0.21775
0.21775
0.21775
0.21775
0.21775
0.21775
0.21775
0.217751
0.217753
0.217753
0.217728
0.21775
0.21775
0.21775
0.21775
0.21775
0.21775
0.21775
0.21775
0.21775
0.21775
0.21775
0.21775
0.21775
0.217751
0.217753
0.217753
0.217728
0.21775
0.21775
0.21775
0.21775
0.21775
0.21775
0.21775
0.21775
0.21775
0.21775
0.21775
0.21775
0.21775
0.217751
0.217753
0.217753
0.217728
0.21775
0.21775
0.21775
0.21775
0.21775
0.21775
0.21775
0.21775
0.21775
0.21775
0.21775
0.21775
0.21775
0.217751
0.217753
0.217753
0.217728
0.21775
0.21775
0.21775
0.21775
0.21775
0.21775
0.21775
0.21775
0.21775
0.21775
0.21775
0.21775
0.21775
0.217751
0.217753
0.217753
0.217728
0.21775
0.21775
0.21775
0.21775
0.21775
0.21775
0.21775
0.21775
0.21775
0.21775
0.21775
0.21775
0.21775
0.217751
0.217753
0.217753
0.217728
0.21775
0.21775
0.21775
0.21775
0.21775
0.21775
0.21775
0.21775
0.21775
0.21775
0.21775
0.21775
0.21775
0.217751
0.217753
0.217753
0.217728
0.21775
0.21775
0.21775
0.21775
0.21775
0.21775
0.21775
0.21775
0.21775
0.21775
0.21775
0.21775
0.21775
0.217751
0.217753
0.217753
0.217728
0.21775
0.21775
0.21775
0.21775
0.21775
0.21775
0.21775
0.21775
0.21775
0.21775
0.21775
0.21775
0.21775
0.217751
0.217753
0.217753
0.217728
0.21775
0.21775
0.21775
0.21775
0.21775
0.21775
0.21775
0.21775
0.21775
0.21775
0.21775
0.21775
0.21775
0.217751
0.217753
0.217753
0.217728
0.21775
0.21775
0.21775
0.21775
0.21775
0.21775
0.21775
0.21775
0.21775
0.21775
0.21775
0.21775
0.21775
0.217751
0.217753
0.217753
0.217728
0.21775
0.21775
0.21775
0.21775
0.21775
0.21775
0.21775
0.21775
0.21775
0.21775
0.21775
0.21775
0.21775
0.217751
0.217753
0.217753
0.217728
0.21775
0.21775
0.21775
0.21775
0.21775
0.21775
0.21775
0.21775
0.21775
0.21775
0.21775
0.21775
0.21775
0.217751
0.217753
0.217753
0.217674
0.217696
0.217696
0.217696
0.217696
0.217696
0.217696
0.217696
0.217696
0.217696
0.217696
0.217696
0.217696
0.217696
0.217697
0.217699
0.217699
)
;

boundaryField
{
    frontAndBack
    {
        type            slip;
    }
    inlet
    {
        type            fixedValue;
        value           nonuniform List<scalar> 0();
    }
    outlet
    {
        type            inletOutlet;
        inletValue      uniform 0.24;
        value           nonuniform List<scalar> 
120
(
0.227835
0.227826
0.227826
0.227826
0.227826
0.227826
0.227826
0.227826
0.227826
0.227826
0.227826
0.227826
0.227826
0.227826
0.227826
0.227826
0.227826
0.227826
0.227826
0.227826
0.227826
0.227826
0.227825
0.227778
0.217975
0.217963
0.217963
0.217963
0.217963
0.217963
0.217963
0.217963
0.217963
0.217963
0.217963
0.217963
0.217963
0.217963
0.217963
0.217963
0.217963
0.217963
0.217963
0.217963
0.217963
0.217963
0.217963
0.217902
0.217927
0.217915
0.217915
0.217915
0.217915
0.217915
0.217915
0.217915
0.217915
0.217915
0.217915
0.217915
0.217915
0.217915
0.217915
0.217915
0.217915
0.217915
0.217915
0.217915
0.217915
0.217915
0.217915
0.217853
0.217921
0.217908
0.217908
0.217908
0.217908
0.217908
0.217908
0.217908
0.217908
0.217908
0.217908
0.217908
0.217908
0.217908
0.217908
0.217908
0.217908
0.217908
0.217908
0.217908
0.217908
0.217908
0.217908
0.217847
0.217739
0.217728
0.217728
0.217728
0.217728
0.217728
0.217728
0.217728
0.217728
0.217728
0.217728
0.217728
0.217728
0.217728
0.217728
0.217728
0.217728
0.217728
0.217728
0.217728
0.217728
0.217728
0.217728
0.217674
)
;
    }
    lowerWall
    {
        type            kqRWallFunction;
        value           nonuniform List<scalar> 
422
(
0.227835
0.227826
0.227826
0.227826
0.227826
0.227826
0.227826
0.227826
0.227826
0.227826
0.227826
0.227826
0.227826
0.227826
0.227826
0.227826
0.227826
0.227826
0.227826
0.227826
0.227826
0.227826
0.227825
0.227778
0.227852
0.227846
0.227846
0.227846
0.227846
0.227846
0.227846
0.227846
0.227846
0.227846
0.227846
0.227846
0.227846
0.227846
0.227846
0.227846
0.227846
0.227846
0.227846
0.227846
0.227846
0.227846
0.227846
0.227798
0.227849
0.227846
0.227846
0.227846
0.227846
0.227846
0.227846
0.227846
0.227846
0.227846
0.227846
0.227846
0.227846
0.227846
0.227846
0.227846
0.227846
0.227846
0.227846
0.227846
0.227846
0.227846
0.227846
0.227798
0.227859
0.227846
0.227846
0.227846
0.227846
0.227846
0.227846
0.227846
0.227846
0.227846
0.227846
0.227846
0.227846
0.227846
0.227846
0.227846
0.227846
0.227846
0.227846
0.227846
0.227846
0.227846
0.227846
0.227846
0.227798
0.227856
0.227846
0.227846
0.227846
0.227846
0.227846
0.227846
0.227846
0.227846
0.227846
0.227846
0.227846
0.227846
0.227846
0.227846
0.227846
0.227846
0.227846
0.227846
0.227846
0.227846
0.227846
0.227846
0.227846
0.227798
0.227856
0.227846
0.227846
0.227846
0.227846
0.227846
0.227846
0.227846
0.227846
0.227846
0.227846
0.227846
0.227846
0.227846
0.227846
0.227846
0.227846
0.227846
0.227846
0.227846
0.227846
0.227846
0.227846
0.227846
0.227798
0.227856
0.227846
0.227846
0.227846
0.227846
0.227846
0.227846
0.227846
0.227846
0.227846
0.227846
0.227846
0.227846
0.227846
0.227846
0.227846
0.227846
0.227846
0.227846
0.227846
0.227846
0.227846
0.227846
0.227846
0.227798
0.227856
0.227846
0.227846
0.227846
0.227846
0.227846
0.227846
0.227846
0.227846
0.227846
0.227846
0.227846
0.227846
0.227846
0.227846
0.227846
0.227846
0.227846
0.227846
0.227846
0.227846
0.227846
0.227846
0.227846
0.227798
0.227856
0.227846
0.227846
0.227846
0.227846
0.227846
0.227846
0.227846
0.227846
0.227846
0.227846
0.227846
0.227846
0.227846
0.227846
0.227846
0.227846
0.227846
0.227846
0.227846
0.227846
0.227846
0.227846
0.227846
0.227798
0.227856
0.227846
0.227846
0.227846
0.227846
0.227846
0.227846
0.227846
0.227846
0.227846
0.227846
0.227846
0.227846
0.227846
0.227846
0.227846
0.227846
0.227846
0.227846
0.227846
0.227846
0.227846
0.227846
0.227846
0.227798
0.227856
0.227846
0.227846
0.227846
0.227846
0.227846
0.227846
0.227846
0.227846
0.227846
0.227846
0.227846
0.227846
0.227846
0.227846
0.227846
0.227846
0.227846
0.227846
0.227846
0.227846
0.227846
0.227846
0.227846
0.227798
0.227856
0.227846
0.227846
0.227846
0.227846
0.227846
0.227846
0.227846
0.227846
0.227846
0.227846
0.227846
0.227846
0.227846
0.227846
0.227846
0.227846
0.227846
0.227846
0.227846
0.227846
0.227846
0.227846
0.227846
0.227798
0.227856
0.227846
0.227846
0.227846
0.227846
0.227846
0.227846
0.227846
0.227846
0.227846
0.227846
0.227846
0.227846
0.227846
0.227846
0.227846
0.227846
0.227846
0.227846
0.227846
0.227846
0.227846
0.227846
0.227846
0.227798
0.227856
0.227846
0.227846
0.227846
0.227846
0.227846
0.227846
0.227846
0.227846
0.227846
0.227846
0.227846
0.227846
0.227846
0.227846
0.227846
0.227846
0.227846
0.227846
0.227846
0.227846
0.227846
0.227846
0.227846
0.227799
0.227856
0.227847
0.227847
0.227847
0.227847
0.227847
0.227847
0.227847
0.227847
0.227847
0.227847
0.227847
0.227847
0.227847
0.227847
0.227847
0.227847
0.227847
0.227847
0.227847
0.227847
0.227847
0.227847
0.227846
0.227799
0.227859
0.227849
0.227849
0.227849
0.227849
0.227849
0.227849
0.227849
0.227849
0.227849
0.227849
0.227849
0.227849
0.227849
0.227849
0.227849
0.227849
0.227849
0.227849
0.227849
0.227849
0.227849
0.227849
0.227849
0.227802
0.227859
0.227849
0.227849
0.227849
0.227849
0.227849
0.227849
0.227849
0.227849
0.227849
0.227849
0.227849
0.227849
0.227849
0.227849
0.227849
0.227849
0.227849
0.227849
0.227849
0.227849
0.227849
0.227849
0.227849
0.227801
)
;
    }
    upperWall
    {
        type            slip;
    }
    procBoundary3to0
    {
        type            processor;
        value           nonuniform List<scalar> 
101
(
0.227846
0.227846
0.227846
0.227846
0.227846
0.227846
0.227846
0.227846
0.227846
0.227846
0.227846
0.227847
0.227849
0.227849
0.227827
0.227853
0.227856
0.227856
0.217995
0.218
0.218002
0.217988
0.217988
0.217988
0.217988
0.217988
0.217988
0.217988
0.217988
0.217989
0.217992
0.217991
0.217963
0.21799
0.217992
0.217995
0.218
0.218002
0.218002
0.217954
0.217955
0.21794
0.21794
0.21794
0.21794
0.21794
0.21794
0.217941
0.217944
0.217944
0.217915
0.21794
0.21794
0.217941
0.217944
0.217947
0.217954
0.217955
0.217955
0.217942
0.217947
0.217948
0.217933
0.217933
0.217934
0.217934
0.217937
0.217937
0.217908
0.217933
0.217933
0.217933
0.217934
0.217934
0.217937
0.21794
0.217942
0.217947
0.217948
0.217948
0.217759
0.217762
0.217764
0.217751
0.217753
0.217753
0.217728
0.21775
0.21775
0.21775
0.21775
0.21775
0.21775
0.21775
0.217751
0.217753
0.217756
0.217759
0.217762
0.217764
0.217764
)
;
    }
    procBoundary3to4
    {
        type            processor;
        value           nonuniform List<scalar> 
125
(
0.227859
0.227849
0.227849
0.227849
0.227849
0.227849
0.227849
0.227849
0.227849
0.227849
0.227849
0.227849
0.227849
0.227849
0.227849
0.227849
0.227849
0.227849
0.227849
0.227849
0.227849
0.227849
0.227849
0.227849
0.227801
0.218003
0.217991
0.217991
0.217991
0.217991
0.217991
0.217991
0.217991
0.217991
0.217991
0.217991
0.217991
0.217991
0.217991
0.217991
0.217991
0.217991
0.217991
0.217991
0.217991
0.217991
0.217991
0.217991
0.217991
0.21793
0.217956
0.217943
0.217943
0.217943
0.217943
0.217943
0.217943
0.217943
0.217943
0.217943
0.217943
0.217943
0.217943
0.217943
0.217943
0.217943
0.217943
0.217943
0.217943
0.217943
0.217943
0.217943
0.217943
0.217943
0.217882
0.217949
0.217936
0.217936
0.217936
0.217936
0.217936
0.217936
0.217936
0.217936
0.217936
0.217936
0.217936
0.217936
0.217936
0.217936
0.217936
0.217936
0.217936
0.217936
0.217936
0.217936
0.217936
0.217936
0.217936
0.217875
0.217764
0.217753
0.217753
0.217753
0.217753
0.217753
0.217753
0.217753
0.217753
0.217753
0.217753
0.217753
0.217753
0.217753
0.217753
0.217753
0.217753
0.217753
0.217753
0.217753
0.217753
0.217753
0.217753
0.217753
0.217699
)
;
    }
}


// ************************************************************************* //
