/*--------------------------------*- C++ -*----------------------------------*\
  =========                 |
  \\      /  F ield         | OpenFOAM: The Open Source CFD Toolbox
   \\    /   O peration     | Website:  https://openfoam.org
    \\  /    A nd           | Version:  10
     \\/     M anipulation  |
\*---------------------------------------------------------------------------*/
FoamFile
{
    format      ascii;
    class       volScalarField;
    location    "20";
    object      nut;
}
// * * * * * * * * * * * * * * * * * * * * * * * * * * * * * * * * * * * * * //

dimensions      [0 2 -1 0 0 0 0];

internalField   nonuniform List<scalar> 
2083
(
0.26457
0.264568
0.264568
0.264568
0.264568
0.264568
0.264568
0.264568
0.264568
0.264568
0.264568
0.264568
0.264571
0.264571
0.264548
0.264564
0.264561
0.264558
0.264558
0.264558
0.264558
0.264558
0.264558
0.264558
0.264558
0.264558
0.264558
0.264559
0.264559
0.264561
0.264561
0.264539
0.264558
0.264558
0.264558
0.264558
0.264558
0.264558
0.264558
0.264558
0.264558
0.264558
0.264558
0.264558
0.264559
0.264559
0.264561
0.264561
0.264539
0.264558
0.264558
0.264558
0.264558
0.264558
0.264558
0.264558
0.264558
0.264558
0.264558
0.264558
0.264558
0.264559
0.264559
0.264561
0.264561
0.264539
0.264558
0.264558
0.264558
0.264558
0.264558
0.264558
0.264558
0.264558
0.264558
0.264558
0.264558
0.264558
0.264559
0.264559
0.264561
0.264561
0.264539
0.264558
0.264558
0.264558
0.264558
0.264558
0.264558
0.264558
0.264558
0.264558
0.264558
0.264558
0.264558
0.264559
0.264559
0.264561
0.264561
0.264539
0.264558
0.264558
0.264558
0.264558
0.264558
0.264558
0.264558
0.264558
0.264558
0.264558
0.264558
0.264558
0.264559
0.264559
0.264561
0.264561
0.264539
0.264558
0.264558
0.264558
0.264558
0.264558
0.264558
0.264558
0.264558
0.264558
0.264558
0.264558
0.264558
0.264559
0.264559
0.264561
0.264561
0.264539
0.264558
0.264558
0.264558
0.264558
0.264558
0.264558
0.264558
0.264558
0.264558
0.264558
0.264558
0.264558
0.264559
0.264559
0.264561
0.264561
0.264539
0.264558
0.264558
0.264558
0.264558
0.264558
0.264558
0.264558
0.264558
0.264558
0.264558
0.264558
0.264558
0.264559
0.264559
0.264561
0.264561
0.264539
0.264558
0.264558
0.264558
0.264558
0.264558
0.264558
0.264558
0.264558
0.264558
0.264558
0.264558
0.264558
0.264559
0.264559
0.264561
0.264561
0.264539
0.264558
0.264558
0.264558
0.264558
0.264558
0.264558
0.264558
0.264558
0.264558
0.264558
0.264558
0.264558
0.264559
0.264559
0.264561
0.264561
0.264539
0.264558
0.264558
0.264558
0.264558
0.264558
0.264558
0.264558
0.264558
0.264558
0.264558
0.264558
0.264558
0.264559
0.264559
0.264561
0.264561
0.264539
0.264558
0.264558
0.264558
0.264558
0.264558
0.264558
0.264558
0.264558
0.264558
0.264558
0.264558
0.264558
0.264559
0.264559
0.264561
0.264561
0.264539
0.264558
0.264558
0.264558
0.264558
0.264558
0.264558
0.264558
0.264558
0.264558
0.264558
0.264558
0.264558
0.264559
0.264559
0.264561
0.264561
0.264539
0.264558
0.264558
0.264558
0.264558
0.264558
0.264558
0.264558
0.264558
0.264558
0.264558
0.264558
0.264558
0.264559
0.264559
0.264561
0.264561
0.264539
0.264558
0.264558
0.264558
0.264558
0.264558
0.264558
0.264558
0.264558
0.264558
0.264558
0.264558
0.264558
0.264559
0.264559
0.264561
0.264561
0.264539
0.264558
0.264558
0.264558
0.264558
0.264558
0.264558
0.264558
0.264558
0.264558
0.264558
0.264558
0.264558
0.264559
0.264559
0.264561
0.264561
0.264539
0.264558
0.264558
0.264558
0.264558
0.264558
0.264558
0.264558
0.264558
0.264558
0.264558
0.264558
0.264558
0.264559
0.264559
0.264561
0.264561
0.264539
0.264558
0.264558
0.264558
0.264558
0.264558
0.264558
0.264558
0.264558
0.264558
0.264558
0.264558
0.264558
0.264559
0.264559
0.264561
0.264561
0.264539
0.264558
0.264558
0.264558
0.264558
0.264558
0.264558
0.264558
0.264558
0.264558
0.264558
0.264558
0.264558
0.264559
0.264559
0.264561
0.264561
0.264539
0.264558
0.264558
0.264558
0.264558
0.264558
0.264558
0.264558
0.264558
0.264558
0.264558
0.264558
0.264558
0.264559
0.264559
0.264561
0.264561
0.264539
0.264558
0.264558
0.264558
0.264558
0.264558
0.264558
0.264558
0.264558
0.264558
0.264558
0.264558
0.264558
0.264559
0.264559
0.264561
0.264561
0.264539
0.264558
0.264558
0.264558
0.264558
0.264558
0.264558
0.264558
0.264558
0.264558
0.264558
0.264558
0.264558
0.264558
0.264559
0.264561
0.264561
0.264493
0.264512
0.264512
0.264512
0.264512
0.264512
0.264512
0.264512
0.264512
0.264512
0.264512
0.264512
0.264513
0.264513
0.264513
0.264515
0.264515
0.134594
0.134594
0.134594
0.134594
0.134594
0.134594
0.134594
0.134594
0.134594
0.134594
0.134594
0.134591
0.134594
0.134594
0.134594
0.134593
0.134593
0.134593
0.134593
0.134593
0.134593
0.134593
0.134593
0.134593
0.134593
0.134593
0.134593
0.134593
0.13459
0.134593
0.134593
0.134593
0.134593
0.134593
0.134593
0.134593
0.134593
0.134593
0.134593
0.134593
0.134593
0.134593
0.134593
0.134593
0.134593
0.13459
0.134593
0.134593
0.134593
0.134593
0.134593
0.134593
0.134593
0.134593
0.134593
0.134593
0.134593
0.134593
0.134593
0.134593
0.134593
0.134593
0.13459
0.134593
0.134593
0.134593
0.134593
0.134593
0.134593
0.134593
0.134593
0.134593
0.134593
0.134593
0.134593
0.134593
0.134593
0.134593
0.134593
0.13459
0.134593
0.134593
0.134593
0.134593
0.134593
0.134593
0.134593
0.134593
0.134593
0.134593
0.134593
0.134593
0.134593
0.134593
0.134593
0.134593
0.13459
0.134593
0.134593
0.134593
0.134593
0.134593
0.134593
0.134593
0.134593
0.134593
0.134593
0.134593
0.134593
0.134593
0.134593
0.134593
0.134593
0.13459
0.134593
0.134593
0.134593
0.134593
0.134593
0.134593
0.134593
0.134593
0.134593
0.134593
0.134593
0.134593
0.134593
0.134593
0.134593
0.134593
0.13459
0.134593
0.134593
0.134593
0.134593
0.134593
0.134593
0.134593
0.134593
0.134593
0.134593
0.134593
0.134593
0.134593
0.134593
0.134593
0.134593
0.13459
0.134593
0.134593
0.134593
0.134593
0.134593
0.134593
0.134593
0.134593
0.134593
0.134593
0.134593
0.134593
0.134593
0.134593
0.134593
0.134593
0.13459
0.134593
0.134593
0.134593
0.134593
0.134593
0.134593
0.134593
0.134593
0.134593
0.134593
0.134593
0.134593
0.134593
0.134593
0.134593
0.134593
0.13459
0.134593
0.134593
0.134593
0.134593
0.134593
0.134593
0.134593
0.134593
0.134593
0.134593
0.134593
0.134593
0.134593
0.134593
0.134593
0.134593
0.13459
0.134593
0.134593
0.134593
0.134593
0.134593
0.134593
0.134593
0.134593
0.134593
0.134593
0.134593
0.134593
0.134593
0.134593
0.134593
0.134593
0.13459
0.134593
0.134593
0.134593
0.134593
0.134593
0.134593
0.134593
0.134593
0.134593
0.134593
0.134593
0.134593
0.134593
0.134593
0.134593
0.134593
0.13459
0.134593
0.134593
0.134593
0.134593
0.134593
0.134593
0.134593
0.134593
0.134593
0.134593
0.134593
0.134593
0.134593
0.134593
0.134593
0.134593
0.13459
0.134593
0.134593
0.134593
0.134593
0.134593
0.134593
0.134593
0.134593
0.134593
0.134593
0.134593
0.134593
0.134593
0.134593
0.134593
0.134593
0.13459
0.134593
0.134593
0.134593
0.134593
0.134593
0.134593
0.134593
0.134593
0.134593
0.134593
0.134593
0.134593
0.134593
0.134593
0.134593
0.134593
0.13459
0.134593
0.134593
0.134593
0.134593
0.134593
0.134593
0.134593
0.134593
0.134593
0.134593
0.134593
0.134593
0.134593
0.134593
0.134593
0.134593
0.13459
0.134593
0.134593
0.134593
0.134593
0.134593
0.134593
0.134593
0.134593
0.134593
0.134593
0.134593
0.134593
0.134593
0.134593
0.134593
0.134593
0.13459
0.134593
0.134593
0.134593
0.134593
0.134593
0.134593
0.134593
0.134593
0.134593
0.134593
0.134593
0.134593
0.134593
0.134593
0.134593
0.134593
0.13459
0.134593
0.134593
0.134593
0.134593
0.134593
0.134593
0.134593
0.134593
0.134593
0.134593
0.134593
0.134593
0.134593
0.134593
0.134593
0.134593
0.13459
0.134593
0.134593
0.134593
0.134593
0.134593
0.134593
0.134593
0.134593
0.134593
0.134593
0.134593
0.134593
0.134593
0.134593
0.134593
0.134593
0.13459
0.134593
0.134593
0.134593
0.134593
0.134593
0.134593
0.134593
0.134593
0.134593
0.134593
0.134593
0.134593
0.134593
0.134593
0.134593
0.134593
0.13459
0.134593
0.134593
0.134593
0.134593
0.134593
0.134593
0.134593
0.134593
0.134593
0.134593
0.134593
0.134593
0.134593
0.134593
0.134593
0.134593
0.134585
0.134588
0.134588
0.134588
0.134588
0.134588
0.134588
0.134588
0.134588
0.134588
0.134588
0.134588
0.134588
0.134588
0.134588
0.134588
0.134588
0.134417
0.134417
0.134417
0.134417
0.134417
0.134417
0.134417
0.134417
0.134417
0.134414
0.134417
0.134417
0.134417
0.134417
0.134416
0.134416
0.134416
0.134416
0.134415
0.134415
0.134415
0.134415
0.134416
0.134416
0.134416
0.134416
0.134413
0.134415
0.134415
0.134415
0.134415
0.134415
0.134415
0.134415
0.134415
0.134415
0.134415
0.134415
0.134415
0.134415
0.134416
0.134416
0.134416
0.134413
0.134415
0.134415
0.134415
0.134415
0.134415
0.134415
0.134415
0.134415
0.134415
0.134415
0.134415
0.134415
0.134415
0.134416
0.134416
0.134416
0.134413
0.134415
0.134415
0.134415
0.134415
0.134415
0.134415
0.134415
0.134415
0.134415
0.134415
0.134415
0.134415
0.134415
0.134416
0.134416
0.134416
0.134413
0.134415
0.134415
0.134415
0.134415
0.134415
0.134415
0.134415
0.134415
0.134415
0.134415
0.134415
0.134415
0.134415
0.134416
0.134416
0.134416
0.134413
0.134415
0.134415
0.134415
0.134415
0.134415
0.134415
0.134415
0.134415
0.134415
0.134415
0.134415
0.134415
0.134415
0.134416
0.134416
0.134416
0.134413
0.134415
0.134415
0.134415
0.134415
0.134415
0.134415
0.134415
0.134415
0.134415
0.134415
0.134415
0.134415
0.134415
0.134416
0.134416
0.134416
0.134413
0.134415
0.134415
0.134415
0.134415
0.134415
0.134415
0.134415
0.134415
0.134415
0.134415
0.134415
0.134415
0.134415
0.134416
0.134416
0.134416
0.134413
0.134415
0.134415
0.134415
0.134415
0.134415
0.134415
0.134415
0.134415
0.134415
0.134415
0.134415
0.134415
0.134415
0.134416
0.134416
0.134416
0.134413
0.134415
0.134415
0.134415
0.134415
0.134415
0.134415
0.134415
0.134415
0.134415
0.134415
0.134415
0.134415
0.134415
0.134416
0.134416
0.134416
0.134413
0.134415
0.134415
0.134415
0.134415
0.134415
0.134415
0.134415
0.134415
0.134415
0.134415
0.134415
0.134415
0.134415
0.134416
0.134416
0.134416
0.134413
0.134415
0.134415
0.134415
0.134415
0.134415
0.134415
0.134415
0.134415
0.134415
0.134415
0.134415
0.134415
0.134415
0.134416
0.134416
0.134416
0.134413
0.134415
0.134415
0.134415
0.134415
0.134415
0.134415
0.134415
0.134415
0.134415
0.134415
0.134415
0.134415
0.134415
0.134416
0.134416
0.134416
0.134413
0.134415
0.134415
0.134415
0.134415
0.134415
0.134415
0.134415
0.134415
0.134415
0.134415
0.134415
0.134415
0.134415
0.134416
0.134416
0.134416
0.134413
0.134415
0.134415
0.134415
0.134415
0.134415
0.134415
0.134415
0.134415
0.134415
0.134415
0.134415
0.134415
0.134415
0.134416
0.134416
0.134416
0.134413
0.134415
0.134415
0.134415
0.134415
0.134415
0.134415
0.134415
0.134415
0.134415
0.134415
0.134415
0.134415
0.134415
0.134416
0.134416
0.134416
0.134413
0.134415
0.134415
0.134415
0.134415
0.134415
0.134415
0.134415
0.134415
0.134415
0.134415
0.134415
0.134415
0.134415
0.134416
0.134416
0.134416
0.134413
0.134415
0.134415
0.134415
0.134415
0.134415
0.134415
0.134415
0.134415
0.134415
0.134415
0.134415
0.134415
0.134415
0.134416
0.134416
0.134416
0.134413
0.134415
0.134415
0.134415
0.134415
0.134415
0.134415
0.134415
0.134415
0.134415
0.134415
0.134415
0.134415
0.134415
0.134416
0.134416
0.134416
0.134413
0.134415
0.134415
0.134415
0.134415
0.134415
0.134415
0.134415
0.134415
0.134415
0.134415
0.134415
0.134415
0.134415
0.134416
0.134416
0.134416
0.134413
0.134415
0.134415
0.134415
0.134415
0.134415
0.134415
0.134415
0.134415
0.134415
0.134415
0.134415
0.134415
0.134415
0.134416
0.134416
0.134416
0.134413
0.134415
0.134415
0.134415
0.134415
0.134415
0.134415
0.134415
0.134415
0.134415
0.134415
0.134415
0.134415
0.134415
0.134416
0.134416
0.134416
0.134413
0.134415
0.134415
0.134415
0.134415
0.134415
0.134415
0.134415
0.134415
0.134415
0.134415
0.134415
0.134415
0.134415
0.134416
0.134416
0.134416
0.134408
0.13441
0.13441
0.13441
0.13441
0.13441
0.13441
0.13441
0.13441
0.13441
0.13441
0.13441
0.13441
0.13441
0.13441
0.134411
0.134411
0.134389
0.134389
0.134389
0.134389
0.134389
0.134389
0.134386
0.134389
0.134389
0.134389
0.134389
0.134389
0.134389
0.134389
0.134389
0.134389
0.134388
0.134388
0.134388
0.134388
0.134388
0.134388
0.134388
0.134385
0.134388
0.134388
0.134388
0.134388
0.134388
0.134388
0.134388
0.134388
0.134388
0.134388
0.134388
0.134388
0.134388
0.134388
0.134388
0.134388
0.134385
0.134388
0.134388
0.134388
0.134388
0.134388
0.134388
0.134388
0.134388
0.134388
0.134388
0.134388
0.134388
0.134388
0.134388
0.134388
0.134388
0.134385
0.134388
0.134388
0.134388
0.134388
0.134388
0.134388
0.134388
0.134388
0.134388
0.134388
0.134388
0.134388
0.134388
0.134388
0.134388
0.134388
0.134385
0.134388
0.134388
0.134388
0.134388
0.134388
0.134388
0.134388
0.134388
0.134388
0.134388
0.134388
0.134388
0.134388
0.134388
0.134388
0.134388
0.134385
0.134388
0.134388
0.134388
0.134388
0.134388
0.134388
0.134388
0.134388
0.134388
0.134388
0.134388
0.134388
0.134388
0.134388
0.134388
0.134388
0.134385
0.134388
0.134388
0.134388
0.134388
0.134388
0.134388
0.134388
0.134388
0.134388
0.134388
0.134388
0.134388
0.134388
0.134388
0.134388
0.134388
0.134385
0.134388
0.134388
0.134388
0.134388
0.134388
0.134388
0.134388
0.134388
0.134388
0.134388
0.134388
0.134388
0.134388
0.134388
0.134388
0.134388
0.134385
0.134388
0.134388
0.134388
0.134388
0.134388
0.134388
0.134388
0.134388
0.134388
0.134388
0.134388
0.134388
0.134388
0.134388
0.134388
0.134388
0.134385
0.134388
0.134388
0.134388
0.134388
0.134388
0.134388
0.134388
0.134388
0.134388
0.134388
0.134388
0.134388
0.134388
0.134388
0.134388
0.134388
0.134385
0.134388
0.134388
0.134388
0.134388
0.134388
0.134388
0.134388
0.134388
0.134388
0.134388
0.134388
0.134388
0.134388
0.134388
0.134388
0.134388
0.134385
0.134388
0.134388
0.134388
0.134388
0.134388
0.134388
0.134388
0.134388
0.134388
0.134388
0.134388
0.134388
0.134388
0.134388
0.134388
0.134388
0.134385
0.134388
0.134388
0.134388
0.134388
0.134388
0.134388
0.134388
0.134388
0.134388
0.134388
0.134388
0.134388
0.134388
0.134388
0.134388
0.134388
0.134385
0.134388
0.134388
0.134388
0.134388
0.134388
0.134388
0.134388
0.134388
0.134388
0.134388
0.134388
0.134388
0.134388
0.134388
0.134388
0.134388
0.134385
0.134388
0.134388
0.134388
0.134388
0.134388
0.134388
0.134388
0.134388
0.134388
0.134388
0.134388
0.134388
0.134388
0.134388
0.134388
0.134388
0.134385
0.134388
0.134388
0.134388
0.134388
0.134388
0.134388
0.134388
0.134388
0.134388
0.134388
0.134388
0.134388
0.134388
0.134388
0.134388
0.134388
0.134385
0.134388
0.134388
0.134388
0.134388
0.134388
0.134388
0.134388
0.134388
0.134388
0.134388
0.134388
0.134388
0.134388
0.134388
0.134388
0.134388
0.134385
0.134388
0.134388
0.134388
0.134388
0.134388
0.134388
0.134388
0.134388
0.134388
0.134388
0.134388
0.134388
0.134388
0.134388
0.134388
0.134388
0.134385
0.134388
0.134388
0.134388
0.134388
0.134388
0.134388
0.134388
0.134388
0.134388
0.134388
0.134388
0.134388
0.134388
0.134388
0.134388
0.134388
0.134385
0.134388
0.134388
0.134388
0.134388
0.134388
0.134388
0.134388
0.134388
0.134388
0.134388
0.134388
0.134388
0.134388
0.134388
0.134388
0.134388
0.134385
0.134388
0.134388
0.134388
0.134388
0.134388
0.134388
0.134388
0.134388
0.134388
0.134388
0.134388
0.134388
0.134388
0.134388
0.134388
0.134388
0.134385
0.134388
0.134388
0.134388
0.134388
0.134388
0.134388
0.134388
0.134388
0.134388
0.134388
0.134388
0.134388
0.134388
0.134388
0.134388
0.134388
0.134385
0.134388
0.134388
0.134388
0.134388
0.134388
0.134388
0.134388
0.134388
0.134388
0.134388
0.134388
0.134388
0.134388
0.134388
0.134388
0.134388
0.13438
0.134382
0.134382
0.134382
0.134382
0.134382
0.134382
0.134382
0.134382
0.134382
0.134382
0.134382
0.134382
0.134382
0.134382
0.134383
0.134383
0.133307
0.133307
0.133307
0.133299
0.133306
0.133306
0.133306
0.133306
0.133306
0.133306
0.133306
0.133306
0.133306
0.133305
0.133305
0.133304
0.133303
0.133303
0.133304
0.133303
0.133296
0.133303
0.133303
0.133303
0.133303
0.133303
0.133303
0.133303
0.133303
0.133303
0.133303
0.133303
0.133303
0.133303
0.133303
0.133304
0.133303
0.133296
0.133303
0.133303
0.133303
0.133303
0.133303
0.133303
0.133303
0.133303
0.133303
0.133303
0.133303
0.133303
0.133303
0.133303
0.133304
0.133303
0.133296
0.133303
0.133303
0.133303
0.133303
0.133303
0.133303
0.133303
0.133303
0.133303
0.133303
0.133303
0.133303
0.133303
0.133303
0.133304
0.133303
0.133296
0.133303
0.133303
0.133303
0.133303
0.133303
0.133303
0.133303
0.133303
0.133303
0.133303
0.133303
0.133303
0.133303
0.133303
0.133304
0.133303
0.133296
0.133303
0.133303
0.133303
0.133303
0.133303
0.133303
0.133303
0.133303
0.133303
0.133303
0.133303
0.133303
0.133303
0.133303
0.133304
0.133303
0.133296
0.133303
0.133303
0.133303
0.133303
0.133303
0.133303
0.133303
0.133303
0.133303
0.133303
0.133303
0.133303
0.133303
0.133303
0.133304
0.133303
0.133296
0.133303
0.133303
0.133303
0.133303
0.133303
0.133303
0.133303
0.133303
0.133303
0.133303
0.133303
0.133303
0.133303
0.133303
0.133304
0.133303
0.133296
0.133303
0.133303
0.133303
0.133303
0.133303
0.133303
0.133303
0.133303
0.133303
0.133303
0.133303
0.133303
0.133303
0.133303
0.133304
0.133303
0.133296
0.133303
0.133303
0.133303
0.133303
0.133303
0.133303
0.133303
0.133303
0.133303
0.133303
0.133303
0.133303
0.133303
0.133303
0.133304
0.133303
0.133296
0.133303
0.133303
0.133303
0.133303
0.133303
0.133303
0.133303
0.133303
0.133303
0.133303
0.133303
0.133303
0.133303
0.133303
0.133304
0.133303
0.133296
0.133303
0.133303
0.133303
0.133303
0.133303
0.133303
0.133303
0.133303
0.133303
0.133303
0.133303
0.133303
0.133303
0.133303
0.133304
0.133303
0.133296
0.133303
0.133303
0.133303
0.133303
0.133303
0.133303
0.133303
0.133303
0.133303
0.133303
0.133303
0.133303
0.133303
0.133303
0.133304
0.133303
0.133296
0.133303
0.133303
0.133303
0.133303
0.133303
0.133303
0.133303
0.133303
0.133303
0.133303
0.133303
0.133303
0.133303
0.133303
0.133304
0.133303
0.133296
0.133303
0.133303
0.133303
0.133303
0.133303
0.133303
0.133303
0.133303
0.133303
0.133303
0.133303
0.133303
0.133303
0.133303
0.133304
0.133303
0.133296
0.133303
0.133303
0.133303
0.133303
0.133303
0.133303
0.133303
0.133303
0.133303
0.133303
0.133303
0.133303
0.133303
0.133303
0.133304
0.133303
0.133296
0.133303
0.133303
0.133303
0.133303
0.133303
0.133303
0.133303
0.133303
0.133303
0.133303
0.133303
0.133303
0.133303
0.133303
0.133304
0.133303
0.133296
0.133303
0.133303
0.133303
0.133303
0.133303
0.133303
0.133303
0.133303
0.133303
0.133303
0.133303
0.133303
0.133303
0.133303
0.133304
0.133303
0.133296
0.133303
0.133303
0.133303
0.133303
0.133303
0.133303
0.133303
0.133303
0.133303
0.133303
0.133303
0.133303
0.133303
0.133303
0.133304
0.133303
0.133296
0.133303
0.133303
0.133303
0.133303
0.133303
0.133303
0.133303
0.133303
0.133303
0.133303
0.133303
0.133303
0.133303
0.133303
0.133304
0.133303
0.133296
0.133303
0.133303
0.133303
0.133303
0.133303
0.133303
0.133303
0.133303
0.133303
0.133303
0.133303
0.133303
0.133303
0.133303
0.133304
0.133303
0.133296
0.133303
0.133303
0.133303
0.133303
0.133303
0.133303
0.133303
0.133303
0.133303
0.133303
0.133303
0.133303
0.133303
0.133303
0.133304
0.133303
0.133296
0.133302
0.133302
0.133302
0.133302
0.133302
0.133302
0.133302
0.133302
0.133302
0.133302
0.133302
0.133303
0.133303
0.133303
0.133303
0.133303
0.133281
0.133287
0.133287
0.133287
0.133287
0.133287
0.133287
0.133287
0.133287
0.133287
0.133287
0.133287
0.133287
0.133287
0.133288
0.133288
0.133288
)
;

boundaryField
{
    frontAndBack
    {
        type            calculated;
        value           nonuniform List<scalar> 
85
(
0.264493
0.134585
0.134408
0.13438
0.133281
0.264512
0.134588
0.13441
0.134382
0.133287
0.264512
0.134588
0.13441
0.134382
0.133287
0.264512
0.134588
0.13441
0.134382
0.133287
0.264512
0.134588
0.13441
0.134382
0.133287
0.264512
0.134588
0.13441
0.134382
0.133287
0.264512
0.134588
0.13441
0.134382
0.133287
0.264512
0.134588
0.13441
0.134382
0.133287
0.264512
0.134588
0.13441
0.134382
0.133287
0.264512
0.134588
0.13441
0.134382
0.133287
0.264512
0.134588
0.13441
0.134382
0.133287
0.264512
0.134588
0.13441
0.134382
0.133287
0.264513
0.134588
0.13441
0.134382
0.133287
0.264513
0.134588
0.13441
0.134382
0.133287
0.264513
0.134588
0.13441
0.134382
0.133288
0.264515
0.134588
0.134411
0.134383
0.133288
0.264515
0.134588
0.134411
0.134383
0.133288
)
;
    }
    inlet
    {
        type            calculated;
        value           nonuniform List<scalar> 0();
    }
    outlet
    {
        type            calculated;
        value           nonuniform List<scalar> 
120
(
0.264548
0.264539
0.264539
0.264539
0.264539
0.264539
0.264539
0.264539
0.264539
0.264539
0.264539
0.264539
0.264539
0.264539
0.264539
0.264539
0.264539
0.264539
0.264539
0.264539
0.264539
0.264539
0.264539
0.264493
0.134591
0.13459
0.13459
0.13459
0.13459
0.13459
0.13459
0.13459
0.13459
0.13459
0.13459
0.13459
0.13459
0.13459
0.13459
0.13459
0.13459
0.13459
0.13459
0.13459
0.13459
0.13459
0.13459
0.134585
0.134414
0.134413
0.134413
0.134413
0.134413
0.134413
0.134413
0.134413
0.134413
0.134413
0.134413
0.134413
0.134413
0.134413
0.134413
0.134413
0.134413
0.134413
0.134413
0.134413
0.134413
0.134413
0.134413
0.134408
0.134386
0.134385
0.134385
0.134385
0.134385
0.134385
0.134385
0.134385
0.134385
0.134385
0.134385
0.134385
0.134385
0.134385
0.134385
0.134385
0.134385
0.134385
0.134385
0.134385
0.134385
0.134385
0.134385
0.13438
0.133299
0.133296
0.133296
0.133296
0.133296
0.133296
0.133296
0.133296
0.133296
0.133296
0.133296
0.133296
0.133296
0.133296
0.133296
0.133296
0.133296
0.133296
0.133296
0.133296
0.133296
0.133296
0.133296
0.133281
)
;
    }
    lowerWall
    {
        type            nutkWallFunction;
        Cmu             0.09;
        kappa           0.41;
        E               9.8;
        value           nonuniform List<scalar> 
422
(
0.0206548
0.0206544
0.0206544
0.0206544
0.0206544
0.0206544
0.0206544
0.0206544
0.0206544
0.0206544
0.0206544
0.0206544
0.0206544
0.0206544
0.0206544
0.0206544
0.0206544
0.0206544
0.0206544
0.0206544
0.0206544
0.0206544
0.0206544
0.0206524
0.0206555
0.0206553
0.0206553
0.0206553
0.0206553
0.0206553
0.0206553
0.0206553
0.0206553
0.0206553
0.0206553
0.0206553
0.0206553
0.0206553
0.0206553
0.0206553
0.0206553
0.0206553
0.0206553
0.0206553
0.0206553
0.0206553
0.0206552
0.0206533
0.0206554
0.0206553
0.0206553
0.0206553
0.0206553
0.0206553
0.0206553
0.0206553
0.0206553
0.0206553
0.0206553
0.0206553
0.0206553
0.0206553
0.0206553
0.0206553
0.0206553
0.0206553
0.0206553
0.0206553
0.0206553
0.0206553
0.0206553
0.0206533
0.0206558
0.0206553
0.0206553
0.0206553
0.0206553
0.0206553
0.0206553
0.0206553
0.0206553
0.0206553
0.0206553
0.0206553
0.0206553
0.0206553
0.0206553
0.0206553
0.0206553
0.0206553
0.0206553
0.0206553
0.0206553
0.0206553
0.0206553
0.0206553
0.0206533
0.0206557
0.0206553
0.0206553
0.0206553
0.0206553
0.0206553
0.0206553
0.0206553
0.0206553
0.0206553
0.0206553
0.0206553
0.0206553
0.0206553
0.0206553
0.0206553
0.0206553
0.0206553
0.0206553
0.0206553
0.0206553
0.0206553
0.0206553
0.0206553
0.0206533
0.0206557
0.0206553
0.0206553
0.0206553
0.0206553
0.0206553
0.0206553
0.0206553
0.0206553
0.0206553
0.0206553
0.0206553
0.0206553
0.0206553
0.0206553
0.0206553
0.0206553
0.0206553
0.0206553
0.0206553
0.0206553
0.0206553
0.0206553
0.0206553
0.0206533
0.0206557
0.0206553
0.0206553
0.0206553
0.0206553
0.0206553
0.0206553
0.0206553
0.0206553
0.0206553
0.0206553
0.0206553
0.0206553
0.0206553
0.0206553
0.0206553
0.0206553
0.0206553
0.0206553
0.0206553
0.0206553
0.0206553
0.0206553
0.0206553
0.0206533
0.0206557
0.0206553
0.0206553
0.0206553
0.0206553
0.0206553
0.0206553
0.0206553
0.0206553
0.0206553
0.0206553
0.0206553
0.0206553
0.0206553
0.0206553
0.0206553
0.0206553
0.0206553
0.0206553
0.0206553
0.0206553
0.0206553
0.0206553
0.0206553
0.0206533
0.0206557
0.0206553
0.0206553
0.0206553
0.0206553
0.0206553
0.0206553
0.0206553
0.0206553
0.0206553
0.0206553
0.0206553
0.0206553
0.0206553
0.0206553
0.0206553
0.0206553
0.0206553
0.0206553
0.0206553
0.0206553
0.0206553
0.0206553
0.0206553
0.0206533
0.0206557
0.0206553
0.0206553
0.0206553
0.0206553
0.0206553
0.0206553
0.0206553
0.0206553
0.0206553
0.0206553
0.0206553
0.0206553
0.0206553
0.0206553
0.0206553
0.0206553
0.0206553
0.0206553
0.0206553
0.0206553
0.0206553
0.0206553
0.0206553
0.0206533
0.0206557
0.0206553
0.0206553
0.0206553
0.0206553
0.0206553
0.0206553
0.0206553
0.0206553
0.0206553
0.0206553
0.0206553
0.0206553
0.0206553
0.0206553
0.0206553
0.0206553
0.0206553
0.0206553
0.0206553
0.0206553
0.0206553
0.0206553
0.0206553
0.0206533
0.0206557
0.0206553
0.0206553
0.0206553
0.0206553
0.0206553
0.0206553
0.0206553
0.0206553
0.0206553
0.0206553
0.0206553
0.0206553
0.0206553
0.0206553
0.0206553
0.0206553
0.0206553
0.0206553
0.0206553
0.0206553
0.0206553
0.0206553
0.0206553
0.0206533
0.0206557
0.0206553
0.0206553
0.0206553
0.0206553
0.0206553
0.0206553
0.0206553
0.0206553
0.0206553
0.0206553
0.0206553
0.0206553
0.0206553
0.0206553
0.0206553
0.0206553
0.0206553
0.0206553
0.0206553
0.0206553
0.0206553
0.0206553
0.0206553
0.0206533
0.0206557
0.0206553
0.0206553
0.0206553
0.0206553
0.0206553
0.0206553
0.0206553
0.0206553
0.0206553
0.0206553
0.0206553
0.0206553
0.0206553
0.0206553
0.0206553
0.0206553
0.0206553
0.0206553
0.0206553
0.0206553
0.0206553
0.0206553
0.0206553
0.0206533
0.0206557
0.0206553
0.0206553
0.0206553
0.0206553
0.0206553
0.0206553
0.0206553
0.0206553
0.0206553
0.0206553
0.0206553
0.0206553
0.0206553
0.0206553
0.0206553
0.0206553
0.0206553
0.0206553
0.0206553
0.0206553
0.0206553
0.0206553
0.0206553
0.0206533
0.0206558
0.0206554
0.0206554
0.0206554
0.0206554
0.0206554
0.0206554
0.0206554
0.0206554
0.0206554
0.0206554
0.0206554
0.0206554
0.0206554
0.0206554
0.0206554
0.0206554
0.0206554
0.0206554
0.0206554
0.0206554
0.0206554
0.0206554
0.0206554
0.0206534
0.0206558
0.0206554
0.0206554
0.0206554
0.0206554
0.0206554
0.0206554
0.0206554
0.0206554
0.0206554
0.0206554
0.0206554
0.0206554
0.0206554
0.0206554
0.0206554
0.0206554
0.0206554
0.0206554
0.0206554
0.0206554
0.0206554
0.0206554
0.0206554
0.0206534
)
;
    }
    upperWall
    {
        type            calculated;
        value           nonuniform List<scalar> 
411
(
0.133299
0.133296
0.133296
0.133296
0.133296
0.133296
0.133296
0.133296
0.133296
0.133296
0.133296
0.133296
0.133296
0.133296
0.133296
0.133296
0.133296
0.133296
0.133296
0.133296
0.133296
0.133296
0.133296
0.133281
0.133306
0.133303
0.133303
0.133303
0.133303
0.133303
0.133303
0.133303
0.133303
0.133303
0.133303
0.133303
0.133303
0.133303
0.133303
0.133303
0.133303
0.133303
0.133303
0.133303
0.133303
0.133303
0.133302
0.133287
0.133306
0.133303
0.133303
0.133303
0.133303
0.133303
0.133303
0.133303
0.133303
0.133303
0.133303
0.133303
0.133303
0.133303
0.133303
0.133303
0.133303
0.133303
0.133303
0.133303
0.133303
0.133303
0.133302
0.133287
0.133306
0.133303
0.133303
0.133303
0.133303
0.133303
0.133303
0.133303
0.133303
0.133303
0.133303
0.133303
0.133303
0.133303
0.133303
0.133303
0.133303
0.133303
0.133303
0.133303
0.133303
0.133303
0.133302
0.133287
0.133306
0.133303
0.133303
0.133303
0.133303
0.133303
0.133303
0.133303
0.133303
0.133303
0.133303
0.133303
0.133303
0.133303
0.133303
0.133303
0.133303
0.133303
0.133303
0.133303
0.133303
0.133303
0.133302
0.133287
0.133306
0.133303
0.133303
0.133303
0.133303
0.133303
0.133303
0.133303
0.133303
0.133303
0.133303
0.133303
0.133303
0.133303
0.133303
0.133303
0.133303
0.133303
0.133303
0.133303
0.133303
0.133303
0.133302
0.133287
0.133306
0.133303
0.133303
0.133303
0.133303
0.133303
0.133303
0.133303
0.133303
0.133303
0.133303
0.133303
0.133303
0.133303
0.133303
0.133303
0.133303
0.133303
0.133303
0.133303
0.133303
0.133303
0.133302
0.133287
0.133306
0.133303
0.133303
0.133303
0.133303
0.133303
0.133303
0.133303
0.133303
0.133303
0.133303
0.133303
0.133303
0.133303
0.133303
0.133303
0.133303
0.133303
0.133303
0.133303
0.133303
0.133303
0.133302
0.133287
0.133306
0.133303
0.133303
0.133303
0.133303
0.133303
0.133303
0.133303
0.133303
0.133303
0.133303
0.133303
0.133303
0.133303
0.133303
0.133303
0.133303
0.133303
0.133303
0.133303
0.133303
0.133303
0.133302
0.133287
0.133306
0.133303
0.133303
0.133303
0.133303
0.133303
0.133303
0.133303
0.133303
0.133303
0.133303
0.133303
0.133303
0.133303
0.133303
0.133303
0.133303
0.133303
0.133303
0.133303
0.133303
0.133303
0.133302
0.133287
0.133305
0.133303
0.133303
0.133303
0.133303
0.133303
0.133303
0.133303
0.133303
0.133303
0.133303
0.133303
0.133303
0.133303
0.133303
0.133303
0.133303
0.133303
0.133303
0.133303
0.133303
0.133303
0.133302
0.133287
0.133305
0.133303
0.133303
0.133303
0.133303
0.133303
0.133303
0.133303
0.133303
0.133303
0.133303
0.133303
0.133303
0.133303
0.133303
0.133303
0.133303
0.133303
0.133303
0.133303
0.133303
0.133303
0.133302
0.133287
0.133304
0.133303
0.133303
0.133303
0.133303
0.133303
0.133303
0.133303
0.133303
0.133303
0.133303
0.133303
0.133303
0.133303
0.133303
0.133303
0.133303
0.133303
0.133303
0.133303
0.133303
0.133303
0.133303
0.133287
0.133303
0.133303
0.133303
0.133303
0.133303
0.133303
0.133303
0.133303
0.133303
0.133303
0.133303
0.133303
0.133303
0.133303
0.133303
0.133303
0.133303
0.133303
0.133303
0.133303
0.133303
0.133303
0.133303
0.133287
0.133307
0.133303
0.133303
0.133303
0.133303
0.133303
0.133303
0.133303
0.133303
0.133303
0.133303
0.133303
0.133303
0.133303
0.133303
0.133303
0.133303
0.133303
0.133303
0.133303
0.133303
0.133303
0.133303
0.133303
0.133288
0.133307
0.133304
0.133304
0.133304
0.133304
0.133304
0.133304
0.133304
0.133304
0.133304
0.133304
0.133304
0.133304
0.133304
0.133304
0.133304
0.133304
0.133304
0.133304
0.133304
0.133304
0.133304
0.133304
0.133303
0.133288
0.133307
0.133303
0.133303
0.133303
0.133303
0.133303
0.133303
0.133303
0.133303
0.133303
0.133303
0.133303
0.133303
0.133303
0.133303
0.133303
0.133303
0.133303
0.133303
0.133303
0.133303
0.133303
0.133303
0.133303
0.133288
)
;
    }
    procBoundary3to0
    {
        type            processor;
        value           nonuniform List<scalar> 
101
(
0.264558
0.264558
0.264558
0.264558
0.264558
0.264558
0.264558
0.264558
0.264558
0.264558
0.264559
0.264559
0.264561
0.264561
0.264541
0.264565
0.264568
0.264568
0.134596
0.134596
0.134595
0.134593
0.134593
0.134593
0.134593
0.134593
0.134593
0.134593
0.134593
0.134593
0.134593
0.134593
0.134591
0.134594
0.134595
0.134596
0.134596
0.134595
0.134595
0.134417
0.134417
0.134415
0.134415
0.134415
0.134415
0.134415
0.134416
0.134416
0.134416
0.134416
0.134413
0.134415
0.134415
0.134416
0.134416
0.134416
0.134417
0.134417
0.134417
0.134389
0.134389
0.134389
0.134388
0.134388
0.134388
0.134388
0.134388
0.134388
0.134385
0.134388
0.134388
0.134388
0.134388
0.134388
0.134388
0.134388
0.134389
0.134389
0.134389
0.134389
0.133304
0.133306
0.133306
0.133303
0.133304
0.133303
0.133296
0.133303
0.133303
0.133303
0.133303
0.133303
0.133303
0.133303
0.133303
0.133303
0.133304
0.133304
0.133306
0.133306
0.133306
)
;
    }
    procBoundary3to4
    {
        type            processor;
        value           nonuniform List<scalar> 
125
(
0.26457
0.264561
0.264561
0.264561
0.264561
0.264561
0.264561
0.264561
0.264561
0.264561
0.264561
0.264561
0.264561
0.264561
0.264561
0.264561
0.264561
0.264561
0.264561
0.264561
0.264561
0.264561
0.264561
0.264561
0.264515
0.134594
0.134593
0.134593
0.134593
0.134593
0.134593
0.134593
0.134593
0.134593
0.134593
0.134593
0.134593
0.134593
0.134593
0.134593
0.134593
0.134593
0.134593
0.134593
0.134593
0.134593
0.134593
0.134593
0.134593
0.134588
0.134417
0.134416
0.134416
0.134416
0.134416
0.134416
0.134416
0.134416
0.134416
0.134416
0.134416
0.134416
0.134416
0.134416
0.134416
0.134416
0.134416
0.134416
0.134416
0.134416
0.134416
0.134416
0.134416
0.134416
0.134411
0.134389
0.134388
0.134388
0.134388
0.134388
0.134388
0.134388
0.134388
0.134388
0.134388
0.134388
0.134388
0.134388
0.134388
0.134388
0.134388
0.134388
0.134388
0.134388
0.134388
0.134388
0.134388
0.134388
0.134388
0.134383
0.133306
0.133303
0.133303
0.133303
0.133303
0.133303
0.133303
0.133303
0.133303
0.133303
0.133303
0.133303
0.133303
0.133303
0.133303
0.133303
0.133303
0.133303
0.133303
0.133303
0.133303
0.133303
0.133303
0.133303
0.133288
)
;
    }
}


// ************************************************************************* //
