/*--------------------------------*- C++ -*----------------------------------*\
  =========                 |
  \\      /  F ield         | OpenFOAM: The Open Source CFD Toolbox
   \\    /   O peration     | Website:  https://openfoam.org
    \\  /    A nd           | Version:  10
     \\/     M anipulation  |
\*---------------------------------------------------------------------------*/
FoamFile
{
    format      ascii;
    class       volScalarField;
    location    "20";
    object      p;
}
// * * * * * * * * * * * * * * * * * * * * * * * * * * * * * * * * * * * * * //

dimensions      [0 2 -2 0 0 0 0];

internalField   nonuniform List<scalar> 
2083
(
5.49619e-06
7.62335e-06
9.7891e-06
1.19542e-05
1.40406e-05
1.59293e-05
1.75964e-05
1.90479e-05
2.03104e-05
2.1381e-05
2.22581e-05
2.29705e-05
2.35389e-05
2.39872e-05
5.29726e-07
1.78585e-06
3.31601e-06
5.18642e-06
7.27421e-06
9.5364e-06
1.18815e-05
1.41134e-05
1.60982e-05
1.78031e-05
1.92559e-05
2.05227e-05
2.16109e-05
2.25375e-05
2.33086e-05
2.39472e-05
2.44917e-05
4.3267e-07
1.52467e-06
2.8967e-06
4.64842e-06
6.74782e-06
9.2041e-06
1.1919e-05
1.44574e-05
1.65591e-05
1.82215e-05
1.95806e-05
2.08172e-05
2.19203e-05
2.28985e-05
2.37482e-05
2.44913e-05
2.51236e-05
2.75027e-07
1.13275e-06
2.32166e-06
3.98429e-06
6.17438e-06
8.96852e-06
1.18883e-05
1.44712e-05
1.67514e-05
1.86075e-05
2.00074e-05
2.11619e-05
2.22611e-05
2.32789e-05
2.42113e-05
2.50369e-05
2.5775e-05
1.11081e-07
7.34598e-07
1.75558e-06
3.35278e-06
5.63806e-06
8.57493e-06
1.15719e-05
1.42526e-05
1.6662e-05
1.87131e-05
2.03478e-05
2.15814e-05
2.26455e-05
2.36953e-05
2.46995e-05
2.56202e-05
2.6442e-05
-1.25429e-08
4.34186e-07
1.27994e-06
2.81944e-06
5.28552e-06
8.23682e-06
1.11052e-05
1.38331e-05
1.63248e-05
1.85052e-05
2.0352e-05
2.18576e-05
2.30254e-05
2.40982e-05
2.51914e-05
2.61904e-05
2.71272e-05
7.54034e-08
3.80843e-07
8.90389e-07
2.31071e-06
4.73166e-06
7.6497e-06
1.05132e-05
1.32879e-05
1.58054e-05
1.80306e-05
1.99795e-05
2.16784e-05
2.31571e-05
2.45022e-05
2.57406e-05
2.68152e-05
2.77754e-05
-2.28139e-07
1.14626e-07
7.24918e-07
1.84931e-06
4.22766e-06
7.10836e-06
9.93122e-06
1.27479e-05
1.53126e-05
1.75049e-05
1.94438e-05
2.11829e-05
2.27922e-05
2.43277e-05
2.58208e-05
2.72172e-05
2.84548e-05
-4.45742e-07
-5.85556e-07
6.93285e-09
1.47357e-06
3.86948e-06
6.61832e-06
9.40499e-06
1.24218e-05
1.50068e-05
1.69649e-05
1.8803e-05
2.05011e-05
2.21432e-05
2.37503e-05
2.54102e-05
2.71743e-05
2.89168e-05
-5.22033e-07
-8.66138e-07
-2.75775e-07
1.40913e-06
3.8061e-06
6.34916e-06
8.9842e-06
1.17103e-05
1.44892e-05
1.66878e-05
1.83097e-05
1.9886e-05
2.14791e-05
2.29986e-05
2.48388e-05
2.70518e-05
2.92452e-05
-5.02021e-07
-8.97957e-07
-3.06949e-07
1.45415e-06
3.82985e-06
6.25012e-06
8.74224e-06
1.12674e-05
1.37865e-05
1.62332e-05
1.80682e-05
1.93377e-05
2.10638e-05
2.3128e-05
2.52014e-05
2.75107e-05
2.99529e-05
-4.6296e-07
-8.36771e-07
-1.66691e-07
1.64963e-06
4.0001e-06
6.37489e-06
8.79931e-06
1.11994e-05
1.35474e-05
1.5809e-05
1.78115e-05
1.95953e-05
2.15181e-05
2.36464e-05
2.59415e-05
2.84336e-05
3.11717e-05
-4.38843e-07
-7.45971e-07
6.90056e-08
1.98116e-06
4.35163e-06
6.73995e-06
9.15763e-06
1.15322e-05
1.38291e-05
1.60376e-05
1.81366e-05
2.01834e-05
2.23244e-05
2.46325e-05
2.71431e-05
2.99033e-05
3.29015e-05
-4.31699e-07
-6.34083e-07
4.5864e-07
2.47419e-06
4.83849e-06
7.33556e-06
9.85149e-06
1.22496e-05
1.45461e-05
1.67856e-05
1.89812e-05
2.11994e-05
2.35295e-05
2.60465e-05
2.87966e-05
3.1798e-05
3.51191e-05
-4.46991e-07
-6.16252e-07
6.3715e-07
2.85087e-06
5.43389e-06
8.14035e-06
1.08775e-05
1.33504e-05
1.56235e-05
1.79177e-05
2.02073e-05
2.25702e-05
2.50737e-05
2.779e-05
3.07689e-05
3.40554e-05
3.7652e-05
-4.80734e-07
-6.60033e-07
7.30616e-07
3.13583e-06
5.93708e-06
9.21604e-06
1.26086e-05
1.49121e-05
1.68949e-05
1.93784e-05
2.17373e-05
2.42185e-05
2.68786e-05
2.97897e-05
3.29985e-05
3.65308e-05
4.0451e-05
-5.24585e-07
-7.01662e-07
7.94523e-07
3.3988e-06
6.57428e-06
1.01778e-05
1.36583e-05
1.68559e-05
1.89982e-05
2.09802e-05
2.35173e-05
2.60644e-05
2.88565e-05
3.19364e-05
3.53534e-05
3.91478e-05
4.33361e-05
-5.31836e-07
-5.51668e-07
1.05614e-06
3.65216e-06
7.11917e-06
1.09331e-05
1.46038e-05
1.80506e-05
2.11982e-05
2.33322e-05
2.5329e-05
2.80559e-05
3.09492e-05
3.4176e-05
3.77784e-05
4.17794e-05
4.62497e-05
-5.55079e-07
-5.53419e-07
1.18596e-06
3.88137e-06
7.56137e-06
1.15296e-05
1.53819e-05
1.90749e-05
2.2548e-05
2.5696e-05
2.77239e-05
2.98535e-05
3.30508e-05
3.63845e-05
4.01465e-05
4.43599e-05
4.90419e-05
-6.05573e-07
-6.52017e-07
1.17704e-06
4.14692e-06
7.97013e-06
1.1973e-05
1.60017e-05
1.99321e-05
2.37109e-05
2.7349e-05
2.97263e-05
3.18699e-05
3.5028e-05
3.8474e-05
4.23727e-05
4.67521e-05
5.16696e-05
-6.80559e-07
-8.13277e-07
9.84204e-07
4.11533e-06
8.05683e-06
1.21782e-05
1.63917e-05
2.05492e-05
2.45827e-05
2.84292e-05
3.18499e-05
3.40985e-05
3.66316e-05
4.03878e-05
4.43867e-05
4.89423e-05
5.40806e-05
-7.74736e-07
-1.0446e-06
7.15044e-07
3.90696e-06
7.93806e-06
1.22074e-05
1.65914e-05
2.10075e-05
2.5281e-05
2.94191e-05
3.33056e-05
3.57595e-05
3.82488e-05
4.20739e-05
4.61549e-05
5.08253e-05
5.61348e-05
-8.98057e-07
-1.34743e-06
3.51824e-07
3.53898e-06
7.63147e-06
1.20306e-05
1.66099e-05
2.12466e-05
2.57675e-05
3.01361e-05
3.43396e-05
3.71575e-05
3.97472e-05
4.34678e-05
4.76105e-05
5.23536e-05
5.7745e-05
-1.01996e-06
-1.65337e-06
-6.3302e-08
3.04287e-06
7.15876e-06
1.15905e-05
1.63346e-05
2.10789e-05
2.58218e-05
3.03246e-05
3.46278e-05
3.84294e-05
4.10615e-05
4.40679e-05
4.84552e-05
5.31903e-05
5.86556e-05
-1.14118e-06
-1.92761e-06
-4.4461e-07
2.59441e-06
6.64783e-06
1.11078e-05
1.58458e-05
2.07061e-05
2.55046e-05
3.01408e-05
3.45266e-05
3.86684e-05
4.13048e-05
4.41793e-05
4.85519e-05
5.33131e-05
5.88279e-05
1.22072e-05
1.41798e-05
1.60143e-05
1.76763e-05
1.9156e-05
2.04559e-05
2.15784e-05
2.25229e-05
2.3303e-05
2.39255e-05
2.44311e-05
7.11143e-07
2.21701e-06
3.91549e-06
5.8136e-06
7.87157e-06
1.00445e-05
1.22101e-05
1.42839e-05
1.61929e-05
1.78873e-05
1.93759e-05
2.06817e-05
2.18177e-05
2.27873e-05
2.3609e-05
2.43133e-05
2.49061e-05
6.43928e-07
2.0229e-06
3.59825e-06
5.43018e-06
7.51635e-06
9.83458e-06
1.22061e-05
1.44321e-05
1.64398e-05
1.81659e-05
1.96413e-05
2.09356e-05
2.20817e-05
2.30927e-05
2.39828e-05
2.47685e-05
2.54689e-05
4.76809e-07
1.63134e-06
3.04162e-06
4.80428e-06
6.97097e-06
9.60672e-06
1.23072e-05
1.47138e-05
1.68409e-05
1.8548e-05
1.99578e-05
2.12326e-05
2.23896e-05
2.34376e-05
2.43918e-05
2.52666e-05
2.6055e-05
2.99218e-07
1.20992e-06
2.44388e-06
4.13148e-06
6.38139e-06
9.20083e-06
1.20509e-05
1.45931e-05
1.68868e-05
1.88168e-05
2.03175e-05
2.15743e-05
2.27407e-05
2.38191e-05
2.4837e-05
2.57789e-05
2.66648e-05
1.45015e-07
8.27785e-07
1.89238e-06
3.53746e-06
5.97896e-06
8.84452e-06
1.15914e-05
1.42091e-05
1.66035e-05
1.87093e-05
2.05007e-05
2.19727e-05
2.31454e-05
2.42157e-05
2.52867e-05
2.63065e-05
2.72825e-05
3.90655e-08
5.64314e-07
1.48974e-06
3.02475e-06
5.43634e-06
8.27313e-06
1.1019e-05
1.36714e-05
1.61131e-05
1.82936e-05
2.02178e-05
2.19006e-05
2.33676e-05
2.46392e-05
2.57545e-05
2.68184e-05
2.79064e-05
-8.28114e-08
4.57996e-07
1.29375e-06
2.57967e-06
4.93613e-06
7.70659e-06
1.0405e-05
1.31159e-05
1.56219e-05
1.77772e-05
1.97039e-05
2.14575e-05
2.30654e-05
2.4568e-05
2.59889e-05
2.73257e-05
2.85397e-05
-2.59967e-07
-1.57906e-07
6.49087e-07
2.32758e-06
4.66915e-06
7.20195e-06
9.8735e-06
1.27823e-05
1.5288e-05
1.72408e-05
1.91056e-05
2.08221e-05
2.24726e-05
2.40843e-05
2.56732e-05
2.73176e-05
2.9044e-05
-3.12818e-07
-3.84397e-07
3.95777e-07
2.1619e-06
4.50373e-06
6.93924e-06
9.45199e-06
1.20765e-05
1.47258e-05
1.69148e-05
1.86206e-05
2.02704e-05
2.19276e-05
2.35854e-05
2.51446e-05
2.70832e-05
2.93343e-05
-3.08126e-07
-4.19349e-07
3.94852e-07
2.21386e-06
4.50719e-06
6.82404e-06
9.22459e-06
1.16388e-05
1.40226e-05
1.62345e-05
1.81501e-05
1.98724e-05
2.16447e-05
2.35114e-05
2.54502e-05
2.75912e-05
2.99698e-05
-2.88853e-07
-3.59713e-07
5.70567e-07
2.44442e-06
4.70222e-06
6.97236e-06
9.28674e-06
1.1602e-05
1.38662e-05
1.60155e-05
1.8016e-05
1.99208e-05
2.18629e-05
2.39104e-05
2.61052e-05
2.8515e-05
3.11368e-05
-2.83034e-07
-2.72195e-07
8.98679e-07
2.84661e-06
5.03168e-06
7.3039e-06
9.61824e-06
1.19014e-05
1.41242e-05
1.62767e-05
1.83538e-05
2.04064e-05
2.25233e-05
2.47762e-05
2.72188e-05
2.9876e-05
3.28064e-05
-2.67869e-07
-1.90305e-07
1.12783e-06
3.18913e-06
5.46497e-06
7.83915e-06
1.02179e-05
1.25429e-05
1.47906e-05
1.69752e-05
1.91339e-05
2.13291e-05
2.36294e-05
2.60917e-05
2.87716e-05
3.17124e-05
3.49333e-05
-2.66716e-07
-1.4963e-07
1.28673e-06
3.49556e-06
5.95802e-06
8.54632e-06
1.11153e-05
1.35239e-05
1.58035e-05
1.80429e-05
2.02918e-05
2.26131e-05
2.50764e-05
2.77457e-05
3.06754e-05
3.38804e-05
3.74227e-05
-2.96915e-07
-1.70679e-07
1.36942e-06
3.73666e-06
6.49249e-06
9.5352e-06
1.23798e-05
1.4844e-05
1.7174e-05
1.94472e-05
2.1755e-05
2.41922e-05
2.68158e-05
2.96823e-05
3.2841e-05
3.63276e-05
4.01715e-05
-3.73796e-07
-2.52317e-07
1.41762e-06
3.97028e-06
7.09382e-06
1.04855e-05
1.37092e-05
1.65836e-05
1.8948e-05
2.11309e-05
2.34803e-05
2.59911e-05
2.87429e-05
3.17901e-05
3.51737e-05
3.89057e-05
4.30628e-05
-4.11259e-07
-2.02245e-07
1.57689e-06
4.2217e-06
7.6212e-06
1.12807e-05
1.47567e-05
1.79861e-05
2.08228e-05
2.3132e-05
2.53703e-05
2.79419e-05
3.07997e-05
3.39962e-05
3.75653e-05
4.15374e-05
4.59526e-05
-4.74838e-07
-2.92292e-07
1.63022e-06
4.56787e-06
8.16622e-06
1.19066e-05
1.56066e-05
1.91218e-05
2.23273e-05
2.50205e-05
2.7364e-05
2.99214e-05
3.28615e-05
3.61734e-05
3.99067e-05
4.40722e-05
4.87333e-05
-5.41348e-07
-4.25239e-07
1.56365e-06
4.67262e-06
8.43836e-06
1.23182e-05
1.62108e-05
1.99923e-05
2.35596e-05
2.67596e-05
2.93782e-05
3.18989e-05
3.48601e-05
3.82513e-05
4.21088e-05
4.64585e-05
5.13286e-05
-6.12147e-07
-5.85766e-07
1.40098e-06
4.58702e-06
8.47145e-06
1.24844e-05
1.65812e-05
2.06152e-05
2.44845e-05
2.80801e-05
3.12198e-05
3.38517e-05
3.66721e-05
4.01391e-05
4.40962e-05
4.85938e-05
5.36653e-05
-6.82159e-07
-7.51601e-07
1.16439e-06
4.33955e-06
8.31138e-06
1.24638e-05
1.67645e-05
2.10368e-05
2.51937e-05
2.91097e-05
3.26185e-05
3.54571e-05
3.83093e-05
4.18273e-05
4.58538e-05
5.04699e-05
5.57111e-05
-7.84189e-07
-1.00313e-06
8.34295e-07
3.97042e-06
7.99378e-06
1.22774e-05
1.67559e-05
2.12636e-05
2.56684e-05
2.98583e-05
3.36636e-05
3.67738e-05
3.97417e-05
4.32434e-05
4.73072e-05
5.1966e-05
5.73223e-05
-8.78126e-07
-1.24855e-06
4.62804e-07
3.53047e-06
7.54023e-06
1.18883e-05
1.64715e-05
2.1146e-05
2.57286e-05
3.0117e-05
3.41701e-05
3.77413e-05
4.07907e-05
4.40916e-05
4.81579e-05
5.28513e-05
5.82687e-05
-9.3534e-07
-1.41918e-06
1.69908e-07
3.16271e-06
7.1233e-06
1.14659e-05
1.61086e-05
2.08131e-05
2.54979e-05
2.9982e-05
3.41677e-05
3.79354e-05
4.10251e-05
4.42921e-05
4.83472e-05
5.30849e-05
5.85337e-05
1.61621e-05
1.77622e-05
1.92401e-05
2.05715e-05
2.17545e-05
2.27734e-05
2.36325e-05
2.43518e-05
2.49289e-05
1.00005e-06
2.92593e-06
4.86206e-06
6.81079e-06
8.78724e-06
1.07707e-05
1.27299e-05
1.46232e-05
1.63964e-05
1.80228e-05
1.95042e-05
2.08298e-05
2.20009e-05
2.30248e-05
2.39178e-05
2.47039e-05
2.53768e-05
9.58899e-07
2.79963e-06
4.64581e-06
6.55731e-06
8.57153e-06
1.06699e-05
1.27657e-05
1.47548e-05
1.66035e-05
1.82706e-05
1.97514e-05
2.10649e-05
2.22391e-05
2.32851e-05
2.42243e-05
2.50728e-05
2.58517e-05
8.40022e-07
2.50484e-06
4.21309e-06
6.07008e-06
8.13966e-06
1.04159e-05
1.27047e-05
1.48458e-05
1.68149e-05
1.8551e-05
2.00315e-05
2.13308e-05
2.25046e-05
2.3577e-05
2.45656e-05
2.549e-05
2.63512e-05
6.42114e-07
2.04672e-06
3.58612e-06
5.37284e-06
7.5365e-06
1.01133e-05
1.26893e-05
1.50132e-05
1.71379e-05
1.89723e-05
2.04113e-05
2.16298e-05
2.28054e-05
2.39053e-05
2.49447e-05
2.59332e-05
2.68834e-05
4.62817e-07
1.61244e-06
2.98275e-06
4.72707e-06
7.09628e-06
9.7763e-06
1.23416e-05
1.47804e-05
1.70214e-05
1.9009e-05
2.06699e-05
2.19868e-05
2.31483e-05
2.42712e-05
2.53501e-05
2.64115e-05
2.7442e-05
3.47258e-07
1.29171e-06
2.49125e-06
4.15305e-06
6.54586e-06
9.23347e-06
1.18027e-05
1.42973e-05
1.66165e-05
1.87064e-05
2.05564e-05
2.21537e-05
2.35233e-05
2.46756e-05
2.57712e-05
2.68911e-05
2.80236e-05
4.18711e-07
1.18724e-06
2.08087e-06
3.69395e-06
6.03424e-06
8.64606e-06
1.1198e-05
1.37597e-05
1.61446e-05
1.82325e-05
2.01235e-05
2.18423e-05
2.34078e-05
2.48411e-05
2.61582e-05
2.73681e-05
2.85907e-05
1.0192e-07
6.22117e-07
1.65771e-06
3.43372e-06
5.71865e-06
8.14759e-06
1.06681e-05
1.34085e-05
1.57639e-05
1.7659e-05
1.95595e-05
2.12532e-05
2.28688e-05
2.44516e-05
2.60156e-05
2.75841e-05
2.92182e-05
3.75691e-08
4.36559e-07
1.47475e-06
3.29631e-06
5.56542e-06
7.87484e-06
1.0258e-05
1.27059e-05
1.50543e-05
1.7365e-05
1.92678e-05
2.07878e-05
2.24213e-05
2.40927e-05
2.58012e-05
2.76286e-05
2.95754e-05
4.38786e-08
4.31141e-07
1.54393e-06
3.39758e-06
5.59239e-06
7.80079e-06
1.00539e-05
1.22957e-05
1.45098e-05
1.66598e-05
1.86059e-05
2.03653e-05
2.21357e-05
2.39651e-05
2.58726e-05
2.792e-05
3.01653e-05
5.70395e-08
5.19077e-07
1.86784e-06
3.76867e-06
5.83939e-06
7.97084e-06
1.01168e-05
1.22754e-05
1.44062e-05
1.64786e-05
1.84483e-05
2.03552e-05
2.22721e-05
2.4269e-05
2.63933e-05
2.87011e-05
3.12018e-05
7.13072e-08
6.07581e-07
2.08949e-06
4.08514e-06
6.15732e-06
8.26237e-06
1.03941e-05
1.25272e-05
1.46405e-05
1.67133e-05
1.87384e-05
2.07551e-05
2.28329e-05
2.50295e-05
2.73875e-05
2.99495e-05
3.2765e-05
9.35634e-08
6.98157e-07
2.28442e-06
4.37518e-06
6.52948e-06
8.70401e-06
1.08968e-05
1.30737e-05
1.52115e-05
1.73198e-05
1.94236e-05
2.15755e-05
2.38158e-05
2.62091e-05
2.88058e-05
3.16538e-05
3.47764e-05
1.10365e-07
7.95815e-07
2.48391e-06
4.66407e-06
6.95697e-06
9.30095e-06
1.16411e-05
1.39054e-05
1.61081e-05
1.82806e-05
2.04709e-05
2.27359e-05
2.51447e-05
2.77534e-05
3.05973e-05
3.37222e-05
3.71844e-05
1.16823e-07
9.3635e-07
2.7168e-06
4.92655e-06
7.41585e-06
1.00471e-05
1.26452e-05
1.50534e-05
1.73245e-05
1.9555e-05
2.18248e-05
2.42197e-05
2.6785e-05
2.95888e-05
3.26782e-05
3.60922e-05
3.98741e-05
4.92325e-08
8.47295e-07
2.74293e-06
5.10234e-06
7.88872e-06
1.10009e-05
1.40118e-05
1.65476e-05
1.88274e-05
2.11043e-05
2.34373e-05
2.59189e-05
2.86287e-05
3.16325e-05
3.49504e-05
3.86257e-05
4.27349e-05
-3.42946e-08
6.93732e-07
2.67511e-06
5.2733e-06
8.47486e-06
1.18907e-05
1.51403e-05
1.80982e-05
2.05892e-05
2.28486e-05
2.52256e-05
2.77904e-05
3.0616e-05
3.377e-05
3.72904e-05
4.12113e-05
4.55883e-05
-1.2807e-07
5.06148e-07
2.60608e-06
5.52228e-06
8.95649e-06
1.2516e-05
1.60119e-05
1.93024e-05
2.22605e-05
2.47472e-05
2.70911e-05
2.97039e-05
3.26202e-05
3.59042e-05
3.95927e-05
4.37149e-05
4.83408e-05
-2.15952e-07
3.26336e-07
2.47852e-06
5.58173e-06
9.22104e-06
1.29246e-05
1.66355e-05
2.02199e-05
2.35553e-05
2.65107e-05
2.90284e-05
3.15962e-05
3.45696e-05
3.79422e-05
4.17644e-05
4.60686e-05
5.08919e-05
-2.66374e-07
1.85793e-07
2.32456e-06
5.50899e-06
9.26259e-06
1.31116e-05
1.70286e-05
2.08673e-05
2.45282e-05
2.78741e-05
3.07012e-05
3.33592e-05
3.6361e-05
3.98043e-05
4.37267e-05
4.81715e-05
5.31742e-05
-2.14207e-07
1.39227e-07
2.10365e-06
5.27824e-06
9.0978e-06
1.30716e-05
1.71683e-05
2.12486e-05
2.52004e-05
2.88992e-05
3.21807e-05
3.50117e-05
3.79559e-05
4.144e-05
4.54405e-05
4.99927e-05
5.51412e-05
-2.6561e-07
-2.00753e-09
1.84654e-06
4.94657e-06
8.81671e-06
1.2888e-05
1.71472e-05
2.14319e-05
2.56383e-05
2.96196e-05
3.32204e-05
3.62867e-05
3.93133e-05
4.28262e-05
4.68718e-05
5.14937e-05
5.67779e-05
-3.31136e-07
-1.8877e-07
1.53252e-06
4.55236e-06
8.40061e-06
1.25282e-05
1.68822e-05
2.13158e-05
2.56829e-05
2.98934e-05
3.37533e-05
3.7177e-05
4.02675e-05
4.36884e-05
4.77359e-05
5.24179e-05
5.77697e-05
-3.72595e-07
-3.27001e-07
1.28341e-06
4.21505e-06
8.02043e-06
1.21537e-05
1.65448e-05
2.10197e-05
2.5486e-05
2.97962e-05
3.37987e-05
3.73573e-05
4.0503e-05
4.38961e-05
4.79769e-05
5.26764e-05
5.8095e-05
2.05883e-05
2.17853e-05
2.28471e-05
2.37687e-05
2.45617e-05
2.51985e-05
1.30853e-06
3.65009e-06
5.76201e-06
7.74263e-06
9.64109e-06
1.14721e-05
1.32534e-05
1.49693e-05
1.65977e-05
1.81352e-05
1.95699e-05
2.08764e-05
2.20532e-05
2.31137e-05
2.40681e-05
2.49119e-05
2.56483e-05
1.28537e-06
3.57599e-06
5.62632e-06
7.58205e-06
9.51282e-06
1.14324e-05
1.33111e-05
1.51157e-05
1.68143e-05
1.83842e-05
1.98208e-05
2.11217e-05
2.2301e-05
2.33685e-05
2.43443e-05
2.52515e-05
2.60829e-05
1.2029e-06
3.35612e-06
5.29615e-06
7.20547e-06
9.17656e-06
1.12125e-05
1.3238e-05
1.5166e-05
1.69622e-05
1.8596e-05
2.00579e-05
2.13635e-05
2.25465e-05
2.36333e-05
2.46529e-05
2.5617e-05
2.65318e-05
1.0545e-06
2.98635e-06
4.777e-06
6.62594e-06
8.65745e-06
1.08699e-05
1.30935e-05
1.51824e-05
1.71094e-05
1.88327e-05
2.03263e-05
2.16327e-05
2.2827e-05
2.39372e-05
2.49962e-05
2.60264e-05
2.70217e-05
8.49518e-07
2.49551e-06
4.1053e-06
5.8917e-06
8.03862e-06
1.05397e-05
1.30325e-05
1.52889e-05
1.73532e-05
1.91571e-05
2.06435e-05
2.19361e-05
2.31456e-05
2.42735e-05
2.53804e-05
2.64693e-05
2.75477e-05
6.86821e-07
2.0785e-06
3.50701e-06
5.25327e-06
7.57279e-06
1.01259e-05
1.25507e-05
1.48986e-05
1.70817e-05
1.90525e-05
2.07964e-05
2.22937e-05
2.35231e-05
2.46475e-05
2.57915e-05
2.69444e-05
2.81122e-05
5.85417e-07
1.76334e-06
3.04547e-06
4.76686e-06
7.07294e-06
9.56122e-06
1.19736e-05
1.43879e-05
1.66468e-05
1.86445e-05
2.04743e-05
2.21338e-05
2.3628e-05
2.4984e-05
2.61985e-05
2.73916e-05
2.86965e-05
4.35893e-07
1.39916e-06
2.68011e-06
4.52248e-06
6.75859e-06
9.07595e-06
1.14447e-05
1.40433e-05
1.62666e-05
1.80758e-05
1.9947e-05
2.16161e-05
2.32026e-05
2.47607e-05
2.6295e-05
2.78458e-05
2.94431e-05
4.18938e-07
1.30373e-06
2.56965e-06
4.43456e-06
6.62282e-06
8.79731e-06
1.10462e-05
1.33622e-05
1.55506e-05
1.77934e-05
1.97107e-05
2.12096e-05
2.28098e-05
2.44705e-05
2.62105e-05
2.8021e-05
2.99271e-05
4.56836e-07
1.37246e-06
2.67656e-06
4.56111e-06
6.69196e-06
8.75045e-06
1.08639e-05
1.29906e-05
1.50626e-05
1.71316e-05
1.90439e-05
2.07936e-05
2.25454e-05
2.43522e-05
2.62782e-05
2.83456e-05
3.06856e-05
4.66038e-07
1.46539e-06
3.03164e-06
4.97306e-06
6.94417e-06
8.93948e-06
1.09556e-05
1.2962e-05
1.49651e-05
1.69572e-05
1.88807e-05
2.07429e-05
2.26235e-05
2.45816e-05
2.66853e-05
2.8963e-05
3.14712e-05
4.84823e-07
1.56097e-06
3.26769e-06
5.27829e-06
7.25932e-06
9.23452e-06
1.11958e-05
1.31787e-05
1.51729e-05
1.71591e-05
1.91281e-05
2.11068e-05
2.31405e-05
2.52828e-05
2.75838e-05
3.01076e-05
3.28494e-05
5.13015e-07
1.70155e-06
3.51179e-06
5.58771e-06
7.60981e-06
9.60239e-06
1.16134e-05
1.36365e-05
1.5662e-05
1.76951e-05
1.97437e-05
2.18408e-05
2.40322e-05
2.63721e-05
2.89151e-05
3.1697e-05
3.47622e-05
5.54815e-07
1.93051e-06
3.82671e-06
5.87059e-06
7.98545e-06
1.00987e-05
1.22304e-05
1.43522e-05
1.64535e-05
1.85494e-05
2.06848e-05
2.29121e-05
2.52754e-05
2.78225e-05
3.06015e-05
3.36778e-05
3.70749e-05
5.79009e-07
2.00871e-06
4.00193e-06
6.12657e-06
8.37743e-06
1.07158e-05
1.30666e-05
1.53404e-05
1.75328e-05
1.97119e-05
2.19438e-05
2.42917e-05
2.68107e-05
2.95649e-05
3.26022e-05
3.59615e-05
3.97141e-05
5.55392e-07
1.9575e-06
4.00875e-06
6.27879e-06
8.78528e-06
1.14639e-05
1.41291e-05
1.66212e-05
1.89138e-05
2.11428e-05
2.34465e-05
2.59067e-05
2.85805e-05
3.15294e-05
3.47944e-05
3.84367e-05
4.25081e-05
5.59034e-07
1.85405e-06
3.83664e-06
6.34263e-06
9.29594e-06
1.24462e-05
1.54748e-05
1.824e-05
2.05896e-05
2.27821e-05
2.51414e-05
2.76848e-05
3.04776e-05
3.35929e-05
3.70778e-05
4.09587e-05
4.53239e-05
4.60513e-07
1.63586e-06
3.65728e-06
6.37845e-06
9.64222e-06
1.30962e-05
1.64115e-05
1.95162e-05
2.22773e-05
2.46121e-05
2.692e-05
2.95342e-05
3.24289e-05
3.56805e-05
3.93332e-05
4.34348e-05
4.80336e-05
3.51596e-07
1.40267e-06
3.50214e-06
6.5253e-06
9.98344e-06
1.35266e-05
1.70732e-05
2.04804e-05
2.36054e-05
2.62546e-05
2.86962e-05
3.13628e-05
3.43204e-05
3.76706e-05
4.14698e-05
4.57406e-05
5.05439e-05
2.63071e-07
1.1914e-06
3.29937e-06
6.44046e-06
1.00377e-05
1.37157e-05
1.74619e-05
2.11308e-05
2.46069e-05
2.77436e-05
3.04295e-05
3.30663e-05
3.60703e-05
3.94935e-05
4.33956e-05
4.78146e-05
5.27837e-05
1.98922e-07
1.01618e-06
3.07609e-06
6.22475e-06
9.89953e-06
1.36886e-05
1.75994e-05
2.14884e-05
2.52499e-05
2.87598e-05
3.18818e-05
3.46511e-05
3.75838e-05
4.10701e-05
4.50528e-05
4.95918e-05
5.46993e-05
1.47582e-07
8.95826e-07
2.87011e-06
5.95815e-06
9.67038e-06
1.35472e-05
1.75817e-05
2.16516e-05
2.56428e-05
2.94328e-05
3.28766e-05
3.58213e-05
3.88273e-05
4.23781e-05
4.64432e-05
5.10798e-05
5.63185e-05
9.14584e-08
7.3921e-07
2.60446e-06
5.62121e-06
9.31925e-06
1.32312e-05
1.73464e-05
2.15316e-05
2.56786e-05
2.96755e-05
3.33378e-05
3.64615e-05
3.95592e-05
4.31589e-05
4.72875e-05
5.19613e-05
5.73171e-05
3.00509e-08
5.75463e-07
2.34623e-06
5.29141e-06
8.97117e-06
1.28805e-05
1.70242e-05
2.1261e-05
2.54949e-05
2.9598e-05
3.33657e-05
3.65664e-05
3.97026e-05
4.33644e-05
4.74946e-05
5.22366e-05
5.76483e-05
2.3806e-05
2.46078e-05
2.52862e-05
1.49782e-06
4.07118e-06
6.2832e-06
8.27315e-06
1.01235e-05
1.18861e-05
1.35807e-05
1.52e-05
1.6744e-05
1.82026e-05
1.95808e-05
2.08558e-05
2.2041e-05
2.31335e-05
2.41044e-05
2.49736e-05
2.5744e-05
1.48511e-06
4.02773e-06
6.19242e-06
8.16478e-06
1.00451e-05
1.18765e-05
1.36531e-05
1.53511e-05
1.69561e-05
1.84554e-05
1.98488e-05
2.11283e-05
2.22997e-05
2.33758e-05
2.43741e-05
2.53084e-05
2.6168e-05
1.41977e-06
3.84582e-06
5.90855e-06
7.83968e-06
9.75547e-06
1.16879e-05
1.35886e-05
1.5401e-05
1.70975e-05
1.86537e-05
2.00736e-05
2.13661e-05
2.25492e-05
2.36432e-05
2.46708e-05
2.56593e-05
2.65989e-05
1.29894e-06
3.52376e-06
5.43532e-06
7.31211e-06
9.28108e-06
1.13667e-05
1.34638e-05
1.54367e-05
1.72532e-05
1.88755e-05
2.03217e-05
2.16326e-05
2.28257e-05
2.39408e-05
2.50165e-05
2.60602e-05
2.7078e-05
1.08712e-06
3.02608e-06
4.76086e-06
6.57021e-06
8.64913e-06
1.10947e-05
1.35054e-05
1.56468e-05
1.75681e-05
1.91687e-05
2.05915e-05
2.19414e-05
2.31614e-05
2.42898e-05
2.53938e-05
2.64988e-05
2.75956e-05
9.08273e-07
2.56712e-06
4.10766e-06
5.88406e-06
8.17827e-06
1.06815e-05
1.30252e-05
1.52836e-05
1.73734e-05
1.9253e-05
2.09411e-05
2.24215e-05
2.3591e-05
2.4671e-05
2.58332e-05
2.69845e-05
2.81654e-05
7.79598e-07
2.21577e-06
3.6208e-06
5.37891e-06
7.6717e-06
1.01159e-05
1.24448e-05
1.47829e-05
1.69619e-05
1.88931e-05
2.06768e-05
2.23109e-05
2.37878e-05
2.5122e-05
2.62918e-05
2.74623e-05
2.87653e-05
6.48482e-07
1.888e-06
3.29646e-06
5.17045e-06
7.37164e-06
9.64218e-06
1.19322e-05
1.44432e-05
1.65834e-05
1.83475e-05
2.01799e-05
2.18251e-05
2.33999e-05
2.49561e-05
2.64951e-05
2.80207e-05
2.95806e-05
6.36317e-07
1.82638e-06
3.22525e-06
5.13017e-06
7.28741e-06
9.38869e-06
1.15404e-05
1.37648e-05
1.58878e-05
1.81102e-05
1.99754e-05
2.14183e-05
2.30351e-05
2.47096e-05
2.64979e-05
2.83098e-05
3.00875e-05
6.69903e-07
1.93087e-06
3.5139e-06
5.4124e-06
7.38631e-06
9.35947e-06
1.13836e-05
1.34283e-05
1.54241e-05
1.74452e-05
1.93466e-05
2.1075e-05
2.28068e-05
2.46221e-05
2.68067e-05
2.88503e-05
3.07652e-05
7.30894e-07
2.06716e-06
3.7749e-06
5.72761e-06
7.6317e-06
9.53093e-06
1.14677e-05
1.3414e-05
1.53408e-05
1.72795e-05
1.91684e-05
2.10077e-05
2.28771e-05
2.48418e-05
2.69946e-05
2.92985e-05
3.18609e-05
7.49927e-07
2.17965e-06
4.03355e-06
6.04042e-06
7.92503e-06
9.81547e-06
1.1709e-05
1.36015e-05
1.55182e-05
1.74572e-05
1.93942e-05
2.13468e-05
2.3361e-05
2.54926e-05
2.77914e-05
3.02839e-05
3.30241e-05
8.04928e-07
2.45543e-06
4.3949e-06
6.34833e-06
8.26679e-06
1.01524e-05
1.206e-05
1.39933e-05
1.59542e-05
1.79392e-05
1.99538e-05
2.20218e-05
2.42022e-05
2.65295e-05
2.90385e-05
3.18012e-05
3.48291e-05
8.53175e-07
2.61529e-06
4.62879e-06
6.61163e-06
8.60797e-06
1.05895e-05
1.26046e-05
1.46315e-05
1.66642e-05
1.87248e-05
2.08355e-05
2.30397e-05
2.53778e-05
2.78936e-05
3.06516e-05
3.36904e-05
3.7064e-05
1.01326e-06
2.82698e-06
4.76328e-06
6.82299e-06
8.95675e-06
1.11367e-05
1.33443e-05
1.55161e-05
1.76548e-05
1.9803e-05
2.20127e-05
2.43355e-05
2.68388e-05
2.95659e-05
3.25659e-05
3.59048e-05
3.96217e-05
1.00233e-06
2.78956e-06
4.77894e-06
6.9596e-06
9.29653e-06
1.17995e-05
1.43214e-05
1.66929e-05
1.89304e-05
2.11589e-05
2.34586e-05
2.59063e-05
2.85588e-05
3.14738e-05
3.47219e-05
3.83344e-05
4.23947e-05
9.00396e-07
2.56238e-06
4.58695e-06
6.95963e-06
9.66932e-06
1.26995e-05
1.56627e-05
1.81712e-05
2.0424e-05
2.27119e-05
2.50778e-05
2.76134e-05
3.03977e-05
3.3491e-05
3.69437e-05
4.08166e-05
4.51631e-05
7.53699e-07
2.25513e-06
4.33113e-06
6.97265e-06
1.00812e-05
1.34061e-05
1.66413e-05
1.95975e-05
2.20988e-05
2.43925e-05
2.68151e-05
2.94288e-05
3.23123e-05
3.55375e-05
3.91747e-05
4.32553e-05
4.78485e-05
6.08928e-07
1.95087e-06
4.11989e-06
7.05964e-06
1.03932e-05
1.38497e-05
1.72997e-05
2.0593e-05
2.35901e-05
2.61327e-05
2.85425e-05
3.12027e-05
3.41604e-05
3.74953e-05
4.12694e-05
4.55334e-05
5.0322e-05
5.01291e-07
1.69798e-06
3.85694e-06
6.94533e-06
1.04582e-05
1.40462e-05
1.76905e-05
2.12564e-05
2.46238e-05
2.76688e-05
3.02573e-05
3.28525e-05
3.58602e-05
3.92684e-05
4.31634e-05
4.75756e-05
5.25327e-05
4.24175e-07
1.50772e-06
3.62998e-06
6.75582e-06
1.03493e-05
1.40434e-05
1.78458e-05
2.16293e-05
2.52839e-05
2.86714e-05
3.15522e-05
3.42635e-05
3.73117e-05
4.07892e-05
4.47863e-05
4.93209e-05
5.44181e-05
3.70082e-07
1.38465e-06
3.43822e-06
6.51196e-06
1.01448e-05
1.3917e-05
1.78354e-05
2.17853e-05
2.56553e-05
2.93332e-05
3.2635e-05
3.551e-05
3.84913e-05
4.20657e-05
4.6151e-05
5.0782e-05
5.60395e-05
3.08334e-07
1.21603e-06
3.1813e-06
6.18644e-06
9.81961e-06
1.36129e-05
1.75989e-05
2.16443e-05
2.56673e-05
2.95353e-05
3.30765e-05
3.60746e-05
3.91374e-05
4.27903e-05
4.69243e-05
5.16503e-05
5.70036e-05
2.18611e-07
1.01907e-06
2.89418e-06
5.84221e-06
9.44807e-06
1.32525e-05
1.72574e-05
2.13547e-05
2.54457e-05
2.94183e-05
3.30569e-05
3.61186e-05
3.9244e-05
4.29193e-05
4.71048e-05
5.1888e-05
5.72903e-05
)
;

boundaryField
{
    frontAndBack
    {
        type            slip;
    }
    inlet
    {
        type            zeroGradient;
    }
    outlet
    {
        type            fixedValue;
        value           uniform 0;
    }
    lowerWall
    {
        type            zeroGradient;
    }
    upperWall
    {
        type            slip;
    }
    procBoundary3to0
    {
        type            processor;
        value           nonuniform List<scalar> 
101
(
5.88963e-06
7.99237e-06
1.00983e-05
1.21776e-05
1.41501e-05
1.59731e-05
1.76102e-05
1.90569e-05
2.03095e-05
2.13828e-05
2.22574e-05
2.29538e-05
2.34922e-05
2.39009e-05
5.68452e-07
1.91435e-06
3.55049e-06
3.55049e-06
6.01362e-06
8.05555e-06
1.01287e-05
1.22907e-05
1.42032e-05
1.5986e-05
1.7612e-05
1.90788e-05
2.03799e-05
2.15068e-05
2.24532e-05
2.32169e-05
2.38133e-05
2.42585e-05
7.48056e-07
2.33662e-06
4.08942e-06
6.01362e-06
8.05555e-06
1.01287e-05
1.01287e-05
1.25986e-05
1.44246e-05
1.59927e-05
1.75802e-05
1.90486e-05
2.03949e-05
2.15878e-05
2.26073e-05
2.34553e-05
2.41249e-05
2.46396e-05
1.01273e-06
2.97496e-06
4.93309e-06
6.87083e-06
8.80566e-06
1.07211e-05
1.25986e-05
1.44246e-05
1.44246e-05
1.63e-05
1.78158e-05
1.92538e-05
2.02965e-05
2.15218e-05
2.25891e-05
2.34894e-05
2.42252e-05
2.47928e-05
1.27869e-06
3.59169e-06
5.70749e-06
7.67179e-06
9.53467e-06
1.13211e-05
1.30434e-05
1.47043e-05
1.63e-05
1.78158e-05
1.92538e-05
1.92538e-05
2.05413e-05
2.17429e-05
2.2833e-05
2.34183e-05
2.41978e-05
2.47913e-05
1.43852e-06
3.95036e-06
6.15294e-06
8.12833e-06
9.95056e-06
1.16757e-05
1.33259e-05
1.49069e-05
1.64135e-05
1.78637e-05
1.92439e-05
2.05413e-05
2.17429e-05
2.2833e-05
2.2833e-05
)
;
    }
    procBoundary3to4
    {
        type            processor;
        value           nonuniform List<scalar> 
125
(
2.43729e-05
2.49494e-05
2.5682e-05
2.64165e-05
2.72158e-05
2.80079e-05
2.88135e-05
2.96752e-05
3.06761e-05
3.15038e-05
3.25984e-05
3.41554e-05
3.62317e-05
3.87639e-05
4.16353e-05
4.47899e-05
4.80149e-05
5.12067e-05
5.42566e-05
5.71426e-05
5.99268e-05
6.21755e-05
6.38754e-05
6.48269e-05
6.50519e-05
2.48318e-05
2.54186e-05
2.60847e-05
2.67752e-05
2.74826e-05
2.82252e-05
2.89786e-05
2.97947e-05
3.07899e-05
3.15068e-05
3.2502e-05
3.40113e-05
3.60301e-05
3.85052e-05
4.13393e-05
4.44407e-05
4.76965e-05
5.08875e-05
5.3918e-05
5.67391e-05
5.93115e-05
6.16566e-05
6.33966e-05
6.43986e-05
6.46977e-05
2.53866e-05
2.59626e-05
2.65338e-05
2.71456e-05
2.77729e-05
2.84509e-05
2.91531e-05
2.99108e-05
3.08589e-05
3.15446e-05
3.24913e-05
3.39013e-05
3.58333e-05
3.82385e-05
4.10243e-05
4.40995e-05
4.73362e-05
5.05061e-05
5.35005e-05
5.62569e-05
5.87149e-05
6.08706e-05
6.27657e-05
6.38476e-05
6.41833e-05
2.56978e-05
2.62697e-05
2.68275e-05
2.73787e-05
2.79661e-05
2.85972e-05
2.92857e-05
3.00263e-05
3.1023e-05
3.17815e-05
3.28124e-05
3.40057e-05
3.57924e-05
3.81251e-05
4.08606e-05
4.39242e-05
4.71017e-05
5.02249e-05
5.3179e-05
5.58827e-05
5.82793e-05
6.0362e-05
6.22571e-05
6.3331e-05
6.36952e-05
2.58149e-05
2.64e-05
2.69342e-05
2.74688e-05
2.80459e-05
2.86612e-05
2.93434e-05
3.00944e-05
3.11174e-05
3.18029e-05
3.27728e-05
3.42703e-05
3.58884e-05
3.8127e-05
4.08038e-05
4.37842e-05
4.69609e-05
5.00496e-05
5.29824e-05
5.56475e-05
5.8015e-05
6.00631e-05
6.19454e-05
6.29904e-05
6.33143e-05
)
;
    }
}


// ************************************************************************* //
