/*--------------------------------*- C++ -*----------------------------------*\
  =========                 |
  \\      /  F ield         | OpenFOAM: The Open Source CFD Toolbox
   \\    /   O peration     | Website:  https://openfoam.org
    \\  /    A nd           | Version:  10
     \\/     M anipulation  |
\*---------------------------------------------------------------------------*/
FoamFile
{
    format      ascii;
    class       surfaceScalarField;
    location    "20";
    object      phi;
}
// * * * * * * * * * * * * * * * * * * * * * * * * * * * * * * * * * * * * * //

dimensions      [0 3 -1 0 0 0 0];

internalField   nonuniform List<scalar> 
5617
(
-200
1.27788e-05
-200
1.12117e-05
-200
1.00675e-05
-200
9.34657e-06
4.31907e-08
-200
9.6165e-06
-2.71229e-08
-200
1.07982e-05
-1.00862e-07
-200
1.22094e-05
-2.50191e-07
-200
1.17898e-05
-2.71439e-07
-200
1.0966e-05
-2.40338e-07
-200
1.09818e-05
-5.86282e-08
-200
1.13151e-05
4.83801e-07
-200
1.1882e-05
4.85391e-07
-200
1.22367e-05
8.48281e-07
1.24952e-05
9.61644e-07
-200
1.38926e-05
-5.09419e-07
-200
1.19812e-05
-9.62997e-08
-200
9.82374e-06
-9.11426e-07
-200
8.25564e-06
-3.31737e-07
-200
6.6885e-06
-1.31264e-08
-200
5.2805e-06
1.93903e-07
-200
4.02692e-06
3.91051e-07
-200
4.37024e-06
5.19809e-07
-200
6.73308e-06
1.37555e-07
-200
9.09712e-06
-1.23813e-07
-200
9.0124e-06
-2.12951e-07
-200
8.48164e-06
-1.55932e-07
-200
8.86282e-06
-9.51178e-09
-200
9.57592e-06
1.59023e-07
-200
1.01962e-05
7.5992e-07
-200
1.07898e-05
7.70778e-07
1.10504e-05
1.1012e-06
-200
8.22636e-06
-1.42608e-07
-200
7.58766e-06
3.50536e-07
-200
6.02747e-06
-3.90191e-07
-200
4.59543e-06
1.04937e-07
-200
3.06356e-06
6.59874e-07
-200
1.58415e-06
1.42873e-06
-200
1.7235e-06
2.25708e-06
-200
2.73294e-06
2.2036e-06
-200
3.20639e-06
1.06497e-06
-200
5.30638e-06
5.25048e-08
-200
6.03383e-06
-1.2451e-07
-200
5.9339e-06
7.86126e-09
-200
6.53665e-06
8.60582e-08
-200
7.39928e-06
5.0983e-07
-200
8.36886e-06
4.52118e-07
-200
9.02163e-06
8.6756e-07
9.47034e-06
9.42232e-07
-200
3.99274e-06
5.24233e-08
-200
4.14516e-06
5.49739e-07
-200
3.29235e-06
-1.23914e-07
-200
2.22791e-06
2.12832e-07
-200
1.064e-06
8.56884e-07
-200
7.97657e-07
1.55625e-06
-200
7.99621e-07
1.72973e-06
-200
1.02998e-06
1.59228e-06
-200
1.5758e-06
1.57411e-06
-200
2.55174e-06
1.17486e-06
-200
2.59506e-06
2.30621e-07
-200
3.20186e-06
8.63179e-08
-200
4.0716e-06
2.98386e-07
-200
5.13018e-06
2.85516e-07
-200
6.11083e-06
7.7121e-07
-200
6.9815e-06
7.91779e-07
7.53542e-06
1.03693e-06
-200
1.13653e-06
3.84347e-07
-200
1.57224e-06
7.22903e-07
-200
1.04801e-06
-1.94647e-07
-200
1.51622e-07
5.69321e-08
-200
-8.96222e-07
3.8913e-07
-200
7.95379e-08
8.6734e-07
-200
9.78374e-07
8.8286e-07
-200
6.14625e-07
8.2171e-07
-200
9.87038e-07
1.05279e-06
-200
1.72884e-06
1.52946e-06
-200
3.04391e-07
1.2818e-06
-200
3.41948e-08
4.21727e-07
-200
1.46041e-06
1.13316e-07
-200
2.55013e-06
5.15096e-07
-200
3.84682e-06
4.44141e-07
-200
4.8516e-06
7.13572e-07
5.46735e-06
8.71728e-07
-200
-1.08064e-06
4.2394e-07
-200
-4.59299e-09
7.81307e-07
-200
8.8123e-07
-1.39582e-07
-200
4.10461e-07
-1.19136e-07
-200
7.41195e-07
1.62859e-07
-200
1.06244e-06
-2.93248e-07
-200
6.79282e-07
-2.44231e-07
-200
5.24675e-07
2.5183e-07
-200
1.34438e-06
6.42014e-07
-200
2.15201e-06
9.74454e-07
-200
4.82351e-07
1.15148e-06
-200
-1.55749e-06
1.01401e-06
-200
-1.61071e-06
7.33978e-07
-200
-1.14809e-07
2.44219e-07
-200
1.31785e-06
5.13652e-07
-200
2.50463e-06
4.45107e-07
3.25731e-06
3.42034e-07
-200
2.18063e-07
1.56387e-06
-200
-1.0232e-06
1.20904e-06
-200
-1.31544e-06
-9.38647e-07
-200
7.91301e-07
-8.5176e-07
-200
5.48147e-07
-7.77726e-07
-200
5.30409e-07
-1.20355e-06
-200
1.19348e-06
-5.23974e-07
-200
1.82871e-06
1.40132e-07
-200
2.74151e-06
4.25175e-07
-200
4.07336e-06
8.33618e-07
-200
2.61765e-06
1.05327e-06
-200
7.85633e-07
9.71154e-07
-200
-2.31916e-08
9.22939e-07
-200
-8.32249e-07
1.22102e-06
-200
-1.58359e-06
4.26615e-07
-200
-1.24049e-06
-2.58259e-07
-4.58911e-07
-9.41909e-08
-200
-3.7274e-07
7.07972e-07
-200
1.29371e-06
1.603e-06
-200
3.48813e-07
-4.14648e-07
-200
-1.37883e-06
-1.35874e-06
-200
-2.13912e-07
-6.63385e-07
-200
1.48758e-06
-9.58421e-07
-200
2.17175e-06
-5.54841e-07
-200
2.85949e-06
-5.37515e-08
-200
4.68191e-06
2.18594e-07
-200
7.30449e-06
5.19713e-07
-200
6.01501e-06
7.16576e-07
-200
3.97041e-06
6.46695e-07
-200
2.35348e-06
5.15625e-07
-200
7.59958e-07
5.22023e-09
-200
-1.20788e-06
2.94342e-07
-200
-3.23453e-06
2.74126e-07
-3.90598e-06
-3.36239e-07
-200
-4.188e-06
2.58878e-07
-200
-2.17569e-06
6.02456e-07
-200
-1.54832e-06
-1.43075e-06
-200
-8.83605e-07
-1.71691e-06
-200
1.62189e-06
-5.85661e-07
-200
3.95694e-06
-1.35798e-07
-200
5.64826e-06
-3.03191e-07
-200
7.47513e-06
-3.97781e-08
-200
7.20022e-06
2.10729e-07
-200
8.19641e-06
2.46816e-07
-200
8.74631e-06
1.86817e-07
-200
7.15169e-06
1.32206e-07
-200
5.83875e-06
-8.60982e-08
-200
4.81584e-06
3.70293e-08
-200
2.6773e-06
1.25683e-08
-200
-5.46307e-10
-1.14123e-07
-1.28953e-06
2.16191e-07
-200
-1.01786e-05
2.61688e-07
-200
-6.91121e-06
2.53068e-07
-200
-4.29474e-06
-9.57778e-07
-200
-2.28499e-06
-4.86589e-07
-200
9.6133e-07
-2.35323e-07
-200
4.28235e-06
-4.24671e-07
-200
6.65462e-06
-4.1458e-07
-200
8.45615e-06
-1.8557e-07
-200
9.5912e-06
1.32063e-07
-200
8.94372e-06
-5.18923e-07
-200
7.37418e-06
-9.80057e-07
-200
6.89828e-06
-8.49325e-07
-200
4.7656e-06
-9.1977e-07
-200
2.96421e-06
-1.15668e-06
-200
2.91975e-06
5.21701e-07
-200
2.98863e-06
6.47064e-07
2.21212e-06
-6.76664e-07
-200
-1.74475e-05
6.88002e-07
-200
-1.27893e-05
7.89592e-07
-200
-9.46694e-06
-7.16299e-07
-200
-6.1309e-06
-2.24436e-07
-200
-2.46432e-06
2.83219e-08
-200
9.53709e-07
2.17469e-07
-200
3.83801e-06
1.94982e-07
-200
6.31189e-06
4.19984e-07
-200
8.21756e-06
1.08049e-06
-200
9.34208e-06
8.16389e-07
-200
6.67578e-06
-4.51521e-07
-200
4.26751e-06
-1.2723e-06
-200
4.68655e-06
-5.28519e-07
-200
5.1954e-06
3.36196e-07
-200
5.26741e-06
9.44933e-08
-200
5.34026e-06
1.99962e-07
4.76946e-06
5.19136e-07
-200
-2.55554e-05
6.27896e-07
-200
-1.96899e-05
3.89822e-07
-200
-1.57843e-05
-1.30126e-06
-200
-1.14021e-05
-6.83685e-07
-200
-7.07652e-06
-3.69023e-07
-200
-3.43411e-06
-6.73736e-07
-200
2.07834e-09
-4.11113e-07
-200
2.97352e-06
1.05334e-08
-200
5.49656e-06
3.63912e-07
-200
7.71612e-06
6.23367e-07
-200
6.81827e-06
2.69351e-07
-200
5.44247e-06
-6.49368e-08
-200
5.85339e-06
-2.8982e-08
-200
6.59675e-06
-2.82436e-07
-200
6.92101e-06
1.01141e-08
-200
7.19186e-06
-4.87973e-08
7.29316e-06
-7.05554e-07
-200
-3.34337e-05
8.43071e-07
-200
-2.6754e-05
4.42234e-07
-200
-2.24482e-05
-1.62076e-06
-200
-1.6744e-05
-8.72323e-07
-200
-1.16412e-05
-5.14792e-07
-200
-7.79176e-06
-4.45684e-07
-200
-3.75398e-06
-2.64922e-07
-200
-9.75232e-08
-1.09392e-07
-200
3.02099e-06
2.94422e-07
-200
5.71807e-06
5.86236e-07
-200
5.94402e-06
4.91537e-07
-200
5.70593e-06
2.62603e-07
-200
6.46233e-06
5.05825e-08
-200
7.32227e-06
1.00635e-07
-200
8.12434e-06
-1.99085e-07
-200
8.70518e-06
-3.8882e-07
8.83942e-06
2.13777e-08
-200
-3.98024e-05
1.00713e-06
-200
-3.15334e-05
8.24214e-07
-200
-2.66727e-05
-7.34936e-07
-200
-2.2066e-05
-6.28209e-07
-200
-1.73119e-05
-5.56859e-07
-200
-1.26765e-05
-6.36388e-07
-200
-7.5014e-06
-3.23531e-07
-200
-2.59532e-06
-2.78895e-08
-200
9.91463e-07
5.62989e-08
-200
4.00021e-06
1.99304e-07
-200
4.91377e-06
3.00661e-07
-200
5.29814e-06
2.51782e-07
-200
6.39724e-06
1.05095e-07
-200
7.71381e-06
-3.68381e-07
-200
8.75766e-06
-2.65542e-07
-200
9.61776e-06
-3.23241e-07
1.02184e-05
-7.50426e-07
-200
-4.52215e-05
1.12321e-06
-200
-3.64995e-05
1.02499e-06
-200
-3.16415e-05
-2.7931e-07
-200
-2.67306e-05
-3.69386e-08
-200
-2.1939e-05
-5.97647e-08
-200
-1.74471e-05
-1.07645e-07
-200
-1.23165e-05
-2.49932e-07
-200
-5.35526e-06
-5.42241e-07
-200
-4.65464e-07
-1.52968e-07
-200
1.89567e-06
2.01919e-07
-200
3.60684e-06
2.19909e-07
-200
4.43328e-06
1.64488e-07
-200
5.82012e-06
2.97593e-08
-200
7.31194e-06
-4.30205e-08
-200
8.62496e-06
-2.58281e-07
-200
9.69401e-06
-4.62043e-07
1.01745e-05
2.84323e-08
-200
-4.83032e-05
1.20628e-06
-200
-3.92111e-05
9.71953e-07
-200
-3.38673e-05
6.82154e-07
-200
-2.97304e-05
9.78213e-07
-200
-2.42766e-05
5.23931e-07
-200
-1.88928e-05
1.08487e-06
-200
-1.38756e-05
7.45915e-07
-200
-1.08648e-05
-1.71189e-06
-200
-3.77328e-06
-9.26498e-07
-200
2.65424e-06
2.97719e-07
-200
2.24728e-06
4.06829e-08
-200
3.81643e-06
1.96171e-07
-200
5.53574e-06
1.0639e-07
-200
7.31237e-06
-2.22275e-07
-200
8.71323e-06
-5.73391e-08
-200
9.91583e-06
-9.38087e-09
1.0791e-05
-2.31646e-07
-200
-4.89466e-05
1.56575e-06
-200
-4.0277e-05
1.21573e-06
-200
-3.4433e-05
3.60615e-07
-200
-2.94854e-05
8.4869e-07
-200
-2.29672e-05
5.47297e-07
-200
-1.88658e-05
8.06807e-07
-200
-1.47391e-05
9.84628e-07
-200
-1.12237e-05
1.628e-08
-200
-8.43579e-06
-1.84088e-06
-200
-4.47063e-07
-9.21579e-07
-200
3.98643e-06
2.91134e-07
-200
2.6915e-06
-1.07927e-07
-200
4.71246e-06
-1.24713e-07
-200
6.69047e-06
-1.15483e-07
-200
8.45637e-06
-4.63774e-07
-200
9.77e-06
-4.1531e-07
1.05143e-05
2.62927e-07
-200
-4.66963e-05
1.7075e-06
-200
-3.83572e-05
1.47786e-06
-200
-3.31416e-05
2.95399e-07
-200
-2.83216e-05
3.07423e-07
-200
-2.14494e-05
3.42243e-07
-200
-1.75453e-05
2.91242e-07
-200
-1.39264e-05
3.2493e-07
-200
-1.09023e-05
5.25376e-07
-200
-7.95718e-06
-4.62005e-07
-200
-4.86508e-06
-1.97153e-06
-200
1.81302e-06
-9.44462e-07
-200
4.37456e-06
2.89551e-07
-200
3.44155e-06
2.68107e-08
-200
5.91996e-06
-3.73533e-07
-200
7.50897e-06
-3.66929e-07
-200
8.87907e-06
-2.81696e-07
1.00495e-05
-4.6831e-07
-200
-4.25535e-05
1.84853e-06
-200
-3.56422e-05
1.90725e-06
-200
-3.1019e-05
-5.38788e-08
-200
-2.58341e-05
-7.35485e-07
-200
-2.01004e-05
2.20399e-09
-200
-1.587e-05
3.62787e-07
-200
-1.27461e-05
2.76364e-07
-200
-9.93235e-06
1.11058e-07
-200
-7.41639e-06
4.72257e-07
-200
-3.79635e-06
-1.0608e-07
-200
-1.64285e-06
-2.30172e-06
-200
2.95254e-06
-1.10368e-06
-200
3.62416e-06
5.42692e-07
-200
4.73247e-06
6.24731e-09
-200
6.31834e-06
-4.04599e-07
-200
7.59759e-06
-5.39971e-07
8.43083e-06
6.16135e-08
-200
-3.6742e-05
2.17839e-06
-200
-3.17486e-05
2.1535e-06
-200
-2.69132e-05
6.26529e-07
-200
-2.0896e-05
-2.5039e-07
-200
-1.70813e-05
-2.32862e-07
-200
-1.37037e-05
-2.58943e-07
-200
-1.10541e-05
-2.77909e-07
-200
-8.77234e-06
-2.59959e-07
-200
-6.59471e-06
-2.02477e-07
-200
-4.47143e-06
-7.30095e-07
-200
-5.1414e-06
-2.50936e-06
-200
1.85424e-06
-1.35681e-06
-200
4.45346e-06
4.45177e-07
-200
2.95863e-06
-2.75235e-08
-200
4.76695e-06
-2.71914e-07
-200
5.67782e-06
-1.83111e-07
6.67976e-06
-6.22576e-07
-200
-2.9824e-05
2.40668e-06
-200
-2.62627e-05
2.70029e-06
-200
-2.18593e-05
1.00417e-06
-200
-1.71741e-05
-1.71262e-07
-200
-1.40606e-05
-3.76913e-07
-200
-1.11198e-05
-2.64548e-07
-200
-8.92006e-06
-4.01242e-07
-200
-6.89505e-06
-4.98612e-07
-200
-5.29224e-06
-4.10076e-07
-200
-3.87182e-06
-7.43228e-09
-200
-2.57433e-06
-8.51358e-07
-200
7.52218e-08
-2.16246e-06
-200
2.72313e-06
-7.85572e-07
-200
2.85864e-06
1.03314e-06
-200
3.65821e-06
2.23835e-07
-200
4.45651e-06
-1.59565e-07
5.19276e-06
1.7442e-07
-200
-2.19747e-05
2.42934e-06
-200
-1.98019e-05
2.45668e-06
-200
-1.65007e-05
8.88007e-07
-200
-1.32865e-05
-1.53915e-07
-200
-1.07693e-05
-4.13699e-07
-200
-8.30776e-06
-5.62148e-07
-200
-6.53581e-06
-6.28128e-07
-200
-5.19306e-06
-7.99983e-07
-200
-3.79099e-06
-8.09206e-07
-200
-3.01028e-06
-3.57285e-07
-200
-1.82676e-06
-1.00152e-06
-200
-2.03497e-06
-2.08427e-06
-200
1.89701e-06
-1.01659e-06
-200
2.72019e-06
7.56045e-07
-200
2.38931e-06
9.43279e-08
-200
2.86606e-06
3.63128e-09
3.83557e-06
-5.51606e-07
-200
-1.3846e-05
2.44329e-06
-200
-1.24961e-05
2.17026e-06
-200
-1.09027e-05
3.94613e-07
-200
-8.979e-06
-2.61069e-07
-200
-7.31922e-06
-5.17379e-07
-200
-5.37829e-06
-4.65147e-07
-200
-4.47003e-06
-1.03355e-06
-200
-3.55676e-06
-8.61563e-07
-200
-2.92282e-06
-6.98062e-07
-200
-2.24389e-06
-3.31312e-07
-200
-2.72064e-06
-8.50667e-07
-200
-4.32246e-06
-2.68499e-06
-200
1.31889e-06
-1.6882e-06
-200
3.96248e-06
3.76175e-07
-200
5.23885e-07
-1.09627e-07
-200
1.64049e-06
-6.0486e-07
2.36448e-06
-7.70393e-07
-200
-5.64969e-06
2.25881e-06
-200
-5.02083e-06
1.88332e-06
-200
-4.44743e-06
-2.61486e-07
-200
-4.11109e-06
-9.99151e-07
-200
-3.14017e-06
-6.39934e-07
-200
-2.31374e-06
-1.00474e-06
-200
-1.81066e-06
-1.16299e-06
-200
-1.76694e-06
-1.14907e-06
-200
-1.25027e-06
-9.97978e-07
-200
-1.20743e-06
-5.54641e-07
-200
-1.54152e-06
-5.5525e-07
-200
-1.47248e-06
-1.49295e-06
-200
4.98041e-07
-2.54176e-06
-200
1.75611e-06
-1.21884e-06
-200
4.88776e-07
2.63405e-07
-200
8.51342e-07
-5.9568e-07
1.13494e-06
-9.99548e-07
-200
2.10689e-06
-200
1.40278e-06
-200
-5.3889e-07
-200
-1.3406e-06
-200
-1.49943e-06
-200
-1.42251e-06
-200
-1.92744e-06
-200
-1.69672e-06
-200
-1.28566e-06
-200
-9.80778e-07
-200
-4.61743e-07
-200
-1.21912e-06
-200
-3.31823e-06
-200
-1.88178e-06
-200
-4.2932e-07
-200
-1.35142e-06
-1.62959e-06
-200
9.11618e-06
-200
9.46058e-06
-200
1.05177e-05
-1.3106e-07
-200
1.19451e-05
-2.45681e-07
-200
1.10718e-05
-2.3764e-07
-200
1.03781e-05
-1.32938e-07
-200
1.0502e-05
1.42257e-07
-200
1.09018e-05
7.62789e-07
-200
1.17396e-05
1.00258e-06
-200
1.24754e-05
1.5375e-06
1.28539e-05
1.62218e-06
-200
1.27163e-05
-4.24592e-07
-200
1.3019e-05
1.00427e-06
-200
1.10696e-05
-1.16616e-06
-200
8.46998e-06
-5.68425e-07
-200
5.99124e-06
-1.47025e-07
-200
4.36023e-06
1.17078e-07
-200
3.70267e-06
5.47982e-07
-200
4.75436e-06
4.12469e-07
-200
6.48683e-06
1.36024e-07
-200
8.75585e-06
-4.28366e-08
-200
8.20405e-06
-1.04913e-07
-200
7.78196e-06
-5.14056e-08
-200
8.32165e-06
9.41277e-08
-200
9.22096e-06
4.19353e-07
-200
1.03043e-05
1.07812e-06
-200
1.12151e-05
1.22206e-06
1.17838e-05
1.66492e-06
-200
7.11205e-06
-8.05993e-08
-200
8.1798e-06
1.19015e-06
-200
6.15286e-06
-9.38818e-07
-200
3.69559e-06
-2.73776e-07
-200
7.93445e-07
5.77798e-07
-200
-8.85967e-07
1.34259e-06
-200
-1.43573e-06
1.72008e-06
-200
-1.444e-07
1.48654e-06
-200
2.08583e-06
8.80422e-07
-200
5.54191e-06
3.11851e-07
-200
5.21951e-06
2.1732e-07
-200
5.14977e-06
2.9127e-07
-200
6.03237e-06
3.75136e-07
-200
7.30674e-06
7.72902e-07
-200
8.56204e-06
8.90049e-07
-200
9.56272e-06
1.39515e-06
1.02284e-05
1.4849e-06
-200
2.56906e-06
2.50047e-07
-200
4.1628e-06
1.37157e-06
-200
3.01615e-06
-3.18899e-07
-200
1.04513e-06
5.33501e-07
-200
-1.12246e-06
1.75973e-06
-200
-1.13416e-06
2.89006e-06
-200
-1.74884e-06
3.16169e-06
-200
-1.37644e-06
2.47537e-06
-200
-9.29437e-07
1.64235e-06
-200
1.38636e-06
6.62072e-07
-200
1.41355e-06
3.71062e-07
-200
2.5414e-06
3.7561e-07
-200
3.62762e-06
5.0654e-07
-200
5.24731e-06
5.98807e-07
-200
6.69356e-06
1.01451e-06
-200
7.88319e-06
1.14361e-06
8.62736e-06
1.47088e-06
-200
-1.84457e-07
7.97655e-07
-200
1.50577e-06
1.42177e-06
-200
5.66992e-07
-4.49502e-07
-200
-1.43722e-06
1.37564e-07
-200
-3.05992e-06
1.08423e-06
-200
-1.4613e-06
1.9429e-06
-200
-1.00769e-06
1.76327e-06
-200
-1.66774e-06
1.59081e-06
-200
-1.50807e-06
1.51357e-06
-200
-8.38255e-07
1.43785e-06
-200
-2.5836e-06
1.15455e-06
-200
-9.58183e-07
9.26496e-07
-200
9.61959e-07
6.5955e-07
-200
2.91977e-06
8.23899e-07
-200
4.46394e-06
9.04046e-07
-200
5.88081e-06
1.1595e-06
6.635e-06
1.25873e-06
-200
-1.75656e-06
9.7652e-07
-200
-3.89937e-07
1.52374e-06
-200
-5.5738e-07
-5.78105e-07
-200
-1.20461e-06
-1.33819e-07
-200
-1.22088e-06
5.2605e-07
-200
-6.02126e-07
2.49086e-08
-200
-7.67779e-07
1.59068e-07
-200
-1.05536e-06
4.90952e-07
-200
-5.32053e-07
9.86458e-07
-200
5.71101e-07
1.59722e-06
-200
-1.7599e-06
2.23655e-06
-200
-2.93022e-06
1.75151e-06
-200
-2.5299e-06
7.33065e-07
-200
6.88548e-08
4.5693e-07
-200
2.18066e-06
7.77734e-07
-200
3.59142e-06
8.49791e-07
4.28667e-06
9.91271e-07
-200
-2.22605e-06
1.46178e-06
-200
-1.98942e-06
1.99075e-06
-200
-2.06117e-06
-9.092e-07
-200
-1.02723e-06
-1.06399e-06
-200
-3.33283e-07
-3.322e-07
-200
1.21156e-08
-9.88021e-07
-200
-3.96465e-08
-6.27616e-07
-200
1.08546e-07
1.93949e-07
-200
1.30936e-06
5.45105e-07
-200
3.27499e-06
1.12023e-06
-200
1.13691e-06
1.50445e-06
-200
-5.0185e-07
1.81717e-06
-200
-1.11211e-06
2.08281e-06
-200
-1.52018e-06
1.60815e-06
-200
-1.78149e-06
6.70509e-07
-200
-3.18085e-08
6.40124e-07
1.00741e-06
9.43804e-07
-200
-2.41152e-06
1.0185e-06
-200
-1.01158e-07
2.87416e-06
-200
-2.40922e-06
-3.52653e-07
-200
-3.93658e-06
-1.96475e-06
-200
-9.61907e-07
-6.86077e-07
-200
1.44605e-06
-1.10035e-06
-200
1.27913e-06
-9.02008e-07
-200
2.04252e-06
-6.82542e-07
-200
3.78318e-06
-1.09931e-07
-200
6.83021e-06
4.30614e-07
-200
4.83106e-06
8.63192e-07
-200
3.10184e-06
9.43847e-07
-200
2.12215e-06
8.65617e-07
-200
1.00126e-06
6.5517e-07
-200
-1.05086e-06
1.31216e-06
-200
-3.23968e-06
8.61709e-07
-4.14234e-06
-8.11747e-08
-200
-5.34207e-06
9.91613e-07
-200
-2.79901e-06
1.82059e-06
-200
-3.54291e-06
-1.56506e-06
-200
-1.82745e-06
-1.16333e-06
-200
1.05831e-06
-9.38389e-09
-200
3.54168e-06
-6.5243e-07
-200
5.548e-06
-1.17859e-06
-200
7.96713e-06
-5.14368e-07
-200
7.73686e-06
-1.09589e-07
-200
8.03224e-06
4.18663e-07
-200
7.56746e-06
5.27505e-07
-200
6.3912e-06
6.77288e-07
-200
5.65261e-06
5.60095e-07
-200
4.7259e-06
5.78363e-07
-200
3.57103e-06
5.12754e-07
-200
8.61912e-07
8.69917e-07
-9.49525e-07
1.13026e-06
-200
-1.09129e-05
6.9024e-07
-200
-7.95721e-06
1.30875e-06
-200
-6.5773e-06
-1.4143e-06
-200
-3.27291e-06
-4.40292e-07
-200
4.6658e-07
3.47973e-08
-200
4.45623e-06
-5.55575e-07
-200
7.51554e-06
-9.88773e-07
-200
9.82034e-06
-1.08978e-06
-200
1.08774e-05
-1.07312e-06
-200
9.88377e-06
-1.48472e-06
-200
7.26513e-06
-1.0889e-06
-200
5.82871e-06
-7.1466e-07
-200
4.78302e-06
-1.22966e-06
-200
3.84619e-06
-1.49173e-06
-200
2.74101e-06
-8.9694e-07
-200
2.88447e-06
3.09237e-07
3.02446e-06
1.0708e-06
-200
-1.87706e-05
9.26359e-07
-200
-1.54617e-05
1.41402e-06
-200
-1.30389e-05
-1.60596e-06
-200
-7.99103e-06
-2.93112e-07
-200
-3.54501e-06
4.23483e-07
-200
2.31571e-07
-2.88503e-07
-200
3.79596e-06
-7.40965e-07
-200
6.74126e-06
-2.92687e-07
-200
8.64495e-06
3.46589e-07
-200
9.45645e-06
3.32754e-07
-200
7.16295e-06
8.54046e-08
-200
5.90763e-06
-1.78361e-07
-200
5.84023e-06
-1.71178e-08
-200
5.75504e-06
2.14253e-07
-200
5.3901e-06
-3.16796e-07
-200
5.64345e-06
1.54929e-07
5.6225e-06
8.24724e-07
-200
-2.69983e-05
8.14141e-07
-200
-2.32097e-05
7.94576e-07
-200
-2.00345e-05
-2.53556e-06
-200
-1.32107e-05
-6.61803e-07
-200
-7.88e-06
-1.37549e-07
-200
-3.88089e-06
-1.09233e-06
-200
1.36007e-07
-8.29905e-07
-200
3.562e-06
-4.3635e-07
-200
6.27079e-06
6.71718e-08
-200
8.33758e-06
4.14286e-07
-200
7.08644e-06
3.68857e-07
-200
6.558e-06
2.18403e-07
-200
7.08239e-06
2.56452e-08
-200
7.50134e-06
-3.21482e-07
-200
7.87563e-06
-4.24417e-07
-200
8.24212e-06
-5.41071e-07
8.08431e-06
-4.97191e-07
-200
-3.44207e-05
1.36278e-06
-200
-2.91702e-05
1.40223e-06
-200
-2.49414e-05
-1.83722e-06
-200
-1.81297e-05
-1.14973e-06
-200
-1.27506e-05
-7.47791e-07
-200
-8.13485e-06
-9.52767e-07
-200
-3.58553e-06
-6.58874e-07
-200
5.70933e-07
-6.05732e-08
-200
4.04737e-06
3.05632e-07
-200
7.00932e-06
5.5106e-07
-200
6.56355e-06
5.46641e-07
-200
6.74381e-06
4.85126e-07
-200
7.65344e-06
2.54507e-07
-200
8.57913e-06
5.60349e-08
-200
9.38099e-06
-3.6787e-07
-200
9.94687e-06
-4.86292e-07
1.01526e-05
-4.73715e-07
-200
-4.07413e-05
1.45121e-06
-200
-3.42833e-05
1.3243e-06
-200
-2.95696e-05
-1.4485e-06
-200
-2.30045e-05
-1.15016e-06
-200
-1.76676e-05
-1.1042e-06
-200
-1.26792e-05
-8.93581e-07
-200
-7.1343e-06
-5.27908e-07
-200
-2.0402e-06
-3.41409e-07
-200
2.16494e-06
-4.23977e-08
-200
5.70906e-06
1.56814e-07
-200
6.06893e-06
2.33074e-07
-200
6.74667e-06
5.66498e-08
-200
8.06932e-06
-2.36461e-07
-200
9.26794e-06
-5.96358e-07
-200
1.04442e-05
-6.57808e-07
-200
1.12804e-05
-9.60146e-07
1.14331e-05
-9.46068e-07
-200
-4.59282e-05
1.73825e-06
-200
-3.88445e-05
1.31514e-06
-200
-3.40232e-05
-1.00449e-06
-200
-2.76289e-05
-6.96434e-07
-200
-2.255e-05
-4.63469e-07
-200
-1.79588e-05
-2.58019e-07
-200
-1.13314e-05
-2.85185e-07
-200
-4.81387e-06
-1.62613e-07
-200
1.89065e-07
2.76769e-08
-200
4.37928e-06
6.20379e-08
-200
5.12677e-06
9.82235e-08
-200
6.24666e-06
1.0003e-07
-200
7.73048e-06
-4.84414e-08
-200
9.18025e-06
-2.31437e-07
-200
1.05889e-05
-6.08183e-07
-200
1.14405e-05
-5.82743e-07
1.19147e-05
-4.77992e-07
-200
-4.8845e-05
1.655e-06
-200
-4.21323e-05
9.93474e-07
-200
-3.7292e-05
-5.37949e-07
-200
-3.06789e-05
2.76382e-07
-200
-2.55328e-05
7.52953e-07
-200
-1.99103e-05
1.35461e-06
-200
-1.52272e-05
2.71865e-07
-200
-9.74687e-06
-1.21893e-06
-200
-1.84424e-06
-6.40003e-07
-200
3.4623e-06
-3.14883e-07
-200
4.49923e-06
-2.53081e-07
-200
5.76166e-06
-2.91278e-07
-200
7.31656e-06
-4.58942e-07
-200
8.83946e-06
-6.93536e-07
-200
1.03864e-05
-6.97835e-07
-200
1.13019e-05
-6.33627e-07
1.17023e-05
-5.02775e-07
-200
-4.97015e-05
2.18672e-06
-200
-4.3664e-05
1.67695e-06
-200
-3.71044e-05
1.39617e-07
-200
-2.98018e-05
1.37771e-06
-200
-2.49831e-05
1.57264e-06
-200
-1.95614e-05
1.1763e-06
-200
-1.51003e-05
9.85302e-07
-200
-1.10494e-05
7.65687e-07
-200
-5.62836e-06
-5.14074e-07
-200
1.32784e-06
-1.06771e-06
-200
4.26535e-06
-4.5356e-07
-200
5.24495e-06
-2.79845e-07
-200
6.82037e-06
-2.47564e-07
-200
8.45968e-06
-3.04247e-07
-200
1.00575e-05
-6.31315e-07
-200
1.10574e-05
-4.09385e-07
1.18085e-05
-5.28478e-09
-200
-4.70613e-05
2.37488e-06
-200
-4.18052e-05
2.26219e-06
-200
-3.56814e-05
-2.32845e-07
-200
-2.94968e-05
1.79656e-07
-200
-2.30198e-05
6.65927e-08
-200
-1.73901e-05
2.24536e-07
-200
-1.37137e-05
4.33656e-07
-200
-1.01683e-05
5.91774e-07
-200
-6.60821e-06
2.05941e-07
-200
-1.26713e-06
-9.11967e-07
-200
2.7944e-06
-1.08408e-06
-200
4.99376e-06
-6.21775e-07
-200
6.25923e-06
-5.95753e-07
-200
7.79858e-06
-7.06234e-07
-200
9.34408e-06
-6.31945e-07
-200
1.04442e-05
-5.53054e-07
1.1268e-05
-3.16581e-07
-200
-4.25951e-05
2.68214e-06
-200
-3.77704e-05
2.57889e-06
-200
-3.15829e-05
9.1015e-09
-200
-2.64504e-05
-1.61381e-07
-200
-2.06919e-05
-1.00477e-07
-200
-1.59649e-05
-1.0249e-07
-200
-1.24808e-05
-1.59454e-07
-200
-9.42033e-06
-3.43168e-08
-200
-6.74647e-06
1.16904e-07
-200
-3.88637e-06
-3.61198e-07
-200
2.95697e-07
-1.71923e-06
-200
3.96409e-06
-7.99183e-07
-200
5.47606e-06
-2.97548e-07
-200
6.67149e-06
-3.54552e-07
-200
8.00516e-06
-5.00809e-07
-200
8.9479e-06
-3.8591e-07
1.0044e-05
5.08166e-08
-200
-3.66876e-05
2.87022e-06
-200
-3.27239e-05
2.68184e-06
-200
-2.69127e-05
7.70997e-08
-200
-2.26326e-05
-5.17228e-07
-200
-1.77096e-05
-8.25675e-07
-200
-1.38175e-05
-8.08661e-07
-200
-1.06131e-05
-6.48468e-07
-200
-8.03203e-06
-6.87272e-07
-200
-5.89376e-06
-5.16918e-07
-200
-4.24625e-06
-8.84906e-07
-200
-2.21899e-06
-1.26765e-06
-200
2.19462e-06
-1.15381e-06
-200
4.91395e-06
-5.91252e-07
-200
5.38846e-06
-5.22854e-07
-200
6.49029e-06
-5.71802e-07
-200
7.23832e-06
-3.91246e-07
8.16164e-06
-4.25535e-07
-200
-2.98545e-05
3.19787e-06
-200
-2.72879e-05
3.18445e-06
-200
-2.22049e-05
5.972e-07
-200
-1.8363e-05
-6.02837e-07
-200
-1.43621e-05
-1.03389e-06
-200
-1.12139e-05
-1.00706e-06
-200
-8.43881e-06
-1.06209e-06
-200
-6.35563e-06
-9.50286e-07
-200
-4.63175e-06
-7.19808e-07
-200
-3.07979e-06
-1.88145e-07
-200
-2.18759e-06
-1.87186e-07
-200
7.34087e-07
-1.1936e-06
-200
3.24207e-06
-9.33729e-07
-200
4.06303e-06
-3.74818e-08
-200
4.63457e-06
-2.40331e-07
-200
5.02056e-06
-3.03982e-07
5.99142e-06
-1.19191e-07
-200
-2.20686e-05
3.04496e-06
-200
-2.0204e-05
3.41672e-06
-200
-1.66266e-05
7.70485e-07
-200
-1.41271e-05
-1.22377e-06
-200
-1.07889e-05
-1.32122e-06
-200
-8.13818e-06
-1.62305e-06
-200
-6.15236e-06
-1.4346e-06
-200
-4.41621e-06
-1.57426e-06
-200
-3.28649e-06
-1.45925e-06
-200
-1.99099e-06
-8.52921e-07
-200
-1.94382e-06
-9.22011e-07
-200
3.11363e-08
-1.17847e-06
-200
2.30808e-06
-7.47237e-07
-200
3.41461e-06
-4.18784e-08
-200
3.43198e-06
-1.45095e-07
-200
3.74585e-06
-1.47416e-07
4.81624e-06
-4.1276e-07
-200
-1.40056e-05
3.14195e-06
-200
-1.27749e-05
3.0454e-06
-200
-1.11332e-05
3.81702e-07
-200
-9.53971e-06
-9.57018e-07
-200
-7.18801e-06
-1.40804e-06
-200
-5.39132e-06
-1.64369e-06
-200
-4.08101e-06
-1.91442e-06
-200
-3.08181e-06
-1.70501e-06
-200
-2.34789e-06
-1.34872e-06
-200
-1.77772e-06
-7.38016e-07
-200
-2.40491e-06
-8.70843e-07
-200
-1.82382e-06
-1.2729e-06
-200
1.13447e-06
-1.00335e-06
-200
2.95607e-06
-3.07874e-07
-200
2.18414e-06
-4.22119e-07
-200
2.63256e-06
-8.58029e-07
3.31175e-06
-9.57742e-07
-200
-6.3741e-06
3.13444e-06
-200
-5.59501e-06
2.89304e-06
-200
-5.51988e-06
-3.19488e-07
-200
-4.66536e-06
-1.51345e-06
-200
-3.36998e-06
-1.76203e-06
-200
-2.65591e-06
-2.01858e-06
-200
-2.17744e-06
-2.10699e-06
-200
-1.60448e-06
-2.01459e-06
-200
-1.16309e-06
-1.63547e-06
-200
-1.03e-06
-8.46379e-07
-200
-1.09713e-06
-4.53745e-07
-200
-7.82767e-07
-8.23444e-07
-200
4.43765e-07
-1.08646e-06
-200
1.44184e-06
-1.08625e-06
-200
1.21827e-06
-5.8413e-07
-200
1.4017e-06
-1.02245e-06
1.67618e-06
-1.24169e-06
-200
3.45772e-06
-200
2.7823e-06
-200
-1.52266e-07
-200
-1.71975e-06
-200
-2.05927e-06
-200
-2.42017e-06
-200
-2.81598e-06
-200
-2.36598e-06
-200
-1.78897e-06
-200
-1.40218e-06
-200
-5.34365e-07
-200
-8.95072e-07
-200
-1.82921e-06
-200
-1.59723e-06
-200
-1.25137e-06
-200
-1.63549e-06
-1.8821e-06
-200
1.07225e-05
-200
1.18477e-05
-200
1.0818e-05
-200
1.00518e-05
1.68388e-09
-200
1.02131e-05
2.04706e-07
-200
1.08471e-05
7.24454e-07
-200
1.163e-05
1.14525e-06
-200
1.24653e-05
1.52978e-06
1.30022e-05
1.7361e-06
-200
1.31501e-05
-2.4575e-07
-200
1.31938e-05
1.09359e-06
-200
1.12693e-05
-1.28651e-06
-200
9.10414e-06
-6.21217e-07
-200
7.20354e-06
-2.07018e-07
-200
6.05666e-06
2.14541e-08
-200
5.77896e-06
3.29071e-07
-200
5.98373e-06
2.38172e-07
-200
7.05804e-06
1.2764e-07
-200
8.86401e-06
1.92263e-08
-200
7.91846e-06
-7.32997e-08
-200
7.61319e-06
2.35753e-09
-200
8.07138e-06
2.29847e-07
-200
9.11342e-06
5.95805e-07
-200
1.02844e-05
9.53774e-07
-200
1.12445e-05
1.30045e-06
1.20943e-05
1.58121e-06
-200
7.86253e-06
-1.28155e-08
-200
8.82798e-06
1.40272e-06
-200
6.895e-06
-1.0763e-06
-200
4.66551e-06
-3.00348e-07
-200
2.44136e-06
4.36692e-07
-200
1.10317e-06
9.18039e-07
-200
1.0039e-06
1.12982e-06
-200
1.81507e-06
1.0271e-06
-200
3.23823e-06
7.3909e-07
-200
5.60281e-06
4.69616e-07
-200
5.14477e-06
4.15723e-07
-200
5.20399e-06
4.26738e-07
-200
6.02285e-06
4.66005e-07
-200
7.36464e-06
7.60322e-07
-200
8.66084e-06
1.05827e-06
-200
9.80893e-06
1.35721e-06
1.06385e-05
1.59323e-06
-200
3.34567e-06
4.27995e-07
-200
4.61314e-06
1.50122e-06
-200
2.9185e-06
-7.82994e-07
-200
5.9333e-07
1.92395e-07
-200
-1.85556e-06
1.16093e-06
-200
-3.34698e-06
1.94517e-06
-200
-3.30495e-06
1.99937e-06
-200
-2.49578e-06
1.55275e-06
-200
-1.0202e-06
1.19474e-06
-200
2.20875e-06
7.64543e-07
-200
2.60925e-06
4.42147e-07
-200
3.04868e-06
3.63093e-07
-200
4.09731e-06
4.91081e-07
-200
5.55389e-06
7.05543e-07
-200
7.07634e-06
8.87448e-07
-200
8.24181e-06
1.12291e-06
9.17426e-06
1.29949e-06
-200
3.29537e-07
9.36629e-07
-200
1.5647e-06
1.69912e-06
-200
4.07986e-07
-2.98128e-07
-200
-1.89711e-06
6.8606e-07
-200
-3.60031e-06
1.92861e-06
-200
-3.36325e-06
3.05557e-06
-200
-2.36153e-06
3.04294e-06
-200
-2.35298e-06
2.72685e-06
-200
-1.49025e-06
2.50179e-06
-200
-1.24084e-07
1.81656e-06
-200
-9.62525e-07
8.20384e-07
-200
-1.58394e-07
6.99155e-07
-200
1.90876e-06
7.32019e-07
-200
3.52783e-06
8.15476e-07
-200
5.17839e-06
9.86612e-07
-200
6.36614e-06
1.17491e-06
7.19851e-06
1.31854e-06
-200
-1.4066e-06
1.11068e-06
-200
-7.28952e-08
1.75216e-06
-200
-3.54032e-07
-5.48629e-07
-200
-1.81111e-06
3.83581e-07
-200
-1.69312e-06
1.40077e-06
-200
-1.59262e-06
6.13553e-07
-200
-1.44387e-06
2.31535e-07
-200
-1.57616e-06
8.03575e-07
-200
-1.01435e-06
1.5062e-06
-200
2.06928e-08
2.35303e-06
-200
-2.58164e-06
1.98542e-06
-200
-3.2429e-06
1.00129e-06
-200
-7.52299e-07
7.09569e-07
-200
1.41648e-06
7.32726e-07
-200
3.19748e-06
7.53286e-07
-200
4.22331e-06
9.48113e-07
5.06754e-06
1.07584e-06
-200
-2.64237e-06
1.36638e-06
-200
-1.019e-06
2.11293e-06
-200
-9.26613e-07
-8.82535e-07
-200
-1.76802e-06
-7.40477e-07
-200
-3.4133e-07
3.49248e-07
-200
1.21761e-07
-4.33754e-07
-200
-3.29555e-07
-2.27738e-07
-200
-3.5268e-07
2.9187e-07
-200
7.04963e-07
7.80456e-07
-200
2.36141e-06
1.24603e-06
-200
4.47718e-08
1.64889e-06
-200
-1.44183e-06
2.31435e-06
-200
-2.06994e-06
2.06025e-06
-200
-1.68488e-06
1.16318e-06
-200
4.58943e-07
9.93879e-07
-200
1.67073e-06
1.01837e-06
2.19594e-06
1.26416e-06
-200
-1.2716e-06
2.20743e-06
-200
-6.11715e-07
3.01964e-06
-200
-3.40187e-06
-1.55067e-06
-200
-2.71751e-06
-1.41003e-06
-200
3.40665e-07
-3.83576e-07
-200
1.39412e-06
-1.0406e-06
-200
9.44484e-07
-8.17208e-07
-200
1.70502e-06
-4.45629e-07
-200
3.33898e-06
5.87084e-08
-200
5.85854e-06
6.19257e-07
-200
3.71872e-06
8.63353e-07
-200
2.44588e-06
9.4554e-07
-200
1.25913e-06
1.17935e-06
-200
1.68545e-07
1.46226e-06
-200
-1.08071e-06
1.21826e-06
-200
-1.68577e-06
5.54239e-07
-1.24779e-06
6.97793e-07
-200
-4.87977e-06
1.39191e-06
-200
-3.17063e-06
2.03639e-06
-200
-3.44861e-06
-1.49486e-06
-200
-1.32504e-06
-1.0377e-06
-200
1.46382e-06
-4.96446e-07
-200
3.88426e-06
-7.97715e-07
-200
5.5059e-06
-7.58879e-07
-200
7.4356e-06
-2.87368e-07
-200
6.58115e-06
-3.98983e-08
-200
6.74035e-06
3.28765e-07
-200
5.85884e-06
6.31855e-07
-200
5.50647e-06
6.73171e-07
-200
4.3682e-06
5.52348e-07
-200
3.4415e-06
4.60699e-07
-200
2.25467e-06
3.77776e-07
-200
1.52813e-06
6.79885e-07
1.43234e-06
9.68288e-07
-200
-1.08536e-05
8.30097e-07
-200
-7.76468e-06
1.62101e-06
-200
-6.81005e-06
-1.87694e-06
-200
-2.88847e-06
-1.0426e-06
-200
1.19291e-06
-3.62541e-07
-200
4.44471e-06
-4.96446e-07
-200
7.49427e-06
-6.4967e-07
-200
1.00919e-05
-8.98403e-07
-200
1.09712e-05
-7.36224e-07
-200
1.22213e-05
-3.9448e-07
-200
8.54293e-06
-3.75235e-07
-200
6.23031e-06
-5.15748e-07
-200
5.57674e-06
-6.71699e-07
-200
4.68995e-06
-8.36841e-07
-200
3.83558e-06
-8.04693e-07
-200
3.32623e-06
-5.08516e-08
2.85446e-06
6.45519e-07
-200
-1.89566e-05
4.76363e-07
-200
-1.53894e-05
8.39127e-07
-200
-1.37099e-05
-2.05618e-06
-200
-7.87028e-06
-5.73221e-07
-200
-3.21479e-06
-1.95261e-07
-200
1.6872e-07
-1.00628e-07
-200
4.04448e-06
-3.71895e-07
-200
6.79684e-06
-8.02996e-07
-200
8.82308e-06
-4.3169e-07
-200
1.04693e-05
-1.40845e-07
-200
8.10211e-06
3.21658e-08
-200
6.65459e-06
-1.53378e-07
-200
6.56417e-06
-3.7758e-07
-200
6.28461e-06
-7.79089e-07
-200
5.8443e-06
-1.10975e-06
-200
5.48539e-06
-3.39194e-07
5.29991e-06
2.50228e-07
-200
-2.70163e-05
8.25484e-07
-200
-2.19719e-05
9.27077e-07
-200
-1.88915e-05
-2.26636e-06
-200
-1.31672e-05
-7.2645e-07
-200
-8.07773e-06
-1.11471e-07
-200
-3.66691e-06
-4.25887e-07
-200
1.77392e-07
-8.90244e-07
-200
3.5671e-06
-6.92733e-07
-200
6.2752e-06
-2.18292e-07
-200
8.62253e-06
3.13548e-07
-200
7.34111e-06
2.11239e-07
-200
6.93092e-06
6.98455e-08
-200
7.32083e-06
-5.27158e-08
-200
7.41222e-06
-2.61908e-07
-200
7.57487e-06
-7.95395e-07
-200
7.57687e-06
-8.75983e-07
7.36072e-06
-3.49584e-07
-200
-3.43395e-05
1.53389e-06
-200
-2.82049e-05
1.58692e-06
-200
-2.41278e-05
-1.73426e-06
-200
-1.78289e-05
-7.18382e-07
-200
-1.25485e-05
-4.1265e-07
-200
-7.82809e-06
-8.34586e-07
-200
-3.37562e-06
-5.80695e-07
-200
6.01242e-07
-1.49243e-07
-200
4.09144e-06
2.20836e-07
-200
7.12452e-06
4.79551e-07
-200
6.83196e-06
7.28341e-07
-200
6.94958e-06
7.66585e-07
-200
7.82944e-06
5.12163e-07
-200
8.50913e-06
1.68081e-07
-200
9.10556e-06
-1.64823e-07
-200
9.45713e-06
-4.19664e-07
9.393e-06
-4.35157e-07
-200
-4.07634e-05
1.54038e-06
-200
-3.41557e-05
1.12745e-06
-200
-2.90414e-05
-1.73724e-06
-200
-2.22468e-05
-1.10743e-06
-200
-1.68497e-05
-1.06759e-06
-200
-1.18261e-05
-8.68405e-07
-200
-6.83616e-06
-6.58388e-07
-200
-1.95388e-06
-4.02137e-07
-200
2.17649e-06
-9.2989e-08
-200
5.82674e-06
1.71836e-07
-200
6.17951e-06
4.74636e-08
-200
6.96577e-06
-1.37723e-07
-200
8.16737e-06
-2.56469e-07
-200
9.19232e-06
-4.38834e-07
-200
1.01355e-05
-6.91443e-07
-200
1.05989e-05
-9.02379e-07
1.07655e-05
-8.93852e-07
-200
-4.60283e-05
1.66081e-06
-200
-3.96087e-05
6.6783e-07
-200
-3.35645e-05
-1.45593e-06
-200
-2.64914e-05
-7.11569e-07
-200
-2.11624e-05
-6.88023e-07
-200
-1.60341e-05
-3.72351e-07
-200
-1.03979e-05
-1.87326e-07
-200
-4.53163e-06
-1.01082e-07
-200
3.88751e-07
-2.54098e-08
-200
4.45653e-06
-4.45406e-08
-200
5.41491e-06
9.7423e-08
-200
6.4038e-06
1.66627e-07
-200
7.87961e-06
-8.4156e-08
-200
9.25921e-06
-4.08737e-07
-200
1.04488e-05
-6.43645e-07
-200
1.10158e-05
-7.21661e-07
1.1294e-05
-7.60177e-07
-200
-4.84004e-05
1.86188e-06
-200
-4.2357e-05
1.27468e-06
-200
-3.69353e-05
-1.33606e-06
-200
-3.03997e-05
-5.65759e-07
-200
-2.50762e-05
-6.53647e-08
-200
-2.02921e-05
2.58553e-07
-200
-1.43544e-05
-8.16331e-08
-200
-7.26864e-06
-6.47766e-07
-200
-1.14195e-06
-6.44646e-07
-200
3.37454e-06
-4.58753e-07
-200
4.50816e-06
-4.8554e-07
-200
5.90098e-06
-6.74086e-07
-200
7.45878e-06
-7.63114e-07
-200
8.91848e-06
-9.0748e-07
-200
1.02417e-05
-1.04957e-06
-200
1.08523e-05
-9.21214e-07
1.11542e-05
-7.29269e-07
-200
-4.88076e-05
2.34615e-06
-200
-4.30951e-05
1.90359e-06
-200
-3.76191e-05
-3.07648e-07
-200
-3.19764e-05
5.94754e-07
-200
-2.64113e-05
1.30146e-06
-200
-2.0035e-05
1.91699e-06
-200
-1.47255e-05
1.39728e-06
-200
-1.05159e-05
6.58409e-09
-200
-4.12671e-06
-8.14127e-07
-200
2.24731e-06
-7.92705e-07
-200
3.99688e-06
-4.65895e-07
-200
5.48199e-06
-3.34265e-07
-200
7.11858e-06
-3.79252e-07
-200
8.70599e-06
-6.70628e-07
-200
1.01006e-05
-6.69309e-07
-200
1.09077e-05
-5.33452e-07
1.14477e-05
-3.81432e-07
-200
-4.68004e-05
2.11015e-06
-200
-4.1491e-05
2.02086e-06
-200
-3.65572e-05
-3.96301e-07
-200
-3.0884e-05
-1.25138e-07
-200
-2.38839e-05
-1.30146e-07
-200
-1.80365e-05
1.34157e-07
-200
-1.40257e-05
2.73671e-07
-200
-1.05894e-05
2.54127e-07
-200
-6.75922e-06
-3.21756e-07
-200
-4.13312e-08
-9.82801e-07
-200
3.41394e-06
-1.2041e-06
-200
5.08132e-06
-1.01087e-06
-200
6.60966e-06
-9.49548e-07
-200
8.0999e-06
-9.01147e-07
-200
9.50715e-06
-8.80618e-07
-200
1.03927e-05
-7.17644e-07
1.11152e-05
-4.15919e-07
-200
-4.22826e-05
2.51627e-06
-200
-3.76001e-05
2.31875e-06
-200
-3.21937e-05
4.30707e-07
-200
-2.71698e-05
3.19455e-07
-200
-2.14913e-05
-7.6499e-07
-200
-1.6235e-05
-7.21292e-07
-200
-1.25259e-05
-2.97329e-07
-200
-9.49752e-06
2.64325e-09
-200
-6.73994e-06
-7.89057e-08
-200
-2.50018e-06
-4.78943e-07
-200
1.13159e-06
-1.04478e-06
-200
4.28847e-06
-8.26254e-07
-200
5.72621e-06
-7.80334e-07
-200
7.07364e-06
-7.63175e-07
-200
8.35488e-06
-6.16298e-07
-200
9.24728e-06
-4.6753e-07
1.02509e-05
-3.47089e-07
-200
-3.66802e-05
2.34552e-06
-200
-3.25679e-05
1.99351e-06
-200
-2.74312e-05
-4.67827e-07
-200
-2.30343e-05
-8.62906e-07
-200
-1.81786e-05
-1.24398e-06
-200
-1.37977e-05
-1.07712e-06
-200
-1.05295e-05
-8.82111e-07
-200
-7.80322e-06
-7.84913e-07
-200
-5.61327e-06
-3.60218e-07
-200
-3.11767e-06
-2.96803e-08
-200
-5.86915e-07
-9.27569e-07
-200
2.7974e-06
-1.58989e-06
-200
4.78238e-06
-1.1315e-06
-200
5.85912e-06
-9.407e-07
-200
6.93801e-06
-8.41541e-07
-200
7.73106e-06
-6.99845e-07
8.68989e-06
-5.50291e-07
-200
-3.02689e-05
2.76901e-06
-200
-2.68765e-05
2.50247e-06
-200
-2.22652e-05
-9.8589e-08
-200
-1.8721e-05
-8.91381e-07
-200
-1.46429e-05
-1.44022e-06
-200
-1.13073e-05
-1.32223e-06
-200
-8.61079e-06
-1.29715e-06
-200
-6.44518e-06
-1.18609e-06
-200
-4.7637e-06
-9.58201e-07
-200
-3.32724e-06
-5.14975e-07
-200
-2.54644e-06
-6.28792e-07
-200
8.37598e-07
-1.1347e-06
-200
3.84511e-06
-1.04475e-06
-200
4.54605e-06
-6.98519e-07
-200
5.27159e-06
-6.1766e-07
-200
5.71977e-06
-5.28957e-07
6.70381e-06
-5.94425e-07
-200
-2.20227e-05
3.23358e-06
-200
-2.04727e-05
2.86454e-06
-200
-1.75394e-05
-4.83464e-07
-200
-1.42e-05
-1.42068e-06
-200
-1.10263e-05
-1.72095e-06
-200
-8.59897e-06
-1.90345e-06
-200
-6.46811e-06
-1.83492e-06
-200
-4.91391e-06
-1.78126e-06
-200
-3.82882e-06
-1.51019e-06
-200
-2.61665e-06
-8.51912e-07
-200
-2.24924e-06
-7.41203e-07
-200
-3.74127e-07
-9.81228e-07
-200
2.15399e-06
-1.1493e-06
-200
3.28036e-06
-7.42471e-07
-200
3.36303e-06
-7.18144e-07
-200
3.67381e-06
-7.51582e-07
4.33242e-06
-8.1282e-07
-200
-1.40348e-05
3.52025e-06
-200
-1.30838e-05
2.96212e-06
-200
-1.16827e-05
-5.29842e-07
-200
-9.76211e-06
-1.29538e-06
-200
-7.50527e-06
-1.81059e-06
-200
-5.70058e-06
-2.08739e-06
-200
-4.37015e-06
-2.10661e-06
-200
-3.50861e-06
-1.96179e-06
-200
-2.6846e-06
-1.63783e-06
-200
-2.01863e-06
-9.12076e-07
-200
-2.06477e-06
-6.31141e-07
-200
-1.75326e-06
-8.36669e-07
-200
8.73754e-07
-7.9674e-07
-200
2.6098e-06
-7.48047e-07
-200
2.25748e-06
-7.41431e-07
-200
2.48889e-06
-1.02369e-06
3.05926e-06
-1.15553e-06
-200
-6.50671e-06
3.55368e-06
-200
-5.96489e-06
2.6712e-06
-200
-5.95519e-06
-9.17931e-07
-200
-4.92335e-06
-1.56689e-06
-200
-3.5502e-06
-2.30181e-06
-200
-2.97723e-06
-2.45925e-06
-200
-2.28905e-06
-2.44931e-06
-200
-1.87233e-06
-2.13437e-06
-200
-1.54331e-06
-1.66213e-06
-200
-8.85642e-07
-9.97942e-07
-200
-1.00273e-06
-6.58938e-08
-200
-4.12214e-07
1.5674e-07
-200
3.57678e-07
-7.36258e-07
-200
1.18026e-06
-1.28189e-06
-200
1.2285e-06
-1.29608e-06
-200
1.356e-06
-1.3585e-06
1.63161e-06
-1.4716e-06
-200
3.85924e-06
-200
2.95511e-06
-200
-5.19312e-07
-200
-1.94304e-06
-200
-2.48656e-06
-200
-2.88258e-06
-200
-2.86698e-06
-200
-2.51982e-06
-200
-1.89433e-06
-200
-1.25097e-06
-200
-2.49209e-07
-200
-2.13563e-07
-200
-9.47155e-07
-200
-2.08288e-06
-200
-1.66708e-06
-200
-1.84113e-06
-2.02458e-06
-200
9.98161e-06
-200
1.01272e-05
-200
1.08386e-05
-200
1.17421e-05
8.06633e-07
-200
1.26158e-05
9.02453e-07
1.32052e-05
1.19848e-06
-200
1.36491e-05
8.6539e-08
-200
1.26792e-05
6.29602e-07
-200
1.13571e-05
-8.37311e-07
-200
9.5352e-06
-4.25032e-07
-200
8.10065e-06
-1.12292e-07
-200
7.13073e-06
8.92138e-08
-200
6.85875e-06
1.3795e-07
-200
7.14365e-06
1.77262e-07
-200
7.8973e-06
1.10558e-07
-200
9.16713e-06
4.55049e-08
-200
8.03801e-06
2.87316e-08
-200
7.46725e-06
1.95576e-07
-200
8.12631e-06
3.72624e-07
-200
9.01855e-06
5.55751e-07
-200
1.02992e-05
6.66316e-07
-200
1.14453e-05
9.85005e-07
1.23802e-05
1.05008e-06
-200
8.77073e-06
2.22883e-07
-200
8.58412e-06
8.00939e-07
-200
7.39049e-06
-6.56046e-07
-200
5.58679e-06
-1.69273e-07
-200
4.05102e-06
2.11271e-07
-200
3.04833e-06
4.88391e-07
-200
2.91979e-06
5.99062e-07
-200
3.53411e-06
5.35391e-07
-200
4.60302e-06
4.66031e-07
-200
6.35641e-06
4.12149e-07
-200
5.45847e-06
3.98804e-07
-200
5.27344e-06
3.49935e-07
-200
6.20417e-06
4.39405e-07
-200
7.47437e-06
6.56829e-07
-200
8.85913e-06
8.68965e-07
-200
1.01445e-05
9.54189e-07
1.114e-05
1.15208e-06
-200
4.39164e-06
4.8557e-07
-200
4.97295e-06
9.41979e-07
-200
3.80409e-06
-4.91676e-07
-200
1.80576e-06
3.61598e-08
-200
-8.96416e-08
5.01403e-07
-200
-1.24524e-06
8.2169e-07
-200
-1.25384e-06
8.66165e-07
-200
-2.88899e-07
8.09745e-07
-200
1.17943e-06
6.95471e-07
-200
3.47418e-06
5.29423e-07
-200
3.00631e-06
3.68606e-07
-200
3.07211e-06
3.75432e-07
-200
4.2941e-06
5.42758e-07
-200
5.75611e-06
6.17554e-07
-200
7.3159e-06
6.63373e-07
-200
8.55886e-06
8.95941e-07
9.59257e-06
9.50885e-07
-200
1.08637e-06
7.70488e-07
-200
1.86495e-06
1.07247e-06
-200
4.15368e-07
-2.02786e-07
-200
-1.93399e-06
3.78076e-07
-200
-3.99145e-06
9.69651e-07
-200
-4.85867e-06
1.4991e-06
-200
-4.90422e-06
1.54048e-06
-200
-3.84025e-06
1.35154e-06
-200
-2.31669e-06
1.22834e-06
-200
7.09369e-07
9.76352e-07
-200
4.65162e-07
6.55883e-07
-200
1.02587e-06
5.27796e-07
-200
2.54727e-06
5.27251e-07
-200
4.18422e-06
7.07873e-07
-200
5.58772e-06
8.49087e-07
-200
6.78709e-06
8.91402e-07
7.74108e-06
1.01859e-06
-200
-6.88441e-07
9.25905e-07
-200
1.67581e-07
1.11304e-06
-200
-9.96717e-07
-4.15371e-07
-200
-3.132e-06
2.07915e-07
-200
-3.81781e-06
5.14877e-07
-200
-2.99997e-06
3.96365e-07
-200
-2.4213e-06
2.33628e-07
-200
-2.54092e-06
8.24765e-07
-200
-1.97359e-06
1.59062e-06
-200
-1.07126e-06
1.64717e-06
-200
-2.90564e-06
7.94309e-07
-200
-1.54953e-06
5.1433e-07
-200
6.19103e-07
6.84737e-07
-200
2.41879e-06
5.97975e-07
-200
3.7576e-06
6.00827e-07
-200
4.72467e-06
8.32257e-07
5.59456e-06
8.25944e-07
-200
-1.22606e-06
1.07068e-06
-200
-6.11327e-07
1.34494e-06
-200
-1.65462e-06
-5.32232e-07
-200
-2.52274e-06
-3.06306e-07
-200
-8.18011e-07
2.72386e-07
-200
-2.29103e-07
-3.17852e-07
-200
-7.04763e-07
-6.24003e-08
-200
-8.22714e-07
1.59828e-07
-200
1.19817e-07
5.07279e-07
-200
1.65011e-06
7.36658e-07
-200
-6.6822e-07
8.45679e-07
-200
-2.0397e-06
9.44384e-07
-200
-1.99566e-06
1.03612e-06
-200
3.81024e-07
1.04069e-06
-200
1.82667e-06
8.87561e-07
-200
2.36821e-06
8.63647e-07
3.216e-06
9.67799e-07
-200
-1.64148e-06
1.30916e-06
-200
-9.78552e-07
1.58203e-06
-200
-2.85348e-06
-8.32594e-07
-200
-2.41129e-06
-6.39414e-07
-200
6.6553e-07
-1.3905e-07
-200
1.48666e-06
-5.92935e-07
-200
9.75552e-07
-4.50401e-07
-200
1.52496e-06
-1.69081e-07
-200
3.04402e-06
8.52133e-08
-200
5.4329e-06
3.09488e-07
-200
3.11324e-06
4.41866e-07
-200
1.67768e-06
5.15611e-07
-200
5.48883e-07
7.23869e-07
-200
-4.67794e-07
7.96985e-07
-200
-7.60954e-07
7.65336e-07
-200
-4.1171e-07
7.82222e-07
3.44224e-07
8.20913e-07
-200
-4.86597e-06
1.28894e-06
-200
-3.01105e-06
1.27297e-06
-200
-3.15136e-06
-8.13896e-07
-200
-1.05987e-06
-5.13233e-07
-200
2.01076e-06
-3.70973e-07
-200
4.60823e-06
-5.1858e-07
-200
5.6805e-06
-3.37353e-07
-200
7.11702e-06
-6.63126e-08
-200
6.44984e-06
6.35116e-08
-200
6.95129e-06
1.77544e-07
-200
5.37212e-06
4.84802e-07
-200
4.79637e-06
4.59266e-07
-200
3.80617e-06
3.37752e-07
-200
3.10097e-06
3.89181e-07
-200
2.42005e-06
4.56777e-07
-200
2.41113e-06
6.96617e-07
2.66991e-06
1.06869e-06
-200
-1.07371e-05
1.05064e-06
-200
-7.88235e-06
1.12719e-06
-200
-6.24454e-06
-7.87173e-07
-200
-1.94594e-06
-4.46371e-07
-200
1.50255e-06
-6.39496e-07
-200
4.7426e-06
-4.63394e-07
-200
7.64274e-06
-3.73395e-07
-200
1.00003e-05
-2.23104e-07
-200
1.1125e-05
-2.458e-07
-200
1.23362e-05
-4.35653e-07
-200
8.75806e-06
-6.21585e-08
-200
6.25287e-06
2.81711e-07
-200
5.37596e-06
1.01716e-07
-200
4.57479e-06
4.27626e-08
-200
4.12367e-06
-1.3667e-07
-200
4.12758e-06
3.93922e-07
3.77398e-06
1.07326e-06
-200
-1.81264e-05
8.68265e-07
-200
-1.46733e-05
4.68585e-07
-200
-1.3451e-05
-1.95608e-06
-200
-7.42049e-06
-5.49149e-07
-200
-2.40436e-06
-2.25043e-07
-200
5.23649e-07
-2.94261e-07
-200
4.14694e-06
-2.4987e-07
-200
7.56242e-06
-5.16689e-07
-200
9.59616e-06
-3.96495e-07
-200
1.13631e-05
-1.56276e-07
-200
9.01622e-06
-2.852e-07
-200
7.44425e-06
-5.1942e-07
-200
7.2704e-06
-5.83116e-07
-200
7.08226e-06
-7.66966e-07
-200
7.07521e-06
-1.15512e-06
-200
7.14225e-06
3.19559e-07
6.65828e-06
1.7151e-06
-200
-2.63681e-05
6.20878e-07
-200
-2.17622e-05
1.93852e-07
-200
-1.84877e-05
-1.48028e-06
-200
-1.2364e-05
-4.20925e-07
-200
-7.73583e-06
-2.83792e-07
-200
-3.53685e-06
1.26123e-08
-200
7.8572e-07
-3.62823e-07
-200
4.22789e-06
-6.75494e-07
-200
7.01353e-06
-3.49352e-07
-200
9.32908e-06
-1.44325e-07
-200
8.22073e-06
-2.04258e-07
-200
7.52724e-06
-2.72552e-07
-200
7.67686e-06
-3.22144e-07
-200
7.76685e-06
-5.66785e-07
-200
8.20778e-06
-9.99907e-07
-200
8.47229e-06
-6.87327e-07
8.29756e-06
-1.03482e-07
-200
-3.40127e-05
1.15904e-06
-200
-2.87434e-05
8.56896e-07
-200
-2.36423e-05
-1.23431e-06
-200
-1.74189e-05
-4.83602e-07
-200
-1.21122e-05
-7.05336e-09
-200
-6.94209e-06
-3.12176e-08
-200
-2.60359e-06
-3.75701e-07
-200
1.30793e-06
-2.52904e-07
-200
4.6668e-06
5.07761e-08
-200
7.68424e-06
3.38303e-07
-200
7.28477e-06
4.879e-07
-200
7.46042e-06
4.28086e-07
-200
8.1153e-06
1.66016e-07
-200
8.68963e-06
7.24334e-08
-200
9.23695e-06
-1.89315e-07
-200
9.49954e-06
-2.21386e-07
9.25075e-06
2.6031e-07
-200
-4.04978e-05
7.6308e-07
-200
-3.53603e-05
1.06795e-07
-200
-2.84953e-05
-1.16747e-06
-200
-2.12461e-05
-5.1704e-07
-200
-1.58991e-05
-5.53264e-07
-200
-1.07116e-05
-4.38448e-07
-200
-5.89954e-06
-4.82562e-07
-200
-1.38897e-06
-2.31717e-07
-200
2.7196e-06
-7.70562e-08
-200
6.30115e-06
1.86087e-08
-200
6.75124e-06
-3.02227e-08
-200
7.31455e-06
-8.7201e-08
-200
8.39058e-06
-4.22487e-08
-200
9.34755e-06
-3.72667e-07
-200
1.02915e-05
-4.39688e-07
-200
1.0558e-05
-4.3758e-07
1.06128e-05
-6.98301e-07
-200
-4.47215e-05
1.17282e-06
-200
-3.92757e-05
5.99112e-07
-200
-3.28434e-05
-9.32426e-07
-200
-2.58259e-05
-5.0586e-07
-200
-1.9598e-05
-5.13085e-07
-200
-1.43481e-05
-3.22203e-07
-200
-9.09486e-06
-1.20508e-07
-200
-3.83281e-06
-9.24619e-08
-200
9.34763e-07
-6.14379e-08
-200
5.06014e-06
4.25168e-08
-200
5.88258e-06
6.19719e-08
-200
6.91475e-06
3.92128e-08
-200
8.23668e-06
-1.72118e-07
-200
9.60405e-06
-2.54072e-07
-200
1.06199e-05
-4.30684e-07
-200
1.08652e-05
-5.63616e-07
1.08429e-05
-3.64056e-07
-200
-4.76115e-05
7.79369e-07
-200
-4.1677e-05
5.47649e-07
-200
-3.55795e-05
-3.54101e-07
-200
-2.94294e-05
-3.57838e-07
-200
-2.36984e-05
-5.46519e-07
-200
-1.80477e-05
-2.56229e-07
-200
-1.22802e-05
-2.32773e-07
-200
-6.40525e-06
-2.34797e-07
-200
-6.11352e-07
-2.81161e-07
-200
4.04859e-06
-3.07261e-07
-200
5.39668e-06
-3.34131e-07
-200
6.54558e-06
-3.99784e-07
-200
8.13184e-06
-3.43696e-07
-200
9.50058e-06
-6.06696e-07
-200
1.07786e-05
-4.86685e-07
-200
1.1171e-05
-4.08524e-07
1.14403e-05
-5.43306e-07
-200
-4.87832e-05
1.02455e-06
-200
-4.24616e-05
8.22089e-07
-200
-3.67226e-05
-2.83294e-07
-200
-3.21261e-05
-2.6499e-08
-200
-2.73696e-05
1.67733e-07
-200
-2.12855e-05
3.98099e-07
-200
-1.51393e-05
3.47332e-07
-200
-8.97373e-06
-1.96028e-08
-200
-2.01529e-06
-3.48571e-07
-200
3.42685e-06
-4.66503e-07
-200
4.84835e-06
-4.16343e-07
-200
6.22333e-06
-4.41686e-07
-200
7.93725e-06
-5.31129e-07
-200
9.4061e-06
-6.17271e-07
-200
1.06671e-05
-6.31527e-07
-200
1.12885e-05
-6.89391e-07
1.16338e-05
-4.08018e-07
-200
-4.63877e-05
1.36447e-06
-200
-4.0602e-05
9.67123e-07
-200
-3.58042e-05
-4.8344e-07
-200
-2.99617e-05
3.02516e-07
-200
-2.4466e-05
6.92247e-08
-200
-1.90639e-05
-4.21497e-07
-200
-1.41586e-05
3.2002e-08
-200
-9.80264e-06
6.39984e-07
-200
-4.8551e-06
-1.42536e-07
-200
1.14369e-06
-9.87115e-07
-200
4.13988e-06
-1.05159e-06
-200
5.54937e-06
-9.54848e-07
-200
7.28096e-06
-8.25986e-07
-200
8.66403e-06
-1.03702e-06
-200
1.0002e-05
-9.25507e-07
-200
1.07085e-05
-7.21672e-07
1.14466e-05
-8.12566e-07
-200
-4.19434e-05
1.52625e-06
-200
-3.73339e-05
1.12551e-06
-200
-3.33424e-05
-6.1633e-07
-200
-2.7986e-05
-6.15706e-07
-200
-2.12575e-05
-8.38852e-07
-200
-1.58147e-05
-5.02265e-07
-200
-1.214e-05
-2.24611e-07
-200
-8.80412e-06
2.03476e-07
-200
-5.57602e-06
5.20503e-07
-200
-7.18405e-07
-2.75678e-07
-200
2.28247e-06
-1.06401e-06
-200
4.67285e-06
-8.27735e-07
-200
6.34877e-06
-1.00582e-06
-200
7.75033e-06
-8.87759e-07
-200
8.9542e-06
-8.36618e-07
-200
9.74001e-06
-8.30891e-07
1.05292e-05
-6.25852e-07
-200
-3.59166e-05
1.41989e-06
-200
-3.2144e-05
9.10405e-07
-200
-2.80849e-05
-1.20726e-06
-200
-2.34015e-05
-1.21226e-06
-200
-1.8102e-05
-1.12572e-06
-200
-1.37196e-05
-1.08551e-06
-200
-1.05591e-05
-9.75321e-07
-200
-7.87533e-06
-7.54428e-07
-200
-5.76788e-06
-4.44412e-07
-200
-3.32138e-06
-5.52005e-07
-200
2.79228e-07
-1.13557e-06
-200
3.80642e-06
-1.2044e-06
-200
5.35178e-06
-1.08774e-06
-200
6.4616e-06
-1.16707e-06
-200
7.55265e-06
-1.08261e-06
-200
8.21852e-06
-9.03635e-07
9.1315e-06
-1.01759e-06
-200
-2.88836e-05
1.62344e-06
-200
-2.62e-05
1.1924e-06
-200
-2.27957e-05
-9.13491e-07
-200
-1.86842e-05
-1.17816e-06
-200
-1.45684e-05
-1.39633e-06
-200
-1.12582e-05
-1.34738e-06
-200
-8.53622e-06
-1.25175e-06
-200
-6.38807e-06
-1.11942e-06
-200
-4.85071e-06
-9.35362e-07
-200
-3.283e-06
-7.52876e-07
-200
-1.52685e-06
-8.47344e-07
-200
1.80587e-06
-9.8571e-07
-200
4.41291e-06
-1.15897e-06
-200
5.10021e-06
-9.46238e-07
-200
5.88168e-06
-9.2274e-07
-200
6.40784e-06
-9.95221e-07
7.01503e-06
-9.42455e-07
-200
-2.12381e-05
1.69276e-06
-200
-2.02323e-05
1.21858e-06
-200
-1.7749e-05
-1.14221e-06
-200
-1.39929e-05
-1.569e-06
-200
-1.09347e-05
-1.64945e-06
-200
-8.48852e-06
-1.70119e-06
-200
-6.50319e-06
-1.62041e-06
-200
-4.87118e-06
-1.52663e-06
-200
-3.65571e-06
-1.2536e-06
-200
-2.22833e-06
-6.94606e-07
-200
-1.30052e-06
-1.78862e-07
-200
6.96554e-07
-9.33517e-07
-200
2.75019e-06
-1.40238e-06
-200
3.49509e-06
-1.15217e-06
-200
4.04315e-06
-1.1118e-06
-200
4.02994e-06
-1.12456e-06
4.63627e-06
-1.30903e-06
-200
-1.36956e-05
1.94223e-06
-200
-1.29441e-05
1.39224e-06
-200
-1.17014e-05
-1.07699e-06
-200
-9.52442e-06
-1.50913e-06
-200
-7.36992e-06
-1.77002e-06
-200
-5.61437e-06
-1.83679e-06
-200
-4.22403e-06
-1.86945e-06
-200
-3.13584e-06
-1.84098e-06
-200
-2.20927e-06
-1.63288e-06
-200
-1.00279e-06
-1.11252e-06
-200
-6.28874e-07
-8.12275e-07
-200
5.06871e-07
-1.00785e-06
-200
1.83262e-06
-1.13653e-06
-200
2.69488e-06
-9.75005e-07
-200
2.66977e-06
-1.13154e-06
-200
2.88546e-06
-1.22113e-06
3.45428e-06
-1.32187e-06
-200
-6.49099e-06
1.96514e-06
-200
-5.96866e-06
1.24103e-06
-200
-5.77499e-06
-1.18283e-06
-200
-4.79192e-06
-1.68214e-06
-200
-3.77645e-06
-1.9272e-06
-200
-2.85702e-06
-2.00941e-06
-200
-2.08894e-06
-2.1475e-06
-200
-1.65057e-06
-1.88838e-06
-200
-1.03862e-06
-1.6472e-06
-200
-4.59231e-07
-1.20775e-06
-200
-8.41674e-08
-6.52516e-07
-200
4.67246e-07
-7.86637e-07
-200
1.16371e-06
-1.03448e-06
-200
1.47042e-06
-1.46664e-06
-200
1.32746e-06
-1.40455e-06
-200
1.62202e-06
-1.40817e-06
1.93332e-06
-1.5489e-06
-200
2.16272e-06
-200
1.46156e-06
-200
-1.11776e-06
-200
-1.69692e-06
-200
-1.98358e-06
-200
-2.3843e-06
-200
-2.35069e-06
-200
-2.20983e-06
-200
-1.82034e-06
-200
-1.29071e-06
-200
-7.75511e-07
-200
-1.04111e-06
-200
-1.34284e-06
-200
-1.7385e-06
-200
-1.59169e-06
-200
-1.68553e-06
-1.83628e-06
-200
1.73212e-05
-200
1.85172e-05
1.92937e-05
-200
1.61954e-05
-200
1.63524e-05
-200
1.46015e-05
-200
1.32093e-05
-200
1.21341e-05
-200
1.14676e-05
-200
1.13689e-05
-200
1.17802e-05
-200
1.26074e-05
-200
1.39251e-05
-200
1.31365e-05
-200
1.29567e-05
-200
1.35833e-05
-200
1.47792e-05
-200
1.63116e-05
-200
1.78786e-05
1.89519e-05
-200
1.20929e-05
-200
1.29606e-05
-200
1.13147e-05
-200
9.87194e-06
-200
8.67128e-06
-200
7.98559e-06
-200
8.00045e-06
-200
8.70397e-06
-200
9.89512e-06
-200
1.16904e-05
-200
1.11186e-05
-200
1.11525e-05
-200
1.22197e-05
-200
1.37089e-05
-200
1.54784e-05
-200
1.70172e-05
1.83633e-05
-200
8.36502e-06
-200
9.98111e-06
-200
8.3351e-06
-200
6.60593e-06
-200
4.97878e-06
-200
4.0694e-06
-200
4.22758e-06
-200
5.38983e-06
-200
7.09344e-06
-200
9.44299e-06
-200
9.03289e-06
-200
9.36405e-06
-200
1.08644e-05
-200
1.26398e-05
-200
1.43755e-05
-200
1.60072e-05
1.73504e-05
-200
5.88584e-06
-200
7.71975e-06
-200
5.42961e-06
-200
3.51886e-06
-200
1.51783e-06
-200
5.4354e-07
-200
3.32695e-07
-200
2.02995e-06
-200
4.55709e-06
-200
7.47189e-06
-200
7.02021e-06
-200
7.66177e-06
-200
9.70082e-06
-200
1.15314e-05
-200
1.33291e-05
-200
1.48713e-05
1.61575e-05
-200
4.5223e-06
-200
6.59215e-06
-200
4.68809e-06
-200
2.96452e-06
-200
1.97406e-06
-200
3.35381e-06
-200
3.58561e-06
-200
3.29262e-06
-200
3.41477e-06
-200
4.47888e-06
-200
4.21097e-06
-200
5.69453e-06
-200
8.34108e-06
-200
1.05162e-05
-200
1.20331e-05
-200
1.34237e-05
1.45738e-05
-200
4.6277e-06
-200
6.51846e-06
-200
4.64855e-06
-200
4.18286e-06
-200
5.82971e-06
-200
6.58351e-06
-200
6.17502e-06
-200
5.85816e-06
-200
6.73294e-06
-200
8.23304e-06
-200
6.98741e-06
-200
6.17609e-06
-200
6.25773e-06
-200
8.36327e-06
-200
1.06627e-05
-200
1.17614e-05
1.28738e-05
-200
4.6247e-06
-200
6.31249e-06
-200
3.92242e-06
-200
4.8498e-06
-200
8.37361e-06
-200
9.05631e-06
-200
8.57099e-06
-200
8.80191e-06
-200
1.06223e-05
-200
1.27811e-05
-200
1.12862e-05
-200
1.04036e-05
-200
9.20448e-06
-200
8.53846e-06
-200
8.49711e-06
-200
9.68508e-06
1.10038e-05
-200
1.97736e-06
-200
3.82806e-06
-200
4.5694e-06
-200
6.96567e-06
-200
9.85607e-06
-200
1.26942e-05
-200
1.38801e-05
-200
1.48659e-05
-200
1.46738e-05
-200
1.38778e-05
-200
1.40208e-05
-200
1.4189e-05
-200
1.31204e-05
-200
1.25415e-05
-200
1.25758e-05
-200
1.39209e-05
1.53118e-05
-200
-3.01664e-06
-200
-1.17489e-06
-200
9.07977e-07
-200
6.1311e-06
-200
1.0337e-05
-200
1.32426e-05
-200
1.58819e-05
-200
1.81296e-05
-200
1.95617e-05
-200
2.05981e-05
-200
1.76135e-05
-200
1.51852e-05
-200
1.47675e-05
-200
1.45615e-05
-200
1.43629e-05
-200
1.58208e-05
1.6941e-05
-200
-9.87271e-06
-200
-6.77326e-06
-200
-3.54799e-06
-200
1.88539e-06
-200
6.52248e-06
-200
1.0006e-05
-200
1.3475e-05
-200
1.65279e-05
-200
1.88988e-05
-200
2.09473e-05
-200
1.91942e-05
-200
1.78617e-05
-200
1.80664e-05
-200
1.82025e-05
-200
1.8776e-05
-200
1.79844e-05
1.64793e-05
-200
-1.6981e-05
-200
-1.28081e-05
-200
-8.6697e-06
-200
-2.82321e-06
-200
2.01368e-06
-200
5.91252e-06
-200
1.01565e-05
-200
1.41841e-05
-200
1.70049e-05
-200
1.94252e-05
-200
1.87351e-05
-200
1.83514e-05
-200
1.90044e-05
-200
1.98342e-05
-200
2.02364e-05
-200
2.0181e-05
1.94243e-05
-200
-2.49274e-05
-200
-2.03356e-05
-200
-1.35054e-05
-200
-7.0884e-06
-200
-2.55257e-06
-200
2.69062e-06
-200
7.39016e-06
-200
1.12193e-05
-200
1.45727e-05
-200
1.75691e-05
-200
1.7754e-05
-200
1.80115e-05
-200
1.89627e-05
-200
1.97188e-05
-200
2.03565e-05
-200
2.0616e-05
2.07825e-05
-200
-3.03414e-05
-200
-2.4799e-05
-200
-1.7942e-05
-200
-1.12795e-05
-200
-5.96366e-06
-200
-8.30775e-07
-200
4.02083e-06
-200
8.51828e-06
-200
1.25646e-05
-200
1.61544e-05
-200
1.69888e-05
-200
1.78613e-05
-200
1.90614e-05
-200
2.02976e-05
-200
2.12589e-05
-200
2.17122e-05
2.19156e-05
-200
-3.49873e-05
-200
-2.85851e-05
-200
-2.1605e-05
-200
-1.53233e-05
-200
-9.5755e-06
-200
-4.32684e-06
-200
9.73058e-07
-200
6.13024e-06
-200
1.07431e-05
-200
1.47827e-05
-200
1.61448e-05
-200
1.73947e-05
-200
1.89223e-05
-200
2.02589e-05
-200
2.15075e-05
-200
2.18857e-05
2.22565e-05
-200
-3.71478e-05
-200
-3.09464e-05
-200
-2.55127e-05
-200
-1.93584e-05
-200
-1.33563e-05
-200
-8.26648e-06
-200
-2.45205e-06
-200
3.5692e-06
-200
8.79036e-06
-200
1.31415e-05
-200
1.48387e-05
-200
1.63272e-05
-200
1.78738e-05
-200
1.95345e-05
-200
2.08518e-05
-200
2.13057e-05
2.16032e-05
-200
-3.79535e-05
-200
-3.2115e-05
-200
-2.73042e-05
-200
-2.22142e-05
-200
-1.74919e-05
-200
-1.2443e-05
-200
-5.77383e-06
-200
1.32656e-06
-200
7.35786e-06
-200
1.18724e-05
-200
1.38491e-05
-200
1.54954e-05
-200
1.72955e-05
-200
1.88299e-05
-200
2.02753e-05
-200
2.08768e-05
2.1436e-05
-200
-3.69252e-05
-200
-3.16277e-05
-200
-2.75141e-05
-200
-2.311e-05
-200
-1.7041e-05
-200
-1.07379e-05
-200
-6.21278e-06
-200
-2.19401e-06
-200
3.83045e-06
-200
1.00073e-05
-200
1.22087e-05
-200
1.4041e-05
-200
1.57964e-05
-200
1.73997e-05
-200
1.87811e-05
-200
1.95902e-05
2.03117e-05
-200
-3.37507e-05
-200
-2.92159e-05
-200
-2.61189e-05
-200
-2.08257e-05
-200
-1.42722e-05
-200
-9.35009e-06
-200
-5.48997e-06
-200
-2.50819e-06
-200
8.44214e-07
-200
6.94112e-06
-200
1.0529e-05
-200
1.24389e-05
-200
1.41087e-05
-200
1.55392e-05
-200
1.68596e-05
-200
1.76665e-05
1.85848e-05
-200
-2.8869e-05
-200
-2.50128e-05
-200
-2.11522e-05
-200
-1.69646e-05
-200
-1.22526e-05
-200
-7.89447e-06
-200
-4.77422e-06
-200
-2.19851e-06
-200
1.26344e-08
-200
3.55185e-06
-200
7.20326e-06
-200
1.05603e-05
-200
1.18746e-05
-200
1.32544e-05
-200
1.43388e-05
-200
1.5091e-05
1.59372e-05
-200
-2.30614e-05
-200
-2.03439e-05
-200
-1.72743e-05
-200
-1.33842e-05
-200
-9.42183e-06
-200
-6.09059e-06
-200
-3.48067e-06
-200
-1.37225e-06
-200
1.92005e-07
-200
2.34879e-06
-200
4.6925e-06
-200
7.72097e-06
-200
9.65073e-06
-200
1.08326e-05
-200
1.16164e-05
-200
1.20182e-05
1.27855e-05
-200
-1.67668e-05
-200
-1.57153e-05
-200
-1.34985e-05
-200
-9.87711e-06
-200
-6.98094e-06
-200
-4.75623e-06
-200
-2.85941e-06
-200
-1.37158e-06
-200
-1.71206e-07
-200
1.00866e-06
-200
1.82068e-06
-200
4.69207e-06
-200
7.47367e-06
-200
8.10925e-06
-200
8.26513e-06
-200
8.43118e-06
8.9104e-06
-200
-1.07794e-05
-200
-1.00193e-05
-200
-8.88028e-06
-200
-6.85294e-06
-200
-4.76186e-06
-200
-3.20246e-06
-200
-1.71912e-06
-200
-6.81301e-07
-200
2.42816e-07
-200
1.12303e-06
-200
1.69712e-06
-200
3.19139e-06
-200
5.29676e-06
-200
5.71242e-06
-200
5.80416e-06
-200
6.02122e-06
6.27116e-06
-200
-5.1889e-06
-200
-4.65101e-06
-200
-4.57981e-06
-200
-3.58018e-06
-200
-2.36747e-06
-200
-1.69087e-06
-200
-9.41698e-07
-200
-3.41821e-07
-200
1.96379e-07
-200
8.6372e-07
-200
1.26042e-06
-200
1.91127e-06
-200
2.8275e-06
-200
2.91603e-06
-200
2.99022e-06
-200
3.15062e-06
3.34336e-06
-200
-200
-200
-200
-200
-200
-200
-200
-200
-200
-200
-200
-200
-200
-200
-200
)
;

boundaryField
{
    frontAndBack
    {
        type            calculated;
        value           uniform 0;
    }
    inlet
    {
        type            calculated;
        value           nonuniform List<scalar> 0();
    }
    outlet
    {
        type            calculated;
        value           nonuniform List<scalar> 
120
(
200
200
200
200
200
200
200
200
200
200
200
200
200
200
200
200
200
200
200
200
200
200
200
200
200
200
200
200
200
200
200
200
200
200
200
200
200
200
200
200
200
200
200
200
200
200
200
200
200
200
200
200
200
200
200
200
200
200
200
200
200
200
200
200
200
200
200
200
200
200
200
200
200
200
200
200
200
200
200
200
200
200
200
200
200
200
200
200
200
200
200
200
200
200
200
200
200
200
200
200
200
200
200
200
200
200
200
200
200
200
200
200
200
200
200
200
200
200
200
200
)
;
    }
    lowerWall
    {
        type            calculated;
        value           uniform 0;
    }
    upperWall
    {
        type            calculated;
        value           uniform 0;
    }
    procBoundary3to0
    {
        type            processor;
        value           nonuniform List<scalar> 
101
(
-1.66781e-05
-1.52406e-05
-1.44019e-05
-1.39532e-05
-1.39859e-05
-1.44009e-05
-1.51726e-05
-1.44268e-05
-1.34415e-05
-1.30515e-05
-1.31416e-05
-1.32678e-05
-1.3462e-05
-1.36299e-05
-2.00356e-05
-1.70123e-05
200
-1.46621e-05
-6.60123e-07
-3.31556e-07
-1.10912e-07
-1.38052e-05
-1.37968e-05
-1.43829e-05
-1.5134e-05
-1.40061e-05
-1.29699e-05
-1.26972e-05
-1.27113e-05
-1.32846e-05
-1.36433e-05
-1.37882e-05
-1.87884e-05
-1.78792e-05
-1.58076e-05
-1.30645e-05
-1.1096e-05
200
-9.77641e-06
-9.29669e-08
1.73266e-08
-1.42771e-05
-1.48083e-05
-1.36605e-05
-1.26855e-05
-1.24673e-05
-1.25823e-05
-1.31957e-05
-1.34489e-05
-1.37599e-05
-1.85542e-05
-1.73126e-05
-1.56131e-05
-1.33111e-05
-1.1486e-05
-1.03902e-05
-1.01109e-05
200
-1.01007e-05
-2.16362e-07
-2.26575e-07
-1.79001e-07
-1.26373e-05
-1.22195e-05
-1.2507e-05
-1.31251e-05
-1.3473e-05
-1.35615e-05
-1.82502e-05
-1.67392e-05
-1.5256e-05
-1.33098e-05
-1.19447e-05
-1.09982e-05
-1.0496e-05
-1.06905e-05
-1.11079e-05
-1.20568e-05
200
-1.08118e-05
6.54364e-08
2.07374e-07
5.63698e-07
-1.84395e-05
-1.89272e-05
-1.9415e-05
-2.00818e-05
-1.96934e-05
-1.79231e-05
-1.65572e-05
-1.55069e-05
-1.47272e-05
-1.46483e-05
-1.48378e-05
-1.54063e-05
-1.63718e-05
-1.54926e-05
-1.48798e-05
-1.5382e-05
200
-1.61488e-05
)
;
    }
    procBoundary3to4
    {
        type            processor;
        value           nonuniform List<scalar> 
125
(
-200
-200
-200
-200
-200
-200
-200
-200
-200
-200
-200
-200
-200
-200
-200
-200
-200
-200
-200
-200
-200
-200
-200
-200
-200
-200
-200
-200
-200
-200
-200
-200
-200
-200
-200
-200
-200
-200
-200
-200
-200
-200
-200
-200
-200
-200
-200
-200
-200
-200
-200
-200
-200
-200
-200
-200
-200
-200
-200
-200
-200
-200
-200
-200
-200
-200
-200
-200
-200
-200
-200
-200
-200
-200
-200
-200
-200
-200
-200
-200
-200
-200
-200
-200
-200
-200
-200
-200
-200
-200
-200
-200
-200
-200
-200
-200
-200
-200
-200
-200
-200
-200
-200
-200
-200
-200
-200
-200
-200
-200
-200
-200
-200
-200
-200
-200
-200
-200
-200
-200
-200
-200
-200
-200
-200
)
;
    }
}


// ************************************************************************* //
