/*--------------------------------*- C++ -*----------------------------------*\
  =========                 |
  \\      /  F ield         | OpenFOAM: The Open Source CFD Toolbox
   \\    /   O peration     | Website:  https://openfoam.org
    \\  /    A nd           | Version:  10
     \\/     M anipulation  |
\*---------------------------------------------------------------------------*/
FoamFile
{
    format      ascii;
    class       volVectorField;
    location    "20";
    object      U;
}
// * * * * * * * * * * * * * * * * * * * * * * * * * * * * * * * * * * * * * //

dimensions      [0 1 -1 0 0 0 0];

internalField   nonuniform List<vector> 
2083
(
(-10 8.35263e-07 -4.62902e-08)
(-10 7.64575e-07 -2.35857e-08)
(-10 7.21622e-07 -1.11196e-08)
(-10 6.99206e-07 -7.99932e-09)
(-10 7.05945e-07 -2.83644e-08)
(-10 7.3874e-07 -2.63026e-08)
(-10 7.88984e-07 -3.59168e-08)
(-10 7.60695e-07 -3.9319e-08)
(-10 7.11299e-07 -3.9973e-08)
(-10 6.98315e-07 -3.95105e-08)
(-10 7.05837e-07 -1.6465e-08)
(-10 7.19817e-07 -1.52691e-08)
(-10 7.35206e-07 -7.43582e-09)
(-10 7.37934e-07 1.09405e-08)
(-10 8.43881e-07 -2.14717e-08)
(-10 7.26963e-07 -1.94171e-08)
(-10 6.05022e-07 -4.02266e-08)
(-10 5.18571e-07 -1.36347e-08)
(-10 4.39813e-07 3.23991e-09)
(-10 3.73428e-07 5.66418e-09)
(-10 3.1448e-07 -3.63798e-10)
(-10 3.34613e-07 1.16842e-08)
(-10 4.36172e-07 -7.55698e-09)
(-10 5.36636e-07 -2.58914e-08)
(-10 5.19386e-07 -3.53205e-08)
(-10 4.80393e-07 -3.6661e-08)
(-10 4.89646e-07 -2.81541e-08)
(-10 5.13902e-07 -2.44076e-08)
(-10 5.39447e-07 9.97263e-10)
(-10 5.58876e-07 1.01334e-08)
(-10 5.67821e-07 1.4368e-08)
(-10 5.18012e-07 -6.57727e-09)
(-10 4.41187e-07 5.81828e-09)
(-10 3.45743e-07 -1.71507e-08)
(-10 2.65731e-07 5.19482e-09)
(-10 1.81051e-07 3.29525e-08)
(-10 1.03399e-07 6.09796e-08)
(-10 8.39454e-08 8.65181e-08)
(-10 1.13947e-07 9.1872e-08)
(-10 1.95988e-07 3.85631e-08)
(-10 3.22808e-07 -1.38652e-08)
(-10 3.45436e-07 -2.80167e-08)
(-10 3.28918e-07 -2.23022e-08)
(-10 3.49192e-07 -2.39377e-08)
(-10 3.85861e-07 -5.57752e-09)
(-10 4.2512e-07 -1.01969e-08)
(-10 4.54744e-07 8.6926e-09)
(-10 4.70873e-07 2.55388e-08)
(-10 2.76435e-07 -4.16983e-09)
(-10 2.61564e-07 5.39258e-09)
(-10 1.97484e-07 -1.41778e-08)
(-10 1.33156e-07 -2.89553e-10)
(-10 6.34593e-08 2.22842e-08)
(-10 1.58986e-08 4.58721e-08)
(-10 1.3525e-08 4.59343e-08)
(-10 5.31609e-08 6.00836e-08)
(-10 7.32305e-08 6.44498e-08)
(-10 1.50556e-07 4.94017e-08)
(-10 1.87568e-07 2.33184e-10)
(-10 2.09126e-07 -1.7341e-08)
(-10 2.48508e-07 -6.33524e-09)
(-10 2.97989e-07 -9.7332e-09)
(-10 3.47291e-07 1.76263e-08)
(-10 3.85192e-07 2.18631e-08)
(-10 4.1023e-07 2.49874e-08)
(-10 1.12072e-07 8.77788e-09)
(-10 1.19081e-07 1.66482e-08)
(-10 8.5506e-08 -1.32742e-08)
(-10 3.40326e-08 -7.03219e-09)
(-10 -2.26436e-08 2.31601e-09)
(-10 4.81666e-09 2.11387e-08)
(-10 2.66957e-08 3.02757e-08)
(-10 1.91834e-08 2.24494e-08)
(-10 4.07776e-08 3.77419e-08)
(-10 8.09816e-08 6.20424e-08)
(-10 4.38922e-08 5.54598e-08)
(-10 7.70288e-08 9.82636e-09)
(-10 1.55332e-07 -1.05302e-08)
(-10 2.12787e-07 1.29306e-08)
(-10 2.67001e-07 -3.5762e-10)
(-10 3.11246e-07 1.52452e-08)
(-10 3.40994e-07 3.40458e-08)
(-10 -2.31819e-08 1.26799e-08)
(-10 3.10052e-08 1.58167e-08)
(-10 3.41725e-08 -1.23427e-08)
(-10 -4.46268e-09 -1.04746e-08)
(-10 -1.9883e-08 2.42246e-09)
(-10 1.05289e-08 -2.40347e-08)
(-10 2.82128e-08 -2.15848e-08)
(-10 1.11158e-08 7.79511e-09)
(-10 3.61263e-08 1.9339e-08)
(-10 6.8216e-08 3.25933e-08)
(-10 -1.69128e-08 3.52093e-08)
(-10 -8.62644e-08 3.03886e-08)
(-10 -4.56698e-08 2.51842e-08)
(-10 4.47033e-08 3.38e-09)
(-10 1.37626e-07 1.38038e-08)
(-10 2.04658e-07 6.20275e-09)
(-10 2.38875e-07 -6.26449e-09)
(-10 -3.49643e-08 6.55383e-08)
(-10 -3.87986e-08 2.81981e-08)
(-10 -6.58406e-09 -4.71503e-08)
(-10 3.90117e-08 -4.34806e-08)
(-10 4.09844e-08 -5.81339e-08)
(-10 4.47089e-08 -5.70898e-08)
(-10 4.76368e-08 -1.87707e-08)
(-10 5.98796e-08 -1.42927e-08)
(-10 9.43711e-08 3.33479e-09)
(-10 1.41312e-07 1.71473e-08)
(-10 5.6274e-08 2.87458e-08)
(-10 -5.19766e-08 2.83372e-08)
(-10 -8.24771e-08 2.27012e-08)
(-10 -6.79269e-08 4.73716e-08)
(-10 -3.71151e-08 -9.03307e-10)
(-10 2.85403e-08 -3.21141e-08)
(-10 8.47342e-08 -2.46398e-08)
(-10 2.65459e-08 1.41952e-08)
(-10 2.30237e-08 2.41552e-08)
(-10 -1.64969e-08 -3.53068e-08)
(-10 2.58461e-09 -5.65513e-08)
(-10 1.36191e-08 -3.69345e-08)
(-10 4.34895e-08 -5.63192e-08)
(-10 6.81275e-08 -2.90284e-08)
(-10 9.55777e-08 -7.12605e-09)
(-10 1.8327e-07 1.15743e-09)
(-10 2.8124e-07 9.68451e-09)
(-10 2.04745e-07 1.34955e-08)
(-10 1.00729e-07 1.31888e-08)
(-10 2.69065e-08 1.27382e-08)
(-10 -5.32487e-08 -1.22618e-08)
(-10 -1.45043e-07 6.63566e-09)
(-10 -2.02153e-07 -1.03563e-09)
(-10 -1.95836e-07 -1.7541e-08)
(-10 -6.61725e-08 -1.45355e-09)
(-10 2.565e-08 1.90971e-09)
(-10 7.8307e-09 -7.33276e-08)
(-10 -3.49668e-08 -8.96612e-08)
(-10 6.09739e-08 -4.28025e-08)
(-10 1.64153e-07 -1.50897e-08)
(-10 2.21351e-07 -8.4295e-09)
(-10 2.84829e-07 -1.05565e-08)
(-10 3.06914e-07 -4.25969e-09)
(-10 4.1362e-07 4.1824e-09)
(-10 3.94132e-07 4.88606e-09)
(-10 2.98616e-07 -9.3475e-10)
(-10 2.20741e-07 -1.39813e-08)
(-10 1.39866e-07 4.12354e-10)
(-10 7.19877e-09 -1.6919e-09)
(-10 -1.55571e-07 -1.86547e-08)
(-10 -2.36608e-07 8.28119e-09)
(-10 -3.3068e-07 1.56003e-08)
(-10 -1.94275e-07 -4.692e-10)
(-10 -1.10397e-07 -4.47087e-08)
(-10 -4.20538e-08 -3.59926e-08)
(-10 1.12624e-07 -1.79231e-08)
(-10 2.60989e-07 -3.43432e-08)
(-10 3.63971e-07 -1.61291e-08)
(-10 4.45249e-07 -5.78741e-09)
(-10 4.57837e-07 6.61883e-09)
(-10 4.44873e-07 3.13368e-11)
(-10 4.34572e-07 -2.7062e-08)
(-10 3.78512e-07 -3.48782e-08)
(-10 2.78131e-07 -2.80995e-08)
(-10 1.96437e-07 -1.61603e-08)
(-10 1.28769e-07 5.50004e-08)
(-10 6.0294e-08 3.41423e-08)
(-10 2.01563e-09 -6.08854e-08)
(-10 -6.65314e-07 2.42106e-08)
(-10 -4.60122e-07 2.41081e-08)
(-10 -3.03098e-07 -1.90845e-08)
(-10 -1.68436e-07 -7.39463e-09)
(-10 -6.1003e-09 -1.59297e-08)
(-10 1.59205e-07 1.73946e-08)
(-10 2.8831e-07 2.75625e-08)
(-10 3.92078e-07 2.4528e-08)
(-10 4.60976e-07 4.40965e-08)
(-10 4.63474e-07 2.57769e-08)
(-10 3.32799e-07 -3.11064e-08)
(-10 2.58967e-07 -3.9828e-08)
(-10 1.97949e-07 -1.5582e-08)
(-10 1.56694e-07 2.88221e-08)
(-10 1.7248e-07 1.79651e-08)
(-10 1.86115e-07 -6.38977e-09)
(-10 1.49395e-07 1.61503e-08)
(-10 -1.07251e-06 2.20565e-08)
(-10 -8.09997e-07 6.17589e-09)
(-10 -6.287e-07 -4.34973e-08)
(-10 -4.38562e-07 -2.82885e-08)
(-10 -2.4358e-07 -1.61473e-08)
(-10 -7.00969e-08 -2.15709e-08)
(-10 8.46592e-08 -6.96535e-09)
(-10 2.20511e-07 1.83992e-08)
(-10 3.31051e-07 2.97627e-08)
(-10 4.09903e-07 3.29912e-08)
(-10 3.06122e-07 1.00607e-08)
(-10 1.91743e-07 3.38935e-10)
(-10 2.29908e-07 1.5303e-08)
(-10 2.73313e-07 -3.97982e-09)
(-10 2.79751e-07 1.65197e-08)
(-10 2.85871e-07 2.05481e-08)
(-10 2.7394e-07 -3.86744e-08)
(-10 -1.49592e-06 1.9894e-08)
(-10 -1.18764e-06 -3.77286e-09)
(-10 -9.85892e-07 -6.05725e-08)
(-10 -7.26306e-07 -3.29314e-08)
(-10 -4.86107e-07 -2.37513e-08)
(-10 -3.0123e-07 -2.88758e-09)
(-10 -1.18555e-07 1.14737e-08)
(-10 4.01067e-08 1.26681e-09)
(-10 1.77766e-07 1.70466e-08)
(-10 2.998e-07 3.30138e-08)
(-10 2.86941e-07 3.08293e-08)
(-10 2.5458e-07 2.13359e-08)
(-10 2.80075e-07 8.80489e-09)
(-10 3.18854e-07 1.71071e-08)
(-10 3.46845e-07 -6.89313e-10)
(-10 3.68218e-07 -2.19889e-08)
(-10 3.76763e-07 1.02668e-08)
(-10 -1.85681e-06 3.66673e-08)
(-10 -1.48761e-06 1.74401e-08)
(-10 -1.26211e-06 -2.34523e-08)
(-10 -1.00076e-06 -1.38034e-08)
(-10 -7.43579e-07 -4.35242e-09)
(-10 -5.25107e-07 -1.36927e-08)
(-10 -3.04556e-07 5.26439e-09)
(-10 -1.1098e-07 2.41045e-08)
(-10 5.48231e-08 1.88132e-08)
(-10 2.01471e-07 2.46145e-08)
(-10 2.32678e-07 2.53148e-08)
(-10 2.37758e-07 2.33506e-08)
(-10 2.85741e-07 2.63256e-08)
(-10 3.38925e-07 5.02177e-09)
(-10 3.86873e-07 1.35178e-08)
(-10 4.25594e-07 1.87789e-08)
(-10 4.46464e-07 -3.94838e-08)
(-10 -2.14944e-06 3.97649e-08)
(-10 -1.73163e-06 3.17204e-08)
(-10 -1.49459e-06 3.03853e-09)
(-10 -1.26037e-06 3.61784e-09)
(-10 -1.02091e-06 -8.56892e-09)
(-10 -8.32415e-07 3.60326e-09)
(-10 -5.6528e-07 1.21552e-08)
(-10 -2.16375e-07 -1.23172e-08)
(-10 -2.84381e-08 3.5681e-09)
(-10 9.57478e-08 2.20777e-08)
(-10 1.66134e-07 2.74717e-08)
(-10 1.97403e-07 2.33398e-08)
(-10 2.58954e-07 1.53954e-08)
(-10 3.32557e-07 1.54721e-08)
(-10 3.93447e-07 1.20038e-08)
(-10 4.43655e-07 -1.81165e-08)
(-10 4.72493e-07 1.70089e-08)
(-10 -2.37511e-06 5.01178e-08)
(-10 -1.93925e-06 3.47134e-08)
(-10 -1.69726e-06 3.49208e-08)
(-10 -1.48922e-06 4.0607e-08)
(-10 -1.29658e-06 2.987e-08)
(-10 -9.86744e-07 6.66377e-08)
(-10 -7.0911e-07 4.13894e-08)
(-10 -4.87529e-07 -6.55762e-08)
(-10 -1.20812e-07 -1.88375e-08)
(-10 6.06073e-08 2.99397e-08)
(-10 8.76121e-08 1.75575e-08)
(-10 1.52838e-07 2.41409e-08)
(-10 2.34121e-07 2.60763e-08)
(-10 3.17704e-07 1.49161e-08)
(-10 3.88e-07 2.40611e-08)
(-10 4.46623e-07 2.99768e-08)
(-10 4.80944e-07 -2.67353e-09)
(-10 -2.47831e-06 5.1578e-08)
(-10 -2.04056e-06 3.8539e-08)
(-10 -1.76849e-06 8.03554e-09)
(-10 -1.55305e-06 2.28396e-08)
(-10 -1.21322e-06 2.44191e-08)
(-10 -1.01217e-06 3.85416e-08)
(-10 -7.99306e-07 6.25739e-08)
(-10 -6.09799e-07 9.37747e-09)
(-10 -4.06825e-07 -1.02239e-07)
(-10 5.36138e-08 -2.16967e-08)
(-10 1.03158e-07 3.13671e-08)
(-10 1.12777e-07 9.66827e-09)
(-10 2.11696e-07 8.84858e-09)
(-10 3.07632e-07 1.2801e-08)
(-10 3.89057e-07 -4.99119e-09)
(-10 4.54644e-07 -1.24583e-08)
(-10 4.99341e-07 2.69072e-08)
(-10 -2.4276e-06 6.01595e-08)
(-10 -2.0087e-06 4.73927e-08)
(-10 -1.72739e-06 7.70743e-09)
(-10 -1.47457e-06 1.58649e-08)
(-10 -1.1503e-06 3.32174e-08)
(-10 -9.57123e-07 2.6472e-08)
(-10 -7.69623e-07 2.11646e-08)
(-10 -6.33846e-07 4.51219e-08)
(-10 -4.52197e-07 -2.23144e-09)
(-10 -2.3194e-07 -9.79623e-08)
(-10 1.34894e-07 -3.60992e-08)
(-10 1.36578e-07 2.81288e-08)
(-10 1.62727e-07 2.23854e-08)
(-10 2.75851e-07 6.18294e-09)
(-10 3.62777e-07 1.03094e-08)
(-10 4.32471e-07 1.37792e-08)
(-10 4.81278e-07 -1.03283e-08)
(-10 -2.25742e-06 5.30194e-08)
(-10 -1.87208e-06 5.3981e-08)
(-10 -1.63975e-06 -2.58744e-08)
(-10 -1.43301e-06 -2.48842e-08)
(-10 -1.07953e-06 2.03341e-08)
(-10 -8.77526e-07 3.01969e-08)
(-10 -7.11213e-07 3.85051e-08)
(-10 -5.61816e-07 2.98674e-08)
(-10 -4.58965e-07 4.9564e-08)
(-10 -2.6224e-07 1.38497e-08)
(-10 -1.40211e-08 -9.90686e-08)
(-10 1.34303e-07 -4.05622e-08)
(-10 1.25075e-07 4.07261e-08)
(-10 2.24429e-07 1.94853e-08)
(-10 3.03974e-07 -9.80642e-11)
(-10 3.73044e-07 -1.06004e-08)
(-10 4.28717e-07 2.21511e-08)
(-10 -2.00735e-06 7.12089e-08)
(-10 -1.72328e-06 5.56459e-08)
(-10 -1.50146e-06 2.50997e-08)
(-10 -1.17604e-06 1.04683e-08)
(-10 -9.75382e-07 8.07952e-09)
(-10 -7.74081e-07 6.00706e-09)
(-10 -6.33457e-07 2.91438e-09)
(-10 -5.07762e-07 1.68379e-08)
(-10 -3.87662e-07 3.05916e-08)
(-10 -2.45016e-07 -4.4091e-09)
(-10 -2.99803e-07 -1.15911e-07)
(-10 9.88978e-08 -4.73838e-08)
(-10 1.6387e-07 4.44586e-08)
(-10 1.47587e-07 2.28429e-08)
(-10 2.34139e-07 2.04324e-08)
(-10 2.89276e-07 2.02405e-08)
(-10 3.31288e-07 1.10552e-09)
(-10 -1.68121e-06 7.96074e-08)
(-10 -1.47285e-06 7.90312e-08)
(-10 -1.23703e-06 4.47804e-08)
(-10 -9.79403e-07 1.97796e-08)
(-10 -8.01839e-07 -4.34518e-09)
(-10 -6.64745e-07 4.49261e-09)
(-10 -5.43296e-07 5.20808e-09)
(-10 -4.46254e-07 1.01976e-09)
(-10 -3.47531e-07 5.39961e-09)
(-10 -2.81487e-07 2.28566e-08)
(-10 -2.27521e-07 -1.8156e-08)
(-10 -1.22799e-08 -7.81995e-08)
(-10 1.32723e-07 -1.30686e-08)
(-10 9.08658e-08 7.43081e-08)
(-10 1.58015e-07 3.24689e-08)
(-10 1.99354e-07 2.23648e-08)
(-10 2.45461e-07 4.45342e-08)
(-10 -1.30665e-06 8.47474e-08)
(-10 -1.17247e-06 6.86362e-08)
(-10 -9.71047e-07 3.85177e-08)
(-10 -7.78643e-07 2.86975e-08)
(-10 -6.54761e-07 -8.39782e-10)
(-10 -5.12792e-07 1.03839e-08)
(-10 -4.2602e-07 -4.87801e-09)
(-10 -3.24651e-07 -8.44183e-09)
(-10 -2.67679e-07 -2.83698e-09)
(-10 -2.05462e-07 1.79712e-08)
(-10 -1.38742e-07 -1.92824e-08)
(-10 -6.66629e-08 -4.96581e-08)
(-10 6.65596e-08 -2.21546e-08)
(-10 8.67745e-08 6.34035e-08)
(-10 1.09524e-07 3.24353e-08)
(-10 1.46599e-07 3.41006e-08)
(-10 1.84673e-07 1.34267e-08)
(-10 -8.76472e-07 7.84997e-08)
(-10 -7.83496e-07 5.62626e-08)
(-10 -6.59819e-07 1.52496e-08)
(-10 -5.31066e-07 1.26051e-09)
(-10 -4.18669e-07 1.7952e-09)
(-10 -3.12862e-07 -3.05705e-09)
(-10 -2.34132e-07 -1.97026e-08)
(-10 -1.98261e-07 -1.22527e-08)
(-10 -1.30835e-07 -1.26503e-08)
(-10 -1.06635e-07 1.82039e-08)
(-10 -7.05893e-08 -1.79271e-08)
(-10 -1.92698e-07 -1.23526e-07)
(-10 1.20712e-07 -5.64595e-08)
(-10 2.06593e-07 3.41484e-08)
(-10 1.14195e-07 1.48344e-08)
(-10 1.43046e-07 -4.63345e-09)
(-10 1.91701e-07 -3.57963e-09)
(-10 -4.83006e-07 6.14344e-08)
(-10 -4.29297e-07 3.29998e-08)
(-10 -3.84466e-07 -7.93391e-09)
(-10 -3.25157e-07 -2.42417e-08)
(-10 -2.60441e-07 -2.20174e-08)
(-10 -1.81814e-07 -3.78645e-08)
(-10 -1.50834e-07 -4.89952e-08)
(-10 -1.1551e-07 -2.78768e-08)
(-10 -9.10953e-08 -2.726e-08)
(-10 -6.17108e-08 -2.76248e-08)
(-10 -1.27369e-07 -2.20217e-08)
(-10 -1.08997e-07 -4.55709e-08)
(-10 7.22764e-08 -1.40789e-07)
(-10 1.98559e-07 -4.67937e-08)
(-10 4.64659e-08 1.33776e-08)
(-10 9.50836e-08 -1.4912e-08)
(-10 1.28572e-07 -2.65311e-08)
(-10 -1.14449e-07 6.46956e-08)
(-10 -1.16432e-07 2.62851e-08)
(-10 -1.10734e-07 -2.1269e-08)
(-10 -1.33219e-07 -4.60545e-08)
(-10 -1.08761e-07 -5.3863e-08)
(-10 -9.83192e-08 -3.75119e-08)
(-10 -8.94705e-08 -4.42178e-08)
(-10 -9.55347e-08 -5.30451e-08)
(-10 -8.24515e-08 -3.82803e-08)
(-10 -9.18926e-08 -2.43712e-08)
(-10 -7.91764e-08 -1.78767e-10)
(-10 -7.9982e-08 -3.65509e-08)
(-10 -4.48758e-08 -1.49337e-07)
(-10 -5.2917e-09 -7.61805e-08)
(-10 -2.60022e-08 -1.45786e-08)
(-10 -1.6148e-08 -3.25211e-08)
(-10 -1.62231e-08 -4.80609e-08)
(-10 6.81439e-07 -3.46999e-08)
(-10 6.93203e-07 -3.31529e-08)
(-10 7.32812e-07 -4.78255e-08)
(-10 7.86239e-07 -6.14121e-08)
(-10 7.41989e-07 -6.47546e-08)
(-10 6.93328e-07 -6.34509e-08)
(-10 6.91193e-07 -4.30413e-08)
(-10 6.91488e-07 1.37945e-09)
(-10 7.2413e-07 -4.1545e-09)
(-10 7.50945e-07 3.04489e-08)
(-10 7.5978e-07 2.73889e-08)
(-10 7.87468e-07 -5.33699e-08)
(-10 7.79238e-07 -2.25666e-08)
(-10 6.8301e-07 -1.06532e-07)
(-10 5.4352e-07 -7.21099e-08)
(-10 4.36021e-07 -4.53391e-08)
(-10 3.66887e-07 -1.96158e-08)
(-10 3.30823e-07 2.4056e-09)
(-10 3.62857e-07 3.14653e-10)
(-10 4.28889e-07 -3.03783e-08)
(-10 5.17325e-07 -5.09759e-08)
(-10 4.71717e-07 -5.72047e-08)
(-10 4.49392e-07 -5.14698e-08)
(-10 4.58772e-07 -4.4697e-08)
(-10 4.90651e-07 -3.20646e-08)
(-10 5.36361e-07 1.73405e-08)
(-10 5.79284e-07 9.18403e-09)
(-10 5.98319e-07 4.61332e-08)
(-10 4.69401e-07 -2.26575e-08)
(-10 4.94519e-07 -4.52705e-09)
(-10 3.83636e-07 -7.72734e-08)
(-10 2.61411e-07 -3.76106e-08)
(-10 1.17762e-07 1.19115e-08)
(-10 1.68182e-08 7.70365e-08)
(-10 -3.07131e-09 1.26151e-07)
(-10 6.90275e-08 1.01679e-07)
(-10 1.83851e-07 3.75571e-08)
(-10 3.37011e-07 -2.69215e-08)
(-10 3.23155e-07 -4.08977e-08)
(-10 2.9272e-07 -3.83297e-08)
(-10 3.2965e-07 -3.10982e-08)
(-10 3.85027e-07 1.23959e-09)
(-10 4.40012e-07 -4.40255e-09)
(-10 4.80426e-07 2.86223e-08)
(-10 5.14819e-07 2.17107e-08)
(-10 2.08676e-07 -9.75919e-09)
(-10 2.73215e-07 1.69645e-08)
(-10 1.9131e-07 -4.19523e-08)
(-10 7.67687e-08 -3.04314e-09)
(-10 -6.63747e-08 6.79416e-08)
(-10 -1.1782e-07 1.34014e-07)
(-10 -1.48856e-07 1.53462e-07)
(-10 -1.02263e-07 1.19864e-07)
(-10 -2.07447e-08 8.56581e-08)
(-10 1.50616e-07 3.73606e-08)
(-10 1.53246e-07 -1.20146e-08)
(-10 1.83244e-07 -1.59555e-08)
(-10 2.32985e-07 -5.32804e-09)
(-10 2.98462e-07 -9.35749e-09)
(-10 3.68267e-07 2.3907e-08)
(-10 4.27051e-07 2.13512e-08)
(-10 4.55332e-07 4.77234e-08)
(-10 3.8777e-08 1.96038e-08)
(-10 1.19092e-07 3.11255e-08)
(-10 6.24762e-08 -5.94047e-08)
(-10 -4.69595e-08 -3.47388e-08)
(-10 -1.38302e-07 3.15166e-09)
(-10 -6.83544e-08 5.42811e-08)
(-10 -8.95659e-08 4.62409e-08)
(-10 -9.77603e-08 4.40418e-08)
(-10 -9.99953e-08 5.37101e-08)
(-10 -3.76322e-08 7.22458e-08)
(-10 -6.66812e-08 5.7789e-08)
(-10 4.50003e-08 1.54772e-08)
(-10 1.28691e-07 -1.07838e-08)
(-10 2.26456e-07 1.1651e-08)
(-10 2.97637e-07 1.34584e-08)
(-10 3.53384e-07 2.8599e-08)
(-10 3.98434e-07 2.83874e-08)
(-10 -6.04542e-08 2.58667e-08)
(-10 2.48419e-08 3.82188e-08)
(-10 -1.30593e-08 -5.70922e-08)
(-10 -8.87941e-08 -5.27441e-08)
(-10 -1.2968e-07 -2.64257e-08)
(-10 -7.60409e-08 -3.98859e-08)
(-10 -4.86191e-08 -3.37561e-08)
(-10 -8.9098e-08 -3.6456e-09)
(-10 -7.82438e-08 2.70426e-08)
(-10 -4.7975e-08 5.61233e-08)
(-10 -1.64908e-07 9.06177e-08)
(-10 -1.58683e-07 7.63405e-08)
(-10 -7.24275e-08 3.23272e-08)
(-10 6.98525e-08 -4.71868e-09)
(-10 1.75245e-07 2.37819e-08)
(-10 2.59835e-07 2.07385e-08)
(-10 2.91774e-07 1.91931e-08)
(-10 -1.17085e-07 8.78035e-08)
(-10 -8.28488e-08 6.94467e-08)
(-10 -5.2894e-08 -9.23745e-08)
(-10 -2.78272e-08 -9.71274e-08)
(-10 -2.05288e-08 -6.7993e-08)
(-10 -1.43953e-08 -1.10021e-07)
(-10 -2.49239e-08 -7.03621e-08)
(-10 -2.0554e-08 -6.68159e-09)
(-10 7.73613e-09 1.09373e-08)
(-10 7.78447e-08 4.79426e-08)
(-10 -4.33716e-08 6.76508e-08)
(-10 -1.26048e-07 6.76705e-08)
(-10 -1.51862e-07 8.01717e-08)
(-10 -9.34329e-08 8.10087e-08)
(-10 -3.37647e-09 2.87048e-08)
(-10 1.04434e-07 -3.45052e-09)
(-10 1.58401e-07 9.99595e-09)
(-10 -9.9506e-08 3.91295e-08)
(-10 -5.01253e-08 1.2162e-07)
(-10 -1.09239e-07 -4.61702e-08)
(-10 -1.19787e-07 -1.46663e-07)
(-10 -2.79628e-08 -7.64848e-08)
(-10 3.08772e-08 -8.78253e-08)
(-10 8.53453e-09 -7.11441e-08)
(-10 4.97064e-09 -4.01981e-08)
(-10 1.31459e-07 -1.02126e-08)
(-10 2.59725e-07 1.99493e-08)
(-10 1.46131e-07 4.53561e-08)
(-10 4.44344e-08 4.87406e-08)
(-10 -5.56855e-09 4.32246e-08)
(-10 -6.92864e-08 1.31294e-08)
(-10 -1.73813e-07 4.95865e-08)
(-10 -1.83704e-07 4.03554e-08)
(-10 -1.62273e-07 -3.40161e-08)
(-10 -1.4344e-07 2.55935e-08)
(-10 -3.72996e-09 4.41303e-08)
(-10 -1.30785e-07 -1.30675e-07)
(-10 -1.49609e-07 -1.28302e-07)
(-10 2.33979e-08 -4.52134e-08)
(-10 1.52265e-07 -4.2407e-08)
(-10 1.81057e-07 -7.00877e-08)
(-10 2.89988e-07 -3.19785e-08)
(-10 2.67798e-07 -2.91817e-09)
(-10 3.95543e-07 1.85235e-08)
(-10 3.38393e-07 1.87701e-08)
(-10 2.65364e-07 2.07912e-08)
(-10 2.16486e-07 1.26942e-08)
(-10 1.52185e-07 2.14502e-08)
(-10 4.58842e-08 2.69718e-08)
(-10 -1.34482e-07 3.57549e-08)
(-10 -2.44857e-07 5.99931e-08)
(-10 -3.63744e-07 1.50297e-08)
(-10 -2.25731e-07 1.35835e-08)
(-10 -1.8957e-07 -9.79725e-08)
(-10 -5.16565e-08 -4.07231e-08)
(-10 9.42249e-08 -2.75956e-08)
(-10 2.6361e-07 -3.61743e-08)
(-10 4.14825e-07 -6.05119e-08)
(-10 5.05992e-07 -4.37295e-08)
(-10 5.38061e-07 -3.20222e-08)
(-10 4.67655e-07 -7.7711e-08)
(-10 4.1368e-07 -6.88068e-08)
(-10 3.33122e-07 -4.62869e-08)
(-10 2.74561e-07 -6.41821e-08)
(-10 2.20125e-07 -8.6972e-08)
(-10 1.62244e-07 1.5479e-08)
(-10 8.12946e-08 6.0192e-08)
(-10 3.56144e-08 3.64472e-08)
(-10 -7.1654e-07 4.94618e-08)
(-10 -5.50411e-07 4.68244e-08)
(-10 -4.461e-07 -8.72886e-08)
(-10 -2.43369e-07 -2.79052e-08)
(-10 -3.88815e-08 8.83299e-09)
(-10 1.53547e-07 -1.14465e-08)
(-10 3.13077e-07 -2.09477e-08)
(-10 4.54147e-07 1.6793e-08)
(-10 5.20726e-07 7.85797e-08)
(-10 4.96882e-07 6.37954e-08)
(-10 3.24416e-07 9.14579e-09)
(-10 2.70696e-07 -4.03828e-08)
(-10 2.33421e-07 6.20701e-09)
(-10 1.93716e-07 5.35721e-08)
(-10 1.52977e-07 3.58942e-08)
(-10 1.9153e-07 7.09656e-08)
(-10 1.9619e-07 9.50761e-08)
(-10 -1.15801e-06 3.45274e-08)
(-10 -9.92126e-07 5.35557e-09)
(-10 -8.49901e-07 -1.3936e-07)
(-10 -5.42766e-07 -5.93687e-08)
(-10 -2.97529e-07 -2.93078e-08)
(-10 -1.0963e-07 -6.60363e-08)
(-10 7.94589e-08 -3.46392e-08)
(-10 2.32345e-07 2.78013e-09)
(-10 3.44349e-07 3.75773e-08)
(-10 4.20238e-07 5.3569e-08)
(-10 3.44171e-07 4.19938e-08)
(-10 2.70687e-07 3.3302e-08)
(-10 2.89257e-07 2.945e-08)
(-10 3.06822e-07 1.317e-08)
(-10 3.08582e-07 3.18329e-08)
(-10 3.173e-07 2.58484e-08)
(-10 3.12166e-07 -3.46922e-09)
(-10 -1.55513e-06 6.15843e-08)
(-10 -1.33667e-06 3.72499e-08)
(-10 -1.15651e-06 -1.31495e-07)
(-10 -8.05938e-07 -7.91884e-08)
(-10 -5.31476e-07 -4.80146e-08)
(-10 -3.177e-07 -4.49663e-08)
(-10 -1.13441e-07 -2.7015e-08)
(-10 6.87622e-08 1.05921e-08)
(-10 2.20979e-07 4.54726e-08)
(-10 3.51066e-07 6.40015e-08)
(-10 2.93039e-07 5.65918e-08)
(-10 3.02096e-07 4.56621e-08)
(-10 3.35199e-07 3.48846e-08)
(-10 3.66829e-07 3.5709e-08)
(-10 3.99809e-07 1.70655e-08)
(-10 4.20691e-07 1.48312e-08)
(-10 4.22047e-07 3.91416e-08)
(-10 -1.89518e-06 7.06481e-08)
(-10 -1.6085e-06 5.55825e-08)
(-10 -1.38567e-06 -7.90909e-08)
(-10 -1.05539e-06 -6.77508e-08)
(-10 -7.88618e-07 -5.9543e-08)
(-10 -5.46137e-07 -4.82206e-08)
(-10 -3.03629e-07 -1.98409e-08)
(-10 -8.04403e-08 3.95537e-09)
(-10 1.0886e-07 1.87879e-08)
(-10 2.69547e-07 2.8808e-08)
(-10 2.81471e-07 4.32798e-08)
(-10 2.93018e-07 4.25791e-08)
(-10 3.50804e-07 2.51891e-08)
(-10 4.08177e-07 -1.22211e-08)
(-10 4.57079e-07 -1.71457e-09)
(-10 4.9603e-07 -1.43645e-08)
(-10 5.05511e-07 -1.73435e-08)
(-10 -2.1915e-06 9.4285e-08)
(-10 -1.85609e-06 8.24991e-08)
(-10 -1.6247e-06 -4.28719e-08)
(-10 -1.30702e-06 -2.20697e-08)
(-10 -1.05146e-06 -5.1188e-09)
(-10 -8.14824e-07 5.64695e-09)
(-10 -4.94331e-07 -2.51796e-09)
(-10 -1.99321e-07 -1.15559e-08)
(-10 1.62609e-08 1.18929e-08)
(-10 2.04934e-07 3.2725e-08)
(-10 2.29235e-07 3.25961e-08)
(-10 2.79254e-07 2.96403e-08)
(-10 3.51517e-07 2.24956e-08)
(-10 4.16638e-07 1.70474e-08)
(-10 4.84658e-07 -1.80164e-09)
(-10 5.28899e-07 -5.61729e-10)
(-10 5.47228e-07 2.90927e-08)
(-10 -2.40676e-06 8.85521e-08)
(-10 -2.06371e-06 6.18761e-08)
(-10 -1.84628e-06 2.04731e-08)
(-10 -1.54673e-06 5.94052e-08)
(-10 -1.28796e-06 6.24415e-08)
(-10 -1.0444e-06 1.10811e-07)
(-10 -7.48597e-07 5.93661e-08)
(-10 -4.17237e-07 -8.81951e-08)
(-10 -8.44105e-08 -3.4861e-08)
(-10 1.4855e-07 1.68151e-08)
(-10 1.81006e-07 1.64213e-08)
(-10 2.47514e-07 3.07551e-08)
(-10 3.25834e-07 1.94308e-08)
(-10 4.03457e-07 -1.14367e-08)
(-10 4.78828e-07 4.55505e-09)
(-10 5.23264e-07 2.11487e-09)
(-10 5.46367e-07 4.72106e-10)
(-10 -2.51222e-06 1.19755e-07)
(-10 -2.19653e-06 9.11614e-08)
(-10 -1.91756e-06 2.72535e-08)
(-10 -1.56432e-06 8.62015e-08)
(-10 -1.35299e-06 7.64467e-08)
(-10 -1.07296e-06 8.01432e-08)
(-10 -8.48757e-07 8.80908e-08)
(-10 -6.16686e-07 4.68314e-08)
(-10 -2.34577e-07 -4.637e-08)
(-10 7.64123e-08 -5.59443e-08)
(-10 1.79628e-07 1.05625e-08)
(-10 2.23685e-07 6.23413e-09)
(-10 3.01339e-07 8.02259e-09)
(-10 3.83616e-07 8.08145e-09)
(-10 4.65508e-07 -1.68292e-08)
(-10 5.15029e-07 -6.28532e-09)
(-10 5.43763e-07 4.15576e-08)
(-10 -2.461e-06 1.32312e-07)
(-10 -2.2062e-06 1.05115e-07)
(-10 -1.88236e-06 2.82623e-09)
(-10 -1.52893e-06 1.45898e-08)
(-10 -1.23932e-06 1.9309e-08)
(-10 -9.60094e-07 3.2554e-08)
(-10 -7.70748e-07 5.13359e-08)
(-10 -5.90933e-07 7.00052e-08)
(-10 -3.82008e-07 1.17171e-08)
(-10 -3.47648e-08 -7.13491e-08)
(-10 1.40827e-07 -4.19361e-08)
(-10 2.15444e-07 1.39738e-08)
(-10 2.87321e-07 7.48577e-09)
(-10 3.6671e-07 -2.0245e-08)
(-10 4.48635e-07 -1.53551e-08)
(-10 5.03695e-07 -8.14364e-09)
(-10 5.45957e-07 -1.43778e-08)
(-10 -2.26782e-06 1.4824e-07)
(-10 -2.02334e-06 1.376e-07)
(-10 -1.7253e-06 -4.60743e-09)
(-10 -1.45566e-06 -4.56079e-08)
(-10 -1.13211e-06 3.60207e-09)
(-10 -8.73347e-07 3.28511e-08)
(-10 -6.93778e-07 2.77694e-08)
(-10 -5.34958e-07 2.99815e-08)
(-10 -3.95776e-07 5.56126e-08)
(-10 -1.89309e-07 3.54331e-09)
(-10 3.64008e-08 -1.36231e-07)
(-10 1.87255e-07 -4.03633e-08)
(-10 2.47786e-07 3.00859e-08)
(-10 3.21031e-07 1.44835e-08)
(-10 3.93152e-07 -1.03856e-08)
(-10 4.48848e-07 -1.41906e-08)
(-10 4.99877e-07 3.51257e-08)
(-10 -2.00021e-06 1.70909e-07)
(-10 -1.7833e-06 1.62091e-07)
(-10 -1.48352e-06 3.11288e-08)
(-10 -1.25592e-06 -3.57619e-08)
(-10 -9.9789e-07 -2.43133e-08)
(-10 -7.82952e-07 -1.87592e-08)
(-10 -6.25934e-07 -4.73348e-09)
(-10 -4.83263e-07 -1.99497e-09)
(-10 -3.60006e-07 3.91846e-09)
(-10 -2.74129e-07 -3.81849e-08)
(-10 -9.71283e-08 -1.05637e-07)
(-10 1.17792e-07 -4.91678e-08)
(-10 2.27161e-07 2.75645e-08)
(-10 2.63057e-07 1.15905e-08)
(-10 3.26278e-07 -6.03605e-09)
(-10 3.68307e-07 1.46201e-08)
(-10 4.25036e-07 -1.67948e-08)
(-10 -1.67963e-06 1.90401e-07)
(-10 -1.52147e-06 2.04097e-07)
(-10 -1.25044e-06 6.70217e-08)
(-10 -1.05103e-06 -3.13599e-08)
(-10 -8.3026e-07 -2.68055e-08)
(-10 -6.70517e-07 -1.89659e-08)
(-10 -5.09568e-07 -2.13949e-08)
(-10 -4.00956e-07 -1.5748e-08)
(-10 -3.17431e-07 4.11238e-09)
(-10 -2.35279e-07 4.03281e-08)
(-10 -1.8218e-07 -1.94008e-09)
(-10 1.62219e-08 -9.0357e-08)
(-10 1.57785e-07 -2.56756e-08)
(-10 1.86744e-07 7.37904e-08)
(-10 2.28153e-07 4.21499e-08)
(-10 2.59574e-07 1.24921e-08)
(-10 2.96774e-07 4.32133e-08)
(-10 -1.31094e-06 1.80209e-07)
(-10 -1.20404e-06 2.06252e-07)
(-10 -9.86239e-07 7.93562e-08)
(-10 -8.35925e-07 -4.7078e-08)
(-10 -6.64129e-07 -3.66027e-08)
(-10 -5.08969e-07 -5.46197e-08)
(-10 -4.04346e-07 -3.09374e-08)
(-10 -3.09959e-07 -3.95213e-08)
(-10 -2.27197e-07 -3.20053e-08)
(-10 -1.6495e-07 1.03626e-08)
(-10 -1.31763e-07 -2.96493e-08)
(-10 -2.13997e-08 -9.22278e-08)
(-10 8.90476e-08 -1.66854e-08)
(-10 1.40917e-07 6.7468e-08)
(-10 1.59332e-07 4.33586e-08)
(-10 1.69132e-07 4.05983e-08)
(-10 2.2622e-07 5.72488e-10)
(-10 -8.85023e-07 1.84234e-07)
(-10 -8.01268e-07 1.7957e-07)
(-10 -6.56895e-07 4.53838e-08)
(-10 -5.59152e-07 -2.92317e-08)
(-10 -4.01888e-07 -4.25812e-08)
(-10 -3.04708e-07 -2.73974e-08)
(-10 -2.12498e-07 -6.05072e-08)
(-10 -1.41102e-07 -4.08105e-08)
(-10 -1.13005e-07 -4.06397e-09)
(-10 -5.02188e-08 1.58123e-08)
(-10 -8.76237e-08 -1.73874e-08)
(-10 -1.55065e-08 -9.07274e-08)
(-10 1.28127e-07 -5.98716e-08)
(-10 1.9769e-07 5.13412e-08)
(-10 1.75588e-07 2.94731e-08)
(-10 1.95885e-07 -3.91473e-09)
(-10 2.48798e-07 -1.11919e-08)
(-10 -4.98755e-07 1.80001e-07)
(-10 -4.46357e-07 1.73656e-07)
(-10 -4.27436e-07 -7.36665e-09)
(-10 -3.57339e-07 -8.28042e-08)
(-10 -2.77368e-07 -2.82607e-08)
(-10 -2.01015e-07 -4.92533e-08)
(-10 -1.65523e-07 -5.08176e-08)
(-10 -1.28048e-07 -4.89061e-08)
(-10 -8.5809e-08 -3.37321e-08)
(-10 -8.6742e-08 3.131e-08)
(-10 -1.03419e-07 1.71924e-08)
(-10 -8.31934e-08 -5.15075e-08)
(-10 3.32111e-08 -7.0732e-08)
(-10 1.24926e-07 -3.50427e-08)
(-10 9.52487e-08 4.87772e-08)
(-10 1.17087e-07 3.49849e-09)
(-10 1.37915e-07 -2.34025e-08)
(-10 -1.52384e-07 1.81708e-07)
(-10 -1.43883e-07 1.44393e-07)
(-10 -1.55729e-07 -5.91708e-09)
(-10 -1.48594e-07 -8.03554e-08)
(-10 -1.15654e-07 -9.0368e-08)
(-10 -1.10651e-07 -8.40144e-08)
(-10 -9.68537e-08 -1.27697e-07)
(-10 -8.50794e-08 -9.01358e-08)
(-10 -7.79567e-08 -4.8817e-08)
(-10 -7.15431e-08 -2.97489e-08)
(-10 -6.90339e-08 1.08716e-08)
(-10 -6.47872e-08 -4.96246e-08)
(-10 -3.10812e-08 -1.53289e-07)
(-10 -4.71017e-10 -7.54786e-08)
(-10 -4.19258e-09 -2.52594e-09)
(-10 4.55777e-09 -6.19789e-08)
(-10 9.06189e-09 -7.99673e-08)
(-10 7.25443e-07 -5.49541e-08)
(-10 7.64032e-07 -6.2935e-08)
(-10 7.21252e-07 -6.23307e-08)
(-10 6.68503e-07 -5.48414e-08)
(-10 6.70933e-07 -4.35866e-08)
(-10 6.82964e-07 -1.38605e-08)
(-10 7.1709e-07 1.87281e-08)
(-10 7.41852e-07 5.23159e-08)
(-10 7.67993e-07 6.05043e-08)
(-10 7.95528e-07 -3.5192e-08)
(-10 7.80006e-07 7.51002e-08)
(-10 6.83876e-07 -1.19846e-07)
(-10 5.73377e-07 -7.91571e-08)
(-10 4.85618e-07 -5.73942e-08)
(-10 4.32978e-07 -5.13997e-08)
(-10 4.15139e-07 -1.70424e-08)
(-10 4.07921e-07 -3.32729e-08)
(-10 4.53602e-07 -4.37367e-08)
(-10 5.30763e-07 -5.15098e-08)
(-10 4.6808e-07 -5.89083e-08)
(-10 4.41679e-07 -6.32106e-08)
(-10 4.50739e-07 -5.41699e-08)
(-10 4.94208e-07 -2.79082e-08)
(-10 5.38962e-07 3.16005e-09)
(-10 5.84639e-07 2.47132e-08)
(-10 6.15606e-07 4.53907e-08)
(-10 5.13824e-07 -1.97138e-08)
(-10 5.32897e-07 9.19778e-08)
(-10 4.33668e-07 -1.07505e-07)
(-10 3.30497e-07 -6.45787e-08)
(-10 2.33451e-07 -9.37834e-09)
(-10 1.72835e-07 2.30571e-08)
(-10 1.68557e-07 3.36402e-08)
(-10 1.94704e-07 3.14799e-08)
(-10 2.53797e-07 1.43812e-09)
(-10 3.48572e-07 -2.31715e-08)
(-10 3.10947e-07 -2.99934e-08)
(-10 3.00704e-07 -2.71087e-08)
(-10 3.32507e-07 -2.57755e-08)
(-10 3.90323e-07 -1.07137e-08)
(-10 4.50117e-07 6.73985e-09)
(-10 4.99373e-07 3.44013e-08)
(-10 5.39554e-07 5.04215e-08)
(-10 2.53673e-07 1.62501e-08)
(-10 3.11562e-07 9.65806e-08)
(-10 2.17331e-07 -6.90279e-08)
(-10 1.00503e-07 -6.2919e-09)
(-10 -2.91321e-08 7.04854e-08)
(-10 -1.11248e-07 1.36464e-07)
(-10 -1.23005e-07 1.46651e-07)
(-10 -6.94783e-08 9.85401e-08)
(-10 1.82123e-08 5.19845e-08)
(-10 1.82315e-07 -5.82818e-09)
(-10 1.85651e-07 -2.07799e-08)
(-10 2.00828e-07 -2.50314e-08)
(-10 2.43725e-07 -2.38609e-08)
(-10 3.14424e-07 -8.60001e-09)
(-10 3.85007e-07 6.40652e-09)
(-10 4.435e-07 2.15737e-08)
(-10 4.87366e-07 3.62744e-08)
(-10 6.74599e-08 5.19551e-08)
(-10 1.31031e-07 9.29338e-08)
(-10 4.61199e-08 -5.02494e-08)
(-10 -8.42597e-08 3.65497e-09)
(-10 -2.0971e-07 8.92886e-08)
(-10 -2.35932e-07 1.50903e-07)
(-10 -1.97185e-07 1.41815e-07)
(-10 -1.71828e-07 1.26551e-07)
(-10 -1.1069e-07 1.06807e-07)
(-10 1.56401e-08 7.41377e-08)
(-10 3.65071e-08 2.32963e-08)
(-10 8.50012e-08 1.78953e-08)
(-10 1.58352e-07 1.34048e-08)
(-10 2.35159e-07 1.0147e-08)
(-10 3.14788e-07 1.70175e-08)
(-10 3.74652e-07 3.33579e-08)
(-10 4.19963e-07 4.35493e-08)
(-10 -4.09549e-08 6.52434e-08)
(-10 1.49459e-08 9.9649e-08)
(-10 -2.04007e-08 -6.48802e-08)
(-10 -1.18112e-07 -1.13968e-08)
(-10 -1.4239e-07 5.66314e-08)
(-10 -1.34036e-07 -1.10076e-08)
(-10 -1.06392e-07 -5.19403e-09)
(-10 -1.18185e-07 1.6251e-08)
(-10 -9.00657e-08 5.41725e-08)
(-10 -4.86481e-08 1.07587e-07)
(-10 -1.4744e-07 1.23414e-07)
(-10 -1.32709e-07 7.05794e-08)
(-10 2.7915e-08 1.01491e-08)
(-10 1.33945e-07 6.32613e-09)
(-10 2.1923e-07 1.12117e-08)
(-10 2.78022e-07 2.12689e-08)
(-10 3.17591e-07 3.65448e-08)
(-10 -1.21267e-07 8.02802e-08)
(-10 -4.20827e-08 1.28905e-07)
(-10 -1.16956e-08 -8.63693e-08)
(-10 -7.22604e-08 -9.0341e-08)
(-10 -4.60142e-08 -1.81994e-08)
(-10 -4.15026e-08 -6.56013e-08)
(-10 -4.50321e-08 -5.38495e-08)
(-10 -5.28113e-08 -2.71501e-09)
(-10 -3.16779e-08 2.79155e-08)
(-10 3.03286e-08 6.45955e-08)
(-10 -1.04582e-07 9.25857e-08)
(-10 -1.71494e-07 1.31143e-07)
(-10 -1.3166e-07 1.31236e-07)
(-10 -3.77306e-08 7.62982e-08)
(-10 9.92889e-08 3.31496e-08)
(-10 1.62241e-07 3.93413e-08)
(-10 2.02751e-07 5.96805e-08)
(-10 -8.25318e-08 1.07994e-07)
(-10 -1.53265e-08 1.90676e-07)
(-10 -1.06838e-07 -9.2797e-08)
(-10 -1.09368e-07 -1.40706e-07)
(-10 9.88951e-09 -5.28774e-08)
(-10 4.04413e-08 -1.01443e-07)
(-10 -1.06436e-08 -7.65098e-08)
(-10 -1.09929e-08 -6.53719e-08)
(-10 1.10761e-07 -1.96712e-08)
(-10 2.22115e-07 2.2211e-08)
(-10 8.38656e-08 4.90625e-08)
(-10 -1.47267e-09 5.48466e-08)
(-10 -6.6189e-08 5.45528e-08)
(-10 -1.16497e-07 6.42854e-08)
(-10 -1.08132e-07 7.95041e-08)
(-10 -7.8107e-08 3.96701e-08)
(-10 -4.96676e-08 2.49338e-08)
(-10 -9.6359e-08 7.36075e-08)
(-10 -6.52284e-08 1.31093e-07)
(-10 -1.61014e-07 -1.27578e-07)
(-10 -9.44792e-08 -9.62874e-08)
(-10 6.09161e-08 -3.14216e-08)
(-10 1.54727e-07 -7.37933e-08)
(-10 1.78433e-07 -8.8651e-08)
(-10 2.65592e-07 -4.08627e-08)
(-10 2.26897e-07 -1.74331e-08)
(-10 2.83503e-07 1.16743e-08)
(-10 2.58406e-07 3.01219e-08)
(-10 2.19673e-07 4.88717e-08)
(-10 1.39792e-07 4.39439e-08)
(-10 7.86126e-08 4.00746e-08)
(-10 -1.13951e-08 2.85104e-08)
(-10 -8.19903e-08 6.2944e-08)
(-10 -8.11246e-08 7.2392e-08)
(-10 -3.49561e-07 4.23822e-08)
(-10 -2.06804e-07 9.61145e-08)
(-10 -1.80269e-07 -1.40606e-07)
(-10 -3.64239e-08 -8.3068e-08)
(-10 1.27371e-07 -2.68805e-08)
(-10 2.75669e-07 -6.42938e-08)
(-10 4.10372e-07 -6.26914e-08)
(-10 5.05257e-07 -8.21405e-08)
(-10 4.98392e-07 -7.56677e-08)
(-10 5.37485e-07 -7.3038e-08)
(-10 3.89044e-07 -5.49059e-08)
(-10 3.27451e-07 -3.85779e-08)
(-10 2.79032e-07 -6.6916e-08)
(-10 2.18593e-07 -7.55139e-08)
(-10 1.55255e-07 -6.74852e-08)
(-10 1.21089e-07 1.50124e-08)
(-10 9.52646e-08 9.01441e-08)
(-10 -7.25644e-07 3.86407e-08)
(-10 -5.60549e-07 7.54775e-08)
(-10 -4.83901e-07 -1.5735e-07)
(-10 -2.23502e-07 -6.04034e-08)
(-10 -4.31597e-09 -5.64761e-09)
(-10 1.60756e-07 -2.71475e-08)
(-10 3.31579e-07 -5.3268e-08)
(-10 4.70257e-07 -4.17848e-08)
(-10 5.51796e-07 -1.55931e-08)
(-10 6.04691e-07 3.20762e-09)
(-10 4.32485e-07 1.12864e-08)
(-10 3.09602e-07 1.60809e-08)
(-10 2.89013e-07 1.07213e-08)
(-10 2.61373e-07 1.25437e-08)
(-10 2.23798e-07 -2.96835e-08)
(-10 1.9935e-07 -2.02936e-09)
(-10 1.78079e-07 5.12905e-08)
(-10 -1.16784e-06 5.156e-08)
(-10 -9.54007e-07 6.81043e-08)
(-10 -8.39084e-07 -1.92122e-07)
(-10 -5.40035e-07 -6.15174e-08)
(-10 -2.88176e-07 -1.23999e-08)
(-10 -1.04583e-07 -5.93712e-08)
(-10 8.30379e-08 -6.03218e-08)
(-10 2.32293e-07 -4.16565e-08)
(-10 3.48431e-07 -5.97897e-09)
(-10 4.46265e-07 3.67428e-08)
(-10 3.52577e-07 4.08367e-08)
(-10 3.10808e-07 3.11832e-08)
(-10 3.16441e-07 1.97424e-08)
(-10 3.07151e-07 8.9333e-09)
(-10 3.06018e-07 -1.48102e-08)
(-10 2.95313e-07 -2.47984e-08)
(-10 2.83631e-07 9.98695e-09)
(-10 -1.54787e-06 9.94034e-08)
(-10 -1.26924e-06 1.12915e-07)
(-10 -1.09344e-06 -1.35173e-07)
(-10 -8.00695e-07 -8.1146e-08)
(-10 -5.46644e-07 -4.32117e-08)
(-10 -3.16437e-07 -7.07418e-08)
(-10 -1.1311e-07 -4.11042e-08)
(-10 6.63428e-08 3.70296e-09)
(-10 2.16513e-07 2.51786e-08)
(-10 3.49285e-07 4.49958e-08)
(-10 3.14793e-07 5.85709e-08)
(-10 3.05215e-07 6.61185e-08)
(-10 3.36168e-07 5.82054e-08)
(-10 3.56231e-07 4.05597e-08)
(-10 3.73027e-07 1.56743e-08)
(-10 3.8456e-07 9.19173e-09)
(-10 3.75442e-07 -1.56093e-08)
(-10 -1.89235e-06 1.07359e-07)
(-10 -1.57556e-06 9.99675e-08)
(-10 -1.35751e-06 -1.20181e-07)
(-10 -1.03485e-06 -8.57587e-08)
(-10 -7.68086e-07 -7.60746e-08)
(-10 -5.25445e-07 -5.37148e-08)
(-10 -2.94966e-07 -2.75685e-08)
(-10 -8.05215e-08 -2.02937e-08)
(-10 1.07244e-07 8.67354e-09)
(-10 2.74215e-07 3.22747e-08)
(-10 2.74084e-07 3.20463e-08)
(-10 2.98497e-07 1.77023e-08)
(-10 3.50862e-07 2.86684e-09)
(-10 3.94606e-07 2.62932e-09)
(-10 4.34409e-07 -1.37511e-08)
(-10 4.53969e-07 -3.4284e-08)
(-10 4.5704e-07 -2.27018e-08)
(-10 -2.20017e-06 1.16623e-07)
(-10 -1.87939e-06 7.01801e-08)
(-10 -1.59761e-06 -9.23749e-08)
(-10 -1.24809e-06 -5.22964e-08)
(-10 -9.80784e-07 -3.11769e-08)
(-10 -7.29923e-07 -1.41185e-08)
(-10 -4.68245e-07 -7.17145e-09)
(-10 -2.06981e-07 1.45262e-08)
(-10 1.51357e-08 2.5655e-08)
(-10 2.06605e-07 1.76337e-08)
(-10 2.4154e-07 2.83536e-08)
(-10 2.86567e-07 3.49045e-08)
(-10 3.54943e-07 2.85793e-08)
(-10 4.144e-07 1.36969e-08)
(-10 4.68023e-07 -1.28534e-08)
(-10 4.96429e-07 -5.22588e-09)
(-10 5.11096e-07 -2.29908e-08)
(-10 -2.39969e-06 1.27322e-07)
(-10 -2.09375e-06 8.49154e-08)
(-10 -1.81311e-06 -7.44381e-08)
(-10 -1.47861e-06 -4.4218e-09)
(-10 -1.2284e-06 4.00707e-08)
(-10 -9.83539e-07 6.74159e-08)
(-10 -6.85084e-07 2.73124e-08)
(-10 -3.42434e-07 -3.15963e-08)
(-10 -6.84647e-08 -2.31602e-08)
(-10 1.40611e-07 -2.64216e-09)
(-10 1.92186e-07 8.18524e-10)
(-10 2.51008e-07 -1.41991e-08)
(-10 3.27038e-07 -2.32198e-08)
(-10 4.03228e-07 -1.85117e-08)
(-10 4.69948e-07 -3.67531e-08)
(-10 4.97989e-07 -2.42824e-08)
(-10 5.13097e-07 -2.75086e-09)
(-10 -2.46904e-06 1.68491e-07)
(-10 -2.19665e-06 1.37465e-07)
(-10 -1.92656e-06 1.19701e-09)
(-10 -1.63769e-06 9.06242e-08)
(-10 -1.37607e-06 1.35896e-07)
(-10 -1.11123e-06 1.38024e-07)
(-10 -8.15666e-07 1.05561e-07)
(-10 -5.09195e-07 6.41666e-08)
(-10 -1.75385e-07 -9.29045e-09)
(-10 9.44648e-08 -2.93011e-08)
(-10 1.57765e-07 -3.94793e-09)
(-10 2.30695e-07 1.21696e-08)
(-10 3.14145e-07 1.64701e-08)
(-10 3.91606e-07 1.06623e-08)
(-10 4.59728e-07 -5.75676e-09)
(-10 4.98e-07 1.36436e-08)
(-10 5.18794e-07 1.43799e-08)
(-10 -2.43313e-06 1.62933e-07)
(-10 -2.16764e-06 1.85011e-07)
(-10 -1.92608e-06 -6.84138e-09)
(-10 -1.64204e-06 2.77696e-08)
(-10 -1.32944e-06 2.32862e-08)
(-10 -1.00298e-06 4.70395e-08)
(-10 -7.77583e-07 6.25e-08)
(-10 -6.04208e-07 5.57842e-08)
(-10 -3.32573e-07 3.54048e-08)
(-10 6.35129e-09 -1.64575e-08)
(-10 1.49525e-07 -3.60191e-08)
(-10 2.24307e-07 -2.1716e-08)
(-10 3.00352e-07 -1.85124e-08)
(-10 3.78911e-07 -4.70042e-09)
(-10 4.54308e-07 -5.07592e-09)
(-10 4.97655e-07 -3.8195e-09)
(-10 5.3224e-07 3.36288e-08)
(-10 -2.25776e-06 1.94833e-07)
(-10 -2.01852e-06 2.05749e-07)
(-10 -1.76589e-06 4.9136e-08)
(-10 -1.50474e-06 5.07815e-08)
(-10 -1.17143e-06 7.08241e-09)
(-10 -8.99995e-07 6.81053e-09)
(-10 -7.17612e-07 1.94253e-08)
(-10 -5.62755e-07 3.75871e-08)
(-10 -4.07455e-07 3.33396e-08)
(-10 -9.70396e-08 2.12444e-08)
(-10 7.09516e-08 -2.44459e-08)
(-10 1.94349e-07 -4.68788e-09)
(-10 2.71666e-07 1.79267e-08)
(-10 3.42527e-07 1.51775e-08)
(-10 4.08004e-07 1.91435e-08)
(-10 4.57636e-07 3.52492e-08)
(-10 5.03551e-07 3.67821e-08)
(-10 -1.98788e-06 1.93741e-07)
(-10 -1.77738e-06 1.97681e-07)
(-10 -1.51526e-06 1.56373e-08)
(-10 -1.27876e-06 6.36814e-09)
(-10 -1.02022e-06 -2.5509e-08)
(-10 -7.83726e-07 -1.38717e-08)
(-10 -6.09129e-07 3.96758e-09)
(-10 -4.67656e-07 4.55055e-09)
(-10 -3.56027e-07 2.48765e-08)
(-10 -2.02324e-07 3.58318e-08)
(-10 -1.64569e-08 1.07296e-08)
(-10 1.46939e-07 -3.83185e-08)
(-10 2.23493e-07 -8.18828e-09)
(-10 2.86738e-07 1.26549e-08)
(-10 3.50952e-07 2.10875e-08)
(-10 3.93208e-07 1.84094e-08)
(-10 4.45161e-07 4.09454e-08)
(-10 -1.69303e-06 2.21782e-07)
(-10 -1.50371e-06 2.30051e-07)
(-10 -1.25314e-06 5.47493e-08)
(-10 -1.06222e-06 9.29806e-09)
(-10 -8.52175e-07 -3.3221e-08)
(-10 -6.57613e-07 -2.16695e-08)
(-10 -5.11415e-07 -1.77343e-08)
(-10 -3.92817e-07 -3.29104e-09)
(-10 -2.93605e-07 1.21482e-08)
(-10 -2.07386e-07 4.23595e-08)
(-10 -1.35072e-07 4.79397e-08)
(-10 4.70064e-08 2.50638e-09)
(-10 1.82358e-07 8.67908e-09)
(-10 2.24352e-07 4.02687e-08)
(-10 2.67735e-07 3.92856e-08)
(-10 3.03932e-07 5.61359e-08)
(-10 3.53965e-07 4.40248e-08)
(-10 -1.32419e-06 2.37114e-07)
(-10 -1.19897e-06 2.51867e-07)
(-10 -1.01246e-06 4.99857e-08)
(-10 -8.47031e-07 -2.79939e-08)
(-10 -6.63573e-07 -4.24715e-08)
(-10 -5.31909e-07 -5.30055e-08)
(-10 -4.15222e-07 -4.35336e-08)
(-10 -3.19704e-07 -4.09783e-08)
(-10 -2.59556e-07 -2.86696e-08)
(-10 -1.98967e-07 8.9166e-09)
(-10 -1.72573e-07 2.49108e-08)
(-10 -2.62352e-08 2.59954e-08)
(-10 1.08717e-07 1.83915e-08)
(-10 1.49558e-07 5.19361e-08)
(-10 1.78091e-07 5.58799e-08)
(-10 1.89209e-07 5.38001e-08)
(-10 2.29687e-07 5.48005e-08)
(-10 -8.72215e-07 2.50103e-07)
(-10 -8.07901e-07 2.48093e-07)
(-10 -6.99729e-07 4.47204e-08)
(-10 -5.6285e-07 -7.68921e-09)
(-10 -4.26605e-07 -4.12198e-08)
(-10 -3.1923e-07 -6.8733e-08)
(-10 -2.32142e-07 -6.58498e-08)
(-10 -1.78149e-07 -4.72673e-08)
(-10 -1.30637e-07 -3.26291e-08)
(-10 -8.61839e-08 2.58196e-08)
(-10 -8.05422e-08 4.26928e-08)
(-10 -4.33015e-08 3.19469e-08)
(-10 1.05204e-07 4.25237e-08)
(-10 1.83687e-07 4.64015e-08)
(-10 1.65113e-07 5.33431e-08)
(-10 1.80922e-07 2.87281e-08)
(-10 2.15167e-07 1.87784e-08)
(-10 -5.13002e-07 2.52216e-07)
(-10 -4.75658e-07 2.35462e-07)
(-10 -4.46209e-07 1.17929e-08)
(-10 -3.71602e-07 -2.42304e-08)
(-10 -2.82171e-07 -9.49055e-08)
(-10 -2.20259e-07 -9.14803e-08)
(-10 -1.70369e-07 -8.7323e-08)
(-10 -1.3939e-07 -7.71238e-08)
(-10 -1.09601e-07 -3.08483e-08)
(-10 -7.44847e-08 1.14002e-08)
(-10 -8.29693e-08 7.8622e-08)
(-10 -5.87276e-08 8.60081e-08)
(-10 2.44007e-08 4.58545e-08)
(-10 1.05333e-07 2.36508e-08)
(-10 9.48496e-08 2.69337e-08)
(-10 1.1143e-07 1.01845e-08)
(-10 1.32883e-07 1.25552e-09)
(-10 -1.55667e-07 2.76151e-07)
(-10 -1.50705e-07 2.40475e-07)
(-10 -1.67409e-07 2.78695e-08)
(-10 -1.55576e-07 -7.1876e-08)
(-10 -1.20816e-07 -9.09893e-08)
(-10 -1.11208e-07 -1.24437e-07)
(-10 -9.67374e-08 -1.25357e-07)
(-10 -8.61233e-08 -9.44042e-08)
(-10 -7.90087e-08 -5.52571e-08)
(-10 -5.97756e-08 -1.32878e-08)
(-10 -6.88509e-08 5.70252e-08)
(-10 -4.54269e-08 6.6936e-08)
(-10 -2.61994e-08 1.60775e-08)
(-10 -1.43885e-08 -3.14549e-08)
(-10 6.82246e-09 -2.41632e-08)
(-10 3.5924e-09 -3.2276e-08)
(-10 1.41435e-08 -4.32429e-08)
(-10 6.56169e-07 -2.11448e-08)
(-10 6.44083e-07 -1.48327e-08)
(-10 6.81393e-07 1.62232e-08)
(-10 7.11647e-07 3.63915e-08)
(-10 7.38784e-07 4.78985e-08)
(-10 7.54709e-07 6.61548e-08)
(-10 8.05994e-07 -2.2272e-08)
(-10 7.45015e-07 1.05831e-08)
(-10 6.81444e-07 -1.16938e-07)
(-10 5.88794e-07 -7.58534e-08)
(-10 5.22071e-07 -4.52615e-08)
(-10 4.76502e-07 -2.4237e-08)
(-10 4.52226e-07 -2.02652e-08)
(-10 4.67915e-07 -1.5818e-08)
(-10 4.93873e-07 -1.94784e-08)
(-10 5.44019e-07 -2.48195e-08)
(-10 4.74946e-07 -3.01559e-08)
(-10 4.40881e-07 -2.09161e-08)
(-10 4.65784e-07 -7.46437e-09)
(-10 4.94754e-07 9.7355e-09)
(-10 5.50853e-07 2.17537e-08)
(-10 6.04799e-07 4.43335e-08)
(-10 6.42645e-07 5.3515e-08)
(-10 5.56249e-07 -9.78811e-09)
(-10 5.23091e-07 2.95053e-08)
(-10 4.60631e-07 -1.02563e-07)
(-10 3.75734e-07 -5.1985e-08)
(-10 3.05515e-07 -1.53992e-08)
(-10 2.58792e-07 1.15202e-08)
(-10 2.55276e-07 2.69498e-08)
(-10 2.68069e-07 1.89458e-08)
(-10 3.14658e-07 1.1375e-08)
(-10 3.86817e-07 4.65485e-09)
(-10 3.3417e-07 4.72048e-09)
(-10 3.10923e-07 2.86409e-09)
(-10 3.47277e-07 2.38135e-09)
(-10 4.02231e-07 2.19078e-08)
(-10 4.64976e-07 4.0107e-08)
(-10 5.20999e-07 4.93808e-08)
(-10 5.67949e-07 6.31794e-08)
(-10 3.16334e-07 1.51307e-08)
(-10 3.25493e-07 4.76843e-08)
(-10 2.7123e-07 -8.6467e-08)
(-10 1.78916e-07 -2.94237e-08)
(-10 9.71471e-08 1.72975e-08)
(-10 4.36308e-08 5.35934e-08)
(-10 3.40364e-08 5.61051e-08)
(-10 7.90434e-08 4.81229e-08)
(-10 1.39647e-07 3.80652e-08)
(-10 2.39848e-07 2.51645e-08)
(-10 2.01954e-07 6.38425e-09)
(-10 2.00683e-07 -4.94105e-10)
(-10 2.5617e-07 1.40259e-08)
(-10 3.23807e-07 2.16407e-08)
(-10 3.99364e-07 2.96919e-08)
(-10 4.64829e-07 4.44686e-08)
(-10 5.14217e-07 5.042e-08)
(-10 1.1436e-07 4.79703e-08)
(-10 1.48147e-07 7.18597e-08)
(-10 7.64385e-08 -4.8565e-08)
(-10 -3.83116e-08 1.78524e-08)
(-10 -1.56772e-07 8.31343e-08)
(-10 -2.29272e-07 1.45475e-07)
(-10 -2.18071e-07 1.51397e-07)
(-10 -1.57608e-07 1.29232e-07)
(-10 -6.39587e-08 1.17056e-07)
(-10 9.11165e-08 7.92376e-08)
(-10 9.90789e-08 3.31159e-08)
(-10 1.09097e-07 2.35732e-08)
(-10 1.70851e-07 2.21397e-08)
(-10 2.51183e-07 3.25275e-08)
(-10 3.28322e-07 4.48699e-08)
(-10 3.89901e-07 5.24635e-08)
(-10 4.41745e-07 6.05428e-08)
(-10 -1.72645e-08 5.96693e-08)
(-10 2.48653e-08 7.61293e-08)
(-10 -4.96819e-08 -6.28028e-08)
(-10 -1.78629e-07 -2.62523e-09)
(-10 -2.66993e-07 4.34778e-08)
(-10 -2.457e-07 3.01249e-08)
(-10 -2.4499e-07 2.62213e-09)
(-10 -2.13319e-07 5.01811e-08)
(-10 -1.64443e-07 1.02882e-07)
(-10 -6.13166e-08 1.30781e-07)
(-10 -1.07626e-07 7.69723e-08)
(-10 -2.60132e-08 2.40155e-08)
(-10 9.22394e-08 3.20063e-08)
(-10 1.70782e-07 3.37664e-08)
(-10 2.36826e-07 3.26477e-08)
(-10 2.92362e-07 4.61461e-08)
(-10 3.3885e-07 4.83759e-08)
(-10 -6.13378e-08 7.28394e-08)
(-10 -1.77103e-08 9.71946e-08)
(-10 -6.50933e-08 -7.97072e-08)
(-10 -1.45886e-07 -5.58619e-08)
(-10 -1.08016e-07 4.17485e-09)
(-10 -8.88936e-08 -3.8648e-08)
(-10 -7.20616e-08 -1.66736e-08)
(-10 -9.63509e-08 2.3515e-09)
(-10 -7.82018e-08 3.40537e-08)
(-10 -3.55076e-08 5.60361e-08)
(-10 -1.55838e-07 7.47506e-08)
(-10 -1.54475e-07 1.04127e-07)
(-10 -8.25763e-08 9.10271e-08)
(-10 6.57994e-08 5.55079e-08)
(-10 1.50407e-07 5.18477e-08)
(-10 1.94608e-07 5.50229e-08)
(-10 2.28239e-07 6.38052e-08)
(-10 -5.00364e-08 1.09005e-07)
(-10 -3.27959e-08 1.37258e-07)
(-10 -1.04164e-07 -1.20114e-07)
(-10 -1.11651e-07 -9.03446e-08)
(-10 1.16772e-08 -4.63552e-08)
(-10 3.89767e-08 -6.77624e-08)
(-10 -1.43386e-08 -5.95537e-08)
(-10 -1.99416e-08 -2.45519e-08)
(-10 8.9762e-08 -2.96437e-09)
(-10 1.92607e-07 2.54756e-08)
(-10 5.23667e-08 3.48479e-08)
(-10 -5.28091e-08 3.6493e-08)
(-10 -1.04733e-07 6.13751e-08)
(-10 -8.25968e-08 7.62887e-08)
(-10 -4.33647e-08 6.24895e-08)
(-10 -2.2618e-08 3.74439e-08)
(-10 3.03568e-08 4.94976e-08)
(-10 -1.16918e-07 8.41432e-08)
(-10 -5.7939e-08 8.41223e-08)
(-10 -1.27867e-07 -1.05659e-07)
(-10 -6.88844e-08 -7.11552e-08)
(-10 8.96286e-08 -5.668e-08)
(-10 1.83584e-07 -5.81663e-08)
(-10 1.89984e-07 -4.1041e-08)
(-10 2.59518e-07 -1.64783e-08)
(-10 2.19441e-07 -5.49709e-09)
(-10 2.74365e-07 1.3652e-08)
(-10 2.26974e-07 3.98038e-08)
(-10 1.88288e-07 3.71557e-08)
(-10 1.19741e-07 2.98341e-08)
(-10 4.24367e-08 2.79998e-08)
(-10 -1.19084e-08 3.68644e-08)
(-10 -1.0599e-08 5.25311e-08)
(-10 1.07872e-08 8.16247e-08)
(-10 -3.46325e-07 5.46587e-08)
(-10 -2.13258e-07 7.55705e-08)
(-10 -1.6459e-07 -1.25126e-07)
(-10 -1.667e-08 -7.38585e-08)
(-10 1.43216e-07 -5.63885e-08)
(-10 2.95788e-07 -3.78501e-08)
(-10 4.12628e-07 -4.93634e-08)
(-10 4.87597e-07 -4.01308e-08)
(-10 4.96611e-07 -3.06135e-08)
(-10 5.536e-07 -1.73425e-08)
(-10 3.80786e-07 -4.11671e-09)
(-10 3.06486e-07 -2.57178e-09)
(-10 2.45081e-07 -1.91619e-09)
(-10 2.04649e-07 -1.11892e-08)
(-10 1.65626e-07 -1.43311e-08)
(-10 1.54064e-07 2.73481e-08)
(-10 1.51249e-07 7.90641e-08)
(-10 -7.0084e-07 2.83698e-08)
(-10 -5.33858e-07 1.77821e-08)
(-10 -4.66341e-07 -1.64361e-07)
(-10 -1.82478e-07 -5.78798e-08)
(-10 3.25101e-08 -3.80687e-08)
(-10 1.81986e-07 -2.31592e-08)
(-10 3.44519e-07 -1.93708e-08)
(-10 4.94347e-07 -5.33598e-08)
(-10 5.83947e-07 -3.39559e-08)
(-10 6.37261e-07 -1.11709e-08)
(-10 4.69549e-07 -1.37733e-10)
(-10 3.34408e-07 -1.71037e-08)
(-10 3.21716e-07 -2.73293e-08)
(-10 2.89382e-07 -6.65229e-08)
(-10 2.71101e-07 -6.68303e-08)
(-10 2.65176e-07 2.41121e-08)
(-10 2.38271e-07 9.79479e-08)
(-10 -1.12644e-06 3.79367e-08)
(-10 -9.33544e-07 1.22301e-08)
(-10 -8.22437e-07 -1.52141e-07)
(-10 -5.07328e-07 -5.98751e-08)
(-10 -2.61896e-07 -3.03794e-08)
(-10 -8.86681e-08 -1.38105e-08)
(-10 1.04223e-07 -4.76988e-08)
(-10 2.73543e-07 -4.53547e-08)
(-10 3.91635e-07 -1.41735e-08)
(-10 4.92371e-07 1.34803e-08)
(-10 4.12741e-07 7.1968e-09)
(-10 3.58741e-07 4.23957e-10)
(-10 3.42286e-07 4.33743e-09)
(-10 3.43459e-07 -1.06921e-08)
(-10 3.61501e-07 -4.83832e-08)
(-10 3.79587e-07 -3.06402e-08)
(-10 3.47229e-07 3.55844e-08)
(-10 -1.51907e-06 8.04513e-08)
(-10 -1.27375e-06 5.19898e-08)
(-10 -1.06792e-06 -1.24673e-07)
(-10 -7.7164e-07 -4.63929e-08)
(-10 -5.27349e-07 -2.45205e-08)
(-10 -2.94193e-07 -2.53286e-08)
(-10 -8.12198e-08 -2.68222e-08)
(-10 9.8194e-08 -1.15262e-08)
(-10 2.4747e-07 1.74333e-08)
(-10 3.78988e-07 3.81164e-08)
(-10 3.40798e-07 6.10136e-08)
(-10 3.28998e-07 6.68211e-08)
(-10 3.52632e-07 4.39564e-08)
(-10 3.66436e-07 2.48067e-08)
(-10 3.88691e-07 1.2564e-08)
(-10 3.93501e-07 -2.73757e-10)
(-10 3.85161e-07 3.26739e-08)
(-10 -1.89653e-06 6.38914e-08)
(-10 -1.62798e-06 4.82832e-09)
(-10 -1.33442e-06 -1.25408e-07)
(-10 -9.98966e-07 -6.43015e-08)
(-10 -7.37959e-07 -6.03607e-08)
(-10 -4.82186e-07 -4.73431e-08)
(-10 -2.58375e-07 -4.24289e-08)
(-10 -5.33079e-08 -1.36971e-08)
(-10 1.29546e-07 4.28782e-09)
(-10 2.91835e-07 1.81587e-08)
(-10 2.91598e-07 1.13094e-08)
(-10 3.12432e-07 5.11883e-09)
(-10 3.55136e-07 1.06369e-08)
(-10 3.88283e-07 -9.9682e-09)
(-10 4.23265e-07 -1.70587e-08)
(-10 4.39239e-07 -1.77173e-08)
(-10 4.34382e-07 -2.15404e-08)
(-10 -2.15639e-06 8.17057e-08)
(-10 -1.91834e-06 3.54917e-09)
(-10 -1.56781e-06 -1.04341e-07)
(-10 -1.20769e-06 -4.76187e-08)
(-10 -9.21962e-07 -5.11593e-08)
(-10 -6.65094e-07 -2.5698e-08)
(-10 -4.17973e-07 -4.00142e-09)
(-10 -1.78776e-07 -5.11908e-10)
(-10 3.87304e-08 1.12835e-09)
(-10 2.30073e-07 1.03997e-08)
(-10 2.64297e-07 1.87625e-08)
(-10 3.02129e-07 3.0128e-08)
(-10 3.60598e-07 6.44117e-09)
(-10 4.24362e-07 -1.33146e-08)
(-10 4.74234e-07 -1.48663e-08)
(-10 4.84832e-07 -2.95645e-08)
(-10 4.87458e-07 -1.73783e-08)
(-10 -2.32773e-06 8.02229e-08)
(-10 -2.05371e-06 3.63143e-08)
(-10 -1.75099e-06 -8.05897e-08)
(-10 -1.42381e-06 -4.73346e-08)
(-10 -1.12266e-06 -3.45432e-08)
(-10 -8.53081e-07 -1.05981e-08)
(-10 -5.81806e-07 -1.57102e-08)
(-10 -3.07572e-07 -2.07982e-08)
(-10 -4.96921e-08 -1.87327e-08)
(-10 1.67723e-07 -1.66776e-08)
(-10 2.19932e-07 -1.74047e-08)
(-10 2.76796e-07 -2.50137e-08)
(-10 3.52449e-07 -2.16951e-08)
(-10 4.23501e-07 -4.04245e-08)
(-10 4.81624e-07 -3.61468e-08)
(-10 4.97021e-07 -3.01265e-08)
(-10 5.02603e-07 -2.65602e-08)
(-10 -2.45563e-06 1.0791e-07)
(-10 -2.15931e-06 7.28983e-08)
(-10 -1.86977e-06 -3.52449e-08)
(-10 -1.62064e-06 9.04375e-09)
(-10 -1.37005e-06 4.13576e-08)
(-10 -1.0795e-06 8.26891e-08)
(-10 -7.65605e-07 6.63021e-08)
(-10 -4.40234e-07 -1.85357e-09)
(-10 -1.15405e-07 -3.20627e-08)
(-10 1.39676e-07 -2.89213e-08)
(-10 2.07541e-07 -1.23586e-08)
(-10 2.70399e-07 -6.64025e-09)
(-10 3.51502e-07 -1.74519e-08)
(-10 4.22955e-07 -4.45449e-08)
(-10 4.91489e-07 -2.79349e-08)
(-10 5.18276e-07 -3.1049e-08)
(-10 5.36782e-07 -1.72694e-08)
(-10 -2.42867e-06 1.13589e-07)
(-10 -2.12247e-06 7.57136e-08)
(-10 -1.8749e-06 -3.72065e-08)
(-10 -1.63052e-06 6.34302e-09)
(-10 -1.39675e-06 2.90912e-09)
(-10 -1.10645e-06 -6.47538e-09)
(-10 -8.19753e-07 1.08976e-08)
(-10 -5.45565e-07 3.49136e-08)
(-10 -2.09054e-07 -5.00665e-09)
(-10 7.17492e-08 -5.75169e-08)
(-10 1.83465e-07 -6.62916e-08)
(-10 2.48493e-07 -5.27676e-08)
(-10 3.41378e-07 -4.74705e-08)
(-10 4.14335e-07 -5.51056e-08)
(-10 4.78655e-07 -5.02269e-08)
(-10 5.15361e-07 -3.28137e-08)
(-10 5.44744e-07 -3.07291e-08)
(-10 -2.23679e-06 1.32251e-07)
(-10 -1.99185e-06 9.57537e-08)
(-10 -1.78553e-06 -1.23139e-08)
(-10 -1.49484e-06 -5.59596e-09)
(-10 -1.1768e-06 -5.37241e-08)
(-10 -9.02906e-07 -3.9034e-08)
(-10 -7.0001e-07 -4.86437e-09)
(-10 -5.22387e-07 2.12232e-08)
(-10 -3.27631e-07 2.72287e-08)
(-10 -2.17935e-08 -1.15613e-08)
(-10 1.25616e-07 -4.41599e-08)
(-10 2.19698e-07 -3.47603e-08)
(-10 3.00789e-07 -5.40028e-08)
(-10 3.70658e-07 -4.69765e-08)
(-10 4.38448e-07 -3.31319e-08)
(-10 4.79194e-07 -3.11164e-08)
(-10 5.19792e-07 -2.26568e-08)
(-10 -1.96884e-06 1.20751e-07)
(-10 -1.76942e-06 7.46937e-08)
(-10 -1.57137e-06 -6.73647e-08)
(-10 -1.32521e-06 -7.58315e-08)
(-10 -1.00912e-06 -8.1033e-08)
(-10 -7.63241e-07 -7.03807e-08)
(-10 -5.99611e-07 -5.74379e-08)
(-10 -4.51391e-07 -3.99037e-08)
(-10 -3.27219e-07 -6.75051e-09)
(-10 -1.47142e-07 3.08935e-09)
(-10 2.54198e-08 -5.98746e-08)
(-10 1.78114e-07 -7.17885e-08)
(-10 2.60017e-07 -5.76581e-08)
(-10 3.27018e-07 -5.73756e-08)
(-10 3.8462e-07 -5.19043e-08)
(-10 4.21431e-07 -3.43038e-08)
(-10 4.67962e-07 -3.69487e-08)
(-10 -1.6313e-06 1.43555e-07)
(-10 -1.47309e-06 1.04912e-07)
(-10 -1.28322e-06 -5.12145e-08)
(-10 -1.06537e-06 -7.67785e-08)
(-10 -8.4409e-07 -9.50155e-08)
(-10 -6.57313e-07 -8.58045e-08)
(-10 -5.11848e-07 -7.47601e-08)
(-10 -3.98314e-07 -6.35946e-08)
(-10 -3.1604e-07 -4.81623e-08)
(-10 -2.27299e-07 -2.74149e-08)
(-10 -6.88503e-08 -2.97212e-08)
(-10 1.1634e-07 -4.27619e-08)
(-10 2.14428e-07 -5.43257e-08)
(-10 2.57553e-07 -3.84064e-08)
(-10 3.07147e-07 -3.03046e-08)
(-10 3.41752e-07 -3.46454e-08)
(-10 3.84693e-07 -3.49177e-08)
(-10 -1.26452e-06 1.65969e-07)
(-10 -1.17421e-06 1.24997e-07)
(-10 -1.02812e-06 -7.45916e-08)
(-10 -8.36771e-07 -1.04251e-07)
(-10 -6.5865e-07 -1.12223e-07)
(-10 -5.23688e-07 -1.13734e-07)
(-10 -4.08184e-07 -1.05586e-07)
(-10 -3.17477e-07 -9.49194e-08)
(-10 -2.52437e-07 -6.91993e-08)
(-10 -1.88399e-07 -2.30769e-08)
(-10 -1.33786e-07 -2.19603e-09)
(-10 3.75317e-09 -3.87729e-08)
(-10 1.40229e-07 -6.16881e-08)
(-10 1.72439e-07 -4.20937e-08)
(-10 2.04213e-07 -4.33418e-08)
(-10 2.20623e-07 -4.45652e-08)
(-10 2.38787e-07 -5.31721e-08)
(-10 -8.432e-07 1.90111e-07)
(-10 -7.94095e-07 1.42839e-07)
(-10 -6.99165e-07 -6.74973e-08)
(-10 -5.47762e-07 -9.82532e-08)
(-10 -4.20672e-07 -1.1621e-07)
(-10 -3.13972e-07 -1.14282e-07)
(-10 -2.36532e-07 -1.09509e-07)
(-10 -1.64727e-07 -1.02842e-07)
(-10 -1.16323e-07 -7.69716e-08)
(-10 -4.5065e-08 -3.57704e-08)
(-10 -1.77638e-08 -1.24946e-08)
(-10 5.57177e-08 -2.70552e-08)
(-10 1.34193e-07 -3.26482e-08)
(-10 1.86448e-07 -2.49924e-08)
(-10 2.08358e-07 -3.52707e-08)
(-10 1.93752e-07 -4.33984e-08)
(-10 2.345e-07 -5.5758e-08)
(-10 -5.04869e-07 1.9531e-07)
(-10 -4.71018e-07 1.24019e-07)
(-10 -4.38967e-07 -7.62329e-08)
(-10 -3.60831e-07 -1.08173e-07)
(-10 -2.79483e-07 -1.17883e-07)
(-10 -2.12298e-07 -1.29002e-07)
(-10 -1.52064e-07 -1.25008e-07)
(-10 -1.19934e-07 -8.78996e-08)
(-10 -7.5008e-08 -7.08367e-08)
(-10 -2.86966e-08 -3.24628e-08)
(-10 -1.25061e-08 1.99597e-08)
(-10 3.07955e-08 2.40261e-08)
(-10 8.90091e-08 -2.27317e-08)
(-10 1.11804e-07 -5.66005e-08)
(-10 9.53751e-08 -6.29487e-08)
(-10 1.25954e-07 -6.38619e-08)
(-10 1.54077e-07 -6.48414e-08)
(-10 -1.62763e-07 2.12215e-07)
(-10 -1.57203e-07 1.52099e-07)
(-10 -1.65028e-07 -5.81496e-08)
(-10 -1.43784e-07 -1.05903e-07)
(-10 -1.19886e-07 -1.29066e-07)
(-10 -9.74175e-08 -1.51525e-07)
(-10 -8.19582e-08 -1.39493e-07)
(-10 -7.02829e-08 -1.21593e-07)
(-10 -5.50576e-08 -8.02573e-08)
(-10 -4.49394e-08 -3.94732e-08)
(-10 -3.30232e-08 1.35822e-08)
(-10 -2.04e-08 -5.23072e-09)
(-10 -7.4078e-09 -3.14905e-08)
(-10 1.3634e-08 -9.94527e-08)
(-10 1.41967e-08 -7.16212e-08)
(-10 2.92561e-08 -7.85223e-08)
(-10 2.72386e-08 -9.33279e-08)
(-10 9.59882e-07 2.7313e-08)
(-10 1.00441e-06 2.40352e-08)
(-10 1.04422e-06 4.40695e-08)
(-10 9.16029e-07 7.49064e-09)
(-10 9.14969e-07 9.22477e-09)
(-10 8.30436e-07 -3.82682e-08)
(-10 7.63745e-07 -2.50804e-08)
(-10 7.13903e-07 -1.22581e-08)
(-10 6.79591e-07 -2.64806e-09)
(-10 6.73167e-07 3.19338e-09)
(-10 6.8747e-07 6.22906e-09)
(-10 7.20632e-07 2.88799e-09)
(-10 7.75661e-07 -1.46184e-09)
(-10 7.28933e-07 -6.41005e-10)
(-10 7.12741e-07 1.15766e-08)
(-10 7.29047e-07 2.07818e-08)
(-10 7.71513e-07 2.43312e-08)
(-10 8.49565e-07 2.10637e-08)
(-10 9.26823e-07 3.75911e-08)
(-10 9.59826e-07 3.94214e-08)
(-10 7.0459e-07 1.31045e-08)
(-10 7.28696e-07 1.37885e-08)
(-10 6.45327e-07 -3.08635e-08)
(-10 5.79057e-07 -1.6287e-08)
(-10 5.2691e-07 -8.1562e-10)
(-10 4.99433e-07 1.26598e-08)
(-10 4.95953e-07 1.58648e-08)
(-10 5.2097e-07 1.6017e-08)
(-10 5.68256e-07 1.68697e-08)
(-10 6.4275e-07 1.70271e-08)
(-10 6.05458e-07 1.57616e-08)
(-10 5.98877e-07 8.93438e-09)
(-10 6.40981e-07 1.9934e-08)
(-10 7.08723e-07 2.50689e-08)
(-10 7.86105e-07 3.3954e-08)
(-10 8.56647e-07 3.40415e-08)
(-10 9.20144e-07 4.45645e-08)
(-10 5.04653e-07 2.31323e-08)
(-10 5.676e-07 1.8672e-08)
(-10 4.90317e-07 -2.47227e-08)
(-10 4.15031e-07 -9.76845e-09)
(-10 3.51199e-07 7.60285e-09)
(-10 3.1404e-07 1.88076e-08)
(-10 3.15006e-07 2.35639e-08)
(-10 3.57617e-07 2.51033e-08)
(-10 4.24615e-07 2.2647e-08)
(-10 5.23483e-07 1.81528e-08)
(-10 4.99326e-07 1.45793e-08)
(-10 5.10014e-07 2.2844e-08)
(-10 5.71951e-07 2.67223e-08)
(-10 6.55409e-07 2.99419e-08)
(-10 7.44215e-07 2.44874e-08)
(-10 8.22913e-07 3.79954e-08)
(-10 8.90832e-07 3.87459e-08)
(-10 3.35973e-07 3.3596e-08)
(-10 4.21389e-07 2.67384e-08)
(-10 3.18995e-07 -1.52781e-08)
(-10 2.19799e-07 -6.50712e-10)
(-10 1.11911e-07 1.70611e-08)
(-10 2.75787e-08 3.21032e-08)
(-10 5.13882e-08 3.66028e-08)
(-10 1.42959e-07 3.62863e-08)
(-10 2.73158e-07 3.89409e-08)
(-10 4.31127e-07 3.84973e-08)
(-10 4.14583e-07 3.00837e-08)
(-10 4.30118e-07 1.90157e-08)
(-10 5.15693e-07 2.26574e-08)
(-10 6.05297e-07 3.51338e-08)
(-10 6.95302e-07 4.1002e-08)
(-10 7.78209e-07 3.61102e-08)
(-10 8.44324e-07 4.43342e-08)
(-10 2.28634e-07 3.86436e-08)
(-10 3.26252e-07 2.8256e-08)
(-10 2.10955e-07 -2.14398e-08)
(-10 1.07313e-07 5.12914e-09)
(-10 4.85776e-09 8.8785e-09)
(-10 5.95325e-08 1.70233e-08)
(-10 2.56239e-08 1.23113e-08)
(-10 6.65628e-08 3.36659e-08)
(-10 1.37802e-07 6.33829e-08)
(-10 2.41815e-07 6.33193e-08)
(-10 2.40508e-07 2.63719e-08)
(-10 3.19438e-07 2.70197e-08)
(-10 4.62404e-07 3.738e-08)
(-10 5.60963e-07 2.87714e-08)
(-10 6.37385e-07 2.71847e-08)
(-10 7.10887e-07 4.35505e-08)
(-10 7.73967e-07 4.04893e-08)
(-10 2.19203e-07 4.75527e-08)
(-10 3.23073e-07 3.76123e-08)
(-10 2.33985e-07 -2.02081e-08)
(-10 1.68327e-07 -1.19436e-08)
(-10 1.98906e-07 1.135e-08)
(-10 2.23465e-07 -9.97575e-09)
(-10 2.42846e-07 -2.30704e-10)
(-10 2.08293e-07 8.57003e-09)
(-10 2.00863e-07 2.32758e-08)
(-10 2.46651e-07 3.40476e-08)
(-10 2.05229e-07 3.39524e-08)
(-10 2.35929e-07 2.6361e-08)
(-10 3.2129e-07 3.61879e-08)
(-10 4.61351e-07 4.85104e-08)
(-10 5.79538e-07 4.77509e-08)
(-10 6.43716e-07 4.12309e-08)
(-10 6.90304e-07 4.85865e-08)
(-10 2.53324e-07 5.32722e-08)
(-10 3.4075e-07 3.86914e-08)
(-10 2.20117e-07 -2.49685e-08)
(-10 2.38712e-07 -2.30574e-08)
(-10 3.6875e-07 9.88641e-09)
(-10 4.01044e-07 -1.77253e-08)
(-10 3.49011e-07 -9.74466e-09)
(-10 3.41853e-07 -1.6078e-09)
(-10 4.49927e-07 8.49731e-09)
(-10 5.45042e-07 1.22795e-08)
(-10 4.43258e-07 1.86831e-08)
(-10 3.65704e-07 3.11603e-08)
(-10 3.17568e-07 3.3703e-08)
(-10 3.44997e-07 3.31327e-08)
(-10 4.07345e-07 3.04161e-08)
(-10 4.635e-07 4.52729e-08)
(-10 5.28092e-07 4.39011e-08)
(-10 2.07523e-07 5.81203e-08)
(-10 2.95957e-07 4.49296e-08)
(-10 2.447e-07 -2.17177e-08)
(-10 3.14839e-07 -1.87643e-08)
(-10 4.83495e-07 -1.16961e-08)
(-10 5.79495e-07 -1.46909e-08)
(-10 5.96261e-07 -4.77889e-09)
(-10 6.20121e-07 1.35084e-09)
(-10 6.18431e-07 1.20678e-08)
(-10 6.60336e-07 1.95573e-08)
(-10 6.57255e-07 2.60989e-08)
(-10 6.46054e-07 2.01003e-08)
(-10 5.66661e-07 1.80316e-08)
(-10 5.15734e-07 2.69515e-08)
(-10 4.79866e-07 2.81662e-08)
(-10 5.2595e-07 3.7013e-08)
(-10 5.99453e-07 5.34369e-08)
(-10 7.61826e-09 4.76428e-08)
(-10 1.06931e-07 2.94632e-08)
(-10 1.90273e-07 -1.27943e-08)
(-10 3.87455e-07 -1.24086e-08)
(-10 5.64556e-07 -2.28567e-08)
(-10 7.11335e-07 -1.33142e-08)
(-10 8.15026e-07 1.47286e-09)
(-10 8.93264e-07 2.83202e-09)
(-10 9.16693e-07 4.67096e-09)
(-10 8.81974e-07 -8.85205e-10)
(-10 8.15133e-07 1.30472e-08)
(-10 7.64535e-07 3.05541e-08)
(-10 7.17653e-07 2.08122e-08)
(-10 6.72325e-07 2.60827e-08)
(-10 6.76529e-07 1.41089e-08)
(-10 7.8098e-07 4.1448e-08)
(-10 8.48602e-07 5.62921e-08)
(-10 -2.99652e-07 4.1264e-08)
(-10 -1.78828e-07 3.34804e-09)
(-10 -4.20666e-08 -7.62063e-08)
(-10 2.41352e-07 -2.13361e-08)
(-10 4.69608e-07 -2.55627e-09)
(-10 6.24984e-07 -5.80186e-09)
(-10 7.80126e-07 -5.42175e-09)
(-10 9.14176e-07 -9.0088e-09)
(-10 1.01772e-06 -2.24773e-09)
(-10 1.11057e-06 9.90686e-09)
(-10 9.43877e-07 8.66584e-10)
(-10 8.20908e-07 -1.34379e-08)
(-10 8.16024e-07 -1.69123e-08)
(-10 8.17467e-07 -1.27708e-08)
(-10 8.19768e-07 -3.12069e-08)
(-10 8.12004e-07 5.14029e-08)
(-10 8.08947e-07 9.73769e-08)
(-10 -6.63901e-07 2.99301e-08)
(-10 -4.82472e-07 -7.78184e-09)
(-10 -3.09044e-07 -5.0704e-08)
(-10 -2.89734e-08 -1.80918e-08)
(-10 2.0867e-07 -1.03209e-08)
(-10 3.94225e-07 5.42678e-09)
(-10 5.85211e-07 -7.22754e-10)
(-10 7.63377e-07 -1.76287e-08)
(-10 8.92354e-07 -7.60972e-09)
(-10 9.98149e-07 -3.77541e-09)
(-10 9.43662e-07 -1.7558e-09)
(-10 9.00155e-07 4.44448e-09)
(-10 9.24996e-07 -5.51607e-09)
(-10 9.63077e-07 -1.14463e-08)
(-10 9.82035e-07 -1.75307e-08)
(-10 9.40188e-07 2.70558e-09)
(-10 8.36171e-07 -9.42263e-09)
(-10 -1.07208e-06 4.76425e-08)
(-10 -8.56698e-07 2.6315e-08)
(-10 -5.76529e-07 -4.55508e-08)
(-10 -2.65387e-07 -2.30497e-08)
(-10 -3.95156e-08 6.52556e-09)
(-10 1.84844e-07 9.64821e-09)
(-10 4.04005e-07 -6.79476e-09)
(-10 5.96008e-07 -3.0066e-09)
(-10 7.46598e-07 9.67884e-09)
(-10 8.79794e-07 2.7339e-08)
(-10 8.68643e-07 2.78014e-08)
(-10 8.66277e-07 1.52185e-08)
(-10 9.06546e-07 1.42151e-08)
(-10 9.36888e-07 2.54556e-08)
(-10 9.60513e-07 9.11389e-09)
(-10 9.76514e-07 1.33579e-08)
(-10 9.80511e-07 4.5199e-08)
(-10 -1.41262e-06 2.447e-08)
(-10 -1.1716e-06 -1.26593e-08)
(-10 -8.15966e-07 -4.40414e-08)
(-10 -4.9058e-07 -2.32764e-08)
(-10 -2.50051e-07 -1.91153e-08)
(-10 5.21342e-09 -1.01249e-08)
(-10 2.38294e-07 -1.13059e-08)
(-10 4.40569e-07 -2.77789e-09)
(-10 6.20696e-07 8.8011e-10)
(-10 7.82795e-07 3.55466e-09)
(-10 8.08631e-07 4.78534e-09)
(-10 8.36842e-07 9.06685e-09)
(-10 8.83761e-07 1.35518e-08)
(-10 9.2956e-07 5.2042e-11)
(-10 9.6956e-07 -2.33936e-09)
(-10 9.86941e-07 1.64672e-09)
(-10 9.92104e-07 -2.78201e-08)
(-10 -1.655e-06 4.25331e-08)
(-10 -1.35951e-06 2.1165e-08)
(-10 -1.01727e-06 -4.25951e-08)
(-10 -6.98763e-07 -3.06118e-08)
(-10 -4.21326e-07 -2.07193e-08)
(-10 -1.63964e-07 -1.36077e-08)
(-10 8.50239e-08 -5.60161e-09)
(-10 3.20786e-07 -5.86624e-09)
(-10 5.34399e-07 3.50083e-10)
(-10 7.24548e-07 7.90233e-09)
(-10 7.78616e-07 6.88029e-09)
(-10 8.31941e-07 -8.59667e-09)
(-10 9.03067e-07 -5.84886e-09)
(-10 9.6806e-07 1.33688e-09)
(-10 1.02254e-06 -1.58189e-08)
(-10 1.04216e-06 -1.76634e-08)
(-10 1.06022e-06 1.93775e-10)
(-10 -1.82897e-06 1.49124e-08)
(-10 -1.51248e-06 8.02842e-09)
(-10 -1.20781e-06 -1.89741e-08)
(-10 -9.00666e-07 -2.81009e-08)
(-10 -6.07802e-07 -3.34647e-08)
(-10 -3.47131e-07 -1.88351e-08)
(-10 -7.74848e-08 -1.36037e-08)
(-10 1.91544e-07 -1.02871e-08)
(-10 4.34278e-07 -1.36873e-08)
(-10 6.44565e-07 -1.31483e-08)
(-10 7.22471e-07 -1.75865e-08)
(-10 7.92929e-07 -1.45529e-08)
(-10 8.69096e-07 -1.10479e-08)
(-10 9.45481e-07 -2.65892e-08)
(-10 1.01394e-06 -1.73217e-08)
(-10 1.03437e-06 -1.48375e-08)
(-10 1.05192e-06 -3.69794e-08)
(-10 -1.90371e-06 1.90811e-08)
(-10 -1.61636e-06 1.46237e-08)
(-10 -1.37255e-06 -2.97583e-08)
(-10 -1.09804e-06 -2.4932e-08)
(-10 -8.41891e-07 -1.4132e-08)
(-10 -6.01797e-07 -9.96279e-09)
(-10 -2.72899e-07 -7.49457e-09)
(-10 8.03966e-08 -8.97045e-09)
(-10 3.61513e-07 -1.43667e-08)
(-10 5.76982e-07 -1.95579e-08)
(-10 6.68434e-07 -2.51254e-08)
(-10 7.4479e-07 -3.62003e-08)
(-10 8.29739e-07 -3.30799e-08)
(-10 9.15699e-07 -2.20468e-08)
(-10 9.85303e-07 -3.8787e-08)
(-10 1.01191e-06 -4.37774e-08)
(-10 1.03401e-06 -1.80494e-08)
(-10 -1.91129e-06 3.80286e-08)
(-10 -1.64315e-06 1.4672e-08)
(-10 -1.42896e-06 -3.94383e-08)
(-10 -1.21002e-06 -3.59456e-09)
(-10 -9.5547e-07 -8.55018e-09)
(-10 -6.74968e-07 -3.18737e-08)
(-10 -3.80121e-07 -1.07773e-08)
(-10 -7.51031e-08 1.72605e-08)
(-10 2.46502e-07 -2.43706e-08)
(-10 5.12255e-07 -4.40758e-08)
(-10 6.11119e-07 -5.41586e-08)
(-10 7.01065e-07 -5.34456e-08)
(-10 7.92434e-07 -4.40546e-08)
(-10 8.68334e-07 -6.35598e-08)
(-10 9.42765e-07 -5.688e-08)
(-10 9.82132e-07 -4.74839e-08)
(-10 1.01632e-06 -6.51297e-08)
(-10 -1.80188e-06 3.81999e-08)
(-10 -1.56709e-06 1.39236e-08)
(-10 -1.40161e-06 -6.14157e-08)
(-10 -1.16173e-06 -5.2413e-08)
(-10 -8.37485e-07 -5.14779e-08)
(-10 -5.37401e-07 -3.83489e-08)
(-10 -3.35344e-07 -2.57199e-08)
(-10 -1.85844e-07 -3.07858e-09)
(-10 6.73021e-08 1.20712e-08)
(-10 3.88141e-07 -2.69761e-08)
(-10 5.39273e-07 -6.60735e-08)
(-10 6.26108e-07 -5.4149e-08)
(-10 7.13617e-07 -5.65523e-08)
(-10 7.9397e-07 -5.40843e-08)
(-10 8.62624e-07 -6.1561e-08)
(-10 9.04747e-07 -6.4613e-08)
(-10 9.49879e-07 -4.50079e-08)
(-10 -1.58746e-06 3.10463e-08)
(-10 -1.38416e-06 2.32971e-09)
(-10 -1.21893e-06 -8.39554e-08)
(-10 -9.79678e-07 -8.41918e-08)
(-10 -6.85814e-07 -7.43669e-08)
(-10 -4.56615e-07 -6.41265e-08)
(-10 -2.96005e-07 -6.08632e-08)
(-10 -1.61936e-07 -5.22413e-08)
(-10 -3.96782e-08 -4.81316e-08)
(-10 2.31815e-07 -5.63306e-08)
(-10 4.16037e-07 -6.61398e-08)
(-10 5.5368e-07 -6.77811e-08)
(-10 6.26361e-07 -6.17193e-08)
(-10 6.93789e-07 -7.36996e-08)
(-10 7.55603e-07 -7.21317e-08)
(-10 7.98955e-07 -6.59259e-08)
(-10 8.44896e-07 -8.07601e-08)
(-10 -1.30616e-06 3.50348e-08)
(-10 -1.14647e-06 8.06968e-09)
(-10 -9.65772e-07 -7.97642e-08)
(-10 -7.67181e-07 -8.71355e-08)
(-10 -5.57595e-07 -8.5546e-08)
(-10 -3.74626e-07 -7.50622e-08)
(-10 -2.29371e-07 -7.4098e-08)
(-10 -1.16227e-07 -7.17592e-08)
(-10 -2.94896e-08 -6.45323e-08)
(-10 9.85687e-08 -5.20877e-08)
(-10 2.68508e-07 -5.98894e-08)
(-10 4.2917e-07 -6.57542e-08)
(-10 5.06479e-07 -7.00438e-08)
(-10 5.73429e-07 -6.47199e-08)
(-10 6.264e-07 -6.96365e-08)
(-10 6.59751e-07 -7.58977e-08)
(-10 7.02621e-07 -6.76918e-08)
(-10 -1.0063e-06 3.07353e-08)
(-10 -9.10667e-07 -4.57049e-11)
(-10 -7.83646e-07 -8.82191e-08)
(-10 -5.93677e-07 -1.03559e-07)
(-10 -4.31087e-07 -9.6451e-08)
(-10 -2.94239e-07 -9.09332e-08)
(-10 -1.88238e-07 -8.53927e-08)
(-10 -9.87516e-08 -8.23966e-08)
(-10 -3.48415e-08 -7.26705e-08)
(-10 3.60314e-08 -5.05226e-08)
(-10 1.03116e-07 -2.99425e-08)
(-10 2.70736e-07 -6.58881e-08)
(-10 3.90126e-07 -8.1554e-08)
(-10 4.39241e-07 -8.00677e-08)
(-10 4.62037e-07 -7.72515e-08)
(-10 4.67952e-07 -7.86869e-08)
(-10 4.99172e-07 -9.30917e-08)
(-10 -6.54396e-07 4.04697e-08)
(-10 -6.07717e-07 5.64009e-09)
(-10 -5.17231e-07 -8.47127e-08)
(-10 -3.78796e-07 -9.69662e-08)
(-10 -2.52622e-07 -9.98783e-08)
(-10 -1.63633e-07 -9.76724e-08)
(-10 -8.04365e-08 -9.8478e-08)
(-10 -2.04192e-08 -9.75462e-08)
(-10 3.00401e-08 -9.25264e-08)
(-10 7.35558e-08 -7.41519e-08)
(-10 1.09301e-07 -6.59639e-08)
(-10 2.12256e-07 -6.87995e-08)
(-10 3.5087e-07 -7.46572e-08)
(-10 3.83067e-07 -6.96733e-08)
(-10 3.78338e-07 -8.13024e-08)
(-10 3.89165e-07 -8.57885e-08)
(-10 4.09644e-07 -8.16832e-08)
(-10 -4.00771e-07 4.10598e-08)
(-10 -3.63983e-07 1.04693e-08)
(-10 -3.39631e-07 -8.26166e-08)
(-10 -2.63336e-07 -1.01751e-07)
(-10 -1.7788e-07 -1.06272e-07)
(-10 -1.20899e-07 -9.52846e-08)
(-10 -6.12567e-08 -1.08014e-07)
(-10 -2.26635e-08 -1.07466e-07)
(-10 1.60379e-08 -9.31061e-08)
(-10 6.14595e-08 -7.63792e-08)
(-10 8.11545e-08 -6.37425e-08)
(-10 1.33135e-07 -7.31397e-08)
(-10 2.1399e-07 -6.67426e-08)
(-10 2.1856e-07 -9.52675e-08)
(-10 2.29984e-07 -8.54971e-08)
(-10 2.4761e-07 -7.71514e-08)
(-10 2.55913e-07 -9.6739e-08)
(-10 -1.36134e-07 5.11198e-08)
(-10 -1.26995e-07 1.83442e-08)
(-10 -1.33532e-07 -7.60791e-08)
(-10 -1.11836e-07 -9.89066e-08)
(-10 -8.39281e-08 -1.09334e-07)
(-10 -6.52109e-08 -1.14116e-07)
(-10 -5.08839e-08 -1.14864e-07)
(-10 -3.25011e-08 -1.11983e-07)
(-10 -1.8512e-08 -1.03299e-07)
(-10 -1.99267e-09 -8.148e-08)
(-10 9.25981e-09 -7.17494e-08)
(-10 2.39417e-08 -7.72879e-08)
(-10 4.21299e-08 -9.03477e-08)
(-10 4.71717e-08 -9.05994e-08)
(-10 5.44013e-08 -9.21312e-08)
(-10 5.50928e-08 -1.01385e-07)
(-10 6.60343e-08 -1.04327e-07)
)
;

boundaryField
{
    frontAndBack
    {
        type            slip;
    }
    inlet
    {
        type            fixedValue;
        value           nonuniform List<vector> 0();
    }
    outlet
    {
        type            inletOutlet;
        inletValue      uniform (0 0 0);
        value           nonuniform List<vector> 
120
(
(-10 8.43881e-07 -2.14717e-08)
(-10 5.18012e-07 -6.57727e-09)
(-10 2.76435e-07 -4.16983e-09)
(-10 1.12072e-07 8.77788e-09)
(-10 -2.31819e-08 1.26799e-08)
(-10 -3.49643e-08 6.55383e-08)
(-10 2.65459e-08 1.41952e-08)
(-10 -6.61725e-08 -1.45355e-09)
(-10 -3.3068e-07 1.56003e-08)
(-10 -6.65314e-07 2.42106e-08)
(-10 -1.07251e-06 2.20565e-08)
(-10 -1.49592e-06 1.9894e-08)
(-10 -1.85681e-06 3.66673e-08)
(-10 -2.14944e-06 3.97649e-08)
(-10 -2.37511e-06 5.01178e-08)
(-10 -2.47831e-06 5.1578e-08)
(-10 -2.4276e-06 6.01595e-08)
(-10 -2.25742e-06 5.30194e-08)
(-10 -2.00735e-06 7.12089e-08)
(-10 -1.68121e-06 7.96074e-08)
(-10 -1.30665e-06 8.47474e-08)
(-10 -8.76472e-07 7.84997e-08)
(-10 -4.83006e-07 6.14344e-08)
(-10 -1.14449e-07 6.46956e-08)
(-10 7.87468e-07 -5.33699e-08)
(-10 4.69401e-07 -2.26575e-08)
(-10 2.08676e-07 -9.75919e-09)
(-10 3.8777e-08 1.96038e-08)
(-10 -6.04542e-08 2.58667e-08)
(-10 -1.17085e-07 8.78035e-08)
(-10 -9.9506e-08 3.91295e-08)
(-10 -1.4344e-07 2.55935e-08)
(-10 -3.63744e-07 1.50297e-08)
(-10 -7.1654e-07 4.94618e-08)
(-10 -1.15801e-06 3.45274e-08)
(-10 -1.55513e-06 6.15843e-08)
(-10 -1.89518e-06 7.06481e-08)
(-10 -2.1915e-06 9.4285e-08)
(-10 -2.40676e-06 8.85521e-08)
(-10 -2.51222e-06 1.19755e-07)
(-10 -2.461e-06 1.32312e-07)
(-10 -2.26782e-06 1.4824e-07)
(-10 -2.00021e-06 1.70909e-07)
(-10 -1.67963e-06 1.90401e-07)
(-10 -1.31094e-06 1.80209e-07)
(-10 -8.85023e-07 1.84234e-07)
(-10 -4.98755e-07 1.80001e-07)
(-10 -1.52384e-07 1.81708e-07)
(-10 7.95528e-07 -3.5192e-08)
(-10 5.13824e-07 -1.97138e-08)
(-10 2.53673e-07 1.62501e-08)
(-10 6.74599e-08 5.19551e-08)
(-10 -4.09549e-08 6.52434e-08)
(-10 -1.21267e-07 8.02802e-08)
(-10 -8.25318e-08 1.07994e-07)
(-10 -9.6359e-08 7.36075e-08)
(-10 -3.49561e-07 4.23822e-08)
(-10 -7.25644e-07 3.86407e-08)
(-10 -1.16784e-06 5.156e-08)
(-10 -1.54787e-06 9.94034e-08)
(-10 -1.89235e-06 1.07359e-07)
(-10 -2.20017e-06 1.16623e-07)
(-10 -2.39969e-06 1.27322e-07)
(-10 -2.46904e-06 1.68491e-07)
(-10 -2.43313e-06 1.62933e-07)
(-10 -2.25776e-06 1.94833e-07)
(-10 -1.98788e-06 1.93741e-07)
(-10 -1.69303e-06 2.21782e-07)
(-10 -1.32419e-06 2.37114e-07)
(-10 -8.72215e-07 2.50103e-07)
(-10 -5.13002e-07 2.52216e-07)
(-10 -1.55667e-07 2.76151e-07)
(-10 8.05994e-07 -2.2272e-08)
(-10 5.56249e-07 -9.78811e-09)
(-10 3.16334e-07 1.51307e-08)
(-10 1.1436e-07 4.79703e-08)
(-10 -1.72645e-08 5.96693e-08)
(-10 -6.13378e-08 7.28394e-08)
(-10 -5.00364e-08 1.09005e-07)
(-10 -1.16918e-07 8.41432e-08)
(-10 -3.46325e-07 5.46587e-08)
(-10 -7.0084e-07 2.83698e-08)
(-10 -1.12644e-06 3.79367e-08)
(-10 -1.51907e-06 8.04513e-08)
(-10 -1.89653e-06 6.38914e-08)
(-10 -2.15639e-06 8.17057e-08)
(-10 -2.32773e-06 8.02229e-08)
(-10 -2.45563e-06 1.0791e-07)
(-10 -2.42867e-06 1.13589e-07)
(-10 -2.23679e-06 1.32251e-07)
(-10 -1.96884e-06 1.20751e-07)
(-10 -1.6313e-06 1.43555e-07)
(-10 -1.26452e-06 1.65969e-07)
(-10 -8.432e-07 1.90111e-07)
(-10 -5.04869e-07 1.9531e-07)
(-10 -1.62763e-07 2.12215e-07)
(-10 9.16029e-07 7.49064e-09)
(-10 7.0459e-07 1.31045e-08)
(-10 5.04653e-07 2.31323e-08)
(-10 3.35973e-07 3.3596e-08)
(-10 2.28634e-07 3.86436e-08)
(-10 2.19203e-07 4.75527e-08)
(-10 2.53324e-07 5.32722e-08)
(-10 2.07523e-07 5.81203e-08)
(-10 7.61826e-09 4.76428e-08)
(-10 -2.99652e-07 4.1264e-08)
(-10 -6.63901e-07 2.99301e-08)
(-10 -1.07208e-06 4.76425e-08)
(-10 -1.41262e-06 2.447e-08)
(-10 -1.655e-06 4.25331e-08)
(-10 -1.82897e-06 1.49124e-08)
(-10 -1.90371e-06 1.90811e-08)
(-10 -1.91129e-06 3.80286e-08)
(-10 -1.80188e-06 3.81999e-08)
(-10 -1.58746e-06 3.10463e-08)
(-10 -1.30616e-06 3.50348e-08)
(-10 -1.0063e-06 3.07353e-08)
(-10 -6.54396e-07 4.04697e-08)
(-10 -4.00771e-07 4.10598e-08)
(-10 -1.36134e-07 5.11198e-08)
)
;
    }
    lowerWall
    {
        type            fixedValue;
        value           uniform (-10 0 0);
    }
    upperWall
    {
        type            slip;
    }
    procBoundary3to0
    {
        type            processor;
        value           nonuniform List<vector> 
101
(
(-10 9.90965e-07 -4.11179e-08)
(-10 9.34206e-07 -3.96895e-08)
(-10 8.96626e-07 -4.05681e-08)
(-10 8.77065e-07 -3.48062e-08)
(-10 8.78315e-07 -2.74771e-08)
(-10 8.88051e-07 -3.69666e-08)
(-10 9.09399e-07 -3.83863e-08)
(-10 8.62013e-07 -4.13899e-08)
(-10 8.09579e-07 -3.54861e-08)
(-10 7.80438e-07 -2.47342e-08)
(-10 7.75946e-07 -1.46562e-08)
(-10 7.7951e-07 1.09298e-08)
(-10 7.70016e-07 1.14132e-08)
(-10 7.84949e-07 8.53811e-09)
(-10 1.19423e-06 -1.03615e-08)
(-10 1.03462e-06 7.22379e-09)
(-10 9.30746e-07 -2.96636e-08)
(-10 9.30746e-07 -2.96636e-08)
(-10 8.56036e-07 -9.09202e-08)
(-10 7.76811e-07 -7.29523e-08)
(-10 7.17869e-07 -5.25264e-08)
(-10 8.82388e-07 -7.20272e-08)
(-10 8.66787e-07 -6.15608e-08)
(-10 8.89329e-07 -6.0736e-08)
(-10 9.09175e-07 -6.91771e-08)
(-10 8.40746e-07 -6.64963e-08)
(-10 7.81541e-07 -5.14748e-08)
(-10 7.53935e-07 -4.09607e-08)
(-10 7.50844e-07 -1.07555e-08)
(-10 7.70687e-07 3.37379e-08)
(-10 7.74478e-07 1.21044e-08)
(-10 7.76216e-07 2.91096e-08)
(-10 1.11919e-06 -1.87865e-08)
(-10 1.06643e-06 2.07473e-08)
(-10 9.82238e-07 -8.64279e-08)
(-10 8.56036e-07 -9.09202e-08)
(-10 7.76811e-07 -7.29523e-08)
(-10 7.17869e-07 -5.25264e-08)
(-10 7.17869e-07 -5.25264e-08)
(-10 7.01173e-07 -6.05943e-08)
(-10 7.07744e-07 -4.455e-08)
(-10 8.74081e-07 -7.49422e-08)
(-10 8.86726e-07 -6.87769e-08)
(-10 8.18405e-07 -6.3474e-08)
(-10 7.69537e-07 -5.90526e-08)
(-10 7.43768e-07 -3.96062e-08)
(-10 7.42236e-07 -4.91656e-09)
(-10 7.61458e-07 2.39865e-08)
(-10 7.65875e-07 5.59326e-08)
(-10 7.56591e-07 3.42545e-08)
(-10 1.0843e-06 -1.42201e-08)
(-10 1.00556e-06 4.20036e-08)
(-10 9.53227e-07 -9.64809e-08)
(-10 8.47886e-07 -9.57919e-08)
(-10 7.61036e-07 -7.12374e-08)
(-10 7.10465e-07 -5.55815e-08)
(-10 7.01173e-07 -6.05943e-08)
(-10 7.07744e-07 -4.455e-08)
(-10 7.07744e-07 -4.455e-08)
(-10 7.20817e-07 -4.15914e-08)
(-10 7.65828e-07 -3.43094e-08)
(-10 7.10315e-07 -3.22361e-08)
(-10 7.69558e-07 -3.13861e-08)
(-10 7.3576e-07 -8.80342e-09)
(-10 7.27389e-07 1.36032e-08)
(-10 7.56057e-07 3.45915e-08)
(-10 7.60534e-07 5.2844e-08)
(-10 7.52643e-07 5.48243e-08)
(-10 1.04229e-06 -1.65343e-08)
(-10 9.8325e-07 6.86795e-09)
(-10 9.15164e-07 -1.03283e-07)
(-10 8.2642e-07 -8.28433e-08)
(-10 7.62849e-07 -5.98872e-08)
(-10 7.17925e-07 -3.83993e-08)
(-10 6.9767e-07 -2.30836e-08)
(-10 7.03652e-07 -2.62916e-08)
(-10 7.20817e-07 -4.15914e-08)
(-10 7.65828e-07 -3.43094e-08)
(-10 7.10315e-07 -3.22361e-08)
(-10 7.10315e-07 -3.22361e-08)
(-10 8.67378e-07 -1.55047e-09)
(-10 8.97485e-07 1.09423e-08)
(-10 9.29201e-07 2.18373e-08)
(-10 1.02164e-06 1.57412e-08)
(-10 1.01701e-06 3.09964e-08)
(-10 1.02738e-06 2.49355e-08)
(-10 1.11172e-06 3.89335e-09)
(-10 1.10081e-06 7.22729e-09)
(-10 1.02538e-06 -3.93758e-08)
(-10 9.66536e-07 -2.93651e-08)
(-10 9.18119e-07 -2.06441e-08)
(-10 8.77685e-07 -1.2567e-08)
(-10 8.8019e-07 -7.69582e-09)
(-10 8.87386e-07 -6.61698e-09)
(-10 9.13171e-07 -5.77091e-09)
(-10 9.53204e-07 -3.43717e-09)
(-10 9.128e-07 -9.46511e-09)
(-10 8.67378e-07 -1.55047e-09)
(-10 8.97485e-07 1.09423e-08)
(-10 9.29201e-07 2.18373e-08)
(-10 9.29201e-07 2.18373e-08)
)
;
    }
    procBoundary3to4
    {
        type            processor;
        value           nonuniform List<vector> 
125
(
(-10 7.2732e-07 -8.92858e-09)
(-10 5.61573e-07 3.75726e-08)
(-10 4.783e-07 -3.97753e-09)
(-10 4.23381e-07 5.74422e-08)
(-10 3.62105e-07 -8.01249e-09)
(-10 2.59914e-07 4.44895e-08)
(-10 1.09414e-07 -3.38718e-08)
(-10 -1.65907e-07 -7.91857e-09)
(-10 -2.6708e-07 -3.73256e-08)
(-10 -6.82962e-08 -1.37104e-08)
(-10 9.9312e-08 -8.79638e-09)
(-10 2.44716e-07 -1.10921e-08)
(-10 3.62508e-07 -1.95098e-08)
(-10 4.49736e-07 -9.44398e-09)
(-10 4.90375e-07 -4.35353e-09)
(-10 5.11669e-07 2.49632e-08)
(-10 5.28664e-07 6.27328e-09)
(-10 5.16698e-07 1.26835e-08)
(-10 4.72497e-07 7.39051e-09)
(-10 4.20443e-07 6.42293e-09)
(-10 3.32932e-07 -6.80373e-09)
(-10 2.48654e-07 -3.00661e-09)
(-10 2.36442e-07 -1.55784e-08)
(-10 1.58589e-07 -4.3166e-08)
(-10 -5.09965e-09 -5.57074e-08)
(-10 7.67779e-07 2.04187e-08)
(-10 6.06857e-07 3.47495e-08)
(-10 5.21376e-07 9.34731e-09)
(-10 4.73529e-07 4.71612e-08)
(-10 4.15511e-07 1.93016e-09)
(-10 3.17298e-07 5.11312e-08)
(-10 1.98511e-07 -1.83634e-08)
(-10 -9.96072e-08 6.77377e-09)
(-10 -2.06517e-07 7.29785e-09)
(-10 1.15891e-08 9.25959e-08)
(-10 1.40716e-07 7.10784e-08)
(-10 2.88453e-07 5.41635e-08)
(-10 4.06907e-07 -2.45312e-08)
(-10 5.05929e-07 2.96101e-09)
(-10 5.63135e-07 -2.07976e-08)
(-10 5.69078e-07 4.30788e-08)
(-10 5.81602e-07 1.30497e-09)
(-10 5.92924e-07 1.76401e-08)
(-10 5.57096e-07 -4.29508e-09)
(-10 4.95792e-07 -7.87022e-09)
(-10 4.1753e-07 -3.23932e-08)
(-10 3.1642e-07 -4.45483e-08)
(-10 2.97052e-07 -3.79768e-08)
(-10 1.73061e-07 -4.114e-08)
(-10 1.49468e-08 -9.00384e-08)
(-10 7.83301e-07 3.73331e-08)
(-10 6.14575e-07 3.47317e-08)
(-10 5.53584e-07 4.08365e-08)
(-10 5.11562e-07 3.27329e-08)
(-10 4.48183e-07 4.33036e-08)
(-10 3.49112e-07 2.67707e-08)
(-10 2.32449e-07 5.73181e-08)
(-10 1.37657e-08 2.09095e-08)
(-10 -2.88334e-08 1.12426e-07)
(-10 7.5786e-08 1.3519e-07)
(-10 1.29937e-07 1.18687e-07)
(-10 2.5407e-07 6.06485e-08)
(-10 3.49989e-07 3.33002e-08)
(-10 4.54214e-07 -1.46822e-08)
(-10 5.21291e-07 1.10296e-09)
(-10 5.3359e-07 -1.13275e-08)
(-10 5.57376e-07 2.58677e-08)
(-10 5.76945e-07 1.93577e-08)
(-10 5.52216e-07 3.72542e-08)
(-10 5.01523e-07 1.71101e-08)
(-10 4.28662e-07 1.99049e-08)
(-10 3.33662e-07 -4.58767e-09)
(-10 2.96467e-07 -5.14906e-10)
(-10 1.70103e-07 -1.80957e-08)
(-10 1.93849e-08 -6.48336e-08)
(-10 7.58079e-07 5.24474e-08)
(-10 6.64978e-07 5.4156e-08)
(-10 5.92343e-07 5.98521e-08)
(-10 5.47775e-07 5.08802e-08)
(-10 4.78588e-07 5.70218e-08)
(-10 3.82664e-07 4.81444e-08)
(-10 2.68025e-07 6.62523e-08)
(-10 7.07759e-08 5.33991e-08)
(-10 5.91978e-08 9.66881e-08)
(-10 2.16906e-07 9.57336e-08)
(-10 2.09937e-07 1.60525e-07)
(-10 2.50548e-07 8.02466e-08)
(-10 3.44734e-07 7.58169e-08)
(-10 4.18508e-07 -6.1233e-09)
(-10 4.91248e-07 -6.48359e-09)
(-10 5.37566e-07 -2.84829e-08)
(-10 5.85663e-07 -1.67286e-08)
(-10 5.89498e-07 -3.70677e-08)
(-10 5.64033e-07 -2.79375e-08)
(-10 5.17473e-07 -5.09136e-08)
(-10 4.47914e-07 -4.98279e-08)
(-10 3.52158e-07 -7.23326e-08)
(-10 3.11465e-07 -6.64314e-08)
(-10 1.88241e-07 -7.60627e-08)
(-10 4.11738e-08 -1.06646e-07)
(-10 1.07483e-06 2.99219e-08)
(-10 9.88046e-07 3.8822e-08)
(-10 9.57988e-07 4.22803e-08)
(-10 9.43141e-07 4.07685e-08)
(-10 9.01424e-07 4.31353e-08)
(-10 8.38009e-07 4.07619e-08)
(-10 7.56046e-07 4.55478e-08)
(-10 5.99809e-07 4.83555e-08)
(-10 6.77719e-07 3.04395e-08)
(-10 8.45157e-07 7.15868e-08)
(-10 8.62376e-07 4.41145e-08)
(-10 8.14083e-07 1.01396e-07)
(-10 8.79371e-07 2.83257e-08)
(-10 9.77795e-07 2.09891e-09)
(-10 1.08435e-06 -2.00035e-08)
(-10 1.08239e-06 -1.28817e-08)
(-10 1.08047e-06 -4.43037e-08)
(-10 1.06094e-06 -5.50652e-08)
(-10 9.91773e-07 -6.59226e-08)
(-10 8.88135e-07 -7.57833e-08)
(-10 7.59052e-07 -8.50774e-08)
(-10 5.93421e-07 -9.41481e-08)
(-10 4.90033e-07 -9.01987e-08)
(-10 2.95251e-07 -9.92616e-08)
(-10 7.61974e-08 -1.06046e-07)
)
;
    }
}


// ************************************************************************* //
