/*--------------------------------*- C++ -*----------------------------------*\
  =========                 |
  \\      /  F ield         | OpenFOAM: The Open Source CFD Toolbox
   \\    /   O peration     | Website:  https://openfoam.org
    \\  /    A nd           | Version:  10
     \\/     M anipulation  |
\*---------------------------------------------------------------------------*/
FoamFile
{
    format      ascii;
    class       volScalarField;
    location    "20";
    object      omega;
}
// * * * * * * * * * * * * * * * * * * * * * * * * * * * * * * * * * * * * * //

dimensions      [0 0 -1 0 0 0 0];

internalField   nonuniform List<scalar> 
2083
(
0.861239
0.861241
0.861239
0.861239
0.861239
0.861239
0.861239
0.861239
0.861239
0.861239
0.861239
0.861239
0.861239
0.861239
0.861236
0.861239
0.861239
0.861234
0.861232
0.861232
0.861232
0.861232
0.861232
0.861232
0.861232
0.861232
0.861232
0.861232
0.861232
0.861232
0.861232
0.861234
0.861234
0.861234
0.861232
0.861232
0.861232
0.861232
0.861232
0.861232
0.861232
0.861232
0.861232
0.861232
0.861232
0.861232
0.861232
0.861234
0.861234
0.861234
0.861232
0.861232
0.861232
0.861232
0.861232
0.861232
0.861232
0.861232
0.861232
0.861232
0.861232
0.861232
0.861232
0.861234
0.861234
0.861234
0.861232
0.861232
0.861232
0.861232
0.861232
0.861232
0.861232
0.861232
0.861232
0.861232
0.861232
0.861232
0.861232
0.861234
0.861234
0.861234
0.861232
0.861232
0.861232
0.861232
0.861232
0.861232
0.861232
0.861232
0.861232
0.861232
0.861232
0.861232
0.861232
0.861234
0.861234
0.861234
0.861232
0.861232
0.861232
0.861232
0.861232
0.861232
0.861232
0.861232
0.861232
0.861232
0.861232
0.861232
0.861232
0.861234
0.861236
0.861236
0.861234
0.861232
0.861232
0.861232
0.861232
0.861232
0.861232
0.861232
0.861232
0.861232
0.861232
0.861232
0.861232
0.861232
0.861232
0.861234
0.861234
0.861234
0.861232
0.861232
0.861232
0.861232
0.861232
0.861232
0.861232
0.861232
0.861232
0.861232
0.861232
0.861232
0.861232
0.861232
0.861234
0.861234
0.861234
0.861232
0.861232
0.861232
0.861232
0.861232
0.861232
0.861232
0.861232
0.861232
0.861232
0.861232
0.861232
0.861232
0.861232
0.861234
0.861234
0.861234
0.861232
0.861232
0.861232
0.861232
0.861232
0.861232
0.861232
0.861232
0.861232
0.861232
0.861232
0.861232
0.861232
0.861232
0.861234
0.861234
0.861234
0.861232
0.861232
0.861232
0.861232
0.861232
0.861232
0.861232
0.861232
0.861232
0.861232
0.861232
0.861232
0.861232
0.861232
0.861234
0.861234
0.861234
0.861232
0.861232
0.861232
0.861232
0.861232
0.861232
0.861232
0.861232
0.861232
0.861232
0.861232
0.861232
0.861232
0.861232
0.861234
0.861234
0.861234
0.861232
0.861232
0.861232
0.861232
0.861232
0.861232
0.861232
0.861232
0.861232
0.861232
0.861232
0.861232
0.861232
0.861232
0.861234
0.861234
0.861234
0.861232
0.861232
0.861232
0.861232
0.861232
0.861232
0.861232
0.861232
0.861232
0.861232
0.861232
0.861232
0.861232
0.861232
0.861234
0.861234
0.861234
0.861232
0.861232
0.861232
0.861232
0.861232
0.861232
0.861232
0.861232
0.861232
0.861232
0.861232
0.861232
0.861232
0.861232
0.861234
0.861234
0.861234
0.861232
0.861232
0.861232
0.861232
0.861232
0.861232
0.861232
0.861232
0.861232
0.861232
0.861232
0.861232
0.861232
0.861232
0.861234
0.861234
0.861234
0.861232
0.861232
0.861232
0.861232
0.861232
0.861232
0.861232
0.861232
0.861232
0.861232
0.861232
0.861232
0.861232
0.861232
0.861234
0.861234
0.861234
0.861232
0.861232
0.861232
0.861232
0.861232
0.861232
0.861232
0.861232
0.861232
0.861232
0.861232
0.861232
0.861232
0.861232
0.861234
0.861234
0.861234
0.861232
0.861232
0.861232
0.861232
0.861232
0.861232
0.861232
0.861232
0.861232
0.861232
0.861232
0.861232
0.861232
0.861232
0.861234
0.861234
0.861234
0.861232
0.861232
0.861232
0.861232
0.861232
0.861232
0.861232
0.861232
0.861232
0.861232
0.861232
0.861232
0.861232
0.861232
0.861234
0.861234
0.861234
0.861232
0.861232
0.861232
0.861232
0.861232
0.861232
0.861232
0.861232
0.861232
0.861232
0.861232
0.861232
0.861232
0.861232
0.861234
0.861234
0.861234
0.861232
0.861232
0.861232
0.861232
0.861232
0.861232
0.861232
0.861232
0.861232
0.861232
0.861232
0.861232
0.861232
0.861232
0.861234
0.861234
0.861234
0.861232
0.861232
0.861232
0.861232
0.861232
0.861232
0.861232
0.861232
0.861232
0.861232
0.861232
0.861232
0.861232
0.861232
0.861234
0.861234
0.861203
0.861201
0.861201
0.861201
0.861201
0.861201
0.861201
0.861201
0.861201
0.861201
0.861201
0.861201
0.861201
0.861201
0.861201
0.861203
0.861203
1.61971
1.61969
1.61969
1.61969
1.61969
1.61969
1.61969
1.61969
1.61969
1.61969
1.61969
1.61969
1.61969
1.6197
1.61971
1.61971
1.61963
1.61961
1.61961
1.61961
1.61961
1.61961
1.61961
1.61961
1.61961
1.61961
1.61961
1.61961
1.61961
1.61962
1.61963
1.61963
1.61963
1.61961
1.61961
1.61961
1.61961
1.61961
1.61961
1.61961
1.61961
1.61961
1.61961
1.61961
1.61961
1.61962
1.61963
1.61963
1.61963
1.61961
1.61961
1.61961
1.61961
1.61961
1.61961
1.61961
1.61961
1.61961
1.61961
1.61961
1.61961
1.61962
1.61963
1.61963
1.61963
1.61961
1.61961
1.61961
1.61961
1.61961
1.61961
1.61961
1.61961
1.61961
1.61961
1.61961
1.61961
1.61962
1.61963
1.61963
1.61963
1.61961
1.61961
1.61961
1.61961
1.61961
1.61961
1.61961
1.61961
1.61961
1.61961
1.61961
1.61961
1.61962
1.61963
1.61963
1.61963
1.61961
1.61961
1.61961
1.61961
1.61961
1.61961
1.61961
1.61961
1.61961
1.61961
1.61961
1.61961
1.61961
1.61963
1.61963
1.61963
1.61961
1.61961
1.61961
1.61961
1.61961
1.61961
1.61961
1.61961
1.61961
1.61961
1.61961
1.61961
1.61962
1.61964
1.61966
1.61965
1.61963
1.61961
1.61961
1.61961
1.61961
1.61961
1.61961
1.61961
1.61961
1.61961
1.61961
1.61961
1.61961
1.61961
1.61962
1.61963
1.61963
1.61963
1.61961
1.61961
1.61961
1.61961
1.61961
1.61961
1.61961
1.61961
1.61961
1.61961
1.61961
1.61961
1.61961
1.61962
1.61963
1.61963
1.61963
1.61961
1.61961
1.61961
1.61961
1.61961
1.61961
1.61961
1.61961
1.61961
1.61961
1.61961
1.61961
1.61961
1.61962
1.61963
1.61963
1.61963
1.61961
1.61961
1.61961
1.61961
1.61961
1.61961
1.61961
1.61961
1.61961
1.61961
1.61961
1.61961
1.61961
1.61962
1.61963
1.61963
1.61963
1.61961
1.61961
1.61961
1.61961
1.61961
1.61961
1.61961
1.61961
1.61961
1.61961
1.61961
1.61961
1.61961
1.61962
1.61963
1.61963
1.61963
1.61961
1.61961
1.61961
1.61961
1.61961
1.61961
1.61961
1.61961
1.61961
1.61961
1.61961
1.61961
1.61961
1.61962
1.61963
1.61963
1.61963
1.61961
1.61961
1.61961
1.61961
1.61961
1.61961
1.61961
1.61961
1.61961
1.61961
1.61961
1.61961
1.61961
1.61962
1.61963
1.61963
1.61963
1.61961
1.61961
1.61961
1.61961
1.61961
1.61961
1.61961
1.61961
1.61961
1.61961
1.61961
1.61961
1.61961
1.61962
1.61963
1.61963
1.61963
1.61961
1.61961
1.61961
1.61961
1.61961
1.61961
1.61961
1.61961
1.61961
1.61961
1.61961
1.61961
1.61961
1.61962
1.61963
1.61963
1.61963
1.61961
1.61961
1.61961
1.61961
1.61961
1.61961
1.61961
1.61961
1.61961
1.61961
1.61961
1.61961
1.61961
1.61962
1.61963
1.61963
1.61963
1.61961
1.61961
1.61961
1.61961
1.61961
1.61961
1.61961
1.61961
1.61961
1.61961
1.61961
1.61961
1.61961
1.61962
1.61963
1.61963
1.61963
1.61961
1.61961
1.61961
1.61961
1.61961
1.61961
1.61961
1.61961
1.61961
1.61961
1.61961
1.61961
1.61961
1.61962
1.61963
1.61963
1.61963
1.61961
1.61961
1.61961
1.61961
1.61961
1.61961
1.61961
1.61961
1.61961
1.61961
1.61961
1.61961
1.61961
1.61962
1.61963
1.61963
1.61963
1.61961
1.61961
1.61961
1.61961
1.61961
1.61961
1.61961
1.61961
1.61961
1.61961
1.61961
1.61961
1.61961
1.61962
1.61963
1.61963
1.61963
1.61961
1.61961
1.61961
1.61961
1.61961
1.61961
1.61961
1.61961
1.61961
1.61961
1.61961
1.61961
1.61961
1.61962
1.61963
1.61963
1.61963
1.61961
1.61961
1.61961
1.61961
1.61961
1.61961
1.61961
1.61961
1.61961
1.61961
1.61961
1.61961
1.61961
1.61961
1.61963
1.61963
1.61924
1.61922
1.61922
1.61921
1.61921
1.61921
1.61921
1.61921
1.61921
1.61921
1.61921
1.61921
1.61922
1.61922
1.61922
1.61924
1.61924
1.62149
1.62147
1.62147
1.62147
1.62147
1.62147
1.62147
1.62147
1.62147
1.62147
1.62147
1.62147
1.62147
1.62148
1.62149
1.62149
1.62141
1.62139
1.62139
1.62139
1.62139
1.62139
1.62139
1.62139
1.62139
1.62139
1.62139
1.62139
1.62139
1.6214
1.62142
1.62141
1.62141
1.62139
1.62139
1.62139
1.62139
1.62139
1.62139
1.62139
1.62139
1.62139
1.62139
1.62139
1.62139
1.6214
1.62142
1.62141
1.62141
1.62139
1.62139
1.62139
1.62139
1.62139
1.62139
1.62139
1.62139
1.62139
1.62139
1.62139
1.62139
1.6214
1.62142
1.62141
1.62141
1.62139
1.62139
1.62139
1.62139
1.62139
1.62139
1.62139
1.62139
1.62139
1.62139
1.62139
1.62139
1.6214
1.62142
1.62141
1.62141
1.62139
1.62139
1.62139
1.62139
1.62139
1.62139
1.62139
1.62139
1.62139
1.62139
1.62139
1.62139
1.6214
1.62142
1.62141
1.62141
1.62139
1.62139
1.62139
1.62139
1.62139
1.62139
1.62139
1.62139
1.62139
1.62139
1.62139
1.62139
1.6214
1.62142
1.62141
1.62141
1.62139
1.62139
1.62139
1.62139
1.62139
1.62139
1.62139
1.62139
1.62139
1.62139
1.62139
1.6214
1.6214
1.62143
1.62143
1.62141
1.62139
1.62139
1.62139
1.62139
1.62139
1.62139
1.62139
1.62139
1.62139
1.62139
1.62139
1.6214
1.6214
1.62143
1.62143
1.62141
1.62139
1.62139
1.62139
1.62139
1.62139
1.62139
1.62139
1.62139
1.62139
1.62139
1.62139
1.62139
1.6214
1.62142
1.62144
1.62143
1.62141
1.62139
1.62139
1.62139
1.62139
1.62139
1.62139
1.62139
1.62139
1.62139
1.62139
1.62139
1.62139
1.62139
1.6214
1.62142
1.62141
1.62141
1.62139
1.62139
1.62139
1.62139
1.62139
1.62139
1.62139
1.62139
1.62139
1.62139
1.62139
1.62139
1.62139
1.6214
1.62142
1.62141
1.62141
1.62139
1.62139
1.62139
1.62139
1.62139
1.62139
1.62139
1.62139
1.62139
1.62139
1.62139
1.62139
1.62139
1.6214
1.62142
1.62141
1.62141
1.62139
1.62139
1.62139
1.62139
1.62139
1.62139
1.62139
1.62139
1.62139
1.62139
1.62139
1.62139
1.62139
1.6214
1.62142
1.62141
1.62141
1.62139
1.62139
1.62139
1.62139
1.62139
1.62139
1.62139
1.62139
1.62139
1.62139
1.62139
1.62139
1.62139
1.6214
1.62142
1.62141
1.62141
1.62139
1.62139
1.62139
1.62139
1.62139
1.62139
1.62139
1.62139
1.62139
1.62139
1.62139
1.62139
1.62139
1.6214
1.62142
1.62141
1.62141
1.62139
1.62139
1.62139
1.62139
1.62139
1.62139
1.62139
1.62139
1.62139
1.62139
1.62139
1.62139
1.62139
1.6214
1.62142
1.62141
1.62141
1.62139
1.62139
1.62139
1.62139
1.62139
1.62139
1.62139
1.62139
1.62139
1.62139
1.62139
1.62139
1.62139
1.6214
1.62142
1.62141
1.62141
1.62139
1.62139
1.62139
1.62139
1.62139
1.62139
1.62139
1.62139
1.62139
1.62139
1.62139
1.62139
1.62139
1.6214
1.62142
1.62141
1.62141
1.62139
1.62139
1.62139
1.62139
1.62139
1.62139
1.62139
1.62139
1.62139
1.62139
1.62139
1.62139
1.62139
1.6214
1.62142
1.62141
1.62141
1.62139
1.62139
1.62139
1.62139
1.62139
1.62139
1.62139
1.62139
1.62139
1.62139
1.62139
1.62139
1.62139
1.6214
1.62142
1.62141
1.62141
1.62139
1.62139
1.62139
1.62139
1.62139
1.62139
1.62139
1.62139
1.62139
1.62139
1.62139
1.62139
1.62139
1.6214
1.62142
1.62141
1.62141
1.62139
1.62139
1.62139
1.62139
1.62139
1.62139
1.62139
1.62139
1.62139
1.62139
1.62139
1.62139
1.62139
1.6214
1.62142
1.62141
1.62141
1.62139
1.62139
1.62139
1.62139
1.62139
1.62139
1.62139
1.62139
1.62139
1.62139
1.62139
1.62139
1.62139
1.6214
1.62141
1.62141
1.62102
1.621
1.621
1.621
1.621
1.621
1.621
1.621
1.621
1.621
1.621
1.621
1.621
1.621
1.621
1.62102
1.62102
1.62177
1.62175
1.62175
1.62175
1.62175
1.62175
1.62175
1.62175
1.62175
1.62175
1.62175
1.62175
1.62175
1.62176
1.62178
1.62178
1.62169
1.62167
1.62167
1.62167
1.62167
1.62167
1.62167
1.62167
1.62167
1.62167
1.62167
1.62167
1.62168
1.62168
1.6217
1.6217
1.62169
1.62167
1.62167
1.62167
1.62167
1.62167
1.62167
1.62167
1.62167
1.62167
1.62167
1.62167
1.62168
1.62168
1.6217
1.6217
1.62169
1.62167
1.62167
1.62167
1.62167
1.62167
1.62167
1.62167
1.62167
1.62167
1.62167
1.62167
1.62168
1.62168
1.6217
1.6217
1.62169
1.62167
1.62167
1.62167
1.62167
1.62167
1.62167
1.62167
1.62167
1.62167
1.62167
1.62167
1.62168
1.62168
1.6217
1.6217
1.62169
1.62167
1.62167
1.62167
1.62167
1.62167
1.62167
1.62167
1.62167
1.62167
1.62167
1.62167
1.62168
1.62168
1.6217
1.6217
1.62169
1.62167
1.62167
1.62167
1.62167
1.62167
1.62167
1.62167
1.62167
1.62167
1.62167
1.62167
1.62168
1.62168
1.6217
1.6217
1.62169
1.62167
1.62167
1.62167
1.62167
1.62167
1.62167
1.62167
1.62167
1.62167
1.62167
1.62167
1.62168
1.62168
1.6217
1.6217
1.62169
1.62167
1.62167
1.62167
1.62167
1.62167
1.62167
1.62167
1.62167
1.62167
1.62167
1.62167
1.62168
1.62168
1.6217
1.6217
1.62169
1.62167
1.62167
1.62167
1.62167
1.62167
1.62167
1.62167
1.62167
1.62167
1.62167
1.62168
1.62168
1.62168
1.62171
1.62171
1.62169
1.62167
1.62167
1.62167
1.62167
1.62167
1.62167
1.62167
1.62167
1.62167
1.62167
1.62167
1.62168
1.62168
1.6217
1.62172
1.62172
1.62169
1.62167
1.62167
1.62167
1.62167
1.62167
1.62167
1.62167
1.62167
1.62167
1.62167
1.62167
1.62167
1.62168
1.62168
1.6217
1.6217
1.62169
1.62167
1.62167
1.62167
1.62167
1.62167
1.62167
1.62167
1.62167
1.62167
1.62167
1.62167
1.62167
1.62168
1.62168
1.6217
1.6217
1.62169
1.62167
1.62167
1.62167
1.62167
1.62167
1.62167
1.62167
1.62167
1.62167
1.62167
1.62167
1.62167
1.62168
1.62168
1.6217
1.6217
1.62169
1.62167
1.62167
1.62167
1.62167
1.62167
1.62167
1.62167
1.62167
1.62167
1.62167
1.62167
1.62167
1.62168
1.62168
1.6217
1.6217
1.62169
1.62167
1.62167
1.62167
1.62167
1.62167
1.62167
1.62167
1.62167
1.62167
1.62167
1.62167
1.62167
1.62168
1.62168
1.6217
1.6217
1.62169
1.62167
1.62167
1.62167
1.62167
1.62167
1.62167
1.62167
1.62167
1.62167
1.62167
1.62167
1.62167
1.62168
1.62168
1.6217
1.6217
1.62169
1.62167
1.62167
1.62167
1.62167
1.62167
1.62167
1.62167
1.62167
1.62167
1.62167
1.62167
1.62167
1.62168
1.62168
1.6217
1.6217
1.62169
1.62167
1.62167
1.62167
1.62167
1.62167
1.62167
1.62167
1.62167
1.62167
1.62167
1.62167
1.62167
1.62168
1.62168
1.6217
1.6217
1.62169
1.62167
1.62167
1.62167
1.62167
1.62167
1.62167
1.62167
1.62167
1.62167
1.62167
1.62167
1.62167
1.62168
1.62168
1.6217
1.6217
1.62169
1.62167
1.62167
1.62167
1.62167
1.62167
1.62167
1.62167
1.62167
1.62167
1.62167
1.62167
1.62167
1.62168
1.62168
1.6217
1.6217
1.62169
1.62167
1.62167
1.62167
1.62167
1.62167
1.62167
1.62167
1.62167
1.62167
1.62167
1.62167
1.62167
1.62168
1.62168
1.6217
1.6217
1.62169
1.62167
1.62167
1.62167
1.62167
1.62167
1.62167
1.62167
1.62167
1.62167
1.62167
1.62167
1.62167
1.62168
1.62168
1.6217
1.6217
1.62169
1.62167
1.62167
1.62167
1.62167
1.62167
1.62167
1.62167
1.62167
1.62167
1.62167
1.62167
1.62167
1.62167
1.62168
1.6217
1.6217
1.6213
1.62128
1.62128
1.62128
1.62128
1.62128
1.62128
1.62128
1.62128
1.62128
1.62128
1.62128
1.62128
1.62129
1.62129
1.62131
1.62131
1.63356
1.63355
1.63355
1.63355
1.63355
1.63355
1.63355
1.63355
1.63355
1.63355
1.63355
1.63355
1.63355
1.63355
1.63356
1.63356
1.63351
1.6335
1.6335
1.6335
1.6335
1.6335
1.6335
1.6335
1.6335
1.6335
1.6335
1.6335
1.6335
1.6335
1.63352
1.63351
1.63351
1.6335
1.6335
1.6335
1.6335
1.6335
1.6335
1.6335
1.6335
1.6335
1.6335
1.6335
1.6335
1.6335
1.63352
1.63351
1.63351
1.6335
1.6335
1.6335
1.6335
1.6335
1.6335
1.6335
1.6335
1.6335
1.6335
1.6335
1.6335
1.6335
1.63352
1.63351
1.63351
1.6335
1.6335
1.6335
1.6335
1.6335
1.6335
1.6335
1.6335
1.6335
1.6335
1.6335
1.6335
1.6335
1.63352
1.63351
1.63351
1.6335
1.6335
1.6335
1.6335
1.6335
1.6335
1.6335
1.6335
1.6335
1.6335
1.6335
1.6335
1.6335
1.63352
1.63351
1.63351
1.6335
1.6335
1.6335
1.6335
1.6335
1.6335
1.6335
1.6335
1.6335
1.6335
1.6335
1.6335
1.6335
1.63352
1.63351
1.63351
1.6335
1.6335
1.6335
1.6335
1.6335
1.6335
1.6335
1.6335
1.6335
1.6335
1.6335
1.6335
1.6335
1.63352
1.63351
1.63351
1.6335
1.6335
1.6335
1.6335
1.6335
1.6335
1.6335
1.6335
1.6335
1.6335
1.6335
1.6335
1.6335
1.63352
1.63351
1.63351
1.6335
1.6335
1.6335
1.6335
1.6335
1.6335
1.6335
1.6335
1.6335
1.6335
1.6335
1.6335
1.6335
1.63352
1.63351
1.63351
1.6335
1.6335
1.6335
1.6335
1.6335
1.6335
1.6335
1.6335
1.6335
1.6335
1.6335
1.6335
1.63351
1.63353
1.63353
1.63351
1.6335
1.6335
1.6335
1.6335
1.6335
1.6335
1.6335
1.6335
1.6335
1.6335
1.6335
1.6335
1.63351
1.63352
1.63353
1.63353
1.63351
1.6335
1.6335
1.6335
1.6335
1.6335
1.6335
1.6335
1.6335
1.6335
1.6335
1.6335
1.6335
1.6335
1.6335
1.63352
1.63351
1.63351
1.6335
1.6335
1.6335
1.6335
1.6335
1.6335
1.6335
1.6335
1.6335
1.6335
1.6335
1.6335
1.6335
1.6335
1.63352
1.63351
1.63351
1.6335
1.6335
1.6335
1.6335
1.6335
1.6335
1.6335
1.6335
1.6335
1.6335
1.6335
1.6335
1.6335
1.6335
1.63352
1.63351
1.63351
1.6335
1.6335
1.6335
1.6335
1.6335
1.6335
1.6335
1.6335
1.6335
1.6335
1.6335
1.6335
1.6335
1.6335
1.63352
1.63351
1.63351
1.6335
1.6335
1.6335
1.6335
1.6335
1.6335
1.6335
1.6335
1.6335
1.6335
1.6335
1.6335
1.6335
1.6335
1.63352
1.63351
1.63351
1.6335
1.6335
1.6335
1.6335
1.6335
1.6335
1.6335
1.6335
1.6335
1.6335
1.6335
1.6335
1.6335
1.6335
1.63352
1.63351
1.63351
1.6335
1.6335
1.6335
1.6335
1.6335
1.6335
1.6335
1.6335
1.6335
1.6335
1.6335
1.6335
1.6335
1.6335
1.63352
1.63351
1.63351
1.6335
1.6335
1.6335
1.6335
1.6335
1.6335
1.6335
1.6335
1.6335
1.6335
1.6335
1.6335
1.6335
1.6335
1.63352
1.63351
1.63351
1.6335
1.6335
1.6335
1.6335
1.6335
1.6335
1.6335
1.6335
1.6335
1.6335
1.6335
1.6335
1.6335
1.6335
1.63352
1.63351
1.63351
1.6335
1.6335
1.6335
1.6335
1.6335
1.6335
1.6335
1.6335
1.6335
1.6335
1.6335
1.6335
1.6335
1.6335
1.63352
1.63351
1.63351
1.6335
1.6335
1.6335
1.6335
1.6335
1.6335
1.6335
1.6335
1.6335
1.6335
1.6335
1.6335
1.6335
1.6335
1.63352
1.63351
1.63351
1.6335
1.6335
1.6335
1.6335
1.6335
1.6335
1.6335
1.6335
1.6335
1.6335
1.6335
1.6335
1.6335
1.6335
1.63351
1.63351
1.63329
1.63328
1.63328
1.63328
1.63328
1.63328
1.63328
1.63328
1.63328
1.63328
1.63328
1.63328
1.63328
1.63328
1.63329
1.6333
1.63329
)
;

boundaryField
{
    frontAndBack
    {
        type            slip;
    }
    inlet
    {
        type            fixedValue;
        value           nonuniform List<scalar> 0();
    }
    outlet
    {
        type            inletOutlet;
        inletValue      nonuniform List<scalar> 0();
        value           nonuniform List<scalar> 0();
    }
    lowerWall
    {
        beta1           0.075;
        blended         0;
        type            omegaWallFunction;
        value           nonuniform List<scalar> 
420
(
0.861241
0.861234
0.861234
0.861234
0.861234
0.861234
0.861234
0.861234
0.861234
0.861234
0.861234
0.861234
0.861234
0.861234
0.861234
0.861234
0.861234
0.861234
0.861234
0.861234
0.861234
0.861234
0.861234
0.861234
0.861203
0.861239
0.861232
0.861232
0.861232
0.861232
0.861232
0.861232
0.861232
0.861232
0.861232
0.861232
0.861232
0.861232
0.861232
0.861232
0.861232
0.861232
0.861232
0.861232
0.861232
0.861232
0.861232
0.861232
0.861232
0.861201
0.861239
0.861232
0.861232
0.861232
0.861232
0.861232
0.861232
0.861232
0.861232
0.861232
0.861232
0.861232
0.861232
0.861232
0.861232
0.861232
0.861232
0.861232
0.861232
0.861232
0.861232
0.861232
0.861232
0.861232
0.861201
0.861239
0.861232
0.861232
0.861232
0.861232
0.861232
0.861232
0.861232
0.861232
0.861232
0.861232
0.861232
0.861232
0.861232
0.861232
0.861232
0.861232
0.861232
0.861232
0.861232
0.861232
0.861232
0.861232
0.861232
0.861201
0.861239
0.861232
0.861232
0.861232
0.861232
0.861232
0.861232
0.861232
0.861232
0.861232
0.861232
0.861232
0.861232
0.861232
0.861232
0.861232
0.861232
0.861232
0.861232
0.861232
0.861232
0.861232
0.861232
0.861232
0.861201
0.861239
0.861232
0.861232
0.861232
0.861232
0.861232
0.861232
0.861232
0.861232
0.861232
0.861232
0.861232
0.861232
0.861232
0.861232
0.861232
0.861232
0.861232
0.861232
0.861232
0.861232
0.861232
0.861232
0.861232
0.861201
0.861239
0.861232
0.861232
0.861232
0.861232
0.861232
0.861232
0.861232
0.861232
0.861232
0.861232
0.861232
0.861232
0.861232
0.861232
0.861232
0.861232
0.861232
0.861232
0.861232
0.861232
0.861232
0.861232
0.861232
0.861201
0.861239
0.861232
0.861232
0.861232
0.861232
0.861232
0.861232
0.861232
0.861232
0.861232
0.861232
0.861232
0.861232
0.861232
0.861232
0.861232
0.861232
0.861232
0.861232
0.861232
0.861232
0.861232
0.861232
0.861232
0.861201
0.861239
0.861232
0.861232
0.861232
0.861232
0.861232
0.861232
0.861232
0.861232
0.861232
0.861232
0.861232
0.861232
0.861232
0.861232
0.861232
0.861232
0.861232
0.861232
0.861232
0.861232
0.861232
0.861232
0.861232
0.861201
0.861239
0.861232
0.861232
0.861232
0.861232
0.861232
0.861232
0.861232
0.861232
0.861232
0.861232
0.861232
0.861232
0.861232
0.861232
0.861232
0.861232
0.861232
0.861232
0.861232
0.861232
0.861232
0.861232
0.861232
0.861201
0.861239
0.861232
0.861232
0.861232
0.861232
0.861232
0.861232
0.861232
0.861232
0.861232
0.861232
0.861232
0.861232
0.861232
0.861232
0.861232
0.861232
0.861232
0.861232
0.861232
0.861232
0.861232
0.861232
0.861232
0.861201
0.861239
0.861232
0.861232
0.861232
0.861232
0.861232
0.861232
0.861232
0.861232
0.861232
0.861232
0.861232
0.861232
0.861232
0.861232
0.861232
0.861232
0.861232
0.861232
0.861232
0.861232
0.861232
0.861232
0.861232
0.861201
0.861239
0.861232
0.861232
0.861232
0.861232
0.861232
0.861232
0.861232
0.861232
0.861232
0.861232
0.861232
0.861232
0.861232
0.861232
0.861232
0.861232
0.861232
0.861232
0.861232
0.861232
0.861232
0.861232
0.861232
0.861201
0.861236
0.861232
0.861232
0.861232
0.861232
0.861232
0.861232
0.861232
0.861232
0.861232
0.861232
0.861232
0.861232
0.861232
0.861232
0.861232
0.861232
0.861232
0.861232
0.861232
0.861232
0.861232
0.861232
0.861232
0.861201
0.861239
0.861234
0.861234
0.861234
0.861234
0.861234
0.861234
0.861232
0.861232
0.861232
0.861232
0.861232
0.861232
0.861232
0.861232
0.861232
0.861232
0.861232
0.861232
0.861232
0.861232
0.861232
0.861232
0.861232
0.861201
0.861239
0.861239
0.861234
0.861234
0.861234
0.861234
0.861234
0.861236
0.861234
0.861234
0.861234
0.861234
0.861234
0.861234
0.861234
0.861234
0.861234
0.861234
0.861234
0.861234
0.861234
0.861234
0.861234
0.861234
0.861234
0.861203
0.861236
0.861234
0.861234
0.861234
0.861234
0.861234
0.861234
0.861234
0.861234
0.861234
0.861234
0.861234
0.861234
0.861234
0.861234
0.861234
0.861234
0.861234
0.861203
)
;
    }
    upperWall
    {
        type            slip;
    }
    procBoundary4to1
    {
        type            processor;
        value           nonuniform List<scalar> 
82
(
0.861234
0.861234
0.861232
0.861232
0.861232
0.861232
0.861232
0.861232
0.861232
0.861232
0.861232
0.861232
0.861232
0.861232
0.861236
0.861239
0.861239
1.61963
1.61963
1.61961
1.61961
1.61961
1.61961
1.61961
1.61961
1.61961
1.61961
1.61961
1.61961
1.61961
1.61961
1.61961
1.61963
1.61963
1.62141
1.62139
1.62139
1.62139
1.62139
1.62139
1.62139
1.62139
1.62139
1.62139
1.62139
1.62139
1.62139
1.6214
1.62142
1.62141
1.62169
1.62167
1.62167
1.62167
1.62167
1.62167
1.62167
1.62167
1.62167
1.62167
1.62167
1.62167
1.62168
1.62168
1.6217
1.6217
1.63351
1.6335
1.6335
1.6335
1.6335
1.6335
1.6335
1.6335
1.6335
1.6335
1.6335
1.6335
1.6335
1.6335
1.63352
1.63351
)
;
    }
    procBoundary4to2
    {
        type            processor;
        value           uniform 0.861234;
    }
    procBoundary4to3
    {
        type            processor;
        value           nonuniform List<scalar> 
125
(
0.861241
0.861234
0.861234
0.861234
0.861234
0.861234
0.861234
0.861234
0.861234
0.861234
0.861234
0.861234
0.861234
0.861234
0.861234
0.861234
0.861234
0.861234
0.861234
0.861234
0.861234
0.861234
0.861234
0.861234
0.861203
1.61971
1.61963
1.61963
1.61963
1.61963
1.61963
1.61963
1.61963
1.61963
1.61963
1.61963
1.61963
1.61963
1.61963
1.61963
1.61963
1.61963
1.61963
1.61963
1.61963
1.61963
1.61963
1.61963
1.61963
1.61924
1.62149
1.62141
1.62141
1.62141
1.62141
1.62141
1.62141
1.62141
1.62141
1.62141
1.62141
1.62141
1.62141
1.62141
1.62141
1.62141
1.62141
1.62141
1.62141
1.62141
1.62141
1.62141
1.62141
1.62141
1.62102
1.62178
1.6217
1.6217
1.6217
1.6217
1.6217
1.6217
1.6217
1.6217
1.6217
1.6217
1.6217
1.6217
1.6217
1.6217
1.6217
1.6217
1.6217
1.6217
1.6217
1.6217
1.6217
1.6217
1.6217
1.62131
1.63356
1.63351
1.63351
1.63351
1.63351
1.63351
1.63351
1.63351
1.63351
1.63351
1.63351
1.63351
1.63351
1.63351
1.63351
1.63351
1.63351
1.63351
1.63351
1.63351
1.63351
1.63351
1.63351
1.63351
1.63329
)
;
    }
    procBoundary4to5
    {
        type            processor;
        value           nonuniform List<scalar> 
135
(
0.861241
0.861234
0.861234
0.861234
0.861234
0.861234
0.861234
0.861234
1.61963
0.861234
0.861234
0.861234
0.861234
0.861234
0.861234
0.861234
0.861234
0.861234
0.861234
0.861234
0.861234
0.861234
0.861234
0.861234
0.861234
0.861234
0.861203
1.61971
1.61963
1.61963
1.61963
1.61963
1.61963
1.61963
1.61963
1.61963
1.62142
1.61963
1.62142
1.61963
1.61963
1.61963
1.61963
1.61963
1.61963
1.61963
1.61963
1.61963
1.61963
1.61963
1.61963
1.61963
1.61963
1.61963
1.61924
1.62149
1.62141
1.62141
1.62141
1.62141
1.62141
1.62141
1.62142
1.62142
1.62142
1.62141
1.62171
1.62141
1.62141
1.62141
1.62141
1.62141
1.62141
1.62141
1.62141
1.62141
1.62141
1.62141
1.62141
1.62141
1.62141
1.62102
1.62177
1.62169
1.62169
1.62169
1.62169
1.62169
1.62169
1.62169
1.62169
1.62171
1.62171
1.62169
1.63352
1.62169
1.62169
1.62169
1.62169
1.62169
1.62169
1.62169
1.62169
1.62169
1.62169
1.62169
1.62169
1.62169
1.6213
1.63356
1.63351
1.63351
1.63351
1.63351
1.63351
1.63351
1.63351
1.63351
1.63351
1.63352
1.63352
1.63351
1.63351
1.63351
1.63351
1.63351
1.63351
1.63351
1.63351
1.63351
1.63351
1.63351
1.63351
1.63351
1.63329
)
;
    }
}


// ************************************************************************* //
