/*--------------------------------*- C++ -*----------------------------------*\
  =========                 |
  \\      /  F ield         | OpenFOAM: The Open Source CFD Toolbox
   \\    /   O peration     | Website:  https://openfoam.org
    \\  /    A nd           | Version:  10
     \\/     M anipulation  |
\*---------------------------------------------------------------------------*/
FoamFile
{
    format      ascii;
    class       volScalarField;
    location    "20";
    object      p;
}
// * * * * * * * * * * * * * * * * * * * * * * * * * * * * * * * * * * * * * //

dimensions      [0 2 -2 0 0 0 0];

internalField   nonuniform List<scalar> 
2083
(
1.61585e-05
2.43729e-05
2.46736e-05
2.48705e-05
2.49762e-05
2.49769e-05
2.48687e-05
2.46503e-05
2.4293e-05
2.37682e-05
2.30704e-05
2.22151e-05
2.12374e-05
2.02371e-05
1.94023e-05
1.86203e-05
1.80338e-05
2.49494e-05
2.5336e-05
2.5625e-05
2.58171e-05
2.59302e-05
2.59618e-05
2.58888e-05
2.56929e-05
2.53494e-05
2.48514e-05
2.42122e-05
2.34733e-05
2.27146e-05
2.20846e-05
2.15332e-05
2.11745e-05
2.5682e-05
2.61536e-05
2.65442e-05
2.68775e-05
2.71369e-05
2.73214e-05
2.74242e-05
2.74061e-05
2.7253e-05
2.69719e-05
2.65912e-05
2.61415e-05
2.56936e-05
2.53752e-05
2.51193e-05
2.506e-05
2.64165e-05
2.70095e-05
2.75419e-05
2.80213e-05
2.84644e-05
2.88517e-05
2.91228e-05
2.9271e-05
2.93024e-05
2.92438e-05
2.91219e-05
2.89819e-05
2.88793e-05
2.88872e-05
2.89989e-05
2.92715e-05
2.72158e-05
2.79342e-05
2.86177e-05
2.9294e-05
2.9951e-05
3.05501e-05
3.10168e-05
3.13331e-05
3.15463e-05
3.17107e-05
3.18737e-05
3.20594e-05
3.23099e-05
3.27081e-05
3.32e-05
3.38475e-05
2.80079e-05
2.88822e-05
2.97646e-05
3.06244e-05
3.15411e-05
3.24631e-05
3.31444e-05
3.36016e-05
3.39972e-05
3.44117e-05
3.48852e-05
3.54392e-05
3.60801e-05
3.68512e-05
3.77366e-05
3.87418e-05
2.88135e-05
2.98734e-05
3.09582e-05
3.19608e-05
3.32936e-05
3.48475e-05
3.56956e-05
3.61602e-05
3.6776e-05
3.74927e-05
3.8347e-05
3.93212e-05
4.03863e-05
4.15753e-05
4.28474e-05
4.42089e-05
4.5652e-05
2.96752e-05
3.10191e-05
3.23747e-05
3.426e-05
3.60984e-05
3.72645e-05
3.82199e-05
3.90672e-05
4.00268e-05
4.11606e-05
4.24784e-05
4.39688e-05
4.55545e-05
4.71896e-05
4.88798e-05
5.05962e-05
5.22824e-05
3.06761e-05
3.23943e-05
3.46681e-05
3.7169e-05
3.8979e-05
4.02077e-05
4.12133e-05
4.2337e-05
4.368e-05
4.52859e-05
4.71505e-05
4.92278e-05
5.1389e-05
5.35406e-05
5.5666e-05
5.76997e-05
5.96601e-05
3.15038e-05
3.38914e-05
3.66413e-05
3.95872e-05
4.17542e-05
4.31852e-05
4.44887e-05
4.58569e-05
4.76358e-05
4.97951e-05
5.22919e-05
5.50919e-05
5.7979e-05
6.06592e-05
6.31927e-05
6.54905e-05
6.7378e-05
3.25984e-05
3.55218e-05
3.89153e-05
4.19155e-05
4.41138e-05
4.61535e-05
4.81011e-05
5.00171e-05
5.22873e-05
5.51451e-05
5.82813e-05
6.14787e-05
6.47113e-05
6.77876e-05
7.06003e-05
7.30313e-05
7.49183e-05
3.41554e-05
3.7496e-05
4.13015e-05
4.45218e-05
4.69398e-05
4.94157e-05
5.19446e-05
5.46243e-05
5.75782e-05
6.08564e-05
6.43484e-05
6.79347e-05
7.14918e-05
7.48032e-05
7.78275e-05
8.03959e-05
8.2241e-05
3.62317e-05
3.99312e-05
4.40552e-05
4.75569e-05
5.02828e-05
5.31597e-05
5.6198e-05
5.94449e-05
6.29356e-05
6.66485e-05
7.05052e-05
7.43946e-05
7.81824e-05
8.16913e-05
8.48475e-05
8.74488e-05
8.931e-05
3.87639e-05
4.27874e-05
4.72115e-05
5.09775e-05
5.40442e-05
5.73394e-05
6.0828e-05
6.45451e-05
6.84688e-05
7.25447e-05
7.66954e-05
8.08234e-05
8.47899e-05
8.83875e-05
9.15985e-05
9.4221e-05
9.59861e-05
4.16353e-05
4.60194e-05
5.06691e-05
5.46687e-05
5.80976e-05
6.18016e-05
6.57201e-05
6.9843e-05
7.41169e-05
7.84797e-05
8.2862e-05
8.71556e-05
9.12262e-05
9.48731e-05
9.80842e-05
0.000100595
0.000102259
4.47899e-05
4.96697e-05
5.43262e-05
5.83543e-05
6.23316e-05
6.64544e-05
7.07571e-05
7.52188e-05
7.97779e-05
8.43703e-05
8.89145e-05
9.33238e-05
9.74569e-05
0.000101093
0.000104226
0.000106607
0.000107943
4.80149e-05
5.32512e-05
5.80605e-05
6.22606e-05
6.66191e-05
7.11066e-05
7.57503e-05
8.04995e-05
8.52876e-05
9.00495e-05
9.47129e-05
9.91838e-05
0.000103327
0.000106926
0.000109971
0.000112168
0.000113342
5.12067e-05
5.67078e-05
6.17397e-05
6.61675e-05
7.08287e-05
7.56365e-05
8.05586e-05
8.55388e-05
9.05108e-05
9.54046e-05
0.000100147
0.000104652
0.000108792
0.000112332
0.00011527
0.000117362
0.000118374
5.42566e-05
5.99796e-05
6.52156e-05
6.9895e-05
7.48223e-05
7.98831e-05
8.50462e-05
9.02229e-05
9.53407e-05
0.000100333
0.00010514
0.000109667
0.000113793
0.000117279
0.000120132
0.000122088
0.000123026
5.71426e-05
6.30223e-05
6.83818e-05
7.32861e-05
7.84623e-05
8.37514e-05
8.91081e-05
9.44455e-05
9.96823e-05
0.000104764
0.000109621
0.000114178
0.000118309
0.000121751
0.000124508
0.000126361
0.000127177
5.99268e-05
6.57073e-05
7.09692e-05
7.625e-05
8.16387e-05
8.71176e-05
9.26363e-05
9.811e-05
0.000103453
0.000108615
0.000113529
0.00011812
0.000122257
0.000125688
0.000128364
0.00012994
0.000130672
6.21755e-05
6.79611e-05
7.3231e-05
7.86789e-05
8.42346e-05
8.98614e-05
9.55017e-05
0.000101082
0.000106529
0.000111766
0.000116742
0.000121373
0.000125539
0.000128941
0.000131541
0.000133004
0.000133624
6.38754e-05
6.96966e-05
7.50093e-05
8.05475e-05
8.62015e-05
9.19214e-05
9.76491e-05
0.000103315
0.000108842
0.00011415
0.000119196
0.00012387
0.000128054
0.000131427
0.00013396
0.000135308
0.000135868
6.48269e-05
7.06765e-05
7.59805e-05
8.15545e-05
8.72344e-05
9.30101e-05
9.87841e-05
0.000104511
0.000110106
0.000115502
0.000120603
0.000125327
0.000129502
0.000132851
0.000135314
0.000136595
0.000137143
6.50519e-05
7.08386e-05
7.61202e-05
8.16918e-05
8.7381e-05
9.31731e-05
9.89756e-05
0.000104729
0.00011037
0.000115828
0.000120995
0.000125753
0.000129934
0.000133275
0.000135713
0.000136993
0.000137548
2.48318e-05
2.51674e-05
2.53808e-05
2.54766e-05
2.54535e-05
2.53285e-05
2.50826e-05
2.47117e-05
2.41953e-05
2.35407e-05
2.27425e-05
2.18317e-05
2.09195e-05
2.01e-05
1.93425e-05
1.87596e-05
2.54186e-05
2.58533e-05
2.61624e-05
2.63631e-05
2.6458e-05
2.64561e-05
2.63606e-05
2.61533e-05
2.58176e-05
2.53449e-05
2.4758e-05
2.40769e-05
2.33823e-05
2.278e-05
2.22413e-05
2.18626e-05
2.60847e-05
2.66155e-05
2.70418e-05
2.73717e-05
2.76181e-05
2.77886e-05
2.78626e-05
2.78329e-05
2.76876e-05
2.74367e-05
2.70851e-05
2.66821e-05
2.62828e-05
2.59811e-05
2.5744e-05
2.56503e-05
2.67752e-05
2.74129e-05
2.79707e-05
2.8465e-05
2.88968e-05
2.92489e-05
2.95123e-05
2.96658e-05
2.97155e-05
2.96726e-05
2.95767e-05
2.94609e-05
2.93845e-05
2.94226e-05
2.95382e-05
2.98014e-05
2.74826e-05
2.82467e-05
2.89692e-05
2.96508e-05
3.02931e-05
3.08653e-05
3.1319e-05
3.16552e-05
3.18933e-05
3.20795e-05
3.22491e-05
3.24415e-05
3.27094e-05
3.3109e-05
3.36038e-05
3.42298e-05
2.82252e-05
2.91398e-05
3.00462e-05
3.09653e-05
3.18594e-05
3.26669e-05
3.33365e-05
3.38593e-05
3.43075e-05
3.47326e-05
3.52029e-05
3.57387e-05
3.63647e-05
3.71337e-05
3.79974e-05
3.9008e-05
2.89786e-05
3.00871e-05
3.12156e-05
3.24279e-05
3.36857e-05
3.47923e-05
3.56503e-05
3.63577e-05
3.70352e-05
3.77697e-05
3.85927e-05
3.95259e-05
4.05589e-05
4.17093e-05
4.29635e-05
4.4315e-05
2.97947e-05
3.11662e-05
3.2498e-05
3.43403e-05
3.6135e-05
3.7279e-05
3.83162e-05
3.92518e-05
4.0234e-05
4.13334e-05
4.25897e-05
4.39867e-05
4.54861e-05
4.70939e-05
4.87273e-05
5.04042e-05
5.21446e-05
3.07899e-05
3.25937e-05
3.45509e-05
3.67878e-05
3.88459e-05
4.02571e-05
4.13572e-05
4.25269e-05
4.38575e-05
4.53997e-05
4.71487e-05
4.90786e-05
5.11296e-05
5.32153e-05
5.52607e-05
5.72425e-05
5.90985e-05
3.15068e-05
3.37976e-05
3.63339e-05
3.92037e-05
4.15525e-05
4.32074e-05
4.46434e-05
4.60776e-05
4.78373e-05
4.98677e-05
5.21667e-05
5.46944e-05
5.74165e-05
6.00805e-05
6.25491e-05
6.47936e-05
6.67788e-05
3.2502e-05
3.5264e-05
3.84913e-05
4.14576e-05
4.38556e-05
4.60956e-05
4.81564e-05
5.02632e-05
5.25966e-05
5.52206e-05
5.80706e-05
6.10658e-05
6.41562e-05
6.7151e-05
6.9897e-05
7.23238e-05
7.4257e-05
3.40113e-05
3.72104e-05
4.0896e-05
4.41508e-05
4.67386e-05
4.93276e-05
5.19161e-05
5.46357e-05
5.75663e-05
6.0718e-05
6.40533e-05
6.7483e-05
7.09201e-05
7.41974e-05
7.71692e-05
7.97045e-05
8.16397e-05
3.60301e-05
3.96289e-05
4.37112e-05
4.72433e-05
5.00788e-05
5.30478e-05
5.61102e-05
5.9357e-05
6.28048e-05
6.64339e-05
7.01797e-05
7.39623e-05
7.76739e-05
8.11306e-05
8.42439e-05
8.68728e-05
8.87474e-05
3.85052e-05
4.24753e-05
4.6886e-05
5.07038e-05
5.38461e-05
5.71859e-05
6.06934e-05
6.43992e-05
6.82894e-05
7.23028e-05
7.63847e-05
8.04431e-05
8.43552e-05
8.79364e-05
9.11197e-05
9.3709e-05
9.55495e-05
4.13393e-05
4.56604e-05
5.03488e-05
5.44229e-05
5.78948e-05
6.16271e-05
6.5541e-05
6.96495e-05
7.38972e-05
7.82344e-05
8.25764e-05
8.68408e-05
9.08833e-05
9.44987e-05
9.76825e-05
0.000100238
0.000101926
4.44407e-05
4.91533e-05
5.40226e-05
5.8274e-05
6.21088e-05
6.62239e-05
7.05216e-05
7.49777e-05
7.95324e-05
8.41153e-05
8.86582e-05
9.30634e-05
9.7178e-05
0.000100804
0.000103932
0.000106319
0.000107824
4.76965e-05
5.28881e-05
5.77563e-05
6.20197e-05
6.63465e-05
7.08323e-05
7.54697e-05
8.02198e-05
8.50194e-05
8.9805e-05
9.44899e-05
9.89825e-05
0.000103126
0.000106727
0.000109779
0.000112003
0.00011316
5.08875e-05
5.63848e-05
6.14298e-05
6.58688e-05
7.05102e-05
7.52933e-05
8.02117e-05
8.52016e-05
9.02004e-05
9.51306e-05
9.99199e-05
0.000104472
0.000108625
0.000112172
0.000115139
0.000117214
0.000118227
5.3918e-05
5.96297e-05
6.48778e-05
6.95388e-05
7.44353e-05
7.94723e-05
8.46127e-05
8.97951e-05
9.49456e-05
9.99961e-05
0.000104861
0.000109457
0.000113617
0.000117114
0.000120008
0.000121988
0.000122882
5.67391e-05
6.26182e-05
6.80251e-05
7.28935e-05
7.80152e-05
8.32514e-05
8.85796e-05
9.39202e-05
9.9201e-05
0.000104341
0.000109271
0.000113901
0.00011807
0.000121543
0.000124363
0.000126242
0.000127065
5.93115e-05
6.52797e-05
7.07161e-05
7.57838e-05
8.10941e-05
8.65147e-05
9.19964e-05
9.74706e-05
0.000102857
0.000108086
0.000113073
0.00011774
0.000121929
0.000125399
0.000128153
0.000129911
0.000130634
6.16566e-05
6.74859e-05
7.27946e-05
7.81527e-05
8.36191e-05
8.91872e-05
9.47968e-05
0.000100383
0.000105866
0.000111171
0.00011622
0.000120935
0.00012515
0.000128612
0.000131285
0.000132786
0.000133438
6.33966e-05
6.91969e-05
7.44793e-05
7.99367e-05
8.55213e-05
9.1191e-05
9.68983e-05
0.000102569
0.000108133
0.000113511
0.000118626
0.000123384
0.000127623
0.00013105
0.000133629
0.000134991
0.000135569
6.43986e-05
7.01782e-05
7.54347e-05
8.09292e-05
8.65572e-05
9.22802e-05
9.80446e-05
0.000103773
0.000109406
0.000114856
0.000120031
0.000124821
0.000129059
0.000132452
0.000134949
0.000136234
0.000136803
6.46977e-05
7.04328e-05
7.56496e-05
8.11488e-05
8.67805e-05
9.25224e-05
9.83153e-05
0.000104082
0.000109755
0.00011526
0.00012049
0.000125303
0.000129538
0.000132924
0.000135382
0.000136643
0.000137233
2.53866e-05
2.57333e-05
2.59586e-05
2.60605e-05
2.60466e-05
2.59104e-05
2.56495e-05
2.52683e-05
2.47842e-05
2.41861e-05
2.34887e-05
2.27241e-05
2.19406e-05
2.12271e-05
2.05215e-05
1.99172e-05
2.59626e-05
2.64268e-05
2.67739e-05
2.69976e-05
2.71015e-05
2.70908e-05
2.69756e-05
2.6752e-05
2.64227e-05
2.59976e-05
2.54856e-05
2.49086e-05
2.43174e-05
2.38056e-05
2.33117e-05
2.2928e-05
2.65338e-05
2.71369e-05
2.7616e-05
2.79739e-05
2.82295e-05
2.8388e-05
2.84407e-05
2.83964e-05
2.82623e-05
2.80395e-05
2.77453e-05
2.74093e-05
2.70888e-05
2.68399e-05
2.66378e-05
2.65299e-05
2.71456e-05
2.7857e-05
2.84692e-05
2.89935e-05
2.94254e-05
2.97642e-05
3.00124e-05
3.01661e-05
3.02263e-05
3.022e-05
3.01685e-05
3.00923e-05
3.0058e-05
3.01359e-05
3.02569e-05
3.04965e-05
2.77729e-05
2.8607e-05
2.93772e-05
3.0083e-05
3.07242e-05
3.12781e-05
3.17283e-05
3.20809e-05
3.23583e-05
3.25765e-05
3.2772e-05
3.29909e-05
3.32779e-05
3.36827e-05
3.41712e-05
3.47615e-05
2.84509e-05
2.94217e-05
3.03675e-05
3.13069e-05
3.21975e-05
3.29917e-05
3.36669e-05
3.42375e-05
3.47314e-05
3.52022e-05
3.56884e-05
3.62189e-05
3.68409e-05
3.76115e-05
3.84691e-05
3.94461e-05
2.91531e-05
3.03007e-05
3.14694e-05
3.26935e-05
3.39242e-05
3.50209e-05
3.59187e-05
3.67061e-05
3.74533e-05
3.82105e-05
3.90199e-05
3.99206e-05
4.09205e-05
4.20548e-05
4.32886e-05
4.46168e-05
2.99108e-05
3.12745e-05
3.26841e-05
3.43237e-05
3.60465e-05
3.74738e-05
3.85815e-05
3.95816e-05
4.05886e-05
4.16758e-05
4.28714e-05
4.41706e-05
4.55694e-05
4.70956e-05
4.86852e-05
5.03265e-05
3.08589e-05
3.24756e-05
3.41074e-05
3.62779e-05
3.88752e-05
4.05681e-05
4.16244e-05
4.28295e-05
4.41209e-05
4.55728e-05
4.71827e-05
4.89416e-05
5.07682e-05
5.26518e-05
5.46024e-05
5.65607e-05
3.15446e-05
3.34037e-05
3.56402e-05
3.84258e-05
4.13346e-05
4.35658e-05
4.50652e-05
4.65205e-05
4.8101e-05
4.99879e-05
5.20751e-05
5.43111e-05
5.65982e-05
5.89152e-05
6.12071e-05
6.34638e-05
6.57583e-05
3.24913e-05
3.489e-05
3.76141e-05
4.06424e-05
4.37385e-05
4.63201e-05
4.83299e-05
5.04264e-05
5.26699e-05
5.51175e-05
5.77299e-05
6.04596e-05
6.32378e-05
6.59437e-05
6.85452e-05
7.09628e-05
7.31529e-05
3.39013e-05
3.68042e-05
4.00831e-05
4.35677e-05
4.66596e-05
4.93238e-05
5.19499e-05
5.46238e-05
5.74483e-05
6.04389e-05
6.35608e-05
6.67415e-05
6.99352e-05
7.30089e-05
7.58561e-05
7.84203e-05
8.05719e-05
3.58333e-05
3.92396e-05
4.31572e-05
4.6784e-05
4.98883e-05
5.29538e-05
5.60434e-05
5.92475e-05
6.26022e-05
6.60846e-05
6.96529e-05
7.32452e-05
7.67831e-05
8.01035e-05
8.31474e-05
8.57643e-05
8.77831e-05
3.82385e-05
4.20983e-05
4.64607e-05
5.03422e-05
5.36058e-05
5.70227e-05
6.05456e-05
6.4217e-05
6.8021e-05
7.19328e-05
7.58917e-05
7.98133e-05
8.36037e-05
8.71091e-05
9.02502e-05
9.28606e-05
9.47707e-05
4.10243e-05
4.52929e-05
4.99792e-05
5.41026e-05
5.76395e-05
6.14087e-05
6.53218e-05
6.93957e-05
7.35968e-05
7.78666e-05
8.21351e-05
8.63253e-05
9.0306e-05
9.3893e-05
9.70536e-05
9.95894e-05
0.000101332
4.40995e-05
4.87842e-05
5.36722e-05
5.79568e-05
6.1811e-05
6.59402e-05
7.02245e-05
7.46575e-05
7.91844e-05
8.37478e-05
8.82691e-05
9.26478e-05
9.67403e-05
0.000100354
0.000103482
0.000105886
0.000107418
4.73362e-05
5.25171e-05
5.73954e-05
6.167e-05
6.59946e-05
7.04635e-05
7.50801e-05
7.98156e-05
8.46202e-05
8.9416e-05
9.41199e-05
9.86359e-05
0.000102798
0.000106402
0.000109468
0.00011171
0.00011287
5.05061e-05
5.59914e-05
6.10354e-05
6.54593e-05
7.00694e-05
7.48177e-05
7.97102e-05
8.46968e-05
8.9713e-05
9.46887e-05
9.95325e-05
0.000104138
0.000108333
0.00011191
0.000114909
0.000117008
0.000118014
5.35005e-05
5.92025e-05
6.44344e-05
6.9052e-05
7.38938e-05
7.88752e-05
8.39847e-05
8.91675e-05
9.4358e-05
9.94703e-05
0.000104412
0.000109086
0.000113309
0.000116855
0.000119791
0.000121802
0.000122679
5.62569e-05
6.21299e-05
6.75159e-05
7.2316e-05
7.73506e-05
8.25185e-05
8.78079e-05
9.31529e-05
9.84765e-05
0.000103696
0.00010872
0.000113441
0.000117686
0.00012122
0.000124105
0.000126034
0.000126844
5.87149e-05
6.47036e-05
7.01739e-05
7.5123e-05
8.03132e-05
8.56454e-05
9.10817e-05
9.656e-05
0.000101996
0.000107306
0.000112389
0.000117158
0.000121432
0.000124962
0.000127793
0.00012965
0.000130391
6.08706e-05
6.68777e-05
7.23097e-05
7.73865e-05
8.27234e-05
8.8193e-05
9.37583e-05
9.93512e-05
0.000104878
0.000110262
0.00011541
0.000120223
0.000124519
0.000128047
0.000130815
0.000132535
0.000133217
6.27657e-05
6.85433e-05
7.37863e-05
7.9103e-05
8.45687e-05
9.01513e-05
9.58204e-05
0.000101497
0.000107106
0.000112557
0.000117767
0.000122616
0.000126925
0.00013042
0.000133072
0.000134514
0.00013514
6.38476e-05
6.95516e-05
7.47204e-05
8.00983e-05
8.56257e-05
9.12724e-05
9.70036e-05
0.000102742
0.000108411
0.000113923
0.000119184
0.000124049
0.000128358
0.000131811
0.000134363
0.000135697
0.000136315
6.41833e-05
6.98596e-05
7.49801e-05
8.03771e-05
8.59101e-05
9.15849e-05
9.73457e-05
0.000103117
0.000108823
0.000114383
0.000119679
0.000124561
0.000128862
0.0001323
0.000134803
0.000136109
0.000136746
2.56978e-05
2.60683e-05
2.63089e-05
2.64317e-05
2.64295e-05
2.6298e-05
2.60527e-05
2.56994e-05
2.52488e-05
2.47091e-05
2.41155e-05
2.34667e-05
2.28194e-05
2.22373e-05
2.16014e-05
2.09895e-05
2.62697e-05
2.67848e-05
2.71604e-05
2.74098e-05
2.75317e-05
2.75364e-05
2.74263e-05
2.72116e-05
2.69067e-05
2.65265e-05
2.60859e-05
2.55982e-05
2.51165e-05
2.47151e-05
2.42687e-05
2.38849e-05
2.68275e-05
2.74709e-05
2.79922e-05
2.83855e-05
2.86619e-05
2.88247e-05
2.88824e-05
2.88439e-05
2.87248e-05
2.85341e-05
2.82961e-05
2.80254e-05
2.77714e-05
2.7596e-05
2.74268e-05
2.73298e-05
2.73787e-05
2.81422e-05
2.88025e-05
2.93562e-05
2.98037e-05
3.01514e-05
3.03992e-05
3.05586e-05
3.064e-05
3.06687e-05
3.06516e-05
3.0627e-05
3.06355e-05
3.07498e-05
3.08904e-05
3.11161e-05
2.79661e-05
2.88491e-05
2.96573e-05
3.03904e-05
3.10426e-05
3.15977e-05
3.20572e-05
3.24286e-05
3.27336e-05
3.29878e-05
3.32235e-05
3.34704e-05
3.37779e-05
3.41963e-05
3.46838e-05
3.52578e-05
2.85972e-05
2.96066e-05
3.05846e-05
3.15334e-05
3.24343e-05
3.32409e-05
3.39328e-05
3.45347e-05
3.50731e-05
3.55834e-05
3.60917e-05
3.66386e-05
3.72693e-05
3.80377e-05
3.88859e-05
3.98307e-05
2.92857e-05
3.04444e-05
3.16146e-05
3.28373e-05
3.40731e-05
3.51936e-05
3.61428e-05
3.69822e-05
3.77706e-05
3.85522e-05
3.93737e-05
4.02574e-05
4.12402e-05
4.23566e-05
4.35751e-05
4.48789e-05
3.00263e-05
3.13619e-05
3.27349e-05
3.43184e-05
3.60491e-05
3.75841e-05
3.87886e-05
3.98353e-05
4.08657e-05
4.19531e-05
4.31052e-05
4.43542e-05
4.56886e-05
4.71565e-05
4.87191e-05
5.03505e-05
3.1023e-05
3.25312e-05
3.39739e-05
3.60567e-05
3.87417e-05
4.06507e-05
4.18941e-05
4.31197e-05
4.43762e-05
4.57706e-05
4.72926e-05
4.89284e-05
5.06104e-05
5.23728e-05
5.42521e-05
5.61917e-05
3.17815e-05
3.34622e-05
3.52602e-05
3.78153e-05
4.08692e-05
4.36212e-05
4.5545e-05
4.68174e-05
4.83067e-05
5.00751e-05
5.20062e-05
5.40453e-05
5.60967e-05
5.8181e-05
6.03008e-05
6.24818e-05
3.28124e-05
3.45615e-05
3.69493e-05
4.00316e-05
4.32202e-05
4.63643e-05
4.87499e-05
5.06312e-05
5.27583e-05
5.50461e-05
5.74722e-05
5.99482e-05
6.24334e-05
6.483e-05
6.70553e-05
6.93551e-05
7.19181e-05
3.40057e-05
3.65493e-05
3.94805e-05
4.28547e-05
4.63459e-05
4.94731e-05
5.20716e-05
5.4657e-05
5.73578e-05
6.01859e-05
6.31032e-05
6.60572e-05
6.89789e-05
7.17633e-05
7.44024e-05
7.69352e-05
7.93354e-05
3.57924e-05
3.8972e-05
4.25423e-05
4.63361e-05
4.98105e-05
5.2936e-05
5.60372e-05
5.91697e-05
6.24149e-05
6.57532e-05
6.91551e-05
7.25485e-05
7.58757e-05
7.89894e-05
8.18881e-05
8.45197e-05
8.67884e-05
3.81251e-05
4.18533e-05
4.60989e-05
5.00067e-05
5.34319e-05
5.69192e-05
6.04458e-05
6.40694e-05
6.77961e-05
7.16012e-05
7.5429e-05
7.92147e-05
8.28735e-05
8.62446e-05
8.9315e-05
9.19522e-05
9.39697e-05
4.08606e-05
4.50896e-05
4.97055e-05
5.38204e-05
5.74234e-05
6.12291e-05
6.51429e-05
6.91856e-05
7.33306e-05
7.75283e-05
8.17234e-05
8.58292e-05
8.97369e-05
9.32649e-05
9.6394e-05
9.89323e-05
0.000100748
4.39242e-05
4.87138e-05
5.33933e-05
5.75308e-05
6.15553e-05
6.56948e-05
6.99705e-05
7.43756e-05
7.88719e-05
8.34045e-05
8.78903e-05
9.22404e-05
9.63125e-05
9.99165e-05
0.000103051
0.00010545
0.000106874
4.71017e-05
5.22988e-05
5.71238e-05
6.13405e-05
6.56774e-05
7.01296e-05
7.47272e-05
7.94442e-05
8.4235e-05
8.90266e-05
9.37393e-05
9.82657e-05
0.000102444
0.000106066
0.000109149
0.000111387
0.000112559
5.02249e-05
5.56946e-05
6.07097e-05
6.50951e-05
6.96732e-05
7.43881e-05
7.92495e-05
8.42204e-05
8.92411e-05
9.42389e-05
9.91153e-05
0.000103767
0.000108009
0.000111618
0.000114654
0.000116785
0.000117767
5.3179e-05
5.88656e-05
6.40553e-05
6.86246e-05
7.34084e-05
7.83353e-05
8.34094e-05
8.85811e-05
9.37847e-05
9.89341e-05
0.000103936
0.000108675
0.000112963
0.000116563
0.000119549
0.000121576
0.000122456
5.58827e-05
6.17313e-05
6.707e-05
7.17963e-05
7.6753e-05
8.18545e-05
8.71007e-05
9.24324e-05
9.77778e-05
0.00010305
0.000108143
0.000112947
0.000117271
0.000120875
0.000123813
0.000125778
0.000126576
5.82793e-05
6.42393e-05
6.96575e-05
7.45141e-05
7.9609e-05
8.48594e-05
9.02454e-05
9.57101e-05
0.000101171
0.000106537
0.000111701
0.000116556
0.000120909
0.000124508
0.000127402
0.000129302
0.000130065
6.0362e-05
6.63413e-05
7.17266e-05
7.66862e-05
8.19119e-05
8.7295e-05
9.2804e-05
9.83789e-05
0.000103936
0.000109386
0.00011461
0.000119505
0.000123873
0.000127462
0.000130299
0.000132096
0.000132807
6.22571e-05
6.79692e-05
7.31332e-05
7.8343e-05
8.36969e-05
8.91934e-05
9.48056e-05
0.000100468
0.000106106
0.000111613
0.000116902
0.000121813
0.000126193
0.000129748
0.000132459
0.000133958
0.000134634
6.3331e-05
6.89761e-05
7.40562e-05
7.93247e-05
8.47488e-05
9.03139e-05
9.59937e-05
0.000101717
0.000107404
0.000112959
0.000118284
0.000123206
0.00012758
0.000131086
0.000133694
0.000135088
0.000135759
6.36952e-05
6.92912e-05
7.43215e-05
7.96162e-05
8.5052e-05
9.0649e-05
9.63523e-05
0.000102109
0.000107829
0.000113422
0.000118756
0.0001237
0.000128048
0.000131542
0.000134106
0.000135468
0.00013616
2.58149e-05
2.61927e-05
2.64511e-05
2.6587e-05
2.65992e-05
2.64858e-05
2.62572e-05
2.5927e-05
2.5504e-05
2.50208e-05
2.44844e-05
2.3905e-05
2.33255e-05
2.28195e-05
2.22031e-05
2.16122e-05
2.64e-05
2.69235e-05
2.73241e-05
2.7592e-05
2.77305e-05
2.7746e-05
2.76489e-05
2.74557e-05
2.71792e-05
2.68332e-05
2.64341e-05
2.60081e-05
2.5584e-05
2.52429e-05
2.48195e-05
2.44461e-05
2.69342e-05
2.76085e-05
2.81528e-05
2.85682e-05
2.88589e-05
2.90321e-05
2.91001e-05
2.90783e-05
2.89768e-05
2.88133e-05
2.8605e-05
2.83745e-05
2.81616e-05
2.8045e-05
2.7894e-05
2.77925e-05
2.74688e-05
2.82625e-05
2.89474e-05
2.95199e-05
2.99812e-05
3.03359e-05
3.05922e-05
3.07627e-05
3.08662e-05
3.09112e-05
3.09227e-05
3.0931e-05
3.0976e-05
3.11121e-05
3.12657e-05
3.14779e-05
2.80459e-05
2.8952e-05
2.97823e-05
3.05296e-05
3.11908e-05
3.17541e-05
3.22224e-05
3.26094e-05
3.29321e-05
3.32111e-05
3.3471e-05
3.37414e-05
3.40676e-05
3.45113e-05
3.49927e-05
3.5551e-05
2.86612e-05
2.96899e-05
3.06811e-05
3.16401e-05
3.25477e-05
3.33607e-05
3.40667e-05
3.4687e-05
3.52527e-05
3.57825e-05
3.63132e-05
3.68812e-05
3.75259e-05
3.82888e-05
3.91331e-05
4.00519e-05
2.93434e-05
3.0508e-05
3.16812e-05
3.2909e-05
3.41498e-05
3.52758e-05
3.62486e-05
3.7115e-05
3.79234e-05
3.87288e-05
3.95555e-05
4.04443e-05
4.14177e-05
4.25382e-05
4.37462e-05
4.50349e-05
3.00944e-05
3.14079e-05
3.27719e-05
3.4346e-05
3.60846e-05
3.76479e-05
3.88824e-05
3.99524e-05
4.10023e-05
4.20829e-05
4.32272e-05
4.44519e-05
4.57701e-05
4.72127e-05
4.87829e-05
5.04161e-05
3.11174e-05
3.25406e-05
3.39644e-05
3.60693e-05
3.87495e-05
4.07075e-05
4.20002e-05
4.32356e-05
4.44817e-05
4.58481e-05
4.73232e-05
4.88937e-05
5.05053e-05
5.22344e-05
5.40935e-05
5.6035e-05
3.18029e-05
3.32673e-05
3.51765e-05
3.78764e-05
4.07722e-05
4.36844e-05
4.57018e-05
4.69214e-05
4.83624e-05
5.00604e-05
5.19059e-05
5.38497e-05
5.57393e-05
5.76662e-05
5.97346e-05
6.1968e-05
3.27728e-05
3.44338e-05
3.67351e-05
3.98573e-05
4.30513e-05
4.63864e-05
4.89333e-05
5.07829e-05
5.2845e-05
5.50347e-05
5.73353e-05
5.96331e-05
6.17345e-05
6.38278e-05
6.60472e-05
6.84326e-05
3.42703e-05
3.63032e-05
3.90585e-05
4.24909e-05
4.59699e-05
4.95112e-05
5.23623e-05
5.47334e-05
5.73623e-05
6.00799e-05
6.28789e-05
6.56672e-05
6.83821e-05
7.09332e-05
7.32729e-05
7.56826e-05
7.84413e-05
3.58884e-05
3.88677e-05
4.22646e-05
4.59066e-05
4.96507e-05
5.30988e-05
5.60907e-05
5.91502e-05
6.2317e-05
6.55692e-05
6.88607e-05
7.21263e-05
7.53063e-05
7.82916e-05
8.11055e-05
8.37409e-05
8.61128e-05
3.8127e-05
4.17645e-05
4.59387e-05
4.98149e-05
5.33033e-05
5.68953e-05
6.04085e-05
6.3995e-05
6.76691e-05
7.14046e-05
7.51552e-05
7.88534e-05
8.24364e-05
8.5738e-05
8.87674e-05
9.13995e-05
9.35021e-05
4.08038e-05
4.49567e-05
4.95739e-05
5.37066e-05
5.73114e-05
6.11286e-05
6.50358e-05
6.90566e-05
7.31628e-05
7.73193e-05
8.14638e-05
8.55188e-05
8.93856e-05
9.288e-05
9.60124e-05
9.85941e-05
0.00010045
4.37842e-05
4.84175e-05
5.32611e-05
5.75368e-05
6.1404e-05
6.55318e-05
6.97912e-05
7.41789e-05
7.86526e-05
8.3157e-05
8.76207e-05
9.19512e-05
9.6019e-05
9.96218e-05
0.000102756
0.000105196
0.000106789
4.69609e-05
5.21143e-05
5.6941e-05
6.11756e-05
6.54836e-05
6.99184e-05
7.44976e-05
7.92001e-05
8.39759e-05
8.87643e-05
9.34769e-05
9.80094e-05
0.0001022
0.00010584
0.000108942
0.000111226
0.000112414
5.00496e-05
5.55107e-05
6.04998e-05
6.48551e-05
6.94155e-05
7.41086e-05
7.89518e-05
8.39097e-05
8.89297e-05
9.3934e-05
9.88314e-05
0.00010351
0.000107786
0.000111429
0.00011449
0.000116637
0.000117629
5.29824e-05
5.86504e-05
6.38072e-05
6.83356e-05
7.30932e-05
7.79904e-05
8.30417e-05
8.82025e-05
9.34072e-05
9.85767e-05
0.00010361
0.000108391
0.000112722
0.000116359
0.000119378
0.000121442
0.000122314
5.56475e-05
6.14791e-05
6.67711e-05
7.14491e-05
7.63691e-05
8.14336e-05
8.6653e-05
9.19728e-05
9.73248e-05
0.000102619
0.000107754
0.000112608
0.000116983
0.000120618
0.000123611
0.000125591
0.000126404
5.8015e-05
6.39547e-05
6.93118e-05
7.41152e-05
7.9161e-05
8.43712e-05
8.9722e-05
9.51764e-05
0.000100638
0.000106036
0.00011124
0.000116149
0.000120548
0.000124188
0.000127133
0.000129073
0.000129845
6.00631e-05
6.59997e-05
7.13357e-05
7.62301e-05
8.14112e-05
8.6741e-05
9.22175e-05
9.77726e-05
0.000103339
0.000108808
0.000114082
0.000119022
0.000123448
0.000127081
0.000129961
0.000131783
0.000132517
6.19454e-05
6.7597e-05
7.2709e-05
7.78612e-05
8.31613e-05
8.86005e-05
9.4181e-05
9.98198e-05
0.00010547
0.000110999
0.00011633
0.000121282
0.000125714
0.000129301
0.00013205
0.000133576
0.000134275
6.29904e-05
6.85855e-05
7.35907e-05
7.88116e-05
8.4162e-05
8.96837e-05
9.53144e-05
0.000101025
0.000106714
0.000112301
0.000117642
0.000122612
0.000127007
0.000130563
0.000133212
0.000134635
0.000135341
6.33143e-05
6.88472e-05
7.38185e-05
7.90447e-05
8.44231e-05
8.99588e-05
9.56243e-05
0.000101355
0.000107075
0.000112681
0.000118038
0.000123
0.000127385
0.000130926
0.000133541
0.000134951
0.000135682
)
;

boundaryField
{
    frontAndBack
    {
        type            slip;
    }
    inlet
    {
        type            zeroGradient;
    }
    outlet
    {
        type            fixedValue;
        value           nonuniform List<scalar> 0();
    }
    lowerWall
    {
        type            zeroGradient;
    }
    upperWall
    {
        type            slip;
    }
    procBoundary4to1
    {
        type            processor;
        value           nonuniform List<scalar> 
82
(
1.5277e-05
2.4199e-05
2.44298e-05
2.45614e-05
2.4582e-05
2.44978e-05
2.42989e-05
2.39543e-05
2.34587e-05
2.27977e-05
2.1961e-05
2.09656e-05
1.98607e-05
1.87499e-05
1.77749e-05
1.68823e-05
1.68823e-05
1.68905e-05
2.45916e-05
2.48137e-05
2.49458e-05
2.49749e-05
2.48779e-05
2.46451e-05
2.42972e-05
2.38048e-05
2.31639e-05
2.23752e-05
2.14549e-05
2.04352e-05
1.94113e-05
1.84926e-05
1.76122e-05
1.68905e-05
2.50013e-05
2.52324e-05
2.53612e-05
2.53898e-05
2.52919e-05
2.50657e-05
2.47126e-05
2.42318e-05
2.36279e-05
2.29236e-05
2.21254e-05
2.12488e-05
2.03707e-05
1.9571e-05
1.87413e-05
1.80123e-05
2.51887e-05
2.54361e-05
2.55754e-05
2.56075e-05
2.55246e-05
2.53136e-05
2.49753e-05
2.45286e-05
2.3982e-05
2.33544e-05
2.26547e-05
2.19166e-05
2.11699e-05
2.0495e-05
1.97531e-05
1.90255e-05
2.52119e-05
2.5474e-05
2.56233e-05
2.56638e-05
2.55891e-05
2.53955e-05
2.50843e-05
2.46633e-05
2.41611e-05
2.35853e-05
2.29594e-05
2.22858e-05
2.16177e-05
2.09977e-05
2.03096e-05
1.95879e-05
)
;
    }
    procBoundary4to2
    {
        type            processor;
        value           uniform 1.56468e-05;
    }
    procBoundary4to3
    {
        type            processor;
        value           nonuniform List<scalar> 
125
(
2.39872e-05
2.44917e-05
2.51236e-05
2.5775e-05
2.6442e-05
2.71272e-05
2.77754e-05
2.84548e-05
2.89168e-05
2.92452e-05
2.99529e-05
3.11717e-05
3.29015e-05
3.51191e-05
3.7652e-05
4.0451e-05
4.33361e-05
4.62497e-05
4.90419e-05
5.16696e-05
5.40806e-05
5.61348e-05
5.7745e-05
5.86556e-05
5.88279e-05
2.44311e-05
2.49061e-05
2.54689e-05
2.6055e-05
2.66648e-05
2.72825e-05
2.79064e-05
2.85397e-05
2.9044e-05
2.93343e-05
2.99698e-05
3.11368e-05
3.28064e-05
3.49333e-05
3.74227e-05
4.01715e-05
4.30628e-05
4.59526e-05
4.87333e-05
5.13286e-05
5.36653e-05
5.57111e-05
5.73223e-05
5.82687e-05
5.85337e-05
2.49289e-05
2.53768e-05
2.58517e-05
2.63512e-05
2.68834e-05
2.7442e-05
2.80236e-05
2.85907e-05
2.92182e-05
2.95754e-05
3.01653e-05
3.12018e-05
3.2765e-05
3.47764e-05
3.71844e-05
3.98741e-05
4.27349e-05
4.55883e-05
4.83408e-05
5.08919e-05
5.31742e-05
5.51412e-05
5.67779e-05
5.77697e-05
5.8095e-05
2.51985e-05
2.56483e-05
2.60829e-05
2.65318e-05
2.70217e-05
2.75477e-05
2.81122e-05
2.86965e-05
2.94431e-05
2.99271e-05
3.06856e-05
3.14712e-05
3.28494e-05
3.47622e-05
3.70749e-05
3.97141e-05
4.25081e-05
4.53239e-05
4.80336e-05
5.05439e-05
5.27837e-05
5.46993e-05
5.63185e-05
5.73171e-05
5.76483e-05
2.52862e-05
2.5744e-05
2.6168e-05
2.65989e-05
2.7078e-05
2.75956e-05
2.81654e-05
2.87653e-05
2.95806e-05
3.00875e-05
3.07652e-05
3.18609e-05
3.30241e-05
3.48291e-05
3.7064e-05
3.96217e-05
4.23947e-05
4.51631e-05
4.78485e-05
5.0322e-05
5.25327e-05
5.44181e-05
5.60395e-05
5.70036e-05
5.72903e-05
)
;
    }
    procBoundary4to5
    {
        type            processor;
        value           nonuniform List<scalar> 
135
(
1.77252e-05
2.10809e-05
2.52182e-05
2.97326e-05
3.46543e-05
3.98624e-05
3.98624e-05
4.7108e-05
4.5769e-05
5.39582e-05
6.11544e-05
6.87427e-05
7.59953e-05
8.32133e-05
9.01862e-05
9.68065e-05
0.000102965
0.000108566
0.000113847
0.000118818
0.000123391
0.000127509
0.000131058
0.000134002
0.000136217
0.000137489
0.000137919
1.83883e-05
2.16877e-05
2.57423e-05
3.01999e-05
3.49883e-05
4.01489e-05
4.5769e-05
4.5769e-05
5.38785e-05
5.20378e-05
6.07629e-05
5.85723e-05
6.83201e-05
7.55425e-05
8.27689e-05
8.97667e-05
9.64503e-05
0.000102715
0.000108489
0.000113704
0.000118658
0.000123233
0.000127351
0.000130909
0.000133807
0.00013596
0.000137213
0.000137664
1.9467e-05
2.26772e-05
2.65668e-05
3.08447e-05
3.54637e-05
4.04988e-05
4.60118e-05
5.20378e-05
5.85723e-05
5.85723e-05
6.78198e-05
6.47965e-05
7.50143e-05
8.21884e-05
8.9103e-05
9.58572e-05
0.000102247
0.000108129
0.000113428
0.000118415
0.000122995
0.00012709
0.00013061
0.000133447
0.000135536
0.00013677
0.000137232
2.04776e-05
2.35949e-05
2.73171e-05
3.14221e-05
3.59121e-05
4.08317e-05
4.62191e-05
5.20141e-05
5.82263e-05
6.47965e-05
6.47965e-05
7.42962e-05
7.12113e-05
8.14609e-05
8.85386e-05
9.52789e-05
0.000101762
0.000107636
0.000113105
0.000118158
0.000122739
0.000126796
0.000130256
0.000133029
0.00013506
0.000136262
0.000136707
2.10616e-05
2.41237e-05
2.77663e-05
3.17706e-05
3.61792e-05
4.10295e-05
4.63556e-05
5.20543e-05
5.80983e-05
6.45155e-05
7.12113e-05
7.12113e-05
8.09818e-05
8.81166e-05
9.49252e-05
0.000101504
0.000107549
0.000112955
0.000118004
0.000122577
0.000126609
0.000130027
0.000132745
0.000134734
0.000135893
0.000136276
)
;
    }
}


// ************************************************************************* //
