/*--------------------------------*- C++ -*----------------------------------*\
  =========                 |
  \\      /  F ield         | OpenFOAM: The Open Source CFD Toolbox
   \\    /   O peration     | Website:  https://openfoam.org
    \\  /    A nd           | Version:  10
     \\/     M anipulation  |
\*---------------------------------------------------------------------------*/
FoamFile
{
    format      ascii;
    class       surfaceScalarField;
    location    "20";
    object      phi;
}
// * * * * * * * * * * * * * * * * * * * * * * * * * * * * * * * * * * * * * //

dimensions      [0 3 -1 0 0 0 0];

internalField   nonuniform List<scalar> 
5618
(
-3.1803e-05
-200
1.24318e-05
7.4673e-07
-200
1.18702e-05
1.003e-06
-200
1.10149e-05
8.20895e-07
-200
9.83372e-06
2.00605e-07
-200
8.00581e-06
2.04561e-07
-200
5.58243e-06
4.74284e-08
-200
2.47279e-06
-4.04382e-07
-200
-1.53626e-06
-2.86862e-07
-200
-6.51098e-06
1.7421e-07
-200
-1.25099e-05
4.35977e-07
-200
-1.97668e-05
7.76987e-07
-200
-2.89572e-05
1.25572e-06
-200
-2.48881e-05
8.46297e-07
-200
-3.68472e-05
7.99027e-07
-200
-3.23125e-05
7.76855e-07
-3.30707e-05
2.82234e-07
-200
1.10563e-05
1.16256e-06
-200
1.08811e-05
7.4039e-07
-200
1.01822e-05
7.40639e-07
-200
8.98707e-06
8.70124e-07
-200
7.44612e-06
3.37038e-07
-200
5.1847e-06
-4.20467e-08
-200
1.99195e-06
9.73184e-08
-200
-1.97846e-06
1.45502e-07
-200
-6.90732e-06
2.62159e-07
-200
-1.30393e-05
5.59373e-07
-200
-2.05815e-05
9.07175e-07
-200
-3.02379e-05
1.10945e-06
-200
-2.56994e-05
1.19817e-06
-200
-3.84712e-05
1.22728e-06
-200
-3.38149e-05
8.95388e-07
-3.45818e-05
7.8029e-07
-200
9.77586e-06
6.03893e-07
-200
9.48645e-06
1.04718e-06
-200
9.00854e-06
8.40981e-07
-200
8.14269e-06
2.2018e-07
-200
6.52937e-06
4.33181e-07
-200
4.23949e-06
4.32567e-07
-200
1.36894e-06
-8.89038e-08
-200
-2.52331e-06
-3.20647e-08
-200
-7.55526e-06
3.1848e-07
-200
-1.38062e-05
4.61151e-07
-200
-2.15441e-05
6.06767e-07
-200
-3.16482e-05
9.63245e-07
-200
-2.6588e-05
6.63398e-07
-200
-4.02385e-05
7.80808e-07
-200
-3.50801e-05
7.45794e-07
-3.63935e-05
1.91957e-09
-200
7.77784e-06
1.26825e-06
-200
7.90085e-06
6.84986e-07
-200
7.54881e-06
6.27445e-07
-200
6.58357e-06
8.30482e-07
-200
5.18812e-06
3.53972e-07
-200
3.0151e-06
1.38386e-07
-200
1.13796e-07
4.81544e-07
-200
-3.6682e-06
5.68779e-07
-200
-8.6193e-06
5.29669e-07
-200
-1.49813e-05
6.42863e-07
-200
-2.29832e-05
8.43969e-07
-200
-3.33571e-05
7.37681e-07
-200
-2.79822e-05
6.76052e-07
-200
-4.2061e-05
8.87075e-07
-200
-3.71938e-05
4.54556e-07
-3.82844e-05
5.2351e-07
-200
6.00997e-06
3.60305e-07
-200
6.02383e-06
7.29574e-07
-200
5.70154e-06
6.35362e-07
-200
5.05863e-06
8.80287e-09
-200
3.34529e-06
4.18517e-07
-200
1.03691e-06
6.66568e-07
-200
-1.24593e-06
2.82433e-07
-200
-4.84292e-06
4.04423e-07
-200
-9.89748e-06
6.17351e-07
-200
-1.63429e-05
6.1958e-07
-200
-2.45342e-05
4.99393e-07
-200
-3.53473e-05
7.54057e-07
-200
-2.96747e-05
5.17519e-07
-200
-4.43723e-05
3.346e-07
-200
-3.92031e-05
4.56261e-07
-4.07487e-05
-2.78885e-07
-200
3.62834e-06
9.81209e-07
-200
3.9826e-06
2.80498e-07
-200
3.60372e-06
-4.84322e-08
-200
3.07351e-06
3.32149e-07
-200
1.2223e-06
3.63749e-07
-200
-1.88355e-06
7.28271e-07
-200
-3.06296e-06
9.50993e-07
-200
-6.21638e-06
7.78727e-07
-200
-1.139e-05
6.35484e-07
-200
-1.79684e-05
6.16713e-07
-200
-2.64194e-05
5.81708e-07
-200
-3.7511e-05
4.16882e-07
-200
-3.16987e-05
4.5387e-07
-200
-4.66816e-05
4.58528e-07
-200
-4.18464e-05
-1.90243e-08
-4.31231e-05
2.9956e-07
-200
2.92695e-08
-4.17698e-07
-200
-2.58795e-07
-2.48553e-08
-200
-9.40616e-07
-2.74625e-07
-200
-2.6291e-06
-1.0392e-06
-200
-8.40292e-07
9.25858e-07
-200
-9.24744e-08
2.29546e-06
-200
-3.78628e-06
8.27794e-07
-200
-8.12874e-06
1.35113e-07
-200
-1.32939e-05
5.12084e-07
-200
-2.02194e-05
4.70723e-07
-200
-2.88724e-05
2.52835e-07
-200
-4.02023e-05
4.79482e-07
-200
-3.43581e-05
3.53296e-07
-200
-4.99788e-05
2.11399e-07
-200
-4.43591e-05
6.90785e-07
-200
-4.62246e-05
2.44965e-07
-4.76712e-05
-200
-3.70552e-06
-1.09923e-07
-200
-3.50997e-06
-2.86619e-07
-200
-5.34794e-06
-3.10658e-07
-200
-5.31533e-06
4.43507e-07
-200
-2.4433e-06
6.23513e-07
-200
-2.99709e-06
5.44573e-07
-200
-5.73074e-06
6.74746e-07
-200
-9.84364e-06
4.91544e-07
-200
-1.53349e-05
3.65295e-07
-200
-2.25226e-05
2.51011e-07
-200
-3.15151e-05
2.61742e-07
-200
-4.29208e-05
-1.03693e-07
-200
-3.6963e-05
2.14127e-07
-200
-5.25015e-05
4.15511e-07
-200
-4.76549e-05
5.74123e-08
-200
-4.85768e-05
3.05343e-07
-4.95023e-05
1.75614e-07
-200
-2.25625e-06
-6.37735e-07
-200
-2.98348e-06
2.90568e-07
-200
-3.26108e-06
1.2695e-06
-200
-3.75334e-06
2.56446e-07
-200
-3.71729e-06
-4.86988e-07
-200
-4.89228e-06
1.45236e-07
-200
-7.44758e-06
1.43259e-07
-200
-1.1323e-05
1.42231e-07
-200
-1.75341e-05
2.27065e-07
-200
-2.51537e-05
1.31419e-07
-200
-3.45935e-05
-6.61071e-08
-200
-4.62057e-05
8.33686e-08
-200
-4.03953e-05
3.7758e-08
-200
-5.61512e-05
-1.23007e-07
-200
-5.02874e-05
1.89708e-07
-200
-5.03991e-05
1.19395e-07
-5.00066e-05
3.15144e-07
-200
1.07768e-06
2.16535e-07
-200
-1.31326e-07
7.64721e-07
-200
-8.0902e-07
6.34825e-07
-200
3.37735e-07
5.45395e-07
-200
-1.18544e-06
-9.91341e-07
-200
-5.99654e-06
-6.26485e-07
-200
-9.57668e-06
-9.02071e-08
-200
-1.33916e-05
1.22482e-07
-200
-1.90077e-05
7.92068e-08
-200
-2.6275e-05
2.72384e-07
-200
-3.39747e-05
7.70231e-07
-200
-4.40927e-05
4.91733e-07
-200
-3.81336e-05
1.5564e-07
-200
-5.34742e-05
6.27367e-07
-200
-4.80977e-05
1.91348e-08
-200
-4.76887e-05
1.31224e-07
-4.7877e-05
2.29585e-07
-200
4.15144e-06
1.3851e-07
-200
3.18377e-06
6.09766e-07
-200
2.88498e-06
7.25172e-07
-200
2.58741e-06
-6.25484e-07
-200
4.5151e-07
-9.40843e-07
-200
-2.83925e-06
-6.35211e-07
-200
-7.04343e-06
-9.79661e-07
-200
-1.22316e-05
-1.54959e-06
-200
-1.70169e-05
-1.08693e-06
-200
-2.26798e-05
-1.65486e-07
-200
-3.07559e-05
-1.16737e-07
-200
-4.1756e-05
-1.31846e-07
-200
-3.58764e-05
-2.7387e-07
-200
-5.07854e-05
-6.28793e-07
-200
-4.52744e-05
-3.02655e-07
-200
-4.63435e-05
-7.99726e-07
-4.7064e-05
-7.93687e-07
-200
6.6879e-06
-1.57111e-08
-200
6.23492e-06
9.01379e-08
-200
6.01631e-06
-8.6019e-08
-200
5.26909e-06
-4.25477e-08
-200
3.31471e-06
-4.15952e-07
-200
3.05536e-07
-3.06675e-07
-200
-3.53013e-06
-1.15122e-08
-200
-8.08131e-06
-3.84445e-07
-200
-1.3256e-05
-6.68285e-07
-200
-1.9776e-05
-6.01945e-07
-200
-2.81701e-05
-6.02576e-07
-200
-3.89518e-05
-9.89406e-07
-200
-3.34576e-05
-7.17699e-07
-200
-4.80813e-05
-4.65175e-07
-200
-4.34572e-05
-8.95691e-07
-200
-4.4082e-05
-5.54127e-07
-4.56722e-05
-3.2506e-07
-200
8.83041e-06
-6.73383e-07
-200
8.65541e-06
-2.64947e-07
-200
8.39428e-06
8.19939e-08
-200
7.72373e-06
-2.55224e-07
-200
5.62843e-06
5.4763e-08
-200
2.85793e-06
4.22373e-08
-200
-6.52018e-07
-3.01543e-07
-200
-5.12894e-06
-5.20572e-07
-200
-1.06279e-05
-6.3647e-07
-200
-1.72809e-05
-7.54108e-07
-200
-2.55679e-05
-9.41842e-07
-200
-3.62579e-05
-8.08003e-07
-200
-3.11e-05
-8.3437e-07
-200
-4.56127e-05
-1.02694e-06
-200
-4.06069e-05
-5.9049e-07
-200
-4.20988e-05
-9.4434e-07
-4.35474e-05
-5.44333e-07
-200
1.02678e-05
-3.7545e-07
-200
1.05105e-05
-3.23485e-07
-200
1.07143e-05
-3.25711e-07
-200
9.6155e-06
3.82475e-07
-200
7.526e-06
-1.12928e-07
-200
4.8592e-06
-3.54089e-07
-200
1.3329e-06
-1.85057e-07
-200
-3.0311e-06
-4.75839e-07
-200
-8.36132e-06
-7.8196e-07
-200
-1.49502e-05
-8.01399e-07
-200
-2.30605e-05
-8.7576e-07
-200
-3.33334e-05
-1.15211e-06
-200
-2.8682e-05
-9.6782e-07
-200
-4.26132e-05
-6.06803e-07
-200
-3.83814e-05
-1.09969e-06
-200
-3.90746e-05
-6.32553e-07
-4.10101e-05
-4.8072e-08
-200
1.07949e-05
-5.12475e-07
-200
1.15929e-05
-2.68391e-07
-200
1.3216e-05
-4.99573e-08
-200
1.14996e-05
-2.63144e-07
-200
8.22399e-06
6.13744e-08
-200
5.90959e-06
-1.64798e-07
-200
2.74028e-06
-5.65428e-07
-200
-1.43501e-06
-7.08212e-07
-200
-6.61755e-06
-6.36124e-07
-200
-1.29712e-05
-7.198e-07
-200
-2.06575e-05
-9.10167e-07
-200
-3.04902e-05
-8.7046e-07
-200
-2.63062e-05
-8.05246e-07
-200
-3.95765e-05
-9.77667e-07
-200
-3.50083e-05
-6.56452e-07
-200
-3.6293e-05
-7.80242e-07
-3.76497e-05
-4.89428e-07
-200
1.1217e-05
3.11916e-07
-200
1.19142e-05
-3.64114e-07
-200
1.30507e-05
-1.28764e-06
-200
1.16574e-05
-3.49758e-07
-200
9.29874e-06
1.55194e-07
-200
6.91724e-06
-5.19944e-07
-200
3.71535e-06
-4.22589e-07
-200
-2.83108e-07
-4.87653e-07
-200
-5.17015e-06
-6.30726e-07
-200
-1.11641e-05
-6.78717e-07
-200
-1.84492e-05
-7.16725e-07
-200
-2.7587e-05
-1.05968e-06
-200
-2.41074e-05
-9.71062e-07
-200
-3.62432e-05
-8.52273e-07
-200
-3.26687e-05
-1.1278e-06
-200
-3.34313e-05
-7.8504e-07
-3.52396e-05
-6.69235e-07
-200
1.11969e-05
-1.85906e-07
-200
1.18079e-05
-1.84212e-07
-200
1.22085e-05
-3.3291e-07
-200
1.13119e-05
-6.88307e-07
-200
9.52841e-06
-2.85593e-07
-200
7.25037e-06
-3.94416e-07
-200
4.2778e-06
-7.34865e-07
-200
5.67933e-07
-6.89371e-07
-200
-4.05857e-06
-5.02132e-07
-200
-9.62509e-06
-4.59335e-07
-200
-1.63383e-05
-6.19234e-07
-200
-2.47974e-05
-7.6544e-07
-200
-2.1888e-05
-7.24788e-07
-200
-3.30021e-05
-9.05749e-07
-200
-2.93886e-05
-4.74771e-07
-200
-3.08529e-05
-4.69709e-07
-3.26291e-05
-1.70726e-07
-200
1.07551e-05
-3.18484e-08
-200
1.14896e-05
-4.09948e-07
-200
1.15371e-05
-6.12291e-07
-200
1.06208e-05
-4.9148e-07
-200
9.28542e-06
-8.15475e-07
-200
7.3327e-06
-9.65868e-07
-200
4.52209e-06
-5.91432e-07
-200
1.07995e-06
-4.14138e-07
-200
-3.02606e-06
-3.71484e-07
-200
-8.04198e-06
-2.90676e-07
-200
-1.4119e-05
-3.15868e-07
-200
-2.17053e-05
-7.53506e-07
-200
-1.93088e-05
-7.68646e-07
-200
-2.90252e-05
-5.44583e-07
-200
-2.63061e-05
-7.62632e-07
-200
-2.72586e-05
-4.58514e-07
-2.94148e-05
-8.56933e-09
-200
9.72456e-06
-3.36142e-07
-200
1.10569e-05
-4.06239e-07
-200
1.06653e-05
-7.51735e-07
-200
9.75542e-06
-1.20657e-06
-200
8.53059e-06
-1.07272e-06
-200
6.80581e-06
-8.59061e-07
-200
4.45836e-06
-7.22227e-07
-200
1.41118e-06
-4.45468e-07
-200
-2.20647e-06
-1.33173e-07
-200
-6.57148e-06
-4.21143e-08
-200
-1.18031e-05
-1.88044e-07
-200
-1.84666e-05
-4.50353e-07
-200
-1.65309e-05
-6.27516e-07
-200
-2.49848e-05
-7.47947e-07
-200
-2.21354e-05
-4.49666e-07
-200
-2.36105e-05
-3.65656e-07
-2.54824e-05
-2.73024e-07
-200
8.46338e-06
-4.80237e-07
-200
1.13935e-05
-9.25851e-07
-200
9.9697e-06
-1.30451e-06
-200
8.03523e-06
-1.16083e-06
-200
7.49056e-06
-1.35585e-06
-200
6.06739e-06
-1.20148e-06
-200
4.06447e-06
-5.85939e-07
-200
1.51721e-06
-1.69603e-07
-200
-1.49114e-06
-1.93157e-08
-200
-5.07992e-06
9.41746e-08
-200
-9.42826e-06
7.703e-08
-200
-1.4905e-05
-3.97509e-07
-200
-1.35327e-05
-5.98858e-07
-200
-2.03796e-05
-4.4262e-07
-200
-1.82584e-05
-6.32662e-07
-200
-1.90998e-05
-4.71441e-07
-2.11317e-05
-2.85441e-08
-200
6.71392e-06
-9.10151e-07
-200
8.89738e-06
-2.40865e-06
-200
8.37661e-06
-1.928e-06
-200
7.11056e-06
-1.1442e-06
-200
6.31322e-06
-1.298e-06
-200
5.11686e-06
-9.50258e-07
-200
3.55568e-06
-5.39378e-07
-200
1.50279e-06
-1.5318e-07
-200
-1.10574e-06
1.33738e-07
-200
-3.99946e-06
2.06986e-07
-200
-7.39244e-06
2.13501e-08
-200
-1.18883e-05
-2.45798e-07
-200
-1.09859e-05
-6.09719e-07
-200
-1.6284e-05
-1.11387e-06
-200
-1.43877e-05
-9.14392e-07
-200
-1.55002e-05
-8.23545e-07
-1.72129e-05
-4.07711e-07
-200
4.89945e-06
-1.01165e-06
-200
6.37754e-06
-1.89404e-06
-200
6.28706e-06
-1.58883e-06
-200
5.48034e-06
-1.30919e-06
-200
4.78466e-06
-1.30507e-06
-200
3.90653e-06
-1.0133e-06
-200
2.68341e-06
-4.87177e-07
-200
1.14028e-06
9.76474e-08
-200
-6.44834e-07
1.83702e-07
-200
-2.72122e-06
2.39198e-07
-200
-5.28346e-06
2.75445e-07
-200
-8.7175e-06
-1.04833e-07
-200
-8.49189e-06
-4.51116e-07
-200
-1.22918e-05
-5.85337e-07
-200
-1.10228e-05
-9.00461e-07
-200
-1.18234e-05
-3.68859e-07
-1.31366e-05
3.63992e-08
-200
3.14409e-06
-1.05455e-06
-200
3.94306e-06
-1.49507e-06
-200
4.07522e-06
-1.67769e-06
-200
3.61253e-06
-1.63478e-06
-200
3.07944e-06
-1.34508e-06
-200
2.44199e-06
-9.99575e-07
-200
1.79467e-06
-5.4662e-07
-200
8.30877e-07
-1.33623e-07
-200
-2.23494e-07
1.72228e-07
-200
-1.58593e-06
2.28754e-07
-200
-3.19489e-06
1.99237e-07
-200
-5.61976e-06
-3.24549e-08
-200
-5.93778e-06
-3.51649e-07
-200
-8.2331e-06
-7.33429e-07
-200
-7.32936e-06
-7.07776e-07
-200
-7.87615e-06
-2.51595e-07
-8.36415e-06
-1.39817e-07
-200
1.50276e-06
-1.27452e-06
-200
1.93525e-06
-1.49236e-06
-200
1.97014e-06
-1.6908e-06
-200
1.68014e-06
-1.40166e-06
-200
1.38321e-06
-1.31347e-06
-200
1.06562e-06
-1.10554e-06
-200
7.18746e-07
-6.48838e-07
-200
5.22685e-07
-1.8295e-07
-200
2.48796e-07
1.11317e-07
-200
-3.4167e-07
1.76706e-07
-200
-1.15524e-06
1.3908e-07
-200
-2.45249e-06
-6.61955e-08
-200
-2.8201e-06
-4.60846e-07
-200
-3.77206e-06
-7.31272e-07
-200
-3.26831e-06
-6.9721e-07
-200
-3.52042e-06
-3.34531e-07
-3.78677e-06
-6.23045e-08
-200
-1.78087e-06
-200
-2.09074e-06
-200
-2.24968e-06
-200
-2.18845e-06
-200
-1.93235e-06
-200
-1.56467e-06
-200
-1.14776e-06
-200
-9.32519e-07
-200
-7.12304e-07
-200
-5.30817e-07
-200
-4.67374e-07
-200
-6.59945e-07
-200
-1.00682e-06
-200
-1.2413e-06
-200
-1.04567e-06
-200
-6.23734e-07
-4.42719e-07
-200
1.30516e-05
1.35316e-06
-200
1.23709e-05
1.5147e-06
-200
1.12364e-05
1.4359e-06
-200
9.91887e-06
1.05548e-06
-200
8.32791e-06
7.89329e-07
-200
6.0577e-06
2.45754e-07
-200
2.93436e-06
-2.03169e-07
-200
-9.40808e-07
-4.82955e-08
-200
-5.73707e-06
3.19958e-07
-200
-1.1501e-05
5.2361e-07
-200
-1.87166e-05
1.01107e-06
-200
-2.82104e-05
1.35345e-06
-200
-2.20185e-05
1.04687e-06
-200
-3.40023e-05
1.17452e-06
-200
-3.17143e-05
9.61527e-07
-3.17725e-05
4.89125e-07
-200
1.20185e-05
1.49194e-06
-200
1.14076e-05
1.28964e-06
-200
1.06125e-05
1.21296e-06
-200
9.58191e-06
1.13464e-06
-200
8.00027e-06
6.46626e-07
-200
5.65561e-06
3.3173e-07
-200
2.6561e-06
2.13583e-07
-200
-1.16167e-06
1.73018e-07
-200
-5.91003e-06
3.35765e-07
-200
-1.17373e-05
8.2265e-07
-200
-1.88348e-05
1.05821e-06
-200
-2.84486e-05
1.26814e-06
-200
-2.2203e-05
1.35376e-06
-200
-3.42188e-05
1.37797e-06
-200
-3.20519e-05
1.02835e-06
-3.22238e-05
5.75168e-07
-200
1.04821e-05
1.31521e-06
-200
1.02994e-05
1.43236e-06
-200
9.80747e-06
1.12862e-06
-200
8.80433e-06
6.60696e-07
-200
7.33416e-06
6.99787e-07
-200
5.08784e-06
4.95877e-07
-200
2.01178e-06
1.15409e-07
-200
-1.77816e-06
2.57421e-07
-200
-6.47936e-06
5.97275e-07
-200
-1.22416e-05
6.42827e-07
-200
-1.93974e-05
9.31449e-07
-200
-2.95041e-05
1.23987e-06
-200
-2.29035e-05
8.99673e-07
-200
-3.47402e-05
1.01135e-06
-200
-3.29799e-05
8.33257e-07
-3.35547e-05
1.37924e-07
-200
9.02552e-06
1.4568e-06
-200
8.97774e-06
1.0668e-06
-200
8.73391e-06
9.34403e-07
-200
7.89932e-06
8.14145e-07
-200
6.35669e-06
3.84565e-07
-200
4.14125e-06
2.92351e-07
-200
1.33853e-06
4.67148e-07
-200
-2.3334e-06
5.69825e-07
-200
-6.9749e-06
6.02413e-07
-200
-1.28634e-05
9.15821e-07
-200
-2.00367e-05
9.52123e-07
-200
-3.05979e-05
8.77272e-07
-200
-2.38887e-05
8.00065e-07
-200
-3.55553e-05
9.21465e-07
-200
-3.4798e-05
7.26102e-07
-3.53091e-05
3.42949e-07
-200
7.03773e-06
1.03082e-06
-200
7.31787e-06
1.02621e-06
-200
7.13225e-06
7.84138e-07
-200
6.09073e-06
3.48988e-07
-200
4.76383e-06
4.86848e-07
-200
2.90928e-06
5.13215e-07
-200
3.04363e-07
4.11142e-07
-200
-3.16646e-06
6.11292e-07
-200
-7.77206e-06
8.98203e-07
-200
-1.35439e-05
7.04203e-07
-200
-2.10351e-05
7.03559e-07
-200
-3.19825e-05
9.07332e-07
-200
-2.51669e-05
7.26955e-07
-200
-3.78724e-05
7.84562e-07
-200
-3.70924e-05
5.98181e-07
-3.7908e-05
-3.69545e-08
-200
5.03141e-06
1.18147e-06
-200
5.30598e-06
6.21713e-07
-200
4.88548e-06
3.04637e-07
-200
3.60012e-06
3.39759e-07
-200
2.6537e-06
2.40628e-07
-200
1.58842e-06
3.87133e-07
-200
-5.04782e-07
6.46065e-07
-200
-3.82173e-06
7.48809e-07
-200
-8.43007e-06
6.22438e-07
-200
-1.43529e-05
7.40078e-07
-200
-2.20908e-05
4.97779e-07
-200
-3.35587e-05
3.85866e-07
-200
-2.67988e-05
4.70942e-07
-200
-4.00902e-05
5.85827e-07
-200
-3.95607e-05
1.99226e-07
-4.08985e-05
4.49484e-08
-200
1.73868e-06
7.5657e-07
-200
2.08793e-06
7.40299e-07
-200
1.40537e-06
1.94556e-07
-200
-4.65097e-07
-9.9627e-08
-200
3.05764e-07
7.54481e-07
-200
8.80265e-07
9.09042e-07
-200
-1.6915e-06
5.88876e-07
-200
-4.95946e-06
6.3304e-07
-200
-9.5302e-06
6.83682e-07
-200
-1.56786e-05
4.36775e-07
-200
-2.38012e-05
3.47339e-07
-200
-3.56943e-05
5.60702e-07
-200
-2.87932e-05
4.9647e-07
-200
-4.28571e-05
4.97257e-07
-200
-4.21221e-05
4.65832e-07
-4.36291e-05
1.76425e-07
-200
-2.81668e-06
3.69163e-07
-200
-2.20533e-06
5.07844e-07
-200
-2.50466e-06
4.68712e-07
-200
-2.28995e-06
8.12596e-07
-200
-2.04435e-06
1.51696e-08
-200
-2.06478e-06
-5.31967e-07
-200
-2.75437e-06
4.80361e-07
-200
-6.0558e-06
5.04993e-07
-200
-1.09744e-05
3.06093e-07
-200
-1.76587e-05
2.89352e-07
-200
-2.61797e-05
9.71331e-08
-200
-3.85943e-05
-9.79282e-08
-200
-3.13431e-05
2.26039e-07
-200
-4.62532e-05
6.06076e-07
-200
-4.43896e-05
3.61045e-07
-200
-4.59149e-05
1.9022e-07
-4.81272e-05
-200
-6.92241e-07
1.05639e-06
-200
-1.50548e-06
2.25446e-06
-200
-2.52691e-06
1.46972e-06
-200
-2.55988e-06
-8.1564e-07
-200
-2.1152e-06
-1.95459e-06
-200
-3.56101e-06
-7.39689e-07
-200
-4.99017e-06
6.37267e-07
-200
-7.91125e-06
6.26505e-07
-200
-1.32728e-05
5.05617e-07
-200
-2.01684e-05
2.66438e-07
-200
-2.91206e-05
1.58615e-07
-200
-4.19281e-05
1.94539e-07
-200
-3.48899e-05
3.04341e-07
-200
-5.02145e-05
5.59335e-07
-200
-4.79643e-05
7.90392e-08
-200
-4.92047e-05
-5.47371e-07
-5.10063e-05
-200
2.21023e-06
1.73682e-06
-200
1.40511e-06
1.93589e-06
-200
4.20814e-07
1.30074e-06
-200
2.67893e-06
-4.75038e-08
-200
6.51309e-07
-2.28105e-06
-200
-4.19385e-06
-2.58354e-06
-200
-7.44481e-06
-2.89049e-07
-200
-1.11749e-05
4.77026e-07
-200
-1.59072e-05
5.44747e-07
-200
-2.2421e-05
5.80104e-07
-200
-3.03172e-05
8.7025e-07
-200
-4.10069e-05
1.33797e-06
-200
-3.33887e-05
1.71896e-06
-200
-4.77367e-05
1.79551e-06
-200
-4.6042e-05
1.11909e-06
-200
-4.67183e-05
5.29405e-07
-4.77362e-05
-9.65915e-07
-200
4.96032e-06
1.06283e-06
-200
4.7538e-06
2.22341e-06
-200
4.87168e-06
1.20898e-06
-200
5.61652e-06
-1.36953e-06
-200
3.71867e-06
-2.93024e-06
-200
6.34532e-07
-1.48209e-06
-200
-3.16573e-06
-2.73361e-07
-200
-7.3056e-06
8.14166e-08
-200
-1.22562e-05
-1.43022e-07
-200
-1.89126e-05
-1.59504e-07
-200
-2.73423e-05
-1.83697e-07
-200
-3.90359e-05
-1.33806e-07
-200
-3.18001e-05
-4.55403e-08
-200
-4.59417e-05
1.12659e-07
-200
-4.42494e-05
-1.46417e-07
-200
-4.4967e-05
-9.60243e-07
-4.67434e-05
-1.54384e-06
-200
7.72512e-06
3.39781e-07
-200
8.0267e-06
6.4526e-07
-200
8.05043e-06
4.65672e-07
-200
8.62071e-06
-1.0166e-06
-200
7.41571e-06
-2.16743e-06
-200
4.5268e-06
-5.44402e-07
-200
8.96378e-07
-4.8983e-08
-200
-3.46834e-06
-1.61296e-07
-200
-9.0333e-06
-5.21496e-07
-200
-1.62369e-05
-5.30649e-07
-200
-2.49585e-05
-7.78218e-07
-200
-3.69244e-05
-1.05184e-06
-200
-2.97044e-05
-7.28351e-07
-200
-4.38235e-05
-5.87456e-07
-200
-4.24758e-05
-7.14656e-07
-200
-4.32818e-05
-8.20392e-07
-4.49144e-05
-1.64491e-06
-200
9.89124e-06
-5.58368e-07
-200
1.04821e-05
3.76506e-08
-200
1.06428e-05
9.75159e-08
-200
1.11581e-05
-7.77422e-07
-200
9.92861e-06
-7.15011e-07
-200
7.41332e-06
-1.79182e-07
-200
3.8623e-06
-2.92177e-07
-200
-8.30332e-07
-3.78675e-07
-200
-6.81026e-06
-5.43581e-07
-200
-1.40721e-05
-9.12236e-07
-200
-2.28601e-05
-1.10228e-06
-200
-3.47289e-05
-1.08486e-06
-200
-2.78077e-05
-1.05459e-06
-200
-4.12767e-05
-1.29361e-06
-200
-4.04912e-05
-1.00273e-06
-200
-4.1808e-05
-1.14414e-06
-4.33396e-05
-5.72249e-07
-200
1.16129e-05
-6.83096e-07
-200
1.25597e-05
-5.28369e-07
-200
1.28524e-05
-4.17385e-07
-200
1.36045e-05
-2.8704e-07
-200
1.19015e-05
-5.42056e-07
-200
9.46686e-06
-4.49869e-07
-200
5.96764e-06
-3.69981e-07
-200
1.15663e-06
-6.88166e-07
-200
-5.00001e-06
-9.84446e-07
-200
-1.22649e-05
-9.1821e-07
-200
-2.08046e-05
-1.16518e-06
-200
-3.23648e-05
-1.39759e-06
-200
-2.57707e-05
-1.2525e-06
-200
-3.90831e-05
-9.12307e-07
-200
-3.83055e-05
-8.78347e-07
-200
-3.95599e-05
-5.01324e-07
-4.11879e-05
-2.58416e-07
-200
1.22621e-05
-6.75217e-07
-200
1.3754e-05
-3.37345e-07
-200
1.51458e-05
-2.13203e-07
-200
1.53046e-05
-3.45615e-07
-200
1.28866e-05
-1.90991e-07
-200
1.05782e-05
-4.01548e-07
-200
7.02371e-06
-7.07483e-07
-200
2.18027e-06
-7.61089e-07
-200
-3.76298e-06
-7.20718e-07
-200
-1.07023e-05
-1.02626e-06
-200
-1.8941e-05
-1.10731e-06
-200
-2.99164e-05
-1.0687e-06
-200
-2.40479e-05
-9.64786e-07
-200
-3.58811e-05
-1.2375e-06
-200
-3.57079e-05
-9.24556e-07
-200
-3.69272e-05
-7.50206e-07
-3.83731e-05
-1.90651e-07
-200
1.23051e-05
-2.24348e-07
-200
1.41256e-05
-4.78088e-07
-200
1.76688e-05
-5.51345e-07
-200
1.64622e-05
-4.27652e-07
-200
1.30017e-05
-5.66782e-07
-200
1.09829e-05
-8.03099e-07
-200
7.48888e-06
-7.42864e-07
-200
2.87747e-06
-8.33552e-07
-200
-2.70829e-06
-9.48428e-07
-200
-9.31379e-06
-8.52921e-07
-200
-1.69919e-05
-9.72172e-07
-200
-2.71607e-05
-1.2051e-06
-200
-2.17743e-05
-9.94657e-07
-200
-3.33122e-05
-6.78837e-07
-200
-3.29646e-05
-5.65468e-07
-200
-3.37984e-05
-5.08057e-07
-3.46574e-05
-3.76322e-07
-200
1.25356e-05
-2.13129e-07
-200
1.36014e-05
-2.29813e-07
-200
1.65494e-05
-4.08125e-07
-200
1.56619e-05
-6.2788e-07
-200
1.33769e-05
-6.13921e-07
-200
1.10179e-05
-7.96829e-07
-200
7.48353e-06
-9.39836e-07
-200
3.13246e-06
-8.15475e-07
-200
-2.03042e-06
-6.32368e-07
-200
-8.07032e-06
-7.37366e-07
-200
-1.52209e-05
-7.5963e-07
-200
-2.45431e-05
-8.14281e-07
-200
-1.98328e-05
-7.85008e-07
-200
-3.08235e-05
-7.92322e-07
-200
-3.02879e-05
-6.24136e-07
-200
-3.11596e-05
-6.47079e-07
-3.24169e-05
-3.83699e-07
-200
1.23301e-05
-1.59397e-07
-200
1.32801e-05
-5.1178e-07
-200
1.53224e-05
-7.10168e-07
-200
1.46887e-05
-9.03202e-07
-200
1.28921e-05
-1.21692e-06
-200
1.04284e-05
-1.23149e-06
-200
7.20209e-06
-9.47976e-07
-200
3.29637e-06
-7.95924e-07
-200
-1.3485e-06
-7.22814e-07
-200
-6.83748e-06
-4.45445e-07
-200
-1.31912e-05
-5.00418e-07
-200
-2.15465e-05
-7.70701e-07
-200
-1.7751e-05
-7.61148e-07
-200
-2.75145e-05
-7.46159e-07
-200
-2.70809e-05
-5.60781e-07
-200
-2.78696e-05
-5.28366e-07
-2.94146e-05
-3.80674e-07
-200
1.13047e-05
-2.44514e-07
-200
1.28439e-05
-4.85394e-07
-200
1.3963e-05
-9.97425e-07
-200
1.30344e-05
-1.35869e-06
-200
1.15748e-05
-1.39758e-06
-200
9.36858e-06
-1.26971e-06
-200
6.5058e-06
-1.08701e-06
-200
3.08362e-06
-7.29648e-07
-200
-9.32918e-07
-3.60615e-07
-200
-5.59503e-06
-2.96496e-07
-200
-1.11225e-05
-2.44419e-07
-200
-1.83555e-05
-3.43258e-07
-200
-1.55154e-05
-5.5728e-07
-200
-2.36899e-05
-8.21851e-07
-200
-2.31723e-05
-7.26998e-07
-200
-2.3857e-05
-5.72209e-07
-2.59104e-05
-4.60401e-07
-200
9.95834e-06
-5.3936e-07
-200
1.26892e-05
-1.17904e-06
-200
1.27025e-05
-1.5979e-06
-200
1.11011e-05
-1.68858e-06
-200
9.87995e-06
-1.80489e-06
-200
8.083e-06
-1.58205e-06
-200
5.7128e-06
-1.08337e-06
-200
2.90979e-06
-7.08737e-07
-200
-4.15982e-07
-4.18873e-07
-200
-4.30915e-06
-2.49387e-08
-200
-8.81307e-06
5.74328e-09
-200
-1.48214e-05
-2.80756e-07
-200
-1.29929e-05
-5.21641e-07
-200
-1.95139e-05
-6.7564e-07
-200
-1.87552e-05
-6.83523e-07
-200
-1.92587e-05
-6.63441e-07
-2.17268e-05
-3.93049e-07
-200
8.19111e-06
-8.22749e-07
-200
1.1973e-05
-1.87884e-06
-200
1.10716e-05
-2.18713e-06
-200
8.40824e-06
-1.85784e-06
-200
7.9065e-06
-1.82599e-06
-200
6.51112e-06
-1.57342e-06
-200
4.69987e-06
-1.12372e-06
-200
2.46806e-06
-6.53614e-07
-200
-1.33748e-07
-1.62322e-07
-200
-3.08417e-06
-1.76433e-08
-200
-6.5961e-06
6.79458e-08
-200
-1.13662e-05
-3.21463e-08
-200
-1.01891e-05
-4.76967e-07
-200
-1.54984e-05
-8.49807e-07
-200
-1.4132e-05
-9.28635e-07
-200
-1.44177e-05
-8.79974e-07
-1.7091e-05
-6.34951e-07
-200
6.21642e-06
-1.32915e-06
-200
8.6099e-06
-3.08566e-06
-200
8.40649e-06
-2.34114e-06
-200
6.73675e-06
-1.66843e-06
-200
6.14116e-06
-1.95109e-06
-200
5.06015e-06
-1.53067e-06
-200
3.7681e-06
-1.07244e-06
-200
2.17506e-06
-4.86491e-07
-200
2.2062e-07
-2.46769e-07
-200
-1.91813e-06
9.55237e-08
-200
-4.45621e-06
2.21473e-07
-200
-8.12146e-06
-1.12779e-07
-200
-7.72758e-06
-5.29454e-07
-200
-1.18838e-05
-7.94341e-07
-200
-1.05749e-05
-1.25755e-06
-200
-1.09146e-05
-1.33604e-06
-1.26801e-05
-7.05246e-07
-200
4.11205e-06
-1.33702e-06
-200
5.24477e-06
-2.02317e-06
-200
5.34151e-06
-2.23091e-06
-200
4.50876e-06
-2.20384e-06
-200
4.04552e-06
-1.9515e-06
-200
3.36714e-06
-1.56468e-06
-200
2.59671e-06
-1.06439e-06
-200
1.53465e-06
-5.57952e-07
-200
3.18569e-07
-1.25623e-07
-200
-9.76501e-07
6.94685e-08
-200
-2.63689e-06
2.55028e-07
-200
-5.26256e-06
2.15714e-08
-200
-5.40471e-06
-3.49308e-07
-200
-8.04721e-06
-6.98423e-07
-200
-7.00971e-06
-6.51333e-07
-200
-7.2216e-06
-6.8756e-07
-8.05669e-06
-5.41325e-07
-200
2.06785e-06
-1.54528e-06
-200
2.4505e-06
-1.98269e-06
-200
2.51641e-06
-2.28937e-06
-200
2.17912e-06
-2.05272e-06
-200
1.94521e-06
-1.92379e-06
-200
1.62761e-06
-1.6171e-06
-200
1.26121e-06
-9.82669e-07
-200
8.11574e-07
-4.32723e-07
-200
3.39087e-07
-2.13704e-07
-200
-2.48116e-07
1.16133e-07
-200
-1.09718e-06
2.54787e-07
-200
-2.52573e-06
-6.31012e-08
-200
-2.73403e-06
-3.92445e-07
-200
-3.63318e-06
-6.80739e-07
-200
-3.0185e-06
-5.99794e-07
-200
-3.16103e-06
-5.71156e-07
-3.51496e-06
-3.11646e-07
-200
-2.11373e-06
-200
-2.59072e-06
-200
-2.7681e-06
-200
-2.80201e-06
-200
-2.43437e-06
-200
-2.05967e-06
-200
-1.56004e-06
-200
-1.14383e-06
-200
-7.25165e-07
-200
-4.40012e-07
-200
-3.65068e-07
-200
-5.3143e-07
-200
-8.94627e-07
-200
-9.92071e-07
-200
-8.82208e-07
-200
-7.99394e-07
-5.83473e-07
-200
1.3243e-05
1.49252e-06
-200
1.29318e-05
1.44139e-06
-200
1.17263e-05
1.42629e-06
-200
1.03499e-05
1.27237e-06
-200
8.4879e-06
1.09429e-06
-200
6.0938e-06
6.14669e-07
-200
2.93555e-06
4.29505e-07
-200
-9.61164e-07
4.51356e-07
-200
-5.76847e-06
4.06891e-07
-200
-1.18304e-05
7.13359e-07
-200
-1.8766e-05
1.03853e-06
-200
-2.85364e-05
1.14713e-06
-200
-2.21513e-05
9.32857e-07
-200
-3.38925e-05
1.33126e-06
-200
-3.16701e-05
1.06103e-06
-3.1667e-05
7.08272e-07
-200
1.2309e-05
1.52307e-06
-200
1.21981e-05
1.33951e-06
-200
1.1272e-05
1.28284e-06
-200
1.01205e-05
1.07653e-06
-200
8.29867e-06
8.17969e-07
-200
5.89481e-06
6.59456e-07
-200
2.85391e-06
4.13258e-07
-200
-1.02265e-06
3.88433e-07
-200
-5.95589e-06
6.71839e-07
-200
-1.18038e-05
7.94858e-07
-200
-1.88642e-05
8.43575e-07
-200
-2.91976e-05
1.28508e-06
-200
-2.23678e-05
1.16241e-06
-200
-3.3734e-05
1.20324e-06
-200
-3.21951e-05
1.06941e-06
-3.23867e-05
5.76048e-07
-200
1.10433e-05
1.4751e-06
-200
1.11582e-05
1.35087e-06
-200
1.04863e-05
1.16788e-06
-200
9.38959e-06
9.39575e-07
-200
7.79451e-06
7.94573e-07
-200
5.52257e-06
4.99552e-07
-200
2.39449e-06
4.6423e-07
-200
-1.46402e-06
5.97633e-07
-200
-6.22008e-06
6.10941e-07
-200
-1.22217e-05
8.27433e-07
-200
-1.95188e-05
1.16302e-06
-200
-2.99567e-05
1.04949e-06
-200
-2.29993e-05
9.0058e-07
-200
-3.45714e-05
1.1638e-06
-200
-3.31361e-05
9.16459e-07
-3.37929e-05
4.25528e-07
-200
9.72249e-06
1.27007e-06
-200
9.84281e-06
1.09395e-06
-200
9.43578e-06
9.54739e-07
-200
8.51085e-06
6.80068e-07
-200
6.90472e-06
4.48157e-07
-200
4.73604e-06
4.66788e-07
-200
1.91414e-06
3.92185e-07
-200
-1.86164e-06
4.94647e-07
-200
-6.692e-06
7.78009e-07
-200
-1.26211e-05
8.08323e-07
-200
-2.00771e-05
7.97298e-07
-200
-3.10326e-05
1.01354e-06
-200
-2.39441e-05
8.43149e-07
-200
-3.59066e-05
1.00403e-06
-200
-3.44534e-05
6.35599e-07
-3.53733e-05
2.27826e-07
-200
7.76064e-06
1.28703e-06
-200
8.16698e-06
1.04772e-06
-200
7.86914e-06
7.87509e-07
-200
6.80176e-06
6.14639e-07
-200
5.4129e-06
5.39779e-07
-200
3.55733e-06
4.62985e-07
-200
9.14968e-07
6.28808e-07
-200
-2.64458e-06
7.33591e-07
-200
-7.30294e-06
8.11342e-07
-200
-1.34064e-05
8.69344e-07
-200
-2.10524e-05
9.06574e-07
-200
-3.22286e-05
7.77332e-07
-200
-2.51415e-05
7.11953e-07
-200
-3.78399e-05
9.24126e-07
-200
-3.65435e-05
6.478e-07
-3.7787e-05
3.13289e-07
-200
5.78543e-06
1.01399e-06
-200
6.13571e-06
7.40894e-07
-200
5.73722e-06
5.15336e-07
-200
4.57107e-06
2.79486e-07
-200
3.20732e-06
3.21113e-07
-200
1.83957e-06
4.70369e-07
-200
-7.89536e-08
4.58466e-07
-200
-3.44006e-06
6.25426e-07
-200
-8.16671e-06
7.50746e-07
-200
-1.42631e-05
6.64503e-07
-200
-2.21554e-05
4.57996e-07
-200
-3.39112e-05
6.16525e-07
-200
-2.67756e-05
5.65221e-07
-200
-4.00667e-05
6.66824e-07
-200
-3.9295e-05
4.41711e-07
-4.06575e-05
4.03926e-08
-200
3.0138e-06
1.23763e-06
-200
3.5231e-06
8.89617e-07
-200
2.85655e-06
4.03849e-07
-200
9.13722e-07
4.50533e-07
-200
2.81653e-07
5.22372e-07
-200
-3.31042e-07
5.34983e-07
-200
-1.38771e-06
7.59063e-07
-200
-4.70825e-06
8.62737e-07
-200
-9.34057e-06
7.13882e-07
-200
-1.57355e-05
6.72876e-07
-200
-2.39263e-05
6.43108e-07
-200
-3.58219e-05
5.03753e-07
-200
-2.87623e-05
5.00724e-07
-200
-4.28195e-05
6.08303e-07
-200
-4.23527e-05
5.64496e-07
-4.39776e-05
2.97408e-07
-200
5.96131e-08
7.01767e-07
-200
6.7475e-07
5.61247e-07
-200
-1.69351e-07
4.85693e-07
-200
-3.64529e-06
4.66599e-07
-200
-4.442e-06
9.0954e-08
-200
-3.46968e-06
7.14198e-09
-200
-2.30558e-06
2.56956e-07
-200
-5.90375e-06
4.49751e-07
-200
-1.08022e-05
4.99139e-07
-200
-1.74383e-05
2.76608e-07
-200
-2.59981e-05
7.24945e-08
-200
-3.84307e-05
2.43527e-07
-200
-3.09863e-05
2.78587e-07
-200
-4.54897e-05
4.35231e-07
-200
-4.50848e-05
4.5239e-07
-4.69412e-05
1.04493e-09
-200
1.6825e-06
1.40722e-06
-200
1.3615e-06
1.61641e-06
-200
-1.26909e-06
8.22975e-07
-200
-2.46609e-06
-2.41201e-07
-200
-2.70545e-06
-1.84763e-09
-200
-5.19557e-06
-3.85941e-07
-200
-5.68962e-06
9.75985e-08
-200
-8.13492e-06
5.54766e-07
-200
-1.32246e-05
3.16657e-07
-200
-2.01909e-05
3.22877e-07
-200
-2.88136e-05
2.13691e-07
-200
-4.08329e-05
5.45343e-08
-200
-3.34663e-05
8.07846e-08
-200
-4.81696e-05
3.91179e-07
-200
-4.7329e-05
1.22097e-07
-4.89955e-05
2.26816e-08
-200
2.36035e-06
1.16565e-06
-200
1.6342e-06
1.27087e-06
-200
1.26504e-06
2.00971e-06
-200
2.11754e-06
5.25631e-07
-200
1.55577e-06
-4.91719e-07
-200
-2.29978e-06
-1.94245e-06
-200
-6.65941e-06
-1.3492e-06
-200
-1.09507e-05
6.16796e-07
-200
-1.61602e-05
5.26588e-07
-200
-2.27618e-05
2.59554e-07
-200
-3.11051e-05
1.77291e-07
-200
-4.27665e-05
7.24067e-07
-200
-3.54955e-05
5.84847e-07
-200
-5.00384e-05
7.60522e-07
-200
-4.79373e-05
7.12757e-07
-200
-4.7902e-05
3.71116e-07
-4.83309e-05
-200
4.54827e-06
1.54598e-06
-200
3.81677e-06
2.98075e-06
-200
4.3346e-06
1.47725e-06
-200
4.91399e-06
-4.24306e-08
-200
6.85178e-06
-1.34817e-06
-200
2.32962e-06
-2.33255e-06
-200
-3.20491e-06
-1.05317e-06
-200
-7.61713e-06
6.17222e-07
-200
-1.28136e-05
-2.23143e-08
-200
-1.95424e-05
1.12398e-07
-200
-2.80552e-05
2.5231e-07
-200
-3.99071e-05
4.55731e-07
-200
-3.25621e-05
4.94367e-07
-200
-4.67388e-05
9.53721e-07
-200
-4.52093e-05
1.09957e-06
-200
-4.56897e-05
4.92274e-07
-4.63452e-05
-8.0376e-07
-200
6.97212e-06
3.64141e-07
-200
6.57023e-06
1.47639e-06
-200
7.46579e-06
1.06877e-06
-200
9.85381e-06
-1.4944e-07
-200
9.82069e-06
-2.279e-06
-200
4.66837e-06
-1.708e-06
-200
8.25226e-07
-3.09335e-07
-200
-3.90979e-06
1.21399e-08
-200
-9.49642e-06
-2.5865e-07
-200
-1.64521e-05
-4.71716e-07
-200
-2.51329e-05
-7.00147e-07
-200
-3.72564e-05
-5.7814e-07
-200
-2.98507e-05
-4.11631e-07
-200
-4.36763e-05
-2.59347e-07
-200
-4.24929e-05
-1.28953e-07
-200
-4.34729e-05
-6.90238e-07
-4.41984e-05
-1.60892e-06
-200
8.97706e-06
2.00553e-07
-200
9.44061e-06
6.86067e-07
-200
1.00883e-05
1.66156e-07
-200
1.21092e-05
-1.02014e-06
-200
1.12713e-05
-1.52774e-06
-200
7.61233e-06
-6.70906e-07
-200
3.70288e-06
-2.12533e-07
-200
-1.04127e-06
-3.18692e-07
-200
-6.80927e-06
-6.46666e-07
-200
-1.40696e-05
-7.8595e-07
-200
-2.27808e-05
-9.13574e-07
-200
-3.45819e-05
-1.2544e-06
-200
-2.75438e-05
-1.05052e-06
-200
-4.12972e-05
-1.07694e-06
-200
-4.04905e-05
-9.8152e-07
-200
-4.16551e-05
-7.25047e-07
-4.30182e-05
-9.96208e-07
-200
1.08378e-05
-7.23965e-07
-200
1.18158e-05
-4.52566e-07
-200
1.23752e-05
-2.54851e-07
-200
1.38117e-05
-4.9475e-07
-200
1.22327e-05
-9.50851e-07
-200
9.41591e-06
-6.81933e-07
-200
5.81899e-06
-6.59546e-07
-200
1.0591e-06
-8.45934e-07
-200
-4.8954e-06
-8.74082e-07
-200
-1.19818e-05
-1.08558e-06
-200
-2.05405e-05
-1.31644e-06
-200
-3.2213e-05
-1.20413e-06
-200
-2.54922e-05
-1.1759e-06
-200
-3.87396e-05
-1.14715e-06
-200
-3.81628e-05
-7.56083e-07
-200
-3.96768e-05
-5.14706e-07
-4.12223e-05
-3.15135e-07
-200
1.15399e-05
-4.88132e-07
-200
1.31582e-05
-2.96773e-07
-200
1.45589e-05
-2.07545e-07
-200
1.51513e-05
-3.27909e-07
-200
1.28665e-05
-6.07946e-07
-200
1.0411e-05
-7.45986e-07
-200
6.88088e-06
-7.41461e-07
-200
2.21514e-06
-7.46429e-07
-200
-3.46765e-06
-9.3281e-07
-200
-1.04065e-05
-1.05188e-06
-200
-1.86526e-05
-1.00543e-06
-200
-2.9581e-05
-1.23006e-06
-200
-2.35141e-05
-1.0533e-06
-200
-3.62197e-05
-1.17173e-06
-200
-3.56873e-05
-9.18128e-07
-200
-3.67255e-05
-3.68454e-07
-3.8378e-05
-1.25588e-07
-200
1.17717e-05
-7.47718e-07
-200
1.36517e-05
-5.564e-07
-200
1.71067e-05
1.31878e-07
-200
1.5997e-05
-4.60493e-07
-200
1.26416e-05
-1.21841e-06
-200
1.07317e-05
-9.60915e-07
-200
7.3814e-06
-1.02597e-06
-200
2.90497e-06
-1.00845e-06
-200
-2.58068e-06
-9.36613e-07
-200
-9.06709e-06
-9.90947e-07
-200
-1.67743e-05
-1.13096e-06
-200
-2.70458e-05
-9.80991e-07
-200
-2.14917e-05
-8.05698e-07
-200
-3.29747e-05
-8.05029e-07
-200
-3.26535e-05
-4.68486e-07
-200
-3.37083e-05
-4.78628e-07
-3.46937e-05
-6.06727e-08
-200
1.21302e-05
-3.21407e-07
-200
1.32654e-05
-4.29641e-07
-200
1.60787e-05
-5.95866e-07
-200
1.52138e-05
-6.79019e-07
-200
1.29986e-05
-8.88198e-07
-200
1.07849e-05
-1.02631e-06
-200
7.44054e-06
-9.87107e-07
-200
3.25954e-06
-9.34694e-07
-200
-1.78646e-06
-9.4249e-07
-200
-7.89296e-06
-9.24043e-07
-200
-1.50743e-05
-8.05596e-07
-200
-2.44925e-05
-9.23024e-07
-200
-1.97505e-05
-8.50768e-07
-200
-3.01444e-05
-8.6064e-07
-200
-3.01943e-05
-7.00049e-07
-200
-3.13692e-05
-4.5274e-07
-3.24727e-05
-4.15328e-07
-200
1.20833e-05
-5.57406e-07
-200
1.30033e-05
-6.66318e-07
-200
1.48335e-05
-8.85602e-07
-200
1.42361e-05
-1.2302e-06
-200
1.25232e-05
-1.40021e-06
-200
1.02626e-05
-1.31321e-06
-200
7.23993e-06
-1.2453e-06
-200
3.42698e-06
-1.11988e-06
-200
-1.22607e-06
-9.3057e-07
-200
-6.6786e-06
-7.79667e-07
-200
-1.31362e-05
-8.19348e-07
-200
-2.16995e-05
-7.45835e-07
-200
-1.78825e-05
-7.04227e-07
-200
-2.71426e-05
-6.65291e-07
-200
-2.69479e-05
-5.83537e-07
-200
-2.81223e-05
-7.17348e-07
-2.95082e-05
-5.25847e-07
-200
1.12486e-05
-4.00649e-07
-200
1.24572e-05
-6.34359e-07
-200
1.34353e-05
-1.14109e-06
-200
1.2769e-05
-1.43443e-06
-200
1.13594e-05
-1.535e-06
-200
9.3421e-06
-1.4993e-06
-200
6.60492e-06
-1.27682e-06
-200
3.27514e-06
-1.02442e-06
-200
-7.2618e-07
-8.48686e-07
-200
-5.54172e-06
-6.44025e-07
-200
-1.11686e-05
-4.16428e-07
-200
-1.85113e-05
-5.24749e-07
-200
-1.57472e-05
-6.32747e-07
-200
-2.366e-05
-7.63974e-07
-200
-2.34045e-05
-8.54268e-07
-200
-2.43159e-05
-5.59329e-07
-2.58771e-05
-5.0063e-07
-200
1.00632e-05
-8.21015e-07
-200
1.17876e-05
-1.23202e-06
-200
1.20657e-05
-1.66711e-06
-200
1.11058e-05
-1.93845e-06
-200
9.84344e-06
-1.96807e-06
-200
8.13079e-06
-1.74366e-06
-200
5.86631e-06
-1.47595e-06
-200
3.06132e-06
-1.18747e-06
-200
-3.33482e-07
-8.20772e-07
-200
-4.30102e-06
-4.64519e-07
-200
-8.94863e-06
-3.86579e-07
-200
-1.51188e-05
-3.52649e-07
-200
-1.33435e-05
-5.33892e-07
-200
-1.99031e-05
-6.78971e-07
-200
-1.91431e-05
-6.61549e-07
-200
-2.00429e-05
-7.5089e-07
-2.16358e-05
-6.30747e-07
-200
8.26633e-06
-9.01159e-07
-200
1.07506e-05
-1.45926e-06
-200
1.05521e-05
-1.99333e-06
-200
8.84842e-06
-2.01913e-06
-200
7.9693e-06
-1.99991e-06
-200
6.62135e-06
-1.85343e-06
-200
4.83551e-06
-1.49292e-06
-200
2.57549e-06
-1.06824e-06
-200
-6.27388e-08
-6.81689e-07
-200
-3.17373e-06
-4.05494e-07
-200
-6.80093e-06
-1.38396e-07
-200
-1.16437e-05
-2.13264e-07
-200
-1.07104e-05
-4.93179e-07
-200
-1.60849e-05
-6.73519e-07
-200
-1.47309e-05
-8.60758e-07
-200
-1.52747e-05
-7.65603e-07
-1.72116e-05
-5.87916e-07
-200
6.41681e-06
-1.33019e-06
-200
1.01184e-05
-2.29289e-06
-200
8.90541e-06
-2.32425e-06
-200
6.16359e-06
-2.17217e-06
-200
5.93644e-06
-2.22631e-06
-200
4.95653e-06
-1.88058e-06
-200
3.66438e-06
-1.5403e-06
-200
2.1013e-06
-1.16448e-06
-200
9.40237e-08
-6.77885e-07
-200
-2.09352e-06
-2.60927e-07
-200
-4.63726e-06
-1.40774e-07
-200
-8.27923e-06
-3.01178e-07
-200
-7.9167e-06
-5.13057e-07
-200
-1.17278e-05
-6.9591e-07
-200
-1.01985e-05
-8.82661e-07
-200
-1.02474e-05
-9.60327e-07
-1.21206e-05
-7.06092e-07
-200
4.13286e-06
-1.37837e-06
-200
6.03704e-06
-1.92645e-06
-200
5.61963e-06
-2.1896e-06
-200
4.26191e-06
-2.28948e-06
-200
3.9293e-06
-2.18807e-06
-200
3.28381e-06
-1.85107e-06
-200
2.45159e-06
-1.49065e-06
-200
1.40211e-06
-1.02106e-06
-200
1.62863e-07
-5.83146e-07
-200
-1.26105e-06
-2.93852e-07
-200
-2.89919e-06
-7.91195e-08
-200
-5.45286e-06
-2.99478e-07
-200
-5.51503e-06
-5.09761e-07
-200
-8.00303e-06
-6.93484e-07
-200
-6.82145e-06
-6.709e-07
-200
-7.03057e-06
-7.16588e-07
-7.98413e-06
-4.96309e-07
-200
2.08088e-06
-1.68212e-06
-200
2.80791e-06
-1.94916e-06
-200
2.59826e-06
-2.3127e-06
-200
2.14032e-06
-2.37727e-06
-200
1.87145e-06
-2.21764e-06
-200
1.61349e-06
-1.91821e-06
-200
1.21178e-06
-1.41897e-06
-200
7.29968e-07
-9.20146e-07
-200
1.48292e-07
-6.06115e-07
-200
-5.12366e-07
-2.82654e-07
-200
-1.32677e-06
-1.28563e-07
-200
-2.72601e-06
-3.36955e-07
-200
-2.7498e-06
-5.94923e-07
-200
-3.79995e-06
-6.73573e-07
-200
-3.02018e-06
-5.46136e-07
-200
-3.16536e-06
-6.54788e-07
-3.53971e-06
-4.35854e-07
-200
-2.29197e-06
-200
-2.69365e-06
-200
-2.87267e-06
-200
-2.97862e-06
-200
-2.68834e-06
-200
-2.34709e-06
-200
-1.95781e-06
-200
-1.50788e-06
-200
-1.03238e-06
-200
-8.15425e-07
-200
-7.31372e-07
-200
-8.23778e-07
-200
-1.02218e-06
-200
-1.03283e-06
-200
-9.44872e-07
-200
-9.05943e-07
-6.56686e-07
-200
1.35217e-05
9.53823e-07
-200
1.3381e-05
1.00012e-06
-200
1.21215e-05
1.00909e-06
-200
1.07628e-05
9.56558e-07
-200
8.99784e-06
8.58813e-07
-200
6.6199e-06
7.14847e-07
-200
3.37182e-06
7.12077e-07
-200
-7.35141e-07
7.58607e-07
-200
-5.66257e-06
6.61655e-07
-200
-1.15034e-05
7.88108e-07
-200
-1.86593e-05
8.83021e-07
-200
-2.83849e-05
7.57401e-07
-200
-2.18918e-05
7.53527e-07
-200
-3.37731e-05
1.04178e-06
-200
-3.13054e-05
8.34029e-07
-3.12358e-05
6.8377e-07
-200
1.29052e-05
1.0385e-06
-200
1.27752e-05
1.07681e-06
-200
1.18476e-05
1.01661e-06
-200
1.05827e-05
9.2972e-07
-200
8.89616e-06
8.05052e-07
-200
6.56749e-06
7.38611e-07
-200
3.36506e-06
6.38806e-07
-200
-7.28722e-07
6.97267e-07
-200
-5.66061e-06
8.42375e-07
-200
-1.15496e-05
7.82392e-07
-200
-1.89874e-05
8.40784e-07
-200
-2.9125e-05
1.16362e-06
-200
-2.22886e-05
9.73378e-07
-200
-3.42648e-05
8.28271e-07
-200
-3.15981e-05
7.91162e-07
-3.20348e-05
5.70257e-07
-200
1.17824e-05
1.12231e-06
-200
1.18725e-05
1.03298e-06
-200
1.1169e-05
9.6283e-07
-200
1.00712e-05
8.32823e-07
-200
8.47943e-06
7.35165e-07
-200
6.19218e-06
6.16917e-07
-200
3.12785e-06
6.27014e-07
-200
-8.77623e-07
6.81034e-07
-200
-5.8384e-06
6.74103e-07
-200
-1.18299e-05
8.34128e-07
-200
-1.93773e-05
1.004e-06
-200
-2.99627e-05
8.90051e-07
-200
-2.2948e-05
7.80872e-07
-200
-3.50725e-05
9.23927e-07
-200
-3.22819e-05
6.11445e-07
-3.33314e-05
4.75889e-07
-200
1.02965e-05
9.74928e-07
-200
1.0551e-05
8.93928e-07
-200
1.00835e-05
7.92889e-07
-200
9.06742e-06
6.69339e-07
-200
7.53193e-06
5.53512e-07
-200
5.42475e-06
5.52454e-07
-200
2.54977e-06
5.06311e-07
-200
-1.38006e-06
6.04883e-07
-200
-6.20944e-06
7.65752e-07
-200
-1.22956e-05
6.98517e-07
-200
-2.00106e-05
7.40429e-07
-200
-3.10475e-05
9.82138e-07
-200
-2.3913e-05
7.69564e-07
-200
-3.60461e-05
6.18514e-07
-200
-3.37958e-05
5.9967e-07
-3.50356e-05
3.37739e-07
-200
8.56964e-06
9.86478e-07
-200
8.93174e-06
8.42026e-07
-200
8.55241e-06
7.14861e-07
-200
7.56647e-06
6.01986e-07
-200
6.10588e-06
5.51225e-07
-200
4.24237e-06
5.27212e-07
-200
1.71184e-06
6.14976e-07
-200
-2.02085e-06
6.63804e-07
-200
-6.74316e-06
6.81354e-07
-200
-1.29858e-05
7.97005e-07
-200
-2.07875e-05
7.69016e-07
-200
-3.22137e-05
6.42561e-07
-200
-2.50902e-05
5.90492e-07
-200
-3.75694e-05
7.57675e-07
-200
-3.5764e-05
5.1085e-07
-3.72218e-05
3.82511e-07
-200
6.4471e-06
8.19526e-07
-200
6.91076e-06
7.00026e-07
-200
6.50411e-06
5.34715e-07
-200
5.341e-06
4.11604e-07
-200
3.8831e-06
3.91327e-07
-200
2.47691e-06
4.98021e-07
-200
4.83505e-07
4.90128e-07
-200
-2.94181e-06
5.57456e-07
-200
-7.64701e-06
7.01712e-07
-200
-1.39228e-05
5.54694e-07
-200
-2.20221e-05
5.27932e-07
-200
-3.37436e-05
6.89687e-07
-200
-2.66609e-05
5.70782e-07
-200
-3.96561e-05
4.82513e-07
-200
-3.8279e-05
4.50212e-07
-4.00214e-05
1.99236e-07
-200
4.07255e-06
9.67104e-07
-200
4.72469e-06
7.25607e-07
-200
4.11357e-06
4.59733e-07
-200
2.31466e-06
4.06392e-07
-200
8.59398e-07
3.85056e-07
-200
-4.65607e-08
5.28068e-07
-200
-8.84161e-07
6.51808e-07
-200
-3.99369e-06
6.62915e-07
-200
-8.76529e-06
6.18636e-07
-200
-1.52157e-05
6.47586e-07
-200
-2.35051e-05
5.64819e-07
-200
-3.54231e-05
3.70888e-07
-200
-2.84619e-05
4.09763e-07
-200
-4.23903e-05
6.501e-07
-200
-4.09999e-05
3.69508e-07
-4.31391e-05
1.80858e-07
-200
1.23443e-06
8.34751e-07
-200
2.23562e-06
5.74608e-07
-200
1.54195e-06
3.10637e-07
-200
-2.17468e-06
2.68246e-07
-200
-3.9162e-06
1.31317e-07
-200
-3.2737e-06
2.03107e-07
-200
-2.80852e-06
3.96071e-07
-200
-5.26739e-06
4.61461e-07
-200
-1.02043e-05
4.8318e-07
-200
-1.69983e-05
3.0722e-07
-200
-2.5517e-05
2.44791e-07
-200
-3.78747e-05
4.18387e-07
-200
-3.05834e-05
3.15137e-07
-200
-4.46961e-05
1.93555e-07
-200
-4.37716e-05
2.95412e-07
-4.61494e-05
-4.79236e-08
-200
3.66311e-06
9.72213e-07
-200
3.48305e-06
7.18768e-07
-200
1.7838e-06
2.37608e-07
-200
-6.63167e-07
-1.26121e-07
-200
-2.36737e-06
2.93019e-07
-200
-5.76736e-06
5.27353e-08
-200
-6.70504e-06
3.06652e-07
-200
-7.06154e-06
4.56221e-07
-200
-1.27571e-05
4.58698e-07
-200
-1.97675e-05
4.68957e-07
-200
-2.81586e-05
3.11537e-07
-200
-4.01856e-05
1.3169e-07
-200
-3.28414e-05
1.47342e-07
-200
-4.72195e-05
5.18895e-07
-200
-4.57207e-05
1.7845e-07
-4.76108e-05
-2.26104e-07
-200
4.57132e-06
1.31713e-06
-200
4.54677e-06
8.21962e-07
-200
2.20065e-06
-4.6611e-07
-200
1.8919e-06
-3.10643e-07
-200
1.43026e-06
1.6969e-07
-200
-1.60651e-06
-4.76601e-07
-200
-5.84188e-06
-3.94933e-07
-200
-1.06007e-05
6.41576e-07
-200
-1.60003e-05
5.72354e-07
-200
-2.28404e-05
3.71982e-07
-200
-3.12342e-05
2.84489e-07
-200
-4.26448e-05
3.69456e-07
-200
-3.54246e-05
2.67553e-07
-200
-4.97377e-05
2.18695e-07
-200
-4.62261e-05
-1.36402e-07
-4.75311e-05
-5.53818e-07
-200
5.17606e-06
1.3636e-06
-200
3.59614e-06
6.90138e-07
-200
4.25887e-06
6.33531e-07
-200
5.00862e-06
-1.44068e-09
-200
5.75548e-06
-3.87169e-07
-200
4.94266e-06
-1.08733e-06
-200
-9.18636e-07
-4.26719e-07
-200
-7.51208e-06
1.45539e-07
-200
-1.26358e-05
-8.38127e-09
-200
-1.95655e-05
2.73595e-07
-200
-2.82361e-05
5.26601e-07
-200
-4.05935e-05
8.07694e-07
-200
-3.31955e-05
1.33795e-06
-200
-4.86725e-05
1.6253e-06
-200
-4.68197e-05
4.25133e-07
-200
-4.63126e-05
-2.57981e-07
-4.57112e-05
-200
7.08211e-06
1.10066e-06
-200
5.51673e-06
1.93103e-06
-200
7.53486e-06
7.16461e-07
-200
8.27698e-06
2.13749e-07
-200
1.09556e-05
-7.77473e-07
-200
8.06045e-06
-1.8341e-06
-200
1.36163e-06
-9.08163e-07
-200
-3.86619e-06
6.7066e-08
-200
-9.3014e-06
-2.5124e-07
-200
-1.638e-05
-3.49644e-07
-200
-2.5241e-05
-3.79145e-07
-200
-3.75203e-05
-6.29798e-09
-200
-2.99856e-05
1.70142e-07
-200
-4.49504e-05
6.12469e-07
-200
-4.32683e-05
8.45433e-07
-200
-4.3145e-05
9.25472e-08
-4.3708e-05
-1.04787e-06
-200
8.77993e-06
4.31287e-07
-200
8.57182e-06
6.80863e-07
-200
1.03377e-05
3.76453e-07
-200
1.28987e-05
-2.57744e-07
-200
1.34286e-05
-1.82514e-06
-200
8.54355e-06
-1.2884e-06
-200
3.89207e-06
3.0194e-09
-200
-9.4965e-07
-2.7864e-07
-200
-6.68129e-06
-4.83605e-07
-200
-1.38361e-05
-5.07626e-07
-200
-2.25864e-05
-5.87542e-07
-200
-3.45888e-05
-8.30094e-07
-200
-2.71302e-05
-7.97927e-07
-200
-4.10681e-05
-8.02929e-07
-200
-3.9708e-05
-5.07631e-07
-200
-4.07306e-05
-7.0732e-07
-4.14925e-05
-1.15194e-06
-200
1.03581e-05
-3.53866e-07
-200
1.1403e-05
-2.90256e-07
-200
1.27518e-05
-4.63162e-07
-200
1.49989e-05
-7.13228e-07
-200
1.33404e-05
-8.56437e-07
-200
9.77808e-06
-8.23712e-07
-200
5.8504e-06
-6.26169e-07
-200
1.09718e-06
-7.18225e-07
-200
-4.6533e-06
-7.67669e-07
-200
-1.17117e-05
-9.54725e-07
-200
-2.03143e-05
-1.06179e-06
-200
-3.19705e-05
-8.79364e-07
-200
-2.49567e-05
-8.0268e-07
-200
-3.83135e-05
-9.13004e-07
-200
-3.69328e-05
-1.13978e-06
-200
-3.81101e-05
-7.31434e-07
-4.00179e-05
-3.34847e-07
-200
1.12925e-05
-4.51094e-07
-200
1.30705e-05
-4.79046e-07
-200
1.61518e-05
-5.69531e-07
-200
1.63103e-05
-7.09363e-07
-200
1.28388e-05
-7.39185e-07
-200
1.04811e-05
-7.5066e-07
-200
6.92249e-06
-7.27524e-07
-200
2.42293e-06
-8.09327e-07
-200
-3.16898e-06
-9.6856e-07
-200
-1.00219e-05
-9.93012e-07
-200
-1.82314e-05
-9.73827e-07
-200
-2.92411e-05
-1.13975e-06
-200
-2.28795e-05
-1.02003e-06
-200
-3.56648e-05
-1.03269e-06
-200
-3.41203e-05
-5.97323e-07
-200
-3.53694e-05
-5.80439e-07
-3.70534e-05
-5.73171e-07
-200
1.21237e-05
-4.31669e-07
-200
1.34493e-05
-7.31389e-07
-200
1.66012e-05
-1.3982e-06
-200
1.60945e-05
-1.10872e-06
-200
1.32836e-05
-6.34882e-07
-200
1.10128e-05
-8.80731e-07
-200
7.68093e-06
-9.51671e-07
-200
3.29093e-06
-9.87137e-07
-200
-2.10473e-06
-1.01359e-06
-200
-8.62316e-06
-1.10286e-06
-200
-1.64282e-05
-1.14012e-06
-200
-2.68008e-05
-9.89142e-07
-200
-2.10153e-05
-9.32907e-07
-200
-3.30401e-05
-9.98874e-07
-200
-3.1689e-05
-1.09154e-06
-200
-3.31552e-05
-9.29267e-07
-3.49735e-05
-1.03427e-06
-200
1.25671e-05
-5.82838e-07
-200
1.3574e-05
-6.78892e-07
-200
1.56095e-05
-7.58699e-07
-200
1.51809e-05
-9.1106e-07
-200
1.33429e-05
-9.77755e-07
-200
1.1046e-05
-1.05774e-06
-200
7.87747e-06
-1.04291e-06
-200
3.77882e-06
-1.09682e-06
-200
-1.30948e-06
-1.09959e-06
-200
-7.43054e-06
-1.04715e-06
-200
-1.46542e-05
-9.79452e-07
-200
-2.42314e-05
-1.02227e-06
-200
-1.93696e-05
-9.56691e-07
-200
-3.02949e-05
-9.31424e-07
-200
-2.9122e-05
-5.03981e-07
-200
-3.09941e-05
-5.05648e-07
-3.26279e-05
-6.86379e-07
-200
1.22599e-05
-7.86557e-07
-200
1.32791e-05
-8.82666e-07
-200
1.45959e-05
-1.14155e-06
-200
1.4116e-05
-1.17158e-06
-200
1.26669e-05
-1.28776e-06
-200
1.05644e-05
-1.29724e-06
-200
7.63394e-06
-1.29707e-06
-200
3.8758e-06
-1.22309e-06
-200
-7.49531e-07
-1.12142e-06
-200
-6.28285e-06
-1.08467e-06
-200
-1.28487e-05
-1.01892e-06
-200
-2.14338e-05
-8.65625e-07
-200
-1.76219e-05
-8.0961e-07
-200
-2.69119e-05
-8.1443e-07
-200
-2.63319e-05
-7.71065e-07
-200
-2.78887e-05
-7.14266e-07
-2.93872e-05
-5.33475e-07
-200
1.1504e-05
-8.09253e-07
-200
1.2736e-05
-9.48204e-07
-200
1.33852e-05
-1.17995e-06
-200
1.28519e-05
-1.36238e-06
-200
1.15931e-05
-1.45118e-06
-200
9.67135e-06
-1.44075e-06
-200
7.08345e-06
-1.34736e-06
-200
3.76857e-06
-1.25508e-06
-200
-3.18715e-07
-1.17078e-06
-200
-5.19518e-06
-9.70727e-07
-200
-1.08763e-05
-8.25646e-07
-200
-1.8322e-05
-8.43624e-07
-200
-1.56257e-05
-8.56423e-07
-200
-2.33615e-05
-7.94648e-07
-200
-2.30673e-05
-5.97348e-07
-200
-2.43086e-05
-5.15189e-07
-2.55937e-05
-6.29883e-07
-200
1.02536e-05
-1.10226e-06
-200
1.17967e-05
-1.28281e-06
-200
1.20745e-05
-1.53676e-06
-200
1.12287e-05
-1.6838e-06
-200
1.00943e-05
-1.77129e-06
-200
8.50327e-06
-1.67873e-06
-200
6.26903e-06
-1.55816e-06
-200
3.44814e-06
-1.40353e-06
-200
-9.01581e-09
-1.16395e-06
-200
-4.04831e-06
-9.87101e-07
-200
-8.80127e-06
-8.58114e-07
-200
-1.49717e-05
-7.43897e-07
-200
-1.32447e-05
-8.11396e-07
-200
-1.98005e-05
-7.02962e-07
-200
-1.90997e-05
-7.73984e-07
-200
-1.98804e-05
-7.12911e-07
-2.13552e-05
-5.65554e-07
-200
8.63779e-06
-1.22168e-06
-200
1.10721e-05
-1.50502e-06
-200
1.07395e-05
-1.6366e-06
-200
9.15103e-06
-1.77581e-06
-200
8.31588e-06
-1.82885e-06
-200
7.01548e-06
-1.76561e-06
-200
5.23704e-06
-1.58045e-06
-200
2.95433e-06
-1.36896e-06
-200
2.16307e-07
-1.13889e-06
-200
-2.99482e-06
-8.95242e-07
-200
-6.6488e-06
-7.35544e-07
-200
-1.15047e-05
-7.56112e-07
-200
-1.06399e-05
-8.26897e-07
-200
-1.58702e-05
-7.31459e-07
-200
-1.46361e-05
-6.21632e-07
-200
-1.52106e-05
-6.43398e-07
-1.68614e-05
-6.79293e-07
-200
6.6789e-06
-1.51554e-06
-200
1.06208e-05
-1.76031e-06
-200
9.31942e-06
-1.83064e-06
-200
6.37345e-06
-1.97256e-06
-200
6.26802e-06
-2.01654e-06
-200
5.29248e-06
-1.81846e-06
-200
3.96056e-06
-1.65751e-06
-200
2.32661e-06
-1.4595e-06
-200
2.46053e-07
-1.12348e-06
-200
-1.9478e-06
-8.94396e-07
-200
-4.53505e-06
-8.08085e-07
-200
-8.16426e-06
-8.15187e-07
-200
-7.7239e-06
-8.74626e-07
-200
-1.14878e-05
-8.52045e-07
-200
-9.98993e-06
-8.14627e-07
-200
-9.86307e-06
-7.62212e-07
-1.18648e-05
-4.83223e-07
-200
4.50731e-06
-1.45666e-06
-200
6.4789e-06
-1.60817e-06
-200
6.06869e-06
-1.84814e-06
-200
4.59454e-06
-1.96701e-06
-200
4.30013e-06
-1.97658e-06
-200
3.59948e-06
-1.77915e-06
-200
2.70237e-06
-1.60813e-06
-200
1.62403e-06
-1.37807e-06
-200
2.7186e-07
-1.10483e-06
-200
-1.23467e-06
-8.6093e-07
-200
-2.80647e-06
-8.13957e-07
-200
-5.27634e-06
-8.80617e-07
-200
-5.31562e-06
-9.23513e-07
-200
-7.81995e-06
-8.35363e-07
-200
-6.56026e-06
-6.90718e-07
-200
-6.81963e-06
-6.55509e-07
-7.75713e-06
-5.69664e-07
-200
2.41719e-06
-1.65475e-06
-200
3.12957e-06
-1.74683e-06
-200
2.94689e-06
-1.91275e-06
-200
2.39211e-06
-2.12146e-06
-200
2.18572e-06
-1.99286e-06
-200
1.81965e-06
-1.85757e-06
-200
1.45092e-06
-1.61766e-06
-200
8.79745e-07
-1.31723e-06
-200
2.72587e-07
-1.03898e-06
-200
-4.86847e-07
-9.42976e-07
-200
-1.23518e-06
-7.94618e-07
-200
-2.55802e-06
-8.4996e-07
-200
-2.67957e-06
-9.08794e-07
-200
-3.53602e-06
-8.00337e-07
-200
-2.79812e-06
-6.61793e-07
-200
-2.9888e-06
-6.77624e-07
-3.4031e-06
-5.11736e-07
-200
-1.95067e-06
-200
-2.12328e-06
-200
-2.36047e-06
-200
-2.44271e-06
-200
-2.32694e-06
-200
-2.1048e-06
-200
-1.88615e-06
-200
-1.6315e-06
-200
-1.34314e-06
-200
-1.20883e-06
-200
-1.15622e-06
-200
-1.15884e-06
-200
-1.1499e-06
-200
-1.01228e-06
-200
-8.84246e-07
-200
-8.41267e-07
-6.60253e-07
-200
1.99425e-05
-200
2.02064e-05
-200
1.91402e-05
-200
1.81153e-05
-200
1.67285e-05
-200
1.47315e-05
-200
1.2042e-05
-200
8.56819e-06
-200
4.09131e-06
-200
-1.46543e-06
-200
-8.21827e-06
-200
-1.75215e-05
-200
-1.22574e-05
-200
-2.55833e-05
-200
-2.20747e-05
-2.21446e-05
-200
1.96956e-05
-200
2.03135e-05
-200
1.94946e-05
-200
1.8624e-05
-200
1.73467e-05
-200
1.54999e-05
-200
1.28866e-05
-200
9.43739e-06
-200
5.05181e-06
-200
-6.55333e-07
-200
-7.59416e-06
-200
-1.72625e-05
-200
-1.16071e-05
-200
-2.58604e-05
-200
-2.18162e-05
-2.22645e-05
-200
1.93057e-05
-200
1.99613e-05
-200
1.94984e-05
-200
1.8763e-05
-200
1.75911e-05
-200
1.58656e-05
-200
1.34019e-05
-200
1.00154e-05
-200
5.60794e-06
-200
-4.42245e-08
-200
-7.08811e-06
-200
-1.72561e-05
-200
-1.14217e-05
-200
-2.63099e-05
-200
-2.21341e-05
-2.28601e-05
-200
1.84527e-05
-200
1.92203e-05
-200
1.89832e-05
-200
1.83709e-05
-200
1.72881e-05
-200
1.57733e-05
-200
1.34748e-05
-200
1.02355e-05
-200
5.91707e-06
-200
1.90617e-07
-200
-6.98095e-06
-200
-1.73935e-05
-200
-1.15756e-05
-200
-2.71967e-05
-200
-2.29339e-05
-2.39564e-05
-200
1.73897e-05
-200
1.82012e-05
-200
1.80425e-05
-200
1.74569e-05
-200
1.64764e-05
-200
1.52447e-05
-200
1.32704e-05
-200
1.01957e-05
-200
5.90205e-06
-200
2.26495e-07
-200
-7.13602e-06
-200
-1.79456e-05
-200
-1.21766e-05
-200
-2.83145e-05
-200
-2.42355e-05
-2.55465e-05
-200
1.59135e-05
-200
1.68106e-05
-200
1.65492e-05
-200
1.57905e-05
-200
1.48373e-05
-200
1.41065e-05
-200
1.25805e-05
-200
9.75424e-06
-200
5.56763e-06
-200
-2.19445e-07
-200
-7.72647e-06
-200
-1.87678e-05
-200
-1.31524e-05
-200
-2.99536e-05
-200
-2.61438e-05
-2.77359e-05
-200
1.42724e-05
-200
1.5313e-05
-200
1.47316e-05
-200
1.33017e-05
-200
1.20168e-05
-200
1.23566e-05
-200
1.16487e-05
-200
9.1465e-06
-200
4.9483e-06
-200
-9.61216e-07
-200
-8.64723e-06
-200
-2.0127e-05
-200
-1.45963e-05
-200
-3.18864e-05
-200
-2.85509e-05
-3.05657e-05
-200
1.24892e-05
-200
1.36162e-05
-200
1.22536e-05
-200
9.17821e-06
-200
7.76106e-06
-200
9.35292e-06
-200
1.02732e-05
-200
8.30553e-06
-200
3.91375e-06
-200
-2.34875e-06
-200
-1.02606e-05
-200
-2.19511e-05
-200
-1.63364e-05
-200
-3.39703e-05
-200
-3.11499e-05
-3.37207e-05
-200
1.62196e-05
-200
1.55157e-05
-200
1.25765e-05
-200
1.12309e-05
-200
1.03154e-05
-200
6.27539e-06
-200
6.63691e-06
-200
7.06925e-06
-200
1.96419e-06
-200
-4.39859e-06
-200
-1.23665e-05
-200
-2.38278e-05
-200
-1.8072e-05
-200
-3.591e-05
-200
-3.29119e-05
-3.53766e-05
-200
1.70225e-05
-200
1.6713e-05
-200
1.57238e-05
-200
1.51219e-05
-200
1.35814e-05
-200
1.08365e-05
-200
7.73736e-06
-200
3.29647e-06
-200
-1.83573e-06
-200
-7.68846e-06
-200
-1.52365e-05
-200
-2.54714e-05
-200
-1.90608e-05
-200
-3.70937e-05
-200
-3.28873e-05
-3.44085e-05
-200
1.73467e-05
-200
1.7598e-05
-200
1.82188e-05
-200
1.88677e-05
-200
1.85962e-05
-200
1.68534e-05
-200
1.25408e-05
-200
7.22931e-06
-200
2.06052e-06
-200
-4.58502e-06
-200
-1.31454e-05
-200
-2.55654e-05
-200
-2.03552e-05
-200
-3.76281e-05
-200
-3.2234e-05
-3.27541e-05
-200
1.80271e-05
-200
1.71773e-05
-200
1.9633e-05
-200
2.20882e-05
-200
2.31218e-05
-200
2.23068e-05
-200
1.62225e-05
-200
1.02719e-05
-200
5.26443e-06
-200
-1.81024e-06
-200
-1.05539e-05
-200
-2.28569e-05
-200
-1.69444e-05
-200
-3.527e-05
-200
-3.21196e-05
-200
-3.22933e-05
-3.23618e-05
-200
1.98519e-05
-200
1.94709e-05
-200
2.17638e-05
-200
2.61619e-05
-200
2.77994e-05
-200
2.32211e-05
-200
1.73234e-05
-200
1.27624e-05
-200
7.41995e-06
-200
6.274e-07
-200
-7.86292e-06
-200
-1.96427e-05
-200
-1.38246e-05
-200
-3.10578e-05
-200
-2.80672e-05
-200
-2.90759e-05
-2.98091e-05
-200
2.18557e-05
-200
2.25728e-05
-200
2.40347e-05
-200
2.72688e-05
-200
2.70389e-05
-200
2.30756e-05
-200
1.91042e-05
-200
1.46437e-05
-200
9.2091e-06
-200
2.40791e-06
-200
-5.92136e-06
-200
-1.72538e-05
-200
-1.17025e-05
-200
-2.82453e-05
-200
-2.58958e-05
-200
-2.75618e-05
-2.94171e-05
-200
2.27621e-05
-200
2.42608e-05
-200
2.61068e-05
-200
2.7612e-05
-200
2.59447e-05
-200
2.31945e-05
-200
1.97358e-05
-200
1.54509e-05
-200
1.01238e-05
-200
3.53403e-06
-200
-4.48844e-06
-200
-1.53169e-05
-200
-1.02303e-05
-200
-2.58483e-05
-200
-2.37986e-05
-200
-2.52599e-05
-2.7464e-05
-200
2.235e-05
-200
2.42096e-05
-200
2.80281e-05
-200
2.72385e-05
-200
2.44147e-05
-200
2.2683e-05
-200
1.95942e-05
-200
1.55265e-05
-200
1.03847e-05
-200
4.07166e-06
-200
-3.50364e-06
-200
-1.3546e-05
-200
-8.98794e-06
-200
-2.37452e-05
-200
-2.17737e-05
-200
-2.28622e-05
-2.47574e-05
-200
2.22668e-05
-200
2.34908e-05
-200
2.63961e-05
-200
2.54283e-05
-200
2.37465e-05
-200
2.18866e-05
-200
1.8979e-05
-200
1.50824e-05
-200
1.02255e-05
-200
4.30467e-06
-200
-2.76725e-06
-200
-1.21665e-05
-200
-8.24115e-06
-200
-2.17634e-05
-200
-2.0185e-05
-200
-2.14598e-05
-2.35598e-05
-200
2.11523e-05
-200
2.21568e-05
-200
2.39959e-05
-200
2.3519e-05
-200
2.22019e-05
-200
2.03676e-05
-200
1.76571e-05
-200
1.40922e-05
-200
9.63713e-06
-200
4.2139e-06
-200
-2.18698e-06
-200
-1.05905e-05
-200
-7.4929e-06
-200
-1.94815e-05
-200
-1.79635e-05
-200
-1.9744e-05
-2.15058e-05
-200
1.94397e-05
-200
2.05707e-05
-200
2.15931e-05
-200
2.11666e-05
-200
2.00635e-05
-200
1.83755e-05
-200
1.59355e-05
-200
1.27473e-05
-200
8.77358e-06
-200
4.04003e-06
-200
-1.52934e-06
-200
-8.88543e-06
-200
-6.69361e-06
-200
-1.67512e-05
-200
-1.55603e-05
-200
-1.70389e-05
-1.87824e-05
-200
1.69324e-05
-200
1.84345e-05
-200
1.89726e-05
-200
1.82703e-05
-200
1.72855e-05
-200
1.58473e-05
-200
1.3734e-05
-200
1.10143e-05
-200
7.67227e-06
-200
3.69789e-06
-200
-9.38211e-07
-200
-7.02537e-06
-200
-5.75437e-06
-200
-1.3826e-05
-200
-1.26082e-05
-200
-1.38399e-05
-1.57224e-05
-200
1.41202e-05
-200
1.60999e-05
-200
1.63763e-05
-200
1.49142e-05
-200
1.41809e-05
-200
1.29683e-05
-200
1.12882e-05
-200
9.06386e-06
-200
6.42809e-06
-200
3.29076e-06
-200
-2.71681e-07
-200
-5.16152e-06
-200
-4.55474e-06
-200
-1.0653e-05
-200
-9.3913e-06
-200
-1.00837e-05
-1.23576e-05
-200
1.08624e-05
-200
1.44614e-05
-200
1.33506e-05
-200
1.07094e-05
-200
1.06314e-05
-200
9.75799e-06
-200
8.45454e-06
-200
6.8678e-06
-200
4.93464e-06
-200
2.77393e-06
-200
1.85385e-07
-200
-3.34616e-06
-200
-3.24813e-06
-200
-7.42577e-06
-200
-5.8651e-06
-200
-5.89837e-06
-8.47213e-06
-200
7.3706e-06
-200
9.36441e-06
-200
8.85884e-06
-200
7.57161e-06
-200
7.3033e-06
-200
6.63368e-06
-200
5.79202e-06
-200
4.6073e-06
-200
3.41309e-06
-200
1.98769e-06
-200
2.96214e-07
-200
-2.19588e-06
-200
-2.42531e-06
-200
-4.91082e-06
-200
-3.85006e-06
-200
-4.08717e-06
-5.40973e-06
-200
3.84527e-06
-200
4.67243e-06
-200
4.44975e-06
-200
3.95569e-06
-200
3.70841e-06
-200
3.39636e-06
-200
2.95639e-06
-200
2.42108e-06
-200
1.78869e-06
-200
1.12414e-06
-200
2.82925e-07
-200
-1.05649e-06
-200
-1.15732e-06
-200
-1.99388e-06
-200
-1.45418e-06
-200
-1.65811e-06
-2.25449e-06
-200
-200
-200
-200
-200
-200
-200
-200
-200
-200
-200
-200
-200
-200
-200
-200
)
;

boundaryField
{
    frontAndBack
    {
        type            calculated;
        value           uniform 0;
    }
    inlet
    {
        type            calculated;
        value           nonuniform List<scalar> 0();
    }
    outlet
    {
        type            calculated;
        value           nonuniform List<scalar> 0();
    }
    lowerWall
    {
        type            calculated;
        value           uniform 0;
    }
    upperWall
    {
        type            calculated;
        value           uniform 0;
    }
    procBoundary4to1
    {
        type            processor;
        value           nonuniform List<scalar> 
82
(
3.08543e-05
-1.34575e-05
-1.28418e-05
-1.16754e-05
-1.00947e-05
-8.20357e-06
-5.68678e-06
-2.35445e-06
1.66507e-06
6.51689e-06
1.24012e-05
1.93694e-05
2.79162e-05
2.4662e-05
3.53954e-05
200
3.17403e-05
5.50067e-07
-1.38839e-05
-1.3373e-05
-1.19732e-05
-1.05187e-05
-8.63949e-06
-6.15872e-06
-3.10174e-06
8.0511e-07
5.7559e-06
1.1646e-05
1.86845e-05
2.8009e-05
2.22238e-05
3.40881e-05
3.12184e-05
3.09482e-05
-1.38956e-05
-1.33202e-05
-1.188e-05
-1.05305e-05
-8.65143e-06
-6.23578e-06
-3.05728e-06
9.75092e-07
5.9268e-06
1.18659e-05
1.87985e-05
2.81747e-05
2.20848e-05
3.38522e-05
3.12914e-05
3.09261e-05
-1.37025e-05
-1.34656e-05
-1.19843e-05
-1.0578e-05
-8.74127e-06
-6.3598e-06
-3.19945e-06
8.74982e-07
5.82445e-06
1.17392e-05
1.86358e-05
2.79039e-05
2.17065e-05
3.33484e-05
3.11881e-05
3.06611e-05
-1.9863e-05
-1.96308e-05
-1.84968e-05
-1.7396e-05
-1.58755e-05
-1.37855e-05
-1.09679e-05
-7.43625e-06
-2.94612e-06
2.37165e-06
8.88041e-06
1.77178e-05
1.27527e-05
2.55769e-05
2.23899e-05
2.25492e-05
)
;
    }
    procBoundary4to2
    {
        type            processor;
        value           uniform -200;
    }
    procBoundary4to3
    {
        type            processor;
        value           nonuniform List<scalar> 
125
(
200
200
200
200
200
200
200
200
200
200
200
200
200
200
200
200
200
200
200
200
200
200
200
200
200
200
200
200
200
200
200
200
200
200
200
200
200
200
200
200
200
200
200
200
200
200
200
200
200
200
200
200
200
200
200
200
200
200
200
200
200
200
200
200
200
200
200
200
200
200
200
200
200
200
200
200
200
200
200
200
200
200
200
200
200
200
200
200
200
200
200
200
200
200
200
200
200
200
200
200
200
200
200
200
200
200
200
200
200
200
200
200
200
200
200
200
200
200
200
200
200
200
200
200
200
)
;
    }
    procBoundary4to5
    {
        type            processor;
        value           nonuniform List<scalar> 
135
(
-200
-200
-200
-200
-200
-200
4.54314e-05
-200
5.69354e-07
-200
-200
-200
-200
-200
-200
-200
-200
-200
-200
-200
-200
-200
-200
-200
-200
-200
-200
-200
-200
-200
-200
-200
-200
-200
4.64838e-05
-200
2.70092e-07
-200
-9.61008e-07
-200
-200
-200
-200
-200
-200
-200
-200
-200
-200
-200
-200
-200
-200
-200
-200
-200
-200
-200
-200
-200
-200
-200
-200
-200
5.0858e-05
-200
-4.78024e-07
-200
-200
-200
-200
-200
-200
-200
-200
-200
-200
-200
-200
-200
-200
-200
-200
-200
-200
-200
-200
-200
-200
-200
-200
-200
4.87457e-05
-200
-4.90485e-07
-200
-200
-200
-200
-200
-200
-200
-200
-200
-200
-200
-200
-200
-200
-200
-200
-200
-200
-200
-200
-200
-200
-200
-200
-200
3.43735e-05
-200
-200
-200
-200
-200
-200
-200
-200
-200
-200
-200
-200
-200
-200
)
;
    }
}


// ************************************************************************* //
