/*--------------------------------*- C++ -*----------------------------------*\
  =========                 |
  \\      /  F ield         | OpenFOAM: The Open Source CFD Toolbox
   \\    /   O peration     | Website:  https://openfoam.org
    \\  /    A nd           | Version:  10
     \\/     M anipulation  |
\*---------------------------------------------------------------------------*/
FoamFile
{
    format      ascii;
    class       volVectorField;
    location    "20";
    object      U;
}
// * * * * * * * * * * * * * * * * * * * * * * * * * * * * * * * * * * * * * //

dimensions      [0 1 -1 0 0 0 0];

internalField   nonuniform List<vector> 
2083
(
(-10 -1.56579e-06 2.73191e-08)
(-10 7.2732e-07 -8.92858e-09)
(-10 6.93805e-07 1.02896e-08)
(-10 6.38493e-07 -7.36818e-10)
(-10 5.63708e-07 -4.74543e-08)
(-10 4.66418e-07 -3.60017e-08)
(-10 3.37558e-07 -3.33871e-08)
(-10 1.71363e-07 -5.24724e-08)
(-10 -3.46417e-08 -5.6579e-08)
(-10 -2.85034e-07 -3.55722e-08)
(-10 -5.86384e-07 -7.75522e-09)
(-10 -9.4621e-07 -5.33562e-10)
(-10 -1.39227e-06 2.15982e-08)
(-10 -1.21469e-06 1.28856e-08)
(-10 -1.78624e-06 7.36371e-09)
(-10 -1.57153e-06 2.55421e-08)
(-10 -1.59322e-06 -6.83518e-11)
(-10 5.61573e-07 3.75726e-08)
(-10 5.40274e-07 8.37352e-10)
(-10 4.99767e-07 2.43731e-09)
(-10 4.38798e-07 9.33405e-09)
(-10 3.52814e-07 -1.78843e-08)
(-10 2.34465e-07 -3.9065e-08)
(-10 7.5505e-08 -2.37149e-08)
(-10 -1.25109e-07 -1.80574e-08)
(-10 -3.7345e-07 -6.1241e-09)
(-10 -6.76872e-07 -8.69515e-09)
(-10 -1.04598e-06 1.23642e-08)
(-10 -1.51675e-06 2.94604e-08)
(-10 -1.28952e-06 4.21251e-08)
(-10 -1.90959e-06 5.37345e-08)
(-10 -1.67321e-06 2.85057e-08)
(-10 -1.70803e-06 3.30575e-08)
(-10 4.783e-07 -3.97753e-09)
(-10 4.65674e-07 2.62764e-08)
(-10 4.34554e-07 1.62412e-08)
(-10 3.8211e-07 -2.45902e-08)
(-10 3.02643e-07 -8.76391e-09)
(-10 1.87922e-07 -5.6588e-09)
(-10 3.49577e-08 -3.016e-08)
(-10 -1.62638e-07 -3.16409e-08)
(-10 -4.12368e-07 -1.73098e-08)
(-10 -7.22127e-07 7.64e-09)
(-10 -1.10403e-06 9.98512e-09)
(-10 -1.59725e-06 2.04867e-08)
(-10 -1.35561e-06 1.33518e-08)
(-10 -2.01329e-06 1.91065e-08)
(-10 -1.76276e-06 3.26281e-08)
(-10 -1.81294e-06 -9.70068e-09)
(-10 4.23381e-07 5.74422e-08)
(-10 4.1873e-07 7.65723e-09)
(-10 3.97975e-07 5.56647e-09)
(-10 3.52566e-07 2.46472e-08)
(-10 2.77802e-07 9.2961e-10)
(-10 1.65893e-07 -1.44145e-08)
(-10 1.99118e-08 5.69138e-09)
(-10 -1.73612e-07 1.17166e-08)
(-10 -4.23744e-07 1.71204e-08)
(-10 -7.39592e-07 8.24885e-09)
(-10 -1.13373e-06 2.09147e-08)
(-10 -1.64687e-06 2.29623e-08)
(-10 -1.3837e-06 2.16486e-08)
(-10 -2.0801e-06 4.12081e-08)
(-10 -1.82871e-06 1.04863e-08)
(-10 -1.88718e-06 2.86444e-08)
(-10 3.62105e-07 -8.01249e-09)
(-10 3.64682e-07 1.91882e-08)
(-10 3.47878e-07 1.65347e-08)
(-10 3.094e-07 -2.23802e-08)
(-10 2.35188e-07 4.08106e-09)
(-10 1.21459e-07 1.87401e-08)
(-10 -1.56225e-08 -3.47488e-09)
(-10 -2.01381e-07 -1.70213e-09)
(-10 -4.51571e-07 3.51193e-09)
(-10 -7.72879e-07 2.34912e-08)
(-10 -1.17965e-06 1.2179e-08)
(-10 -1.71197e-06 1.4344e-08)
(-10 -1.43842e-06 7.19902e-09)
(-10 -2.1575e-06 -3.38261e-09)
(-10 -1.90818e-06 1.64932e-08)
(-10 -1.98059e-06 -1.77848e-08)
(-10 2.59914e-07 4.44895e-08)
(-10 2.7202e-07 -2.62474e-09)
(-10 2.5753e-07 -1.93455e-08)
(-10 2.26885e-07 1.01819e-08)
(-10 1.08494e-07 1.10527e-08)
(-10 -3.34914e-08 1.87134e-08)
(-10 -1.11163e-07 3.32223e-08)
(-10 -2.74674e-07 2.73552e-08)
(-10 -5.31977e-07 2.4609e-08)
(-10 -8.59501e-07 8.92834e-09)
(-10 -1.27835e-06 1.15096e-08)
(-10 -1.83005e-06 6.71767e-09)
(-10 -1.54526e-06 1.15443e-08)
(-10 -2.29727e-06 1.45055e-08)
(-10 -2.05744e-06 -1.89486e-08)
(-10 -2.12741e-06 1.98008e-08)
(-10 1.09414e-07 -3.38718e-08)
(-10 1.14126e-07 -6.66878e-10)
(-10 9.58666e-08 -2.42756e-08)
(-10 1.38813e-08 -6.1903e-08)
(-10 -5.65653e-09 1.83229e-08)
(-10 -6.82017e-08 6.90345e-08)
(-10 -1.71675e-07 1.55005e-08)
(-10 -3.59815e-07 -1.8224e-08)
(-10 -6.18097e-07 -2.83124e-09)
(-10 -9.55972e-07 1.05341e-08)
(-10 -1.3842e-06 -2.75396e-09)
(-10 -1.94741e-06 -1.61947e-10)
(-10 -1.661e-06 4.82614e-10)
(-10 -2.42541e-06 -5.27713e-09)
(-10 -2.16028e-06 4.33441e-08)
(-10 -2.24394e-06 1.83767e-08)
(-10 -2.35705e-06 2.62254e-08)
(-10 -1.65907e-07 -7.91857e-09)
(-10 -1.78089e-07 -2.45733e-08)
(-10 -2.70198e-07 -2.25356e-08)
(-10 -2.85744e-07 1.6187e-08)
(-10 -9.86624e-08 2.10497e-08)
(-10 -7.15323e-08 1.94076e-08)
(-10 -2.65527e-07 2.56192e-08)
(-10 -4.80136e-07 1.99069e-08)
(-10 -7.43505e-07 1.81687e-08)
(-10 -1.09418e-06 -2.23293e-09)
(-10 -1.53455e-06 6.77575e-10)
(-10 -2.10178e-06 -1.45846e-08)
(-10 -1.8002e-06 5.59417e-11)
(-10 -2.58448e-06 1.68603e-08)
(-10 -2.32043e-06 -2.99377e-09)
(-10 -2.40741e-06 8.71033e-09)
(-10 -2.46452e-06 -1.45055e-09)
(-10 -2.6708e-07 -3.73256e-08)
(-10 -2.63733e-07 1.11651e-09)
(-10 -3.04245e-07 3.69837e-08)
(-10 -3.09397e-07 7.9852e-09)
(-10 -2.30724e-07 9.58159e-09)
(-10 -2.66601e-07 1.79284e-08)
(-10 -3.77159e-07 9.55002e-09)
(-10 -5.8216e-07 8.74623e-09)
(-10 -8.82785e-07 4.93969e-09)
(-10 -1.26283e-06 2.08381e-08)
(-10 -1.7367e-06 6.90023e-09)
(-10 -2.32468e-06 5.5481e-09)
(-10 -2.0364e-06 6.71341e-09)
(-10 -2.81713e-06 -1.87316e-08)
(-10 -2.54835e-06 7.26957e-09)
(-10 -2.55079e-06 2.20585e-08)
(-10 -2.54499e-06 1.40672e-08)
(-10 -6.82962e-08 -1.37104e-08)
(-10 -1.37764e-07 7.66561e-09)
(-10 -1.56835e-07 8.75165e-09)
(-10 -1.44108e-07 3.38713e-08)
(-10 -2.06062e-07 -5.69148e-10)
(-10 -3.70435e-07 -1.28785e-08)
(-10 -5.24918e-07 6.66535e-09)
(-10 -7.12981e-07 1.37937e-08)
(-10 -1.01956e-06 1.02622e-08)
(-10 -1.4022e-06 7.29692e-09)
(-10 -1.83181e-06 2.73449e-08)
(-10 -2.36767e-06 1.35709e-08)
(-10 -2.05962e-06 -5.40873e-09)
(-10 -2.83323e-06 2.13669e-08)
(-10 -2.53937e-06 -1.07883e-08)
(-10 -2.51191e-06 -1.8132e-08)
(-10 -2.49037e-06 3.8138e-08)
(-10 9.9312e-08 -8.79638e-09)
(-10 3.75248e-08 1.34996e-08)
(-10 8.64385e-09 1.50537e-08)
(-10 2.47015e-08 -1.30649e-08)
(-10 -8.8991e-08 -1.13256e-08)
(-10 -3.06913e-07 -1.95485e-08)
(-10 -5.14389e-07 -4.278e-08)
(-10 -7.40872e-07 -5.58938e-08)
(-10 -9.91836e-07 -4.48378e-08)
(-10 -1.30162e-06 1.46994e-08)
(-10 -1.6774e-06 1.03657e-08)
(-10 -2.19044e-06 -1.49041e-09)
(-10 -1.88621e-06 -8.58673e-09)
(-10 -2.63129e-06 -4.12833e-08)
(-10 -2.35307e-06 -1.90465e-08)
(-10 -2.37313e-06 -7.57151e-09)
(-10 -2.39505e-06 -2.43235e-08)
(-10 2.44716e-07 -1.10921e-08)
(-10 2.09048e-07 2.5142e-09)
(-10 1.88572e-07 -2.23069e-10)
(-10 1.5317e-07 3.62274e-08)
(-10 5.13522e-08 7.14394e-09)
(-10 -1.06532e-07 -8.77122e-10)
(-10 -3.11297e-07 1.09931e-08)
(-10 -5.58161e-07 2.04752e-09)
(-10 -7.97525e-07 -6.71642e-09)
(-10 -1.09033e-06 -2.53166e-08)
(-10 -1.50193e-06 -2.11081e-08)
(-10 -2.0496e-06 -3.90096e-08)
(-10 -1.76451e-06 -2.84211e-08)
(-10 -2.50483e-06 -6.5735e-09)
(-10 -2.25294e-06 -3.65897e-08)
(-10 -2.29416e-06 -3.07742e-08)
(-10 -2.35575e-06 2.36653e-08)
(-10 3.62508e-07 -1.95098e-08)
(-10 3.46799e-07 -1.62388e-09)
(-10 3.3333e-07 1.27755e-08)
(-10 2.97921e-07 5.31812e-09)
(-10 1.99951e-07 2.26911e-08)
(-10 5.85563e-08 1.11026e-08)
(-10 -1.2193e-07 -8.32059e-10)
(-10 -3.45896e-07 -6.8354e-09)
(-10 -6.1629e-07 -1.68069e-08)
(-10 -9.50658e-07 -1.13111e-08)
(-10 -1.3695e-06 -2.30797e-08)
(-10 -1.90776e-06 -2.04575e-08)
(-10 -1.64194e-06 -2.15516e-08)
(-10 -2.37159e-06 -4.82806e-08)
(-10 -2.12826e-06 -2.86983e-08)
(-10 -2.18409e-06 -1.14991e-08)
(-10 -2.25816e-06 -2.14335e-08)
(-10 4.49736e-07 -9.44398e-09)
(-10 4.4968e-07 -1.14883e-09)
(-10 4.46871e-07 -1.4254e-09)
(-10 4.0562e-07 4.42419e-08)
(-10 3.04956e-07 1.07604e-08)
(-10 1.72206e-07 -6.89743e-10)
(-10 -1.24889e-09 5.39472e-09)
(-10 -2.20662e-07 2.18076e-10)
(-10 -4.92012e-07 -4.06205e-09)
(-10 -8.24187e-07 -2.77119e-08)
(-10 -1.23524e-06 -2.56613e-08)
(-10 -1.76069e-06 -3.01374e-08)
(-10 -1.51447e-06 -2.93019e-08)
(-10 -2.22899e-06 -2.10524e-08)
(-10 -1.99995e-06 -6.06783e-08)
(-10 -2.05542e-06 -3.16444e-08)
(-10 -2.14413e-06 2.52597e-08)
(-10 4.90375e-07 -4.35353e-09)
(-10 5.24219e-07 3.89231e-09)
(-10 5.65413e-07 8.4497e-09)
(-10 5.03726e-07 -3.43397e-09)
(-10 3.70051e-07 1.32482e-08)
(-10 2.47092e-07 6.02711e-09)
(-10 8.22393e-08 -1.00433e-08)
(-10 -1.29263e-07 -1.70253e-08)
(-10 -3.90643e-07 -2.04983e-08)
(-10 -7.13393e-07 -1.1779e-08)
(-10 -1.10752e-06 -2.22476e-08)
(-10 -1.60937e-06 -2.70775e-08)
(-10 -1.38213e-06 -2.4538e-08)
(-10 -2.0657e-06 -4.54782e-08)
(-10 -1.8432e-06 -2.03297e-08)
(-10 -1.89305e-06 -1.15066e-08)
(-10 -1.97396e-06 -1.74866e-08)
(-10 5.11669e-07 2.49632e-08)
(-10 5.55709e-07 -4.26316e-09)
(-10 6.47087e-07 -4.95806e-08)
(-10 5.5628e-07 9.37754e-09)
(-10 4.15283e-07 1.6471e-08)
(-10 3.00534e-07 -1.05335e-08)
(-10 1.44041e-07 -4.03349e-09)
(-10 -5.81346e-08 -2.16379e-09)
(-10 -3.07877e-07 -4.56885e-09)
(-10 -6.14776e-07 -2.1161e-08)
(-10 -9.87311e-07 -1.8969e-08)
(-10 -1.46034e-06 -2.53844e-08)
(-10 -1.26693e-06 -3.06976e-08)
(-10 -1.90153e-06 -3.14715e-08)
(-10 -1.69361e-06 -5.72235e-08)
(-10 -1.7407e-06 -4.06826e-08)
(-10 -1.82531e-06 -2.81314e-08)
(-10 5.28664e-07 6.27328e-09)
(-10 5.61679e-07 4.0722e-09)
(-10 5.98187e-07 -1.01129e-09)
(-10 5.50203e-07 -2.45575e-08)
(-10 4.48665e-07 2.94302e-09)
(-10 3.33821e-07 8.71917e-10)
(-10 1.81214e-07 -1.77592e-08)
(-10 -9.54517e-09 -1.96085e-08)
(-10 -2.45722e-07 -1.64888e-08)
(-10 -5.33765e-07 -9.4187e-10)
(-10 -8.83871e-07 -9.03646e-09)
(-10 -1.32462e-06 -1.96844e-08)
(-10 -1.16586e-06 -1.90717e-08)
(-10 -1.74641e-06 -3.20218e-08)
(-10 -1.56867e-06 1.49188e-09)
(-10 -1.62921e-06 -4.26306e-09)
(-10 -1.70857e-06 -1.08893e-09)
(-10 5.16698e-07 1.26835e-08)
(-10 5.46351e-07 7.57605e-11)
(-10 5.58832e-07 -1.05826e-08)
(-10 5.18563e-07 2.63898e-09)
(-10 4.45158e-07 -1.52168e-08)
(-10 3.42658e-07 -2.85704e-08)
(-10 1.99998e-07 -1.17165e-08)
(-10 2.28204e-08 6.25128e-10)
(-10 -1.94833e-07 6.10664e-09)
(-10 -4.59269e-07 -2.42785e-09)
(-10 -7.79091e-07 1.2802e-09)
(-10 -1.18076e-06 -1.03628e-08)
(-10 -1.04918e-06 -1.77616e-08)
(-10 -1.57318e-06 -7.1745e-09)
(-10 -1.41367e-06 -2.47426e-08)
(-10 -1.46842e-06 -1.19712e-08)
(-10 -1.57619e-06 9.60998e-09)
(-10 4.72497e-07 7.39051e-09)
(-10 5.17257e-07 5.04082e-09)
(-10 5.18146e-07 -1.11147e-08)
(-10 4.76491e-07 -4.00522e-08)
(-10 4.14713e-07 -2.4917e-08)
(-10 3.24117e-07 -1.56993e-08)
(-10 1.96718e-07 -1.50752e-08)
(-10 3.5243e-08 -7.44419e-09)
(-10 -1.57067e-07 1.87135e-09)
(-10 -3.91554e-07 1.62367e-08)
(-10 -6.7474e-07 8.81203e-09)
(-10 -1.03212e-06 -3.10884e-09)
(-10 -9.2413e-07 -1.03478e-08)
(-10 -1.37881e-06 -1.78512e-08)
(-10 -1.24299e-06 1.1687e-08)
(-10 -1.30467e-06 1.78328e-09)
(-10 -1.39567e-06 -8.38642e-09)
(-10 4.20443e-07 6.42293e-09)
(-10 5.32765e-07 -1.40185e-08)
(-10 4.79108e-07 -3.1374e-08)
(-10 4.09984e-07 -1.66286e-08)
(-10 3.67304e-07 -2.90354e-08)
(-10 2.90447e-07 -2.86593e-08)
(-10 1.83122e-07 -4.17842e-09)
(-10 4.46974e-08 1.55725e-08)
(-10 -1.19936e-07 2.16854e-08)
(-10 -3.17647e-07 1.58094e-08)
(-10 -5.56437e-07 1.66972e-08)
(-10 -8.58455e-07 -9.65863e-10)
(-10 -7.67639e-07 -9.93175e-09)
(-10 -1.15583e-06 2.55125e-10)
(-10 -1.02452e-06 -8.20014e-09)
(-10 -1.08265e-06 -8.086e-09)
(-10 -1.18977e-06 1.2007e-08)
(-10 3.32932e-07 -6.80373e-09)
(-10 4.8407e-07 -7.48363e-08)
(-10 4.21347e-07 -4.99648e-08)
(-10 3.37663e-07 -2.2014e-08)
(-10 3.05921e-07 -2.42461e-08)
(-10 2.41501e-07 -7.92369e-09)
(-10 1.54013e-07 2.82341e-09)
(-10 4.02957e-08 1.47712e-08)
(-10 -9.85657e-08 2.21492e-08)
(-10 -2.59768e-07 3.24427e-08)
(-10 -4.52053e-07 1.79816e-08)
(-10 -6.98479e-07 3.37167e-09)
(-10 -6.48589e-07 -9.48446e-09)
(-10 -9.32758e-07 -3.25093e-08)
(-10 -8.33327e-07 -2.54147e-08)
(-10 -8.85974e-07 -2.22173e-08)
(-10 -9.69888e-07 -7.30259e-09)
(-10 2.48654e-07 -3.00661e-09)
(-10 3.31284e-07 -3.56011e-08)
(-10 3.31863e-07 -4.20639e-08)
(-10 2.75615e-07 -1.86988e-08)
(-10 2.38117e-07 -1.97235e-08)
(-10 1.87135e-07 -1.29554e-08)
(-10 1.17633e-07 9.287e-09)
(-10 2.92988e-08 2.95931e-08)
(-10 -8.17428e-08 3.52638e-08)
(-10 -2.04625e-07 3.52719e-08)
(-10 -3.5059e-07 3.05916e-08)
(-10 -5.46484e-07 1.38963e-08)
(-10 -5.03079e-07 3.32513e-09)
(-10 -7.48588e-07 4.42636e-09)
(-10 -6.5787e-07 -1.95176e-09)
(-10 -6.97128e-07 3.75435e-09)
(-10 -7.93875e-07 1.10324e-08)
(-10 2.36442e-07 -1.55784e-08)
(-10 3.00806e-07 -3.51419e-08)
(-10 3.03077e-07 -4.44067e-08)
(-10 2.76518e-07 -4.35494e-08)
(-10 2.44538e-07 -3.56793e-08)
(-10 2.03736e-07 -1.93678e-08)
(-10 1.55513e-07 -4.38478e-09)
(-10 9.01002e-08 1.02266e-08)
(-10 1.89748e-08 2.05295e-08)
(-10 -6.83204e-08 2.37247e-08)
(-10 -1.74038e-07 1.98212e-08)
(-10 -3.2209e-07 1.24891e-08)
(-10 -3.35793e-07 -1.4905e-09)
(-10 -4.72436e-07 -1.80133e-08)
(-10 -4.39768e-07 -1.21347e-08)
(-10 -4.84079e-07 9.73875e-10)
(-10 -5.11363e-07 -8.76847e-10)
(-10 1.58589e-07 -4.3166e-08)
(-10 1.82876e-07 -4.69214e-08)
(-10 1.8475e-07 -5.47382e-08)
(-10 1.6343e-07 -4.69784e-08)
(-10 1.39709e-07 -4.12377e-08)
(-10 1.16127e-07 -3.87613e-08)
(-10 8.94733e-08 -2.00531e-08)
(-10 5.95688e-08 -1.13226e-08)
(-10 2.82207e-08 6.61115e-09)
(-10 -1.87919e-08 5.19092e-09)
(-10 -8.26274e-08 2.73533e-09)
(-10 -1.79916e-07 -1.81695e-09)
(-10 -2.07729e-07 -1.87892e-08)
(-10 -3.00522e-07 -2.60431e-08)
(-10 -2.45595e-07 -2.18839e-08)
(-10 -2.59095e-07 -1.46343e-08)
(-10 -2.82542e-07 -7.2047e-09)
(-10 -5.09965e-09 -5.57074e-08)
(-10 -2.16637e-09 -6.71686e-08)
(-10 -4.41251e-10 -7.2703e-08)
(-10 -6.96103e-09 -6.67066e-08)
(-10 -1.2566e-08 -6.46215e-08)
(-10 -1.95081e-08 -5.4038e-08)
(-10 -2.53106e-08 -3.84397e-08)
(-10 -2.79387e-08 -2.86912e-08)
(-10 -3.31945e-08 -2.187e-08)
(-10 -4.698e-08 -1.53891e-08)
(-10 -5.71145e-08 -1.00717e-08)
(-10 -8.96039e-08 -1.89763e-08)
(-10 -9.70558e-08 -3.0795e-08)
(-10 -9.51473e-08 -3.74053e-08)
(-10 -9.43339e-08 -3.18126e-08)
(-10 -9.84325e-08 -2.12377e-08)
(-10 -9.35167e-08 -1.47255e-08)
(-10 7.67779e-07 2.04187e-08)
(-10 7.25025e-07 4.25614e-08)
(-10 6.61224e-07 3.10607e-08)
(-10 5.84974e-07 -2.50447e-09)
(-10 4.98299e-07 -1.27472e-08)
(-10 3.72139e-07 -3.20466e-08)
(-10 2.10753e-07 -7.04736e-08)
(-10 1.92305e-08 -5.1031e-08)
(-10 -2.33961e-07 -1.20005e-08)
(-10 -5.2568e-07 -4.99266e-09)
(-10 -8.85887e-07 3.1461e-08)
(-10 -1.36461e-06 6.88444e-08)
(-10 -1.05791e-06 4.59774e-08)
(-10 -1.71518e-06 4.72887e-08)
(-10 -1.54549e-06 4.04417e-08)
(-10 -1.54739e-06 1.70607e-08)
(-10 6.06857e-07 3.47495e-08)
(-10 5.65251e-07 2.01431e-08)
(-10 5.10553e-07 2.0175e-08)
(-10 4.50055e-07 3.21368e-08)
(-10 3.67202e-07 -8.47634e-09)
(-10 2.52606e-07 -3.53949e-08)
(-10 1.00369e-07 -2.95177e-08)
(-10 -9.86249e-08 -2.47734e-08)
(-10 -3.32257e-07 -2.02678e-08)
(-10 -6.22867e-07 1.98927e-08)
(-10 -9.8159e-07 4.77849e-08)
(-10 -1.44738e-06 6.14168e-08)
(-10 -1.14307e-06 7.29603e-08)
(-10 -1.68478e-06 6.16958e-08)
(-10 -1.63089e-06 5.62449e-08)
(-10 -1.62918e-06 4.45562e-08)
(-10 5.21376e-07 9.34731e-09)
(-10 5.00394e-07 3.83696e-08)
(-10 4.67985e-07 2.14874e-08)
(-10 4.16847e-07 -1.78361e-08)
(-10 3.4068e-07 -3.65811e-09)
(-10 2.22893e-07 -3.2589e-09)
(-10 6.71669e-08 -4.53895e-08)
(-10 -1.21724e-07 -3.44383e-08)
(-10 -3.61439e-07 4.01443e-10)
(-10 -6.50188e-07 -2.14191e-09)
(-10 -1.00609e-06 1.49952e-08)
(-10 -1.50039e-06 5.38493e-08)
(-10 -1.17088e-06 3.078e-08)
(-10 -1.81862e-06 4.11952e-08)
(-10 -1.64924e-06 3.07007e-08)
(-10 -1.66525e-06 -1.04093e-08)
(-10 4.73529e-07 4.71612e-08)
(-10 4.69384e-07 1.92429e-08)
(-10 4.50741e-07 1.42927e-08)
(-10 4.04203e-07 2.39837e-08)
(-10 3.28877e-07 -1.35896e-08)
(-10 2.15597e-07 -2.74092e-08)
(-10 6.59413e-08 2.9131e-10)
(-10 -1.24182e-07 1.02709e-08)
(-10 -3.58856e-07 3.19298e-09)
(-10 -6.51407e-07 2.64501e-08)
(-10 -1.00797e-06 4.26915e-08)
(-10 -1.52644e-06 2.91571e-08)
(-10 -1.19386e-06 2.93507e-08)
(-10 -1.73257e-06 3.44433e-08)
(-10 -1.71349e-06 2.95474e-08)
(-10 -1.74761e-06 2.07867e-08)
(-10 4.15511e-07 1.93016e-09)
(-10 4.20066e-07 2.30957e-08)
(-10 4.13428e-07 1.52028e-08)
(-10 3.69949e-07 -2.77283e-08)
(-10 2.94843e-07 -3.84082e-09)
(-10 1.86955e-07 9.14232e-09)
(-10 4.76733e-08 -1.45497e-08)
(-10 -1.31888e-07 5.57223e-09)
(-10 -3.61859e-07 3.05063e-08)
(-10 -6.56351e-07 1.30359e-08)
(-10 -1.0224e-06 1.07756e-08)
(-10 -1.56251e-06 4.18369e-08)
(-10 -1.22548e-06 2.62504e-08)
(-10 -1.84261e-06 2.57109e-08)
(-10 -1.80462e-06 1.71463e-08)
(-10 -1.83051e-06 -3.49108e-08)
(-10 3.17298e-07 5.11312e-08)
(-10 3.31283e-07 4.24926e-09)
(-10 3.21006e-07 -2.1332e-08)
(-10 2.67825e-07 4.33279e-09)
(-10 1.90073e-07 -8.845e-09)
(-10 1.0299e-07 1.33752e-08)
(-10 -8.73598e-09 4.1177e-08)
(-10 -1.76623e-07 3.58422e-08)
(-10 -4.09286e-07 2.38182e-08)
(-10 -7.01198e-07 3.46111e-08)
(-10 -1.08589e-06 3.07469e-08)
(-10 -1.64649e-06 1.6473e-08)
(-10 -1.31079e-06 2.1933e-08)
(-10 -1.98386e-06 2.10602e-08)
(-10 -1.93817e-06 -1.18772e-09)
(-10 -1.98962e-06 3.29645e-09)
(-10 1.98511e-07 -1.83634e-08)
(-10 2.12035e-07 2.64504e-09)
(-10 1.70412e-07 -1.52127e-08)
(-10 6.15688e-08 -5.92144e-08)
(-10 6.45186e-08 6.34435e-08)
(-10 6.20302e-08 1.21125e-07)
(-10 -6.07098e-08 3.70119e-08)
(-10 -2.24137e-07 1.52953e-08)
(-10 -4.55357e-07 4.38679e-08)
(-10 -7.54237e-07 2.82971e-08)
(-10 -1.15032e-06 1.37472e-08)
(-10 -1.73629e-06 4.18439e-08)
(-10 -1.39943e-06 3.36872e-08)
(-10 -2.05744e-06 3.13978e-08)
(-10 -2.05918e-06 2.84263e-08)
(-10 -2.14932e-06 4.05999e-09)
(-10 -9.96072e-08 6.77377e-09)
(-10 -6.22165e-08 1.20362e-08)
(-10 -8.03246e-08 9.74978e-09)
(-10 -1.25338e-07 5.39592e-08)
(-10 -7.82253e-08 2.42121e-08)
(-10 -3.42147e-08 3.30075e-09)
(-10 -1.22041e-07 5.37269e-08)
(-10 -2.92595e-07 4.59323e-08)
(-10 -5.24385e-07 2.94853e-08)
(-10 -8.4535e-07 3.30582e-08)
(-10 -1.25943e-06 3.33004e-08)
(-10 -1.86794e-06 1.71335e-09)
(-10 -1.5167e-06 2.97421e-08)
(-10 -2.2558e-06 4.58182e-08)
(-10 -2.18232e-06 1.4673e-08)
(-10 -2.24484e-06 2.28459e-08)
(-10 -2.39929e-06 2.92646e-08)
(-10 -2.06517e-07 7.29785e-09)
(-10 -2.10853e-07 9.63687e-08)
(-10 -2.46476e-07 1.32758e-07)
(-10 -2.07428e-07 -4.44832e-09)
(-10 -1.81355e-07 -1.03689e-07)
(-10 -2.05436e-07 -3.11293e-10)
(-10 -2.23764e-07 4.07412e-08)
(-10 -3.78033e-07 4.04624e-08)
(-10 -6.42957e-07 5.81711e-08)
(-10 -9.923e-07 3.12665e-08)
(-10 -1.4428e-06 1.87611e-08)
(-10 -2.09111e-06 3.36563e-08)
(-10 -1.73252e-06 3.04873e-08)
(-10 -2.48947e-06 3.79837e-08)
(-10 -2.37734e-06 1.99145e-08)
(-10 -2.46744e-06 -2.9123e-08)
(-10 -2.54933e-06 -2.9388e-08)
(-10 1.15891e-08 9.25959e-08)
(-10 -5.4835e-08 1.4438e-07)
(-10 -1.19129e-07 7.73839e-08)
(-10 -8.46196e-08 3.30292e-08)
(-10 -1.08773e-07 -1.38648e-07)
(-10 -3.00457e-07 -6.1477e-08)
(-10 -4.2889e-07 2.58866e-08)
(-10 -5.84292e-07 5.07471e-08)
(-10 -8.42387e-07 4.9742e-08)
(-10 -1.18138e-06 6.6283e-08)
(-10 -1.60204e-06 9.92086e-08)
(-10 -2.18447e-06 9.2328e-08)
(-10 -1.80499e-06 9.08107e-08)
(-10 -2.60544e-06 8.99295e-08)
(-10 -2.45449e-06 4.55945e-08)
(-10 -2.45841e-06 3.83746e-08)
(-10 -2.52658e-06 -2.40358e-08)
(-10 1.40716e-07 7.10784e-08)
(-10 1.0773e-07 9.71141e-08)
(-10 9.61457e-08 1.00995e-07)
(-10 1.83257e-07 -7.16642e-08)
(-10 1.83294e-08 -1.03587e-07)
(-10 -1.89634e-07 -2.69192e-08)
(-10 -3.80467e-07 -1.12118e-08)
(-10 -5.86573e-07 -4.12681e-08)
(-10 -8.1547e-07 -1.00737e-08)
(-10 -1.13121e-06 1.09362e-08)
(-10 -1.525e-06 1.00083e-08)
(-10 -2.06173e-06 1.36101e-08)
(-10 -1.68613e-06 3.42863e-09)
(-10 -2.25888e-06 -6.02816e-09)
(-10 -2.26486e-06 -1.23918e-08)
(-10 -2.33629e-06 -9.4573e-08)
(-10 -2.37962e-06 -9.67643e-08)
(-10 2.88453e-07 5.41635e-08)
(-10 2.96934e-07 4.61803e-08)
(-10 2.97286e-07 2.23654e-08)
(-10 3.17738e-07 -2.73224e-08)
(-10 2.64402e-07 -3.93618e-08)
(-10 1.11556e-07 6.09072e-09)
(-10 -8.15564e-08 3.56994e-08)
(-10 -2.91058e-07 7.75666e-09)
(-10 -5.51949e-07 -2.06205e-08)
(-10 -8.95912e-07 -4.03996e-09)
(-10 -1.32394e-06 -1.46292e-08)
(-10 -1.92196e-06 -5.23287e-08)
(-10 -1.55647e-06 -2.83436e-08)
(-10 -2.40119e-06 -1.65622e-08)
(-10 -2.20793e-06 -4.60378e-08)
(-10 -2.20034e-06 -3.2558e-08)
(-10 -2.32144e-06 -6.92855e-08)
(-10 4.06907e-07 -2.45312e-08)
(-10 4.30728e-07 7.74093e-09)
(-10 4.32963e-07 4.00981e-08)
(-10 4.57945e-07 -2.41495e-09)
(-10 3.99198e-07 1.88154e-08)
(-10 2.7014e-07 4.21274e-08)
(-10 9.43995e-08 1.01214e-08)
(-10 -1.34868e-07 -7.05007e-09)
(-10 -4.24581e-07 -9.15401e-09)
(-10 -7.90318e-07 -3.39878e-08)
(-10 -1.22958e-06 -5.12313e-08)
(-10 -1.82575e-06 -4.06651e-08)
(-10 -1.47596e-06 -4.75624e-08)
(-10 -2.05628e-06 -4.9526e-08)
(-10 -2.10189e-06 -2.27981e-08)
(-10 -2.18087e-06 -8.53782e-08)
(-10 -2.22344e-06 -4.09891e-08)
(-10 5.05929e-07 2.96101e-09)
(-10 5.42801e-07 2.0392e-09)
(-10 5.54943e-07 -3.05628e-09)
(-10 5.85472e-07 3.86548e-08)
(-10 5.20593e-07 1.24242e-08)
(-10 4.00859e-07 2.05557e-09)
(-10 2.29842e-07 1.8167e-08)
(-10 -5.60347e-09 -1.12861e-08)
(-10 -3.11668e-07 -4.54307e-08)
(-10 -6.73638e-07 -2.84495e-08)
(-10 -1.10932e-06 -4.21531e-08)
(-10 -1.69882e-06 -7.31788e-08)
(-10 -1.35097e-06 -5.26095e-08)
(-10 -2.09998e-06 -1.68791e-08)
(-10 -1.9924e-06 -4.59549e-08)
(-10 -2.0467e-06 -3.05799e-08)
(-10 -2.14697e-06 -1.60623e-08)
(-10 5.63135e-07 -2.07976e-08)
(-10 6.24134e-07 -9.92251e-10)
(-10 6.4725e-07 1.74421e-08)
(-10 6.91902e-07 -3.84134e-09)
(-10 5.94702e-07 2.92982e-08)
(-10 4.79037e-07 1.72791e-08)
(-10 3.03025e-07 -1.97657e-08)
(-10 6.13117e-08 -3.1909e-08)
(-10 -2.44272e-07 -2.094e-08)
(-10 -6.00552e-07 -3.91423e-08)
(-10 -1.01758e-06 -5.54613e-08)
(-10 -1.57851e-06 -4.30697e-08)
(-10 -1.26538e-06 -4.2248e-08)
(-10 -1.86843e-06 -5.54971e-08)
(-10 -1.8721e-06 -4.05939e-08)
(-10 -1.93682e-06 -6.26505e-08)
(-10 -2.0038e-06 -3.35417e-08)
(-10 5.69078e-07 4.30788e-08)
(-10 6.68832e-07 -7.8715e-09)
(-10 7.97123e-07 -5.78111e-08)
(-10 7.74397e-07 -1.09523e-08)
(-10 6.20243e-07 1.78304e-08)
(-10 5.14803e-07 -2.46273e-08)
(-10 3.43792e-07 -1.65826e-08)
(-10 1.09624e-07 -2.6217e-08)
(-10 -1.73963e-07 -4.33437e-08)
(-10 -5.10458e-07 -3.47991e-08)
(-10 -9.08202e-07 -3.94871e-08)
(-10 -1.43867e-06 -7.0971e-08)
(-10 -1.15794e-06 -5.81295e-08)
(-10 -1.71358e-06 -4.09348e-08)
(-10 -1.71263e-06 -5.37423e-08)
(-10 -1.77511e-06 -4.25551e-08)
(-10 -1.84242e-06 -3.78195e-08)
(-10 5.81602e-07 1.30497e-09)
(-10 6.56808e-07 1.10668e-09)
(-10 8.5702e-07 -1.12245e-08)
(-10 7.82346e-07 -3.05899e-08)
(-10 6.32834e-07 -1.45012e-08)
(-10 5.29348e-07 -2.29508e-08)
(-10 3.5537e-07 -4.74375e-08)
(-10 1.32754e-07 -4.17986e-08)
(-10 -1.34296e-07 -2.09054e-08)
(-10 -4.49105e-07 -2.89762e-08)
(-10 -8.18745e-07 -3.98624e-08)
(-10 -1.30484e-06 -4.19329e-08)
(-10 -1.04493e-06 -4.09004e-08)
(-10 -1.64531e-06 -4.96075e-08)
(-10 -1.60114e-06 -3.77471e-08)
(-10 -1.62601e-06 -3.93703e-08)
(-10 -1.66911e-06 -2.26179e-08)
(-10 5.92924e-07 1.76401e-08)
(-10 6.37451e-07 -1.57774e-08)
(-10 7.55343e-07 -2.90908e-08)
(-10 7.31309e-07 -2.76743e-08)
(-10 6.38151e-07 -5.74815e-08)
(-10 5.15497e-07 -6.74818e-08)
(-10 3.4515e-07 -3.90259e-08)
(-10 1.40112e-07 -3.00921e-08)
(-10 -1.04889e-07 -3.09993e-08)
(-10 -3.93457e-07 -1.25452e-08)
(-10 -7.31858e-07 -1.48254e-08)
(-10 -1.17377e-06 -4.82788e-08)
(-10 -9.6164e-07 -4.54624e-08)
(-10 -1.46316e-06 -3.66404e-08)
(-10 -1.45087e-06 -3.87511e-08)
(-10 -1.50351e-06 -2.74551e-08)
(-10 -1.57493e-06 -7.69911e-09)
(-10 5.57096e-07 -4.29508e-09)
(-10 6.02595e-07 -1.61723e-08)
(-10 6.93171e-07 -4.22853e-08)
(-10 6.6167e-07 -7.24854e-08)
(-10 5.83686e-07 -7.15138e-08)
(-10 4.68377e-07 -5.91488e-08)
(-10 3.16765e-07 -5.3206e-08)
(-10 1.33509e-07 -3.18248e-08)
(-10 -8.22985e-08 -2.74122e-09)
(-10 -3.35708e-07 -2.50886e-09)
(-10 -6.32511e-07 -1.05298e-08)
(-10 -1.02232e-06 -1.91049e-08)
(-10 -8.53464e-07 -3.47129e-08)
(-10 -1.32874e-06 -4.94992e-08)
(-10 -1.29474e-06 -3.89638e-08)
(-10 -1.32658e-06 -2.87387e-08)
(-10 -1.40294e-06 -2.26138e-08)
(-10 4.95792e-07 -7.87022e-09)
(-10 6.06749e-07 -5.38239e-08)
(-10 6.33826e-07 -7.97754e-08)
(-10 5.75833e-07 -7.56416e-08)
(-10 5.09665e-07 -9.13031e-08)
(-10 4.04463e-07 -8.18583e-08)
(-10 2.75177e-07 -4.1383e-08)
(-10 1.20348e-07 -1.83561e-08)
(-10 -6.33652e-08 -6.82778e-09)
(-10 -2.77681e-07 1.26344e-08)
(-10 -5.29457e-07 1.33891e-08)
(-10 -8.6249e-07 -1.8683e-08)
(-10 -7.45084e-07 -3.68971e-08)
(-10 -1.09025e-06 -3.61492e-08)
(-10 -1.07534e-06 -4.60304e-08)
(-10 -1.09865e-06 -3.72341e-08)
(-10 -1.22472e-06 -1.00627e-08)
(-10 4.1753e-07 -3.23932e-08)
(-10 6.03987e-07 -1.32291e-07)
(-10 5.61306e-07 -1.19457e-07)
(-10 4.47312e-07 -7.73653e-08)
(-10 4.0033e-07 -8.41867e-08)
(-10 3.29645e-07 -6.57732e-08)
(-10 2.23487e-07 -3.99113e-08)
(-10 9.89376e-08 -1.65561e-08)
(-10 -4.73326e-08 1.07725e-08)
(-10 -2.1755e-07 1.20992e-08)
(-10 -4.16808e-07 4.50525e-09)
(-10 -6.82828e-07 -5.94853e-09)
(-10 -6.12373e-07 -3.92549e-08)
(-10 -9.01988e-07 -7.78644e-08)
(-10 -8.39208e-07 -6.40152e-08)
(-10 -8.62741e-07 -6.17018e-08)
(-10 -9.90957e-07 -4.11251e-08)
(-10 3.1642e-07 -4.45483e-08)
(-10 4.77752e-07 -1.39092e-07)
(-10 4.56856e-07 -8.76832e-08)
(-10 3.35105e-07 -7.0287e-08)
(-10 3.14205e-07 -8.03821e-08)
(-10 2.48383e-07 -5.9127e-08)
(-10 1.74336e-07 -3.01049e-08)
(-10 8.05792e-08 8.46445e-09)
(-10 -3.16204e-08 5.95256e-09)
(-10 -1.55859e-07 1.21943e-08)
(-10 -3.04516e-07 2.25623e-08)
(-10 -5.11693e-07 -2.24099e-09)
(-10 -4.6369e-07 -3.75792e-08)
(-10 -7.06056e-07 -5.27248e-08)
(-10 -6.25242e-07 -8.89823e-08)
(-10 -6.46103e-07 -6.55976e-08)
(-10 -7.69942e-07 -2.083e-08)
(-10 2.97052e-07 -3.79768e-08)
(-10 3.88317e-07 -7.75789e-08)
(-10 3.88513e-07 -9.39324e-08)
(-10 3.29431e-07 -9.46886e-08)
(-10 3.01449e-07 -7.17155e-08)
(-10 2.57589e-07 -5.26405e-08)
(-10 2.0567e-07 -2.41055e-08)
(-10 1.384e-07 -2.61132e-09)
(-10 5.61057e-08 1.68882e-08)
(-10 -3.23496e-08 2.08409e-08)
(-10 -1.35192e-07 2.18922e-08)
(-10 -2.91438e-07 6.49546e-09)
(-10 -2.96552e-07 -2.12784e-08)
(-10 -4.72789e-07 -4.83931e-08)
(-10 -4.21038e-07 -4.96968e-08)
(-10 -4.29364e-07 -3.77773e-08)
(-10 -4.92836e-07 -3.28798e-08)
(-10 1.73061e-07 -4.114e-08)
(-10 1.98713e-07 -7.10542e-08)
(-10 2.02607e-07 -9.01442e-08)
(-10 1.77467e-07 -6.69403e-08)
(-10 1.56345e-07 -6.75115e-08)
(-10 1.30684e-07 -5.47133e-08)
(-10 1.00863e-07 -2.55686e-08)
(-10 6.1144e-08 9.46493e-09)
(-10 2.16364e-08 1.91415e-08)
(-10 -2.11419e-08 2.56673e-08)
(-10 -8.68148e-08 2.64802e-08)
(-10 -1.98335e-07 7.92682e-09)
(-10 -2.10553e-07 -2.12814e-08)
(-10 -2.9587e-07 -4.16191e-08)
(-10 -2.4782e-07 -4.47525e-08)
(-10 -2.56252e-07 -3.37643e-08)
(-10 -2.76595e-07 -1.70891e-08)
(-10 1.49468e-08 -9.00384e-08)
(-10 1.90634e-08 -1.19407e-07)
(-10 1.99789e-08 -1.36773e-07)
(-10 1.17208e-08 -1.40058e-07)
(-10 7.82068e-09 -1.18224e-07)
(-10 1.89868e-09 -9.38099e-08)
(-10 -4.94395e-09 -6.50443e-08)
(-10 -1.28971e-08 -5.25537e-08)
(-10 -2.31588e-08 -3.61886e-08)
(-10 -3.69784e-08 -2.09648e-08)
(-10 -5.46227e-08 -1.91507e-08)
(-10 -8.5622e-08 -3.4081e-08)
(-10 -9.14262e-08 -5.90686e-08)
(-10 -9.315e-08 -7.5542e-08)
(-10 -8.24635e-08 -6.74018e-08)
(-10 -8.5282e-08 -5.3049e-08)
(-10 -8.55421e-08 -4.14911e-08)
(-10 7.83301e-07 3.73331e-08)
(-10 7.42088e-07 3.11912e-08)
(-10 6.77266e-07 3.41794e-08)
(-10 6.05607e-07 2.34343e-08)
(-10 4.99035e-07 5.92531e-09)
(-10 3.74404e-07 -4.16345e-08)
(-10 2.17562e-07 -5.75271e-08)
(-10 1.35355e-08 -5.34677e-08)
(-10 -2.32738e-07 -3.89027e-08)
(-10 -5.41475e-07 -1.5511e-08)
(-10 -8.88603e-07 1.85839e-08)
(-10 -1.36327e-06 4.08462e-08)
(-10 -1.06307e-06 2.46491e-08)
(-10 -1.69792e-06 5.06822e-08)
(-10 -1.54197e-06 4.33322e-08)
(-10 -1.54557e-06 2.18201e-08)
(-10 6.14575e-07 3.47317e-08)
(-10 6.09282e-07 2.34523e-08)
(-10 5.50837e-07 1.82292e-08)
(-10 4.82752e-07 1.62008e-10)
(-10 3.89186e-07 -1.61673e-08)
(-10 2.65065e-07 -2.47026e-08)
(-10 1.05143e-07 -4.30414e-08)
(-10 -8.85744e-08 -5.09086e-08)
(-10 -3.33789e-07 -2.95897e-08)
(-10 -6.28666e-07 1.61384e-09)
(-10 -9.77801e-07 9.97929e-09)
(-10 -1.48831e-06 3.07438e-08)
(-10 -1.1501e-06 3.66217e-08)
(-10 -1.69613e-06 5.99413e-08)
(-10 -1.62876e-06 4.0478e-08)
(-10 -1.6265e-06 7.85129e-09)
(-10 5.53584e-07 4.08365e-08)
(-10 5.49634e-07 3.00389e-08)
(-10 5.06474e-07 1.42065e-08)
(-10 4.48811e-07 5.48596e-11)
(-10 3.6035e-07 -6.73145e-09)
(-10 2.4171e-07 -3.06882e-08)
(-10 8.59476e-08 -3.31773e-08)
(-10 -1.10722e-07 -2.20032e-08)
(-10 -3.56014e-07 -9.30121e-09)
(-10 -6.53755e-07 3.02758e-09)
(-10 -1.01254e-06 3.11025e-08)
(-10 -1.52972e-06 3.88071e-08)
(-10 -1.18202e-06 2.71212e-08)
(-10 -1.75744e-06 4.2746e-08)
(-10 -1.67604e-06 3.92303e-08)
(-10 -1.69575e-06 2.53325e-09)
(-10 5.11562e-07 3.27329e-08)
(-10 5.16447e-07 1.75354e-08)
(-10 4.89811e-07 9.62016e-09)
(-10 4.38344e-07 -1.33472e-08)
(-10 3.59176e-07 -2.65615e-08)
(-10 2.45096e-07 -2.03363e-08)
(-10 9.27107e-08 -2.39926e-08)
(-10 -1.00136e-07 -1.92721e-08)
(-10 -3.39806e-07 -5.52218e-09)
(-10 -6.37813e-07 1.98361e-08)
(-10 -1.00932e-06 1.45522e-08)
(-10 -1.54415e-06 2.34843e-08)
(-10 -1.19289e-06 2.07463e-08)
(-10 -1.77424e-06 4.50849e-08)
(-10 -1.70674e-06 2.1029e-08)
(-10 -1.74579e-06 -6.01631e-09)
(-10 4.48183e-07 4.33036e-08)
(-10 4.60705e-07 2.33178e-08)
(-10 4.44609e-07 2.697e-09)
(-10 3.97186e-07 -4.54059e-09)
(-10 3.18417e-07 -7.35584e-09)
(-10 2.13769e-07 -1.26115e-08)
(-10 7.42523e-08 -6.40983e-10)
(-10 -1.11552e-07 5.6221e-09)
(-10 -3.49846e-07 2.1582e-08)
(-10 -6.53813e-07 1.81622e-08)
(-10 -1.03125e-06 2.63592e-08)
(-10 -1.58559e-06 2.91808e-08)
(-10 -1.23333e-06 2.51565e-08)
(-10 -1.85109e-06 3.33522e-08)
(-10 -1.77764e-06 2.8741e-08)
(-10 -1.83868e-06 6.34662e-09)
(-10 3.49112e-07 2.67707e-08)
(-10 3.66803e-07 6.36491e-09)
(-10 3.52212e-07 -5.98829e-09)
(-10 2.9639e-07 -2.67372e-08)
(-10 2.25436e-07 -1.25204e-08)
(-10 1.36731e-07 -4.98278e-09)
(-10 1.78022e-08 -6.67217e-09)
(-10 -1.55729e-07 8.99149e-09)
(-10 -3.91838e-07 7.00036e-09)
(-10 -6.95754e-07 2.10389e-08)
(-10 -1.08629e-06 -1.99029e-09)
(-10 -1.6618e-06 1.59869e-09)
(-10 -1.3072e-06 9.88371e-09)
(-10 -1.96256e-06 3.16186e-08)
(-10 -1.90388e-06 1.20454e-08)
(-10 -1.96403e-06 -1.05259e-08)
(-10 2.32449e-07 5.73181e-08)
(-10 2.54898e-07 3.22371e-08)
(-10 2.25767e-07 -8.91118e-09)
(-10 1.51619e-07 -3.00996e-10)
(-10 9.13186e-08 9.08935e-09)
(-10 4.53099e-08 6.27217e-09)
(-10 -4.47696e-08 2.40226e-08)
(-10 -2.0771e-07 3.82263e-08)
(-10 -4.40818e-07 2.46548e-08)
(-10 -7.53447e-07 1.28301e-08)
(-10 -1.1547e-06 2.07924e-08)
(-10 -1.74882e-06 2.26031e-08)
(-10 -1.39448e-06 2.09849e-08)
(-10 -2.07315e-06 1.98836e-08)
(-10 -2.05921e-06 3.08481e-08)
(-10 -2.13826e-06 1.57466e-08)
(-10 1.37657e-08 2.09095e-08)
(-10 4.825e-08 2.10348e-08)
(-10 1.10875e-08 1.99963e-08)
(-10 -1.17747e-07 2.36349e-08)
(-10 -1.46267e-07 -1.20534e-08)
(-10 -1.14616e-07 -3.58921e-08)
(-10 -9.27894e-08 5.03182e-09)
(-10 -2.79311e-07 1.80066e-08)
(-10 -5.19355e-07 1.56025e-08)
(-10 -8.44204e-07 1.68021e-08)
(-10 -1.26425e-06 -5.93241e-09)
(-10 -1.87534e-06 -8.36017e-10)
(-10 -1.51942e-06 9.32956e-09)
(-10 -2.23758e-06 3.1907e-08)
(-10 -2.218e-06 3.05851e-08)
(-10 -2.30984e-06 2.38831e-09)
(-10 -2.88334e-08 1.12426e-07)
(-10 -3.18221e-08 1.59738e-07)
(-10 -1.03933e-07 6.5921e-08)
(-10 -2.77894e-07 -4.39673e-08)
(-10 -2.65137e-07 -5.52912e-08)
(-10 -2.95696e-07 -5.33666e-08)
(-10 -2.28822e-07 3.10227e-08)
(-10 -3.62826e-07 5.70385e-08)
(-10 -6.13447e-07 2.95359e-08)
(-10 -9.63717e-07 2.61965e-08)
(-10 -1.40409e-06 2.59611e-08)
(-10 -2.02288e-06 2.04839e-08)
(-10 -1.65428e-06 2.13222e-08)
(-10 -2.41164e-06 2.81663e-08)
(-10 -2.37944e-06 1.78057e-09)
(-10 -2.469e-06 -1.4647e-08)
(-10 7.5786e-08 1.3519e-07)
(-10 6.40711e-08 1.14171e-07)
(-10 -7.25009e-08 1.68158e-07)
(-10 -4.73804e-08 2.88285e-08)
(-10 -1.31502e-07 -5.51191e-08)
(-10 -2.91282e-07 -1.84982e-07)
(-10 -4.32e-07 -4.69959e-08)
(-10 -5.84501e-07 5.86083e-08)
(-10 -8.39143e-07 6.45825e-08)
(-10 -1.17732e-06 6.05691e-08)
(-10 -1.59743e-06 5.88217e-08)
(-10 -2.18557e-06 9.6071e-08)
(-10 -1.81584e-06 1.02708e-07)
(-10 -2.52077e-06 1.20299e-07)
(-10 -2.44584e-06 8.37281e-08)
(-10 -2.4915e-06 3.61035e-08)
(-10 -2.55581e-06 -6.81069e-08)
(-10 1.29937e-07 1.18687e-07)
(-10 6.67738e-08 2.68549e-07)
(-10 9.82366e-08 1.15923e-07)
(-10 1.36322e-07 -4.23801e-09)
(-10 1.77509e-07 -1.47493e-07)
(-10 -4.66313e-08 -1.00011e-07)
(-10 -3.35439e-07 -9.04343e-09)
(-10 -5.82519e-07 8.30534e-08)
(-10 -8.42573e-07 3.55116e-08)
(-10 -1.16745e-06 3.33262e-08)
(-10 -1.58196e-06 3.45411e-08)
(-10 -2.16055e-06 3.88619e-08)
(-10 -1.78143e-06 3.95844e-08)
(-10 -2.51058e-06 4.69338e-08)
(-10 -2.39452e-06 4.37672e-08)
(-10 -2.37327e-06 9.40083e-09)
(-10 -2.38611e-06 -7.77053e-08)
(-10 2.5407e-07 6.06485e-08)
(-10 2.15892e-07 1.02809e-07)
(-10 2.56416e-07 1.04104e-07)
(-10 3.04535e-07 1.68962e-09)
(-10 4.07245e-07 -1.32984e-07)
(-10 1.33862e-07 -1.89425e-08)
(-10 -9.3933e-08 3.09403e-08)
(-10 -3.17281e-07 3.55431e-08)
(-10 -5.87513e-07 1.87429e-08)
(-10 -9.28401e-07 9.06218e-09)
(-10 -1.35733e-06 -1.44321e-08)
(-10 -1.95878e-06 -2.32707e-08)
(-10 -1.5872e-06 -1.7973e-08)
(-10 -2.26056e-06 -2.73063e-08)
(-10 -2.20923e-06 -2.40971e-08)
(-10 -2.25706e-06 -5.18428e-08)
(-10 -2.27651e-06 -1.18256e-07)
(-10 3.49989e-07 3.33002e-08)
(-10 3.55788e-07 6.72487e-08)
(-10 4.04992e-07 3.95367e-08)
(-10 5.50978e-07 -3.00507e-08)
(-10 4.9149e-07 -1.96022e-08)
(-10 2.79111e-07 1.54187e-08)
(-10 8.63535e-08 2.90696e-08)
(-10 -1.51186e-07 3.36126e-08)
(-10 -4.3362e-07 1.1806e-08)
(-10 -7.8987e-07 -1.22513e-08)
(-10 -1.22416e-06 -2.40297e-08)
(-10 -1.81936e-06 -3.97818e-08)
(-10 -1.45618e-06 -3.49341e-08)
(-10 -2.16832e-06 -6.37801e-08)
(-10 -2.09725e-06 -6.99322e-08)
(-10 -2.14039e-06 -4.34566e-08)
(-10 -2.20187e-06 -2.49588e-08)
(-10 4.54214e-07 -1.46822e-08)
(-10 4.95829e-07 5.75804e-10)
(-10 5.18591e-07 2.4488e-08)
(-10 5.96155e-07 6.7482e-09)
(-10 5.43615e-07 -3.31077e-09)
(-10 3.92582e-07 1.42654e-08)
(-10 2.08079e-07 8.32907e-09)
(-10 -2.83829e-08 -5.18992e-09)
(-10 -3.22766e-07 -1.25669e-08)
(-10 -6.81962e-07 -1.9777e-08)
(-10 -1.11268e-06 -4.10396e-08)
(-10 -1.70205e-06 -4.85132e-08)
(-10 -1.35559e-06 -5.80079e-08)
(-10 -2.01214e-06 -5.80994e-08)
(-10 -1.99241e-06 -2.96625e-08)
(-10 -2.06683e-06 -1.05454e-08)
(-10 -2.1297e-06 -6.01258e-09)
(-10 5.21291e-07 1.10296e-09)
(-10 5.86798e-07 2.34743e-08)
(-10 6.19619e-07 2.5457e-08)
(-10 6.87329e-07 3.20131e-08)
(-10 5.97417e-07 1.36161e-08)
(-10 4.68077e-07 -3.68963e-09)
(-10 2.92178e-07 -5.70728e-09)
(-10 5.97848e-08 -1.54951e-09)
(-10 -2.29887e-07 -6.96614e-09)
(-10 -5.79113e-07 -3.12945e-08)
(-10 -1.00015e-06 -2.76911e-08)
(-10 -1.56406e-06 -4.07807e-08)
(-10 -1.23725e-06 -3.38449e-08)
(-10 -1.9067e-06 -5.16688e-08)
(-10 -1.86907e-06 -4.42409e-08)
(-10 -1.93251e-06 -1.33881e-08)
(-10 -2.0193e-06 2.4226e-08)
(-10 5.3359e-07 -1.13275e-08)
(-10 6.38541e-07 5.90059e-09)
(-10 7.58178e-07 5.06402e-08)
(-10 7.50716e-07 1.50315e-08)
(-10 6.02637e-07 -3.11393e-08)
(-10 4.9946e-07 -1.8594e-08)
(-10 3.34079e-07 -2.17663e-08)
(-10 1.06681e-07 -2.53049e-08)
(-10 -1.69491e-07 -2.33516e-08)
(-10 -5.02943e-07 -1.91305e-08)
(-10 -8.9881e-07 -3.33544e-08)
(-10 -1.42715e-06 -3.73745e-08)
(-10 -1.13775e-06 -2.6813e-08)
(-10 -1.73395e-06 -1.7801e-08)
(-10 -1.71155e-06 7.96492e-09)
(-10 -1.75876e-06 2.15865e-09)
(-10 -1.82619e-06 1.60622e-08)
(-10 5.57376e-07 2.58677e-08)
(-10 6.35175e-07 2.24391e-08)
(-10 8.33539e-07 1.2362e-08)
(-10 7.57325e-07 5.68292e-09)
(-10 6.12453e-07 -8.76832e-09)
(-10 5.13829e-07 -2.60306e-08)
(-10 3.47897e-07 -2.25658e-08)
(-10 1.35692e-07 -1.3698e-08)
(-10 -1.26156e-07 -1.33016e-08)
(-10 -4.39866e-07 -2.26936e-08)
(-10 -8.11165e-07 -1.67859e-08)
(-10 -1.30248e-06 -2.41314e-08)
(-10 -1.03678e-06 -2.34448e-08)
(-10 -1.58505e-06 -2.47961e-08)
(-10 -1.57533e-06 -1.60696e-08)
(-10 -1.62907e-06 -1.62831e-08)
(-10 -1.69352e-06 -9.75432e-11)
(-10 5.76945e-07 1.93577e-08)
(-10 6.2202e-07 6.55817e-09)
(-10 7.31917e-07 -5.00734e-09)
(-10 7.07953e-07 -3.36692e-08)
(-10 6.16945e-07 -4.41824e-08)
(-10 5.05764e-07 -3.76558e-08)
(-10 3.4779e-07 -3.32867e-08)
(-10 1.46732e-07 -2.72308e-08)
(-10 -9.48009e-08 -2.10634e-08)
(-10 -3.83104e-07 -5.39355e-09)
(-10 -7.2455e-07 -1.34385e-08)
(-10 -1.17558e-06 -1.99852e-08)
(-10 -9.62065e-07 -2.13989e-08)
(-10 -1.45066e-06 -2.58164e-08)
(-10 -1.45977e-06 -8.96579e-09)
(-10 -1.52909e-06 -1.86245e-08)
(-10 -1.55489e-06 -1.58339e-08)
(-10 5.52216e-07 3.72542e-08)
(-10 5.97377e-07 2.04314e-08)
(-10 6.70839e-07 -2.02491e-08)
(-10 6.45001e-07 -3.89195e-08)
(-10 5.72723e-07 -4.8978e-08)
(-10 4.64968e-07 -4.85966e-08)
(-10 3.20089e-07 -3.32306e-08)
(-10 1.43824e-07 -1.3301e-08)
(-10 -7.29058e-08 2.28947e-10)
(-10 -3.3076e-07 1.81884e-09)
(-10 -6.33906e-07 1.27946e-08)
(-10 -1.03201e-06 3.23174e-09)
(-10 -8.65071e-07 -9.47307e-09)
(-10 -1.30666e-06 -2.71344e-08)
(-10 -1.28128e-06 -3.43941e-08)
(-10 -1.32157e-06 -2.18513e-08)
(-10 -1.43389e-06 -1.27752e-08)
(-10 5.01523e-07 1.71101e-08)
(-10 5.78987e-07 -1.46251e-08)
(-10 6.06717e-07 -4.77841e-08)
(-10 5.69503e-07 -6.94424e-08)
(-10 5.03023e-07 -7.18828e-08)
(-10 4.10328e-07 -5.65221e-08)
(-10 2.86357e-07 -3.8016e-08)
(-10 1.30939e-07 -1.89994e-08)
(-10 -5.44393e-08 -1.73431e-09)
(-10 -2.73728e-07 2.40629e-08)
(-10 -5.31231e-07 2.17075e-08)
(-10 -8.71495e-07 1.00473e-08)
(-10 -7.58459e-07 -3.32487e-09)
(-10 -1.10458e-06 -2.19744e-08)
(-10 -1.10129e-06 -1.81799e-08)
(-10 -1.15413e-06 -2.58142e-08)
(-10 -1.1974e-06 -2.35063e-08)
(-10 4.28662e-07 1.99049e-08)
(-10 5.2877e-07 -2.5257e-08)
(-10 5.32143e-07 -6.89992e-08)
(-10 4.74415e-07 -6.51121e-08)
(-10 4.15916e-07 -6.56186e-08)
(-10 3.39673e-07 -5.8238e-08)
(-10 2.36248e-07 -3.34601e-08)
(-10 1.11802e-07 -3.48425e-09)
(-10 -3.78484e-08 2.19912e-08)
(-10 -2.17349e-07 2.91722e-08)
(-10 -4.26275e-07 4.08335e-08)
(-10 -6.9928e-07 3.11928e-08)
(-10 -6.34294e-07 4.00333e-09)
(-10 -9.42335e-07 -1.34651e-08)
(-10 -8.74035e-07 -4.10819e-08)
(-10 -9.01184e-07 -3.51005e-08)
(-10 -1.0113e-06 -2.1837e-08)
(-10 3.33662e-07 -4.58767e-09)
(-10 5.04214e-07 -1.04752e-07)
(-10 4.62554e-07 -9.00106e-08)
(-10 3.33806e-07 -5.50684e-08)
(-10 3.10098e-07 -7.25585e-08)
(-10 2.53075e-07 -5.0306e-08)
(-10 1.80092e-07 -2.84976e-08)
(-10 8.34338e-08 1.14489e-10)
(-10 -3.26846e-08 2.29821e-08)
(-10 -1.60536e-07 5.0571e-08)
(-10 -3.10382e-07 4.92986e-08)
(-10 -5.20528e-07 2.29405e-08)
(-10 -4.88592e-07 1.55028e-09)
(-10 -7.10603e-07 -2.38548e-08)
(-10 -6.31647e-07 -4.92013e-08)
(-10 -6.52892e-07 -5.85718e-08)
(-10 -7.42554e-07 -3.85156e-08)
(-10 2.96467e-07 -5.14906e-10)
(-10 4.5718e-07 -4.77164e-08)
(-10 4.13831e-07 -6.67215e-08)
(-10 3.01325e-07 -7.12806e-08)
(-10 2.90446e-07 -6.7878e-08)
(-10 2.47865e-07 -4.89723e-08)
(-10 1.93689e-07 -2.30841e-08)
(-10 1.30726e-07 1.12569e-08)
(-10 4.94205e-08 3.66183e-08)
(-10 -4.26423e-08 4.59436e-08)
(-10 -1.45857e-07 5.96893e-08)
(-10 -2.97515e-07 3.51422e-08)
(-10 -2.95269e-07 8.08273e-09)
(-10 -4.5795e-07 -1.71842e-08)
(-10 -3.88241e-07 -1.88093e-08)
(-10 -3.97254e-07 -2.73305e-08)
(-10 -4.87348e-07 -1.66206e-08)
(-10 1.70103e-07 -1.80957e-08)
(-10 2.19918e-07 -4.43801e-08)
(-10 2.07427e-07 -7.16404e-08)
(-10 1.69482e-07 -7.18433e-08)
(-10 1.47751e-07 -6.40464e-08)
(-10 1.27077e-07 -4.65745e-08)
(-10 9.58247e-08 -6.39493e-09)
(-10 5.51969e-08 2.05329e-08)
(-10 1.07055e-08 2.88728e-08)
(-10 -3.88271e-08 5.41583e-08)
(-10 -1.01759e-07 5.95695e-08)
(-10 -2.09931e-07 2.86058e-08)
(-10 -2.15539e-07 7.80045e-09)
(-10 -2.97594e-07 -1.64669e-08)
(-10 -2.50223e-07 -1.07526e-08)
(-10 -2.54327e-07 -1.91152e-08)
(-10 -2.69585e-07 -8.69413e-09)
(-10 1.93849e-08 -6.48336e-08)
(-10 3.70244e-08 -9.58752e-08)
(-10 2.68074e-08 -1.06809e-07)
(-10 1.82463e-08 -1.14794e-07)
(-10 1.49644e-08 -9.60215e-08)
(-10 8.22876e-09 -8.08282e-08)
(-10 -8.58091e-10 -5.50434e-08)
(-10 -9.67998e-09 -2.52654e-08)
(-10 -2.24484e-08 1.99533e-09)
(-10 -3.76722e-08 1.38494e-08)
(-10 -5.45464e-08 1.34098e-08)
(-10 -8.49675e-08 -2.32605e-10)
(-10 -8.14613e-08 -2.91878e-08)
(-10 -1.05914e-07 -3.6102e-08)
(-10 -8.07224e-08 -3.43282e-08)
(-10 -8.33657e-08 -3.58449e-08)
(-10 -9.01323e-08 -2.80145e-08)
(-10 7.58079e-07 5.24474e-08)
(-10 7.6065e-07 5.11444e-08)
(-10 6.81238e-07 4.75877e-08)
(-10 6.09775e-07 4.18133e-08)
(-10 5.18441e-07 3.40113e-08)
(-10 4.02068e-07 2.19549e-08)
(-10 2.33779e-07 2.01454e-08)
(-10 2.1464e-08 2.30897e-08)
(-10 -2.28324e-07 3.3443e-09)
(-10 -5.24175e-07 2.30186e-08)
(-10 -8.77185e-07 3.56258e-08)
(-10 -1.35917e-06 3.00842e-08)
(-10 -1.05479e-06 3.1748e-08)
(-10 -1.65057e-06 6.75996e-08)
(-10 -1.53697e-06 5.19689e-08)
(-10 -1.52558e-06 3.61894e-08)
(-10 6.64978e-07 5.4156e-08)
(-10 6.44603e-07 4.80693e-08)
(-10 5.90262e-07 4.40818e-08)
(-10 5.18626e-07 3.68363e-08)
(-10 4.28599e-07 2.44069e-08)
(-10 3.0425e-07 1.74142e-08)
(-10 1.37986e-07 7.16578e-09)
(-10 -7.01734e-08 1.52279e-08)
(-10 -3.16949e-07 3.4124e-08)
(-10 -6.10642e-07 2.01422e-08)
(-10 -9.80177e-07 2.36125e-08)
(-10 -1.47523e-06 6.35723e-08)
(-10 -1.13602e-06 5.04312e-08)
(-10 -1.72973e-06 4.90455e-08)
(-10 -1.60862e-06 4.98688e-08)
(-10 -1.61103e-06 3.34021e-08)
(-10 5.92343e-07 5.98521e-08)
(-10 5.8966e-07 5.16591e-08)
(-10 5.45021e-07 4.49179e-08)
(-10 4.83462e-07 3.33397e-08)
(-10 3.98877e-07 2.47225e-08)
(-10 2.80907e-07 1.42058e-08)
(-10 1.21807e-07 1.73685e-08)
(-10 -8.24131e-08 2.56134e-08)
(-10 -3.34756e-07 1.59815e-08)
(-10 -6.33867e-07 3.62835e-08)
(-10 -1.00854e-06 5.52125e-08)
(-10 -1.5271e-06 3.87923e-08)
(-10 -1.18046e-06 3.76648e-08)
(-10 -1.78379e-06 5.91158e-08)
(-10 -1.63336e-06 4.16505e-08)
(-10 -1.67709e-06 2.70642e-08)
(-10 5.47775e-07 5.08802e-08)
(-10 5.55516e-07 4.31674e-08)
(-10 5.25959e-07 3.44731e-08)
(-10 4.72894e-07 2.45818e-08)
(-10 3.92819e-07 1.33919e-08)
(-10 2.80341e-07 1.33793e-08)
(-10 1.29417e-07 8.36024e-09)
(-10 -7.10866e-08 1.87173e-08)
(-10 -3.18002e-07 4.47307e-08)
(-10 -6.19104e-07 2.56474e-08)
(-10 -1.00332e-06 3.29009e-08)
(-10 -1.54506e-06 5.89562e-08)
(-10 -1.19012e-06 4.43302e-08)
(-10 -1.79726e-06 4.16682e-08)
(-10 -1.66691e-06 3.3241e-08)
(-10 -1.72673e-06 1.47602e-08)
(-10 4.78588e-07 5.70218e-08)
(-10 4.95647e-07 4.50552e-08)
(-10 4.755e-07 3.40374e-08)
(-10 4.2543e-07 2.2879e-08)
(-10 3.49055e-07 1.84138e-08)
(-10 2.45674e-07 1.58441e-08)
(-10 1.06018e-07 2.70775e-08)
(-10 -9.00562e-08 3.42185e-08)
(-10 -3.27898e-07 2.87154e-08)
(-10 -6.38638e-07 4.56704e-08)
(-10 -1.02653e-06 4.62336e-08)
(-10 -1.58974e-06 3.00733e-08)
(-10 -1.23423e-06 3.09305e-08)
(-10 -1.84444e-06 5.19159e-08)
(-10 -1.74973e-06 3.24711e-08)
(-10 -1.81679e-06 1.98065e-08)
(-10 3.82664e-07 4.81444e-08)
(-10 3.99472e-07 3.61422e-08)
(-10 3.82051e-07 2.16651e-08)
(-10 3.29999e-07 1.17664e-08)
(-10 2.58717e-07 5.58417e-09)
(-10 1.68876e-07 1.70838e-08)
(-10 4.98097e-08 1.70798e-08)
(-10 -1.29909e-07 2.36384e-08)
(-10 -3.66053e-07 4.54001e-08)
(-10 -6.81738e-07 2.22703e-08)
(-10 -1.07831e-06 2.32727e-08)
(-10 -1.66196e-06 4.37677e-08)
(-10 -1.30495e-06 3.40887e-08)
(-10 -1.93975e-06 2.98109e-08)
(-10 -1.85762e-06 2.30437e-08)
(-10 -1.93238e-06 3.47122e-09)
(-10 2.68025e-07 6.62523e-08)
(-10 2.94408e-07 4.48657e-08)
(-10 2.65968e-07 2.18867e-08)
(-10 1.99276e-07 1.69676e-08)
(-10 1.22166e-07 1.49635e-08)
(-10 6.79229e-08 2.1018e-08)
(-10 -2.26494e-08 3.71773e-08)
(-10 -1.84143e-07 3.74498e-08)
(-10 -4.21801e-07 3.2034e-08)
(-10 -7.37226e-07 4.20561e-08)
(-10 -1.14939e-06 3.50057e-08)
(-10 -1.73941e-06 1.622e-08)
(-10 -1.39027e-06 2.13363e-08)
(-10 -2.05658e-06 4.05795e-08)
(-10 -2.00104e-06 2.47478e-08)
(-10 -2.10003e-06 1.05886e-08)
(-10 7.07759e-08 5.33991e-08)
(-10 1.18436e-07 3.5101e-08)
(-10 9.58519e-08 2.19367e-08)
(-10 -3.6209e-08 1.58416e-08)
(-10 -1.22687e-07 -2.86321e-09)
(-10 -1.10205e-07 2.2083e-09)
(-10 -7.51971e-08 1.34084e-08)
(-10 -2.4312e-07 2.20912e-08)
(-10 -4.85427e-07 3.35003e-08)
(-10 -8.15742e-07 7.37984e-09)
(-10 -1.24065e-06 4.68574e-09)
(-10 -1.84921e-06 2.57005e-08)
(-10 -1.50158e-06 1.87391e-08)
(-10 -2.22558e-06 1.59207e-08)
(-10 -2.14671e-06 2.03554e-08)
(-10 -2.26752e-06 -9.98358e-09)
(-10 5.91978e-08 9.66881e-08)
(-10 9.23137e-08 7.53779e-08)
(-10 1.90242e-08 4.2704e-08)
(-10 -1.7535e-07 4.15983e-09)
(-10 -2.3187e-07 2.50651e-08)
(-10 -2.86744e-07 2.89625e-10)
(-10 -2.79197e-07 1.85257e-08)
(-10 -2.97744e-07 3.53832e-08)
(-10 -5.64782e-07 3.19631e-08)
(-10 -9.22048e-07 4.15052e-08)
(-10 -1.34923e-06 2.93708e-08)
(-10 -1.97064e-06 1.09363e-08)
(-10 -1.60843e-06 1.41154e-08)
(-10 -2.32159e-06 4.4496e-08)
(-10 -2.29853e-06 2.45406e-08)
(-10 -2.41512e-06 9.59797e-09)
(-10 2.16906e-07 9.57336e-08)
(-10 1.74103e-07 9.98722e-08)
(-10 7.57978e-08 6.23645e-08)
(-10 -2.51754e-09 3.11281e-08)
(-10 -1.0485e-07 7.7841e-09)
(-10 -3.04002e-07 -3.18756e-08)
(-10 -4.32815e-07 -4.21339e-08)
(-10 -5.37714e-07 6.24643e-08)
(-10 -8.14193e-07 6.05988e-08)
(-10 -1.15201e-06 3.28743e-08)
(-10 -1.56554e-06 2.68286e-08)
(-10 -2.14539e-06 5.66144e-08)
(-10 -1.77912e-06 4.13982e-08)
(-10 -2.49199e-06 3.84935e-08)
(-10 -2.35878e-06 2.78799e-08)
(-10 -2.43302e-06 -8.1434e-09)
(-10 2.09937e-07 1.60525e-07)
(-10 2.07835e-07 1.3273e-07)
(-10 9.97131e-08 1.15729e-07)
(-10 1.32264e-07 3.94706e-08)
(-10 1.33868e-07 -4.04458e-11)
(-10 4.14239e-08 -1.11775e-07)
(-10 -2.39243e-07 -1.73618e-08)
(-10 -5.71493e-07 6.12565e-08)
(-10 -8.34584e-07 3.49446e-08)
(-10 -1.18205e-06 5.76135e-08)
(-10 -1.60672e-06 7.41818e-08)
(-10 -2.19004e-06 8.35713e-08)
(-10 -1.80846e-06 1.01018e-07)
(-10 -2.52372e-06 1.31679e-07)
(-10 -2.35898e-06 7.78985e-08)
(-10 -2.40095e-06 2.56401e-08)
(-10 -2.39181e-06 -3.02125e-08)
(-10 2.50548e-07 8.02466e-08)
(-10 1.33914e-07 1.83856e-07)
(-10 2.49649e-07 1.06158e-07)
(-10 2.89835e-07 4.23559e-08)
(-10 3.82575e-07 -7.57592e-08)
(-10 3.24798e-07 -1.03439e-07)
(-10 -1.09581e-08 -1.10327e-08)
(-10 -3.19028e-07 5.03944e-08)
(-10 -5.8344e-07 3.19764e-08)
(-10 -9.27781e-07 1.15196e-08)
(-10 -1.36549e-06 3.25816e-09)
(-10 -1.98786e-06 3.05192e-08)
(-10 -1.62137e-06 3.37732e-08)
(-10 -2.42809e-06 5.12033e-08)
(-10 -2.33952e-06 5.9447e-08)
(-10 -2.25809e-06 -1.1411e-08)
(-10 -2.25575e-06 -9.91583e-08)
(-10 3.44734e-07 7.58169e-08)
(-10 2.86871e-07 1.0231e-07)
(-10 4.04523e-07 5.58854e-08)
(-10 4.50673e-07 -1.09555e-09)
(-10 6.04971e-07 -1.06261e-07)
(-10 3.77752e-07 -4.35566e-08)
(-10 8.81634e-08 2.83348e-08)
(-10 -1.51977e-07 8.32473e-09)
(-10 -4.31364e-07 -1.17368e-08)
(-10 -7.89873e-07 -5.73461e-09)
(-10 -1.2305e-06 -1.13998e-08)
(-10 -1.83661e-06 -4.45702e-08)
(-10 -1.44853e-06 -3.5446e-08)
(-10 -2.15006e-06 -4.16282e-08)
(-10 -2.07786e-06 -3.68277e-08)
(-10 -2.12076e-06 -3.91166e-08)
(-10 -2.14137e-06 -9.17478e-08)
(-10 4.18508e-07 -6.1233e-09)
(-10 4.48341e-07 9.89584e-09)
(-10 5.2099e-07 2.87582e-09)
(-10 6.95311e-07 -1.88167e-08)
(-10 6.26383e-07 -4.56682e-08)
(-10 4.01517e-07 -3.30922e-08)
(-10 1.99406e-07 -2.25453e-08)
(-10 -3.74304e-08 -3.10955e-08)
(-10 -3.24322e-07 -2.5075e-08)
(-10 -6.77829e-07 -4.99882e-08)
(-10 -1.11041e-06 -6.27651e-08)
(-10 -1.69982e-06 -4.47819e-08)
(-10 -1.33299e-06 -4.05072e-08)
(-10 -2.00571e-06 -5.1197e-08)
(-10 -1.93937e-06 -4.89221e-08)
(-10 -1.99532e-06 -3.82009e-08)
(-10 -2.058e-06 -2.57479e-08)
(-10 4.91248e-07 -6.48359e-09)
(-10 5.83293e-07 -6.69001e-09)
(-10 6.53417e-07 -8.35372e-09)
(-10 7.35894e-07 -2.09322e-08)
(-10 6.05618e-07 -3.22014e-08)
(-10 4.70581e-07 -3.47226e-08)
(-10 2.89443e-07 -3.08602e-08)
(-10 5.88979e-08 -3.55756e-08)
(-10 -2.22452e-07 -5.72087e-08)
(-10 -5.68382e-07 -5.03372e-08)
(-10 -9.8567e-07 -5.12073e-08)
(-10 -1.55023e-06 -7.15555e-08)
(-10 -1.21157e-06 -6.1816e-08)
(-10 -1.87341e-06 -6.88128e-08)
(-10 -1.78942e-06 -4.67541e-08)
(-10 -1.84434e-06 -1.67464e-08)
(-10 -1.93701e-06 -2.30597e-08)
(-10 5.37566e-07 -2.84829e-08)
(-10 6.24087e-07 -3.0329e-08)
(-10 8.29579e-07 -3.14719e-08)
(-10 7.82247e-07 -4.27616e-08)
(-10 6.07452e-07 -5.1259e-08)
(-10 5.02163e-07 -5.23262e-08)
(-10 3.35545e-07 -5.89133e-08)
(-10 1.19773e-07 -5.70585e-08)
(-10 -1.50408e-07 -5.22419e-08)
(-10 -4.80465e-07 -6.75854e-08)
(-10 -8.78619e-07 -7.47808e-08)
(-10 -1.4113e-06 -5.62093e-08)
(-10 -1.10638e-06 -4.93152e-08)
(-10 -1.71495e-06 -5.46798e-08)
(-10 -1.6437e-06 -4.46556e-08)
(-10 -1.71116e-06 -4.30893e-08)
(-10 -1.82111e-06 -3.92963e-08)
(-10 5.85663e-07 -1.67286e-08)
(-10 6.40345e-07 -2.5617e-08)
(-10 7.68572e-07 -3.66322e-08)
(-10 7.50525e-07 -4.62623e-08)
(-10 6.42755e-07 -5.64785e-08)
(-10 5.29345e-07 -6.16979e-08)
(-10 3.71585e-07 -6.0908e-08)
(-10 1.60019e-07 -6.60451e-08)
(-10 -1.01265e-07 -7.14803e-08)
(-10 -4.17717e-07 -6.1923e-08)
(-10 -7.92575e-07 -5.57917e-08)
(-10 -1.29074e-06 -6.69292e-08)
(-10 -1.01662e-06 -6.15429e-08)
(-10 -1.60997e-06 -6.13542e-08)
(-10 -1.54098e-06 -4.62275e-08)
(-10 -1.62388e-06 -2.16838e-08)
(-10 -1.68786e-06 -3.4874e-08)
(-10 5.89498e-07 -3.70677e-08)
(-10 6.32323e-07 -4.2621e-08)
(-10 7.18962e-07 -6.13738e-08)
(-10 7.0208e-07 -7.35538e-08)
(-10 6.27427e-07 -8.47667e-08)
(-10 5.19138e-07 -8.38487e-08)
(-10 3.65713e-07 -8.43765e-08)
(-10 1.71933e-07 -7.80877e-08)
(-10 -7.05205e-08 -6.37129e-08)
(-10 -3.60853e-07 -6.59598e-08)
(-10 -7.06539e-07 -6.76172e-08)
(-10 -1.16239e-06 -5.35576e-08)
(-10 -9.4536e-07 -4.99742e-08)
(-10 -1.44785e-06 -4.67827e-08)
(-10 -1.39521e-06 -4.83718e-08)
(-10 -1.4941e-06 -5.02414e-08)
(-10 -1.59299e-06 -3.48698e-08)
(-10 5.64033e-07 -2.79375e-08)
(-10 6.25088e-07 -4.34062e-08)
(-10 6.69069e-07 -6.93706e-08)
(-10 6.46814e-07 -8.67304e-08)
(-10 5.80715e-07 -9.38023e-08)
(-10 4.82796e-07 -9.37904e-08)
(-10 3.46287e-07 -8.51592e-08)
(-10 1.67841e-07 -7.81503e-08)
(-10 -5.01717e-08 -7.64374e-08)
(-10 -3.12309e-07 -5.68967e-08)
(-10 -6.19093e-07 -4.34491e-08)
(-10 -1.02036e-06 -5.256e-08)
(-10 -8.57093e-07 -5.64792e-08)
(-10 -1.28169e-06 -5.64403e-08)
(-10 -1.27614e-06 -5.23233e-08)
(-10 -1.33895e-06 -3.43455e-08)
(-10 -1.38629e-06 -3.91534e-08)
(-10 5.17473e-07 -5.09136e-08)
(-10 5.84724e-07 -7.16317e-08)
(-10 6.09175e-07 -9.50003e-08)
(-10 5.7785e-07 -1.10299e-07)
(-10 5.22346e-07 -1.1703e-07)
(-10 4.30837e-07 -1.0897e-07)
(-10 3.10178e-07 -9.96945e-08)
(-10 1.57103e-07 -8.84465e-08)
(-10 -3.22228e-08 -6.54026e-08)
(-10 -2.55153e-07 -5.33281e-08)
(-10 -5.18577e-07 -4.77757e-08)
(-10 -8.62194e-07 -3.63835e-08)
(-10 -7.53221e-07 -4.9259e-08)
(-10 -1.09767e-06 -4.7401e-08)
(-10 -1.08143e-06 -5.35991e-08)
(-10 -1.13691e-06 -5.48766e-08)
(-10 -1.21662e-06 -4.44667e-08)
(-10 4.47914e-07 -4.98279e-08)
(-10 5.34108e-07 -7.86818e-08)
(-10 5.40625e-07 -1.03069e-07)
(-10 4.91017e-07 -1.12757e-07)
(-10 4.33635e-07 -1.16466e-07)
(-10 3.65615e-07 -1.1176e-07)
(-10 2.63028e-07 -9.69567e-08)
(-10 1.34824e-07 -8.0479e-08)
(-10 -2.1943e-08 -6.5578e-08)
(-10 -2.05908e-07 -4.54133e-08)
(-10 -4.16416e-07 -2.94566e-08)
(-10 -6.905e-07 -3.70968e-08)
(-10 -6.27816e-07 -4.95464e-08)
(-10 -9.42461e-07 -5.42633e-08)
(-10 -8.86712e-07 -5.10777e-08)
(-10 -9.04763e-07 -5.03889e-08)
(-10 -9.67346e-07 -4.70161e-08)
(-10 3.52158e-07 -7.23326e-08)
(-10 5.36725e-07 -1.07051e-07)
(-10 4.77898e-07 -1.16147e-07)
(-10 3.49002e-07 -1.24839e-07)
(-10 3.30335e-07 -1.27907e-07)
(-10 2.71211e-07 -1.11795e-07)
(-10 1.96169e-07 -9.8899e-08)
(-10 9.84652e-08 -8.89244e-08)
(-10 -1.68152e-08 -5.68907e-08)
(-10 -1.50337e-07 -4.02365e-08)
(-10 -3.05794e-07 -3.42828e-08)
(-10 -5.14773e-07 -3.72513e-08)
(-10 -4.89049e-07 -4.96636e-08)
(-10 -6.92171e-07 -5.2656e-08)
(-10 -6.14754e-07 -5.41476e-08)
(-10 -6.38518e-07 -6.02233e-08)
(-10 -7.47943e-07 -4.75046e-08)
(-10 3.11465e-07 -6.64314e-08)
(-10 4.75333e-07 -9.05061e-08)
(-10 4.40769e-07 -1.08028e-07)
(-10 3.12549e-07 -1.20383e-07)
(-10 3.04566e-07 -1.19723e-07)
(-10 2.64123e-07 -1.02191e-07)
(-10 2.07817e-07 -9.14955e-08)
(-10 1.41525e-07 -7.42406e-08)
(-10 4.95394e-08 -5.35567e-08)
(-10 -3.76565e-08 -3.43965e-08)
(-10 -1.38328e-07 -3.15576e-08)
(-10 -2.9252e-07 -4.4943e-08)
(-10 -2.74238e-07 -5.03537e-08)
(-10 -4.4548e-07 -5.29344e-08)
(-10 -3.79882e-07 -5.21107e-08)
(-10 -3.81753e-07 -5.4635e-08)
(-10 -4.63351e-07 -4.11622e-08)
(-10 1.88241e-07 -7.60627e-08)
(-10 2.49421e-07 -8.59857e-08)
(-10 2.28481e-07 -1.07024e-07)
(-10 1.88723e-07 -1.23735e-07)
(-10 1.72291e-07 -1.1561e-07)
(-10 1.43758e-07 -1.039e-07)
(-10 1.11773e-07 -8.81481e-08)
(-10 6.93658e-08 -6.332e-08)
(-10 2.48449e-08 -4.09415e-08)
(-10 -3.60298e-08 -3.43542e-08)
(-10 -9.3466e-08 -2.89322e-08)
(-10 -1.89613e-07 -3.51731e-08)
(-10 -2.08359e-07 -5.34307e-08)
(-10 -2.90006e-07 -4.95256e-08)
(-10 -2.29245e-07 -4.40655e-08)
(-10 -2.39709e-07 -5.08891e-08)
(-10 -2.65736e-07 -3.97068e-08)
(-10 4.11738e-08 -1.06646e-07)
(-10 4.22192e-08 -1.29465e-07)
(-10 4.39106e-08 -1.45829e-07)
(-10 3.19928e-08 -1.56346e-07)
(-10 2.70669e-08 -1.4525e-07)
(-10 1.82313e-08 -1.23914e-07)
(-10 1.05426e-08 -1.10082e-07)
(-10 -2.09811e-09 -9.06781e-08)
(-10 -1.61789e-08 -6.76472e-08)
(-10 -3.19337e-08 -6.13335e-08)
(-10 -4.88434e-08 -5.92946e-08)
(-10 -8.20987e-08 -6.53322e-08)
(-10 -7.89643e-08 -7.16553e-08)
(-10 -8.04354e-08 -7.0607e-08)
(-10 -7.42986e-08 -6.63994e-08)
(-10 -7.84079e-08 -6.7511e-08)
(-10 -7.78206e-08 -4.8137e-08)
(-10 1.07483e-06 2.99219e-08)
(-10 1.06039e-06 3.64342e-08)
(-10 1.00562e-06 4.05894e-08)
(-10 9.49157e-07 3.81667e-08)
(-10 8.74353e-07 3.61504e-08)
(-10 7.70215e-07 3.26244e-08)
(-10 6.30355e-07 3.32073e-08)
(-10 4.55867e-07 3.47677e-08)
(-10 2.28786e-07 4.34047e-08)
(-10 -5.0128e-08 4.32703e-08)
(-10 -3.91019e-07 4.4441e-08)
(-10 -8.42637e-07 3.80956e-08)
(-10 -6.07555e-07 4.09159e-08)
(-10 -1.25641e-06 5.20113e-08)
(-10 -1.09457e-06 4.20049e-08)
(-10 -1.08734e-06 4.4878e-08)
(-10 9.88046e-07 3.8822e-08)
(-10 1.0209e-06 4.39825e-08)
(-10 9.64418e-07 4.31991e-08)
(-10 9.13504e-07 4.06967e-08)
(-10 8.44214e-07 3.79821e-08)
(-10 7.44561e-07 3.66634e-08)
(-10 6.08654e-07 3.67398e-08)
(-10 4.30893e-07 3.86342e-08)
(-10 2.07511e-07 3.78551e-08)
(-10 -8.04235e-08 4.62377e-08)
(-10 -4.23318e-07 5.19657e-08)
(-10 -9.01914e-07 5.89205e-08)
(-10 -6.19005e-07 5.26382e-08)
(-10 -1.30999e-06 4.4826e-08)
(-10 -1.11878e-06 4.9364e-08)
(-10 -1.13718e-06 3.8565e-08)
(-10 9.57988e-07 4.22803e-08)
(-10 9.84071e-07 4.08448e-08)
(-10 9.50143e-07 3.97797e-08)
(-10 9.07198e-07 3.60192e-08)
(-10 8.4263e-07 3.35441e-08)
(-10 7.50386e-07 3.14787e-08)
(-10 6.1981e-07 3.10758e-08)
(-10 4.45739e-07 3.11028e-08)
(-10 2.23842e-07 4.17411e-08)
(-10 -6.0459e-08 4.2111e-08)
(-10 -4.12663e-07 4.57037e-08)
(-10 -9.09353e-07 5.09585e-08)
(-10 -6.21805e-07 4.42665e-08)
(-10 -1.3535e-06 5.37106e-08)
(-10 -1.14434e-06 3.43538e-08)
(-10 -1.17266e-06 3.22401e-08)
(-10 9.43141e-07 4.07685e-08)
(-10 9.76697e-07 3.91171e-08)
(-10 9.60863e-07 3.5901e-08)
(-10 9.25433e-07 3.20032e-08)
(-10 8.67675e-07 2.91148e-08)
(-10 7.83845e-07 2.95433e-08)
(-10 6.62835e-07 3.12271e-08)
(-10 4.94922e-07 3.50429e-08)
(-10 2.74383e-07 3.07195e-08)
(-10 -1.06669e-08 4.10534e-08)
(-10 -3.6592e-07 4.1712e-08)
(-10 -8.81657e-07 4.90405e-08)
(-10 -5.89616e-07 4.13023e-08)
(-10 -1.35258e-06 3.31151e-08)
(-10 -1.14094e-06 3.8668e-08)
(-10 -1.18438e-06 2.59599e-08)
(-10 9.01424e-07 4.31353e-08)
(-10 9.42581e-07 3.78225e-08)
(-10 9.32135e-07 3.36624e-08)
(-10 9.03046e-07 3.01491e-08)
(-10 8.49313e-07 2.85527e-08)
(-10 7.77773e-07 2.93276e-08)
(-10 6.66802e-07 3.05743e-08)
(-10 5.06611e-07 3.17686e-08)
(-10 2.9124e-07 4.13579e-08)
(-10 3.87384e-09 3.85438e-08)
(-10 -3.59421e-07 3.62505e-08)
(-10 -8.92167e-07 3.87046e-08)
(-10 -6.01814e-07 3.49118e-08)
(-10 -1.39716e-06 4.27923e-08)
(-10 -1.18641e-06 2.75869e-08)
(-10 -1.24592e-06 2.48577e-08)
(-10 8.38009e-07 4.07619e-08)
(-10 8.76125e-07 3.68837e-08)
(-10 8.69199e-07 3.05156e-08)
(-10 8.38107e-07 2.61588e-08)
(-10 7.90844e-07 2.68276e-08)
(-10 7.35097e-07 2.8556e-08)
(-10 6.40817e-07 3.03179e-08)
(-10 4.91038e-07 3.40996e-08)
(-10 2.7693e-07 3.15363e-08)
(-10 -7.83122e-09 3.62907e-08)
(-10 -3.8229e-07 3.40839e-08)
(-10 -9.27486e-07 3.74927e-08)
(-10 -6.43645e-07 3.24216e-08)
(-10 -1.46687e-06 2.50151e-08)
(-10 -1.26638e-06 3.014e-08)
(-10 -1.33771e-06 1.6732e-08)
(-10 7.56046e-07 4.55478e-08)
(-10 8.02521e-07 3.82139e-08)
(-10 7.8051e-07 3.00265e-08)
(-10 7.34556e-07 2.65069e-08)
(-10 6.87636e-07 2.60603e-08)
(-10 6.54107e-07 3.12404e-08)
(-10 5.91643e-07 3.15573e-08)
(-10 4.60222e-07 3.45093e-08)
(-10 2.52078e-07 3.67292e-08)
(-10 -4.06312e-08 3.14081e-08)
(-10 -4.20583e-07 2.69144e-08)
(-10 -9.84689e-07 2.42217e-08)
(-10 -7.06394e-07 2.41606e-08)
(-10 -1.55819e-06 3.45618e-08)
(-10 -1.38048e-06 1.72218e-08)
(-10 -1.46259e-06 9.04091e-09)
(-10 5.99809e-07 4.83555e-08)
(-10 6.70075e-07 3.89871e-08)
(-10 6.40831e-07 2.2142e-08)
(-10 5.21962e-07 2.04563e-08)
(-10 4.28936e-07 1.95284e-08)
(-10 5.5174e-07 2.16989e-08)
(-10 5.5875e-07 2.7321e-08)
(-10 4.25722e-07 3.00131e-08)
(-10 2.11108e-07 2.21975e-08)
(-10 -9.36636e-08 2.4422e-08)
(-10 -4.83949e-07 2.20818e-08)
(-10 -1.07252e-06 2.22947e-08)
(-10 -7.96988e-07 1.79342e-08)
(-10 -1.67491e-06 6.24275e-09)
(-10 -1.51479e-06 1.74247e-08)
(-10 -1.63859e-06 8.17289e-09)
(-10 6.77719e-07 3.04395e-08)
(-10 6.90318e-07 2.45557e-08)
(-10 5.4918e-07 1.23462e-08)
(-10 4.10585e-07 2.59805e-09)
(-10 3.88794e-07 1.86176e-08)
(-10 3.08289e-07 1.50235e-08)
(-10 4.04325e-07 1.83686e-08)
(-10 4.01128e-07 2.00759e-08)
(-10 1.62607e-07 2.68595e-08)
(-10 -1.62274e-07 1.71843e-08)
(-10 -5.69844e-07 8.9534e-09)
(-10 -1.15745e-06 3.21543e-09)
(-10 -8.85174e-07 3.22255e-09)
(-10 -1.78522e-06 2.20488e-08)
(-10 -1.67008e-06 -2.48649e-09)
(-10 -1.80808e-06 -3.33106e-08)
(-10 8.45157e-07 7.15868e-08)
(-10 7.84863e-07 3.35442e-08)
(-10 6.75838e-07 -3.92786e-08)
(-10 6.41264e-07 -2.62967e-09)
(-10 5.39846e-07 2.42834e-08)
(-10 3.55401e-07 2.76632e-09)
(-10 2.50218e-07 7.08823e-09)
(-10 1.81553e-07 3.32041e-08)
(-10 -7.04599e-08 2.19275e-08)
(-10 -3.72982e-07 2.24726e-08)
(-10 -7.53179e-07 1.99693e-08)
(-10 -1.27506e-06 1.45989e-08)
(-10 -9.723e-07 9.08867e-09)
(-10 -1.87215e-06 -5.17121e-09)
(-10 -1.68773e-06 -2.69433e-08)
(-10 -1.79397e-06 -3.21121e-08)
(-10 8.62376e-07 4.41145e-08)
(-10 8.6457e-07 3.11512e-08)
(-10 8.37305e-07 3.19368e-08)
(-10 8.10858e-07 1.40062e-08)
(-10 7.58734e-07 -5.11226e-09)
(-10 5.99387e-07 1.62719e-09)
(-10 4.33195e-07 -2.85255e-09)
(-10 1.52765e-07 1.05063e-08)
(-10 -1.04276e-07 1.97644e-08)
(-10 -4.02924e-07 2.07889e-08)
(-10 -7.94306e-07 2.76176e-08)
(-10 -1.35936e-06 4.64497e-08)
(-10 -1.04834e-06 5.48199e-08)
(-10 -1.91054e-06 6.70646e-08)
(-10 -1.66456e-06 1.25983e-08)
(-10 -1.71642e-06 -3.1416e-08)
(-10 8.14083e-07 1.01396e-07)
(-10 8.31994e-07 9.73141e-08)
(-10 9.09606e-07 4.16975e-08)
(-10 9.80243e-07 2.17872e-08)
(-10 9.98242e-07 -1.81588e-09)
(-10 9.97138e-07 -7.52171e-08)
(-10 7.13496e-07 -2.69133e-08)
(-10 4.10203e-07 4.80935e-09)
(-10 1.49814e-07 -2.61877e-09)
(-10 -2.04673e-07 1.83885e-09)
(-10 -6.5047e-07 4.73475e-09)
(-10 -1.28242e-06 1.28126e-08)
(-10 -1.01042e-06 2.29592e-08)
(-10 -1.90685e-06 4.03935e-08)
(-10 -1.66152e-06 2.16566e-08)
(-10 -1.64578e-06 2.99218e-09)
(-10 -1.71035e-06 -2.22634e-08)
(-10 8.79371e-07 2.83257e-08)
(-10 7.96734e-07 4.21097e-08)
(-10 9.65382e-07 4.856e-08)
(-10 1.16021e-06 -4.11046e-10)
(-10 1.26887e-06 -7.12382e-08)
(-10 1.13592e-06 -5.13896e-08)
(-10 7.90033e-07 3.46782e-09)
(-10 5.34811e-07 -3.48838e-09)
(-10 2.75838e-07 -4.59501e-09)
(-10 -6.94369e-08 -1.37791e-08)
(-10 -4.97598e-07 -2.22646e-08)
(-10 -1.0964e-06 -2.56532e-08)
(-10 -7.92848e-07 -3.77756e-08)
(-10 -1.68666e-06 -2.45765e-08)
(-10 -1.53872e-06 3.39816e-09)
(-10 -1.56846e-06 -3.19034e-08)
(-10 -1.55101e-06 -5.10467e-08)
(-10 9.77795e-07 2.09891e-09)
(-10 9.98532e-07 -2.85018e-09)
(-10 1.08967e-06 -1.4564e-08)
(-10 1.31417e-06 -2.43183e-08)
(-10 1.34683e-06 -3.67494e-08)
(-10 1.07939e-06 -3.73923e-08)
(-10 8.64122e-07 -2.65618e-08)
(-10 6.44015e-07 -2.78e-08)
(-10 3.76948e-07 -4.10232e-08)
(-10 4.03145e-08 -3.99875e-08)
(-10 -3.75764e-07 -4.23781e-08)
(-10 -9.47657e-07 -4.24269e-08)
(-10 -6.56598e-07 -3.96851e-08)
(-10 -1.49333e-06 -4.64759e-08)
(-10 -1.35936e-06 -7.74088e-08)
(-10 -1.42202e-06 -4.83392e-08)
(-10 -1.4819e-06 -1.36727e-08)
(-10 1.08435e-06 -2.00035e-08)
(-10 1.14801e-06 -2.44564e-08)
(-10 1.20322e-06 -2.33278e-08)
(-10 1.32973e-06 -3.77224e-08)
(-10 1.2806e-06 -3.8359e-08)
(-10 1.12869e-06 -3.88571e-08)
(-10 9.44966e-07 -4.04703e-08)
(-10 7.27122e-07 -4.61288e-08)
(-10 4.60872e-07 -4.40659e-08)
(-10 1.27337e-07 -5.45077e-08)
(-10 -2.80839e-07 -5.42258e-08)
(-10 -8.34485e-07 -5.89517e-08)
(-10 -5.64167e-07 -5.33176e-08)
(-10 -1.36855e-06 -4.96415e-08)
(-10 -1.25545e-06 -1.95908e-08)
(-10 -1.33973e-06 -4.41266e-08)
(-10 -1.45502e-06 -4.34006e-08)
(-10 1.08239e-06 -1.28817e-08)
(-10 1.18567e-06 -4.00631e-08)
(-10 1.32025e-06 -8.21004e-08)
(-10 1.34191e-06 -5.95969e-08)
(-10 1.21638e-06 -3.36126e-08)
(-10 1.11502e-06 -4.79853e-08)
(-10 9.57932e-07 -5.10637e-08)
(-10 7.55516e-07 -5.51428e-08)
(-10 4.95922e-07 -6.45368e-08)
(-10 1.7658e-07 -6.20732e-08)
(-10 -2.09288e-07 -6.03503e-08)
(-10 -7.28245e-07 -6.10847e-08)
(-10 -4.85813e-07 -6.06397e-08)
(-10 -1.24195e-06 -6.81866e-08)
(-10 -1.14583e-06 -9.08787e-08)
(-10 -1.211e-06 -6.80118e-08)
(-10 -1.30116e-06 -5.02665e-08)
(-10 1.08047e-06 -4.43037e-08)
(-10 1.15835e-06 -4.84322e-08)
(-10 1.37084e-06 -5.2048e-08)
(-10 1.28147e-06 -5.98835e-08)
(-10 1.17052e-06 -5.96954e-08)
(-10 1.09067e-06 -6.27175e-08)
(-10 9.47041e-07 -6.40677e-08)
(-10 7.4934e-07 -6.73138e-08)
(-10 5.02639e-07 -6.32882e-08)
(-10 1.99217e-07 -6.74824e-08)
(-10 -1.66938e-07 -6.7161e-08)
(-10 -6.52053e-07 -6.49236e-08)
(-10 -4.37045e-07 -6.19165e-08)
(-10 -1.15116e-06 -5.84029e-08)
(-10 -1.0529e-06 -2.73961e-08)
(-10 -1.09566e-06 -4.4333e-08)
(-10 -1.2265e-06 -4.7145e-08)
(-10 1.06094e-06 -5.50652e-08)
(-10 1.10965e-06 -5.80988e-08)
(-10 1.22125e-06 -7.32259e-08)
(-10 1.20577e-06 -7.03971e-08)
(-10 1.13366e-06 -7.42154e-08)
(-10 1.03995e-06 -7.67275e-08)
(-10 8.99259e-07 -7.72558e-08)
(-10 7.1437e-07 -7.5907e-08)
(-10 4.81697e-07 -7.8945e-08)
(-10 1.95732e-07 -7.37445e-08)
(-10 -1.41954e-07 -6.47016e-08)
(-10 -5.89466e-07 -6.26874e-08)
(-10 -4.09247e-07 -6.05848e-08)
(-10 -1.0505e-06 -6.14044e-08)
(-10 -9.79187e-07 -5.88599e-08)
(-10 -1.06945e-06 -4.96791e-08)
(-10 -1.14151e-06 -3.65967e-08)
(-10 9.91773e-07 -6.59226e-08)
(-10 1.04065e-06 -6.82982e-08)
(-10 1.11233e-06 -7.1464e-08)
(-10 1.09367e-06 -8.01268e-08)
(-10 1.03746e-06 -8.34432e-08)
(-10 9.49884e-07 -8.42323e-08)
(-10 8.21677e-07 -8.36696e-08)
(-10 6.5214e-07 -8.17246e-08)
(-10 4.39674e-07 -7.45076e-08)
(-10 1.86005e-07 -7.09412e-08)
(-10 -1.14909e-07 -6.91592e-08)
(-10 -5.09183e-07 -6.48661e-08)
(-10 -3.77762e-07 -6.35435e-08)
(-10 -9.34339e-07 -5.80313e-08)
(-10 -8.62346e-07 -4.36405e-08)
(-10 -9.43316e-07 -4.36455e-08)
(-10 -1.0424e-06 -4.70572e-08)
(-10 8.88135e-07 -7.57833e-08)
(-10 9.5772e-07 -7.97103e-08)
(-10 9.91887e-07 -9.03024e-08)
(-10 9.67554e-07 -9.38648e-08)
(-10 9.17022e-07 -9.83201e-08)
(-10 8.38732e-07 -9.78192e-08)
(-10 7.24459e-07 -9.44621e-08)
(-10 5.75572e-07 -8.91008e-08)
(-10 3.92295e-07 -8.53872e-08)
(-10 1.7171e-07 -7.90665e-08)
(-10 -8.43999e-08 -7.04374e-08)
(-10 -4.24144e-07 -6.97185e-08)
(-10 -3.37227e-07 -6.83847e-08)
(-10 -7.87988e-07 -6.54736e-08)
(-10 -7.36028e-07 -6.35384e-08)
(-10 -8.10998e-07 -5.60344e-08)
(-10 -8.83273e-07 -4.062e-08)
(-10 7.59052e-07 -8.50774e-08)
(-10 8.43547e-07 -9.1237e-08)
(-10 8.59357e-07 -9.11665e-08)
(-10 8.15794e-07 -9.91687e-08)
(-10 7.67412e-07 -1.03029e-07)
(-10 7.02415e-07 -1.02456e-07)
(-10 6.04508e-07 -9.76655e-08)
(-10 4.81326e-07 -9.15655e-08)
(-10 3.28582e-07 -8.16819e-08)
(-10 1.5143e-07 -7.44744e-08)
(-10 -5.83529e-08 -7.48771e-08)
(-10 -3.30912e-07 -7.17756e-08)
(-10 -2.91617e-07 -7.11247e-08)
(-10 -6.48281e-07 -6.09111e-08)
(-10 -5.85141e-07 -5.09002e-08)
(-10 -6.17994e-07 -5.27753e-08)
(-10 -7.26624e-07 -5.2803e-08)
(-10 5.93421e-07 -9.41481e-08)
(-10 7.27443e-07 -9.53743e-08)
(-10 7.22412e-07 -1.00906e-07)
(-10 6.01766e-07 -1.0867e-07)
(-10 5.86831e-07 -1.11572e-07)
(-10 5.3116e-07 -1.07609e-07)
(-10 4.6143e-07 -1.03715e-07)
(-10 3.64258e-07 -9.3352e-08)
(-10 2.54675e-07 -8.88869e-08)
(-10 1.19533e-07 -8.18068e-08)
(-10 -2.47956e-08 -7.90432e-08)
(-10 -2.35814e-07 -7.7575e-08)
(-10 -2.1196e-07 -7.4561e-08)
(-10 -4.58586e-07 -7.31214e-08)
(-10 -3.84921e-07 -6.94749e-08)
(-10 -4.15839e-07 -6.26039e-08)
(-10 -5.4708e-07 -3.75037e-08)
(-10 4.90033e-07 -9.01987e-08)
(-10 6.67787e-07 -9.09498e-08)
(-10 6.06954e-07 -1.01554e-07)
(-10 4.98037e-07 -1.04307e-07)
(-10 4.88099e-07 -1.08421e-07)
(-10 4.54408e-07 -1.05863e-07)
(-10 3.97425e-07 -9.87728e-08)
(-10 3.32723e-07 -9.34621e-08)
(-10 2.51936e-07 -8.41118e-08)
(-10 1.69268e-07 -7.87804e-08)
(-10 5.72121e-08 -7.86927e-08)
(-10 -8.94133e-08 -7.55799e-08)
(-10 -1.00893e-07 -7.80462e-08)
(-10 -2.74285e-07 -7.12654e-08)
(-10 -2.01554e-07 -5.91669e-08)
(-10 -2.04165e-07 -5.20082e-08)
(-10 -3.20908e-07 -5.29838e-08)
(-10 2.95251e-07 -9.92616e-08)
(-10 3.55742e-07 -1.01368e-07)
(-10 3.39436e-07 -1.03962e-07)
(-10 3.02198e-07 -1.11874e-07)
(-10 2.86881e-07 -1.10345e-07)
(-10 2.58533e-07 -1.07524e-07)
(-10 2.27776e-07 -1.00818e-07)
(-10 1.80274e-07 -9.07784e-08)
(-10 1.37679e-07 -8.37569e-08)
(-10 8.22145e-08 -8.41142e-08)
(-10 2.09324e-08 -7.68954e-08)
(-10 -8.02855e-08 -7.87123e-08)
(-10 -9.57333e-08 -7.49765e-08)
(-10 -1.66169e-07 -6.78724e-08)
(-10 -1.30904e-07 -6.142e-08)
(-10 -1.47282e-07 -5.8749e-08)
(-10 -1.71841e-07 -4.49719e-08)
(-10 7.61974e-08 -1.06046e-07)
(-10 8.1995e-08 -1.07544e-07)
(-10 8.31144e-08 -1.19929e-07)
(-10 7.14077e-08 -1.21738e-07)
(-10 6.50403e-08 -1.22412e-07)
(-10 5.78839e-08 -1.20333e-07)
(-10 4.70756e-08 -1.10785e-07)
(-10 3.71401e-08 -1.05174e-07)
(-10 2.10923e-08 -9.62867e-08)
(-10 8.15327e-09 -9.135e-08)
(-10 -1.11707e-08 -9.09399e-08)
(-10 -4.51547e-08 -8.97098e-08)
(-10 -3.77779e-08 -8.55615e-08)
(-10 -5.60409e-08 -7.71216e-08)
(-10 -4.35514e-08 -6.9637e-08)
(-10 -3.42545e-08 -5.80583e-08)
(-10 -5.94792e-08 -5.42394e-08)
)
;

boundaryField
{
    frontAndBack
    {
        type            slip;
    }
    inlet
    {
        type            fixedValue;
        value           nonuniform List<vector> 0();
    }
    outlet
    {
        type            inletOutlet;
        inletValue      nonuniform List<vector> 0();
        value           nonuniform List<vector> 0();
    }
    lowerWall
    {
        type            fixedValue;
        value           uniform (-10 0 0);
    }
    upperWall
    {
        type            slip;
    }
    procBoundary4to1
    {
        type            processor;
        value           nonuniform List<vector> 
82
(
(-10 -1.47415e-06 2.65604e-08)
(-10 7.74942e-07 3.58267e-08)
(-10 7.3246e-07 1.80758e-09)
(-10 6.67218e-07 1.16334e-08)
(-10 5.8392e-07 1.60805e-08)
(-10 4.77013e-07 -2.72384e-08)
(-10 3.43315e-07 -3.31283e-08)
(-10 1.74591e-07 -5.20937e-09)
(-10 -3.10443e-08 -2.69469e-09)
(-10 -2.76453e-07 -2.76756e-10)
(-10 -5.69464e-07 5.58021e-10)
(-10 -9.13569e-07 2.32707e-08)
(-10 -1.33101e-06 3.84494e-08)
(-10 -1.20138e-06 3.10412e-08)
(-10 -1.71546e-06 2.52951e-08)
(-10 -1.56129e-06 8.59669e-09)
(-10 -1.56129e-06 8.59669e-09)
(-10 -1.51753e-06 2.27569e-08)
(-10 7.67411e-07 2.92231e-08)
(-10 7.62303e-07 1.24128e-08)
(-10 6.78037e-07 1.9192e-08)
(-10 6.00195e-07 3.71071e-08)
(-10 4.94477e-07 5.33771e-09)
(-10 3.69795e-07 -4.15783e-08)
(-10 2.09708e-07 -3.6554e-08)
(-10 1.64172e-09 -4.43785e-08)
(-10 -2.46784e-07 -2.21276e-08)
(-10 -5.5167e-07 2.02041e-08)
(-10 -9.04838e-07 4.21089e-08)
(-10 -1.36865e-06 5.17457e-08)
(-10 -1.10579e-06 4.13084e-08)
(-10 -1.65958e-06 3.42355e-08)
(-10 -1.53519e-06 1.36384e-08)
(-10 -1.51753e-06 2.27569e-08)
(-10 7.58403e-07 2.03494e-08)
(-10 7.43048e-07 2.09752e-08)
(-10 6.55486e-07 2.50025e-08)
(-10 5.81222e-07 2.92178e-08)
(-10 4.99756e-07 2.71296e-08)
(-10 3.78002e-07 9.30675e-09)
(-10 2.05792e-07 -3.87533e-08)
(-10 1.79664e-09 -4.49082e-08)
(-10 -2.50451e-07 -3.15934e-08)
(-10 -5.50929e-07 -1.99987e-08)
(-10 -9.04098e-07 2.77274e-09)
(-10 -1.36663e-06 4.33098e-08)
(-10 -1.07532e-06 2.60287e-08)
(-10 -1.64042e-06 5.75914e-08)
(-10 -1.53441e-06 2.17133e-08)
(-10 -1.4979e-06 -1.7009e-08)
(-10 7.57693e-07 4.86442e-08)
(-10 7.27134e-07 4.15758e-08)
(-10 6.54767e-07 4.43695e-08)
(-10 5.82545e-07 4.58427e-08)
(-10 4.83786e-07 4.01142e-08)
(-10 3.57482e-07 3.61251e-08)
(-10 2.09497e-07 3.38003e-08)
(-10 1.03567e-08 3.30224e-08)
(-10 -2.43017e-07 4.43644e-08)
(-10 -5.45304e-07 3.11454e-08)
(-10 -8.87708e-07 3.27854e-08)
(-10 -1.34402e-06 5.43846e-08)
(-10 -1.03805e-06 3.75336e-08)
(-10 -1.62082e-06 4.84112e-08)
(-10 -1.51528e-06 5.96863e-08)
(-10 -1.47912e-06 3.81172e-08)
(-10 1.03941e-06 4.33722e-08)
(-10 1.02676e-06 3.87281e-08)
(-10 9.64025e-07 3.6952e-08)
(-10 9.06272e-07 4.00018e-08)
(-10 8.26726e-07 4.0046e-08)
(-10 7.1731e-07 3.93835e-08)
(-10 5.73267e-07 3.90338e-08)
(-10 3.91786e-07 4.44218e-08)
(-10 1.61342e-07 4.70236e-08)
(-10 -9.34401e-08 6.05134e-08)
(-10 -4.09076e-07 5.41456e-08)
(-10 -8.50035e-07 3.65008e-08)
(-10 -6.00425e-07 4.026e-08)
(-10 -1.23548e-06 4.31936e-08)
(-10 -1.09141e-06 5.0286e-08)
(-10 -1.10933e-06 4.56382e-08)
)
;
    }
    procBoundary4to2
    {
        type            processor;
        value           uniform (-10 -1.57355e-06 1.17109e-09);
    }
    procBoundary4to3
    {
        type            processor;
        value           nonuniform List<vector> 
125
(
(-10 7.37934e-07 1.09405e-08)
(-10 5.67821e-07 1.4368e-08)
(-10 4.70873e-07 2.55388e-08)
(-10 4.1023e-07 2.49874e-08)
(-10 3.40994e-07 3.40458e-08)
(-10 2.38875e-07 -6.26449e-09)
(-10 8.47342e-08 -2.46398e-08)
(-10 -1.95836e-07 -1.7541e-08)
(-10 -2.36608e-07 8.28119e-09)
(-10 2.01563e-09 -6.08854e-08)
(-10 1.49395e-07 1.61503e-08)
(-10 2.7394e-07 -3.86744e-08)
(-10 3.76763e-07 1.02668e-08)
(-10 4.46464e-07 -3.94838e-08)
(-10 4.72493e-07 1.70089e-08)
(-10 4.80944e-07 -2.67353e-09)
(-10 4.99341e-07 2.69072e-08)
(-10 4.81278e-07 -1.03283e-08)
(-10 4.28717e-07 2.21511e-08)
(-10 3.31288e-07 1.10552e-09)
(-10 2.45461e-07 4.45342e-08)
(-10 1.84673e-07 1.34267e-08)
(-10 1.91701e-07 -3.57963e-09)
(-10 1.28572e-07 -2.65311e-08)
(-10 -1.62231e-08 -4.80609e-08)
(-10 7.5978e-07 2.73889e-08)
(-10 5.98319e-07 4.61332e-08)
(-10 5.14819e-07 2.17107e-08)
(-10 4.55332e-07 4.77234e-08)
(-10 3.98434e-07 2.83874e-08)
(-10 2.91774e-07 1.91931e-08)
(-10 1.58401e-07 9.99595e-09)
(-10 -1.62273e-07 -3.40161e-08)
(-10 -2.44857e-07 5.99931e-08)
(-10 3.56144e-08 3.64472e-08)
(-10 1.9619e-07 9.50761e-08)
(-10 3.12166e-07 -3.46922e-09)
(-10 4.22047e-07 3.91416e-08)
(-10 5.05511e-07 -1.73435e-08)
(-10 5.47228e-07 2.90927e-08)
(-10 5.46367e-07 4.72106e-10)
(-10 5.43763e-07 4.15576e-08)
(-10 5.45957e-07 -1.43778e-08)
(-10 4.99877e-07 3.51257e-08)
(-10 4.25036e-07 -1.67948e-08)
(-10 2.96774e-07 4.32133e-08)
(-10 2.2622e-07 5.72488e-10)
(-10 2.48798e-07 -1.11919e-08)
(-10 1.37915e-07 -2.34025e-08)
(-10 9.06189e-09 -7.99673e-08)
(-10 7.67993e-07 6.05043e-08)
(-10 6.15606e-07 4.53907e-08)
(-10 5.39554e-07 5.04215e-08)
(-10 4.87366e-07 3.62744e-08)
(-10 4.19963e-07 4.35493e-08)
(-10 3.17591e-07 3.65448e-08)
(-10 2.02751e-07 5.96805e-08)
(-10 -4.96676e-08 2.49338e-08)
(-10 -8.11246e-08 7.2392e-08)
(-10 9.52646e-08 9.01441e-08)
(-10 1.78079e-07 5.12905e-08)
(-10 2.83631e-07 9.98695e-09)
(-10 3.75442e-07 -1.56093e-08)
(-10 4.5704e-07 -2.27018e-08)
(-10 5.11096e-07 -2.29908e-08)
(-10 5.13097e-07 -2.75086e-09)
(-10 5.18794e-07 1.43799e-08)
(-10 5.3224e-07 3.36288e-08)
(-10 5.03551e-07 3.67821e-08)
(-10 4.45161e-07 4.09454e-08)
(-10 3.53965e-07 4.40248e-08)
(-10 2.29687e-07 5.48005e-08)
(-10 2.15167e-07 1.87784e-08)
(-10 1.32883e-07 1.25552e-09)
(-10 1.41435e-08 -4.32429e-08)
(-10 7.54709e-07 6.61548e-08)
(-10 6.42645e-07 5.3515e-08)
(-10 5.67949e-07 6.31794e-08)
(-10 5.14217e-07 5.042e-08)
(-10 4.41745e-07 6.05428e-08)
(-10 3.3885e-07 4.83759e-08)
(-10 2.28239e-07 6.38052e-08)
(-10 3.03568e-08 4.94976e-08)
(-10 1.07872e-08 8.16247e-08)
(-10 1.51249e-07 7.90641e-08)
(-10 2.38271e-07 9.79479e-08)
(-10 3.47229e-07 3.55844e-08)
(-10 3.85161e-07 3.26739e-08)
(-10 4.34382e-07 -2.15404e-08)
(-10 4.87458e-07 -1.73783e-08)
(-10 5.02603e-07 -2.65602e-08)
(-10 5.36782e-07 -1.72694e-08)
(-10 5.44744e-07 -3.07291e-08)
(-10 5.19792e-07 -2.26568e-08)
(-10 4.67962e-07 -3.69487e-08)
(-10 3.84693e-07 -3.49177e-08)
(-10 2.38787e-07 -5.31721e-08)
(-10 2.345e-07 -5.5758e-08)
(-10 1.54077e-07 -6.48414e-08)
(-10 2.72386e-08 -9.33279e-08)
(-10 1.04422e-06 4.40695e-08)
(-10 9.59826e-07 3.94214e-08)
(-10 9.20144e-07 4.45645e-08)
(-10 8.90832e-07 3.87459e-08)
(-10 8.44324e-07 4.43342e-08)
(-10 7.73967e-07 4.04893e-08)
(-10 6.90304e-07 4.85865e-08)
(-10 5.28092e-07 4.39011e-08)
(-10 5.99453e-07 5.34369e-08)
(-10 8.48602e-07 5.62921e-08)
(-10 8.08947e-07 9.73769e-08)
(-10 8.36171e-07 -9.42263e-09)
(-10 9.80511e-07 4.5199e-08)
(-10 9.92104e-07 -2.78201e-08)
(-10 1.06022e-06 1.93775e-10)
(-10 1.05192e-06 -3.69794e-08)
(-10 1.03401e-06 -1.80494e-08)
(-10 1.01632e-06 -6.51297e-08)
(-10 9.49879e-07 -4.50079e-08)
(-10 8.44896e-07 -8.07601e-08)
(-10 7.02621e-07 -6.76918e-08)
(-10 4.99172e-07 -9.30917e-08)
(-10 4.09644e-07 -8.16832e-08)
(-10 2.55913e-07 -9.6739e-08)
(-10 6.60343e-08 -1.04327e-07)
)
;
    }
    procBoundary4to5
    {
        type            processor;
        value           nonuniform List<vector> 
135
(
(-10 -1.64325e-06 -5.3359e-09)
(-10 -1.7688e-06 -7.55399e-09)
(-10 -1.87939e-06 -2.347e-09)
(-10 -1.96851e-06 -4.91455e-10)
(-10 -2.08506e-06 -1.31471e-08)
(-10 -2.22407e-06 -1.09618e-09)
(-10 -2.22407e-06 -1.09618e-09)
(-10 -2.44887e-06 3.78888e-08)
(-10 -2.26166e-06 3.10297e-08)
(-10 -2.41361e-06 -6.10971e-09)
(-10 -2.52681e-06 -1.80376e-09)
(-10 -2.51395e-06 -1.5809e-08)
(-10 -2.43566e-06 -7.83898e-09)
(-10 -2.41146e-06 -8.91168e-10)
(-10 -2.35151e-06 1.96727e-08)
(-10 -2.25046e-06 1.30346e-09)
(-10 -2.11182e-06 2.20031e-08)
(-10 -1.97214e-06 -2.83151e-09)
(-10 -1.84283e-06 7.47565e-09)
(-10 -1.68941e-06 -2.5516e-09)
(-10 -1.5185e-06 4.63525e-09)
(-10 -1.32515e-06 -1.44526e-09)
(-10 -1.12144e-06 6.16156e-09)
(-10 -8.49596e-07 1.47731e-09)
(-10 -5.85901e-07 -4.10961e-09)
(-10 -3.20596e-07 -1.33031e-08)
(-10 -1.11767e-07 -1.46024e-08)
(-10 -1.58679e-06 1.52868e-08)
(-10 -1.64621e-06 -1.48662e-08)
(-10 -1.75075e-06 1.46715e-08)
(-10 -1.80695e-06 -2.70295e-08)
(-10 -1.89362e-06 -1.04511e-08)
(-10 -2.05897e-06 -2.99406e-08)
(-10 -2.26166e-06 3.10297e-08)
(-10 -2.26166e-06 3.10297e-08)
(-10 -2.48661e-06 -1.0453e-08)
(-10 -2.46569e-06 -1.13999e-08)
(-10 -2.54511e-06 -6.60358e-08)
(-10 -2.571e-06 -4.07121e-08)
(-10 -2.52928e-06 -1.08592e-07)
(-10 -2.42411e-06 -6.97855e-08)
(-10 -2.42386e-06 -6.94916e-08)
(-10 -2.33742e-06 2.22751e-08)
(-10 -2.28342e-06 -1.60813e-08)
(-10 -2.16738e-06 4.20876e-08)
(-10 -2.04213e-06 -2.59479e-08)
(-10 -1.90055e-06 1.45967e-08)
(-10 -1.7469e-06 -1.33874e-08)
(-10 -1.56654e-06 -1.21398e-08)
(-10 -1.35557e-06 -2.30033e-08)
(-10 -1.14232e-06 -1.61219e-08)
(-10 -8.82968e-07 -2.6649e-08)
(-10 -5.65988e-07 -3.33196e-08)
(-10 -3.25633e-07 -2.79491e-08)
(-10 -1.01354e-07 -4.05808e-08)
(-10 -1.57258e-06 -2.39527e-08)
(-10 -1.65892e-06 -2.74276e-08)
(-10 -1.75357e-06 -2.63418e-08)
(-10 -1.81494e-06 -2.85731e-08)
(-10 -1.92739e-06 -1.9522e-08)
(-10 -2.07953e-06 -3.4915e-08)
(-10 -2.22161e-06 -2.6508e-08)
(-10 -2.46569e-06 -1.13999e-08)
(-10 -2.571e-06 -4.07121e-08)
(-10 -2.571e-06 -4.07121e-08)
(-10 -2.52516e-06 -1.21433e-07)
(-10 -2.51287e-06 -5.31186e-08)
(-10 -2.41736e-06 -1.59339e-07)
(-10 -2.30124e-06 -8.12675e-08)
(-10 -2.26693e-06 -3.536e-08)
(-10 -2.24003e-06 1.91032e-08)
(-10 -2.18822e-06 1.55993e-08)
(-10 -2.05768e-06 2.34495e-08)
(-10 -1.92552e-06 -5.01701e-09)
(-10 -1.77242e-06 -1.03149e-08)
(-10 -1.57309e-06 -3.28153e-08)
(-10 -1.36552e-06 -2.58494e-08)
(-10 -1.11985e-06 -3.55467e-08)
(-10 -8.8466e-07 -1.68368e-08)
(-10 -5.72385e-07 -2.70082e-08)
(-10 -3.2986e-07 -1.7255e-08)
(-10 -1.02072e-07 -2.36063e-08)
(-10 -1.54993e-06 1.40667e-08)
(-10 -1.66271e-06 1.00251e-08)
(-10 -1.73518e-06 -3.17606e-09)
(-10 -1.79767e-06 -2.74702e-10)
(-10 -1.90332e-06 -8.14321e-09)
(-10 -2.03705e-06 -6.86479e-09)
(-10 -2.21585e-06 -1.90559e-08)
(-10 -2.42627e-06 -2.52271e-08)
(-10 -2.55663e-06 -3.95848e-08)
(-10 -2.51287e-06 -5.31186e-08)
(-10 -2.51287e-06 -5.31186e-08)
(-10 -2.40104e-06 -8.74027e-08)
(-10 -1.77586e-06 -3.18471e-08)
(-10 -2.29686e-06 -1.03058e-07)
(-10 -2.21587e-06 -8.79524e-08)
(-10 -2.14728e-06 -2.01045e-08)
(-10 -2.15734e-06 -1.29289e-08)
(-10 -2.07531e-06 -5.57383e-09)
(-10 -1.94074e-06 -2.51555e-08)
(-10 -1.76977e-06 -2.64227e-08)
(-10 -1.57715e-06 -4.47938e-08)
(-10 -1.3517e-06 -4.35777e-08)
(-10 -1.11157e-06 -5.39034e-08)
(-10 -8.65467e-07 -4.77881e-08)
(-10 -5.63966e-07 -4.75598e-08)
(-10 -3.11105e-07 -3.84484e-08)
(-10 -9.72923e-08 -5.21615e-08)
(-10 -1.15034e-06 3.17153e-08)
(-10 -1.18453e-06 3.60325e-08)
(-10 -1.24488e-06 1.8844e-08)
(-10 -1.26801e-06 2.3166e-08)
(-10 -1.35048e-06 9.48161e-09)
(-10 -1.46288e-06 1.28447e-08)
(-10 -1.60568e-06 -6.89726e-09)
(-10 -1.8687e-06 5.39913e-09)
(-10 -1.95308e-06 -1.73221e-08)
(-10 -1.93207e-06 -5.19581e-08)
(-10 -1.77586e-06 -3.18471e-08)
(-10 -1.77586e-06 -3.18471e-08)
(-10 -1.7847e-06 -8.5218e-08)
(-10 -1.63004e-06 -4.8253e-08)
(-10 -1.5914e-06 -3.64151e-08)
(-10 -1.69381e-06 -1.71862e-08)
(-10 -1.60744e-06 -4.31438e-08)
(-10 -1.51918e-06 -2.31986e-08)
(-10 -1.39814e-06 -4.16731e-08)
(-10 -1.23725e-06 -3.09261e-08)
(-10 -1.06062e-06 -4.66401e-08)
(-10 -8.59816e-07 -3.91221e-08)
(-10 -6.72327e-07 -4.84275e-08)
(-10 -4.17441e-07 -4.4928e-08)
(-10 -2.30016e-07 -4.51812e-08)
(-10 -7.04948e-08 -4.7714e-08)
)
;
    }
}


// ************************************************************************* //
