/*--------------------------------*- C++ -*----------------------------------*\
  =========                 |
  \\      /  F ield         | OpenFOAM: The Open Source CFD Toolbox
   \\    /   O peration     | Website:  https://openfoam.org
    \\  /    A nd           | Version:  10
     \\/     M anipulation  |
\*---------------------------------------------------------------------------*/
FoamFile
{
    format      ascii;
    class       labelList;
    note        "nPoints: 2760 nCells: 2083 nFaces: 6878 nInternalFaces: 5620";
    location    "constant/polyMesh";
    object      neighbour;
}
// * * * * * * * * * * * * * * * * * * * * * * * * * * * * * * * * * * * * * //


5620
(
1
17
413
2
18
414
3
19
415
4
20
416
5
21
417
6
22
418
7
23
419
8
24
420
9
25
421
10
26
422
11
27
423
12
28
424
13
29
425
14
30
426
15
31
427
16
32
428
33
429
18
34
430
19
35
431
20
36
432
21
37
433
22
38
434
23
39
435
24
40
436
25
41
437
26
42
438
27
43
439
28
44
440
29
45
441
30
46
442
31
47
443
32
48
444
33
49
445
50
446
35
51
447
36
52
448
37
53
449
38
54
450
39
55
451
40
56
452
41
57
453
42
58
454
43
59
455
44
60
456
45
61
457
46
62
458
47
63
459
48
64
460
49
65
461
50
66
462
67
463
52
68
464
53
69
465
54
70
466
55
71
467
56
72
468
57
73
469
58
74
470
59
75
471
60
76
472
61
77
473
62
78
474
63
79
475
64
80
476
65
81
477
66
82
478
67
83
479
84
480
69
85
481
70
86
482
71
87
483
72
88
484
73
89
485
74
90
486
75
91
487
76
92
488
77
93
489
78
94
490
79
95
491
80
96
492
81
97
493
82
98
494
83
99
495
84
100
496
101
497
86
102
498
87
103
499
88
104
500
89
105
501
90
106
502
91
107
503
92
108
504
93
109
505
94
110
506
95
111
507
96
112
508
97
113
509
98
114
510
99
115
511
100
116
512
101
117
513
118
514
103
119
515
104
120
516
105
121
517
106
122
518
107
123
519
108
124
520
109
125
521
110
126
522
111
127
523
112
128
524
113
129
525
114
130
526
115
131
527
116
132
528
117
133
529
118
134
530
135
531
120
136
532
121
137
533
122
138
534
123
139
535
124
140
536
125
141
537
126
142
538
127
143
539
128
144
540
129
145
541
130
146
542
131
147
543
132
148
544
133
149
545
134
150
546
135
151
547
152
548
137
153
549
138
154
550
139
155
551
140
156
552
141
157
553
142
158
554
143
159
555
144
160
556
145
161
557
146
162
558
147
163
559
148
164
560
149
165
561
150
166
562
151
167
563
152
168
564
169
565
154
170
566
155
171
567
156
172
568
157
173
569
158
174
570
159
175
571
160
176
572
161
177
573
162
178
574
163
179
575
164
180
576
165
181
577
166
182
578
167
183
579
168
184
580
169
185
581
186
582
171
187
583
172
188
584
173
189
585
174
190
586
175
191
587
176
192
588
177
193
589
178
194
590
179
195
591
180
196
592
181
197
593
182
198
594
183
199
595
184
200
596
185
201
597
186
202
598
203
599
188
204
600
189
205
601
190
206
602
191
207
603
192
208
604
193
209
605
194
210
606
195
211
607
196
212
608
197
213
609
198
214
610
199
215
611
200
216
612
201
217
613
202
218
614
203
219
615
220
616
205
221
617
206
222
618
207
223
619
208
224
620
209
225
621
210
226
622
211
227
623
212
228
624
213
229
625
214
230
626
215
231
627
216
232
628
217
233
629
218
234
630
219
235
631
220
236
632
237
633
222
634
223
238
635
224
239
636
225
240
637
226
241
638
227
242
639
228
243
640
229
244
641
230
245
642
231
246
643
232
247
644
233
248
645
234
249
646
235
250
647
236
251
648
237
252
649
253
650
239
254
652
240
255
653
241
256
654
242
257
655
243
258
656
244
259
657
245
260
658
246
261
659
247
262
660
248
263
661
249
264
662
250
265
663
251
266
664
252
267
665
253
268
666
269
667
255
270
669
256
271
670
257
272
671
258
273
672
259
274
673
260
275
674
261
276
675
262
277
676
263
278
677
264
279
678
265
280
679
266
281
680
267
282
681
268
283
682
269
284
683
285
684
271
286
685
272
287
686
273
288
687
274
289
688
275
290
689
276
291
690
277
292
691
278
293
692
279
294
693
280
295
694
281
296
695
282
297
696
283
298
697
284
299
698
285
300
699
301
700
287
302
701
288
303
702
289
304
703
290
305
704
291
306
705
292
307
706
293
308
707
294
309
708
295
310
709
296
311
710
297
312
711
298
313
712
299
314
713
300
315
714
301
316
715
317
716
303
318
717
304
319
718
305
320
719
306
321
720
307
322
721
308
323
722
309
324
723
310
325
724
311
326
725
312
327
726
313
328
727
314
329
728
315
330
729
316
331
730
317
332
731
333
732
319
334
733
320
335
734
321
336
735
322
337
736
323
338
737
324
339
738
325
340
739
326
341
740
327
342
741
328
343
742
329
344
743
330
345
744
331
346
745
332
347
746
333
348
747
349
748
335
350
749
336
351
750
337
352
751
338
353
752
339
354
753
340
355
754
341
356
755
342
357
756
343
358
757
344
359
758
345
360
759
346
361
760
347
362
761
348
363
762
349
364
763
365
764
351
366
765
352
367
766
353
368
767
354
369
768
355
370
769
356
371
770
357
372
771
358
373
772
359
374
773
360
375
774
361
376
775
362
377
776
363
378
777
364
379
778
365
380
779
381
780
367
382
781
368
383
782
369
384
783
370
385
784
371
386
785
372
387
786
373
388
787
374
389
788
375
390
789
376
391
790
377
392
791
378
393
792
379
394
793
380
395
794
381
396
795
397
796
383
398
797
384
399
798
385
400
799
386
401
800
387
402
801
388
403
802
389
404
803
390
405
804
391
406
805
392
407
806
393
408
807
394
409
808
395
410
809
396
411
810
397
412
811
812
399
813
400
814
401
815
402
816
403
817
404
818
405
819
406
820
407
821
408
822
409
823
410
824
411
825
412
826
827
414
430
829
415
431
830
416
432
831
417
433
832
418
434
833
419
435
834
420
436
835
421
437
836
422
438
837
423
439
838
424
440
839
425
441
840
426
442
841
427
443
842
428
444
843
429
445
844
446
845
431
447
846
432
448
847
433
449
848
434
450
849
435
451
850
436
452
851
437
453
852
438
454
853
439
455
854
440
456
855
441
457
856
442
458
857
443
459
858
444
460
859
445
461
860
446
462
861
463
862
448
464
863
449
465
864
450
466
865
451
467
866
452
468
867
453
469
868
454
470
869
455
471
870
456
472
871
457
473
872
458
474
873
459
475
874
460
476
875
461
477
876
462
478
877
463
479
878
480
879
465
481
880
466
482
881
467
483
882
468
484
883
469
485
884
470
486
885
471
487
886
472
488
887
473
489
888
474
490
889
475
491
890
476
492
891
477
493
892
478
494
893
479
495
894
480
496
895
497
896
482
498
897
483
499
898
484
500
899
485
501
900
486
502
901
487
503
902
488
504
903
489
505
904
490
506
905
491
507
906
492
508
907
493
509
908
494
510
909
495
511
910
496
512
911
497
513
912
514
913
499
515
914
500
516
915
501
517
916
502
518
917
503
519
918
504
520
919
505
521
920
506
522
921
507
523
922
508
524
923
509
525
924
510
526
925
511
527
926
512
528
927
513
529
928
514
530
929
531
930
516
532
931
517
533
932
518
534
933
519
535
934
520
536
935
521
537
936
522
538
937
523
539
938
524
540
939
525
541
940
526
542
941
527
543
942
528
544
943
529
545
944
530
546
945
531
547
946
548
947
533
549
948
534
550
949
535
551
950
536
552
951
537
553
952
538
554
953
539
555
954
540
556
955
541
557
956
542
558
957
543
559
958
544
560
959
545
561
960
546
562
961
547
563
962
548
564
963
565
964
550
566
965
551
567
966
552
568
967
553
569
968
554
570
969
555
571
970
556
572
971
557
573
972
558
574
973
559
575
974
560
576
975
561
577
976
562
578
977
563
579
978
564
580
979
565
581
980
582
981
567
583
982
568
584
983
569
585
984
570
586
985
571
587
986
572
588
987
573
589
988
574
590
989
575
591
990
576
592
991
577
593
992
578
594
993
579
595
994
580
596
995
581
597
996
582
598
997
599
998
584
600
999
585
601
1000
586
602
1001
587
603
1002
588
604
1003
589
605
1004
590
606
1005
591
607
1006
592
608
1007
593
609
1008
594
610
1009
595
611
1010
596
612
1011
597
613
1012
598
614
1013
599
615
1014
616
1015
601
617
1016
602
618
1017
603
619
1018
604
620
1019
605
621
1020
606
622
1021
607
623
1022
608
624
1023
609
625
1024
610
626
1025
611
627
1026
612
628
1027
613
629
1028
614
630
1029
615
631
1030
616
632
1031
633
1032
618
634
1033
619
635
1034
620
636
1035
621
637
1036
622
638
1037
623
639
1038
624
640
1039
625
641
1040
626
642
1041
627
643
1042
628
644
1043
629
645
1044
630
646
1045
631
647
1046
632
648
1047
633
649
1048
650
1049
635
651
1050
636
652
1051
637
653
1052
638
654
1053
639
655
1054
640
656
1055
641
657
1056
642
658
1057
643
659
1058
644
660
1059
645
661
1060
646
662
1061
647
663
1062
648
664
1063
649
665
1064
650
666
1065
667
1066
652
668
1067
653
669
1068
654
670
1069
655
671
1070
656
672
1071
657
673
1072
658
674
1073
659
675
1074
660
676
1075
661
677
1076
662
678
1077
663
679
1078
664
680
1079
665
681
1080
666
682
1081
667
683
1082
684
1083
669
1084
670
685
1085
671
686
1086
672
687
1087
673
688
1088
674
689
1089
675
690
1090
676
691
1091
677
692
1092
678
693
1093
679
694
1094
680
695
1095
681
696
1096
682
697
1097
683
698
1098
684
699
1099
700
1100
686
701
1102
687
702
1103
688
703
1104
689
704
1105
690
705
1106
691
706
1107
692
707
1108
693
708
1109
694
709
1110
695
710
1111
696
711
1112
697
712
1113
698
713
1114
699
714
1115
700
715
1116
716
1117
702
717
1118
703
718
1119
704
719
1120
705
720
1121
706
721
1122
707
722
1123
708
723
1124
709
724
1125
710
725
1126
711
726
1127
712
727
1128
713
728
1129
714
729
1130
715
730
1131
716
731
1132
732
1133
718
733
1134
719
734
1135
720
735
1136
721
736
1137
722
737
1138
723
738
1139
724
739
1140
725
740
1141
726
741
1142
727
742
1143
728
743
1144
729
744
1145
730
745
1146
731
746
1147
732
747
1148
748
1149
734
749
1150
735
750
1151
736
751
1152
737
752
1153
738
753
1154
739
754
1155
740
755
1156
741
756
1157
742
757
1158
743
758
1159
744
759
1160
745
760
1161
746
761
1162
747
762
1163
748
763
1164
764
1165
750
765
1166
751
766
1167
752
767
1168
753
768
1169
754
769
1170
755
770
1171
756
771
1172
757
772
1173
758
773
1174
759
774
1175
760
775
1176
761
776
1177
762
777
1178
763
778
1179
764
779
1180
780
1181
766
781
1182
767
782
1183
768
783
1184
769
784
1185
770
785
1186
771
786
1187
772
787
1188
773
788
1189
774
789
1190
775
790
1191
776
791
1192
777
792
1193
778
793
1194
779
794
1195
780
795
1196
796
1197
782
797
1198
783
798
1199
784
799
1200
785
800
1201
786
801
1202
787
802
1203
788
803
1204
789
804
1205
790
805
1206
791
806
1207
792
807
1208
793
808
1209
794
809
1210
795
810
1211
796
811
1212
812
1213
798
813
1214
799
814
1215
800
815
1216
801
816
1217
802
817
1218
803
818
1219
804
819
1220
805
820
1221
806
821
1222
807
822
1223
808
823
1224
809
824
1225
810
825
1226
811
826
1227
812
827
1228
828
1229
814
1230
815
1231
816
1232
817
1233
818
1234
819
1235
820
1236
821
1237
822
1238
823
1239
824
1240
825
1241
826
1242
827
1243
828
1244
1245
830
846
1246
831
847
1247
832
848
1248
833
849
1249
834
850
1250
835
851
1251
836
852
1252
837
853
1253
838
854
1254
839
855
1255
840
856
1256
841
857
1257
842
858
1258
843
859
1259
844
860
1260
845
861
1261
862
1262
847
863
1263
848
864
1264
849
865
1265
850
866
1266
851
867
1267
852
868
1268
853
869
1269
854
870
1270
855
871
1271
856
872
1272
857
873
1273
858
874
1274
859
875
1275
860
876
1276
861
877
1277
862
878
1278
879
1279
864
880
1280
865
881
1281
866
882
1282
867
883
1283
868
884
1284
869
885
1285
870
886
1286
871
887
1287
872
888
1288
873
889
1289
874
890
1290
875
891
1291
876
892
1292
877
893
1293
878
894
1294
879
895
1295
896
1296
881
897
1297
882
898
1298
883
899
1299
884
900
1300
885
901
1301
886
902
1302
887
903
1303
888
904
1304
889
905
1305
890
906
1306
891
907
1307
892
908
1308
893
909
1309
894
910
1310
895
911
1311
896
912
1312
913
1313
898
914
1314
899
915
1315
900
916
1316
901
917
1317
902
918
1318
903
919
1319
904
920
1320
905
921
1321
906
922
1322
907
923
1323
908
924
1324
909
925
1325
910
926
1326
911
927
1327
912
928
1328
913
929
1329
930
1330
915
931
1331
916
932
1332
917
933
1333
918
934
1334
919
935
1335
920
936
1336
921
937
1337
922
938
1338
923
939
1339
924
940
1340
925
941
1341
926
942
1342
927
943
1343
928
944
1344
929
945
1345
930
946
1346
947
1347
932
948
1348
933
949
1349
934
950
1350
935
951
1351
936
952
1352
937
953
1353
938
954
1354
939
955
1355
940
956
1356
941
957
1357
942
958
1358
943
959
1359
944
960
1360
945
961
1361
946
962
1362
947
963
1363
964
1364
949
965
1365
950
966
1366
951
967
1367
952
968
1368
953
969
1369
954
970
1370
955
971
1371
956
972
1372
957
973
1373
958
974
1374
959
975
1375
960
976
1376
961
977
1377
962
978
1378
963
979
1379
964
980
1380
981
1381
966
982
1382
967
983
1383
968
984
1384
969
985
1385
970
986
1386
971
987
1387
972
988
1388
973
989
1389
974
990
1390
975
991
1391
976
992
1392
977
993
1393
978
994
1394
979
995
1395
980
996
1396
981
997
1397
998
1398
983
999
1399
984
1000
1400
985
1001
1401
986
1002
1402
987
1003
1403
988
1004
1404
989
1005
1405
990
1006
1406
991
1007
1407
992
1008
1408
993
1009
1409
994
1010
1410
995
1011
1411
996
1012
1412
997
1013
1413
998
1014
1414
1015
1415
1000
1016
1416
1001
1017
1417
1002
1018
1418
1003
1019
1419
1004
1020
1420
1005
1021
1421
1006
1022
1422
1007
1023
1423
1008
1024
1424
1009
1025
1425
1010
1026
1426
1011
1027
1427
1012
1028
1428
1013
1029
1429
1014
1030
1430
1015
1031
1431
1032
1432
1017
1033
1433
1018
1034
1434
1019
1035
1435
1020
1036
1436
1021
1037
1437
1022
1038
1438
1023
1039
1439
1024
1040
1440
1025
1041
1441
1026
1042
1442
1027
1043
1443
1028
1044
1444
1029
1045
1445
1030
1046
1446
1031
1047
1447
1032
1048
1448
1049
1449
1034
1050
1450
1035
1051
1451
1036
1052
1452
1037
1053
1453
1038
1054
1454
1039
1055
1455
1040
1056
1456
1041
1057
1457
1042
1058
1458
1043
1059
1459
1044
1060
1460
1045
1061
1461
1046
1062
1462
1047
1063
1463
1048
1064
1464
1049
1065
1465
1066
1466
1051
1067
1467
1052
1068
1468
1053
1069
1469
1054
1070
1470
1055
1071
1471
1056
1072
1472
1057
1073
1473
1058
1074
1474
1059
1075
1475
1060
1076
1476
1061
1077
1477
1062
1078
1478
1063
1079
1479
1064
1080
1480
1065
1081
1481
1066
1082
1482
1083
1483
1068
1084
1484
1069
1085
1485
1070
1086
1486
1071
1087
1487
1072
1088
1488
1073
1089
1489
1074
1090
1490
1075
1091
1491
1076
1092
1492
1077
1093
1493
1078
1094
1494
1079
1095
1495
1080
1096
1496
1081
1097
1497
1082
1098
1498
1083
1099
1499
1100
1500
1085
1101
1501
1086
1102
1502
1087
1103
1503
1088
1104
1504
1089
1105
1505
1090
1106
1506
1091
1107
1507
1092
1108
1508
1093
1109
1509
1094
1110
1510
1095
1111
1511
1096
1112
1512
1097
1113
1513
1098
1114
1514
1099
1115
1515
1100
1116
1516
1117
1517
1102
1518
1103
1118
1519
1104
1119
1520
1105
1120
1521
1106
1121
1522
1107
1122
1523
1108
1123
1524
1109
1124
1525
1110
1125
1526
1111
1126
1527
1112
1127
1528
1113
1128
1529
1114
1129
1530
1115
1130
1531
1116
1131
1532
1117
1132
1533
1133
1534
1119
1134
1536
1120
1135
1537
1121
1136
1538
1122
1137
1539
1123
1138
1540
1124
1139
1541
1125
1140
1542
1126
1141
1543
1127
1142
1544
1128
1143
1545
1129
1144
1546
1130
1145
1547
1131
1146
1548
1132
1147
1549
1133
1148
1550
1149
1551
1135
1150
1552
1136
1151
1553
1137
1152
1554
1138
1153
1555
1139
1154
1556
1140
1155
1557
1141
1156
1558
1142
1157
1559
1143
1158
1560
1144
1159
1561
1145
1160
1562
1146
1161
1563
1147
1162
1564
1148
1163
1565
1149
1164
1566
1165
1567
1151
1166
1568
1152
1167
1569
1153
1168
1570
1154
1169
1571
1155
1170
1572
1156
1171
1573
1157
1172
1574
1158
1173
1575
1159
1174
1576
1160
1175
1577
1161
1176
1578
1162
1177
1579
1163
1178
1580
1164
1179
1581
1165
1180
1582
1181
1583
1167
1182
1584
1168
1183
1585
1169
1184
1586
1170
1185
1587
1171
1186
1588
1172
1187
1589
1173
1188
1590
1174
1189
1591
1175
1190
1592
1176
1191
1593
1177
1192
1594
1178
1193
1595
1179
1194
1596
1180
1195
1597
1181
1196
1598
1197
1599
1183
1198
1600
1184
1199
1601
1185
1200
1602
1186
1201
1603
1187
1202
1604
1188
1203
1605
1189
1204
1606
1190
1205
1607
1191
1206
1608
1192
1207
1609
1193
1208
1610
1194
1209
1611
1195
1210
1612
1196
1211
1613
1197
1212
1614
1213
1615
1199
1214
1616
1200
1215
1617
1201
1216
1618
1202
1217
1619
1203
1218
1620
1204
1219
1621
1205
1220
1622
1206
1221
1623
1207
1222
1624
1208
1223
1625
1209
1224
1626
1210
1225
1627
1211
1226
1628
1212
1227
1629
1213
1228
1630
1229
1631
1215
1230
1632
1216
1231
1633
1217
1232
1634
1218
1233
1635
1219
1234
1636
1220
1235
1637
1221
1236
1638
1222
1237
1639
1223
1238
1640
1224
1239
1641
1225
1240
1642
1226
1241
1643
1227
1242
1644
1228
1243
1645
1229
1244
1646
1245
1647
1231
1648
1232
1649
1233
1650
1234
1651
1235
1652
1236
1653
1237
1654
1238
1655
1239
1656
1240
1657
1241
1658
1242
1659
1243
1660
1244
1661
1245
1662
1663
1247
1263
1664
1248
1264
1665
1249
1265
1666
1250
1266
1667
1251
1267
1668
1252
1268
1669
1253
1269
1670
1254
1270
1671
1255
1271
1672
1256
1272
1673
1257
1273
1674
1258
1274
1675
1259
1275
1676
1260
1276
1677
1261
1277
1678
1262
1278
1679
1279
1680
1264
1280
1681
1265
1281
1682
1266
1282
1683
1267
1283
1684
1268
1284
1685
1269
1285
1686
1270
1286
1687
1271
1287
1688
1272
1288
1689
1273
1289
1690
1274
1290
1691
1275
1291
1692
1276
1292
1693
1277
1293
1694
1278
1294
1695
1279
1295
1696
1296
1697
1281
1297
1698
1282
1298
1699
1283
1299
1700
1284
1300
1701
1285
1301
1702
1286
1302
1703
1287
1303
1704
1288
1304
1705
1289
1305
1706
1290
1306
1707
1291
1307
1708
1292
1308
1709
1293
1309
1710
1294
1310
1711
1295
1311
1712
1296
1312
1713
1313
1714
1298
1314
1715
1299
1315
1716
1300
1316
1717
1301
1317
1718
1302
1318
1719
1303
1319
1720
1304
1320
1721
1305
1321
1722
1306
1322
1723
1307
1323
1724
1308
1324
1725
1309
1325
1726
1310
1326
1727
1311
1327
1728
1312
1328
1729
1313
1329
1730
1330
1731
1315
1331
1732
1316
1332
1733
1317
1333
1734
1318
1334
1735
1319
1335
1736
1320
1336
1737
1321
1337
1738
1322
1338
1739
1323
1339
1740
1324
1340
1741
1325
1341
1742
1326
1342
1743
1327
1343
1744
1328
1344
1745
1329
1345
1746
1330
1346
1747
1347
1748
1332
1348
1749
1333
1349
1750
1334
1350
1751
1335
1351
1752
1336
1352
1753
1337
1353
1754
1338
1354
1755
1339
1355
1756
1340
1356
1757
1341
1357
1758
1342
1358
1759
1343
1359
1760
1344
1360
1761
1345
1361
1762
1346
1362
1763
1347
1363
1764
1364
1765
1349
1365
1766
1350
1366
1767
1351
1367
1768
1352
1368
1769
1353
1369
1770
1354
1370
1771
1355
1371
1772
1356
1372
1773
1357
1373
1774
1358
1374
1775
1359
1375
1776
1360
1376
1777
1361
1377
1778
1362
1378
1779
1363
1379
1780
1364
1380
1781
1381
1782
1366
1382
1783
1367
1383
1784
1368
1384
1785
1369
1385
1786
1370
1386
1787
1371
1387
1788
1372
1388
1789
1373
1389
1790
1374
1390
1791
1375
1391
1792
1376
1392
1793
1377
1393
1794
1378
1394
1795
1379
1395
1796
1380
1396
1797
1381
1397
1798
1398
1799
1383
1399
1800
1384
1400
1801
1385
1401
1802
1386
1402
1803
1387
1403
1804
1388
1404
1805
1389
1405
1806
1390
1406
1807
1391
1407
1808
1392
1408
1809
1393
1409
1810
1394
1410
1811
1395
1411
1812
1396
1412
1813
1397
1413
1814
1398
1414
1815
1415
1816
1400
1416
1817
1401
1417
1818
1402
1418
1819
1403
1419
1820
1404
1420
1821
1405
1421
1822
1406
1422
1823
1407
1423
1824
1408
1424
1825
1409
1425
1826
1410
1426
1827
1411
1427
1828
1412
1428
1829
1413
1429
1830
1414
1430
1831
1415
1431
1832
1432
1833
1417
1433
1834
1418
1434
1835
1419
1435
1836
1420
1436
1837
1421
1437
1838
1422
1438
1839
1423
1439
1840
1424
1440
1841
1425
1441
1842
1426
1442
1843
1427
1443
1844
1428
1444
1845
1429
1445
1846
1430
1446
1847
1431
1447
1848
1432
1448
1849
1449
1850
1434
1450
1851
1435
1451
1852
1436
1452
1853
1437
1453
1854
1438
1454
1855
1439
1455
1856
1440
1456
1857
1441
1457
1858
1442
1458
1859
1443
1459
1860
1444
1460
1861
1445
1461
1862
1446
1462
1863
1447
1463
1864
1448
1464
1865
1449
1465
1866
1466
1867
1451
1467
1868
1452
1468
1869
1453
1469
1870
1454
1470
1871
1455
1471
1872
1456
1472
1873
1457
1473
1874
1458
1474
1875
1459
1475
1876
1460
1476
1877
1461
1477
1878
1462
1478
1879
1463
1479
1880
1464
1480
1881
1465
1481
1882
1466
1482
1883
1483
1884
1468
1484
1885
1469
1485
1886
1470
1486
1887
1471
1487
1888
1472
1488
1889
1473
1489
1890
1474
1490
1891
1475
1491
1892
1476
1492
1893
1477
1493
1894
1478
1494
1895
1479
1495
1896
1480
1496
1897
1481
1497
1898
1482
1498
1899
1483
1499
1900
1500
1901
1485
1501
1902
1486
1502
1903
1487
1503
1904
1488
1504
1905
1489
1505
1906
1490
1506
1907
1491
1507
1908
1492
1508
1909
1493
1509
1910
1494
1510
1911
1495
1511
1912
1496
1512
1913
1497
1513
1914
1498
1514
1915
1499
1515
1916
1500
1516
1917
1517
1918
1502
1518
1919
1503
1519
1920
1504
1520
1921
1505
1521
1922
1506
1522
1923
1507
1523
1924
1508
1524
1925
1509
1525
1926
1510
1526
1927
1511
1527
1928
1512
1528
1929
1513
1529
1930
1514
1530
1931
1515
1531
1932
1516
1532
1933
1517
1533
1934
1534
1935
1519
1535
1936
1520
1536
1937
1521
1537
1938
1522
1538
1939
1523
1539
1940
1524
1540
1941
1525
1541
1942
1526
1542
1943
1527
1543
1944
1528
1544
1945
1529
1545
1946
1530
1546
1947
1531
1547
1948
1532
1548
1949
1533
1549
1950
1534
1550
1951
1551
1952
1536
1953
1537
1552
1954
1538
1553
1955
1539
1554
1956
1540
1555
1957
1541
1556
1958
1542
1557
1959
1543
1558
1960
1544
1559
1961
1545
1560
1962
1546
1561
1963
1547
1562
1964
1548
1563
1965
1549
1564
1966
1550
1565
1967
1551
1566
1968
1567
1969
1553
1568
1971
1554
1569
1972
1555
1570
1973
1556
1571
1974
1557
1572
1975
1558
1573
1976
1559
1574
1977
1560
1575
1978
1561
1576
1979
1562
1577
1980
1563
1578
1981
1564
1579
1982
1565
1580
1983
1566
1581
1984
1567
1582
1985
1583
1986
1569
1584
1987
1570
1585
1988
1571
1586
1989
1572
1587
1990
1573
1588
1991
1574
1589
1992
1575
1590
1993
1576
1591
1994
1577
1592
1995
1578
1593
1996
1579
1594
1997
1580
1595
1998
1581
1596
1999
1582
1597
2000
1583
1598
2001
1599
2002
1585
1600
2003
1586
1601
2004
1587
1602
2005
1588
1603
2006
1589
1604
2007
1590
1605
2008
1591
1606
2009
1592
1607
2010
1593
1608
2011
1594
1609
2012
1595
1610
2013
1596
1611
2014
1597
1612
2015
1598
1613
2016
1599
1614
2017
1615
2018
1601
1616
2019
1602
1617
2020
1603
1618
2021
1604
1619
2022
1605
1620
2023
1606
1621
2024
1607
1622
2025
1608
1623
2026
1609
1624
2027
1610
1625
2028
1611
1626
2029
1612
1627
2030
1613
1628
2031
1614
1629
2032
1615
1630
2033
1631
2034
1617
1632
2035
1618
1633
2036
1619
1634
2037
1620
1635
2038
1621
1636
2039
1622
1637
2040
1623
1638
2041
1624
1639
2042
1625
1640
2043
1626
1641
2044
1627
1642
2045
1628
1643
2046
1629
1644
2047
1630
1645
2048
1631
1646
2049
1647
2050
1633
1648
2051
1634
1649
2052
1635
1650
2053
1636
1651
2054
1637
1652
2055
1638
1653
2056
1639
1654
2057
1640
1655
2058
1641
1656
2059
1642
1657
2060
1643
1658
2061
1644
1659
2062
1645
1660
2063
1646
1661
2064
1647
1662
2065
1663
2066
1649
2067
1650
2068
1651
2069
1652
2070
1653
2071
1654
2072
1655
2073
1656
2074
1657
2075
1658
2076
1659
2077
1660
2078
1661
2079
1662
2080
1663
2081
2082
1665
1681
1666
1682
1667
1683
1668
1684
1669
1685
1670
1686
1671
1687
1672
1688
1673
1689
1674
1690
1675
1691
1676
1692
1677
1693
1678
1694
1679
1695
1680
1696
1697
1682
1698
1683
1699
1684
1700
1685
1701
1686
1702
1687
1703
1688
1704
1689
1705
1690
1706
1691
1707
1692
1708
1693
1709
1694
1710
1695
1711
1696
1712
1697
1713
1714
1699
1715
1700
1716
1701
1717
1702
1718
1703
1719
1704
1720
1705
1721
1706
1722
1707
1723
1708
1724
1709
1725
1710
1726
1711
1727
1712
1728
1713
1729
1714
1730
1731
1716
1732
1717
1733
1718
1734
1719
1735
1720
1736
1721
1737
1722
1738
1723
1739
1724
1740
1725
1741
1726
1742
1727
1743
1728
1744
1729
1745
1730
1746
1731
1747
1748
1733
1749
1734
1750
1735
1751
1736
1752
1737
1753
1738
1754
1739
1755
1740
1756
1741
1757
1742
1758
1743
1759
1744
1760
1745
1761
1746
1762
1747
1763
1748
1764
1765
1750
1766
1751
1767
1752
1768
1753
1769
1754
1770
1755
1771
1756
1772
1757
1773
1758
1774
1759
1775
1760
1776
1761
1777
1762
1778
1763
1779
1764
1780
1765
1781
1782
1767
1783
1768
1784
1769
1785
1770
1786
1771
1787
1772
1788
1773
1789
1774
1790
1775
1791
1776
1792
1777
1793
1778
1794
1779
1795
1780
1796
1781
1797
1782
1798
1799
1784
1800
1785
1801
1786
1802
1787
1803
1788
1804
1789
1805
1790
1806
1791
1807
1792
1808
1793
1809
1794
1810
1795
1811
1796
1812
1797
1813
1798
1814
1799
1815
1816
1801
1817
1802
1818
1803
1819
1804
1820
1805
1821
1806
1822
1807
1823
1808
1824
1809
1825
1810
1826
1811
1827
1812
1828
1813
1829
1814
1830
1815
1831
1816
1832
1833
1818
1834
1819
1835
1820
1836
1821
1837
1822
1838
1823
1839
1824
1840
1825
1841
1826
1842
1827
1843
1828
1844
1829
1845
1830
1846
1831
1847
1832
1848
1833
1849
1850
1835
1851
1836
1852
1837
1853
1838
1854
1839
1855
1840
1856
1841
1857
1842
1858
1843
1859
1844
1860
1845
1861
1846
1862
1847
1863
1848
1864
1849
1865
1850
1866
1867
1852
1868
1853
1869
1854
1870
1855
1871
1856
1872
1857
1873
1858
1874
1859
1875
1860
1876
1861
1877
1862
1878
1863
1879
1864
1880
1865
1881
1866
1882
1867
1883
1884
1869
1885
1870
1886
1871
1887
1872
1888
1873
1889
1874
1890
1875
1891
1876
1892
1877
1893
1878
1894
1879
1895
1880
1896
1881
1897
1882
1898
1883
1899
1884
1900
1901
1886
1902
1887
1903
1888
1904
1889
1905
1890
1906
1891
1907
1892
1908
1893
1909
1894
1910
1895
1911
1896
1912
1897
1913
1898
1914
1899
1915
1900
1916
1901
1917
1918
1903
1919
1904
1920
1905
1921
1906
1922
1907
1923
1908
1924
1909
1925
1910
1926
1911
1927
1912
1928
1913
1929
1914
1930
1915
1931
1916
1932
1917
1933
1918
1934
1935
1920
1936
1921
1937
1922
1938
1923
1939
1924
1940
1925
1941
1926
1942
1927
1943
1928
1944
1929
1945
1930
1946
1931
1947
1932
1948
1933
1949
1934
1950
1935
1951
1952
1937
1953
1938
1954
1939
1955
1940
1956
1941
1957
1942
1958
1943
1959
1944
1960
1945
1961
1946
1962
1947
1963
1948
1964
1949
1965
1950
1966
1951
1967
1952
1968
1969
1954
1970
1955
1971
1956
1972
1957
1973
1958
1974
1959
1975
1960
1976
1961
1977
1962
1978
1963
1979
1964
1980
1965
1981
1966
1982
1967
1983
1968
1984
1969
1985
1986
1971
1972
1987
1973
1988
1974
1989
1975
1990
1976
1991
1977
1992
1978
1993
1979
1994
1980
1995
1981
1996
1982
1997
1983
1998
1984
1999
1985
2000
1986
2001
2002
1988
2003
1989
2004
1990
2005
1991
2006
1992
2007
1993
2008
1994
2009
1995
2010
1996
2011
1997
2012
1998
2013
1999
2014
2000
2015
2001
2016
2002
2017
2018
2004
2019
2005
2020
2006
2021
2007
2022
2008
2023
2009
2024
2010
2025
2011
2026
2012
2027
2013
2028
2014
2029
2015
2030
2016
2031
2017
2032
2018
2033
2034
2020
2035
2021
2036
2022
2037
2023
2038
2024
2039
2025
2040
2026
2041
2027
2042
2028
2043
2029
2044
2030
2045
2031
2046
2032
2047
2033
2048
2034
2049
2050
2036
2051
2037
2052
2038
2053
2039
2054
2040
2055
2041
2056
2042
2057
2043
2058
2044
2059
2045
2060
2046
2061
2047
2062
2048
2063
2049
2064
2050
2065
2066
2052
2067
2053
2068
2054
2069
2055
2070
2056
2071
2057
2072
2058
2073
2059
2074
2060
2075
2061
2076
2062
2077
2063
2078
2064
2079
2065
2080
2066
2081
2082
2068
2069
2070
2071
2072
2073
2074
2075
2076
2077
2078
2079
2080
2081
2082
)


// ************************************************************************* //
