/*--------------------------------*- C++ -*----------------------------------*\
  =========                 |
  \\      /  F ield         | OpenFOAM: The Open Source CFD Toolbox
   \\    /   O peration     | Website:  https://openfoam.org
    \\  /    A nd           | Version:  10
     \\/     M anipulation  |
\*---------------------------------------------------------------------------*/
FoamFile
{
    format      ascii;
    class       volScalarField;
    location    "20";
    object      k;
}
// * * * * * * * * * * * * * * * * * * * * * * * * * * * * * * * * * * * * * //

dimensions      [0 2 -2 0 0 0 0];

internalField   nonuniform List<scalar> 
2083
(
0.227788
0.227808
0.227808
0.227808
0.227808
0.227808
0.227808
0.227808
0.227808
0.227808
0.227808
0.227808
0.227809
0.227809
0.227811
0.227811
0.227825
0.227846
0.227846
0.227846
0.227846
0.227846
0.227846
0.227846
0.227846
0.227846
0.227846
0.227846
0.227846
0.227846
0.227849
0.227849
0.227826
0.227846
0.227846
0.227846
0.227846
0.227846
0.227846
0.227846
0.227846
0.227846
0.227846
0.227846
0.227846
0.227847
0.227849
0.227849
0.227826
0.227846
0.227846
0.227846
0.227846
0.227846
0.227846
0.227846
0.227846
0.227846
0.227846
0.227846
0.227846
0.227847
0.227849
0.227849
0.227826
0.227846
0.227846
0.227846
0.227846
0.227846
0.227846
0.227846
0.227846
0.227846
0.227846
0.227846
0.227846
0.227847
0.227849
0.227849
0.227826
0.227846
0.227846
0.227846
0.227846
0.227846
0.227846
0.227846
0.227846
0.227846
0.227846
0.227846
0.227846
0.227847
0.227849
0.227849
0.227826
0.227846
0.227846
0.227846
0.227846
0.227846
0.227846
0.227846
0.227846
0.227846
0.227846
0.227846
0.227846
0.227847
0.227849
0.227849
0.227826
0.227846
0.227846
0.227846
0.227846
0.227846
0.227846
0.227846
0.227846
0.227846
0.227846
0.227846
0.227846
0.227847
0.227849
0.227849
0.227826
0.227846
0.227846
0.227846
0.227846
0.227846
0.227846
0.227846
0.227846
0.227846
0.227846
0.227846
0.227846
0.227847
0.227849
0.227849
0.227826
0.227846
0.227846
0.227846
0.227846
0.227846
0.227846
0.227846
0.227846
0.227846
0.227846
0.227846
0.227846
0.227847
0.227849
0.227849
0.227826
0.227846
0.227846
0.227846
0.227846
0.227846
0.227846
0.227846
0.227846
0.227846
0.227846
0.227846
0.227846
0.227847
0.227849
0.227849
0.227826
0.227846
0.227846
0.227846
0.227846
0.227846
0.227846
0.227846
0.227846
0.227846
0.227846
0.227846
0.227846
0.227847
0.227849
0.227849
0.227826
0.227846
0.227846
0.227846
0.227846
0.227846
0.227846
0.227846
0.227846
0.227846
0.227846
0.227846
0.227846
0.227847
0.227849
0.227849
0.227826
0.227846
0.227846
0.227846
0.227846
0.227846
0.227846
0.227846
0.227846
0.227846
0.227846
0.227846
0.227846
0.227847
0.227849
0.227849
0.227826
0.227846
0.227846
0.227846
0.227846
0.227846
0.227846
0.227846
0.227846
0.227846
0.227846
0.227846
0.227846
0.227847
0.22785
0.227852
0.227852
0.227826
0.227846
0.227846
0.227846
0.227846
0.227846
0.227846
0.227846
0.227846
0.227846
0.227846
0.227846
0.227846
0.227846
0.227847
0.227849
0.227849
0.227826
0.227846
0.227846
0.227846
0.227846
0.227846
0.227846
0.227846
0.227846
0.227846
0.227846
0.227846
0.227846
0.227846
0.227847
0.227849
0.227849
0.227826
0.227846
0.227846
0.227846
0.227846
0.227846
0.227846
0.227846
0.227846
0.227846
0.227846
0.227846
0.227846
0.227846
0.227847
0.227849
0.227849
0.227826
0.227846
0.227846
0.227846
0.227846
0.227846
0.227846
0.227846
0.227846
0.227846
0.227846
0.227846
0.227846
0.227846
0.227847
0.227849
0.227849
0.227826
0.227846
0.227846
0.227846
0.227846
0.227846
0.227846
0.227846
0.227846
0.227846
0.227846
0.227846
0.227846
0.227846
0.227847
0.227849
0.227849
0.227826
0.227846
0.227846
0.227846
0.227846
0.227846
0.227846
0.227846
0.227846
0.227846
0.227846
0.227846
0.227846
0.227846
0.227847
0.227849
0.227849
0.227826
0.227846
0.227846
0.227846
0.227846
0.227846
0.227846
0.227846
0.227846
0.227846
0.227846
0.227846
0.227846
0.227846
0.227847
0.227849
0.227849
0.227826
0.227846
0.227846
0.227846
0.227846
0.227846
0.227846
0.227846
0.227846
0.227846
0.227846
0.227846
0.227846
0.227846
0.227847
0.227849
0.227849
0.227826
0.227846
0.227846
0.227846
0.227846
0.227846
0.227846
0.227846
0.227846
0.227846
0.227846
0.227846
0.227846
0.227846
0.227847
0.227849
0.227849
0.227826
0.227846
0.227846
0.227846
0.227846
0.227846
0.227846
0.227846
0.227846
0.227846
0.227846
0.227846
0.227846
0.227846
0.227847
0.227849
0.227849
0.227827
0.227853
0.227856
0.217914
0.217939
0.217939
0.217939
0.217939
0.217939
0.217939
0.217939
0.217939
0.217939
0.217939
0.217939
0.217939
0.21794
0.217943
0.217943
0.217963
0.217987
0.217987
0.217987
0.217987
0.217987
0.217987
0.217987
0.217987
0.217987
0.217987
0.217988
0.217988
0.217988
0.217991
0.217991
0.217963
0.217988
0.217988
0.217988
0.217988
0.217988
0.217988
0.217988
0.217988
0.217988
0.217988
0.217988
0.217988
0.217989
0.217991
0.217991
0.217963
0.217988
0.217988
0.217988
0.217988
0.217988
0.217988
0.217988
0.217988
0.217988
0.217988
0.217988
0.217988
0.217989
0.217991
0.217991
0.217963
0.217988
0.217988
0.217988
0.217988
0.217988
0.217988
0.217988
0.217988
0.217988
0.217988
0.217988
0.217988
0.217989
0.217991
0.217991
0.217963
0.217988
0.217988
0.217988
0.217988
0.217988
0.217988
0.217988
0.217988
0.217988
0.217988
0.217988
0.217988
0.217989
0.217991
0.217991
0.217963
0.217988
0.217988
0.217988
0.217988
0.217988
0.217988
0.217988
0.217988
0.217988
0.217988
0.217988
0.217988
0.217989
0.217991
0.217991
0.217963
0.217988
0.217988
0.217988
0.217988
0.217988
0.217988
0.217988
0.217988
0.217988
0.217988
0.217988
0.217988
0.217989
0.217991
0.217991
0.217963
0.217988
0.217988
0.217988
0.217988
0.217988
0.217988
0.217988
0.217988
0.217988
0.217988
0.217988
0.217988
0.217989
0.217991
0.217991
0.217963
0.217988
0.217988
0.217988
0.217988
0.217988
0.217988
0.217988
0.217988
0.217988
0.217988
0.217988
0.217988
0.217989
0.217991
0.217991
0.217963
0.217988
0.217988
0.217988
0.217988
0.217988
0.217988
0.217988
0.217988
0.217988
0.217988
0.217988
0.217988
0.217989
0.217991
0.217991
0.217963
0.217988
0.217988
0.217988
0.217988
0.217988
0.217988
0.217988
0.217988
0.217988
0.217988
0.217988
0.217988
0.217989
0.217991
0.217991
0.217963
0.217988
0.217988
0.217988
0.217988
0.217988
0.217988
0.217988
0.217988
0.217988
0.217988
0.217988
0.217988
0.217989
0.217991
0.217991
0.217963
0.217988
0.217988
0.217988
0.217988
0.217988
0.217988
0.217988
0.217988
0.217988
0.217988
0.217988
0.217988
0.217989
0.217992
0.217991
0.217963
0.217988
0.217988
0.217988
0.217988
0.217988
0.217988
0.217988
0.217988
0.217988
0.217988
0.217988
0.217988
0.217989
0.217993
0.217993
0.217963
0.217988
0.217988
0.217988
0.217988
0.217988
0.217988
0.217988
0.217988
0.217988
0.217988
0.217988
0.217988
0.217989
0.217993
0.217993
0.217963
0.217988
0.217988
0.217988
0.217988
0.217988
0.217988
0.217988
0.217988
0.217988
0.217988
0.217988
0.217988
0.217989
0.217992
0.217995
0.217995
0.217963
0.217988
0.217988
0.217988
0.217988
0.217988
0.217988
0.217988
0.217988
0.217988
0.217988
0.217988
0.217988
0.217988
0.217989
0.217992
0.217991
0.217963
0.217988
0.217988
0.217988
0.217988
0.217988
0.217988
0.217988
0.217988
0.217988
0.217988
0.217988
0.217988
0.217988
0.217989
0.217991
0.217991
0.217963
0.217988
0.217988
0.217988
0.217988
0.217988
0.217988
0.217988
0.217988
0.217988
0.217988
0.217988
0.217988
0.217988
0.217989
0.217991
0.217991
0.217963
0.217988
0.217988
0.217988
0.217988
0.217988
0.217988
0.217988
0.217988
0.217988
0.217988
0.217988
0.217988
0.217988
0.217989
0.217991
0.217991
0.217963
0.217988
0.217988
0.217988
0.217988
0.217988
0.217988
0.217988
0.217988
0.217988
0.217988
0.217988
0.217988
0.217988
0.217989
0.217991
0.217991
0.217963
0.217988
0.217988
0.217988
0.217988
0.217988
0.217988
0.217988
0.217988
0.217988
0.217988
0.217988
0.217988
0.217988
0.217989
0.217991
0.217991
0.217963
0.217988
0.217988
0.217988
0.217988
0.217988
0.217988
0.217988
0.217988
0.217988
0.217988
0.217988
0.217988
0.217988
0.217989
0.217991
0.217991
0.217963
0.217988
0.217988
0.217988
0.217988
0.217988
0.217988
0.217988
0.217988
0.217988
0.217988
0.217988
0.217988
0.217988
0.217989
0.217992
0.217991
0.217963
0.21799
0.217992
0.217995
0.218
0.218002
0.217866
0.217891
0.217891
0.217891
0.217891
0.217891
0.217891
0.217891
0.217891
0.217891
0.217891
0.217891
0.217891
0.217892
0.217895
0.217895
0.217915
0.21794
0.21794
0.21794
0.21794
0.21794
0.21794
0.21794
0.21794
0.21794
0.21794
0.21794
0.21794
0.217941
0.217944
0.217944
0.217915
0.21794
0.21794
0.21794
0.21794
0.21794
0.21794
0.21794
0.21794
0.21794
0.21794
0.21794
0.21794
0.217941
0.217944
0.217944
0.217915
0.21794
0.21794
0.21794
0.21794
0.21794
0.21794
0.21794
0.21794
0.21794
0.21794
0.21794
0.21794
0.217941
0.217944
0.217944
0.217915
0.21794
0.21794
0.21794
0.21794
0.21794
0.21794
0.21794
0.21794
0.21794
0.21794
0.21794
0.21794
0.217941
0.217944
0.217944
0.217915
0.21794
0.21794
0.21794
0.21794
0.21794
0.21794
0.21794
0.21794
0.21794
0.21794
0.21794
0.21794
0.217941
0.217944
0.217944
0.217915
0.21794
0.21794
0.21794
0.21794
0.21794
0.21794
0.21794
0.21794
0.21794
0.21794
0.21794
0.21794
0.217941
0.217944
0.217944
0.217915
0.21794
0.21794
0.21794
0.21794
0.21794
0.21794
0.21794
0.21794
0.21794
0.21794
0.21794
0.21794
0.217941
0.217944
0.217944
0.217915
0.21794
0.21794
0.21794
0.21794
0.21794
0.21794
0.21794
0.21794
0.21794
0.21794
0.21794
0.21794
0.217941
0.217944
0.217944
0.217915
0.21794
0.21794
0.21794
0.21794
0.21794
0.21794
0.21794
0.21794
0.21794
0.21794
0.21794
0.21794
0.217941
0.217944
0.217944
0.217915
0.21794
0.21794
0.21794
0.21794
0.21794
0.21794
0.21794
0.21794
0.21794
0.21794
0.21794
0.21794
0.217941
0.217944
0.217944
0.217915
0.21794
0.21794
0.21794
0.21794
0.21794
0.21794
0.21794
0.21794
0.21794
0.21794
0.21794
0.21794
0.217941
0.217944
0.217944
0.217915
0.21794
0.21794
0.21794
0.21794
0.21794
0.21794
0.21794
0.21794
0.21794
0.21794
0.21794
0.21794
0.217941
0.217944
0.217944
0.217915
0.21794
0.21794
0.21794
0.21794
0.21794
0.21794
0.21794
0.21794
0.21794
0.21794
0.21794
0.21794
0.217941
0.217944
0.217944
0.217915
0.21794
0.21794
0.21794
0.21794
0.21794
0.21794
0.21794
0.21794
0.21794
0.21794
0.21794
0.21794
0.217941
0.217944
0.217944
0.217915
0.21794
0.21794
0.21794
0.21794
0.21794
0.21794
0.21794
0.21794
0.21794
0.21794
0.21794
0.21794
0.217941
0.217944
0.217944
0.217915
0.21794
0.21794
0.21794
0.21794
0.21794
0.21794
0.21794
0.21794
0.21794
0.21794
0.21794
0.217941
0.217941
0.217946
0.217946
0.217915
0.21794
0.21794
0.21794
0.21794
0.21794
0.21794
0.21794
0.21794
0.21794
0.21794
0.21794
0.217941
0.217941
0.217945
0.217948
0.217947
0.217915
0.21794
0.21794
0.21794
0.21794
0.21794
0.21794
0.21794
0.21794
0.21794
0.21794
0.21794
0.21794
0.21794
0.217941
0.217944
0.217944
0.217915
0.21794
0.21794
0.21794
0.21794
0.21794
0.21794
0.21794
0.21794
0.21794
0.21794
0.21794
0.21794
0.21794
0.217941
0.217944
0.217944
0.217915
0.21794
0.21794
0.21794
0.21794
0.21794
0.21794
0.21794
0.21794
0.21794
0.21794
0.21794
0.21794
0.21794
0.217941
0.217944
0.217944
0.217915
0.21794
0.21794
0.21794
0.21794
0.21794
0.21794
0.21794
0.21794
0.21794
0.21794
0.21794
0.21794
0.21794
0.217941
0.217944
0.217944
0.217915
0.21794
0.21794
0.21794
0.21794
0.21794
0.21794
0.21794
0.21794
0.21794
0.21794
0.21794
0.21794
0.21794
0.217941
0.217944
0.217944
0.217915
0.21794
0.21794
0.21794
0.21794
0.21794
0.21794
0.21794
0.21794
0.21794
0.21794
0.21794
0.21794
0.21794
0.217941
0.217944
0.217944
0.217915
0.21794
0.21794
0.21794
0.21794
0.21794
0.21794
0.21794
0.21794
0.21794
0.21794
0.21794
0.21794
0.21794
0.217941
0.217944
0.217944
0.217915
0.21794
0.21794
0.217941
0.217944
0.217947
0.217954
0.217955
0.217859
0.217884
0.217884
0.217884
0.217884
0.217884
0.217884
0.217884
0.217884
0.217884
0.217884
0.217884
0.217885
0.217885
0.217888
0.217888
0.217908
0.217933
0.217933
0.217933
0.217933
0.217933
0.217933
0.217933
0.217933
0.217933
0.217933
0.217933
0.217933
0.217934
0.217937
0.217937
0.217908
0.217933
0.217933
0.217933
0.217933
0.217933
0.217933
0.217933
0.217933
0.217933
0.217933
0.217933
0.217933
0.217934
0.217937
0.217937
0.217908
0.217933
0.217933
0.217933
0.217933
0.217933
0.217933
0.217933
0.217933
0.217933
0.217933
0.217933
0.217933
0.217934
0.217937
0.217937
0.217908
0.217933
0.217933
0.217933
0.217933
0.217933
0.217933
0.217933
0.217933
0.217933
0.217933
0.217933
0.217933
0.217934
0.217937
0.217937
0.217908
0.217933
0.217933
0.217933
0.217933
0.217933
0.217933
0.217933
0.217933
0.217933
0.217933
0.217933
0.217933
0.217934
0.217937
0.217937
0.217908
0.217933
0.217933
0.217933
0.217933
0.217933
0.217933
0.217933
0.217933
0.217933
0.217933
0.217933
0.217933
0.217934
0.217937
0.217937
0.217908
0.217933
0.217933
0.217933
0.217933
0.217933
0.217933
0.217933
0.217933
0.217933
0.217933
0.217933
0.217933
0.217934
0.217937
0.217937
0.217908
0.217933
0.217933
0.217933
0.217933
0.217933
0.217933
0.217933
0.217933
0.217933
0.217933
0.217933
0.217933
0.217934
0.217937
0.217937
0.217908
0.217933
0.217933
0.217933
0.217933
0.217933
0.217933
0.217933
0.217933
0.217933
0.217933
0.217933
0.217933
0.217934
0.217937
0.217937
0.217908
0.217933
0.217933
0.217933
0.217933
0.217933
0.217933
0.217933
0.217933
0.217933
0.217933
0.217933
0.217933
0.217934
0.217937
0.217937
0.217908
0.217933
0.217933
0.217933
0.217933
0.217933
0.217933
0.217933
0.217933
0.217933
0.217933
0.217933
0.217933
0.217934
0.217937
0.217937
0.217908
0.217933
0.217933
0.217933
0.217933
0.217933
0.217933
0.217933
0.217933
0.217933
0.217933
0.217933
0.217933
0.217934
0.217937
0.217937
0.217908
0.217933
0.217933
0.217933
0.217933
0.217933
0.217933
0.217933
0.217933
0.217933
0.217933
0.217933
0.217933
0.217934
0.217937
0.217937
0.217908
0.217933
0.217933
0.217933
0.217933
0.217933
0.217933
0.217933
0.217933
0.217933
0.217933
0.217933
0.217933
0.217934
0.217937
0.217937
0.217908
0.217933
0.217933
0.217933
0.217933
0.217933
0.217933
0.217933
0.217933
0.217933
0.217933
0.217933
0.217933
0.217934
0.217937
0.217937
0.217908
0.217933
0.217933
0.217933
0.217933
0.217933
0.217933
0.217933
0.217933
0.217933
0.217933
0.217933
0.217933
0.217934
0.217937
0.217937
0.217908
0.217933
0.217933
0.217933
0.217933
0.217933
0.217933
0.217933
0.217933
0.217933
0.217933
0.217933
0.217934
0.217935
0.217939
0.217939
0.217908
0.217933
0.217933
0.217933
0.217933
0.217933
0.217933
0.217933
0.217933
0.217933
0.217933
0.217933
0.217934
0.217934
0.217938
0.217941
0.21794
0.217908
0.217933
0.217933
0.217933
0.217933
0.217933
0.217933
0.217933
0.217933
0.217933
0.217933
0.217933
0.217933
0.217933
0.217934
0.217937
0.217937
0.217908
0.217933
0.217933
0.217933
0.217933
0.217933
0.217933
0.217933
0.217933
0.217933
0.217933
0.217933
0.217933
0.217933
0.217934
0.217937
0.217937
0.217908
0.217933
0.217933
0.217933
0.217933
0.217933
0.217933
0.217933
0.217933
0.217933
0.217933
0.217933
0.217933
0.217933
0.217934
0.217937
0.217937
0.217908
0.217933
0.217933
0.217933
0.217933
0.217933
0.217933
0.217933
0.217933
0.217933
0.217933
0.217933
0.217933
0.217933
0.217934
0.217937
0.217937
0.217908
0.217933
0.217933
0.217933
0.217933
0.217933
0.217933
0.217933
0.217933
0.217933
0.217933
0.217933
0.217933
0.217933
0.217934
0.217937
0.217937
0.217908
0.217933
0.217933
0.217933
0.217933
0.217933
0.217933
0.217933
0.217933
0.217933
0.217933
0.217933
0.217933
0.217934
0.217934
0.217937
0.217937
0.217908
0.217933
0.217933
0.217933
0.217934
0.217934
0.217937
0.21794
0.217942
0.217947
0.217948
0.217685
0.217707
0.217707
0.217707
0.217707
0.217707
0.217707
0.217707
0.217707
0.217707
0.217707
0.217707
0.217707
0.217708
0.21771
0.21771
0.217728
0.21775
0.21775
0.21775
0.21775
0.21775
0.21775
0.21775
0.21775
0.21775
0.21775
0.21775
0.21775
0.217751
0.217753
0.217753
0.217728
0.21775
0.21775
0.21775
0.21775
0.21775
0.21775
0.21775
0.21775
0.21775
0.21775
0.21775
0.21775
0.217751
0.217753
0.217753
0.217728
0.21775
0.21775
0.21775
0.21775
0.21775
0.21775
0.21775
0.21775
0.21775
0.21775
0.21775
0.21775
0.217751
0.217753
0.217753
0.217728
0.21775
0.21775
0.21775
0.21775
0.21775
0.21775
0.21775
0.21775
0.21775
0.21775
0.21775
0.21775
0.217751
0.217753
0.217753
0.217728
0.21775
0.21775
0.21775
0.21775
0.21775
0.21775
0.21775
0.21775
0.21775
0.21775
0.21775
0.21775
0.217751
0.217753
0.217753
0.217728
0.21775
0.21775
0.21775
0.21775
0.21775
0.21775
0.21775
0.21775
0.21775
0.21775
0.21775
0.21775
0.217751
0.217753
0.217753
0.217728
0.21775
0.21775
0.21775
0.21775
0.21775
0.21775
0.21775
0.21775
0.21775
0.21775
0.21775
0.21775
0.217751
0.217753
0.217753
0.217728
0.21775
0.21775
0.21775
0.21775
0.21775
0.21775
0.21775
0.21775
0.21775
0.21775
0.21775
0.21775
0.217751
0.217753
0.217753
0.217728
0.21775
0.21775
0.21775
0.21775
0.21775
0.21775
0.21775
0.21775
0.21775
0.21775
0.21775
0.21775
0.217751
0.217753
0.217753
0.217728
0.21775
0.21775
0.21775
0.21775
0.21775
0.21775
0.21775
0.21775
0.21775
0.21775
0.21775
0.21775
0.217751
0.217753
0.217753
0.217728
0.21775
0.21775
0.21775
0.21775
0.21775
0.21775
0.21775
0.21775
0.21775
0.21775
0.21775
0.21775
0.217751
0.217753
0.217753
0.217728
0.21775
0.21775
0.21775
0.21775
0.21775
0.21775
0.21775
0.21775
0.21775
0.21775
0.21775
0.21775
0.217751
0.217753
0.217753
0.217728
0.21775
0.21775
0.21775
0.21775
0.21775
0.21775
0.21775
0.21775
0.21775
0.21775
0.21775
0.21775
0.217751
0.217753
0.217753
0.217728
0.21775
0.21775
0.21775
0.21775
0.21775
0.21775
0.21775
0.21775
0.21775
0.21775
0.21775
0.21775
0.217751
0.217753
0.217753
0.217728
0.21775
0.21775
0.21775
0.21775
0.21775
0.21775
0.21775
0.21775
0.21775
0.21775
0.21775
0.21775
0.217751
0.217753
0.217753
0.217728
0.21775
0.21775
0.21775
0.21775
0.21775
0.21775
0.21775
0.21775
0.21775
0.21775
0.21775
0.21775
0.217751
0.217753
0.217753
0.217728
0.21775
0.21775
0.21775
0.21775
0.21775
0.21775
0.21775
0.21775
0.21775
0.21775
0.21775
0.21775
0.217751
0.217753
0.217753
0.217728
0.21775
0.21775
0.21775
0.21775
0.21775
0.21775
0.21775
0.21775
0.21775
0.21775
0.21775
0.21775
0.217751
0.217756
0.217755
0.217728
0.21775
0.21775
0.21775
0.21775
0.21775
0.21775
0.21775
0.21775
0.21775
0.21775
0.21775
0.21775
0.217751
0.217754
0.217757
0.217756
0.217728
0.21775
0.21775
0.21775
0.21775
0.21775
0.21775
0.21775
0.21775
0.21775
0.21775
0.21775
0.21775
0.21775
0.217751
0.217753
0.217753
0.217728
0.21775
0.21775
0.21775
0.21775
0.21775
0.21775
0.21775
0.21775
0.21775
0.21775
0.21775
0.21775
0.21775
0.217751
0.217753
0.217753
0.217728
0.21775
0.21775
0.21775
0.21775
0.21775
0.21775
0.21775
0.21775
0.21775
0.21775
0.21775
0.21775
0.21775
0.217751
0.217753
0.217753
0.217728
0.21775
0.21775
0.21775
0.21775
0.21775
0.21775
0.21775
0.21775
0.21775
0.21775
0.21775
0.21775
0.21775
0.217751
0.217753
0.217753
0.217728
0.21775
0.21775
0.21775
0.21775
0.21775
0.21775
0.21775
0.21775
0.21775
0.21775
0.21775
0.21775
0.21775
0.217751
0.217753
0.217753
0.217728
0.21775
0.21775
0.21775
0.21775
0.21775
0.21775
0.21775
0.217751
0.217753
0.217756
0.217759
0.217762
0.217764
)
;

boundaryField
{
    frontAndBack
    {
        type            slip;
    }
    inlet
    {
        type            fixedValue;
        value           nonuniform List<scalar> 0();
    }
    outlet
    {
        type            inletOutlet;
        inletValue      uniform 0.24;
        value           nonuniform List<scalar> 
130
(
0.227788
0.227825
0.227826
0.227826
0.227826
0.227826
0.227826
0.227826
0.227826
0.227826
0.227826
0.227826
0.227826
0.227826
0.227826
0.227826
0.227826
0.227826
0.227826
0.227826
0.227826
0.227826
0.227826
0.227826
0.227826
0.227827
0.217914
0.217963
0.217963
0.217963
0.217963
0.217963
0.217963
0.217963
0.217963
0.217963
0.217963
0.217963
0.217963
0.217963
0.217963
0.217963
0.217963
0.217963
0.217963
0.217963
0.217963
0.217963
0.217963
0.217963
0.217963
0.217963
0.217866
0.217915
0.217915
0.217915
0.217915
0.217915
0.217915
0.217915
0.217915
0.217915
0.217915
0.217915
0.217915
0.217915
0.217915
0.217915
0.217915
0.217915
0.217915
0.217915
0.217915
0.217915
0.217915
0.217915
0.217915
0.217915
0.217859
0.217908
0.217908
0.217908
0.217908
0.217908
0.217908
0.217908
0.217908
0.217908
0.217908
0.217908
0.217908
0.217908
0.217908
0.217908
0.217908
0.217908
0.217908
0.217908
0.217908
0.217908
0.217908
0.217908
0.217908
0.217908
0.217685
0.217728
0.217728
0.217728
0.217728
0.217728
0.217728
0.217728
0.217728
0.217728
0.217728
0.217728
0.217728
0.217728
0.217728
0.217728
0.217728
0.217728
0.217728
0.217728
0.217728
0.217728
0.217728
0.217728
0.217728
0.217728
)
;
    }
    lowerWall
    {
        type            kqRWallFunction;
        value           nonuniform List<scalar> 
414
(
0.227788
0.227825
0.227826
0.227826
0.227826
0.227826
0.227826
0.227826
0.227826
0.227826
0.227826
0.227826
0.227826
0.227826
0.227826
0.227826
0.227826
0.227826
0.227826
0.227826
0.227826
0.227826
0.227826
0.227826
0.227826
0.227827
0.227808
0.227846
0.227846
0.227846
0.227846
0.227846
0.227846
0.227846
0.227846
0.227846
0.227846
0.227846
0.227846
0.227846
0.227846
0.227846
0.227846
0.227846
0.227846
0.227846
0.227846
0.227846
0.227846
0.227846
0.227846
0.227853
0.227808
0.227846
0.227846
0.227846
0.227846
0.227846
0.227846
0.227846
0.227846
0.227846
0.227846
0.227846
0.227846
0.227846
0.227846
0.227846
0.227846
0.227846
0.227846
0.227846
0.227846
0.227846
0.227846
0.227846
0.227846
0.227856
0.227808
0.227846
0.227846
0.227846
0.227846
0.227846
0.227846
0.227846
0.227846
0.227846
0.227846
0.227846
0.227846
0.227846
0.227846
0.227846
0.227846
0.227846
0.227846
0.227846
0.227846
0.227846
0.227846
0.227846
0.227846
0.227808
0.227846
0.227846
0.227846
0.227846
0.227846
0.227846
0.227846
0.227846
0.227846
0.227846
0.227846
0.227846
0.227846
0.227846
0.227846
0.227846
0.227846
0.227846
0.227846
0.227846
0.227846
0.227846
0.227846
0.227846
0.227808
0.227846
0.227846
0.227846
0.227846
0.227846
0.227846
0.227846
0.227846
0.227846
0.227846
0.227846
0.227846
0.227846
0.227846
0.227846
0.227846
0.227846
0.227846
0.227846
0.227846
0.227846
0.227846
0.227846
0.227846
0.227808
0.227846
0.227846
0.227846
0.227846
0.227846
0.227846
0.227846
0.227846
0.227846
0.227846
0.227846
0.227846
0.227846
0.227846
0.227846
0.227846
0.227846
0.227846
0.227846
0.227846
0.227846
0.227846
0.227846
0.227846
0.227808
0.227846
0.227846
0.227846
0.227846
0.227846
0.227846
0.227846
0.227846
0.227846
0.227846
0.227846
0.227846
0.227846
0.227846
0.227846
0.227846
0.227846
0.227846
0.227846
0.227846
0.227846
0.227846
0.227846
0.227846
0.227808
0.227846
0.227846
0.227846
0.227846
0.227846
0.227846
0.227846
0.227846
0.227846
0.227846
0.227846
0.227846
0.227846
0.227846
0.227846
0.227846
0.227846
0.227846
0.227846
0.227846
0.227846
0.227846
0.227846
0.227846
0.227808
0.227846
0.227846
0.227846
0.227846
0.227846
0.227846
0.227846
0.227846
0.227846
0.227846
0.227846
0.227846
0.227846
0.227846
0.227846
0.227846
0.227846
0.227846
0.227846
0.227846
0.227846
0.227846
0.227846
0.227846
0.227808
0.227846
0.227846
0.227846
0.227846
0.227846
0.227846
0.227846
0.227846
0.227846
0.227846
0.227846
0.227846
0.227846
0.227846
0.227846
0.227846
0.227846
0.227846
0.227846
0.227846
0.227846
0.227846
0.227846
0.227846
0.227808
0.227846
0.227846
0.227846
0.227846
0.227846
0.227846
0.227846
0.227846
0.227846
0.227846
0.227846
0.227846
0.227846
0.227846
0.227846
0.227846
0.227846
0.227846
0.227846
0.227846
0.227846
0.227846
0.227846
0.227846
0.227809
0.227846
0.227846
0.227846
0.227846
0.227846
0.227846
0.227846
0.227846
0.227846
0.227846
0.227846
0.227846
0.227846
0.227846
0.227846
0.227846
0.227846
0.227846
0.227846
0.227846
0.227846
0.227846
0.227846
0.227846
0.227809
0.227846
0.227847
0.227847
0.227847
0.227847
0.227847
0.227847
0.227847
0.227847
0.227847
0.227847
0.227847
0.227847
0.227847
0.227846
0.227846
0.227846
0.227846
0.227846
0.227846
0.227846
0.227846
0.227846
0.227846
0.227811
0.227849
0.227849
0.227849
0.227849
0.227849
0.227849
0.227849
0.227849
0.227849
0.227849
0.227849
0.227849
0.227849
0.22785
0.227847
0.227847
0.227847
0.227847
0.227847
0.227847
0.227847
0.227847
0.227847
0.227847
0.227811
0.227849
0.227849
0.227849
0.227849
0.227849
0.227849
0.227849
0.227849
0.227849
0.227849
0.227849
0.227849
0.227849
0.227852
0.227849
0.227849
0.227849
0.227849
0.227849
0.227849
0.227849
0.227849
0.227849
0.227849
0.227852
0.227849
0.227849
0.227849
0.227849
0.227849
0.227849
0.227849
0.227849
0.227849
0.227849
)
;
    }
    upperWall
    {
        type            slip;
    }
    procBoundary0to1
    {
        type            processor;
        value           nonuniform List<scalar> 
135
(
0.227811
0.227849
0.227849
0.227849
0.227849
0.227849
0.227849
0.227849
0.227849
0.227849
0.227849
0.227849
0.227849
0.227849
0.227849
0.227849
0.217992
0.227849
0.217992
0.227849
0.227849
0.227849
0.227849
0.227849
0.227849
0.227849
0.227849
0.227849
0.217942
0.217991
0.217991
0.217991
0.217991
0.217991
0.217991
0.217991
0.217991
0.217991
0.217991
0.217991
0.217991
0.217991
0.217992
0.217992
0.217992
0.217991
0.217945
0.217991
0.217991
0.217991
0.217991
0.217991
0.217991
0.217991
0.217991
0.217894
0.217943
0.217943
0.217943
0.217943
0.217943
0.217943
0.217943
0.217943
0.217943
0.217943
0.217943
0.217943
0.217943
0.217943
0.217943
0.217945
0.217945
0.217943
0.217938
0.217943
0.217943
0.217943
0.217943
0.217943
0.217943
0.217943
0.217887
0.217936
0.217936
0.217936
0.217936
0.217936
0.217936
0.217936
0.217936
0.217936
0.217936
0.217936
0.217936
0.217936
0.217936
0.217936
0.217936
0.217938
0.217938
0.217936
0.217755
0.217936
0.217936
0.217936
0.217936
0.217936
0.217936
0.21771
0.217753
0.217753
0.217753
0.217753
0.217753
0.217753
0.217753
0.217753
0.217753
0.217753
0.217753
0.217753
0.217753
0.217753
0.217753
0.217753
0.217753
0.217755
0.217755
0.217753
0.217753
0.217753
0.217753
0.217753
0.217753
)
;
    }
    procBoundary0to3
    {
        type            processor;
        value           nonuniform List<scalar> 
101
(
0.227859
0.227856
0.227856
0.227856
0.227856
0.227856
0.227856
0.227856
0.227856
0.227856
0.227856
0.227856
0.227859
0.227859
0.227835
0.227852
0.227859
0.227849
0.227859
0.227856
0.227856
0.218003
0.218
0.218
0.218
0.218
0.218
0.218
0.218
0.218001
0.218004
0.218004
0.217975
0.218
0.217999
0.217998
0.217995
0.218003
0.217991
0.218003
0.218
0.217956
0.217952
0.217952
0.217952
0.217953
0.217953
0.217953
0.217956
0.217956
0.217927
0.217952
0.217952
0.217952
0.217952
0.217951
0.217947
0.217956
0.217943
0.217956
0.217952
0.217952
0.217949
0.217946
0.217946
0.217946
0.217949
0.217949
0.217921
0.217945
0.217945
0.217945
0.217945
0.217945
0.217945
0.217945
0.217944
0.21794
0.217949
0.217936
0.217949
0.217946
0.217946
0.217764
0.217764
0.217764
0.217739
0.217761
0.217761
0.217761
0.217761
0.217761
0.217761
0.217761
0.217761
0.217761
0.21776
0.217759
0.217756
0.217764
0.217753
)
;
    }
}


// ************************************************************************* //
