/*--------------------------------*- C++ -*----------------------------------*\
  =========                 |
  \\      /  F ield         | OpenFOAM: The Open Source CFD Toolbox
   \\    /   O peration     | Website:  https://openfoam.org
    \\  /    A nd           | Version:  10
     \\/     M anipulation  |
\*---------------------------------------------------------------------------*/
FoamFile
{
    format      ascii;
    class       volScalarField;
    location    "20";
    object      nut;
}
// * * * * * * * * * * * * * * * * * * * * * * * * * * * * * * * * * * * * * //

dimensions      [0 2 -1 0 0 0 0];

internalField   nonuniform List<scalar> 
2083
(
0.264503
0.264522
0.264522
0.264522
0.264522
0.264522
0.264522
0.264522
0.264522
0.264522
0.264522
0.264522
0.264522
0.264523
0.264525
0.264525
0.264539
0.264558
0.264558
0.264558
0.264558
0.264558
0.264558
0.264558
0.264558
0.264558
0.264558
0.264558
0.264558
0.264559
0.264561
0.264561
0.264539
0.264558
0.264558
0.264558
0.264558
0.264558
0.264558
0.264558
0.264558
0.264558
0.264558
0.264558
0.264559
0.264559
0.264561
0.264561
0.264539
0.264558
0.264558
0.264558
0.264558
0.264558
0.264558
0.264558
0.264558
0.264558
0.264558
0.264558
0.264559
0.264559
0.264561
0.264561
0.264539
0.264558
0.264558
0.264558
0.264558
0.264558
0.264558
0.264558
0.264558
0.264558
0.264558
0.264558
0.264559
0.264559
0.264561
0.264561
0.264539
0.264558
0.264558
0.264558
0.264558
0.264558
0.264558
0.264558
0.264558
0.264558
0.264558
0.264558
0.264559
0.264559
0.264561
0.264561
0.264539
0.264558
0.264558
0.264558
0.264558
0.264558
0.264558
0.264558
0.264558
0.264558
0.264558
0.264558
0.264559
0.264559
0.264561
0.264561
0.264539
0.264558
0.264558
0.264558
0.264558
0.264558
0.264558
0.264558
0.264558
0.264558
0.264558
0.264558
0.264559
0.264559
0.264561
0.264561
0.264539
0.264558
0.264558
0.264558
0.264558
0.264558
0.264558
0.264558
0.264558
0.264558
0.264558
0.264558
0.264559
0.264559
0.264561
0.264561
0.264539
0.264558
0.264558
0.264558
0.264558
0.264558
0.264558
0.264558
0.264558
0.264558
0.264558
0.264558
0.264559
0.264559
0.264561
0.264561
0.264539
0.264558
0.264558
0.264558
0.264558
0.264558
0.264558
0.264558
0.264558
0.264558
0.264558
0.264558
0.264559
0.264559
0.264561
0.264561
0.264539
0.264558
0.264558
0.264558
0.264558
0.264558
0.264558
0.264558
0.264558
0.264558
0.264558
0.264558
0.264559
0.264559
0.264561
0.264561
0.264539
0.264558
0.264558
0.264558
0.264558
0.264558
0.264558
0.264558
0.264558
0.264558
0.264558
0.264558
0.264559
0.264559
0.264561
0.264561
0.264539
0.264558
0.264558
0.264558
0.264558
0.264558
0.264558
0.264558
0.264558
0.264558
0.264558
0.264558
0.264559
0.264559
0.264561
0.264561
0.264539
0.264558
0.264558
0.264558
0.264558
0.264558
0.264558
0.264558
0.264558
0.264558
0.264558
0.264558
0.264559
0.264559
0.264562
0.264564
0.264564
0.264539
0.264558
0.264558
0.264558
0.264558
0.264558
0.264558
0.264558
0.264558
0.264558
0.264558
0.264558
0.264558
0.264559
0.264559
0.264561
0.264561
0.264539
0.264558
0.264558
0.264558
0.264558
0.264558
0.264558
0.264558
0.264558
0.264558
0.264558
0.264558
0.264558
0.264559
0.264559
0.264561
0.264561
0.264539
0.264558
0.264558
0.264558
0.264558
0.264558
0.264558
0.264558
0.264558
0.264558
0.264558
0.264558
0.264558
0.264559
0.264559
0.264561
0.264561
0.264539
0.264558
0.264558
0.264558
0.264558
0.264558
0.264558
0.264558
0.264558
0.264558
0.264558
0.264558
0.264558
0.264559
0.264559
0.264561
0.264561
0.264539
0.264558
0.264558
0.264558
0.264558
0.264558
0.264558
0.264558
0.264558
0.264558
0.264558
0.264558
0.264558
0.264559
0.264559
0.264561
0.264561
0.264539
0.264558
0.264558
0.264558
0.264558
0.264558
0.264558
0.264558
0.264558
0.264558
0.264558
0.264558
0.264558
0.264559
0.264559
0.264561
0.264561
0.264539
0.264558
0.264558
0.264558
0.264558
0.264558
0.264558
0.264558
0.264558
0.264558
0.264558
0.264558
0.264558
0.264559
0.264559
0.264561
0.264561
0.264539
0.264558
0.264558
0.264558
0.264558
0.264558
0.264558
0.264558
0.264558
0.264558
0.264558
0.264558
0.264558
0.264559
0.264559
0.264561
0.264561
0.264539
0.264558
0.264558
0.264558
0.264558
0.264558
0.264558
0.264558
0.264558
0.264558
0.264558
0.264558
0.264558
0.264559
0.264559
0.264561
0.264561
0.264539
0.264558
0.264558
0.264558
0.264558
0.264558
0.264558
0.264558
0.264558
0.264558
0.264558
0.264558
0.264558
0.264559
0.264559
0.264561
0.264561
0.264541
0.264565
0.264568
0.134586
0.134589
0.134589
0.134589
0.134589
0.134589
0.134589
0.134589
0.134589
0.134589
0.134589
0.134589
0.134589
0.134589
0.134589
0.134589
0.13459
0.134593
0.134593
0.134593
0.134593
0.134593
0.134593
0.134593
0.134593
0.134593
0.134593
0.134593
0.134593
0.134593
0.134593
0.134593
0.13459
0.134593
0.134593
0.134593
0.134593
0.134593
0.134593
0.134593
0.134593
0.134593
0.134593
0.134593
0.134593
0.134593
0.134593
0.134593
0.13459
0.134593
0.134593
0.134593
0.134593
0.134593
0.134593
0.134593
0.134593
0.134593
0.134593
0.134593
0.134593
0.134593
0.134593
0.134593
0.13459
0.134593
0.134593
0.134593
0.134593
0.134593
0.134593
0.134593
0.134593
0.134593
0.134593
0.134593
0.134593
0.134593
0.134593
0.134593
0.13459
0.134593
0.134593
0.134593
0.134593
0.134593
0.134593
0.134593
0.134593
0.134593
0.134593
0.134593
0.134593
0.134593
0.134593
0.134593
0.13459
0.134593
0.134593
0.134593
0.134593
0.134593
0.134593
0.134593
0.134593
0.134593
0.134593
0.134593
0.134593
0.134593
0.134593
0.134593
0.13459
0.134593
0.134593
0.134593
0.134593
0.134593
0.134593
0.134593
0.134593
0.134593
0.134593
0.134593
0.134593
0.134593
0.134593
0.134593
0.13459
0.134593
0.134593
0.134593
0.134593
0.134593
0.134593
0.134593
0.134593
0.134593
0.134593
0.134593
0.134593
0.134593
0.134593
0.134593
0.13459
0.134593
0.134593
0.134593
0.134593
0.134593
0.134593
0.134593
0.134593
0.134593
0.134593
0.134593
0.134593
0.134593
0.134593
0.134593
0.13459
0.134593
0.134593
0.134593
0.134593
0.134593
0.134593
0.134593
0.134593
0.134593
0.134593
0.134593
0.134593
0.134593
0.134593
0.134593
0.13459
0.134593
0.134593
0.134593
0.134593
0.134593
0.134593
0.134593
0.134593
0.134593
0.134593
0.134593
0.134593
0.134593
0.134593
0.134593
0.13459
0.134593
0.134593
0.134593
0.134593
0.134593
0.134593
0.134593
0.134593
0.134593
0.134593
0.134593
0.134593
0.134593
0.134593
0.134593
0.13459
0.134593
0.134593
0.134593
0.134593
0.134593
0.134593
0.134593
0.134593
0.134593
0.134593
0.134593
0.134593
0.134593
0.134593
0.134593
0.13459
0.134593
0.134593
0.134593
0.134593
0.134593
0.134593
0.134593
0.134593
0.134593
0.134593
0.134593
0.134593
0.134593
0.134594
0.134594
0.13459
0.134593
0.134593
0.134593
0.134593
0.134593
0.134593
0.134593
0.134593
0.134593
0.134593
0.134593
0.134593
0.134593
0.134594
0.134594
0.13459
0.134593
0.134593
0.134593
0.134593
0.134593
0.134593
0.134593
0.134593
0.134593
0.134593
0.134593
0.134593
0.134593
0.134593
0.134593
0.134593
0.13459
0.134593
0.134593
0.134593
0.134593
0.134593
0.134593
0.134593
0.134593
0.134593
0.134593
0.134593
0.134593
0.134593
0.134593
0.134593
0.134593
0.13459
0.134593
0.134593
0.134593
0.134593
0.134593
0.134593
0.134593
0.134593
0.134593
0.134593
0.134593
0.134593
0.134593
0.134593
0.134593
0.134593
0.13459
0.134593
0.134593
0.134593
0.134593
0.134593
0.134593
0.134593
0.134593
0.134593
0.134593
0.134593
0.134593
0.134593
0.134593
0.134593
0.134593
0.13459
0.134593
0.134593
0.134593
0.134593
0.134593
0.134593
0.134593
0.134593
0.134593
0.134593
0.134593
0.134593
0.134593
0.134593
0.134593
0.134593
0.13459
0.134593
0.134593
0.134593
0.134593
0.134593
0.134593
0.134593
0.134593
0.134593
0.134593
0.134593
0.134593
0.134593
0.134593
0.134593
0.134593
0.13459
0.134593
0.134593
0.134593
0.134593
0.134593
0.134593
0.134593
0.134593
0.134593
0.134593
0.134593
0.134593
0.134593
0.134593
0.134593
0.134593
0.13459
0.134593
0.134593
0.134593
0.134593
0.134593
0.134593
0.134593
0.134593
0.134593
0.134593
0.134593
0.134593
0.134593
0.134593
0.134593
0.134593
0.13459
0.134593
0.134593
0.134593
0.134593
0.134593
0.134593
0.134593
0.134593
0.134593
0.134593
0.134593
0.134593
0.134593
0.134593
0.134593
0.134593
0.134591
0.134594
0.134595
0.134596
0.134596
0.134595
0.134409
0.134411
0.134411
0.134411
0.134411
0.134411
0.134411
0.134411
0.134411
0.134411
0.134411
0.134411
0.134411
0.134411
0.134412
0.134412
0.134413
0.134415
0.134415
0.134415
0.134415
0.134415
0.134415
0.134415
0.134415
0.134415
0.134415
0.134415
0.134415
0.134416
0.134416
0.134416
0.134413
0.134415
0.134415
0.134415
0.134415
0.134415
0.134415
0.134415
0.134415
0.134415
0.134415
0.134415
0.134415
0.134416
0.134416
0.134416
0.134413
0.134415
0.134415
0.134415
0.134415
0.134415
0.134415
0.134415
0.134415
0.134415
0.134415
0.134415
0.134415
0.134416
0.134416
0.134416
0.134413
0.134415
0.134415
0.134415
0.134415
0.134415
0.134415
0.134415
0.134415
0.134415
0.134415
0.134415
0.134415
0.134416
0.134416
0.134416
0.134413
0.134415
0.134415
0.134415
0.134415
0.134415
0.134415
0.134415
0.134415
0.134415
0.134415
0.134415
0.134415
0.134416
0.134416
0.134416
0.134413
0.134415
0.134415
0.134415
0.134415
0.134415
0.134415
0.134415
0.134415
0.134415
0.134415
0.134415
0.134415
0.134416
0.134416
0.134416
0.134413
0.134415
0.134415
0.134415
0.134415
0.134415
0.134415
0.134415
0.134415
0.134415
0.134415
0.134415
0.134415
0.134416
0.134416
0.134416
0.134413
0.134415
0.134415
0.134415
0.134415
0.134415
0.134415
0.134415
0.134415
0.134415
0.134415
0.134415
0.134415
0.134416
0.134416
0.134416
0.134413
0.134415
0.134415
0.134415
0.134415
0.134415
0.134415
0.134415
0.134415
0.134415
0.134415
0.134415
0.134415
0.134416
0.134416
0.134416
0.134413
0.134415
0.134415
0.134415
0.134415
0.134415
0.134415
0.134415
0.134415
0.134415
0.134415
0.134415
0.134415
0.134416
0.134416
0.134416
0.134413
0.134415
0.134415
0.134415
0.134415
0.134415
0.134415
0.134415
0.134415
0.134415
0.134415
0.134415
0.134415
0.134416
0.134416
0.134416
0.134413
0.134415
0.134415
0.134415
0.134415
0.134415
0.134415
0.134415
0.134415
0.134415
0.134415
0.134415
0.134415
0.134416
0.134416
0.134416
0.134413
0.134415
0.134415
0.134415
0.134415
0.134415
0.134415
0.134415
0.134415
0.134415
0.134415
0.134415
0.134415
0.134416
0.134416
0.134416
0.134413
0.134415
0.134415
0.134415
0.134415
0.134415
0.134415
0.134415
0.134415
0.134415
0.134415
0.134415
0.134415
0.134416
0.134416
0.134416
0.134413
0.134415
0.134415
0.134415
0.134415
0.134415
0.134415
0.134415
0.134415
0.134415
0.134415
0.134415
0.134415
0.134416
0.134416
0.134416
0.134413
0.134415
0.134415
0.134415
0.134415
0.134415
0.134415
0.134415
0.134415
0.134415
0.134415
0.134415
0.134416
0.134416
0.134416
0.134416
0.134413
0.134415
0.134415
0.134415
0.134415
0.134415
0.134415
0.134415
0.134415
0.134415
0.134415
0.134415
0.134416
0.134416
0.134416
0.134416
0.134416
0.134413
0.134415
0.134415
0.134415
0.134415
0.134415
0.134415
0.134415
0.134415
0.134415
0.134415
0.134415
0.134415
0.134415
0.134416
0.134416
0.134416
0.134413
0.134415
0.134415
0.134415
0.134415
0.134415
0.134415
0.134415
0.134415
0.134415
0.134415
0.134415
0.134415
0.134415
0.134416
0.134416
0.134416
0.134413
0.134415
0.134415
0.134415
0.134415
0.134415
0.134415
0.134415
0.134415
0.134415
0.134415
0.134415
0.134415
0.134415
0.134416
0.134416
0.134416
0.134413
0.134415
0.134415
0.134415
0.134415
0.134415
0.134415
0.134415
0.134415
0.134415
0.134415
0.134415
0.134415
0.134415
0.134416
0.134416
0.134416
0.134413
0.134415
0.134415
0.134415
0.134415
0.134415
0.134415
0.134415
0.134415
0.134415
0.134415
0.134415
0.134415
0.134415
0.134416
0.134416
0.134416
0.134413
0.134415
0.134415
0.134415
0.134415
0.134415
0.134415
0.134415
0.134415
0.134415
0.134415
0.134415
0.134415
0.134415
0.134416
0.134416
0.134416
0.134413
0.134415
0.134415
0.134415
0.134415
0.134415
0.134415
0.134415
0.134415
0.134415
0.134415
0.134415
0.134415
0.134416
0.134416
0.134416
0.134416
0.134413
0.134415
0.134415
0.134416
0.134416
0.134416
0.134417
0.134417
0.134381
0.134383
0.134383
0.134383
0.134383
0.134383
0.134383
0.134383
0.134383
0.134383
0.134383
0.134383
0.134383
0.134383
0.134384
0.134384
0.134385
0.134388
0.134388
0.134388
0.134388
0.134388
0.134388
0.134388
0.134388
0.134388
0.134388
0.134388
0.134388
0.134388
0.134388
0.134388
0.134385
0.134388
0.134388
0.134388
0.134388
0.134388
0.134388
0.134388
0.134388
0.134388
0.134388
0.134388
0.134388
0.134388
0.134388
0.134388
0.134385
0.134388
0.134388
0.134388
0.134388
0.134388
0.134388
0.134388
0.134388
0.134388
0.134388
0.134388
0.134388
0.134388
0.134388
0.134388
0.134385
0.134388
0.134388
0.134388
0.134388
0.134388
0.134388
0.134388
0.134388
0.134388
0.134388
0.134388
0.134388
0.134388
0.134388
0.134388
0.134385
0.134388
0.134388
0.134388
0.134388
0.134388
0.134388
0.134388
0.134388
0.134388
0.134388
0.134388
0.134388
0.134388
0.134388
0.134388
0.134385
0.134388
0.134388
0.134388
0.134388
0.134388
0.134388
0.134388
0.134388
0.134388
0.134388
0.134388
0.134388
0.134388
0.134388
0.134388
0.134385
0.134388
0.134388
0.134388
0.134388
0.134388
0.134388
0.134388
0.134388
0.134388
0.134388
0.134388
0.134388
0.134388
0.134388
0.134388
0.134385
0.134388
0.134388
0.134388
0.134388
0.134388
0.134388
0.134388
0.134388
0.134388
0.134388
0.134388
0.134388
0.134388
0.134388
0.134388
0.134385
0.134388
0.134388
0.134388
0.134388
0.134388
0.134388
0.134388
0.134388
0.134388
0.134388
0.134388
0.134388
0.134388
0.134388
0.134388
0.134385
0.134388
0.134388
0.134388
0.134388
0.134388
0.134388
0.134388
0.134388
0.134388
0.134388
0.134388
0.134388
0.134388
0.134388
0.134388
0.134385
0.134388
0.134388
0.134388
0.134388
0.134388
0.134388
0.134388
0.134388
0.134388
0.134388
0.134388
0.134388
0.134388
0.134388
0.134388
0.134385
0.134388
0.134388
0.134388
0.134388
0.134388
0.134388
0.134388
0.134388
0.134388
0.134388
0.134388
0.134388
0.134388
0.134388
0.134388
0.134385
0.134388
0.134388
0.134388
0.134388
0.134388
0.134388
0.134388
0.134388
0.134388
0.134388
0.134388
0.134388
0.134388
0.134388
0.134388
0.134385
0.134388
0.134388
0.134388
0.134388
0.134388
0.134388
0.134388
0.134388
0.134388
0.134388
0.134388
0.134388
0.134388
0.134388
0.134388
0.134385
0.134388
0.134388
0.134388
0.134388
0.134388
0.134388
0.134388
0.134388
0.134388
0.134388
0.134388
0.134388
0.134388
0.134388
0.134388
0.134385
0.134388
0.134388
0.134388
0.134388
0.134388
0.134388
0.134388
0.134388
0.134388
0.134388
0.134388
0.134388
0.134388
0.134388
0.134388
0.134385
0.134388
0.134388
0.134388
0.134388
0.134388
0.134388
0.134388
0.134388
0.134388
0.134388
0.134388
0.134388
0.134388
0.134388
0.134388
0.134385
0.134388
0.134388
0.134388
0.134388
0.134388
0.134388
0.134388
0.134388
0.134388
0.134388
0.134388
0.134388
0.134388
0.134388
0.134389
0.134389
0.134385
0.134388
0.134388
0.134388
0.134388
0.134388
0.134388
0.134388
0.134388
0.134388
0.134388
0.134388
0.134388
0.134388
0.134388
0.134388
0.134388
0.134385
0.134388
0.134388
0.134388
0.134388
0.134388
0.134388
0.134388
0.134388
0.134388
0.134388
0.134388
0.134388
0.134388
0.134388
0.134388
0.134388
0.134385
0.134388
0.134388
0.134388
0.134388
0.134388
0.134388
0.134388
0.134388
0.134388
0.134388
0.134388
0.134388
0.134388
0.134388
0.134388
0.134388
0.134385
0.134388
0.134388
0.134388
0.134388
0.134388
0.134388
0.134388
0.134388
0.134388
0.134388
0.134388
0.134388
0.134388
0.134388
0.134388
0.134388
0.134385
0.134388
0.134388
0.134388
0.134388
0.134388
0.134388
0.134388
0.134388
0.134388
0.134388
0.134388
0.134388
0.134388
0.134388
0.134388
0.134388
0.134385
0.134388
0.134388
0.134388
0.134388
0.134388
0.134388
0.134388
0.134388
0.134388
0.134388
0.134388
0.134388
0.134388
0.134388
0.134388
0.134388
0.134385
0.134388
0.134388
0.134388
0.134388
0.134388
0.134388
0.134388
0.134389
0.134389
0.134389
0.133284
0.13329
0.13329
0.13329
0.13329
0.13329
0.13329
0.13329
0.13329
0.13329
0.13329
0.13329
0.13329
0.133291
0.133291
0.133291
0.133296
0.133302
0.133302
0.133302
0.133302
0.133302
0.133302
0.133302
0.133302
0.133302
0.133302
0.133303
0.133303
0.133303
0.133303
0.133303
0.133296
0.133303
0.133303
0.133303
0.133303
0.133303
0.133303
0.133303
0.133303
0.133303
0.133303
0.133303
0.133303
0.133303
0.133304
0.133303
0.133296
0.133303
0.133303
0.133303
0.133303
0.133303
0.133303
0.133303
0.133303
0.133303
0.133303
0.133303
0.133303
0.133303
0.133304
0.133303
0.133296
0.133303
0.133303
0.133303
0.133303
0.133303
0.133303
0.133303
0.133303
0.133303
0.133303
0.133303
0.133303
0.133303
0.133304
0.133303
0.133296
0.133303
0.133303
0.133303
0.133303
0.133303
0.133303
0.133303
0.133303
0.133303
0.133303
0.133303
0.133303
0.133303
0.133304
0.133303
0.133296
0.133303
0.133303
0.133303
0.133303
0.133303
0.133303
0.133303
0.133303
0.133303
0.133303
0.133303
0.133303
0.133303
0.133304
0.133303
0.133296
0.133303
0.133303
0.133303
0.133303
0.133303
0.133303
0.133303
0.133303
0.133303
0.133303
0.133303
0.133303
0.133303
0.133304
0.133303
0.133296
0.133303
0.133303
0.133303
0.133303
0.133303
0.133303
0.133303
0.133303
0.133303
0.133303
0.133303
0.133303
0.133303
0.133304
0.133303
0.133296
0.133303
0.133303
0.133303
0.133303
0.133303
0.133303
0.133303
0.133303
0.133303
0.133303
0.133303
0.133303
0.133303
0.133304
0.133303
0.133296
0.133303
0.133303
0.133303
0.133303
0.133303
0.133303
0.133303
0.133303
0.133303
0.133303
0.133303
0.133303
0.133303
0.133304
0.133303
0.133296
0.133303
0.133303
0.133303
0.133303
0.133303
0.133303
0.133303
0.133303
0.133303
0.133303
0.133303
0.133303
0.133303
0.133304
0.133303
0.133296
0.133303
0.133303
0.133303
0.133303
0.133303
0.133303
0.133303
0.133303
0.133303
0.133303
0.133303
0.133303
0.133303
0.133304
0.133303
0.133296
0.133303
0.133303
0.133303
0.133303
0.133303
0.133303
0.133303
0.133303
0.133303
0.133303
0.133303
0.133303
0.133303
0.133304
0.133303
0.133296
0.133303
0.133303
0.133303
0.133303
0.133303
0.133303
0.133303
0.133303
0.133303
0.133303
0.133303
0.133303
0.133303
0.133304
0.133303
0.133296
0.133303
0.133303
0.133303
0.133303
0.133303
0.133303
0.133303
0.133303
0.133303
0.133303
0.133303
0.133303
0.133303
0.133304
0.133303
0.133296
0.133303
0.133303
0.133303
0.133303
0.133303
0.133303
0.133303
0.133303
0.133303
0.133303
0.133303
0.133303
0.133303
0.133304
0.133303
0.133296
0.133303
0.133303
0.133303
0.133303
0.133303
0.133303
0.133303
0.133303
0.133303
0.133303
0.133303
0.133303
0.133303
0.133304
0.133303
0.133296
0.133303
0.133303
0.133303
0.133303
0.133303
0.133303
0.133303
0.133303
0.133303
0.133303
0.133303
0.133303
0.133303
0.133304
0.133304
0.133296
0.133303
0.133303
0.133303
0.133303
0.133303
0.133303
0.133303
0.133303
0.133303
0.133303
0.133303
0.133303
0.133303
0.133304
0.133304
0.133304
0.133296
0.133303
0.133303
0.133303
0.133303
0.133303
0.133303
0.133303
0.133303
0.133303
0.133303
0.133303
0.133303
0.133303
0.133303
0.133304
0.133303
0.133296
0.133303
0.133303
0.133303
0.133303
0.133303
0.133303
0.133303
0.133303
0.133303
0.133303
0.133303
0.133303
0.133303
0.133303
0.133304
0.133303
0.133296
0.133303
0.133303
0.133303
0.133303
0.133303
0.133303
0.133303
0.133303
0.133303
0.133303
0.133303
0.133303
0.133303
0.133303
0.133304
0.133303
0.133296
0.133303
0.133303
0.133303
0.133303
0.133303
0.133303
0.133303
0.133303
0.133303
0.133303
0.133303
0.133303
0.133303
0.133303
0.133304
0.133303
0.133296
0.133303
0.133303
0.133303
0.133303
0.133303
0.133303
0.133303
0.133303
0.133303
0.133303
0.133303
0.133303
0.133303
0.133303
0.133304
0.133303
0.133296
0.133303
0.133303
0.133303
0.133303
0.133303
0.133303
0.133303
0.133303
0.133303
0.133304
0.133304
0.133306
0.133306
)
;

boundaryField
{
    frontAndBack
    {
        type            calculated;
        value           nonuniform List<scalar> 
80
(
0.264503
0.134586
0.134409
0.134381
0.133284
0.264522
0.134589
0.134411
0.134383
0.13329
0.264522
0.134589
0.134411
0.134383
0.13329
0.264522
0.134589
0.134411
0.134383
0.13329
0.264522
0.134589
0.134411
0.134383
0.13329
0.264522
0.134589
0.134411
0.134383
0.13329
0.264522
0.134589
0.134411
0.134383
0.13329
0.264522
0.134589
0.134411
0.134383
0.13329
0.264522
0.134589
0.134411
0.134383
0.13329
0.264522
0.134589
0.134411
0.134383
0.13329
0.264522
0.134589
0.134411
0.134383
0.13329
0.264522
0.134589
0.134411
0.134383
0.13329
0.264522
0.134589
0.134411
0.134383
0.13329
0.264523
0.134589
0.134411
0.134383
0.133291
0.264525
0.134589
0.134412
0.134384
0.133291
0.264525
0.134589
0.134412
0.134384
0.133291
)
;
    }
    inlet
    {
        type            calculated;
        value           nonuniform List<scalar> 0();
    }
    outlet
    {
        type            calculated;
        value           nonuniform List<scalar> 
130
(
0.264503
0.264539
0.264539
0.264539
0.264539
0.264539
0.264539
0.264539
0.264539
0.264539
0.264539
0.264539
0.264539
0.264539
0.264539
0.264539
0.264539
0.264539
0.264539
0.264539
0.264539
0.264539
0.264539
0.264539
0.264539
0.264541
0.134586
0.13459
0.13459
0.13459
0.13459
0.13459
0.13459
0.13459
0.13459
0.13459
0.13459
0.13459
0.13459
0.13459
0.13459
0.13459
0.13459
0.13459
0.13459
0.13459
0.13459
0.13459
0.13459
0.13459
0.13459
0.134591
0.134409
0.134413
0.134413
0.134413
0.134413
0.134413
0.134413
0.134413
0.134413
0.134413
0.134413
0.134413
0.134413
0.134413
0.134413
0.134413
0.134413
0.134413
0.134413
0.134413
0.134413
0.134413
0.134413
0.134413
0.134413
0.134413
0.134381
0.134385
0.134385
0.134385
0.134385
0.134385
0.134385
0.134385
0.134385
0.134385
0.134385
0.134385
0.134385
0.134385
0.134385
0.134385
0.134385
0.134385
0.134385
0.134385
0.134385
0.134385
0.134385
0.134385
0.134385
0.134385
0.133284
0.133296
0.133296
0.133296
0.133296
0.133296
0.133296
0.133296
0.133296
0.133296
0.133296
0.133296
0.133296
0.133296
0.133296
0.133296
0.133296
0.133296
0.133296
0.133296
0.133296
0.133296
0.133296
0.133296
0.133296
0.133296
)
;
    }
    lowerWall
    {
        type            nutkWallFunction;
        Cmu             0.09;
        kappa           0.41;
        E               9.8;
        value           nonuniform List<scalar> 
414
(
0.0206528
0.0206544
0.0206544
0.0206544
0.0206544
0.0206544
0.0206544
0.0206544
0.0206544
0.0206544
0.0206544
0.0206544
0.0206544
0.0206544
0.0206544
0.0206544
0.0206544
0.0206544
0.0206544
0.0206544
0.0206544
0.0206544
0.0206544
0.0206544
0.0206544
0.0206545
0.0206537
0.0206553
0.0206553
0.0206553
0.0206553
0.0206553
0.0206553
0.0206553
0.0206553
0.0206553
0.0206553
0.0206553
0.0206553
0.0206553
0.0206553
0.0206553
0.0206553
0.0206553
0.0206553
0.0206553
0.0206553
0.0206553
0.0206553
0.0206553
0.0206553
0.0206556
0.0206537
0.0206553
0.0206553
0.0206553
0.0206553
0.0206553
0.0206553
0.0206553
0.0206553
0.0206553
0.0206553
0.0206553
0.0206553
0.0206553
0.0206553
0.0206553
0.0206553
0.0206553
0.0206553
0.0206553
0.0206553
0.0206553
0.0206553
0.0206553
0.0206553
0.0206557
0.0206537
0.0206553
0.0206553
0.0206553
0.0206553
0.0206553
0.0206553
0.0206553
0.0206553
0.0206553
0.0206553
0.0206553
0.0206553
0.0206553
0.0206553
0.0206553
0.0206553
0.0206553
0.0206553
0.0206553
0.0206553
0.0206553
0.0206553
0.0206553
0.0206553
0.0206537
0.0206553
0.0206553
0.0206553
0.0206553
0.0206553
0.0206553
0.0206553
0.0206553
0.0206553
0.0206553
0.0206553
0.0206553
0.0206553
0.0206553
0.0206553
0.0206553
0.0206553
0.0206553
0.0206553
0.0206553
0.0206553
0.0206553
0.0206553
0.0206553
0.0206537
0.0206553
0.0206553
0.0206553
0.0206553
0.0206553
0.0206553
0.0206553
0.0206553
0.0206553
0.0206553
0.0206553
0.0206553
0.0206553
0.0206553
0.0206553
0.0206553
0.0206553
0.0206553
0.0206553
0.0206553
0.0206553
0.0206553
0.0206553
0.0206553
0.0206537
0.0206553
0.0206553
0.0206553
0.0206553
0.0206553
0.0206553
0.0206553
0.0206553
0.0206553
0.0206553
0.0206553
0.0206553
0.0206553
0.0206553
0.0206553
0.0206553
0.0206553
0.0206553
0.0206553
0.0206553
0.0206553
0.0206553
0.0206553
0.0206553
0.0206537
0.0206553
0.0206553
0.0206553
0.0206553
0.0206553
0.0206553
0.0206553
0.0206553
0.0206553
0.0206553
0.0206553
0.0206553
0.0206553
0.0206553
0.0206553
0.0206553
0.0206553
0.0206553
0.0206553
0.0206553
0.0206553
0.0206553
0.0206553
0.0206553
0.0206537
0.0206553
0.0206553
0.0206553
0.0206553
0.0206553
0.0206553
0.0206553
0.0206553
0.0206553
0.0206553
0.0206553
0.0206553
0.0206553
0.0206553
0.0206553
0.0206553
0.0206553
0.0206553
0.0206553
0.0206553
0.0206553
0.0206553
0.0206553
0.0206553
0.0206537
0.0206553
0.0206553
0.0206553
0.0206553
0.0206553
0.0206553
0.0206553
0.0206553
0.0206553
0.0206553
0.0206553
0.0206553
0.0206553
0.0206553
0.0206553
0.0206553
0.0206553
0.0206553
0.0206553
0.0206553
0.0206553
0.0206553
0.0206553
0.0206553
0.0206537
0.0206553
0.0206553
0.0206553
0.0206553
0.0206553
0.0206553
0.0206553
0.0206553
0.0206553
0.0206553
0.0206553
0.0206553
0.0206553
0.0206553
0.0206553
0.0206553
0.0206553
0.0206553
0.0206553
0.0206553
0.0206553
0.0206553
0.0206553
0.0206553
0.0206537
0.0206553
0.0206553
0.0206553
0.0206553
0.0206553
0.0206553
0.0206553
0.0206553
0.0206553
0.0206553
0.0206553
0.0206553
0.0206553
0.0206553
0.0206553
0.0206553
0.0206553
0.0206553
0.0206553
0.0206553
0.0206553
0.0206553
0.0206553
0.0206553
0.0206537
0.0206553
0.0206553
0.0206553
0.0206553
0.0206553
0.0206553
0.0206553
0.0206553
0.0206553
0.0206553
0.0206553
0.0206553
0.0206553
0.0206553
0.0206553
0.0206553
0.0206553
0.0206553
0.0206553
0.0206553
0.0206553
0.0206553
0.0206553
0.0206553
0.0206537
0.0206553
0.0206553
0.0206553
0.0206553
0.0206553
0.0206553
0.0206553
0.0206553
0.0206553
0.0206553
0.0206553
0.0206553
0.0206553
0.0206553
0.0206553
0.0206553
0.0206553
0.0206553
0.0206553
0.0206553
0.0206553
0.0206553
0.0206553
0.0206553
0.0206538
0.0206554
0.0206554
0.0206554
0.0206554
0.0206554
0.0206554
0.0206554
0.0206554
0.0206554
0.0206554
0.0206554
0.0206554
0.0206554
0.0206554
0.0206553
0.0206553
0.0206553
0.0206553
0.0206553
0.0206553
0.0206553
0.0206553
0.0206553
0.0206553
0.0206538
0.0206554
0.0206554
0.0206554
0.0206554
0.0206554
0.0206554
0.0206554
0.0206554
0.0206554
0.0206554
0.0206554
0.0206554
0.0206554
0.0206555
0.0206554
0.0206554
0.0206554
0.0206554
0.0206554
0.0206554
0.0206554
0.0206554
0.0206554
0.0206554
0.0206555
0.0206554
0.0206554
0.0206554
0.0206554
0.0206554
0.0206554
0.0206554
0.0206554
0.0206554
0.0206554
)
;
    }
    upperWall
    {
        type            calculated;
        value           nonuniform List<scalar> 
420
(
0.133284
0.133296
0.133296
0.133296
0.133296
0.133296
0.133296
0.133296
0.133296
0.133296
0.133296
0.133296
0.133296
0.133296
0.133296
0.133296
0.133296
0.133296
0.133296
0.133296
0.133296
0.133296
0.133296
0.133296
0.133296
0.133296
0.13329
0.133302
0.133303
0.133303
0.133303
0.133303
0.133303
0.133303
0.133303
0.133303
0.133303
0.133303
0.133303
0.133303
0.133303
0.133303
0.133303
0.133303
0.133303
0.133303
0.133303
0.133303
0.133303
0.133303
0.133303
0.133303
0.13329
0.133302
0.133303
0.133303
0.133303
0.133303
0.133303
0.133303
0.133303
0.133303
0.133303
0.133303
0.133303
0.133303
0.133303
0.133303
0.133303
0.133303
0.133303
0.133303
0.133303
0.133303
0.133303
0.133303
0.133303
0.133303
0.13329
0.133302
0.133303
0.133303
0.133303
0.133303
0.133303
0.133303
0.133303
0.133303
0.133303
0.133303
0.133303
0.133303
0.133303
0.133303
0.133303
0.133303
0.133303
0.133303
0.133303
0.133303
0.133303
0.133303
0.133303
0.133303
0.13329
0.133302
0.133303
0.133303
0.133303
0.133303
0.133303
0.133303
0.133303
0.133303
0.133303
0.133303
0.133303
0.133303
0.133303
0.133303
0.133303
0.133303
0.133303
0.133303
0.133303
0.133303
0.133303
0.133303
0.133303
0.133303
0.13329
0.133302
0.133303
0.133303
0.133303
0.133303
0.133303
0.133303
0.133303
0.133303
0.133303
0.133303
0.133303
0.133303
0.133303
0.133303
0.133303
0.133303
0.133303
0.133303
0.133303
0.133303
0.133303
0.133303
0.133303
0.133303
0.13329
0.133302
0.133303
0.133303
0.133303
0.133303
0.133303
0.133303
0.133303
0.133303
0.133303
0.133303
0.133303
0.133303
0.133303
0.133303
0.133303
0.133303
0.133303
0.133303
0.133303
0.133303
0.133303
0.133303
0.133303
0.133303
0.13329
0.133302
0.133303
0.133303
0.133303
0.133303
0.133303
0.133303
0.133303
0.133303
0.133303
0.133303
0.133303
0.133303
0.133303
0.133303
0.133303
0.133303
0.133303
0.133303
0.133303
0.133303
0.133303
0.133303
0.133303
0.133303
0.13329
0.133302
0.133303
0.133303
0.133303
0.133303
0.133303
0.133303
0.133303
0.133303
0.133303
0.133303
0.133303
0.133303
0.133303
0.133303
0.133303
0.133303
0.133303
0.133303
0.133303
0.133303
0.133303
0.133303
0.133303
0.133303
0.13329
0.133302
0.133303
0.133303
0.133303
0.133303
0.133303
0.133303
0.133303
0.133303
0.133303
0.133303
0.133303
0.133303
0.133303
0.133303
0.133303
0.133303
0.133303
0.133303
0.133303
0.133303
0.133303
0.133303
0.133303
0.133303
0.13329
0.133302
0.133303
0.133303
0.133303
0.133303
0.133303
0.133303
0.133303
0.133303
0.133303
0.133303
0.133303
0.133303
0.133303
0.133303
0.133303
0.133303
0.133303
0.133303
0.133303
0.133303
0.133303
0.133303
0.133303
0.133304
0.13329
0.133303
0.133303
0.133303
0.133303
0.133303
0.133303
0.133303
0.133303
0.133303
0.133303
0.133303
0.133303
0.133303
0.133303
0.133303
0.133303
0.133303
0.133303
0.133303
0.133303
0.133303
0.133303
0.133303
0.133303
0.133304
0.13329
0.133303
0.133303
0.133303
0.133303
0.133303
0.133303
0.133303
0.133303
0.133303
0.133303
0.133303
0.133303
0.133303
0.133303
0.133303
0.133303
0.133303
0.133303
0.133303
0.133303
0.133303
0.133303
0.133303
0.133303
0.133306
0.133291
0.133303
0.133303
0.133303
0.133303
0.133303
0.133303
0.133303
0.133303
0.133303
0.133303
0.133303
0.133303
0.133303
0.133303
0.133303
0.133303
0.133303
0.133303
0.133303
0.133303
0.133303
0.133303
0.133303
0.133303
0.133306
0.133291
0.133303
0.133304
0.133304
0.133304
0.133304
0.133304
0.133304
0.133304
0.133304
0.133304
0.133304
0.133304
0.133304
0.133304
0.133304
0.133304
0.133304
0.133304
0.133304
0.133303
0.133303
0.133303
0.133303
0.133303
0.133291
0.133303
0.133303
0.133303
0.133303
0.133303
0.133303
0.133303
0.133303
0.133303
0.133303
0.133303
0.133303
0.133303
0.133303
0.133303
0.133303
0.133303
0.133304
0.133304
0.133304
0.133304
0.133304
0.133304
0.133304
0.133304
0.133303
0.133303
0.133303
0.133303
0.133303
)
;
    }
    procBoundary0to1
    {
        type            processor;
        value           nonuniform List<scalar> 
135
(
0.264525
0.264561
0.264561
0.264561
0.264561
0.264561
0.264561
0.264561
0.264561
0.264561
0.264561
0.264561
0.264561
0.264561
0.264561
0.264561
0.134594
0.264561
0.134594
0.264561
0.264561
0.264561
0.264561
0.264561
0.264561
0.264561
0.264561
0.264561
0.134589
0.134593
0.134593
0.134593
0.134593
0.134593
0.134593
0.134593
0.134593
0.134593
0.134593
0.134593
0.134593
0.134593
0.134594
0.134594
0.134594
0.134593
0.134416
0.134593
0.134593
0.134593
0.134593
0.134593
0.134593
0.134593
0.134593
0.134412
0.134416
0.134416
0.134416
0.134416
0.134416
0.134416
0.134416
0.134416
0.134416
0.134416
0.134416
0.134416
0.134416
0.134416
0.134416
0.134416
0.134416
0.134416
0.134388
0.134416
0.134416
0.134416
0.134416
0.134416
0.134416
0.134416
0.134384
0.134388
0.134388
0.134388
0.134388
0.134388
0.134388
0.134388
0.134388
0.134388
0.134388
0.134388
0.134388
0.134388
0.134388
0.134388
0.134388
0.134388
0.134388
0.134388
0.133304
0.134388
0.134388
0.134388
0.134388
0.134388
0.134388
0.133291
0.133303
0.133303
0.133303
0.133303
0.133303
0.133303
0.133303
0.133303
0.133303
0.133303
0.133303
0.133303
0.133303
0.133303
0.133303
0.133303
0.133303
0.133304
0.133304
0.133303
0.133303
0.133303
0.133303
0.133303
0.133303
)
;
    }
    procBoundary0to3
    {
        type            processor;
        value           nonuniform List<scalar> 
101
(
0.26457
0.264568
0.264568
0.264568
0.264568
0.264568
0.264568
0.264568
0.264568
0.264568
0.264568
0.264568
0.264571
0.264571
0.264548
0.264564
0.26457
0.264561
0.26457
0.264568
0.264568
0.134594
0.134594
0.134594
0.134594
0.134594
0.134594
0.134594
0.134594
0.134594
0.134594
0.134594
0.134591
0.134594
0.134594
0.134594
0.134593
0.134594
0.134593
0.134594
0.134594
0.134417
0.134417
0.134417
0.134417
0.134417
0.134417
0.134417
0.134417
0.134417
0.134414
0.134417
0.134417
0.134417
0.134417
0.134416
0.134416
0.134417
0.134416
0.134417
0.134417
0.134417
0.134389
0.134389
0.134389
0.134389
0.134389
0.134389
0.134386
0.134389
0.134389
0.134389
0.134389
0.134389
0.134389
0.134389
0.134389
0.134389
0.134389
0.134388
0.134389
0.134389
0.134389
0.133307
0.133307
0.133307
0.133299
0.133306
0.133306
0.133306
0.133306
0.133306
0.133306
0.133306
0.133306
0.133306
0.133305
0.133305
0.133304
0.133307
0.133303
)
;
    }
}


// ************************************************************************* //
