/*--------------------------------*- C++ -*----------------------------------*\
  =========                 |
  \\      /  F ield         | OpenFOAM: The Open Source CFD Toolbox
   \\    /   O peration     | Website:  https://openfoam.org
    \\  /    A nd           | Version:  10
     \\/     M anipulation  |
\*---------------------------------------------------------------------------*/
FoamFile
{
    format      ascii;
    class       volScalarField;
    location    "20";
    object      omega;
}
// * * * * * * * * * * * * * * * * * * * * * * * * * * * * * * * * * * * * * //

dimensions      [0 0 -1 0 0 0 0];

internalField   nonuniform List<scalar> 
2083
(
0.861192
0.861208
0.861208
0.861208
0.861208
0.861208
0.861208
0.861208
0.861208
0.861208
0.861208
0.861208
0.861208
0.861208
0.86121
0.86121
0.861216
0.861232
0.861232
0.861232
0.861232
0.861232
0.861232
0.861232
0.861232
0.861232
0.861232
0.861232
0.861232
0.861232
0.861234
0.861234
0.861216
0.861232
0.861232
0.861232
0.861232
0.861232
0.861232
0.861232
0.861232
0.861232
0.861232
0.861232
0.861232
0.861232
0.861234
0.861234
0.861216
0.861232
0.861232
0.861232
0.861232
0.861232
0.861232
0.861232
0.861232
0.861232
0.861232
0.861232
0.861232
0.861232
0.861234
0.861234
0.861216
0.861232
0.861232
0.861232
0.861232
0.861232
0.861232
0.861232
0.861232
0.861232
0.861232
0.861232
0.861232
0.861232
0.861234
0.861234
0.861216
0.861232
0.861232
0.861232
0.861232
0.861232
0.861232
0.861232
0.861232
0.861232
0.861232
0.861232
0.861232
0.861232
0.861234
0.861234
0.861216
0.861232
0.861232
0.861232
0.861232
0.861232
0.861232
0.861232
0.861232
0.861232
0.861232
0.861232
0.861232
0.861232
0.861234
0.861234
0.861216
0.861232
0.861232
0.861232
0.861232
0.861232
0.861232
0.861232
0.861232
0.861232
0.861232
0.861232
0.861232
0.861232
0.861234
0.861234
0.861216
0.861232
0.861232
0.861232
0.861232
0.861232
0.861232
0.861232
0.861232
0.861232
0.861232
0.861232
0.861232
0.861232
0.861234
0.861234
0.861216
0.861232
0.861232
0.861232
0.861232
0.861232
0.861232
0.861232
0.861232
0.861232
0.861232
0.861232
0.861232
0.861232
0.861234
0.861234
0.861216
0.861232
0.861232
0.861232
0.861232
0.861232
0.861232
0.861232
0.861232
0.861232
0.861232
0.861232
0.861232
0.861232
0.861234
0.861234
0.861216
0.861232
0.861232
0.861232
0.861232
0.861232
0.861232
0.861232
0.861232
0.861232
0.861232
0.861232
0.861232
0.861232
0.861234
0.861234
0.861216
0.861232
0.861232
0.861232
0.861232
0.861232
0.861232
0.861232
0.861232
0.861232
0.861232
0.861232
0.861232
0.861232
0.861234
0.861234
0.861216
0.861232
0.861232
0.861232
0.861232
0.861232
0.861232
0.861232
0.861232
0.861232
0.861232
0.861232
0.861232
0.861232
0.861234
0.861234
0.861216
0.861232
0.861232
0.861232
0.861232
0.861232
0.861232
0.861232
0.861232
0.861232
0.861232
0.861232
0.861232
0.861232
0.861234
0.861236
0.861236
0.861216
0.861232
0.861232
0.861232
0.861232
0.861232
0.861232
0.861232
0.861232
0.861232
0.861232
0.861232
0.861232
0.861232
0.861232
0.861234
0.861234
0.861216
0.861232
0.861232
0.861232
0.861232
0.861232
0.861232
0.861232
0.861232
0.861232
0.861232
0.861232
0.861232
0.861232
0.861232
0.861234
0.861234
0.861216
0.861232
0.861232
0.861232
0.861232
0.861232
0.861232
0.861232
0.861232
0.861232
0.861232
0.861232
0.861232
0.861232
0.861232
0.861234
0.861234
0.861216
0.861232
0.861232
0.861232
0.861232
0.861232
0.861232
0.861232
0.861232
0.861232
0.861232
0.861232
0.861232
0.861232
0.861232
0.861234
0.861234
0.861216
0.861232
0.861232
0.861232
0.861232
0.861232
0.861232
0.861232
0.861232
0.861232
0.861232
0.861232
0.861232
0.861232
0.861232
0.861234
0.861234
0.861216
0.861232
0.861232
0.861232
0.861232
0.861232
0.861232
0.861232
0.861232
0.861232
0.861232
0.861232
0.861232
0.861232
0.861232
0.861234
0.861234
0.861216
0.861232
0.861232
0.861232
0.861232
0.861232
0.861232
0.861232
0.861232
0.861232
0.861232
0.861232
0.861232
0.861232
0.861232
0.861234
0.861234
0.861216
0.861232
0.861232
0.861232
0.861232
0.861232
0.861232
0.861232
0.861232
0.861232
0.861232
0.861232
0.861232
0.861232
0.861232
0.861234
0.861234
0.861216
0.861232
0.861232
0.861232
0.861232
0.861232
0.861232
0.861232
0.861232
0.861232
0.861232
0.861232
0.861232
0.861232
0.861232
0.861234
0.861234
0.861216
0.861232
0.861232
0.861232
0.861232
0.861232
0.861232
0.861232
0.861232
0.861232
0.861232
0.861232
0.861232
0.861232
0.861232
0.861234
0.861234
0.861216
0.861236
0.861239
1.61914
1.61929
1.6193
1.6193
1.6193
1.6193
1.6193
1.6193
1.6193
1.6193
1.6193
1.6193
1.6193
1.6193
1.61932
1.61932
1.61945
1.61961
1.61961
1.61961
1.61961
1.61961
1.61961
1.61961
1.61961
1.61961
1.61961
1.61961
1.61961
1.61961
1.61963
1.61963
1.61945
1.61961
1.61961
1.61961
1.61961
1.61961
1.61961
1.61961
1.61961
1.61961
1.61961
1.61961
1.61961
1.61962
1.61963
1.61963
1.61945
1.61961
1.61961
1.61961
1.61961
1.61961
1.61961
1.61961
1.61961
1.61961
1.61961
1.61961
1.61961
1.61962
1.61963
1.61963
1.61945
1.61961
1.61961
1.61961
1.61961
1.61961
1.61961
1.61961
1.61961
1.61961
1.61961
1.61961
1.61961
1.61962
1.61963
1.61963
1.61945
1.61961
1.61961
1.61961
1.61961
1.61961
1.61961
1.61961
1.61961
1.61961
1.61961
1.61961
1.61961
1.61962
1.61963
1.61963
1.61945
1.61961
1.61961
1.61961
1.61961
1.61961
1.61961
1.61961
1.61961
1.61961
1.61961
1.61961
1.61961
1.61962
1.61963
1.61963
1.61945
1.61961
1.61961
1.61961
1.61961
1.61961
1.61961
1.61961
1.61961
1.61961
1.61961
1.61961
1.61961
1.61962
1.61963
1.61963
1.61945
1.61961
1.61961
1.61961
1.61961
1.61961
1.61961
1.61961
1.61961
1.61961
1.61961
1.61961
1.61961
1.61962
1.61963
1.61963
1.61945
1.61961
1.61961
1.61961
1.61961
1.61961
1.61961
1.61961
1.61961
1.61961
1.61961
1.61961
1.61961
1.61962
1.61963
1.61963
1.61945
1.61961
1.61961
1.61961
1.61961
1.61961
1.61961
1.61961
1.61961
1.61961
1.61961
1.61961
1.61961
1.61962
1.61963
1.61963
1.61945
1.61961
1.61961
1.61961
1.61961
1.61961
1.61961
1.61961
1.61961
1.61961
1.61961
1.61961
1.61961
1.61962
1.61963
1.61963
1.61945
1.61961
1.61961
1.61961
1.61961
1.61961
1.61961
1.61961
1.61961
1.61961
1.61961
1.61961
1.61961
1.61962
1.61963
1.61963
1.61945
1.61961
1.61961
1.61961
1.61961
1.61961
1.61961
1.61961
1.61961
1.61961
1.61961
1.61961
1.61961
1.61962
1.61963
1.61963
1.61945
1.61961
1.61961
1.61961
1.61961
1.61961
1.61961
1.61961
1.61961
1.61961
1.61961
1.61961
1.61961
1.61961
1.61963
1.61963
1.61945
1.61961
1.61961
1.61961
1.61961
1.61961
1.61961
1.61961
1.61961
1.61961
1.61961
1.61961
1.61961
1.61961
1.61963
1.61963
1.61945
1.61961
1.61961
1.61961
1.61961
1.61961
1.61961
1.61961
1.61961
1.61961
1.61961
1.61961
1.61961
1.61962
1.61964
1.61966
1.61965
1.61945
1.61961
1.61961
1.61961
1.61961
1.61961
1.61961
1.61961
1.61961
1.61961
1.61961
1.61961
1.61961
1.61961
1.61962
1.61963
1.61963
1.61945
1.61961
1.61961
1.61961
1.61961
1.61961
1.61961
1.61961
1.61961
1.61961
1.61961
1.61961
1.61961
1.61961
1.61962
1.61963
1.61963
1.61945
1.61961
1.61961
1.61961
1.61961
1.61961
1.61961
1.61961
1.61961
1.61961
1.61961
1.61961
1.61961
1.61961
1.61962
1.61963
1.61963
1.61945
1.61961
1.61961
1.61961
1.61961
1.61961
1.61961
1.61961
1.61961
1.61961
1.61961
1.61961
1.61961
1.61961
1.61962
1.61963
1.61963
1.61945
1.61961
1.61961
1.61961
1.61961
1.61961
1.61961
1.61961
1.61961
1.61961
1.61961
1.61961
1.61961
1.61961
1.61962
1.61963
1.61963
1.61945
1.61961
1.61961
1.61961
1.61961
1.61961
1.61961
1.61961
1.61961
1.61961
1.61961
1.61961
1.61961
1.61961
1.61962
1.61963
1.61963
1.61945
1.61961
1.61961
1.61961
1.61961
1.61961
1.61961
1.61961
1.61961
1.61961
1.61961
1.61961
1.61961
1.61961
1.61962
1.61963
1.61963
1.61945
1.61961
1.61961
1.61961
1.61961
1.61961
1.61961
1.61961
1.61961
1.61961
1.61961
1.61961
1.61961
1.61961
1.61962
1.61963
1.61963
1.61945
1.61961
1.61961
1.61962
1.61967
1.61969
1.62092
1.62108
1.62108
1.62108
1.62108
1.62108
1.62108
1.62108
1.62108
1.62108
1.62108
1.62108
1.62108
1.62108
1.6211
1.6211
1.62123
1.62139
1.62139
1.62139
1.62139
1.62139
1.62139
1.62139
1.62139
1.62139
1.62139
1.62139
1.62139
1.6214
1.62141
1.62141
1.62123
1.62139
1.62139
1.62139
1.62139
1.62139
1.62139
1.62139
1.62139
1.62139
1.62139
1.62139
1.62139
1.6214
1.62142
1.62141
1.62123
1.62139
1.62139
1.62139
1.62139
1.62139
1.62139
1.62139
1.62139
1.62139
1.62139
1.62139
1.62139
1.6214
1.62142
1.62141
1.62123
1.62139
1.62139
1.62139
1.62139
1.62139
1.62139
1.62139
1.62139
1.62139
1.62139
1.62139
1.62139
1.6214
1.62142
1.62141
1.62123
1.62139
1.62139
1.62139
1.62139
1.62139
1.62139
1.62139
1.62139
1.62139
1.62139
1.62139
1.62139
1.6214
1.62142
1.62141
1.62123
1.62139
1.62139
1.62139
1.62139
1.62139
1.62139
1.62139
1.62139
1.62139
1.62139
1.62139
1.62139
1.6214
1.62142
1.62141
1.62123
1.62139
1.62139
1.62139
1.62139
1.62139
1.62139
1.62139
1.62139
1.62139
1.62139
1.62139
1.62139
1.6214
1.62142
1.62141
1.62123
1.62139
1.62139
1.62139
1.62139
1.62139
1.62139
1.62139
1.62139
1.62139
1.62139
1.62139
1.62139
1.6214
1.62142
1.62141
1.62123
1.62139
1.62139
1.62139
1.62139
1.62139
1.62139
1.62139
1.62139
1.62139
1.62139
1.62139
1.62139
1.6214
1.62142
1.62141
1.62123
1.62139
1.62139
1.62139
1.62139
1.62139
1.62139
1.62139
1.62139
1.62139
1.62139
1.62139
1.62139
1.6214
1.62142
1.62141
1.62123
1.62139
1.62139
1.62139
1.62139
1.62139
1.62139
1.62139
1.62139
1.62139
1.62139
1.62139
1.62139
1.6214
1.62142
1.62141
1.62123
1.62139
1.62139
1.62139
1.62139
1.62139
1.62139
1.62139
1.62139
1.62139
1.62139
1.62139
1.62139
1.6214
1.62142
1.62141
1.62123
1.62139
1.62139
1.62139
1.62139
1.62139
1.62139
1.62139
1.62139
1.62139
1.62139
1.62139
1.62139
1.6214
1.62142
1.62141
1.62123
1.62139
1.62139
1.62139
1.62139
1.62139
1.62139
1.62139
1.62139
1.62139
1.62139
1.62139
1.62139
1.6214
1.62142
1.62141
1.62123
1.62139
1.62139
1.62139
1.62139
1.62139
1.62139
1.62139
1.62139
1.62139
1.62139
1.62139
1.62139
1.6214
1.62142
1.62141
1.62123
1.62139
1.62139
1.62139
1.62139
1.62139
1.62139
1.62139
1.62139
1.62139
1.62139
1.62139
1.6214
1.6214
1.62143
1.62143
1.62123
1.62139
1.62139
1.62139
1.62139
1.62139
1.62139
1.62139
1.62139
1.62139
1.62139
1.62139
1.62139
1.6214
1.62142
1.62144
1.62143
1.62123
1.62139
1.62139
1.62139
1.62139
1.62139
1.62139
1.62139
1.62139
1.62139
1.62139
1.62139
1.62139
1.62139
1.6214
1.62142
1.62141
1.62123
1.62139
1.62139
1.62139
1.62139
1.62139
1.62139
1.62139
1.62139
1.62139
1.62139
1.62139
1.62139
1.62139
1.6214
1.62142
1.62141
1.62123
1.62139
1.62139
1.62139
1.62139
1.62139
1.62139
1.62139
1.62139
1.62139
1.62139
1.62139
1.62139
1.62139
1.6214
1.62142
1.62141
1.62123
1.62139
1.62139
1.62139
1.62139
1.62139
1.62139
1.62139
1.62139
1.62139
1.62139
1.62139
1.62139
1.62139
1.6214
1.62142
1.62141
1.62123
1.62139
1.62139
1.62139
1.62139
1.62139
1.62139
1.62139
1.62139
1.62139
1.62139
1.62139
1.62139
1.62139
1.6214
1.62142
1.62141
1.62123
1.62139
1.62139
1.62139
1.62139
1.62139
1.62139
1.62139
1.62139
1.62139
1.62139
1.62139
1.62139
1.62139
1.6214
1.62142
1.62141
1.62123
1.62139
1.62139
1.62139
1.62139
1.62139
1.62139
1.62139
1.62139
1.62139
1.62139
1.62139
1.62139
1.62139
1.6214
1.62142
1.62141
1.62123
1.62139
1.62139
1.6214
1.62142
1.62144
1.62148
1.62149
1.62121
1.62136
1.62136
1.62136
1.62136
1.62136
1.62136
1.62136
1.62136
1.62136
1.62136
1.62136
1.62137
1.62137
1.62139
1.62139
1.62152
1.62167
1.62167
1.62167
1.62167
1.62167
1.62167
1.62167
1.62167
1.62167
1.62167
1.62167
1.62167
1.62168
1.6217
1.6217
1.62152
1.62167
1.62167
1.62167
1.62167
1.62167
1.62167
1.62167
1.62167
1.62167
1.62167
1.62167
1.62168
1.62168
1.6217
1.6217
1.62152
1.62167
1.62167
1.62167
1.62167
1.62167
1.62167
1.62167
1.62167
1.62167
1.62167
1.62167
1.62168
1.62168
1.6217
1.6217
1.62152
1.62167
1.62167
1.62167
1.62167
1.62167
1.62167
1.62167
1.62167
1.62167
1.62167
1.62167
1.62168
1.62168
1.6217
1.6217
1.62152
1.62167
1.62167
1.62167
1.62167
1.62167
1.62167
1.62167
1.62167
1.62167
1.62167
1.62167
1.62168
1.62168
1.6217
1.6217
1.62152
1.62167
1.62167
1.62167
1.62167
1.62167
1.62167
1.62167
1.62167
1.62167
1.62167
1.62167
1.62168
1.62168
1.6217
1.6217
1.62152
1.62167
1.62167
1.62167
1.62167
1.62167
1.62167
1.62167
1.62167
1.62167
1.62167
1.62167
1.62168
1.62168
1.6217
1.6217
1.62152
1.62167
1.62167
1.62167
1.62167
1.62167
1.62167
1.62167
1.62167
1.62167
1.62167
1.62167
1.62168
1.62168
1.6217
1.6217
1.62152
1.62167
1.62167
1.62167
1.62167
1.62167
1.62167
1.62167
1.62167
1.62167
1.62167
1.62167
1.62168
1.62168
1.6217
1.6217
1.62152
1.62167
1.62167
1.62167
1.62167
1.62167
1.62167
1.62167
1.62167
1.62167
1.62167
1.62167
1.62168
1.62168
1.6217
1.6217
1.62152
1.62167
1.62167
1.62167
1.62167
1.62167
1.62167
1.62167
1.62167
1.62167
1.62167
1.62167
1.62168
1.62168
1.6217
1.6217
1.62152
1.62167
1.62167
1.62167
1.62167
1.62167
1.62167
1.62167
1.62167
1.62167
1.62167
1.62167
1.62168
1.62168
1.6217
1.6217
1.62152
1.62167
1.62167
1.62167
1.62167
1.62167
1.62167
1.62167
1.62167
1.62167
1.62167
1.62167
1.62168
1.62168
1.6217
1.6217
1.62152
1.62167
1.62167
1.62167
1.62167
1.62167
1.62167
1.62167
1.62167
1.62167
1.62167
1.62167
1.62168
1.62168
1.6217
1.6217
1.62152
1.62167
1.62167
1.62167
1.62167
1.62167
1.62167
1.62167
1.62167
1.62167
1.62167
1.62167
1.62168
1.62168
1.6217
1.6217
1.62152
1.62167
1.62167
1.62167
1.62167
1.62167
1.62167
1.62167
1.62167
1.62167
1.62167
1.62167
1.62168
1.62168
1.6217
1.6217
1.62152
1.62167
1.62167
1.62167
1.62167
1.62167
1.62167
1.62167
1.62167
1.62167
1.62167
1.62168
1.62168
1.62168
1.62171
1.62171
1.62152
1.62167
1.62167
1.62167
1.62167
1.62167
1.62167
1.62167
1.62167
1.62167
1.62167
1.62167
1.62168
1.62168
1.6217
1.62172
1.62172
1.62152
1.62167
1.62167
1.62167
1.62167
1.62167
1.62167
1.62167
1.62167
1.62167
1.62167
1.62167
1.62167
1.62168
1.62168
1.6217
1.6217
1.62152
1.62167
1.62167
1.62167
1.62167
1.62167
1.62167
1.62167
1.62167
1.62167
1.62167
1.62167
1.62167
1.62168
1.62168
1.6217
1.6217
1.62152
1.62167
1.62167
1.62167
1.62167
1.62167
1.62167
1.62167
1.62167
1.62167
1.62167
1.62167
1.62167
1.62168
1.62168
1.6217
1.6217
1.62152
1.62167
1.62167
1.62167
1.62167
1.62167
1.62167
1.62167
1.62167
1.62167
1.62167
1.62167
1.62167
1.62168
1.62168
1.6217
1.6217
1.62152
1.62167
1.62167
1.62167
1.62167
1.62167
1.62167
1.62167
1.62167
1.62167
1.62167
1.62167
1.62167
1.62168
1.62168
1.6217
1.6217
1.62152
1.62167
1.62167
1.62167
1.62167
1.62167
1.62167
1.62167
1.62167
1.62167
1.62167
1.62167
1.62167
1.62168
1.62168
1.6217
1.6217
1.62152
1.62167
1.62167
1.62167
1.62168
1.62168
1.6217
1.62172
1.62173
1.62176
1.62177
1.63324
1.63333
1.63333
1.63333
1.63333
1.63333
1.63333
1.63333
1.63333
1.63333
1.63333
1.63333
1.63333
1.63333
1.63334
1.63334
1.63341
1.6335
1.6335
1.6335
1.6335
1.6335
1.6335
1.6335
1.6335
1.6335
1.6335
1.6335
1.6335
1.6335
1.63351
1.63351
1.63341
1.6335
1.6335
1.6335
1.6335
1.6335
1.6335
1.6335
1.6335
1.6335
1.6335
1.6335
1.6335
1.6335
1.63352
1.63351
1.63341
1.6335
1.6335
1.6335
1.6335
1.6335
1.6335
1.6335
1.6335
1.6335
1.6335
1.6335
1.6335
1.6335
1.63352
1.63351
1.63341
1.6335
1.6335
1.6335
1.6335
1.6335
1.6335
1.6335
1.6335
1.6335
1.6335
1.6335
1.6335
1.6335
1.63352
1.63351
1.63341
1.6335
1.6335
1.6335
1.6335
1.6335
1.6335
1.6335
1.6335
1.6335
1.6335
1.6335
1.6335
1.6335
1.63352
1.63351
1.63341
1.6335
1.6335
1.6335
1.6335
1.6335
1.6335
1.6335
1.6335
1.6335
1.6335
1.6335
1.6335
1.6335
1.63352
1.63351
1.63341
1.6335
1.6335
1.6335
1.6335
1.6335
1.6335
1.6335
1.6335
1.6335
1.6335
1.6335
1.6335
1.6335
1.63352
1.63351
1.63341
1.6335
1.6335
1.6335
1.6335
1.6335
1.6335
1.6335
1.6335
1.6335
1.6335
1.6335
1.6335
1.6335
1.63352
1.63351
1.63341
1.6335
1.6335
1.6335
1.6335
1.6335
1.6335
1.6335
1.6335
1.6335
1.6335
1.6335
1.6335
1.6335
1.63352
1.63351
1.63342
1.6335
1.6335
1.6335
1.6335
1.6335
1.6335
1.6335
1.6335
1.6335
1.6335
1.6335
1.6335
1.6335
1.63352
1.63351
1.63342
1.6335
1.6335
1.6335
1.6335
1.6335
1.6335
1.6335
1.6335
1.6335
1.6335
1.6335
1.6335
1.6335
1.63352
1.63351
1.63342
1.6335
1.6335
1.6335
1.6335
1.6335
1.6335
1.6335
1.6335
1.6335
1.6335
1.6335
1.6335
1.6335
1.63352
1.63351
1.63342
1.6335
1.6335
1.6335
1.6335
1.6335
1.6335
1.6335
1.6335
1.6335
1.6335
1.6335
1.6335
1.6335
1.63352
1.63351
1.63342
1.6335
1.6335
1.6335
1.6335
1.6335
1.6335
1.6335
1.6335
1.6335
1.6335
1.6335
1.6335
1.6335
1.63352
1.63351
1.63342
1.6335
1.6335
1.6335
1.6335
1.6335
1.6335
1.6335
1.6335
1.6335
1.6335
1.6335
1.6335
1.6335
1.63352
1.63351
1.63342
1.6335
1.6335
1.6335
1.6335
1.6335
1.6335
1.6335
1.6335
1.6335
1.6335
1.6335
1.6335
1.6335
1.63352
1.63351
1.63342
1.6335
1.6335
1.6335
1.6335
1.6335
1.6335
1.6335
1.6335
1.6335
1.6335
1.6335
1.6335
1.6335
1.63352
1.63351
1.63342
1.6335
1.6335
1.6335
1.6335
1.6335
1.6335
1.6335
1.6335
1.6335
1.6335
1.6335
1.6335
1.63351
1.63353
1.63353
1.63342
1.6335
1.6335
1.6335
1.6335
1.6335
1.6335
1.6335
1.6335
1.6335
1.6335
1.6335
1.6335
1.63351
1.63352
1.63353
1.63353
1.63342
1.6335
1.6335
1.6335
1.6335
1.6335
1.6335
1.6335
1.6335
1.6335
1.6335
1.6335
1.6335
1.6335
1.6335
1.63352
1.63351
1.63342
1.6335
1.6335
1.6335
1.6335
1.6335
1.6335
1.6335
1.6335
1.6335
1.6335
1.6335
1.6335
1.6335
1.6335
1.63352
1.63351
1.63342
1.6335
1.6335
1.6335
1.6335
1.6335
1.6335
1.6335
1.6335
1.6335
1.6335
1.6335
1.6335
1.6335
1.6335
1.63352
1.63351
1.63342
1.6335
1.6335
1.6335
1.6335
1.6335
1.6335
1.6335
1.6335
1.6335
1.6335
1.6335
1.6335
1.6335
1.6335
1.63352
1.63351
1.63342
1.6335
1.6335
1.6335
1.6335
1.6335
1.6335
1.6335
1.6335
1.6335
1.6335
1.6335
1.6335
1.6335
1.6335
1.63352
1.63351
1.63342
1.6335
1.6335
1.6335
1.6335
1.6335
1.6335
1.6335
1.63351
1.63352
1.63353
1.63355
1.63356
1.63356
)
;

boundaryField
{
    frontAndBack
    {
        type            slip;
    }
    inlet
    {
        type            fixedValue;
        value           nonuniform List<scalar> 0();
    }
    outlet
    {
        type            inletOutlet;
        inletValue      uniform 1.78;
        value           nonuniform List<scalar> 
130
(
0.861192
0.861216
0.861216
0.861216
0.861216
0.861216
0.861216
0.861216
0.861216
0.861216
0.861216
0.861216
0.861216
0.861216
0.861216
0.861216
0.861216
0.861216
0.861216
0.861216
0.861216
0.861216
0.861216
0.861216
0.861216
0.861216
1.61914
1.61945
1.61945
1.61945
1.61945
1.61945
1.61945
1.61945
1.61945
1.61945
1.61945
1.61945
1.61945
1.61945
1.61945
1.61945
1.61945
1.61945
1.61945
1.61945
1.61945
1.61945
1.61945
1.61945
1.61945
1.61945
1.62092
1.62123
1.62123
1.62123
1.62123
1.62123
1.62123
1.62123
1.62123
1.62123
1.62123
1.62123
1.62123
1.62123
1.62123
1.62123
1.62123
1.62123
1.62123
1.62123
1.62123
1.62123
1.62123
1.62123
1.62123
1.62123
1.62121
1.62152
1.62152
1.62152
1.62152
1.62152
1.62152
1.62152
1.62152
1.62152
1.62152
1.62152
1.62152
1.62152
1.62152
1.62152
1.62152
1.62152
1.62152
1.62152
1.62152
1.62152
1.62152
1.62152
1.62152
1.62152
1.63324
1.63341
1.63341
1.63341
1.63341
1.63341
1.63341
1.63341
1.63341
1.63341
1.63342
1.63342
1.63342
1.63342
1.63342
1.63342
1.63342
1.63342
1.63342
1.63342
1.63342
1.63342
1.63342
1.63342
1.63342
1.63342
)
;
    }
    lowerWall
    {
        beta1           0.075;
        blended         0;
        type            omegaWallFunction;
        value           nonuniform List<scalar> 
414
(
0.861192
0.861216
0.861216
0.861216
0.861216
0.861216
0.861216
0.861216
0.861216
0.861216
0.861216
0.861216
0.861216
0.861216
0.861216
0.861216
0.861216
0.861216
0.861216
0.861216
0.861216
0.861216
0.861216
0.861216
0.861216
0.861216
0.861208
0.861232
0.861232
0.861232
0.861232
0.861232
0.861232
0.861232
0.861232
0.861232
0.861232
0.861232
0.861232
0.861232
0.861232
0.861232
0.861232
0.861232
0.861232
0.861232
0.861232
0.861232
0.861232
0.861232
0.861232
0.861236
0.861208
0.861232
0.861232
0.861232
0.861232
0.861232
0.861232
0.861232
0.861232
0.861232
0.861232
0.861232
0.861232
0.861232
0.861232
0.861232
0.861232
0.861232
0.861232
0.861232
0.861232
0.861232
0.861232
0.861232
0.861232
0.861239
0.861208
0.861232
0.861232
0.861232
0.861232
0.861232
0.861232
0.861232
0.861232
0.861232
0.861232
0.861232
0.861232
0.861232
0.861232
0.861232
0.861232
0.861232
0.861232
0.861232
0.861232
0.861232
0.861232
0.861232
0.861232
0.861208
0.861232
0.861232
0.861232
0.861232
0.861232
0.861232
0.861232
0.861232
0.861232
0.861232
0.861232
0.861232
0.861232
0.861232
0.861232
0.861232
0.861232
0.861232
0.861232
0.861232
0.861232
0.861232
0.861232
0.861232
0.861208
0.861232
0.861232
0.861232
0.861232
0.861232
0.861232
0.861232
0.861232
0.861232
0.861232
0.861232
0.861232
0.861232
0.861232
0.861232
0.861232
0.861232
0.861232
0.861232
0.861232
0.861232
0.861232
0.861232
0.861232
0.861208
0.861232
0.861232
0.861232
0.861232
0.861232
0.861232
0.861232
0.861232
0.861232
0.861232
0.861232
0.861232
0.861232
0.861232
0.861232
0.861232
0.861232
0.861232
0.861232
0.861232
0.861232
0.861232
0.861232
0.861232
0.861208
0.861232
0.861232
0.861232
0.861232
0.861232
0.861232
0.861232
0.861232
0.861232
0.861232
0.861232
0.861232
0.861232
0.861232
0.861232
0.861232
0.861232
0.861232
0.861232
0.861232
0.861232
0.861232
0.861232
0.861232
0.861208
0.861232
0.861232
0.861232
0.861232
0.861232
0.861232
0.861232
0.861232
0.861232
0.861232
0.861232
0.861232
0.861232
0.861232
0.861232
0.861232
0.861232
0.861232
0.861232
0.861232
0.861232
0.861232
0.861232
0.861232
0.861208
0.861232
0.861232
0.861232
0.861232
0.861232
0.861232
0.861232
0.861232
0.861232
0.861232
0.861232
0.861232
0.861232
0.861232
0.861232
0.861232
0.861232
0.861232
0.861232
0.861232
0.861232
0.861232
0.861232
0.861232
0.861208
0.861232
0.861232
0.861232
0.861232
0.861232
0.861232
0.861232
0.861232
0.861232
0.861232
0.861232
0.861232
0.861232
0.861232
0.861232
0.861232
0.861232
0.861232
0.861232
0.861232
0.861232
0.861232
0.861232
0.861232
0.861208
0.861232
0.861232
0.861232
0.861232
0.861232
0.861232
0.861232
0.861232
0.861232
0.861232
0.861232
0.861232
0.861232
0.861232
0.861232
0.861232
0.861232
0.861232
0.861232
0.861232
0.861232
0.861232
0.861232
0.861232
0.861208
0.861232
0.861232
0.861232
0.861232
0.861232
0.861232
0.861232
0.861232
0.861232
0.861232
0.861232
0.861232
0.861232
0.861232
0.861232
0.861232
0.861232
0.861232
0.861232
0.861232
0.861232
0.861232
0.861232
0.861232
0.861208
0.861232
0.861232
0.861232
0.861232
0.861232
0.861232
0.861232
0.861232
0.861232
0.861232
0.861232
0.861232
0.861232
0.861232
0.861232
0.861232
0.861232
0.861232
0.861232
0.861232
0.861232
0.861232
0.861232
0.861232
0.86121
0.861234
0.861234
0.861234
0.861234
0.861234
0.861234
0.861234
0.861234
0.861234
0.861234
0.861234
0.861234
0.861234
0.861234
0.861232
0.861232
0.861232
0.861232
0.861232
0.861232
0.861232
0.861232
0.861232
0.861232
0.86121
0.861234
0.861234
0.861234
0.861234
0.861234
0.861234
0.861234
0.861234
0.861234
0.861234
0.861234
0.861234
0.861234
0.861236
0.861234
0.861234
0.861234
0.861234
0.861234
0.861234
0.861234
0.861234
0.861234
0.861234
0.861236
0.861234
0.861234
0.861234
0.861234
0.861234
0.861234
0.861234
0.861234
0.861234
0.861234
)
;
    }
    upperWall
    {
        type            slip;
    }
    procBoundary0to1
    {
        type            processor;
        value           nonuniform List<scalar> 
135
(
0.86121
0.861234
0.861234
0.861234
0.861234
0.861234
0.861234
0.861234
0.861234
0.861234
0.861234
0.861234
0.861234
0.861234
0.861234
0.861234
1.61963
0.861234
1.61963
0.861234
0.861234
0.861234
0.861234
0.861234
0.861234
0.861234
0.861234
0.861234
1.61932
1.61963
1.61963
1.61963
1.61963
1.61963
1.61963
1.61963
1.61963
1.61963
1.61963
1.61963
1.61963
1.61963
1.61963
1.61963
1.61963
1.61963
1.62142
1.61963
1.61963
1.61963
1.61963
1.61963
1.61963
1.61963
1.61963
1.6211
1.62141
1.62141
1.62141
1.62141
1.62141
1.62141
1.62141
1.62141
1.62141
1.62141
1.62141
1.62141
1.62141
1.62141
1.62141
1.62142
1.62142
1.62141
1.62171
1.62141
1.62141
1.62141
1.62141
1.62141
1.62141
1.62141
1.62138
1.62169
1.62169
1.62169
1.62169
1.62169
1.62169
1.62169
1.62169
1.62169
1.62169
1.62169
1.62169
1.62169
1.62169
1.62169
1.62169
1.62171
1.62171
1.62169
1.63352
1.62169
1.62169
1.62169
1.62169
1.62169
1.62169
1.63334
1.63351
1.63351
1.63351
1.63351
1.63351
1.63351
1.63351
1.63351
1.63351
1.63351
1.63351
1.63351
1.63351
1.63351
1.63351
1.63351
1.63351
1.63352
1.63352
1.63351
1.63351
1.63351
1.63351
1.63351
1.63351
)
;
    }
    procBoundary0to3
    {
        type            processor;
        value           nonuniform List<scalar> 
101
(
0.861241
0.861239
0.861239
0.861239
0.861239
0.861239
0.861239
0.861239
0.861239
0.861239
0.861239
0.861239
0.861241
0.861241
0.861223
0.861236
0.861241
0.861234
0.861241
0.861239
0.861239
1.61971
1.61969
1.61969
1.61969
1.61969
1.61969
1.61969
1.61969
1.6197
1.61971
1.61971
1.61953
1.61969
1.61968
1.61968
1.61965
1.61971
1.61963
1.61971
1.61969
1.62149
1.62147
1.62147
1.62147
1.62147
1.62147
1.62148
1.62149
1.62149
1.62131
1.62147
1.62147
1.62147
1.62147
1.62146
1.62143
1.62149
1.62141
1.62149
1.62147
1.62147
1.62177
1.62175
1.62175
1.62176
1.62178
1.62178
1.6216
1.62175
1.62175
1.62175
1.62175
1.62175
1.62175
1.62175
1.62174
1.62172
1.62177
1.62169
1.62177
1.62175
1.62175
1.63356
1.63356
1.63356
1.63346
1.63355
1.63355
1.63355
1.63355
1.63355
1.63355
1.63355
1.63355
1.63354
1.63354
1.63354
1.63353
1.63356
1.63351
)
;
    }
}


// ************************************************************************* //
