/*--------------------------------*- C++ -*----------------------------------*\
  =========                 |
  \\      /  F ield         | OpenFOAM: The Open Source CFD Toolbox
   \\    /   O peration     | Website:  https://openfoam.org
    \\  /    A nd           | Version:  10
     \\/     M anipulation  |
\*---------------------------------------------------------------------------*/
FoamFile
{
    format      ascii;
    class       volScalarField;
    location    "20";
    object      p;
}
// * * * * * * * * * * * * * * * * * * * * * * * * * * * * * * * * * * * * * //

dimensions      [0 2 -2 0 0 0 0];

internalField   nonuniform List<scalar> 
2083
(
3.96126e-08
3.0142e-07
3.93385e-07
3.49555e-07
1.75558e-07
-1.3294e-07
-5.78625e-07
-1.15359e-06
-1.85449e-06
-2.65472e-06
-3.52722e-06
-4.43878e-06
-5.35358e-06
-6.25939e-06
-7.13032e-06
-7.95481e-06
2.77474e-08
2.77138e-07
3.70091e-07
3.24648e-07
1.41709e-07
-1.77129e-07
-6.30389e-07
-1.21e-06
-1.90169e-06
-2.68539e-06
-3.52757e-06
-4.39779e-06
-5.27366e-06
-6.13669e-06
-6.979e-06
-7.77591e-06
2.30337e-08
2.67254e-07
3.58703e-07
3.081e-07
1.17689e-07
-2.10373e-07
-6.68196e-07
-1.24395e-06
-1.91552e-06
-2.66153e-06
-3.44649e-06
-4.24667e-06
-5.05285e-06
-5.85297e-06
-6.64275e-06
-7.39378e-06
2.64357e-08
2.69937e-07
3.56404e-07
2.99714e-07
1.08289e-07
-2.17506e-07
-6.66215e-07
-1.21776e-06
-1.84909e-06
-2.53085e-06
-3.23355e-06
-3.94568e-06
-4.66347e-06
-5.38988e-06
-6.10583e-06
-6.79669e-06
2.42633e-08
2.62487e-07
3.44601e-07
2.87778e-07
1.01558e-07
-2.07946e-07
-6.27692e-07
-1.13338e-06
-1.69917e-06
-2.29377e-06
-2.89896e-06
-3.50942e-06
-4.13181e-06
-4.76515e-06
-5.39421e-06
-6.00977e-06
2.03076e-08
2.47502e-07
3.27937e-07
2.79911e-07
1.11907e-07
-1.65249e-07
-5.34309e-07
-9.72021e-07
-1.44634e-06
-1.93474e-06
-2.42465e-06
-2.92256e-06
-3.43717e-06
-3.96259e-06
-4.49905e-06
-5.02715e-06
1.29996e-08
2.28011e-07
3.13381e-07
2.84207e-07
1.50851e-07
-7.4775e-08
-3.71479e-07
-7.1657e-07
-1.07768e-06
-1.44373e-06
-1.80811e-06
-2.18559e-06
-2.58026e-06
-2.99487e-06
-3.43284e-06
-3.87322e-06
7.33573e-09
2.15922e-07
3.14507e-07
3.17782e-07
2.34606e-07
8.17182e-08
-1.22741e-07
-3.49266e-07
-5.82048e-07
-8.10012e-07
-1.04489e-06
-1.29455e-06
-1.56541e-06
-1.87094e-06
-2.20447e-06
-2.56012e-06
6.62101e-09
2.15468e-07
3.36515e-07
3.85883e-07
3.69131e-07
3.06118e-07
2.14126e-07
1.22534e-07
3.14662e-08
-5.29083e-08
-1.49444e-07
-2.6388e-07
-4.11187e-07
-6.02955e-07
-8.35438e-07
-1.10874e-06
1.63088e-08
2.36239e-07
3.93167e-07
4.97647e-07
5.63349e-07
6.02184e-07
6.42062e-07
6.89835e-07
7.51607e-07
8.11462e-07
8.61383e-07
8.86167e-07
8.65138e-07
7.91262e-07
6.51439e-07
4.592e-07
3.17668e-08
2.75924e-07
4.81347e-07
6.51611e-07
8.08848e-07
9.63466e-07
1.14158e-06
1.33488e-06
1.54743e-06
1.75467e-06
1.95129e-06
2.11481e-06
2.22075e-06
2.25685e-06
2.20805e-06
2.0856e-06
5.61187e-08
3.38636e-07
6.05457e-07
8.55139e-07
1.10903e-06
1.39365e-06
1.70568e-06
2.04982e-06
2.40471e-06
2.75986e-06
3.09729e-06
3.39068e-06
3.61897e-06
3.75483e-06
3.79485e-06
3.7343e-06
8.73169e-08
4.20468e-07
7.6024e-07
1.10069e-06
1.46289e-06
1.87682e-06
2.32568e-06
2.81097e-06
3.30276e-06
3.79352e-06
4.259e-06
4.67329e-06
5.01057e-06
5.24432e-06
5.36745e-06
5.37015e-06
1.29101e-07
5.28258e-07
9.49504e-07
1.39538e-06
1.87972e-06
2.41899e-06
3.0083e-06
3.61972e-06
4.24044e-06
4.84963e-06
5.42508e-06
5.94443e-06
6.37657e-06
6.7043e-06
6.90509e-06
6.97722e-06
1.74096e-07
6.56219e-07
1.17334e-06
1.73861e-06
2.35559e-06
3.02991e-06
3.75045e-06
4.48136e-06
5.21335e-06
5.92234e-06
6.59057e-06
7.19411e-06
7.7081e-06
8.11411e-06
8.38964e-06
8.52925e-06
8.53145e-06
2.27845e-07
8.04974e-07
1.44301e-06
2.14209e-06
2.90723e-06
3.72997e-06
4.57312e-06
5.42101e-06
6.2503e-06
7.04568e-06
7.78929e-06
8.4594e-06
9.03912e-06
9.50493e-06
9.84849e-06
1.00588e-05
1.01284e-05
2.90109e-07
9.76791e-07
1.75655e-06
2.61422e-06
3.54593e-06
4.51902e-06
5.49157e-06
6.45203e-06
7.37554e-06
8.25143e-06
9.06123e-06
9.78886e-06
1.04196e-05
1.09388e-05
1.1339e-05
1.16103e-05
1.17448e-05
3.59485e-07
1.1833e-06
2.12394e-06
3.16822e-06
4.27953e-06
5.40337e-06
6.51792e-06
7.59534e-06
8.62169e-06
9.58053e-06
1.04599e-05
1.12462e-05
1.19258e-05
1.24933e-05
1.29415e-05
1.32718e-05
1.34712e-05
4.34631e-07
1.41214e-06
2.53889e-06
3.77902e-06
5.07274e-06
6.36225e-06
7.62772e-06
8.83684e-06
9.97817e-06
1.10329e-05
1.19938e-05
1.28465e-05
1.35831e-05
1.42032e-05
1.47031e-05
1.50826e-05
1.53337e-05
5.10645e-07
1.64559e-06
2.97801e-06
4.40734e-06
5.88196e-06
7.35265e-06
8.77449e-06
1.01302e-05
1.13962e-05
1.25617e-05
1.36157e-05
1.45474e-05
1.53524e-05
1.6027e-05
1.65808e-05
1.7012e-05
1.73096e-05
5.83683e-07
1.88153e-06
3.41285e-06
5.03717e-06
6.69394e-06
8.33505e-06
9.91639e-06
1.14182e-05
1.28163e-05
1.40997e-05
1.52572e-05
1.62767e-05
1.71576e-05
1.7903e-05
1.85142e-05
1.89919e-05
1.93339e-05
6.80061e-07
2.14193e-06
3.85256e-06
5.66821e-06
7.49587e-06
9.2869e-06
1.10164e-05
1.26558e-05
1.41869e-05
1.55876e-05
1.68491e-05
1.79576e-05
1.89228e-05
1.97358e-05
2.04046e-05
2.09327e-05
2.13079e-05
7.7841e-07
2.36558e-06
4.21193e-06
6.17055e-06
8.13291e-06
1.00671e-05
1.1932e-05
1.3698e-05
1.53439e-05
1.68465e-05
1.81981e-05
1.93899e-05
2.04181e-05
2.1295e-05
2.20058e-05
2.25547e-05
2.29508e-05
7.87027e-07
2.39936e-06
4.2578e-06
6.26121e-06
8.30852e-06
1.03478e-05
1.23326e-05
1.421e-05
1.59515e-05
1.75374e-05
1.89551e-05
2.01958e-05
2.12629e-05
2.21552e-05
2.28692e-05
2.34156e-05
2.38138e-05
6.72405e-07
2.16585e-06
3.9246e-06
5.88963e-06
7.99237e-06
1.00983e-05
1.21776e-05
1.41501e-05
1.59731e-05
1.76102e-05
1.90569e-05
2.03095e-05
2.13828e-05
2.22574e-05
2.29538e-05
2.34922e-05
2.39009e-05
5.68452e-07
1.91435e-06
3.55049e-06
1.41851e-07
4.75936e-07
5.75867e-07
5.51116e-07
3.97176e-07
1.14524e-07
-2.98601e-07
-8.3814e-07
-1.49523e-06
-2.2509e-06
-3.07686e-06
-3.94622e-06
-4.82996e-06
-5.70676e-06
-6.55957e-06
-7.37235e-06
1.35109e-07
4.63538e-07
5.62956e-07
5.36175e-07
3.78733e-07
9.03691e-08
-3.26693e-07
-8.66376e-07
-1.5168e-06
-2.2569e-06
-3.05815e-06
-3.89511e-06
-4.74539e-06
-5.59004e-06
-6.41442e-06
-7.20317e-06
1.29389e-07
4.53055e-07
5.5188e-07
5.22782e-07
3.61192e-07
6.85688e-08
-3.4917e-07
-8.81617e-07
-1.513e-06
-2.21996e-06
-2.97421e-06
-3.75495e-06
-4.54639e-06
-5.33588e-06
-6.11125e-06
-6.85705e-06
1.30306e-07
4.51702e-07
5.51375e-07
5.22492e-07
3.62714e-07
7.55757e-08
-3.29617e-07
-8.3847e-07
-1.43107e-06
-2.0833e-06
-2.76847e-06
-3.47188e-06
-4.18472e-06
-4.90084e-06
-5.61007e-06
-6.29627e-06
1.25435e-07
4.40142e-07
5.4149e-07
5.17722e-07
3.68528e-07
1.00436e-07
-2.75462e-07
-7.41415e-07
-1.27421e-06
-1.85009e-06
-2.44719e-06
-3.05712e-06
-3.67675e-06
-4.3062e-06
-4.93576e-06
-5.54984e-06
1.17396e-07
4.22146e-07
5.27848e-07
5.17242e-07
3.9087e-07
1.57531e-07
-1.7013e-07
-5.7128e-07
-1.02275e-06
-1.50197e-06
-1.99389e-06
-2.49666e-06
-3.01339e-06
-3.54561e-06
-4.08543e-06
-4.62051e-06
1.07163e-07
4.01236e-07
5.17192e-07
5.30024e-07
4.40739e-07
2.5868e-07
-9.03365e-10
-3.16033e-07
-6.65082e-07
-1.03011e-06
-1.40342e-06
-1.79074e-06
-2.19671e-06
-2.62491e-06
-3.07149e-06
-3.52439e-06
1.00818e-07
3.89095e-07
5.24941e-07
5.7323e-07
5.35379e-07
4.21511e-07
2.49189e-07
3.94822e-08
-1.88649e-07
-4.24925e-07
-6.71187e-07
-9.35664e-07
-1.22531e-06
-1.54779e-06
-1.90043e-06
-2.27093e-06
9.71392e-08
3.87093e-07
5.5335e-07
6.48723e-07
6.75354e-07
6.4494e-07
5.75988e-07
4.87595e-07
3.92795e-07
2.93919e-07
1.80516e-07
4.42325e-08
-1.27076e-07
-3.42783e-07
-6.0162e-07
-8.92255e-07
1.01452e-07
4.04812e-07
6.12258e-07
7.65674e-07
8.68503e-07
9.34604e-07
9.81776e-07
1.02585e-06
1.07202e-06
1.11285e-06
1.13754e-06
1.1302e-06
1.07865e-06
9.70279e-07
8.04434e-07
5.88977e-07
1.11298e-07
4.38795e-07
6.98202e-07
9.18996e-07
1.10792e-06
1.28042e-06
1.45248e-06
1.63384e-06
1.82173e-06
2.00233e-06
2.16332e-06
2.2845e-06
2.35131e-06
2.34831e-06
2.27185e-06
2.12743e-06
1.31865e-07
4.96637e-07
8.19574e-07
1.11672e-06
1.40114e-06
1.68751e-06
1.98878e-06
2.30773e-06
2.63333e-06
2.95109e-06
3.24104e-06
3.48557e-06
3.66547e-06
3.76403e-06
3.77363e-06
3.69826e-06
1.57228e-07
5.72205e-07
9.67025e-07
1.35135e-06
1.73904e-06
2.14436e-06
2.57471e-06
3.02547e-06
3.48076e-06
3.92252e-06
4.33177e-06
4.68869e-06
4.97351e-06
5.16845e-06
5.26302e-06
5.25607e-06
1.92705e-07
6.74007e-07
1.15181e-06
1.63652e-06
2.13636e-06
2.66525e-06
3.22261e-06
3.79569e-06
4.36807e-06
4.91915e-06
5.43153e-06
5.88605e-06
6.26447e-06
6.54807e-06
6.72543e-06
6.7885e-06
2.36961e-07
7.97496e-07
1.37512e-06
1.97285e-06
2.59819e-06
3.25484e-06
3.9355e-06
4.62269e-06
5.29667e-06
5.94085e-06
6.53842e-06
7.07324e-06
7.52816e-06
7.88779e-06
8.14203e-06
8.27923e-06
2.90786e-07
9.48e-07
1.64599e-06
2.37509e-06
3.14105e-06
3.93207e-06
4.73445e-06
5.52666e-06
6.29283e-06
7.0169e-06
7.685e-06
8.2826e-06
8.79536e-06
9.21386e-06
9.52705e-06
9.73205e-06
3.49463e-07
1.12651e-06
1.96152e-06
2.84591e-06
3.76383e-06
4.69606e-06
5.62223e-06
6.51974e-06
7.3756e-06
8.17492e-06
8.90711e-06
9.55826e-06
1.01176e-05
1.05768e-05
1.09354e-05
1.12039e-05
1.13835e-05
4.24407e-07
1.34174e-06
2.34057e-06
3.39756e-06
4.47977e-06
5.56294e-06
6.62092e-06
7.634e-06
8.58819e-06
9.47207e-06
1.02764e-05
1.09892e-05
1.16022e-05
1.21092e-05
1.25172e-05
1.28462e-05
1.30919e-05
5.06124e-07
1.58045e-06
2.76172e-06
3.99883e-06
5.25713e-06
6.50013e-06
7.70311e-06
8.84707e-06
9.91654e-06
1.09028e-05
1.17976e-05
1.25918e-05
1.32784e-05
1.3853e-05
1.43183e-05
1.46966e-05
1.49861e-05
5.8537e-07
1.8177e-06
3.18617e-06
4.61118e-06
6.0496e-06
7.46214e-06
8.82094e-06
1.01089e-05
1.13102e-05
1.2416e-05
1.34211e-05
1.43155e-05
1.50925e-05
1.57483e-05
1.62917e-05
1.67149e-05
1.70186e-05
6.52566e-07
2.0349e-06
3.58705e-06
5.20379e-06
6.82252e-06
8.40629e-06
9.928e-06
1.13669e-05
1.27093e-05
1.39473e-05
1.50743e-05
1.60816e-05
1.69623e-05
1.77141e-05
1.8329e-05
1.88093e-05
1.91319e-05
7.32418e-07
2.26905e-06
3.99878e-06
5.79212e-06
7.58085e-06
9.33137e-06
1.10101e-05
1.25993e-05
1.40832e-05
1.54522e-05
1.67028e-05
1.78233e-05
1.88098e-05
1.96592e-05
2.03559e-05
2.0882e-05
2.12225e-05
8.2623e-07
2.49816e-06
4.36021e-06
6.28644e-06
8.21219e-06
1.01022e-05
1.19217e-05
1.3644e-05
1.52541e-05
1.67418e-05
1.80988e-05
1.93193e-05
2.03999e-05
2.13204e-05
2.20699e-05
2.26259e-05
2.3013e-05
8.64442e-07
2.59026e-06
4.49336e-06
6.46394e-06
8.4597e-06
1.04415e-05
1.23568e-05
1.41855e-05
1.58963e-05
1.74732e-05
1.89081e-05
2.01909e-05
2.1319e-05
2.22726e-05
2.30324e-05
2.36155e-05
2.40415e-05
8.08046e-07
2.48327e-06
4.31595e-06
6.26313e-06
8.28405e-06
1.03029e-05
1.22907e-05
1.42032e-05
1.5986e-05
1.7612e-05
1.90788e-05
2.03799e-05
2.15068e-05
2.24532e-05
2.32169e-05
2.38133e-05
2.42585e-05
7.48056e-07
2.33662e-06
4.08942e-06
6.01362e-06
8.05555e-06
1.01287e-05
2.04817e-07
6.20771e-07
7.86086e-07
8.03875e-07
6.85216e-07
4.36222e-07
6.36264e-08
-4.26232e-07
-1.02296e-06
-1.71217e-06
-2.46951e-06
-3.2748e-06
-4.10522e-06
-4.93824e-06
-5.75716e-06
-6.55021e-06
1.96536e-07
6.04981e-07
7.68691e-07
7.86099e-07
6.66012e-07
4.16212e-07
4.41467e-08
-4.42982e-07
-1.0325e-06
-1.70801e-06
-2.44644e-06
-3.22911e-06
-4.03464e-06
-4.84284e-06
-5.63795e-06
-6.41185e-06
1.91924e-07
5.94946e-07
7.5848e-07
7.77506e-07
6.58766e-07
4.12383e-07
4.69364e-08
-4.28003e-07
-9.98038e-07
-1.64475e-06
-2.34614e-06
-3.08582e-06
-3.84473e-06
-4.60709e-06
-5.36076e-06
-6.0963e-06
1.91679e-07
5.91357e-07
7.58261e-07
7.82709e-07
6.72564e-07
4.39129e-07
9.21989e-08
-3.56257e-07
-8.89491e-07
-1.48894e-06
-2.13434e-06
-2.81094e-06
-3.50303e-06
-4.2018e-06
-4.89747e-06
-5.57895e-06
1.87359e-07
5.81301e-07
7.54076e-07
7.89465e-07
6.96895e-07
4.88119e-07
1.73885e-07
-2.31525e-07
-7.10216e-07
-1.24414e-06
-1.81597e-06
-2.41202e-06
-3.02242e-06
-3.6443e-06
-4.2692e-06
-4.88599e-06
1.80797e-07
5.67824e-07
7.50083e-07
8.04242e-07
7.39867e-07
5.68771e-07
3.02795e-07
-4.18028e-08
-4.47985e-07
-8.99649e-07
-1.38059e-06
-1.88131e-06
-2.39912e-06
-2.93434e-06
-3.47916e-06
-4.02484e-06
1.74248e-07
5.56101e-07
7.54605e-07
8.3709e-07
8.12574e-07
6.9302e-07
4.91389e-07
2.2454e-07
-9.23628e-08
-4.44776e-07
-8.19647e-07
-1.21497e-06
-1.63251e-06
-2.07491e-06
-2.53572e-06
-3.00685e-06
1.72027e-07
5.54382e-07
7.78657e-07
8.99229e-07
9.26719e-07
8.72199e-07
7.50271e-07
5.76068e-07
3.63453e-07
1.25117e-07
-1.33139e-07
-4.16086e-07
-7.28727e-07
-1.07496e-06
-1.45043e-06
-1.84581e-06
1.73519e-07
5.65447e-07
8.2549e-07
9.94363e-07
1.08465e-06
1.1075e-06
1.07751e-06
1.0077e-06
9.12321e-07
7.98042e-07
6.61745e-07
4.94042e-07
2.8819e-07
3.90589e-08
-2.50911e-07
-5.71388e-07
1.82078e-07
5.94912e-07
8.99793e-07
1.12704e-06
1.28927e-06
1.39956e-06
1.4704e-06
1.51574e-06
1.54531e-06
1.55821e-06
1.54462e-06
1.49166e-06
1.39335e-06
1.24156e-06
1.039e-06
7.9083e-07
1.96597e-07
6.41775e-07
1.00065e-06
1.29424e-06
1.53688e-06
1.74133e-06
1.91981e-06
2.08625e-06
2.24253e-06
2.3806e-06
2.48654e-06
2.54631e-06
2.55517e-06
2.50057e-06
2.38327e-06
2.20697e-06
2.20482e-07
7.10541e-07
1.1324e-06
1.5002e-06
1.82994e-06
2.13372e-06
2.42551e-06
2.71307e-06
2.99184e-06
3.24863e-06
3.46743e-06
3.63852e-06
3.74997e-06
3.79125e-06
3.7585e-06
3.6549e-06
2.50396e-07
7.9837e-07
1.29217e-06
1.7434e-06
2.16625e-06
2.57495e-06
2.98077e-06
3.38481e-06
3.77727e-06
4.14351e-06
4.46735e-06
4.7401e-06
4.94857e-06
5.08223e-06
5.13458e-06
5.10578e-06
2.90946e-07
9.12018e-07
1.49076e-06
2.03544e-06
2.55995e-06
3.07804e-06
3.59648e-06
4.10953e-06
4.60457e-06
5.06646e-06
5.48496e-06
5.84673e-06
6.14254e-06
6.36221e-06
6.50065e-06
6.54686e-06
3.39805e-07
1.05036e-06
1.72948e-06
2.3809e-06
3.01807e-06
3.64991e-06
4.27779e-06
4.89147e-06
5.47794e-06
6.02376e-06
6.52003e-06
6.95503e-06
7.32189e-06
7.61526e-06
7.82497e-06
7.94373e-06
3.98389e-07
1.22028e-06
2.0154e-06
2.79186e-06
3.55307e-06
4.30486e-06
5.04035e-06
5.7489e-06
6.41779e-06
7.03834e-06
7.59911e-06
8.09185e-06
8.51176e-06
8.8534e-06
9.11404e-06
9.30275e-06
4.66536e-07
1.42079e-06
2.35264e-06
3.27051e-06
4.16825e-06
5.04545e-06
5.8917e-06
6.69674e-06
7.44912e-06
8.14046e-06
8.76215e-06
9.3067e-06
9.76843e-06
1.01443e-05
1.04486e-05
1.07044e-05
5.53133e-07
1.65751e-06
2.74825e-06
3.8207e-06
4.86902e-06
5.88077e-06
6.84856e-06
7.76052e-06
8.60789e-06
9.38236e-06
1.00788e-05
1.06894e-05
1.12089e-05
1.16375e-05
1.19884e-05
1.23036e-05
1.26044e-05
6.49754e-07
1.90996e-06
3.16963e-06
4.41248e-06
5.62053e-06
6.78002e-06
7.88291e-06
8.91911e-06
9.8805e-06
1.07616e-05
1.15587e-05
1.22651e-05
1.28748e-05
1.33809e-05
1.37995e-05
1.41672e-05
1.44795e-05
7.31184e-07
2.14975e-06
3.58274e-06
5.0016e-06
6.37406e-06
7.69244e-06
8.94293e-06
1.01198e-05
1.12161e-05
1.22287e-05
1.3154e-05
1.39855e-05
1.4715e-05
1.53337e-05
1.58374e-05
1.62519e-05
1.65675e-05
7.98754e-07
2.36819e-06
3.98154e-06
5.57172e-06
7.1121e-06
8.59243e-06
1.00013e-05
1.13327e-05
1.25814e-05
1.37435e-05
1.4818e-05
1.57973e-05
1.66662e-05
1.74173e-05
1.80341e-05
1.84984e-05
1.87907e-05
8.75309e-07
2.59381e-06
4.37838e-06
6.12813e-06
7.82788e-06
9.46433e-06
1.10317e-05
1.25201e-05
1.3923e-05
1.5238e-05
1.64632e-05
1.75886e-05
1.85983e-05
1.94778e-05
2.01992e-05
2.07119e-05
2.10278e-05
9.66149e-07
2.82369e-06
4.74429e-06
6.62031e-06
8.44805e-06
1.02179e-05
1.19213e-05
1.3546e-05
1.50848e-05
1.65323e-05
1.7886e-05
1.91307e-05
2.02561e-05
2.12297e-05
2.20224e-05
2.26018e-05
2.29822e-05
1.02437e-06
2.97705e-06
4.95642e-06
6.89388e-06
8.79341e-06
1.06445e-05
1.24362e-05
1.41507e-05
1.5783e-05
1.73238e-05
1.87628e-05
2.00836e-05
2.12689e-05
2.22916e-05
2.31161e-05
2.37579e-05
2.42152e-05
1.02077e-06
2.99133e-06
4.96044e-06
6.89994e-06
8.82e-06
1.07058e-05
1.25352e-05
1.43051e-05
1.59927e-05
1.75802e-05
1.90486e-05
2.03949e-05
2.15878e-05
2.26073e-05
2.34553e-05
2.41249e-05
2.46396e-05
1.01273e-06
2.97496e-06
4.93309e-06
6.87083e-06
8.80566e-06
1.07211e-05
1.25986e-05
1.44246e-05
2.32142e-07
7.00626e-07
9.28719e-07
9.89658e-07
9.04613e-07
6.86903e-07
3.49744e-07
-9.80672e-08
-6.44253e-07
-1.27488e-06
-1.97029e-06
-2.71489e-06
-3.49067e-06
-4.27878e-06
-5.06581e-06
-5.84379e-06
2.2325e-07
6.83053e-07
9.09374e-07
9.71419e-07
8.86952e-07
6.71982e-07
3.3862e-07
-1.03513e-07
-6.41462e-07
-1.26031e-06
-1.94112e-06
-2.66864e-06
-3.42571e-06
-4.19478e-06
-4.963e-06
-5.7241e-06
2.19391e-07
6.73597e-07
9.00541e-07
9.6628e-07
8.87823e-07
6.81808e-07
3.60463e-07
-6.57151e-08
-5.83021e-07
-1.17612e-06
-1.82658e-06
-2.51992e-06
-3.23992e-06
-3.97228e-06
-4.70531e-06
-5.43239e-06
2.18906e-07
6.703e-07
9.02117e-07
9.7697e-07
9.12344e-07
7.2497e-07
4.26941e-07
3.01883e-08
-4.51287e-07
-1.00217e-06
-1.6051e-06
-2.24637e-06
-2.91162e-06
-3.59032e-06
-4.27261e-06
-4.95157e-06
2.16925e-07
6.65087e-07
9.05679e-07
9.95994e-07
9.54061e-07
7.95828e-07
5.33696e-07
1.8052e-07
-2.49842e-07
-7.42625e-07
-1.28172e-06
-1.85543e-06
-2.45158e-06
-3.06281e-06
-3.68213e-06
-4.3027e-06
2.13514e-07
6.58881e-07
9.13126e-07
1.02655e-06
1.01682e-06
8.98985e-07
6.85841e-07
3.90422e-07
2.60854e-08
-3.93549e-07
-8.54254e-07
-1.34671e-06
-1.86051e-06
-2.3945e-06
-2.94268e-06
-3.49844e-06
2.13049e-07
6.60108e-07
9.35412e-07
1.08074e-06
1.1134e-06
1.04786e-06
8.96639e-07
6.72745e-07
3.88533e-07
5.59524e-08
-3.13373e-07
-7.10927e-07
-1.13457e-06
-1.58545e-06
-2.05755e-06
-2.54501e-06
2.15925e-07
6.71588e-07
9.76432e-07
1.16265e-06
1.24785e-06
1.2454e-06
1.16786e-06
1.02735e-06
8.3529e-07
6.01732e-07
3.36165e-07
3.96121e-08
-2.89504e-07
-6.52698e-07
-1.04628e-06
-1.46424e-06
2.25831e-07
7.00419e-07
1.0441e-06
1.28063e-06
1.42774e-06
1.49793e-06
1.50371e-06
1.45646e-06
1.3664e-06
1.24115e-06
1.08605e-06
8.92501e-07
6.61174e-07
3.87042e-07
7.27894e-08
-2.75217e-07
2.41543e-07
7.4579e-07
1.13679e-06
1.43201e-06
1.64849e-06
1.79861e-06
1.89456e-06
1.94733e-06
1.96529e-06
1.95379e-06
1.90657e-06
1.81841e-06
1.68549e-06
1.50078e-06
1.26685e-06
9.88825e-07
2.65898e-07
8.12878e-07
1.25909e-06
1.62064e-06
1.9128e-06
2.14822e-06
2.33914e-06
2.49591e-06
2.62487e-06
2.72463e-06
2.78375e-06
2.79881e-06
2.76266e-06
2.66733e-06
2.51401e-06
2.307e-06
2.96633e-07
8.97374e-07
1.40824e-06
1.84276e-06
2.21548e-06
2.53972e-06
2.82815e-06
3.08947e-06
3.32599e-06
3.52882e-06
3.6918e-06
3.80583e-06
3.86344e-06
3.85665e-06
3.78503e-06
3.65085e-06
3.36163e-07
1.00568e-06
1.59251e-06
2.10631e-06
2.56445e-06
2.98075e-06
3.36771e-06
3.73073e-06
4.06652e-06
4.36766e-06
4.62557e-06
4.83126e-06
4.9778e-06
5.05785e-06
5.06856e-06
5.01044e-06
3.84741e-07
1.14037e-06
1.81399e-06
2.41603e-06
2.96491e-06
3.47699e-06
3.9617e-06
4.42096e-06
4.84782e-06
5.23709e-06
5.5791e-06
5.86617e-06
6.09357e-06
6.25457e-06
6.34691e-06
6.36739e-06
4.46056e-07
1.3081e-06
2.08358e-06
2.78663e-06
3.4347e-06
4.04673e-06
4.62792e-06
5.17618e-06
5.68762e-06
6.15395e-06
6.56752e-06
6.92286e-06
7.21736e-06
7.44845e-06
7.61461e-06
7.71021e-06
5.19489e-07
1.51083e-06
2.40508e-06
3.22221e-06
3.98165e-06
4.69763e-06
5.3748e-06
6.01088e-06
6.60005e-06
7.13511e-06
7.61007e-06
8.0207e-06
8.36745e-06
8.65158e-06
8.8751e-06
9.04697e-06
6.10392e-07
1.75313e-06
2.78264e-06
3.72886e-06
4.61159e-06
5.44015e-06
6.21753e-06
6.943e-06
7.61014e-06
8.21266e-06
8.74645e-06
9.20789e-06
9.59811e-06
9.92017e-06
1.01934e-05
1.04365e-05
7.05602e-07
2.00736e-06
3.18681e-06
4.28066e-06
5.29562e-06
6.24683e-06
7.13433e-06
7.95741e-06
8.71116e-06
9.39171e-06
9.99613e-06
1.05203e-05
1.09623e-05
1.13295e-05
1.16434e-05
1.19381e-05
7.99301e-07
2.26118e-06
3.60271e-06
4.85317e-06
6.01341e-06
7.09752e-06
8.10738e-06
9.04384e-06
9.90459e-06
1.06879e-05
1.13927e-05
1.20138e-05
1.2544e-05
1.29817e-05
1.33429e-05
1.37065e-05
1.40594e-05
8.83197e-07
2.50091e-06
4.01573e-06
5.42498e-06
6.7397e-06
7.96675e-06
9.11564e-06
1.01872e-05
1.11831e-05
1.21045e-05
1.29508e-05
1.37136e-05
1.43816e-05
1.4938e-05
1.54037e-05
1.58158e-05
1.61529e-05
9.61631e-07
2.73959e-06
4.42407e-06
5.99504e-06
7.4634e-06
8.84231e-06
1.01421e-05
1.13675e-05
1.25217e-05
1.3608e-05
1.4626e-05
1.55631e-05
1.64052e-05
1.71317e-05
1.77335e-05
1.81661e-05
1.84699e-05
1.04305e-06
2.96251e-06
4.81495e-06
6.53668e-06
8.14808e-06
9.67205e-06
1.11196e-05
1.24985e-05
1.38131e-05
1.50651e-05
1.6253e-05
1.73615e-05
1.83734e-05
1.92635e-05
1.99885e-05
2.05019e-05
2.08009e-05
1.13398e-06
3.20451e-06
5.19122e-06
7.0339e-06
8.76443e-06
1.04084e-05
1.19812e-05
1.34906e-05
1.4941e-05
1.63312e-05
1.76587e-05
1.89049e-05
2.00492e-05
2.10588e-05
2.1877e-05
2.24771e-05
2.28673e-05
1.20421e-06
3.38796e-06
5.4564e-06
7.3705e-06
9.17392e-06
1.08942e-05
1.25471e-05
1.41397e-05
1.5674e-05
1.71482e-05
1.85561e-05
1.98817e-05
2.10984e-05
2.21598e-05
2.30325e-05
2.37114e-05
2.42045e-05
1.23712e-06
3.49216e-06
5.5856e-06
7.52916e-06
9.36503e-06
1.11222e-05
1.28159e-05
1.44467e-05
1.60151e-05
1.75201e-05
1.89537e-05
2.02965e-05
2.15218e-05
2.25891e-05
2.34894e-05
2.42252e-05
2.47928e-05
1.27869e-06
3.59169e-06
5.70749e-06
7.67179e-06
9.53467e-06
1.13211e-05
1.30434e-05
1.47043e-05
1.63e-05
1.78158e-05
1.92538e-05
2.42179e-07
7.35458e-07
1.00014e-06
1.09019e-06
1.026e-06
8.28103e-07
5.11783e-07
8.87457e-08
-4.28391e-07
-1.02536e-06
-1.68479e-06
-2.39337e-06
-3.13631e-06
-3.89848e-06
-4.6692e-06
-5.44044e-06
2.35318e-07
7.20804e-07
9.84006e-07
1.07538e-06
1.01416e-06
8.20807e-07
5.10388e-07
9.46218e-08
-4.13361e-07
-9.99582e-07
-1.6462e-06
-2.34059e-06
-3.06775e-06
-3.81373e-06
-4.56821e-06
-5.32366e-06
2.32007e-07
7.12117e-07
9.76303e-07
1.07252e-06
1.01964e-06
8.37912e-07
5.41969e-07
1.44092e-07
-3.42779e-07
-9.04619e-07
-1.52425e-06
-2.18889e-06
-2.88395e-06
-3.5978e-06
-4.32069e-06
-5.04489e-06
2.31987e-07
7.10111e-07
9.80275e-07
1.08754e-06
1.05112e-06
8.90704e-07
6.20551e-07
2.53412e-07
-1.98169e-07
-7.20237e-07
-1.2967e-06
-1.9148e-06
-2.5611e-06
-3.22679e-06
-3.90351e-06
-4.58336e-06
2.31305e-07
7.07877e-07
9.88324e-07
1.11316e-06
1.1017e-06
9.72529e-07
7.39879e-07
4.16233e-07
1.38478e-08
-4.53911e-07
-9.71984e-07
-1.52854e-06
-2.11192e-06
-2.71628e-06
-3.33467e-06
-3.95974e-06
2.2983e-07
7.06909e-07
1.0034e-06
1.15344e-06
1.17603e-06
1.08872e-06
9.05374e-07
6.37937e-07
2.98164e-07
-1.01378e-07
-5.47078e-07
-1.02872e-06
-1.53743e-06
-2.07038e-06
-2.62245e-06
-3.18652e-06
2.32953e-07
7.16139e-07
1.03586e-06
1.21944e-06
1.28564e-06
1.25085e-06
1.12813e-06
9.28927e-07
6.64342e-07
3.45794e-07
-1.51702e-08
-4.10698e-07
-8.3582e-07
-1.29043e-06
-1.77028e-06
-2.26903e-06
2.389e-07
7.35974e-07
1.08727e-06
1.31327e-06
1.43235e-06
1.45957e-06
1.4074e-06
1.28678e-06
1.10809e-06
8.81233e-07
6.15019e-07
3.12983e-07
-2.28624e-08
-3.94916e-07
-8.00214e-07
-1.2326e-06
2.5403e-07
7.76002e-07
1.16743e-06
1.44458e-06
1.62484e-06
1.72213e-06
1.74864e-06
1.71498e-06
1.63054e-06
1.50322e-06
1.3378e-06
1.13335e-06
8.89836e-07
6.02374e-07
2.73585e-07
-9.08062e-08
2.741e-07
8.30909e-07
1.2709e-06
1.60753e-06
1.85555e-06
2.02873e-06
2.13955e-06
2.19831e-06
2.21307e-06
2.18887e-06
2.12552e-06
2.01985e-06
1.86923e-06
1.66701e-06
1.41505e-06
1.11882e-06
3.04838e-07
9.08449e-07
1.40691e-06
1.8098e-06
2.13075e-06
2.38405e-06
2.58284e-06
2.73688e-06
2.85246e-06
2.9305e-06
2.96769e-06
2.95916e-06
2.90006e-06
2.78319e-06
2.60967e-06
2.3838e-06
3.39589e-07
1.00362e-06
1.56947e-06
2.04362e-06
2.44129e-06
2.77741e-06
3.06565e-06
3.3148e-06
3.52831e-06
3.70399e-06
3.83734e-06
3.92165e-06
3.95127e-06
3.91895e-06
3.82443e-06
3.67067e-06
3.86976e-07
1.12747e-06
1.77064e-06
2.32214e-06
2.80028e-06
3.22219e-06
3.60036e-06
3.94209e-06
4.24813e-06
4.51526e-06
4.73757e-06
4.90833e-06
5.02231e-06
5.07281e-06
5.05874e-06
4.98091e-06
4.42011e-07
1.27738e-06
2.0098e-06
2.64548e-06
3.20852e-06
3.71828e-06
4.18597e-06
4.61606e-06
5.00784e-06
5.35736e-06
5.65884e-06
5.90693e-06
6.09777e-06
6.22674e-06
6.29192e-06
6.29229e-06
5.14525e-07
1.46758e-06
2.30429e-06
3.03553e-06
3.69148e-06
4.29201e-06
4.8486e-06
5.3633e-06
5.83428e-06
6.25698e-06
6.62726e-06
6.94161e-06
7.19937e-06
7.39885e-06
7.54002e-06
7.62222e-06
6.00306e-07
1.6941e-06
2.65072e-06
3.49165e-06
4.24927e-06
4.94663e-06
5.59294e-06
6.19055e-06
6.73523e-06
7.22435e-06
7.65425e-06
8.02344e-06
8.3348e-06
8.59152e-06
8.80499e-06
8.96443e-06
7.03179e-07
1.95977e-06
3.04984e-06
4.01536e-06
4.88625e-06
5.68865e-06
6.42916e-06
7.11103e-06
7.72986e-06
8.28372e-06
8.76991e-06
9.18748e-06
9.54034e-06
9.84513e-06
1.01069e-05
1.03277e-05
8.02645e-07
2.22833e-06
3.4659e-06
4.5681e-06
5.56606e-06
6.48112e-06
7.3234e-06
8.09533e-06
8.79617e-06
9.4233e-06
9.97516e-06
1.04481e-05
1.08471e-05
1.11809e-05
1.14627e-05
1.17553e-05
8.91658e-07
2.48285e-06
3.88346e-06
5.13306e-06
6.26759e-06
7.30645e-06
8.26288e-06
9.14097e-06
9.94398e-06
1.06705e-05
1.13203e-05
1.18861e-05
1.23618e-05
1.27444e-05
1.30835e-05
1.34414e-05
9.80057e-07
2.73385e-06
4.29923e-06
5.70577e-06
6.9848e-06
8.16259e-06
9.2528e-06
1.02637e-05
1.12014e-05
1.20695e-05
1.28679e-05
1.35847e-05
1.42035e-05
1.47216e-05
1.51673e-05
1.55515e-05
1.59352e-05
1.07193e-06
2.97312e-06
4.70925e-06
6.27369e-06
7.70123e-06
9.02451e-06
1.0262e-05
1.14253e-05
1.25232e-05
1.35631e-05
1.4544e-05
1.54497e-05
1.62657e-05
1.69708e-05
1.7553e-05
1.79886e-05
1.82779e-05
1.14784e-06
3.20299e-06
5.09462e-06
6.80257e-06
8.36823e-06
9.82839e-06
1.1207e-05
1.25193e-05
1.37763e-05
1.4985e-05
1.61422e-05
1.72357e-05
1.8246e-05
1.91347e-05
1.9854e-05
2.03625e-05
2.06605e-05
1.23719e-06
3.43493e-06
5.46096e-06
7.28723e-06
8.9642e-06
1.05365e-05
1.20299e-05
1.34641e-05
1.48507e-05
1.61933e-05
1.74906e-05
1.87302e-05
1.98783e-05
2.08947e-05
2.17176e-05
2.23268e-05
2.27357e-05
1.30777e-06
3.62664e-06
5.73912e-06
7.64073e-06
9.38965e-06
1.10354e-05
1.26058e-05
1.41176e-05
1.55808e-05
1.7001e-05
1.83782e-05
1.96889e-05
2.09027e-05
2.19731e-05
2.28541e-05
2.35586e-05
2.40815e-05
1.36558e-06
3.78149e-06
5.94536e-06
7.88818e-06
9.67997e-06
1.13721e-05
1.29865e-05
1.45401e-05
1.60367e-05
1.74811e-05
1.88741e-05
2.01951e-05
2.14135e-05
2.24906e-05
2.34183e-05
2.41978e-05
2.47913e-05
1.43852e-06
3.95036e-06
6.15294e-06
8.12833e-06
9.95056e-06
1.16757e-05
1.33259e-05
1.49069e-05
1.64135e-05
1.78637e-05
1.92439e-05
2.05413e-05
2.17429e-05
2.2833e-05
)
;

boundaryField
{
    frontAndBack
    {
        type            slip;
    }
    inlet
    {
        type            zeroGradient;
    }
    outlet
    {
        type            fixedValue;
        value           uniform 0;
    }
    lowerWall
    {
        type            zeroGradient;
    }
    upperWall
    {
        type            slip;
    }
    procBoundary0to1
    {
        type            processor;
        value           nonuniform List<scalar> 
135
(
-8.71222e-06
-8.51233e-06
-8.09376e-06
-7.4407e-06
-6.58557e-06
-5.53373e-06
-4.30856e-06
-2.92206e-06
-1.40271e-06
2.19436e-07
1.89211e-06
3.58584e-06
5.26391e-06
6.9165e-06
6.9165e-06
8.40712e-06
8.29297e-06
1.00686e-05
9.81841e-06
1.17556e-05
1.35391e-05
1.54442e-05
1.74562e-05
1.95242e-05
2.15336e-05
2.31992e-05
2.40802e-05
2.4199e-05
-8.13198e-06
-7.94313e-06
-7.56028e-06
-6.94835e-06
-6.13911e-06
-5.14154e-06
-3.97528e-06
-2.65364e-06
-1.21047e-06
3.28746e-07
1.91997e-06
3.53933e-06
5.14642e-06
6.73802e-06
8.29297e-06
9.81841e-06
9.81841e-06
1.14687e-05
1.09292e-05
1.32546e-05
1.516e-05
1.71953e-05
1.93064e-05
2.14154e-05
2.32418e-05
2.43131e-05
2.45916e-05
-7.31685e-06
-7.15762e-06
-6.80647e-06
-6.24252e-06
-5.49216e-06
-4.56851e-06
-3.48566e-06
-2.26186e-06
-9.2492e-07
4.97449e-07
1.97314e-06
3.47855e-06
4.99157e-06
6.49528e-06
7.97005e-06
9.42511e-06
1.09292e-05
1.09292e-05
1.28384e-05
1.22398e-05
1.47246e-05
1.67835e-05
1.89673e-05
2.1187e-05
2.31843e-05
2.45033e-05
2.50013e-05
-6.61594e-06
-6.47573e-06
-6.15138e-06
-5.62664e-06
-4.92521e-06
-4.06328e-06
-3.04956e-06
-1.90875e-06
-6.59282e-07
6.64826e-07
2.04475e-06
3.45228e-06
4.88028e-06
6.30929e-06
7.73224e-06
9.16751e-06
1.06506e-05
1.22398e-05
1.22398e-05
1.43625e-05
1.38377e-05
1.642e-05
1.86693e-05
2.09549e-05
2.30823e-05
2.45208e-05
2.51887e-05
-6.21081e-06
-6.07567e-06
-5.76706e-06
-5.26414e-06
-4.5915e-06
-3.76286e-06
-2.78855e-06
-1.69302e-06
-4.92918e-07
7.77354e-07
2.10371e-06
3.45678e-06
4.83607e-06
6.2234e-06
7.63555e-06
9.05183e-06
1.05154e-05
1.2064e-05
1.38377e-05
1.38377e-05
1.62495e-05
1.84836e-05
2.08422e-05
2.2971e-05
2.44057e-05
2.52119e-05
)
;
    }
    procBoundary0to3
    {
        type            processor;
        value           nonuniform List<scalar> 
101
(
5.49619e-06
7.62335e-06
9.7891e-06
1.19542e-05
1.40406e-05
1.59293e-05
1.75964e-05
1.90479e-05
2.03104e-05
2.1381e-05
2.22581e-05
2.29705e-05
2.35389e-05
2.39872e-05
5.29726e-07
1.78585e-06
5.49619e-06
3.31601e-06
5.49619e-06
7.62335e-06
9.7891e-06
1.22072e-05
1.41798e-05
1.60143e-05
1.76763e-05
1.9156e-05
2.04559e-05
2.15784e-05
2.25229e-05
2.3303e-05
2.39255e-05
2.44311e-05
7.11143e-07
2.21701e-06
3.91549e-06
5.8136e-06
7.87157e-06
1.22072e-05
1.00445e-05
1.22072e-05
1.41798e-05
1.61621e-05
1.77622e-05
1.92401e-05
2.05715e-05
2.17545e-05
2.27734e-05
2.36325e-05
2.43518e-05
2.49289e-05
1.00005e-06
2.92593e-06
4.86206e-06
6.81079e-06
8.78724e-06
1.07707e-05
1.27299e-05
1.61621e-05
1.46232e-05
1.61621e-05
1.77622e-05
1.92401e-05
2.05883e-05
2.17853e-05
2.28471e-05
2.37687e-05
2.45617e-05
2.51985e-05
1.30853e-06
3.65009e-06
5.76201e-06
7.74263e-06
9.64109e-06
1.14721e-05
1.32534e-05
1.49693e-05
1.65977e-05
1.81352e-05
2.05883e-05
1.95699e-05
2.05883e-05
2.17853e-05
2.28471e-05
2.3806e-05
2.46078e-05
2.52862e-05
1.49782e-06
4.07118e-06
6.2832e-06
8.27315e-06
1.01235e-05
1.18861e-05
1.35807e-05
1.52e-05
1.6744e-05
1.82026e-05
1.95808e-05
2.08558e-05
2.2041e-05
2.3806e-05
2.31335e-05
)
;
    }
}


// ************************************************************************* //
