/*--------------------------------*- C++ -*----------------------------------*\
  =========                 |
  \\      /  F ield         | OpenFOAM: The Open Source CFD Toolbox
   \\    /   O peration     | Website:  https://openfoam.org
    \\  /    A nd           | Version:  10
     \\/     M anipulation  |
\*---------------------------------------------------------------------------*/
FoamFile
{
    format      ascii;
    class       surfaceScalarField;
    location    "20";
    object      phi;
}
// * * * * * * * * * * * * * * * * * * * * * * * * * * * * * * * * * * * * * //

dimensions      [0 3 -1 0 0 0 0];

internalField   nonuniform List<scalar> 
5609
(
-200
6.74e-07
-1.36705e-06
-200
1.31831e-06
-9.21694e-07
-200
1.52285e-06
-1.86607e-07
-200
1.72538e-06
3.0927e-07
-200
1.87198e-06
6.0439e-07
-200
2.03534e-06
7.70767e-07
-200
2.16726e-06
8.65104e-07
-200
2.32689e-06
9.12741e-07
-200
2.51407e-06
9.33438e-07
-200
2.69249e-06
9.18464e-07
-200
2.79871e-06
8.64975e-07
-200
2.75021e-06
8.30264e-07
-200
2.63896e-06
8.22007e-07
-200
2.50593e-06
8.41321e-07
-200
2.25175e-06
9.13022e-07
2.07752e-06
8.89378e-07
-200
1.35685e-06
-1.90483e-06
-200
2.26597e-06
-1.48979e-06
-200
2.69372e-06
-6.29748e-07
-200
3.19594e-06
-7.31469e-08
-200
3.62282e-06
2.21666e-07
-200
3.98703e-06
4.08767e-07
-200
4.3177e-06
5.02672e-07
-200
4.67579e-06
5.15564e-07
-200
5.03247e-06
5.13991e-07
-200
5.39851e-06
4.78523e-07
-200
5.5115e-06
4.35764e-07
-200
5.39754e-06
3.90112e-07
-200
5.16225e-06
3.79457e-07
-200
4.8356e-06
4.60806e-07
-200
4.42309e-06
5.37148e-07
4.02959e-06
5.17083e-07
-200
2.34386e-06
-1.91308e-06
-200
3.48774e-06
-1.55816e-06
-200
4.10512e-06
-7.15439e-07
-200
4.86005e-06
-1.53913e-07
-200
5.5485e-06
1.3645e-07
-200
6.1015e-06
3.38422e-07
-200
6.62066e-06
4.20326e-07
-200
7.12942e-06
4.67663e-07
-200
7.61888e-06
4.52685e-07
-200
8.10178e-06
4.17822e-07
-200
8.12689e-06
3.95642e-07
-200
7.91226e-06
3.33346e-07
-200
7.54782e-06
3.4452e-07
-200
7.07403e-06
4.17309e-07
-200
6.56011e-06
4.65382e-07
5.96088e-06
4.38112e-07
-200
3.36619e-06
-1.87748e-06
-200
4.82494e-06
-1.57763e-06
-200
5.70275e-06
-7.56833e-07
-200
6.67105e-06
-1.99079e-07
-200
7.53642e-06
1.20963e-07
-200
8.27466e-06
3.22702e-07
-200
8.95204e-06
4.07411e-07
-200
9.58501e-06
4.50749e-07
-200
1.01673e-05
4.31655e-07
-200
1.06582e-05
3.92912e-07
-200
1.05798e-05
3.51007e-07
-200
1.02341e-05
2.81004e-07
-200
9.77142e-06
3.11389e-07
-200
9.22854e-06
3.48438e-07
-200
8.57681e-06
3.99673e-07
7.83418e-06
3.80932e-07
-200
4.41227e-06
-1.75427e-06
-200
6.19217e-06
-1.48593e-06
-200
7.33822e-06
-6.82215e-07
-200
8.50098e-06
-1.36537e-07
-200
9.50848e-06
1.86202e-07
-200
1.04002e-05
3.62543e-07
-200
1.11922e-05
4.65411e-07
-200
1.19198e-05
4.86036e-07
-200
1.25393e-05
4.49493e-07
-200
1.29998e-05
4.10385e-07
-200
1.28379e-05
2.98504e-07
-200
1.23494e-05
2.71674e-07
-200
1.18103e-05
2.99024e-07
-200
1.11775e-05
3.28432e-07
-200
1.03885e-05
4.0058e-07
9.52113e-06
3.69359e-07
-200
5.55901e-06
-1.67192e-06
-200
7.65281e-06
-1.40789e-06
-200
9.05447e-06
-6.42712e-07
-200
1.03701e-05
-1.15684e-07
-200
1.15201e-05
1.66087e-07
-200
1.25216e-05
3.34928e-07
-200
1.34013e-05
4.10459e-07
-200
1.41787e-05
4.09782e-07
-200
1.47915e-05
3.7154e-07
-200
1.52311e-05
2.69997e-07
-200
1.49321e-05
2.07816e-07
-200
1.43155e-05
2.1842e-07
-200
1.37013e-05
2.06873e-07
-200
1.296e-05
2.51163e-07
-200
1.20871e-05
2.95324e-07
1.1098e-05
2.51373e-07
-200
6.82026e-06
-1.50356e-06
-200
9.18709e-06
-1.27069e-06
-200
1.08018e-05
-5.54199e-07
-200
1.22358e-05
-6.32679e-08
-200
1.34942e-05
1.76679e-07
-200
1.45672e-05
3.28762e-07
-200
1.55104e-05
3.60123e-07
-200
1.62935e-05
3.44321e-07
-200
1.68578e-05
2.91318e-07
-200
1.72399e-05
2.13842e-07
-200
1.67967e-05
1.93182e-07
-200
1.60681e-05
1.96585e-07
-200
1.53537e-05
1.76555e-07
-200
1.45289e-05
2.10106e-07
-200
1.35835e-05
2.61523e-07
1.24821e-05
2.1748e-07
-200
8.28681e-06
-1.36325e-06
-200
1.08796e-05
-1.1682e-06
-200
1.26619e-05
-5.16542e-07
-200
1.41754e-05
-9.16974e-08
-200
1.54713e-05
1.26434e-07
-200
1.65877e-05
2.10161e-07
-200
1.75433e-05
2.26421e-07
-200
1.8287e-05
1.80381e-07
-200
1.88064e-05
9.82043e-08
-200
1.90921e-05
8.73653e-08
-200
1.85382e-05
1.00308e-07
-200
1.7686e-05
8.22595e-08
-200
1.68717e-05
6.65669e-08
-200
1.59822e-05
8.95736e-08
-200
1.49498e-05
1.38875e-07
1.37768e-05
1.21153e-07
-200
9.97983e-06
-1.14184e-06
-200
1.26883e-05
-9.69912e-07
-200
1.45511e-05
-4.14168e-07
-200
1.60814e-05
-6.86412e-08
-200
1.73743e-05
1.1528e-07
-200
1.84843e-05
1.54969e-07
-200
1.94054e-05
1.46039e-07
-200
2.00824e-05
5.42549e-08
-200
2.05042e-05
4.19993e-08
-200
2.06748e-05
6.20762e-08
-200
2.00214e-05
8.26188e-08
-200
1.90586e-05
4.6659e-08
-200
1.81794e-05
1.48224e-08
-200
1.72279e-05
2.04919e-08
-200
1.60982e-05
1.05777e-07
1.48494e-05
1.17208e-07
-200
1.19681e-05
-9.84975e-07
-200
1.46536e-05
-8.10145e-07
-200
1.6509e-05
-3.86127e-07
-200
1.80003e-05
-9.65129e-08
-200
1.92638e-05
-2.88064e-09
-200
2.03214e-05
2.05987e-08
-200
2.11645e-05
-5.60732e-08
-200
2.17422e-05
-9.85457e-08
-200
2.20264e-05
-6.86585e-08
-200
2.21017e-05
-2.5105e-08
-200
2.13433e-05
-3.95798e-08
-200
2.02834e-05
-8.99446e-08
-200
1.9346e-05
-1.48902e-07
-200
1.83238e-05
-1.09953e-07
-200
1.71554e-05
-2.06894e-08
1.58469e-05
-2.40423e-08
-200
1.41545e-05
-7.23034e-07
-200
1.66339e-05
-5.43353e-07
-200
1.84109e-05
-2.861e-07
-200
1.98275e-05
-6.18635e-08
-200
2.10051e-05
-1.26517e-08
-200
2.198e-05
-5.07608e-08
-200
2.26859e-05
-1.26605e-07
-200
2.31244e-05
-1.09853e-07
-200
2.32652e-05
-6.61036e-08
-200
2.32428e-05
-1.77177e-08
-200
2.23827e-05
-5.91405e-08
-200
2.12586e-05
-1.60271e-07
-200
2.02417e-05
-1.76449e-07
-200
1.91635e-05
-1.40336e-07
-200
1.79727e-05
-4.51464e-08
1.66285e-05
-1.9299e-09
-200
1.64813e-05
-5.26058e-07
-200
1.86414e-05
-3.93753e-07
-200
2.02683e-05
-2.49294e-07
-200
2.16071e-05
-1.25978e-07
-200
2.26726e-05
-1.20909e-07
-200
2.34949e-05
-1.90562e-07
-200
2.40444e-05
-2.24872e-07
-200
2.43132e-05
-1.97818e-07
-200
2.43377e-05
-1.37288e-07
-200
2.42211e-05
-1.57508e-07
-200
2.32771e-05
-2.14969e-07
-200
2.20685e-05
-2.8271e-07
-200
2.09983e-05
-3.10332e-07
-200
1.98961e-05
-2.51501e-07
-200
1.8673e-05
-1.69589e-07
1.73285e-05
-5.39448e-08
-200
1.87109e-05
-2.59859e-07
-200
2.04735e-05
-1.73962e-07
-200
2.19136e-05
-1.32472e-07
-200
2.31612e-05
-7.53655e-08
-200
2.40964e-05
-1.19054e-07
-200
2.47191e-05
-1.86676e-07
-200
2.50989e-05
-1.96528e-07
-200
2.51947e-05
-1.58942e-07
-200
2.51049e-05
-9.98316e-08
-200
2.48902e-05
-1.36946e-07
-200
2.38968e-05
-2.54131e-07
-200
2.26117e-05
-3.20807e-07
-200
2.15022e-05
-3.1932e-07
-200
2.03922e-05
-2.70521e-07
-200
1.91441e-05
-1.55499e-07
1.77909e-05
-1.02488e-08
-200
2.06557e-05
-1.13729e-07
-200
2.20243e-05
-8.88333e-11
-200
2.33587e-05
-1.15627e-07
-200
2.45131e-05
-1.11691e-07
-200
2.5321e-05
-2.08713e-07
-200
2.57404e-05
-2.51174e-07
-200
2.59258e-05
-2.55371e-07
-200
2.58873e-05
-1.87242e-07
-200
2.56967e-05
-2.05884e-07
-200
2.54052e-05
-2.41063e-07
-200
2.43396e-05
-3.36227e-07
-200
2.29984e-05
-4.12192e-07
-200
2.18643e-05
-4.0749e-07
-200
2.07414e-05
-3.49552e-07
-200
1.95299e-05
-2.52211e-07
1.81934e-05
-1.45616e-07
-200
2.19826e-05
1.48197e-07
-200
2.31641e-05
1.03299e-07
-200
2.44762e-05
-6.53998e-08
-200
2.5542e-05
-9.81265e-08
-200
2.62051e-05
-1.98208e-07
-200
2.64277e-05
-2.34424e-07
-200
2.64303e-05
-2.24475e-07
-200
2.62849e-05
-1.55346e-07
-200
2.59989e-05
-1.75415e-07
-200
2.56618e-05
-2.34126e-07
-200
2.45327e-05
-3.31757e-07
-200
2.3142e-05
-3.8699e-07
-200
2.19921e-05
-4.04568e-07
-200
2.08705e-05
-3.45778e-07
-200
1.96764e-05
-2.11518e-07
-200
1.83649e-05
-7.83494e-08
1.68822e-05
-200
2.26298e-05
2.95269e-07
-200
2.39474e-05
1.20486e-07
-200
2.53247e-05
-1.43361e-07
-200
2.632e-05
-2.17413e-07
-200
2.67915e-05
-2.87822e-07
-200
2.68307e-05
-3.34019e-07
-200
2.67239e-05
-2.84734e-07
-200
2.64975e-05
-2.56241e-07
-200
2.61551e-05
-2.64315e-07
-200
2.57701e-05
-3.07629e-07
-200
2.45941e-05
-3.77203e-07
-200
2.31689e-05
-4.38329e-07
-200
2.19952e-05
-4.27262e-07
-200
2.08858e-05
-3.52043e-07
-200
1.97321e-05
-3.17256e-07
-200
1.84802e-05
-2.15645e-07
1.70228e-05
-200
2.26345e-05
5.33708e-07
-200
2.42739e-05
3.1244e-07
-200
2.56883e-05
-1.71887e-07
-200
2.66178e-05
-2.61959e-07
-200
2.69454e-05
-3.32582e-07
-200
2.68826e-05
-3.60212e-07
-200
2.67376e-05
-3.14431e-07
-200
2.6434e-05
-2.52391e-07
-200
2.60774e-05
-2.85604e-07
-200
2.56703e-05
-3.21313e-07
-200
2.44597e-05
-3.53223e-07
-200
2.29982e-05
-3.65228e-07
-200
2.18166e-05
-3.44075e-07
-200
2.07345e-05
-3.42951e-07
-200
1.95957e-05
-2.6221e-07
-200
1.83364e-05
-8.595e-08
1.6909e-05
3.08639e-08
-200
2.21536e-05
7.38125e-07
-200
2.42418e-05
4.19504e-07
-200
2.57091e-05
-2.07041e-07
-200
2.65579e-05
-3.70018e-07
-200
2.68122e-05
-4.77779e-07
-200
2.67144e-05
-4.78248e-07
-200
2.65198e-05
-4.22856e-07
-200
2.62074e-05
-4.12651e-07
-200
2.58317e-05
-4.14645e-07
-200
2.54346e-05
-3.98185e-07
-200
2.41911e-05
-3.94908e-07
-200
2.26993e-05
-3.45044e-07
-200
2.15154e-05
-2.8721e-07
-200
2.04326e-05
-2.19934e-07
-200
1.9345e-05
-2.14102e-07
-200
1.81736e-05
-2.55216e-07
1.68784e-05
-2.28869e-07
-200
2.16234e-05
9.67388e-07
-200
2.4056e-05
5.58204e-07
-200
2.54793e-05
-2.27629e-07
-200
2.6169e-05
-4.06042e-07
-200
2.63444e-05
-5.17915e-07
-200
2.62202e-05
-5.6106e-07
-200
2.59749e-05
-5.1948e-07
-200
2.56903e-05
-5.41826e-07
-200
2.5329e-05
-5.25242e-07
-200
2.49744e-05
-4.69798e-07
-200
2.3706e-05
-4.07257e-07
-200
2.21903e-05
-2.68961e-07
-200
2.10339e-05
-2.12317e-07
-200
2.00124e-05
-2.37216e-07
-200
1.90033e-05
-2.45042e-07
-200
1.79279e-05
-2.16058e-07
1.6716e-05
-1.84572e-07
-200
2.17341e-05
1.05111e-06
-200
2.40401e-05
6.52712e-07
-200
2.52051e-05
-2.84367e-07
-200
2.56999e-05
-5.81219e-07
-200
2.57008e-05
-7.18371e-07
-200
2.54562e-05
-7.65814e-07
-200
2.52246e-05
-7.85482e-07
-200
2.49685e-05
-7.9688e-07
-200
2.46631e-05
-7.5339e-07
-200
2.43674e-05
-6.49861e-07
-200
2.30882e-05
-5.38775e-07
-200
2.15885e-05
-3.94813e-07
-200
2.04615e-05
-2.13971e-07
-200
1.95421e-05
-2.39377e-07
-200
1.86512e-05
-3.2428e-07
-200
1.76745e-05
-3.54409e-07
1.65951e-05
-2.12469e-07
-200
2.2957e-05
1.28601e-06
-200
2.4326e-05
8.26263e-07
-200
2.48605e-05
-2.63878e-07
-200
2.49833e-05
-6.02929e-07
-200
2.47407e-05
-7.90864e-07
-200
2.43583e-05
-8.80096e-07
-200
2.40844e-05
-9.20351e-07
-200
2.38269e-05
-9.20709e-07
-200
2.35984e-05
-8.61769e-07
-200
2.34088e-05
-7.15491e-07
-200
2.21658e-05
-5.69686e-07
-200
2.06786e-05
-3.33083e-07
-200
1.96326e-05
-1.79985e-07
-200
1.88368e-05
-1.72211e-07
-200
1.80605e-05
-1.43693e-07
-200
1.72361e-05
-1.47731e-07
1.63478e-05
-1.60155e-07
-200
2.52765e-05
1.30497e-06
-200
2.48392e-05
9.32085e-07
-200
2.42791e-05
-3.05959e-07
-200
2.38923e-05
-6.93358e-07
-200
2.34269e-05
-9.05306e-07
-200
2.29312e-05
-1.00471e-06
-200
2.26165e-05
-1.02181e-06
-200
2.23579e-05
-1.01394e-06
-200
2.21764e-05
-9.02782e-07
-200
2.20637e-05
-7.62153e-07
-200
2.08594e-05
-6.0331e-07
-200
1.94435e-05
-3.9428e-07
-200
1.85436e-05
-2.37224e-07
-200
1.79145e-05
-5.7184e-08
-200
1.7358e-05
-9.10571e-08
-200
1.67098e-05
-1.09757e-07
1.60291e-05
9.59547e-10
-200
2.72949e-05
1.09478e-06
-200
2.49412e-05
8.96558e-07
-200
2.30068e-05
-2.68502e-07
-200
2.20712e-05
-5.43578e-07
-200
2.13809e-05
-7.50417e-07
-200
2.08145e-05
-8.82786e-07
-200
2.04551e-05
-8.789e-07
-200
2.02236e-05
-7.98505e-07
-200
2.01192e-05
-6.94481e-07
-200
2.02279e-05
-5.87541e-07
-200
1.90756e-05
-4.64861e-07
-200
1.77326e-05
-2.04048e-07
-200
1.69647e-05
-6.7934e-08
-200
1.64951e-05
5.16655e-08
-200
1.62312e-05
2.33503e-07
-200
1.58786e-05
3.57669e-07
1.53045e-05
4.22778e-07
-200
2.74184e-05
5.10007e-07
-200
2.39274e-05
6.11704e-07
-200
2.11608e-05
-4.72785e-07
-200
1.97536e-05
-6.39964e-07
-200
1.87339e-05
-7.29476e-07
-200
1.79472e-05
-6.81257e-07
-200
1.75538e-05
-6.24832e-07
-200
1.74599e-05
-6.69202e-07
-200
1.75715e-05
-5.67549e-07
-200
1.78947e-05
-4.89412e-07
-200
1.69042e-05
-3.48151e-07
-200
1.57126e-05
-2.48034e-07
-200
1.51151e-05
-6.53172e-09
-200
1.47843e-05
2.82466e-07
-200
1.49061e-05
4.91559e-07
-200
1.46203e-05
8.13356e-07
1.45312e-05
6.88487e-07
-200
2.50475e-05
-1.19177e-07
-200
2.13455e-05
3.21668e-07
-200
1.85749e-05
-5.15763e-07
-200
-5.91472e-07
-200
-4.74738e-07
-200
-4.29298e-07
-200
-4.9638e-07
-200
-3.3864e-07
-200
-3.59333e-07
-200
-3.95893e-07
-200
-3.74747e-07
-200
-1.921e-07
-200
-1.69698e-08
-200
2.97323e-07
-200
8.69513e-07
-200
7.42801e-07
8.49678e-07
-200
-1.82434e-07
-200
4.01012e-07
-6.10303e-07
-200
6.64662e-07
-1.92254e-06
-200
1.22267e-06
-1.0579e-06
-200
1.45448e-06
-4.29686e-07
-200
1.68772e-06
2.30741e-07
-200
1.87194e-06
6.89239e-07
-200
2.05743e-06
9.606e-07
-200
2.25732e-06
1.12017e-06
-200
2.46536e-06
1.20558e-06
-200
2.668e-06
1.25516e-06
-200
2.89379e-06
1.23909e-06
-200
2.95402e-06
1.18016e-06
-200
2.9208e-06
1.12121e-06
-200
2.80354e-06
1.08562e-06
-200
2.63659e-06
1.08485e-06
-200
2.42671e-06
1.14267e-06
2.20793e-06
1.06133e-06
-200
1.60827e-06
-2.66489e-06
-200
2.51446e-06
-1.79097e-06
-200
2.94949e-06
-1.02866e-06
-200
3.44991e-06
-3.1546e-07
-200
3.85906e-06
1.39053e-07
-200
4.24663e-06
4.46385e-07
-200
4.6567e-06
6.01979e-07
-200
5.08526e-06
6.39591e-07
-200
5.4939e-06
6.4311e-07
-200
5.91182e-06
6.17976e-07
-200
5.98672e-06
5.55386e-07
-200
5.87873e-06
4.83476e-07
-200
5.62052e-06
4.67407e-07
-200
5.2741e-06
5.53263e-07
-200
4.84495e-06
6.42516e-07
4.39417e-06
5.6879e-07
-200
2.68716e-06
-2.57506e-06
-200
3.84133e-06
-1.77791e-06
-200
4.45592e-06
-1.02338e-06
-200
5.20713e-06
-3.07836e-07
-200
5.84228e-06
1.39997e-07
-200
6.43285e-06
4.59931e-07
-200
7.04155e-06
6.04133e-07
-200
7.68357e-06
6.5354e-07
-200
8.28009e-06
6.26179e-07
-200
8.85749e-06
5.66607e-07
-200
8.90531e-06
5.03408e-07
-200
8.68674e-06
4.09845e-07
-200
8.29091e-06
4.2235e-07
-200
7.77624e-06
5.16293e-07
-200
7.14757e-06
5.85956e-07
6.4575e-06
5.31193e-07
-200
3.75387e-06
-2.48825e-06
-200
5.17561e-06
-1.76224e-06
-200
6.00482e-06
-1.01859e-06
-200
7.00645e-06
-3.13347e-07
-200
7.87341e-06
1.44585e-07
-200
8.6677e-06
4.50818e-07
-200
9.46633e-06
5.83593e-07
-200
1.0291e-05
6.23893e-07
-200
1.10466e-05
5.71005e-07
-200
1.17262e-05
4.90433e-07
-200
1.16793e-05
4.00326e-07
-200
1.13183e-05
3.11299e-07
-200
1.07985e-05
3.55586e-07
-200
1.01325e-05
4.25513e-07
-200
9.32509e-06
4.98097e-07
8.41408e-06
4.60632e-07
-200
4.87126e-06
-2.31001e-06
-200
6.54099e-06
-1.6444e-06
-200
7.60722e-06
-9.14575e-07
-200
8.85335e-06
-2.2046e-07
-200
9.93347e-06
2.33039e-07
-200
1.09111e-05
5.01107e-07
-200
1.18907e-05
6.30752e-07
-200
1.28636e-05
6.42041e-07
-200
1.37252e-05
5.64232e-07
-200
1.44294e-05
4.74307e-07
-200
1.42314e-05
3.25486e-07
-200
1.37326e-05
2.8359e-07
-200
1.30959e-05
3.32061e-07
-200
1.2288e-05
4.13654e-07
-200
1.13181e-05
4.98116e-07
1.01998e-05
4.48196e-07
-200
6.11202e-06
-2.20871e-06
-200
8.01649e-06
-1.58646e-06
-200
9.32273e-06
-8.97607e-07
-200
1.07929e-05
-2.26061e-07
-200
1.20517e-05
1.81027e-07
-200
1.31947e-05
4.15875e-07
-200
1.43273e-05
5.07369e-07
-200
1.54106e-05
4.86417e-07
-200
1.63173e-05
4.01997e-07
-200
1.69761e-05
2.44713e-07
-200
1.66178e-05
1.38189e-07
-200
1.59762e-05
1.56168e-07
-200
1.52117e-05
2.0702e-07
-200
1.42833e-05
2.7495e-07
-200
1.31703e-05
3.26203e-07
1.18689e-05
2.92582e-07
-200
7.47688e-06
-1.94812e-06
-200
9.56418e-06
-1.39112e-06
-200
1.10813e-05
-7.57551e-07
-200
1.27289e-05
-1.28382e-07
-200
1.41232e-05
2.27701e-07
-200
1.54076e-05
4.23736e-07
-200
1.66539e-05
4.56637e-07
-200
1.77906e-05
4.17103e-07
-200
1.8665e-05
3.23877e-07
-200
1.92403e-05
1.7926e-07
-200
1.86995e-05
1.56986e-07
-200
1.79009e-05
2.09586e-07
-200
1.70514e-05
2.09574e-07
-200
1.60187e-05
2.48372e-07
-200
1.47799e-05
3.2179e-07
1.33144e-05
2.831e-07
-200
9.05905e-06
-1.7833e-06
-200
1.12805e-05
-1.29624e-06
-200
1.29598e-05
-7.47036e-07
-200
1.47273e-05
-1.95655e-07
-200
1.6225e-05
1.0927e-07
-200
1.76116e-05
2.20249e-07
-200
1.89224e-05
2.30112e-07
-200
2.00475e-05
1.5267e-07
-200
2.08287e-05
2.27976e-08
-200
2.12712e-05
-8.26314e-09
-200
2.05449e-05
4.64612e-08
-200
1.96296e-05
4.07912e-08
-200
1.8715e-05
2.7002e-08
-200
1.75898e-05
6.75715e-08
-200
1.62551e-05
1.30003e-07
1.46683e-05
1.14229e-07
-200
1.08238e-05
-1.43411e-06
-200
1.30908e-05
-1.01105e-06
-200
1.48499e-05
-5.76095e-07
-200
1.66743e-05
-1.20868e-07
-200
1.82393e-05
1.13523e-07
-200
1.96846e-05
1.62665e-07
-200
2.09936e-05
1.45914e-07
-200
2.20226e-05
2.63941e-08
-200
2.26549e-05
-1.71379e-08
-200
2.29125e-05
5.30841e-08
-200
2.20195e-05
1.35283e-07
-200
2.1045e-05
3.97007e-08
-200
2.00615e-05
2.6989e-08
-200
1.8867e-05
4.60309e-08
-200
1.74622e-05
1.35339e-07
1.57801e-05
1.5246e-07
-200
1.28372e-05
-1.2372e-06
-200
1.5085e-05
-8.64592e-07
-200
1.68461e-05
-5.82876e-07
-200
1.8676e-05
-2.21177e-07
-200
2.02658e-05
-1.08466e-07
-200
2.17128e-05
-9.15488e-08
-200
2.29485e-05
-1.83256e-07
-200
2.38177e-05
-2.50835e-07
-200
2.42391e-05
-1.76409e-07
-200
2.43195e-05
-7.28932e-08
-200
2.3325e-05
-1.05149e-07
-200
2.2258e-05
-1.62092e-07
-200
2.12081e-05
-1.95151e-07
-200
1.99708e-05
-1.59453e-07
-200
1.85247e-05
-6.69429e-08
1.68082e-05
-4.26748e-08
-200
1.49952e-05
-8.3465e-07
-200
1.71265e-05
-5.07446e-07
-200
1.8803e-05
-4.16404e-07
-200
2.05892e-05
-1.54701e-07
-200
2.2157e-05
-1.10736e-07
-200
2.3539e-05
-1.56407e-07
-200
2.4615e-05
-2.45547e-07
-200
2.52487e-05
-2.12007e-07
-200
2.54286e-05
-8.03725e-08
-200
2.53472e-05
3.61156e-08
-200
2.42803e-05
-7.73151e-08
-200
2.3106e-05
-1.72668e-07
-200
2.20061e-05
-1.70487e-07
-200
2.07547e-05
-1.36448e-07
-200
1.93091e-05
-3.4326e-08
1.76029e-05
2.56229e-08
-200
1.72689e-05
-6.14617e-07
-200
1.92279e-05
-3.69774e-07
-200
2.07896e-05
-4.41789e-07
-200
2.2495e-05
-3.01491e-07
-200
2.399e-05
-3.13048e-07
-200
2.5239e-05
-3.96765e-07
-200
2.60803e-05
-4.3335e-07
-200
2.64359e-05
-3.29799e-07
-200
2.64059e-05
-2.07887e-07
-200
2.62128e-05
-2.38664e-07
-200
2.50071e-05
-2.81367e-07
-200
2.37383e-05
-3.60893e-07
-200
2.26146e-05
-3.8426e-07
-200
2.13867e-05
-3.3419e-07
-200
1.99729e-05
-2.40074e-07
1.83377e-05
-1.17389e-07
-200
1.94219e-05
-2.06176e-07
-200
2.11402e-05
-3.80723e-08
-200
2.26098e-05
-2.79234e-07
-200
2.42086e-05
-2.26214e-07
-200
2.5589e-05
-2.79112e-07
-200
2.66324e-05
-3.64257e-07
-200
2.71803e-05
-3.34965e-07
-200
2.72724e-05
-2.21962e-07
-200
2.70589e-05
-1.12922e-07
-200
2.67221e-05
-1.33748e-07
-200
2.53865e-05
-2.58132e-07
-200
2.40401e-05
-3.48417e-07
-200
2.29068e-05
-3.51767e-07
-200
2.17079e-05
-3.01103e-07
-200
2.03503e-05
-1.78206e-07
1.88296e-05
-2.10451e-08
-200
2.12961e-05
-1.18639e-08
-200
2.28421e-05
8.86616e-08
-200
2.42807e-05
-3.46824e-07
-200
2.57898e-05
-3.76033e-07
-200
2.70202e-05
-4.6745e-07
-200
2.77965e-05
-5.12297e-07
-200
2.80504e-05
-4.39413e-07
-200
2.7925e-05
-3.08488e-07
-200
2.75698e-05
-3.10981e-07
-200
2.70782e-05
-3.1504e-07
-200
2.56343e-05
-4.27079e-07
-200
2.42096e-05
-5.32489e-07
-200
2.30549e-05
-5.28459e-07
-200
2.18975e-05
-4.73185e-07
-200
2.06157e-05
-3.60891e-07
1.91905e-05
-1.9454e-07
-200
2.25717e-05
3.79404e-07
-200
2.40593e-05
2.9787e-07
-200
2.55312e-05
-2.44837e-07
-200
2.70003e-05
-3.47938e-07
-200
2.8053e-05
-4.28714e-07
-200
2.85418e-05
-3.99676e-07
-200
2.85575e-05
-3.41008e-07
-200
2.82772e-05
-2.33614e-07
-200
2.77865e-05
-2.05635e-07
-200
2.7187e-05
-2.59035e-07
-200
2.56433e-05
-3.80573e-07
-200
2.41394e-05
-4.59858e-07
-200
2.29515e-05
-4.62335e-07
-200
2.18016e-05
-3.93534e-07
-200
2.05491e-05
-2.58313e-07
1.92658e-05
-1.11025e-07
-200
2.31026e-05
6.09064e-07
-200
2.47329e-05
3.88271e-07
-200
2.63855e-05
-4.08644e-07
-200
2.78649e-05
-5.55316e-07
-200
2.8745e-05
-6.07249e-07
-200
2.90272e-05
-5.87535e-07
-200
2.88496e-05
-4.74252e-07
-200
2.84878e-05
-4.10025e-07
-200
2.79019e-05
-4.0097e-07
-200
2.72424e-05
-4.44572e-07
-200
2.56125e-05
-5.25332e-07
-200
2.40338e-05
-5.85472e-07
-200
2.28176e-05
-5.66731e-07
-200
2.16697e-05
-5.06584e-07
-200
2.04804e-05
-4.75597e-07
1.92379e-05
-2.55001e-07
-200
2.28029e-05
1.06666e-06
-200
2.47507e-05
7.34275e-07
-200
2.66046e-05
-3.06895e-07
-200
2.81329e-05
-5.08686e-07
-200
2.89135e-05
-5.51431e-07
-200
2.90593e-05
-5.30879e-07
-200
2.87571e-05
-4.47569e-07
-200
2.83943e-05
-3.56313e-07
-200
2.77573e-05
-3.7413e-07
-200
2.70615e-05
-4.06604e-07
-200
2.53691e-05
-4.46905e-07
-200
2.37562e-05
-4.49205e-07
-200
2.25499e-05
-4.25717e-07
-200
2.14253e-05
-3.82309e-07
-200
2.02438e-05
-2.59887e-07
-200
1.8955e-05
-1.08304e-07
1.75373e-05
-200
2.20007e-05
1.35059e-06
-200
2.4359e-05
9.17474e-07
-200
2.64742e-05
-4.35341e-07
-200
2.80181e-05
-6.71878e-07
-200
2.8756e-05
-7.68121e-07
-200
2.88017e-05
-7.29344e-07
-200
2.84784e-05
-6.62092e-07
-200
2.81218e-05
-6.27994e-07
-200
2.7466e-05
-6.19026e-07
-200
2.67856e-05
-6.07697e-07
-200
2.50705e-05
-5.94422e-07
-200
2.34604e-05
-5.25667e-07
-200
2.22606e-05
-4.16434e-07
-200
2.12236e-05
-3.56615e-07
-200
2.01173e-05
-4.38447e-07
-200
1.86932e-05
-3.33723e-07
1.69367e-05
-1.67875e-07
-200
2.10877e-05
1.63095e-06
-200
2.37869e-05
1.11071e-06
-200
2.60095e-05
-2.91439e-07
-200
2.74877e-05
-5.98047e-07
-200
2.81311e-05
-7.5296e-07
-200
2.81185e-05
-7.88544e-07
-200
2.78232e-05
-7.57653e-07
-200
2.74383e-05
-7.45014e-07
-200
2.68402e-05
-7.36365e-07
-200
2.62166e-05
-6.6222e-07
-200
2.45049e-05
-5.65263e-07
-200
2.29099e-05
-4.01292e-07
-200
2.17451e-05
-3.01978e-07
-200
2.07862e-05
-2.93312e-07
-200
1.97334e-05
-2.6161e-07
-200
1.81195e-05
-2.59588e-07
1.61638e-05
-9.47134e-08
-200
2.07812e-05
1.77288e-06
-200
2.35152e-05
1.14481e-06
-200
2.55781e-05
-4.85267e-07
-200
2.67835e-05
-8.69904e-07
-200
2.72195e-05
-1.04812e-06
-200
2.71493e-05
-1.1319e-06
-200
2.68546e-05
-1.15117e-06
-200
2.64628e-05
-1.14702e-06
-200
2.59547e-05
-1.1005e-06
-200
2.54156e-05
-9.13269e-07
-200
2.37411e-05
-7.8731e-07
-200
2.21432e-05
-5.70282e-07
-200
2.10891e-05
-3.27252e-07
-200
2.02242e-05
-3.47896e-07
-200
1.90778e-05
-3.89496e-07
-200
1.74899e-05
-3.06653e-07
1.56349e-05
-1.94881e-07
-200
2.16591e-05
2.15002e-06
-200
2.37264e-05
1.39926e-06
-200
2.51144e-05
-4.97062e-07
-200
2.57446e-05
-8.94603e-07
-200
2.5893e-05
-1.10941e-06
-200
2.56715e-05
-1.21603e-06
-200
2.53233e-05
-1.25854e-06
-200
2.49719e-05
-1.2323e-06
-200
2.45584e-05
-1.13601e-06
-200
2.41447e-05
-9.13199e-07
-200
2.24829e-05
-6.78364e-07
-200
2.09066e-05
-3.4512e-07
-200
1.99649e-05
-1.40971e-07
-200
1.91608e-05
-3.70478e-08
-200
1.81262e-05
-1.14806e-08
-200
1.66587e-05
-1.21489e-07
1.51776e-05
-5.72507e-08
-200
2.37274e-05
2.02737e-06
-200
2.44483e-05
1.31953e-06
-200
2.47807e-05
-7.49386e-07
-200
2.45295e-05
-1.1576e-06
-200
2.42312e-05
-1.36228e-06
-200
2.37915e-05
-1.48913e-06
-200
2.3439e-05
-1.5292e-06
-200
2.31056e-05
-1.46788e-06
-200
2.28144e-05
-1.28644e-06
-200
2.26058e-05
-1.07711e-06
-200
2.09437e-05
-8.18693e-07
-200
1.94615e-05
-4.75597e-07
-200
1.85894e-05
-2.15361e-07
-200
1.79043e-05
-4.54292e-08
-200
1.7009e-05
-1.12174e-07
-200
1.60353e-05
-1.50894e-07
1.51803e-05
-8.99828e-08
-200
2.56338e-05
1.70174e-06
-200
2.47611e-05
1.33167e-06
-200
2.38954e-05
-6.38509e-07
-200
2.27602e-05
-1.00217e-06
-200
2.19707e-05
-1.18235e-06
-200
2.12142e-05
-1.29636e-06
-200
2.08723e-05
-1.29463e-06
-200
2.06836e-05
-1.2283e-06
-200
2.05385e-05
-1.02486e-06
-200
2.05533e-05
-8.28324e-07
-200
1.8937e-05
-5.46015e-07
-200
1.75469e-05
-1.95951e-07
-200
1.67379e-05
4.66293e-08
-200
1.62123e-05
2.82977e-07
-200
1.57887e-05
3.93174e-07
-200
1.5405e-05
4.27929e-07
1.48452e-05
5.07791e-07
-200
2.57627e-05
9.89691e-07
-200
2.39291e-05
1.10422e-06
-200
2.21559e-05
-8.37976e-07
-200
2.04005e-05
-1.09077e-06
-200
1.90938e-05
-1.14868e-06
-200
1.81033e-05
-1.12273e-06
-200
1.78206e-05
-1.09381e-06
-200
1.76125e-05
-9.97669e-07
-200
1.77945e-05
-9.04333e-07
-200
1.80741e-05
-7.29292e-07
-200
1.66698e-05
-5.27965e-07
-200
1.5377e-05
-2.78519e-07
-200
1.47269e-05
5.23506e-08
-200
1.45482e-05
4.20235e-07
-200
1.47062e-05
6.75509e-07
-200
1.46986e-05
9.53471e-07
1.4417e-05
9.22222e-07
-200
2.34661e-05
3.52423e-07
-200
2.1589e-05
8.98257e-07
-200
1.95037e-05
-8.62963e-07
-200
1.71876e-05
-9.73186e-07
-200
1.55052e-05
-8.02461e-07
-200
1.42475e-05
-6.28205e-07
-200
-5.64115e-07
-200
-5.10411e-07
-200
-5.2349e-07
-200
-5.07504e-07
-200
-4.00585e-07
-200
-2.14349e-07
-200
6.3038e-08
-200
6.21458e-07
-200
1.22725e-06
-200
1.3286e-06
1.29571e-06
-200
-3.57499e-09
-200
1.02597e-06
-200
-9.25425e-07
-200
-9.349e-07
-200
-5.70874e-07
-2.40522e-07
-200
9.24957e-07
-1.85002e-06
-200
1.42292e-06
-9.33677e-07
-200
1.65259e-06
-3.57628e-07
-200
1.90872e-06
2.27748e-07
-200
2.1257e-06
6.50842e-07
-200
2.32145e-06
9.15719e-07
-200
2.50822e-06
1.07905e-06
-200
2.7099e-06
1.15736e-06
-200
2.90807e-06
1.20381e-06
-200
3.09147e-06
1.20172e-06
-200
3.10471e-06
1.17172e-06
-200
3.04647e-06
1.12596e-06
-200
2.92304e-06
1.1006e-06
-200
2.74479e-06
1.09297e-06
-200
2.54519e-06
1.09738e-06
2.31169e-06
1.01583e-06
-200
1.91905e-06
-2.53463e-06
-200
2.74375e-06
-1.59654e-06
-200
3.17935e-06
-9.00314e-07
-200
3.70114e-06
-2.68809e-07
-200
4.14824e-06
1.58932e-07
-200
4.55115e-06
4.51444e-07
-200
4.93786e-06
6.09047e-07
-200
5.33021e-06
6.60138e-07
-200
5.7097e-06
6.64577e-07
-200
6.0639e-06
6.46358e-07
-200
6.05634e-06
6.04773e-07
-200
5.90675e-06
5.66306e-07
-200
5.64753e-06
5.70172e-07
-200
5.30582e-06
6.14833e-07
-200
4.90762e-06
6.5659e-07
4.45154e-06
5.76962e-07
-200
3.03545e-06
-2.44056e-06
-200
4.13212e-06
-1.5636e-06
-200
4.76184e-06
-8.79155e-07
-200
5.54375e-06
-2.55436e-07
-200
6.21572e-06
1.7082e-07
-200
6.82412e-06
4.63243e-07
-200
7.40067e-06
6.16313e-07
-200
7.97501e-06
6.65478e-07
-200
8.50012e-06
6.50677e-07
-200
8.97627e-06
6.07996e-07
-200
8.91781e-06
5.52067e-07
-200
8.65184e-06
5.06273e-07
-200
8.26519e-06
5.13894e-07
-200
7.76965e-06
5.65004e-07
-200
7.17451e-06
6.15397e-07
6.49809e-06
5.56349e-07
-200
4.16085e-06
-2.35015e-06
-200
5.53918e-06
-1.52486e-06
-200
6.38672e-06
-8.56819e-07
-200
7.42e-06
-2.41488e-07
-200
8.31171e-06
1.80929e-07
-200
9.11353e-06
4.60971e-07
-200
9.86526e-06
6.01629e-07
-200
1.05955e-05
6.39244e-07
-200
1.12316e-05
6.01351e-07
-200
1.17768e-05
5.36966e-07
-200
1.16297e-05
4.62445e-07
-200
1.12251e-05
4.1233e-07
-200
1.07211e-05
4.27572e-07
-200
1.00781e-05
4.82342e-07
-200
9.30929e-06
5.27147e-07
8.42983e-06
4.85529e-07
-200
5.37131e-06
-2.1774e-06
-200
7.01126e-06
-1.41621e-06
-200
8.08394e-06
-7.68105e-07
-200
9.35343e-06
-1.60186e-07
-200
1.04462e-05
2.49476e-07
-200
1.14163e-05
5.05439e-07
-200
1.23277e-05
6.25824e-07
-200
1.31732e-05
6.4293e-07
-200
1.38753e-05
5.86943e-07
-200
1.44438e-05
4.98355e-07
-200
1.41425e-05
4.10216e-07
-200
1.3611e-05
3.59617e-07
-200
1.29977e-05
3.82467e-07
-200
1.22212e-05
4.61568e-07
-200
1.12944e-05
5.17724e-07
1.02158e-05
4.72908e-07
-200
6.71198e-06
-2.09442e-06
-200
8.5851e-06
-1.38046e-06
-200
9.8635e-06
-7.69841e-07
-200
1.13386e-05
-1.86149e-07
-200
1.25963e-05
1.89293e-07
-200
1.37098e-05
4.08131e-07
-200
1.4743e-05
4.94686e-07
-200
1.5661e-05
4.83975e-07
-200
1.6383e-05
4.10496e-07
-200
1.68977e-05
3.08068e-07
-200
1.64429e-05
2.08173e-07
-200
1.58009e-05
1.91061e-07
-200
1.50713e-05
2.55461e-07
-200
1.41769e-05
3.11637e-07
-200
1.31039e-05
3.47669e-07
1.18563e-05
3.17226e-07
-200
8.20529e-06
-1.83534e-06
-200
1.02701e-05
-1.19153e-06
-200
1.17082e-05
-6.38209e-07
-200
1.33419e-05
-8.90095e-08
-200
1.47245e-05
2.39742e-07
-200
1.59477e-05
4.15817e-07
-200
1.70504e-05
4.61043e-07
-200
1.7994e-05
4.30662e-07
-200
1.86848e-05
3.5591e-07
-200
1.911e-05
2.43677e-07
-200
1.85098e-05
1.98128e-07
-200
1.77482e-05
2.41638e-07
-200
1.69195e-05
2.59888e-07
-200
1.59151e-05
2.95469e-07
-200
1.47168e-05
3.56849e-07
1.33141e-05
3.20073e-07
-200
9.90246e-06
-1.71004e-06
-200
1.21e-05
-1.12022e-06
-200
1.36348e-05
-6.5724e-07
-200
1.53741e-05
-1.73738e-07
-200
1.6839e-05
9.03839e-08
-200
1.81181e-05
2.02771e-07
-200
1.92444e-05
2.20897e-07
-200
2.01581e-05
1.63971e-07
-200
2.07501e-05
7.72966e-08
-200
2.10747e-05
2.46921e-08
-200
2.03479e-05
4.82986e-08
-200
1.94677e-05
5.7508e-08
-200
1.85577e-05
6.23343e-08
-200
1.74602e-05
1.06405e-07
-200
1.6165e-05
1.49672e-07
1.46444e-05
1.34841e-07
-200
1.17865e-05
-1.35641e-06
-200
1.40462e-05
-8.39954e-07
-200
1.56046e-05
-4.94455e-07
-200
1.73773e-05
-8.45761e-08
-200
1.88721e-05
1.08118e-07
-200
2.01574e-05
1.66626e-07
-200
2.12552e-05
1.58365e-07
-200
2.20659e-05
9.90936e-08
-200
2.254e-05
3.86143e-08
-200
2.27463e-05
7.43696e-08
-200
2.18988e-05
1.44608e-07
-200
2.09163e-05
7.71144e-08
-200
1.99287e-05
9.61905e-08
-200
1.87557e-05
1.24442e-07
-200
1.73909e-05
1.82991e-07
1.57883e-05
1.7753e-07
-200
1.38638e-05
-1.19702e-06
-200
1.61112e-05
-7.30261e-07
-200
1.76321e-05
-5.3487e-07
-200
1.93733e-05
-2.22e-07
-200
2.08296e-05
-1.17573e-07
-200
2.20754e-05
-1.03187e-07
-200
2.30745e-05
-1.41904e-07
-200
2.37479e-05
-1.96425e-07
-200
2.40794e-05
-1.61075e-07
-200
2.41676e-05
-9.14595e-08
-200
2.31984e-05
-1.01869e-07
-200
2.21178e-05
-1.15025e-07
-200
2.10544e-05
-1.04145e-07
-200
1.98453e-05
-9.561e-08
-200
1.84436e-05
-4.37908e-08
1.68013e-05
-1.86747e-08
-200
1.60564e-05
-7.84653e-07
-200
1.82095e-05
-3.94695e-07
-200
1.96285e-05
-3.61774e-07
-200
2.12753e-05
-1.34506e-07
-200
2.26467e-05
-9.67561e-08
-200
2.37903e-05
-1.14808e-07
-200
2.46429e-05
-1.59123e-07
-200
2.51486e-05
-1.63146e-07
-200
2.53134e-05
-6.07323e-08
-200
2.52901e-05
3.56411e-08
-200
2.42001e-05
-3.35616e-08
-200
2.30034e-05
-5.48442e-08
-200
2.19023e-05
-7.01215e-08
-200
2.06731e-05
-4.79187e-08
-200
1.92643e-05
2.54072e-08
1.76174e-05
6.39427e-08
-200
1.83101e-05
-6.15375e-07
-200
2.0284e-05
-3.10087e-07
-200
2.15857e-05
-4.27056e-07
-200
2.30863e-05
-2.99505e-07
-200
2.4341e-05
-3.11559e-07
-200
2.53377e-05
-3.56065e-07
-200
2.60102e-05
-4.00794e-07
-200
2.63176e-05
-3.3234e-07
-200
2.63278e-05
-2.39854e-07
-200
2.61645e-05
-2.29518e-07
-200
2.49565e-05
-2.27533e-07
-200
2.36723e-05
-2.83602e-07
-200
2.25359e-05
-3.09034e-07
-200
2.13119e-05
-2.82211e-07
-200
1.99183e-05
-2.10867e-07
1.83314e-05
-1.24331e-07
-200
2.04479e-05
-1.67887e-07
-200
2.21998e-05
-2.1415e-08
-200
2.33534e-05
-2.65615e-07
-200
2.46927e-05
-1.99496e-07
-200
2.58108e-05
-2.34413e-07
-200
2.66288e-05
-3.01878e-07
-200
2.70935e-05
-3.02504e-07
-200
2.71987e-05
-2.11222e-07
-200
2.7071e-05
-1.23208e-07
-200
2.67648e-05
-1.01662e-07
-200
2.54203e-05
-1.41604e-07
-200
2.40537e-05
-2.26513e-07
-200
2.28868e-05
-2.45466e-07
-200
2.16749e-05
-2.12087e-07
-200
2.03124e-05
-1.15038e-07
1.87973e-05
-4.81035e-09
-200
2.23017e-05
-1.78549e-09
-200
2.38639e-05
3.90502e-08
-200
2.48694e-05
-3.82578e-07
-200
2.60912e-05
-3.92785e-07
-200
2.70608e-05
-4.45607e-07
-200
2.76829e-05
-4.9591e-07
-200
2.79241e-05
-4.38378e-07
-200
2.78754e-05
-3.44692e-07
-200
2.75977e-05
-3.03859e-07
-200
2.71664e-05
-2.80096e-07
-200
2.57213e-05
-3.57731e-07
-200
2.42656e-05
-4.41315e-07
-200
2.3068e-05
-4.56928e-07
-200
2.18307e-05
-4.19785e-07
-200
2.04738e-05
-3.34216e-07
1.91409e-05
-2.06855e-07
-200
2.35474e-05
4.49122e-07
-200
2.49449e-05
3.52839e-07
-200
2.59697e-05
-2.66413e-07
-200
2.71306e-05
-3.47776e-07
-200
2.79473e-05
-3.93499e-07
-200
2.83928e-05
-3.67789e-07
-200
2.84406e-05
-3.10719e-07
-200
2.82739e-05
-2.27331e-07
-200
2.78787e-05
-1.62279e-07
-200
2.7337e-05
-1.78922e-07
-200
2.58041e-05
-2.63865e-07
-200
2.42755e-05
-3.31867e-07
-200
2.30063e-05
-3.35856e-07
-200
2.17139e-05
-2.97161e-07
-200
2.04379e-05
-2.0365e-07
1.91665e-05
-5.77694e-08
-200
2.3995e-05
6.66333e-07
-200
2.54496e-05
4.30521e-07
-200
2.65975e-05
-4.26185e-07
-200
2.77673e-05
-5.97615e-07
-200
2.85169e-05
-6.45573e-07
-200
2.88056e-05
-6.02868e-07
-200
2.87471e-05
-5.06717e-07
-200
2.84745e-05
-4.21249e-07
-200
2.80202e-05
-3.9855e-07
-200
2.74235e-05
-4.28644e-07
-200
2.58225e-05
-4.83106e-07
-200
2.42256e-05
-5.30244e-07
-200
2.29187e-05
-5.24716e-07
-200
2.16497e-05
-4.85965e-07
-200
2.03099e-05
-4.11269e-07
1.92059e-05
-3.1646e-07
-200
2.35862e-05
1.2238e-06
-200
2.52232e-05
8.41572e-07
-200
2.66668e-05
-3.53818e-07
-200
2.792e-05
-5.53971e-07
-200
2.86562e-05
-5.71387e-07
-200
2.8849e-05
-5.28173e-07
-200
2.87408e-05
-4.58423e-07
-200
2.84302e-05
-3.67448e-07
-200
2.79584e-05
-3.65805e-07
-200
2.73399e-05
-3.82712e-07
-200
2.57005e-05
-4.069e-07
-200
2.40746e-05
-4.01567e-07
-200
2.27684e-05
-3.77109e-07
-200
2.156e-05
-3.21008e-07
-200
2.02748e-05
-2.57549e-07
1.90917e-05
-1.58644e-07
-200
2.24804e-05
1.38367e-06
-200
2.45143e-05
1.0192e-06
-200
2.63495e-05
-4.78101e-07
-200
2.76384e-05
-6.94345e-07
-200
2.83537e-05
-7.47864e-07
-200
2.85517e-05
-7.20705e-07
-200
2.84255e-05
-6.55553e-07
-200
2.81171e-05
-6.12716e-07
-200
2.76459e-05
-6.01359e-07
-200
2.70641e-05
-5.84712e-07
-200
2.54263e-05
-5.6515e-07
-200
2.38019e-05
-5.01069e-07
-200
2.25601e-05
-4.19111e-07
-200
2.14138e-05
-3.66798e-07
-200
2.0192e-05
-3.77601e-07
-200
1.85272e-05
-3.0533e-07
1.64296e-05
-200
2.11658e-05
1.68874e-06
-200
2.36807e-05
1.23051e-06
-200
2.56198e-05
-3.05269e-07
-200
2.69172e-05
-5.51117e-07
-200
2.76058e-05
-6.60108e-07
-200
2.77952e-05
-6.91346e-07
-200
2.76672e-05
-6.71043e-07
-200
2.73906e-05
-6.58131e-07
-200
2.6958e-05
-6.37045e-07
-200
2.64542e-05
-5.6215e-07
-200
2.48425e-05
-4.75066e-07
-200
2.32423e-05
-3.51032e-07
-200
2.20706e-05
-2.68614e-07
-200
2.10307e-05
-2.65823e-07
-200
1.97423e-05
-2.14356e-07
-200
1.79351e-05
-1.34688e-07
1.56437e-05
7.23636e-08
-200
2.04019e-05
1.78605e-06
-200
2.30931e-05
1.13989e-06
-200
2.48383e-05
-4.91681e-07
-200
2.59617e-05
-8.14879e-07
-200
2.6536e-05
-9.53736e-07
-200
2.66347e-05
-1.02435e-06
-200
2.65097e-05
-1.05093e-06
-200
2.62571e-05
-1.03708e-06
-200
2.58944e-05
-9.80249e-07
-200
2.54979e-05
-8.05373e-07
-200
2.39045e-05
-6.68266e-07
-200
2.23256e-05
-4.81996e-07
-200
2.12681e-05
-3.17333e-07
-200
2.03014e-05
-2.32691e-07
-200
1.90102e-05
-1.7682e-07
-200
1.71762e-05
-2.63486e-07
1.49495e-05
-1.0265e-07
-200
2.07826e-05
2.11262e-06
-200
2.30026e-05
1.36375e-06
-200
2.42083e-05
-5.22209e-07
-200
2.48371e-05
-8.24833e-07
-200
2.51209e-05
-1.00654e-06
-200
2.50465e-05
-1.10023e-06
-200
2.48748e-05
-1.13389e-06
-200
2.4644e-05
-1.09855e-06
-200
2.4357e-05
-9.93805e-07
-200
2.41014e-05
-7.77877e-07
-200
2.24936e-05
-5.24847e-07
-200
2.0993e-05
-2.58314e-07
-200
2.00225e-05
-4.39609e-09
-200
1.91134e-05
1.01085e-07
-200
1.79271e-05
1.2932e-08
-200
1.63218e-05
1.22887e-08
1.46156e-05
1.65438e-07
-200
2.23784e-05
1.90504e-06
-200
2.34466e-05
1.16228e-06
-200
2.36518e-05
-8.25676e-07
-200
2.35291e-05
-1.14007e-06
-200
2.33674e-05
-1.30873e-06
-200
2.30643e-05
-1.42587e-06
-200
2.27859e-05
-1.45912e-06
-200
2.26144e-05
-1.41631e-06
-200
2.24536e-05
-1.2686e-06
-200
2.23466e-05
-1.02424e-06
-200
2.07693e-05
-7.60295e-07
-200
1.93103e-05
-4.1635e-07
-200
1.84683e-05
-1.79183e-07
-200
1.76601e-05
-1.18647e-07
-200
1.67359e-05
-1.90648e-07
-200
1.57481e-05
-1.93602e-07
1.46274e-05
-1.40314e-07
-200
2.39372e-05
1.64975e-06
-200
2.35487e-05
1.31575e-06
-200
2.27893e-05
-7.39248e-07
-200
2.18393e-05
-9.9455e-07
-200
2.1135e-05
-1.1225e-06
-200
2.05337e-05
-1.22334e-06
-200
2.01861e-05
-1.24871e-06
-200
2.00699e-05
-1.18155e-06
-200
2.00798e-05
-1.0199e-06
-200
2.01443e-05
-7.89226e-07
-200
1.86572e-05
-4.87152e-07
-200
1.7319e-05
-2.00134e-07
-200
1.65653e-05
7.5765e-08
-200
1.59457e-05
2.43536e-07
-200
1.5496e-05
2.84784e-07
-200
1.50292e-05
4.45012e-07
1.45149e-05
5.8271e-07
-200
2.42589e-05
9.29035e-07
-200
2.27127e-05
9.55062e-07
-200
2.13594e-05
-1.04192e-06
-200
1.97337e-05
-1.19805e-06
-200
1.85288e-05
-1.22177e-06
-200
1.76638e-05
-1.23598e-06
-200
1.72776e-05
-1.2404e-06
-200
1.73325e-05
-1.19576e-06
-200
1.74787e-05
-1.07721e-06
-200
1.77412e-05
-8.73583e-07
-200
1.63443e-05
-6.69626e-07
-200
1.52391e-05
-4.01489e-07
-200
1.4627e-05
-1.91888e-07
-200
1.4394e-05
1.90724e-07
-200
1.4457e-05
4.84169e-07
-200
1.44868e-05
6.2229e-07
1.42744e-05
7.06504e-07
-200
2.25148e-05
4.94651e-07
-200
2.04563e-05
9.00117e-07
-200
1.90019e-05
-1.02397e-06
-200
1.68992e-05
-9.71577e-07
-200
1.52944e-05
-8.28473e-07
-200
1.42627e-05
-6.7183e-07
-200
1.38699e-05
-5.54977e-07
-200
1.39967e-05
-5.58105e-07
-200
-5.61782e-07
-200
-4.69902e-07
-200
-3.65653e-07
-200
-2.30914e-07
-200
1.34124e-07
-200
6.28735e-07
-200
1.0633e-06
-200
1.4669e-06
1.3613e-06
-200
-5.19339e-08
-200
7.79614e-07
-200
-1.06455e-06
-200
-9.09512e-07
-200
-5.3674e-07
-200
-2.41208e-07
-200
-1.5727e-07
-1.34118e-08
-200
1.15354e-06
-9.53724e-07
-200
1.61134e-06
-3.84841e-07
-200
1.83787e-06
-2.91885e-08
-200
2.10403e-06
2.94775e-07
-200
2.33651e-06
5.32829e-07
-200
2.53592e-06
7.05209e-07
-200
2.72165e-06
8.14755e-07
-200
2.90354e-06
8.69592e-07
-200
3.07352e-06
9.00422e-07
-200
3.22821e-06
9.09095e-07
-200
3.21142e-06
9.02826e-07
-200
3.13182e-06
8.88695e-07
-200
3.00517e-06
8.80382e-07
-200
2.83267e-06
8.69196e-07
-200
2.63451e-06
8.51189e-07
2.41134e-06
7.98655e-07
-200
2.21579e-06
-1.33733e-06
-200
2.98297e-06
-7.5668e-07
-200
3.42195e-06
-3.44007e-07
-200
3.95777e-06
1.0555e-08
-200
4.42152e-06
2.61169e-07
-200
4.83353e-06
4.37261e-07
-200
5.20818e-06
5.42779e-07
-200
5.56009e-06
5.87015e-07
-200
5.87832e-06
5.96227e-07
-200
6.17469e-06
5.90692e-07
-200
6.1159e-06
5.76606e-07
-200
5.94476e-06
5.66025e-07
-200
5.69906e-06
5.73264e-07
-200
5.36844e-06
5.83087e-07
-200
4.97791e-06
5.85068e-07
4.52468e-06
5.53923e-07
-200
3.38529e-06
-1.29766e-06
-200
4.43739e-06
-7.51607e-07
-200
5.07965e-06
-3.45855e-07
-200
5.87218e-06
6.74557e-09
-200
6.56133e-06
2.55707e-07
-200
7.17411e-06
4.28197e-07
-200
7.72945e-06
5.28526e-07
-200
8.23872e-06
5.68466e-07
-200
8.67954e-06
5.69097e-07
-200
9.07664e-06
5.50681e-07
-200
8.95507e-06
5.26802e-07
-200
8.67632e-06
5.11827e-07
-200
8.30732e-06
5.19762e-07
-200
7.82353e-06
5.34712e-07
-200
7.24742e-06
5.44079e-07
6.57926e-06
5.13068e-07
-200
4.5751e-06
-1.24412e-06
-200
5.92142e-06
-7.2059e-07
-200
6.77403e-06
-3.24155e-07
-200
7.81296e-06
2.45987e-08
-200
8.71412e-06
2.68982e-07
-200
9.50993e-06
4.33075e-07
-200
1.02263e-05
5.24752e-07
-200
1.08664e-05
5.56387e-07
-200
1.13972e-05
5.44789e-07
-200
1.18504e-05
5.12411e-07
-200
1.164e-05
4.78141e-07
-200
1.12362e-05
4.6017e-07
-200
1.07403e-05
4.7214e-07
-200
1.01112e-05
4.88521e-07
-200
9.36272e-06
4.92577e-07
8.5012e-06
4.68284e-07
-200
5.88435e-06
-1.15633e-06
-200
7.50466e-06
-6.71713e-07
-200
8.5627e-06
-2.91956e-07
-200
9.82809e-06
5.08397e-08
-200
1.09196e-05
2.85754e-07
-200
1.18749e-05
4.36068e-07
-200
1.27241e-05
5.14728e-07
-200
1.34605e-05
5.32899e-07
-200
1.40447e-05
5.08049e-07
-200
1.45083e-05
4.63044e-07
-200
1.41715e-05
4.2402e-07
-200
1.3634e-05
4.0923e-07
-200
1.30153e-05
4.222e-07
-200
1.22629e-05
4.45825e-07
-200
1.13607e-05
4.6092e-07
1.03107e-05
4.35605e-07
-200
7.31539e-06
-1.11524e-06
-200
9.16359e-06
-6.51848e-07
-200
1.03912e-05
-2.97993e-07
-200
1.18473e-05
2.84978e-08
-200
1.30944e-05
2.4287e-07
-200
1.41733e-05
3.74205e-07
-200
1.51146e-05
4.33919e-07
-200
1.59043e-05
4.34801e-07
-200
1.64989e-05
3.97357e-07
-200
1.69284e-05
3.46134e-07
-200
1.64334e-05
3.10594e-07
-200
1.57733e-05
3.04166e-07
-200
1.50573e-05
3.24779e-07
-200
1.41872e-05
3.45757e-07
-200
1.31446e-05
3.52401e-07
1.19362e-05
3.3776e-07
-200
8.93681e-06
-9.7525e-07
-200
1.0976e-05
-5.55337e-07
-200
1.23224e-05
-2.42483e-07
-200
1.39251e-05
6.25914e-08
-200
1.52829e-05
2.49629e-07
-200
1.64417e-05
3.57586e-07
-200
1.74284e-05
3.95121e-07
-200
1.82296e-05
3.80485e-07
-200
1.87955e-05
3.38593e-07
-200
1.91464e-05
2.9316e-07
-200
1.85087e-05
2.71524e-07
-200
1.77451e-05
2.78622e-07
-200
1.69281e-05
2.96119e-07
-200
1.59459e-05
3.17576e-07
-200
1.47902e-05
3.38851e-07
1.34364e-05
3.17185e-07
-200
1.07178e-05
-9.20522e-07
-200
1.28821e-05
-5.20511e-07
-200
1.42802e-05
-2.68958e-07
-200
1.59673e-05
-2.91359e-09
-200
1.73758e-05
1.46818e-07
-200
1.8561e-05
2.2298e-07
-200
1.95484e-05
2.38111e-07
-200
2.03114e-05
2.11135e-07
-200
2.08012e-05
1.72831e-07
-200
2.10557e-05
1.47983e-07
-200
2.02951e-05
1.47175e-07
-200
1.94246e-05
1.56292e-07
-200
1.85158e-05
1.72071e-07
-200
1.7451e-05
1.88343e-07
-200
1.62051e-05
1.99342e-07
1.47472e-05
1.94728e-07
-200
1.27068e-05
-7.25707e-07
-200
1.4937e-05
-3.64711e-07
-200
1.63271e-05
-1.94618e-07
-200
1.8027e-05
2.91852e-08
-200
1.94258e-05
1.38174e-07
-200
2.05878e-05
1.83906e-07
-200
2.1531e-05
1.81373e-07
-200
2.22143e-05
1.54185e-07
-200
2.2592e-05
1.3329e-07
-200
2.27545e-05
1.37627e-07
-200
2.18976e-05
1.52079e-07
-200
2.09003e-05
1.55118e-07
-200
1.99202e-05
1.68637e-07
-200
1.87903e-05
1.80172e-07
-200
1.74774e-05
2.05548e-07
1.59395e-05
1.9968e-07
-200
1.48251e-05
-6.62007e-07
-200
1.70165e-05
-3.04914e-07
-200
1.83472e-05
-2.32256e-07
-200
1.99855e-05
-7.1119e-08
-200
2.13133e-05
-1.12182e-08
-200
2.24052e-05
5.85607e-09
-200
2.32548e-05
-9.20546e-09
-200
2.38169e-05
-2.88579e-08
-200
2.40797e-05
-2.16946e-08
-200
2.41348e-05
5.80519e-09
-200
2.31628e-05
1.77786e-08
-200
2.20771e-05
1.73331e-08
-200
2.10384e-05
3.14818e-08
-200
1.98615e-05
3.24555e-08
-200
1.85047e-05
5.12943e-08
1.6938e-05
6.62325e-08
-200
1.7074e-05
-4.14939e-07
-200
1.9161e-05
-1.54285e-07
-200
2.03784e-05
-1.40853e-07
-200
2.1889e-05
-3.24669e-08
-200
2.3106e-05
-1.22762e-08
-200
2.40881e-05
-1.12035e-08
-200
2.48094e-05
-2.82747e-08
-200
2.52252e-05
-3.10944e-08
-200
2.53732e-05
3.78107e-09
-200
2.53335e-05
4.21557e-08
-200
2.42323e-05
4.41397e-08
-200
2.3054e-05
3.96176e-08
-200
2.19635e-05
3.7005e-08
-200
2.07619e-05
4.80288e-08
-200
1.93894e-05
8.25053e-08
1.78167e-05
9.54817e-08
-200
1.93059e-05
-3.2463e-07
-200
2.1208e-05
-1.39692e-07
-200
2.22445e-05
-2.07833e-07
-200
2.35961e-05
-1.42517e-07
-200
2.46833e-05
-1.56311e-07
-200
2.55264e-05
-1.72562e-07
-200
2.60836e-05
-1.91497e-07
-200
2.6348e-05
-1.7383e-07
-200
2.63616e-05
-1.22917e-07
-200
2.61935e-05
-9.70766e-08
-200
2.50029e-05
-9.96055e-08
-200
2.37326e-05
-1.18045e-07
-200
2.2597e-05
-1.24319e-07
-200
2.13817e-05
-1.14678e-07
-200
2.00152e-05
-8.45615e-08
1.84854e-05
-3.23248e-08
-200
2.14254e-05
-5.19086e-08
-200
2.31464e-05
-1.93605e-08
-200
2.39797e-05
-1.39226e-07
-200
2.51577e-05
-8.18108e-08
-200
2.61038e-05
-1.12174e-07
-200
2.67885e-05
-1.42457e-07
-200
2.71708e-05
-1.51339e-07
-200
2.7283e-05
-1.14102e-07
-200
2.71728e-05
-6.07542e-08
-200
2.68894e-05
-4.04604e-08
-200
2.5596e-05
-5.52771e-08
-200
2.42309e-05
-8.64915e-08
-200
2.30448e-05
-9.39243e-08
-200
2.18165e-05
-8.16963e-08
-200
2.04822e-05
-3.33153e-08
1.90087e-05
1.94632e-08
-200
2.31954e-05
2.46508e-08
-200
2.46884e-05
1.61424e-08
-200
2.53801e-05
-2.16805e-07
-200
2.6413e-05
-2.13203e-07
-200
2.72153e-05
-2.48516e-07
-200
2.77342e-05
-2.69396e-07
-200
2.79628e-05
-2.56746e-07
-200
2.79395e-05
-2.07994e-07
-200
2.77046e-05
-1.72164e-07
-200
2.73228e-05
-1.64459e-07
-200
2.59287e-05
-1.94046e-07
-200
2.44731e-05
-2.28997e-07
-200
2.32281e-05
-2.36855e-07
-200
2.198e-05
-2.26852e-07
-200
2.06613e-05
-1.91778e-07
1.92701e-05
-1.22604e-07
-200
2.4439e-05
3.23245e-07
-200
2.57736e-05
2.28526e-07
-200
2.64147e-05
-1.48275e-07
-200
2.73707e-05
-1.96427e-07
-200
2.80609e-05
-2.21175e-07
-200
2.84313e-05
-2.1033e-07
-200
2.85293e-05
-1.77305e-07
-200
2.84036e-05
-1.27705e-07
-200
2.80874e-05
-9.52483e-08
-200
2.76175e-05
-9.73739e-08
-200
2.61348e-05
-1.25658e-07
-200
2.46033e-05
-1.59422e-07
-200
2.33037e-05
-1.59799e-07
-200
2.19947e-05
-1.53626e-07
-200
2.06397e-05
-1.05062e-07
1.94711e-05
-5.38119e-08
-200
2.48753e-05
4.70605e-07
-200
2.61052e-05
3.07404e-07
-200
2.68654e-05
-2.27766e-07
-200
2.78276e-05
-3.42278e-07
-200
2.84413e-05
-3.64677e-07
-200
2.87223e-05
-3.38862e-07
-200
2.87362e-05
-2.87315e-07
-200
2.85515e-05
-2.4453e-07
-200
2.81789e-05
-2.20773e-07
-200
2.76558e-05
-2.25953e-07
-200
2.61115e-05
-2.48098e-07
-200
2.45183e-05
-2.68692e-07
-200
2.31731e-05
-2.68506e-07
-200
2.18211e-05
-2.44042e-07
-200
2.04496e-05
-1.79363e-07
1.92022e-05
-1.49289e-07
-200
2.44363e-05
8.06009e-07
-200
2.5752e-05
5.47979e-07
-200
2.68334e-05
-1.95806e-07
-200
2.78563e-05
-3.11014e-07
-200
2.84546e-05
-3.19922e-07
-200
2.87088e-05
-2.92662e-07
-200
2.86715e-05
-2.44161e-07
-200
2.84764e-05
-2.04548e-07
-200
2.80948e-05
-1.93648e-07
-200
2.75649e-05
-1.91446e-07
-200
2.59818e-05
-1.96041e-07
-200
2.43664e-05
-1.91324e-07
-200
2.30295e-05
-1.64004e-07
-200
2.17001e-05
-1.31877e-07
-200
2.02058e-05
-1.00307e-07
1.87361e-05
-4.85176e-08
-200
2.31228e-05
9.67237e-07
-200
2.48899e-05
6.35524e-07
-200
2.61867e-05
-3.23468e-07
-200
2.73455e-05
-3.79167e-07
-200
2.80015e-05
-3.95871e-07
-200
2.82397e-05
-3.73271e-07
-200
2.82315e-05
-3.39073e-07
-200
2.80414e-05
-3.11183e-07
-200
2.76749e-05
-3.0068e-07
-200
2.71873e-05
-2.85103e-07
-200
2.56085e-05
-2.73578e-07
-200
2.40233e-05
-2.29826e-07
-200
2.27014e-05
-1.67648e-07
-200
2.14379e-05
-1.47752e-07
-200
1.99485e-05
-1.34477e-07
1.83508e-05
-1.33161e-07
-200
2.14984e-05
1.02738e-06
-200
2.3856e-05
7.56671e-07
-200
2.52928e-05
-1.73829e-07
-200
2.65598e-05
-3.42435e-07
-200
2.72753e-05
-3.97276e-07
-200
2.74942e-05
-4.01453e-07
-200
2.75096e-05
-3.93806e-07
-200
2.73481e-05
-3.78065e-07
-200
2.70364e-05
-3.69555e-07
-200
2.66535e-05
-3.33421e-07
-200
2.51117e-05
-2.87123e-07
-200
2.35578e-05
-2.11506e-07
-200
2.23284e-05
-1.7804e-07
-200
2.11645e-05
-1.29083e-07
-200
1.9763e-05
-9.94108e-08
-200
1.75471e-05
-4.34547e-08
1.55434e-05
-200
2.02706e-05
1.05454e-06
-200
2.28333e-05
7.81629e-07
-200
2.43611e-05
-3.46658e-07
-200
2.54922e-05
-5.03547e-07
-200
2.61192e-05
-5.63234e-07
-200
2.63029e-05
-6.06002e-07
-200
2.62783e-05
-6.13604e-07
-200
2.61488e-05
-5.91289e-07
-200
2.59191e-05
-5.53244e-07
-200
2.56532e-05
-4.60754e-07
-200
2.41429e-05
-3.6907e-07
-200
2.26039e-05
-2.5656e-07
-200
2.15372e-05
-1.23718e-07
-200
2.05359e-05
-8.31064e-08
-200
1.90932e-05
-8.07011e-08
-200
1.67469e-05
-1.2106e-07
1.47523e-05
1.20594e-07
-200
2.02635e-05
1.19856e-06
-200
2.25777e-05
6.01741e-07
-200
2.36155e-05
-3.37051e-07
-200
2.43576e-05
-5.33331e-07
-200
2.47277e-05
-6.42259e-07
-200
2.47807e-05
-7.14833e-07
-200
2.46721e-05
-7.24092e-07
-200
2.45624e-05
-6.95981e-07
-200
2.44185e-05
-6.21279e-07
-200
2.42562e-05
-4.75014e-07
-200
2.27748e-05
-3.13372e-07
-200
2.12925e-05
-1.43467e-07
-200
2.03944e-05
2.63666e-08
-200
1.95311e-05
2.83713e-08
-200
1.81469e-05
-2.94637e-09
-200
1.62622e-05
5.22713e-08
1.43503e-05
1.34684e-07
-200
2.1456e-05
9.85196e-07
-200
2.26845e-05
6.55676e-07
-200
2.29163e-05
-6.50588e-07
-200
2.29981e-05
-7.73834e-07
-200
2.29685e-05
-8.5544e-07
-200
2.27465e-05
-9.2036e-07
-200
2.25347e-05
-9.43256e-07
-200
2.2428e-05
-9.25227e-07
-200
2.23616e-05
-8.39205e-07
-200
2.23511e-05
-6.79159e-07
-200
2.0881e-05
-4.84449e-07
-200
1.95881e-05
-3.20815e-07
-200
1.87663e-05
-1.66911e-07
-200
1.79115e-05
-1.05185e-07
-200
1.68368e-05
-2.6282e-07
-200
1.5611e-05
-1.68735e-07
1.4473e-05
7.27746e-08
-200
2.27256e-05
8.65818e-07
-200
2.28233e-05
6.43462e-07
-200
2.20214e-05
-5.20452e-07
-200
2.13563e-05
-6.3126e-07
-200
2.08639e-05
-7.0606e-07
-200
2.03416e-05
-7.75297e-07
-200
2.002e-05
-8.12422e-07
-200
1.9899e-05
-7.66363e-07
-200
1.99226e-05
-6.78651e-07
-200
2.00978e-05
-5.35756e-07
-200
1.87159e-05
-3.50062e-07
-200
1.757e-05
-1.40764e-07
-200
1.68156e-05
2.77302e-08
-200
1.61405e-05
8.02836e-08
-200
1.55067e-05
1.59158e-07
-200
1.49288e-05
4.22432e-07
1.4353e-05
4.31423e-07
-200
2.28551e-05
4.68998e-07
-200
2.20897e-05
4.37625e-07
-200
2.05716e-05
-7.73363e-07
-200
1.92389e-05
-8.05189e-07
-200
1.8318e-05
-8.09647e-07
-200
1.7538e-05
-8.37122e-07
-200
1.70892e-05
-8.29811e-07
-200
1.69942e-05
-8.40506e-07
-200
1.71651e-05
-7.72231e-07
-200
1.75451e-05
-6.53622e-07
-200
1.63192e-05
-5.54225e-07
-200
1.52628e-05
-4.09307e-07
-200
1.46238e-05
-1.96397e-07
-200
1.42398e-05
7.39593e-08
-200
1.43426e-05
2.49589e-07
-200
1.43038e-05
2.12527e-07
1.39886e-05
4.34626e-07
-200
2.14889e-05
3.18848e-07
-200
2.00906e-05
5.12008e-07
-200
1.83486e-05
-6.90342e-07
-200
1.65889e-05
-6.10304e-07
-200
1.53421e-05
-4.94433e-07
-200
1.44045e-05
-4.15763e-07
-200
1.3921e-05
-3.74544e-07
-200
1.38989e-05
-3.39144e-07
-200
1.41773e-05
-3.27122e-07
-200
1.48085e-05
-3.08241e-07
-200
1.36904e-05
-2.13384e-07
-200
-7.3968e-08
-200
1.89848e-07
-200
4.36044e-07
-200
6.48303e-07
-200
9.36176e-07
8.90105e-07
-200
7.50862e-08
-200
5.07408e-07
-200
-7.90511e-07
-200
-5.71002e-07
-200
-3.44989e-07
-200
-1.45192e-07
-200
-1.86073e-08
-200
-6.59114e-08
-200
-1.87089e-07
-200
-9.86182e-08
-1.04404e-07
-200
1.65814e-06
-200
2.11428e-06
-200
2.34918e-06
-200
2.62096e-06
-200
2.86436e-06
-200
3.08562e-06
-200
3.2865e-06
-200
3.47056e-06
-200
3.63274e-06
-200
3.77948e-06
-200
3.76432e-06
-200
3.69811e-06
-200
3.58802e-06
-200
3.42805e-06
-200
3.23108e-06
3.00496e-06
-200
3.15986e-06
-200
3.95242e-06
-200
4.40954e-06
-200
4.95566e-06
-200
5.44454e-06
-200
5.88356e-06
-200
6.28121e-06
-200
6.63873e-06
-200
6.94257e-06
-200
7.22074e-06
-200
7.16558e-06
-200
7.02478e-06
-200
6.80799e-06
-200
6.50054e-06
-200
6.12103e-06
5.68298e-06
-200
4.72605e-06
-200
5.83153e-06
-200
6.5034e-06
-200
7.31299e-06
-200
8.03631e-06
-200
8.68258e-06
-200
9.26276e-06
-200
9.77573e-06
-200
1.02015e-05
-200
1.05764e-05
-200
1.04652e-05
-200
1.02343e-05
-200
9.90416e-06
-200
9.45501e-06
-200
8.89852e-06
8.24776e-06
-200
6.31059e-06
-200
7.74331e-06
-200
8.63742e-06
-200
9.69845e-06
-200
1.06394e-05
-200
1.14742e-05
-200
1.22157e-05
-200
1.28578e-05
-200
1.33755e-05
-200
1.38056e-05
-200
1.36188e-05
-200
1.32786e-05
-200
1.28331e-05
-200
1.22454e-05
-200
1.15194e-05
1.06763e-05
-200
7.99051e-06
-200
9.72079e-06
-200
1.08246e-05
-200
1.21123e-05
-200
1.32464e-05
-200
1.42427e-05
-200
1.51143e-05
-200
1.58513e-05
-200
1.6424e-05
-200
1.68678e-05
-200
1.6584e-05
-200
1.6123e-05
-200
1.55625e-05
-200
1.4848e-05
-200
1.39723e-05
1.2945e-05
-200
9.76072e-06
-200
1.17421e-05
-200
1.30186e-05
-200
1.44953e-05
-200
1.57854e-05
-200
1.69047e-05
-200
1.78665e-05
-200
1.86572e-05
-200
1.92442e-05
-200
1.96627e-05
-200
1.92636e-05
-200
1.86794e-05
-200
1.80152e-05
-200
1.71831e-05
-200
1.61736e-05
1.49955e-05
-200
1.1688e-05
-200
1.38741e-05
-200
1.5277e-05
-200
1.68927e-05
-200
1.82899e-05
-200
1.94865e-05
-200
2.04944e-05
-200
2.12962e-05
-200
2.18596e-05
-200
2.2223e-05
-200
2.16986e-05
-200
2.09989e-05
-200
2.02445e-05
-200
1.93128e-05
-200
1.81969e-05
1.68789e-05
-200
1.37092e-05
-200
1.60317e-05
-200
1.75023e-05
-200
1.91881e-05
-200
2.06314e-05
-200
2.18536e-05
-200
2.28607e-05
-200
2.36303e-05
-200
2.41361e-05
-200
2.44192e-05
-200
2.37735e-05
-200
2.29721e-05
-200
2.21384e-05
-200
2.11261e-05
-200
1.99253e-05
1.85144e-05
-200
1.58931e-05
-200
1.82842e-05
-200
1.97819e-05
-200
2.14571e-05
-200
2.28859e-05
-200
2.40847e-05
-200
2.50474e-05
-200
2.57486e-05
-200
2.61696e-05
-200
2.63601e-05
-200
2.56052e-05
-200
2.47134e-05
-200
2.38137e-05
-200
2.27435e-05
-200
2.14845e-05
2.00005e-05
-200
1.81294e-05
-200
2.05061e-05
-200
2.19315e-05
-200
2.35318e-05
-200
2.48934e-05
-200
2.60228e-05
-200
2.6901e-05
-200
2.75027e-05
-200
2.78174e-05
-200
2.79122e-05
-200
2.70566e-05
-200
2.60823e-05
-200
2.51335e-05
-200
2.40211e-05
-200
2.2725e-05
2.12221e-05
-200
2.04573e-05
-200
2.27613e-05
-200
2.40228e-05
-200
2.5516e-05
-200
2.67804e-05
-200
2.78071e-05
-200
2.857e-05
-200
2.90465e-05
-200
2.92458e-05
-200
2.92497e-05
-200
2.82925e-05
-200
2.72412e-05
-200
2.62481e-05
-200
2.51178e-05
-200
2.38121e-05
2.23044e-05
-200
2.26501e-05
-200
2.48479e-05
-200
2.58855e-05
-200
2.72157e-05
-200
2.83731e-05
-200
2.92676e-05
-200
2.9885e-05
-200
3.02206e-05
-200
3.03052e-05
-200
3.0211e-05
-200
2.9153e-05
-200
2.8023e-05
-200
2.69897e-05
-200
2.58507e-05
-200
2.45568e-05
2.31029e-05
-200
2.47087e-05
-200
2.67563e-05
-200
2.76016e-05
-200
2.87807e-05
-200
2.98104e-05
-200
3.05563e-05
-200
3.10191e-05
-200
3.12192e-05
-200
3.11971e-05
-200
3.10049e-05
-200
2.98476e-05
-200
2.86347e-05
-200
2.75562e-05
-200
2.64114e-05
-200
2.51462e-05
2.37438e-05
-200
2.63697e-05
-200
2.82439e-05
-200
2.89378e-05
-200
3.00019e-05
-200
3.08732e-05
-200
3.14728e-05
-200
3.17986e-05
-200
3.18847e-05
-200
3.17607e-05
-200
3.1475e-05
-200
3.02211e-05
-200
2.8928e-05
-200
2.77939e-05
-200
2.66202e-05
-200
2.53736e-05
2.40522e-05
-200
2.76073e-05
-200
2.9325e-05
-200
2.99441e-05
-200
3.0951e-05
-200
3.16968e-05
-200
3.21769e-05
-200
3.23935e-05
-200
3.23903e-05
-200
3.21939e-05
-200
3.18437e-05
-200
3.05189e-05
-200
2.91468e-05
-200
2.79425e-05
-200
2.67197e-05
-200
2.548e-05
2.41806e-05
-200
2.81209e-05
-200
2.97358e-05
-200
3.03827e-05
-200
3.13767e-05
-200
3.20628e-05
-200
3.24622e-05
-200
3.26212e-05
-200
3.25318e-05
-200
3.23299e-05
-200
3.19517e-05
-200
3.05645e-05
-200
2.91257e-05
-200
2.78807e-05
-200
2.66013e-05
-200
2.52318e-05
2.40421e-05
-200
2.78022e-05
-200
2.95182e-05
-200
3.03493e-05
-200
3.14042e-05
-200
3.21084e-05
-200
3.24691e-05
-200
3.26205e-05
-200
3.24989e-05
-200
3.23266e-05
-200
3.19541e-05
-200
3.05346e-05
-200
2.9097e-05
-200
2.78329e-05
-200
2.64366e-05
-200
2.50694e-05
2.38583e-05
-200
2.65358e-05
-200
2.85837e-05
-200
2.97003e-05
-200
3.09232e-05
-200
3.1685e-05
-200
3.20781e-05
-200
3.2258e-05
-200
3.21698e-05
-200
3.20148e-05
-200
3.16923e-05
-200
3.02852e-05
-200
2.88684e-05
-200
2.76838e-05
-200
2.64072e-05
-200
2.50496e-05
2.3245e-05
-200
2.47565e-05
-200
2.7298e-05
-200
2.87636e-05
-200
3.01279e-05
-200
3.09239e-05
-200
3.13568e-05
-200
3.15565e-05
-200
3.15354e-05
-200
3.14017e-05
-200
3.11572e-05
-200
2.97927e-05
-200
2.84335e-05
-200
2.73731e-05
-200
2.63549e-05
-200
2.4913e-05
2.26843e-05
-200
2.32161e-05
-200
2.61054e-05
-200
2.76216e-05
-200
2.89665e-05
-200
2.97246e-05
-200
3.01096e-05
-200
3.03047e-05
-200
3.0358e-05
-200
3.02893e-05
-200
3.01613e-05
-200
2.88159e-05
-200
2.75951e-05
-200
2.67991e-05
-200
2.58257e-05
-200
2.4348e-05
-200
2.21538e-05
1.9494e-05
-200
2.27719e-05
-200
2.53365e-05
-200
2.66287e-05
-200
2.76629e-05
-200
2.82009e-05
-200
2.84303e-05
-200
2.85661e-05
-200
2.86625e-05
-200
2.86938e-05
-200
2.86949e-05
-200
2.74219e-05
-200
2.63603e-05
-200
2.56861e-05
-200
2.48316e-05
-200
2.34892e-05
-200
2.16511e-05
1.96404e-05
-200
2.33499e-05
-200
2.50542e-05
-200
2.55369e-05
-200
2.60351e-05
-200
2.61969e-05
-200
2.62e-05
-200
2.62255e-05
-200
2.63067e-05
-200
2.64072e-05
-200
2.65699e-05
-200
2.54462e-05
-200
2.44275e-05
-200
2.37872e-05
-200
2.31145e-05
-200
2.20076e-05
-200
2.0942e-05
1.97827e-05
-200
2.41365e-05
-200
2.48485e-05
-200
2.44623e-05
-200
2.43143e-05
-200
2.40276e-05
-200
2.37501e-05
-200
2.36328e-05
-200
2.37009e-05
-200
2.38768e-05
-200
2.42296e-05
-200
2.32112e-05
-200
2.22375e-05
-200
2.17303e-05
-200
2.12463e-05
-200
2.08189e-05
-200
2.05272e-05
1.99085e-05
-200
2.40576e-05
-200
2.39667e-05
-200
2.28116e-05
-200
2.20615e-05
-200
2.13748e-05
-200
2.08275e-05
-200
2.06066e-05
-200
2.0666e-05
-200
2.09488e-05
-200
2.14834e-05
-200
2.04566e-05
-200
1.9579e-05
-200
1.92916e-05
-200
1.93275e-05
-200
1.95851e-05
-200
1.95388e-05
1.94795e-05
-200
2.28499e-05
-200
2.23389e-05
-200
2.07323e-05
-200
1.95569e-05
-200
1.86008e-05
-200
1.78377e-05
-200
1.76645e-05
-200
1.77707e-05
-200
1.82067e-05
-200
1.88765e-05
-200
1.79357e-05
-200
1.7119e-05
-200
1.72358e-05
-200
1.78345e-05
-200
-200
-200
-200
-200
-200
-200
-200
-200
-200
-200
-200
-200
-200
-200
)
;

boundaryField
{
    frontAndBack
    {
        type            calculated;
        value           uniform 0;
    }
    inlet
    {
        type            calculated;
        value           nonuniform List<scalar> 0();
    }
    outlet
    {
        type            calculated;
        value           nonuniform List<scalar> 
130
(
200
200
200
200
200
200
200
200
200
200
200
200
200
200
200
200
200
200
200
200
200
200
200
200
200
200
200
200
200
200
200
200
200
200
200
200
200
200
200
200
200
200
200
200
200
200
200
200
200
200
200
200
200
200
200
200
200
200
200
200
200
200
200
200
200
200
200
200
200
200
200
200
200
200
200
200
200
200
200
200
200
200
200
200
200
200
200
200
200
200
200
200
200
200
200
200
200
200
200
200
200
200
200
200
200
200
200
200
200
200
200
200
200
200
200
200
200
200
200
200
200
200
200
200
200
200
200
200
200
200
)
;
    }
    lowerWall
    {
        type            calculated;
        value           uniform 0;
    }
    upperWall
    {
        type            calculated;
        value           uniform 0;
    }
    procBoundary0to1
    {
        type            processor;
        value           nonuniform List<scalar> 
135
(
-200
-200
-200
-200
-200
-200
-200
-200
-200
-200
-200
-200
-200
-200
-1.66643e-05
-200
3.82647e-08
-200
-3.43171e-08
-200
-200
-200
-200
-200
-200
-200
-200
-200
-200
-200
-200
-200
-200
-200
-200
-200
-200
-200
-200
-200
-200
-200
-200
-200
-1.7846e-05
-200
2.66938e-08
-200
-200
-200
-200
-200
-200
-200
-200
-200
-200
-200
-200
-200
-200
-200
-200
-200
-200
-200
-200
-200
-200
-200
-200
-200
-1.72225e-05
-200
-2.07901e-07
-200
-200
-200
-200
-200
-200
-200
-200
-200
-200
-200
-200
-200
-200
-200
-200
-200
-200
-200
-200
-200
-200
-200
-200
-200
-1.63883e-05
-200
2.5222e-08
-200
-200
-200
-200
-200
-200
-200
-200
-200
-200
-200
-200
-200
-200
-200
-200
-200
-200
-200
-200
-200
-200
-200
-200
-200
-2.04304e-05
-200
-200
-200
-200
-200
-200
)
;
    }
    procBoundary0to3
    {
        type            processor;
        value           nonuniform List<scalar> 
101
(
1.66781e-05
1.52406e-05
1.44019e-05
1.39532e-05
1.39859e-05
1.44009e-05
1.51726e-05
1.44268e-05
1.34415e-05
1.30515e-05
1.31416e-05
1.32678e-05
1.3462e-05
1.36299e-05
2.00356e-05
1.70123e-05
-200
1.46621e-05
6.60123e-07
3.31556e-07
1.10912e-07
1.38052e-05
1.37968e-05
1.43829e-05
1.5134e-05
1.40061e-05
1.29699e-05
1.26972e-05
1.27113e-05
1.32846e-05
1.36433e-05
1.37882e-05
1.87884e-05
1.78792e-05
1.58076e-05
1.30645e-05
1.1096e-05
-200
9.77641e-06
9.29669e-08
-1.73266e-08
1.42771e-05
1.48083e-05
1.36605e-05
1.26855e-05
1.24673e-05
1.25823e-05
1.31957e-05
1.34489e-05
1.37599e-05
1.85542e-05
1.73126e-05
1.56131e-05
1.33111e-05
1.1486e-05
1.03902e-05
1.01109e-05
-200
1.01007e-05
2.16362e-07
2.26575e-07
1.79001e-07
1.26373e-05
1.22195e-05
1.2507e-05
1.31251e-05
1.3473e-05
1.35615e-05
1.82502e-05
1.67392e-05
1.5256e-05
1.33098e-05
1.19447e-05
1.09982e-05
1.0496e-05
1.06905e-05
1.11079e-05
1.20568e-05
-200
1.08118e-05
-6.54364e-08
-2.07374e-07
-5.63698e-07
1.84395e-05
1.89272e-05
1.9415e-05
2.00818e-05
1.96934e-05
1.79231e-05
1.65572e-05
1.55069e-05
1.47272e-05
1.46483e-05
1.48378e-05
1.54063e-05
1.63718e-05
1.54926e-05
1.48798e-05
1.5382e-05
-200
1.61488e-05
)
;
    }
}


// ************************************************************************* //
