/*--------------------------------*- C++ -*----------------------------------*\
  =========                 |
  \\      /  F ield         | OpenFOAM: The Open Source CFD Toolbox
   \\    /   O peration     | Website:  https://openfoam.org
    \\  /    A nd           | Version:  10
     \\/     M anipulation  |
\*---------------------------------------------------------------------------*/
FoamFile
{
    format      ascii;
    class       volVectorField;
    location    "20";
    object      U;
}
// * * * * * * * * * * * * * * * * * * * * * * * * * * * * * * * * * * * * * //

dimensions      [0 1 -1 0 0 0 0];

internalField   nonuniform List<vector> 
2083
(
(-10 1.85426e-08 -3.38448e-08)
(-10 3.2645e-08 -2.70892e-08)
(-10 3.65941e-08 -9.34856e-09)
(-10 4.08389e-08 3.5116e-09)
(-10 4.34066e-08 1.19007e-08)
(-10 4.68628e-08 1.71151e-08)
(-10 4.9022e-08 2.09495e-08)
(-10 5.19266e-08 2.13411e-08)
(-10 5.60964e-08 2.12734e-08)
(-10 6.04175e-08 2.10067e-08)
(-10 6.37174e-08 2.08245e-08)
(-10 6.26988e-08 1.95868e-08)
(-10 6.04903e-08 1.97948e-08)
(-10 5.71778e-08 2.15275e-08)
(-10 5.04246e-08 2.27435e-08)
(-10 4.70831e-08 2.26822e-08)
(-10 3.67242e-08 -5.206e-08)
(-10 7.66299e-08 -4.57723e-08)
(-10 9.39735e-08 -2.43081e-08)
(-10 1.11114e-07 -8.34922e-09)
(-10 1.2412e-07 -2.02218e-10)
(-10 1.37956e-07 5.70114e-09)
(-10 1.49331e-07 9.57873e-09)
(-10 1.626e-07 8.93252e-09)
(-10 1.77115e-07 7.64487e-09)
(-10 1.89301e-07 5.68836e-09)
(-10 1.96765e-07 5.6852e-09)
(-10 1.92869e-07 6.30287e-09)
(-10 1.84712e-07 6.15882e-09)
(-10 1.75267e-07 9.52404e-09)
(-10 1.56298e-07 1.25788e-08)
(-10 1.43422e-07 1.11046e-08)
(-10 9.77204e-08 -5.94803e-08)
(-10 1.4807e-07 -5.46274e-08)
(-10 1.71778e-07 -3.29732e-08)
(-10 2.04366e-07 -1.73102e-08)
(-10 2.33921e-07 -8.71382e-09)
(-10 2.56067e-07 -2.87091e-09)
(-10 2.77456e-07 1.7804e-10)
(-10 2.99175e-07 1.853e-09)
(-10 3.19797e-07 2.41266e-10)
(-10 3.4414e-07 -2.7992e-10)
(-10 3.47535e-07 -3.5452e-10)
(-10 3.39816e-07 -3.72026e-10)
(-10 3.23563e-07 -4.47628e-10)
(-10 2.99895e-07 2.04755e-09)
(-10 2.77475e-07 5.65248e-09)
(-10 2.50883e-07 3.73854e-09)
(-10 1.40313e-07 -6.16778e-08)
(-10 2.04709e-07 -5.88458e-08)
(-10 2.40763e-07 -3.72796e-08)
(-10 2.82502e-07 -2.10682e-08)
(-10 3.20823e-07 -1.04169e-08)
(-10 3.52568e-07 -3.89747e-09)
(-10 3.81674e-07 -1.97739e-10)
(-10 4.09558e-07 9.01075e-10)
(-10 4.36358e-07 -3.01007e-10)
(-10 4.59665e-07 -1.92679e-09)
(-10 4.56967e-07 -2.90243e-09)
(-10 4.41876e-07 -4.83616e-09)
(-10 4.20092e-07 -4.65406e-09)
(-10 3.94989e-07 -1.94426e-09)
(-10 3.6599e-07 9.88386e-10)
(-10 3.3212e-07 7.19854e-10)
(-10 1.95036e-07 -5.78903e-08)
(-10 2.75116e-07 -5.622e-08)
(-10 3.24917e-07 -3.43784e-08)
(-10 3.77397e-07 -1.79173e-08)
(-10 4.22828e-07 -6.75171e-09)
(-10 4.62934e-07 -4.56535e-10)
(-10 4.99057e-07 3.92189e-09)
(-10 5.32219e-07 4.12164e-09)
(-10 5.61608e-07 2.68321e-09)
(-10 5.84325e-07 -5.30102e-11)
(-10 5.77839e-07 -2.53012e-09)
(-10 5.56491e-07 -5.34349e-09)
(-10 5.31056e-07 -4.56589e-09)
(-10 5.01813e-07 -2.0791e-09)
(-10 4.64993e-07 2.51132e-09)
(-10 4.24475e-07 2.43517e-09)
(-10 2.45733e-07 -5.65329e-08)
(-10 3.41004e-07 -5.37206e-08)
(-10 4.0324e-07 -3.21963e-08)
(-10 4.64108e-07 -1.60173e-08)
(-10 5.16757e-07 -5.97642e-09)
(-10 5.63092e-07 9.30096e-10)
(-10 6.03864e-07 3.45717e-09)
(-10 6.41168e-07 2.95613e-09)
(-10 6.7169e-07 7.08209e-10)
(-10 6.94089e-07 -1.61318e-09)
(-10 6.82563e-07 -5.2455e-09)
(-10 6.53889e-07 -7.01012e-09)
(-10 6.25105e-07 -6.25194e-09)
(-10 5.90481e-07 -3.00807e-09)
(-10 5.48266e-07 5.58253e-10)
(-10 5.01921e-07 -2.15877e-09)
(-10 3.07945e-07 -5.18042e-08)
(-10 4.18256e-07 -4.9717e-08)
(-10 4.92515e-07 -2.9305e-08)
(-10 5.59778e-07 -1.36789e-08)
(-10 6.19181e-07 -5.26567e-09)
(-10 6.69993e-07 1.25804e-09)
(-10 7.15083e-07 1.90712e-09)
(-10 7.53457e-07 8.04304e-10)
(-10 7.8236e-07 -1.71582e-09)
(-10 8.02485e-07 -4.31171e-09)
(-10 7.8321e-07 -7.30407e-09)
(-10 7.49778e-07 -7.11525e-09)
(-10 7.1674e-07 -6.58862e-09)
(-10 6.76987e-07 -3.56563e-09)
(-10 6.31574e-07 -1.07303e-10)
(-10 5.79093e-07 -2.21677e-09)
(-10 3.71939e-07 -4.69292e-08)
(-10 4.9422e-07 -4.59309e-08)
(-10 5.77424e-07 -2.68107e-08)
(-10 6.49852e-07 -1.3333e-08)
(-10 7.12658e-07 -5.46445e-09)
(-10 7.66658e-07 -2.27047e-09)
(-10 8.13485e-07 -2.18828e-09)
(-10 8.51703e-07 -3.99359e-09)
(-10 8.78517e-07 -5.89922e-09)
(-10 8.95556e-07 -8.19668e-09)
(-10 8.7007e-07 -9.32648e-09)
(-10 8.30564e-07 -9.09783e-09)
(-10 7.91985e-07 -7.56745e-09)
(-10 7.49228e-07 -4.86642e-09)
(-10 7.00535e-07 -2.32191e-09)
(-10 6.43507e-07 -2.18888e-09)
(-10 4.5261e-07 -4.05151e-08)
(-10 5.83432e-07 -4.02444e-08)
(-10 6.73224e-07 -2.35585e-08)
(-10 7.48524e-07 -1.22809e-08)
(-10 8.12005e-07 -5.42838e-09)
(-10 8.67131e-07 -4.47412e-09)
(-10 9.13742e-07 -5.39206e-09)
(-10 9.49158e-07 -7.01733e-09)
(-10 9.72876e-07 -8.85098e-09)
(-10 9.84013e-07 -1.01146e-08)
(-10 9.54095e-07 -9.086e-09)
(-10 9.08729e-07 -8.90729e-09)
(-10 8.66416e-07 -7.39269e-09)
(-10 8.20743e-07 -6.03012e-09)
(-10 7.66537e-07 -2.15702e-09)
(-10 7.06545e-07 -1.4607e-09)
(-10 5.42058e-07 -3.59519e-08)
(-10 6.75266e-07 -3.38887e-08)
(-10 7.66799e-07 -2.14788e-08)
(-10 8.40589e-07 -1.12061e-08)
(-10 9.04093e-07 -7.64829e-09)
(-10 9.5745e-07 -7.77521e-09)
(-10 1.0019e-06 -9.39419e-09)
(-10 1.03282e-06 -1.08544e-08)
(-10 1.05083e-06 -1.16396e-08)
(-10 1.05666e-06 -1.09572e-08)
(-10 1.02172e-06 -1.00743e-08)
(-10 9.71176e-07 -8.91248e-09)
(-10 9.26197e-07 -9.51893e-09)
(-10 8.77567e-07 -8.26974e-09)
(-10 8.20077e-07 -5.58721e-09)
(-10 7.56636e-07 -5.84028e-09)
(-10 6.49002e-07 -2.79984e-08)
(-10 7.76818e-07 -2.62721e-08)
(-10 8.66255e-07 -1.82236e-08)
(-10 9.37856e-07 -9.32536e-09)
(-10 9.9809e-07 -7.91581e-09)
(-10 1.0488e-06 -9.12743e-09)
(-10 1.08721e-06 -1.09211e-08)
(-10 1.11264e-06 -1.23885e-08)
(-10 1.12282e-06 -1.14474e-08)
(-10 1.12428e-06 -9.38728e-09)
(-10 1.0837e-06 -7.82492e-09)
(-10 1.02933e-06 -8.33859e-09)
(-10 9.80871e-07 -1.07579e-08)
(-10 9.28179e-07 -9.50761e-09)
(-10 8.69676e-07 -6.19544e-09)
(-10 8.03278e-07 -4.00649e-09)
(-10 7.62647e-07 -2.05805e-08)
(-10 8.77393e-07 -1.97341e-08)
(-10 9.61761e-07 -1.43087e-08)
(-10 1.02943e-06 -1.00669e-08)
(-10 1.08459e-06 -9.17273e-09)
(-10 1.12993e-06 -1.09769e-08)
(-10 1.16031e-06 -1.30077e-08)
(-10 1.17803e-06 -1.31582e-08)
(-10 1.18126e-06 -1.10999e-08)
(-10 1.17785e-06 -8.59784e-09)
(-10 1.13226e-06 -8.34655e-09)
(-10 1.07384e-06 -1.13557e-08)
(-10 1.02151e-06 -1.37408e-08)
(-10 9.6675e-07 -1.12347e-08)
(-10 9.0672e-07 -8.33722e-09)
(-10 8.39296e-07 -2.4548e-09)
(-10 8.81449e-07 -1.221e-08)
(-10 9.78976e-07 -1.24982e-08)
(-10 1.05499e-06 -9.93591e-09)
(-10 1.1193e-06 -7.90312e-09)
(-10 1.16892e-06 -8.3854e-09)
(-10 1.20413e-06 -1.05315e-08)
(-10 1.2271e-06 -1.21382e-08)
(-10 1.23522e-06 -1.05121e-08)
(-10 1.23322e-06 -8.2206e-09)
(-10 1.22417e-06 -7.10399e-09)
(-10 1.17524e-06 -7.78258e-09)
(-10 1.11238e-06 -1.31924e-08)
(-10 1.05735e-06 -1.41998e-08)
(-10 1.00202e-06 -1.24274e-08)
(-10 9.39666e-07 -7.63049e-09)
(-10 8.72136e-07 -2.5206e-10)
(-10 9.90626e-07 -8.58084e-09)
(-10 1.06907e-06 -4.67674e-09)
(-10 1.13787e-06 -7.32498e-09)
(-10 1.198e-06 -6.78187e-09)
(-10 1.24114e-06 -1.01356e-08)
(-10 1.26643e-06 -1.14103e-08)
(-10 1.28038e-06 -1.16375e-08)
(-10 1.28041e-06 -9.24273e-09)
(-10 1.2728e-06 -6.86311e-09)
(-10 1.2588e-06 -6.45254e-09)
(-10 1.20637e-06 -1.12514e-08)
(-10 1.13961e-06 -1.50583e-08)
(-10 1.08247e-06 -1.64113e-08)
(-10 1.02594e-06 -1.48231e-08)
(-10 9.63287e-07 -1.19178e-08)
(-10 8.94992e-07 -7.3852e-09)
(-10 1.07799e-06 3.57866e-09)
(-10 1.1423e-06 -7.44504e-10)
(-10 1.20885e-06 -4.7728e-09)
(-10 1.2645e-06 -4.41671e-09)
(-10 1.30144e-06 -7.84325e-09)
(-10 1.31704e-06 -9.2754e-09)
(-10 1.32071e-06 -7.85951e-09)
(-10 1.31552e-06 -4.87041e-09)
(-10 1.30233e-06 -2.36765e-09)
(-10 1.28555e-06 -3.57428e-09)
(-10 1.22954e-06 -9.01218e-09)
(-10 1.15986e-06 -1.15878e-08)
(-10 1.10152e-06 -1.49104e-08)
(-10 1.04373e-06 -1.49094e-08)
(-10 9.82397e-07 -6.94348e-09)
(-10 9.14997e-07 2.38112e-10)
(-10 8.38656e-07 1.57696e-09)
(-10 1.12937e-06 8.86146e-09)
(-10 1.19314e-06 -2.5043e-09)
(-10 1.26157e-06 -2.15555e-09)
(-10 1.31346e-06 -4.85116e-09)
(-10 1.3426e-06 -7.2183e-09)
(-10 1.34949e-06 -8.5249e-09)
(-10 1.34573e-06 -5.4689e-09)
(-10 1.33628e-06 -1.36871e-09)
(-10 1.31945e-06 5.92766e-10)
(-10 1.30067e-06 -2.61898e-09)
(-10 1.24183e-06 -6.05262e-09)
(-10 1.1701e-06 -9.95454e-09)
(-10 1.11062e-06 -1.09317e-08)
(-10 1.05298e-06 -7.45132e-09)
(-10 9.92834e-07 -5.63461e-09)
(-10 9.27245e-07 -6.59538e-09)
(-10 8.52262e-07 -5.91357e-09)
(-10 1.14294e-06 1.65333e-08)
(-10 1.21797e-06 6.30714e-09)
(-10 1.28863e-06 -4.68742e-09)
(-10 1.33766e-06 -5.28734e-09)
(-10 1.35755e-06 -6.1583e-09)
(-10 1.35645e-06 -6.02492e-09)
(-10 1.35053e-06 -3.1289e-09)
(-10 1.33692e-06 1.42138e-09)
(-10 1.31948e-06 1.24466e-09)
(-10 1.29924e-06 -1.77151e-09)
(-10 1.23929e-06 -3.16993e-09)
(-10 1.16677e-06 -4.82356e-09)
(-10 1.10714e-06 -4.36239e-09)
(-10 1.05205e-06 -7.57976e-09)
(-10 9.93801e-07 -8.41132e-09)
(-10 9.30125e-07 -1.43866e-09)
(-10 8.57126e-07 -6.5574e-10)
(-10 1.12466e-06 1.87809e-08)
(-10 1.21801e-06 9.32185e-09)
(-10 1.2904e-06 -3.12762e-10)
(-10 1.3359e-06 -6.54442e-09)
(-10 1.35052e-06 -1.09244e-08)
(-10 1.34638e-06 -9.07012e-09)
(-10 1.33902e-06 -2.49396e-09)
(-10 1.32386e-06 -2.01384e-09)
(-10 1.30647e-06 -3.06363e-09)
(-10 1.28682e-06 -2.57465e-09)
(-10 1.22635e-06 -2.928e-09)
(-10 1.15342e-06 -1.8174e-09)
(-10 1.09483e-06 -2.2278e-09)
(-10 1.04096e-06 1.92043e-09)
(-10 9.85366e-07 6.91109e-09)
(-10 9.24341e-07 -1.06431e-08)
(-10 8.56135e-07 -1.18248e-08)
(-10 1.08941e-06 3.20336e-08)
(-10 1.20071e-06 1.78661e-08)
(-10 1.27239e-06 -6.68544e-09)
(-10 1.3101e-06 -9.96643e-09)
(-10 1.32072e-06 -1.17286e-08)
(-10 1.31594e-06 -1.23151e-08)
(-10 1.30512e-06 -7.28331e-09)
(-10 1.29116e-06 -9.31936e-09)
(-10 1.2736e-06 -8.82989e-09)
(-10 1.25595e-06 -7.23354e-09)
(-10 1.19487e-06 -5.5217e-09)
(-10 1.12131e-06 5.83321e-10)
(-10 1.06457e-06 3.31513e-09)
(-10 1.01325e-06 -2.15638e-09)
(-10 9.62037e-07 -8.66995e-09)
(-10 9.07477e-07 -2.14369e-09)
(-10 8.46271e-07 -1.18257e-09)
(-10 1.06206e-06 3.46766e-08)
(-10 1.17671e-06 1.793e-08)
(-10 1.23906e-06 -1.60321e-09)
(-10 1.26626e-06 -1.60697e-08)
(-10 1.27107e-06 -1.88445e-08)
(-10 1.263e-06 -1.83126e-08)
(-10 1.25104e-06 -1.84184e-08)
(-10 1.23889e-06 -1.86461e-08)
(-10 1.22309e-06 -1.71538e-08)
(-10 1.20843e-06 -1.56774e-08)
(-10 1.14654e-06 -8.81207e-09)
(-10 1.07327e-06 -3.29726e-09)
(-10 1.0183e-06 -4.77234e-10)
(-10 9.71738e-07 9.10475e-10)
(-10 9.26696e-07 1.94495e-09)
(-10 8.77708e-07 -1.26223e-08)
(-10 8.22551e-07 -1.12501e-08)
(-10 1.08114e-06 4.72231e-08)
(-10 1.16657e-06 3.17131e-08)
(-10 1.20696e-06 -7.1526e-09)
(-10 1.22259e-06 -1.68208e-08)
(-10 1.21539e-06 -2.38884e-08)
(-10 1.19892e-06 -2.5798e-08)
(-10 1.18762e-06 -2.55802e-08)
(-10 1.1749e-06 -2.69557e-08)
(-10 1.16237e-06 -2.53283e-08)
(-10 1.15167e-06 -2.03519e-08)
(-10 1.09024e-06 -1.32608e-08)
(-10 1.01738e-06 -5.43675e-09)
(-10 9.64779e-07 3.20466e-09)
(-10 9.24931e-07 -1.08948e-10)
(-10 8.85475e-07 -3.185e-09)
(-10 8.43226e-07 -7.20002e-10)
(-10 7.97615e-07 5.11099e-09)
(-10 1.17812e-06 5.17746e-08)
(-10 1.19358e-06 3.33828e-08)
(-10 1.19258e-06 3.79109e-09)
(-10 1.18499e-06 -1.42986e-08)
(-10 1.16759e-06 -2.35375e-08)
(-10 1.14628e-06 -2.54197e-08)
(-10 1.13253e-06 -2.56899e-08)
(-10 1.12184e-06 -2.80188e-08)
(-10 1.11431e-06 -2.76899e-08)
(-10 1.10839e-06 -2.06428e-08)
(-10 1.04835e-06 -1.33958e-08)
(-10 9.76901e-07 -7.18499e-09)
(-10 9.31294e-07 -1.17703e-09)
(-10 8.96561e-07 3.5886e-09)
(-10 8.67647e-07 7.31977e-09)
(-10 8.34012e-07 4.62056e-09)
(-10 7.97209e-07 2.55082e-09)
(-10 1.34014e-06 4.87605e-08)
(-10 1.2743e-06 4.23574e-08)
(-10 1.22107e-06 1.5709e-10)
(-10 1.19245e-06 -4.82554e-09)
(-10 1.16636e-06 -1.31562e-08)
(-10 1.14395e-06 -1.77961e-08)
(-10 1.12923e-06 -1.55256e-08)
(-10 1.11847e-06 -1.26818e-08)
(-10 1.11138e-06 -1.35159e-08)
(-10 1.11133e-06 -8.69559e-09)
(-10 1.05621e-06 -6.11794e-09)
(-10 9.92048e-07 3.01101e-09)
(-10 9.51998e-07 1.14574e-08)
(-10 9.33845e-07 1.19997e-08)
(-10 9.11295e-07 2.00426e-08)
(-10 8.88369e-07 3.10811e-08)
(-10 8.6316e-07 3.74972e-08)
(-10 1.41975e-06 1.49117e-08)
(-10 1.28455e-06 1.30011e-08)
(-10 1.17197e-06 -2.11469e-08)
(-10 1.11798e-06 -3.07354e-08)
(-10 1.08311e-06 -2.94432e-08)
(-10 1.05204e-06 -1.74541e-08)
(-10 1.03755e-06 -1.81929e-08)
(-10 1.03078e-06 -2.74697e-08)
(-10 1.03477e-06 -2.31501e-08)
(-10 1.05012e-06 -2.15861e-08)
(-10 9.96864e-07 -1.39499e-08)
(-10 9.31916e-07 -8.94836e-09)
(-10 9.01884e-07 -2.0671e-09)
(-10 8.74933e-07 1.27514e-08)
(-10 8.78634e-07 2.12456e-08)
(-10 8.66871e-07 3.86854e-08)
(-10 8.39456e-07 3.71151e-08)
(-10 1.36216e-06 -1.2853e-08)
(-10 1.20263e-06 -1.29272e-09)
(-10 1.05889e-06 -3.2207e-08)
(-10 9.90965e-07 -4.11179e-08)
(-10 9.34206e-07 -3.96895e-08)
(-10 8.96626e-07 -4.05681e-08)
(-10 8.77065e-07 -3.48062e-08)
(-10 8.78315e-07 -2.74771e-08)
(-10 8.88051e-07 -3.69666e-08)
(-10 9.09399e-07 -3.83863e-08)
(-10 8.62013e-07 -4.13899e-08)
(-10 8.09579e-07 -3.54861e-08)
(-10 7.80438e-07 -2.47342e-08)
(-10 7.75946e-07 -1.46562e-08)
(-10 7.7951e-07 1.09298e-08)
(-10 7.70016e-07 1.14132e-08)
(-10 7.84949e-07 8.53811e-09)
(-10 1.19423e-06 -1.03615e-08)
(-10 1.03462e-06 7.22379e-09)
(-10 9.30746e-07 -2.96636e-08)
(-10 1.51965e-08 -1.26598e-07)
(-10 2.8827e-08 -9.53247e-08)
(-10 3.44157e-08 -5.55812e-08)
(-10 3.98106e-08 -1.92337e-08)
(-10 4.40049e-08 4.06507e-09)
(-10 4.82877e-08 1.80407e-08)
(-10 5.32419e-08 2.54228e-08)
(-10 5.8083e-08 3.05441e-08)
(-10 6.24638e-08 3.35369e-08)
(-10 6.8116e-08 3.28238e-08)
(-10 7.03899e-08 2.84245e-08)
(-10 7.0443e-08 2.70359e-08)
(-10 6.80538e-08 2.77329e-08)
(-10 6.41737e-08 3.0872e-08)
(-10 5.927e-08 4.04467e-08)
(-10 5.36439e-08 3.98582e-08)
(-10 4.39599e-08 -1.72805e-07)
(-10 8.01761e-08 -1.44565e-07)
(-10 9.68864e-08 -9.78522e-08)
(-10 1.15171e-07 -5.85525e-08)
(-10 1.29739e-07 -3.55326e-08)
(-10 1.43966e-07 -2.01496e-08)
(-10 1.5868e-07 -1.29976e-08)
(-10 1.7381e-07 -1.15222e-08)
(-10 1.88818e-07 -1.04586e-08)
(-10 2.04759e-07 -1.13727e-08)
(-10 2.08062e-07 -1.45122e-08)
(-10 2.04259e-07 -1.85454e-08)
(-10 1.94368e-07 -1.74484e-08)
(-10 1.81418e-07 -7.49226e-09)
(-10 1.65595e-07 2.65114e-09)
(-10 1.5004e-07 4.90966e-09)
(-10 1.13605e-07 -1.67105e-07)
(-10 1.6543e-07 -1.43297e-07)
(-10 1.90964e-07 -9.66194e-08)
(-10 2.21988e-07 -5.55823e-08)
(-10 2.47715e-07 -3.33874e-08)
(-10 2.71627e-07 -1.60914e-08)
(-10 2.97104e-07 -9.86488e-09)
(-10 3.24005e-07 -6.52008e-09)
(-10 3.48858e-07 -7.38809e-09)
(-10 3.73953e-07 -1.03016e-08)
(-10 3.77069e-07 -1.15657e-08)
(-10 3.6911e-07 -1.75641e-08)
(-10 3.52535e-07 -1.33272e-08)
(-10 3.30491e-07 -3.19699e-09)
(-10 3.03226e-07 3.23975e-09)
(-10 2.73552e-07 5.14246e-09)
(-10 1.57963e-07 -1.61615e-07)
(-10 2.21522e-07 -1.41804e-07)
(-10 2.56135e-07 -9.51337e-08)
(-10 2.98829e-07 -5.42571e-08)
(-10 3.35285e-07 -3.02045e-08)
(-10 3.69047e-07 -1.34898e-08)
(-10 4.03121e-07 -7.47528e-09)
(-10 4.39095e-07 -4.07824e-09)
(-10 4.72549e-07 -5.92884e-09)
(-10 5.03767e-07 -9.08094e-09)
(-10 5.04037e-07 -1.19383e-08)
(-10 4.88866e-07 -1.68254e-08)
(-10 4.64984e-07 -9.46192e-09)
(-10 4.34874e-07 -3.54626e-09)
(-10 3.98686e-07 3.47384e-09)
(-10 3.59177e-07 5.09243e-09)
(-10 2.15943e-07 -1.51298e-07)
(-10 2.92419e-07 -1.33969e-07)
(-10 3.38335e-07 -8.78068e-08)
(-10 3.93282e-07 -4.75425e-08)
(-10 4.41125e-07 -2.28491e-08)
(-10 4.84611e-07 -8.89655e-09)
(-10 5.28143e-07 -1.10232e-09)
(-10 5.72421e-07 5.24848e-10)
(-10 6.12652e-07 -3.02443e-09)
(-10 6.47495e-07 -4.74212e-09)
(-10 6.40899e-07 -1.46009e-08)
(-10 6.18761e-07 -1.23605e-08)
(-10 5.89856e-07 -5.58333e-09)
(-10 5.52423e-07 -1.07673e-09)
(-10 5.07488e-07 6.66099e-09)
(-10 4.55739e-07 6.53136e-09)
(-10 2.7042e-07 -1.4366e-07)
(-10 3.58287e-07 -1.27394e-07)
(-10 4.15984e-07 -8.39351e-08)
(-10 4.8269e-07 -4.44464e-08)
(-10 5.40136e-07 -2.28535e-08)
(-10 5.91902e-07 -9.9318e-09)
(-10 6.43986e-07 -3.61629e-09)
(-10 6.94906e-07 -3.49577e-09)
(-10 7.38868e-07 -6.12275e-09)
(-10 7.72862e-07 -1.58558e-08)
(-10 7.58498e-07 -1.76257e-08)
(-10 7.29908e-07 -1.12049e-08)
(-10 6.94206e-07 -9.65385e-09)
(-10 6.50615e-07 -4.20355e-09)
(-10 5.98367e-07 6.74102e-10)
(-10 5.38101e-07 1.23821e-09)
(-10 3.38243e-07 -1.28717e-07)
(-10 4.3673e-07 -1.15257e-07)
(-10 5.0573e-07 -7.4716e-08)
(-10 5.82681e-07 -3.77483e-08)
(-10 6.48067e-07 -1.88124e-08)
(-10 7.07797e-07 -7.10813e-09)
(-10 7.66625e-07 -4.312e-09)
(-10 8.22054e-07 -4.95544e-09)
(-10 8.66885e-07 -8.63628e-09)
(-10 8.97519e-07 -1.44073e-08)
(-10 8.75223e-07 -1.1154e-08)
(-10 8.38852e-07 -7.77196e-09)
(-10 7.9798e-07 -7.07409e-09)
(-10 7.48724e-07 -2.97085e-09)
(-10 6.89514e-07 2.405e-09)
(-10 6.19622e-07 1.98624e-09)
(-10 4.07673e-07 -1.16919e-07)
(-10 5.13366e-07 -1.06676e-07)
(-10 5.91949e-07 -7.02273e-08)
(-10 6.76115e-07 -3.79468e-08)
(-10 7.47017e-07 -2.00959e-08)
(-10 8.13003e-07 -1.33114e-08)
(-10 8.76547e-07 -1.13702e-08)
(-10 9.33199e-07 -1.44516e-08)
(-10 9.74937e-07 -2.13481e-08)
(-10 1.00117e-06 -1.81532e-08)
(-10 9.68987e-07 -1.25561e-08)
(-10 9.25456e-07 -1.20431e-08)
(-10 8.81417e-07 -1.19887e-08)
(-10 8.27228e-07 -9.62551e-09)
(-10 7.62797e-07 -4.37412e-09)
(-10 6.86909e-07 -3.97867e-09)
(-10 4.93738e-07 -9.71943e-08)
(-10 6.0386e-07 -8.84213e-08)
(-10 6.8842e-07 -5.80323e-08)
(-10 7.77083e-07 -3.22025e-08)
(-10 8.52734e-07 -1.70517e-08)
(-10 9.2284e-07 -1.30894e-08)
(-10 9.88558e-07 -1.24925e-08)
(-10 1.04294e-06 -2.09707e-08)
(-10 1.07858e-06 -1.79179e-08)
(-10 1.0963e-06 -1.11548e-08)
(-10 1.05552e-06 -7.20016e-09)
(-10 1.00815e-06 -9.04391e-09)
(-10 9.61008e-07 -1.16148e-08)
(-10 9.03075e-07 -1.08761e-08)
(-10 8.34652e-07 -3.13416e-09)
(-10 7.52396e-07 -1.2761e-10)
(-10 5.85349e-07 -8.35074e-08)
(-10 6.9564e-07 -7.47874e-08)
(-10 7.82221e-07 -5.29204e-08)
(-10 8.72444e-07 -3.15068e-08)
(-10 9.50298e-07 -2.42968e-08)
(-10 1.02246e-06 -2.05075e-08)
(-10 1.08613e-06 -2.69355e-08)
(-10 1.13393e-06 -2.80833e-08)
(-10 1.16094e-06 -2.01461e-08)
(-10 1.16909e-06 -1.20239e-08)
(-10 1.12115e-06 -1.23701e-08)
(-10 1.071e-06 -1.80564e-08)
(-10 1.02038e-06 -2.25645e-08)
(-10 9.59771e-07 -1.83006e-08)
(-10 8.88506e-07 -9.94421e-09)
(-10 8.0346e-07 -8.85244e-09)
(-10 6.92558e-07 -6.0163e-08)
(-10 7.99789e-07 -4.94282e-08)
(-10 8.8473e-07 -4.02684e-08)
(-10 9.73958e-07 -2.44369e-08)
(-10 1.05234e-06 -2.01498e-08)
(-10 1.12315e-06 -2.19922e-08)
(-10 1.1815e-06 -2.70902e-08)
(-10 1.2195e-06 -1.97108e-08)
(-10 1.23412e-06 -1.14071e-08)
(-10 1.23331e-06 -4.58601e-09)
(-10 1.18239e-06 -9.27525e-09)
(-10 1.12652e-06 -2.06157e-08)
(-10 1.07275e-06 -1.88359e-08)
(-10 1.01022e-06 -1.57636e-08)
(-10 9.37637e-07 -8.06917e-09)
(-10 8.51762e-07 -4.47123e-09)
(-10 8.03969e-07 -4.35046e-08)
(-10 9.04564e-07 -3.67525e-08)
(-10 9.84045e-07 -3.51441e-08)
(-10 1.07049e-06 -2.66085e-08)
(-10 1.14706e-06 -2.59306e-08)
(-10 1.21269e-06 -3.02115e-08)
(-10 1.26072e-06 -2.83111e-08)
(-10 1.28511e-06 -2.02939e-08)
(-10 1.28812e-06 -1.06212e-08)
(-10 1.28104e-06 -1.3144e-08)
(-10 1.22437e-06 -2.00333e-08)
(-10 1.16268e-06 -2.55815e-08)
(-10 1.10665e-06 -2.66603e-08)
(-10 1.04439e-06 -2.27868e-08)
(-10 9.72923e-07 -1.68163e-08)
(-10 8.89106e-07 -8.24863e-09)
(-10 9.18619e-07 -1.95834e-08)
(-10 1.00973e-06 -1.64068e-08)
(-10 1.08392e-06 -2.196e-08)
(-10 1.1663e-06 -1.8387e-08)
(-10 1.23765e-06 -2.10884e-08)
(-10 1.2952e-06 -2.35333e-08)
(-10 1.32979e-06 -1.78929e-08)
(-10 1.33995e-06 -9.87002e-09)
(-10 1.33258e-06 -1.07725e-09)
(-10 1.31911e-06 -5.36649e-09)
(-10 1.25467e-06 -1.98324e-08)
(-10 1.18872e-06 -2.38584e-08)
(-10 1.13196e-06 -2.38698e-08)
(-10 1.07151e-06 -2.12548e-08)
(-10 1.00187e-06 -1.34336e-08)
(-10 9.21787e-07 -3.44467e-09)
(-10 1.02387e-06 -5.37627e-09)
(-10 1.10526e-06 -4.95405e-10)
(-10 1.17793e-06 -1.84662e-08)
(-10 1.2551e-06 -1.88768e-08)
(-10 1.32026e-06 -2.45814e-08)
(-10 1.36596e-06 -2.30001e-08)
(-10 1.38472e-06 -1.7615e-08)
(-10 1.38231e-06 -6.73013e-09)
(-10 1.3671e-06 -8.63593e-09)
(-10 1.34532e-06 -1.28854e-08)
(-10 1.27444e-06 -2.12378e-08)
(-10 1.20446e-06 -2.87699e-08)
(-10 1.14682e-06 -2.89451e-08)
(-10 1.08647e-06 -2.59935e-08)
(-10 1.01953e-06 -1.94918e-08)
(-10 9.47156e-07 -1.22566e-08)
(-10 1.10907e-06 1.64394e-08)
(-10 1.18684e-06 1.11022e-08)
(-10 1.25982e-06 -9.69864e-09)
(-10 1.33357e-06 -1.34296e-08)
(-10 1.39119e-06 -1.78008e-08)
(-10 1.42208e-06 -1.43461e-08)
(-10 1.42811e-06 -8.41575e-09)
(-10 1.41662e-06 1.22344e-09)
(-10 1.3943e-06 -1.96973e-09)
(-10 1.36494e-06 -8.4313e-09)
(-10 1.28941e-06 -1.70053e-08)
(-10 1.21487e-06 -2.36154e-08)
(-10 1.15467e-06 -2.55831e-08)
(-10 1.09714e-06 -2.20312e-08)
(-10 1.03465e-06 -1.57979e-08)
(-10 9.62552e-07 -9.33719e-09)
(-10 1.15774e-06 3.1294e-08)
(-10 1.23856e-06 1.91512e-08)
(-10 1.31721e-06 -1.44699e-08)
(-10 1.39165e-06 -1.85679e-08)
(-10 1.44016e-06 -1.88168e-08)
(-10 1.45843e-06 -1.65017e-08)
(-10 1.45331e-06 -7.81014e-09)
(-10 1.43594e-06 -5.60298e-09)
(-10 1.40814e-06 -7.20295e-09)
(-10 1.37607e-06 -1.02897e-08)
(-10 1.2954e-06 -1.75745e-08)
(-10 1.2169e-06 -2.41434e-08)
(-10 1.15567e-06 -2.55078e-08)
(-10 1.09552e-06 -2.3542e-08)
(-10 1.02869e-06 -2.57357e-08)
(-10 9.6842e-07 -1.76248e-08)
(-10 1.16093e-06 5.38106e-08)
(-10 1.25219e-06 3.77454e-08)
(-10 1.34055e-06 -8.83248e-09)
(-10 1.41684e-06 -1.47876e-08)
(-10 1.45762e-06 -1.67758e-08)
(-10 1.46881e-06 -1.41312e-08)
(-10 1.45677e-06 -6.47505e-09)
(-10 1.4377e-06 -1.51046e-09)
(-10 1.40689e-06 -4.69249e-09)
(-10 1.37221e-06 -7.4691e-09)
(-10 1.28852e-06 -1.22292e-08)
(-10 1.2072e-06 -1.526e-08)
(-10 1.14407e-06 -1.71903e-08)
(-10 1.08572e-06 -1.9487e-08)
(-10 1.03045e-06 -1.50051e-08)
(-10 9.6432e-07 -5.85488e-09)
(-10 8.96728e-07 2.85826e-09)
(-10 1.12557e-06 7.80426e-08)
(-10 1.23443e-06 5.15124e-08)
(-10 1.33502e-06 -1.10597e-08)
(-10 1.41254e-06 -2.0275e-08)
(-10 1.45096e-06 -2.43175e-08)
(-10 1.45594e-06 -2.03928e-08)
(-10 1.43943e-06 -1.57305e-08)
(-10 1.42396e-06 -1.34172e-08)
(-10 1.39207e-06 -1.25777e-08)
(-10 1.35814e-06 -1.24381e-08)
(-10 1.27329e-06 -1.37835e-08)
(-10 1.19377e-06 -1.15985e-08)
(-10 1.13644e-06 -7.5514e-09)
(-10 1.08181e-06 -8.89778e-09)
(-10 1.0181e-06 -1.97869e-08)
(-10 9.54894e-07 -1.42698e-08)
(-10 8.80146e-07 -1.39674e-08)
(-10 1.07339e-06 9.30419e-08)
(-10 1.198e-06 6.30788e-08)
(-10 1.3066e-06 -3.91866e-09)
(-10 1.38196e-06 -1.89592e-08)
(-10 1.41797e-06 -2.60866e-08)
(-10 1.41824e-06 -2.60519e-08)
(-10 1.40408e-06 -2.22102e-08)
(-10 1.38681e-06 -2.10626e-08)
(-10 1.35566e-06 -2.01359e-08)
(-10 1.3244e-06 -1.61209e-08)
(-10 1.24061e-06 -1.17087e-08)
(-10 1.16259e-06 -2.37609e-09)
(-10 1.10355e-06 -5.31093e-10)
(-10 1.05734e-06 -2.67222e-09)
(-10 1.01178e-06 -3.25842e-09)
(-10 9.34872e-07 -1.16736e-08)
(-10 8.35924e-07 -1.13218e-08)
(-10 1.02674e-06 1.03163e-07)
(-10 1.15716e-06 7.71064e-08)
(-10 1.26174e-06 -1.50861e-08)
(-10 1.32996e-06 -3.3503e-08)
(-10 1.35697e-06 -4.25862e-08)
(-10 1.35578e-06 -4.46935e-08)
(-10 1.34171e-06 -4.40982e-08)
(-10 1.32278e-06 -4.37843e-08)
(-10 1.29706e-06 -4.05948e-08)
(-10 1.26933e-06 -3.0564e-08)
(-10 1.1869e-06 -2.41652e-08)
(-10 1.11041e-06 -1.26417e-08)
(-10 1.05717e-06 4.89752e-09)
(-10 1.0138e-06 -2.2362e-09)
(-10 9.61567e-07 -1.68302e-08)
(-10 8.80988e-07 -1.10441e-08)
(-10 7.88198e-07 -4.93885e-11)
(-10 1.02347e-06 1.20872e-07)
(-10 1.13161e-06 8.03332e-08)
(-10 1.21812e-06 -1.42853e-08)
(-10 1.26617e-06 -4.05339e-08)
(-10 1.27968e-06 -5.25147e-08)
(-10 1.27324e-06 -5.81407e-08)
(-10 1.25917e-06 -6.04786e-08)
(-10 1.23951e-06 -5.86518e-08)
(-10 1.21773e-06 -5.32357e-08)
(-10 1.19588e-06 -4.10555e-08)
(-10 1.11468e-06 -3.08168e-08)
(-10 1.03644e-06 -9.34842e-09)
(-10 9.90643e-07 7.25338e-11)
(-10 9.51964e-07 1.31949e-09)
(-10 8.9605e-07 6.45691e-09)
(-10 8.26686e-07 5.20859e-10)
(-10 7.39654e-07 -1.30313e-08)
(-10 1.1031e-06 1.1397e-07)
(-10 1.16857e-06 8.58783e-08)
(-10 1.21057e-06 -3.59951e-08)
(-10 1.21835e-06 -6.2122e-08)
(-10 1.21783e-06 -7.59262e-08)
(-10 1.20201e-06 -8.33341e-08)
(-10 1.18121e-06 -8.45077e-08)
(-10 1.1686e-06 -8.11674e-08)
(-10 1.15091e-06 -6.89214e-08)
(-10 1.13426e-06 -5.96407e-08)
(-10 1.05385e-06 -4.68094e-08)
(-10 9.77753e-07 -2.78346e-08)
(-10 9.34131e-07 -1.51855e-08)
(-10 9.02416e-07 2.89064e-09)
(-10 8.61082e-07 -7.75385e-09)
(-10 7.89392e-07 -1.11148e-08)
(-10 7.34785e-07 -1.57879e-09)
(-10 1.25948e-06 8.70517e-08)
(-10 1.25795e-06 6.45675e-08)
(-10 1.25025e-06 -4.01585e-08)
(-10 1.22175e-06 -6.6706e-08)
(-10 1.19506e-06 -8.11598e-08)
(-10 1.16916e-06 -9.08477e-08)
(-10 1.15879e-06 -9.24861e-08)
(-10 1.14066e-06 -8.75294e-08)
(-10 1.13342e-06 -7.58496e-08)
(-10 1.13255e-06 -6.95767e-08)
(-10 1.05027e-06 -5.80003e-08)
(-10 9.84607e-07 -3.45762e-08)
(-10 9.47793e-07 -2.48912e-08)
(-10 9.14155e-07 -1.3022e-08)
(-10 8.74197e-07 5.80449e-10)
(-10 8.53495e-07 -4.18758e-10)
(-10 8.31246e-07 -1.62583e-09)
(-10 1.33298e-06 4.50282e-08)
(-10 1.2783e-06 4.87843e-08)
(-10 1.21939e-06 -6.17856e-08)
(-10 1.14318e-06 -7.72435e-08)
(-10 1.09977e-06 -8.66461e-08)
(-10 1.05994e-06 -8.64562e-08)
(-10 1.03932e-06 -8.10442e-08)
(-10 1.04312e-06 -8.05327e-08)
(-10 1.04071e-06 -7.69803e-08)
(-10 1.04971e-06 -7.1169e-08)
(-10 9.76562e-07 -6.32189e-08)
(-10 9.08145e-07 -5.59487e-08)
(-10 8.69858e-07 -3.16761e-08)
(-10 8.56376e-07 -1.06249e-08)
(-10 8.54966e-07 2.8532e-09)
(-10 8.46535e-07 2.42774e-08)
(-10 8.16556e-07 9.63329e-09)
(-10 1.27906e-06 -7.7076e-09)
(-10 1.19807e-06 1.93751e-08)
(-10 1.09827e-06 -7.00233e-08)
(-10 1.01462e-06 -8.20412e-08)
(-10 9.37767e-07 -6.75219e-08)
(-10 8.81489e-07 -5.88364e-08)
(-10 8.82388e-07 -7.20272e-08)
(-10 8.66787e-07 -6.15608e-08)
(-10 8.89329e-07 -6.0736e-08)
(-10 9.09175e-07 -6.91771e-08)
(-10 8.40746e-07 -6.64963e-08)
(-10 7.81541e-07 -5.14748e-08)
(-10 7.53935e-07 -4.09607e-08)
(-10 7.50844e-07 -1.07555e-08)
(-10 7.70687e-07 3.37379e-08)
(-10 7.74478e-07 1.21044e-08)
(-10 7.76216e-07 2.91096e-08)
(-10 1.11919e-06 -1.87865e-08)
(-10 1.06643e-06 2.07473e-08)
(-10 9.82238e-07 -8.64279e-08)
(-10 8.56036e-07 -9.09202e-08)
(-10 7.76811e-07 -7.29523e-08)
(-10 7.17869e-07 -5.25264e-08)
(-10 2.44665e-08 -1.49029e-07)
(-10 3.69878e-08 -1.04359e-07)
(-10 4.25843e-08 -7.27445e-08)
(-10 4.87664e-08 -3.53988e-08)
(-10 5.39858e-08 -8.2211e-09)
(-10 5.87601e-08 6.73293e-09)
(-10 6.31713e-08 1.65095e-08)
(-10 6.81894e-08 2.13944e-08)
(-10 7.32049e-08 2.52491e-08)
(-10 7.77137e-08 2.58059e-08)
(-10 7.88802e-08 2.53488e-08)
(-10 7.80018e-08 2.36012e-08)
(-10 7.501e-08 2.36684e-08)
(-10 7.0673e-08 2.60864e-08)
(-10 6.56929e-08 3.05818e-08)
(-10 5.85795e-08 2.78175e-08)
(-10 6.2377e-08 -1.99503e-07)
(-10 9.53981e-08 -1.55266e-07)
(-10 1.12053e-07 -1.14846e-07)
(-10 1.31543e-07 -7.52189e-08)
(-10 1.48081e-07 -4.93243e-08)
(-10 1.62924e-07 -3.1545e-08)
(-10 1.76985e-07 -2.21837e-08)
(-10 1.91546e-07 -1.93958e-08)
(-10 2.05941e-07 -1.8756e-08)
(-10 2.19437e-07 -1.87983e-08)
(-10 2.19449e-07 -2.02318e-08)
(-10 2.13976e-07 -2.08244e-08)
(-10 2.03942e-07 -1.82974e-08)
(-10 1.90594e-07 -1.12531e-08)
(-10 1.75691e-07 -3.59463e-09)
(-10 1.59366e-07 -8.13934e-09)
(-10 1.28481e-07 -1.91395e-07)
(-10 1.76657e-07 -1.51025e-07)
(-10 2.02703e-07 -1.11459e-07)
(-10 2.35006e-07 -7.2796e-08)
(-10 2.62689e-07 -4.64092e-08)
(-10 2.8773e-07 -2.82075e-08)
(-10 3.11688e-07 -1.86273e-08)
(-10 3.35735e-07 -1.55293e-08)
(-10 3.58375e-07 -1.60326e-08)
(-10 3.79378e-07 -1.76727e-08)
(-10 3.77795e-07 -2.01444e-08)
(-10 3.67494e-07 -2.11635e-08)
(-10 3.51096e-07 -1.84582e-08)
(-10 3.29657e-07 -1.10855e-08)
(-10 3.04192e-07 -2.94796e-09)
(-10 2.74863e-07 -5.20574e-09)
(-10 1.76647e-07 -1.84365e-07)
(-10 2.37569e-07 -1.47677e-07)
(-10 2.7323e-07 -1.09283e-07)
(-10 3.176e-07 -7.11456e-08)
(-10 3.55838e-07 -4.44634e-08)
(-10 3.9027e-07 -2.66097e-08)
(-10 4.22594e-07 -1.74756e-08)
(-10 4.5472e-07 -1.47797e-08)
(-10 4.83384e-07 -1.68225e-08)
(-10 5.08836e-07 -1.9789e-08)
(-10 5.03489e-07 -2.36629e-08)
(-10 4.86137e-07 -2.5161e-08)
(-10 4.63113e-07 -2.21585e-08)
(-10 4.34207e-07 -1.43114e-08)
(-10 3.99855e-07 -6.51964e-09)
(-10 3.61502e-07 -7.00198e-09)
(-10 2.37745e-07 -1.70847e-07)
(-10 3.12224e-07 -1.37754e-07)
(-10 3.58861e-07 -9.99505e-08)
(-10 4.15363e-07 -6.18514e-08)
(-10 4.64092e-07 -3.55373e-08)
(-10 5.0765e-07 -1.88272e-08)
(-10 5.48573e-07 -1.08115e-08)
(-10 5.87516e-07 -9.14505e-09)
(-10 6.20711e-07 -1.20233e-08)
(-10 6.48554e-07 -1.70641e-08)
(-10 6.37282e-07 -2.15329e-08)
(-10 6.13091e-07 -2.44603e-08)
(-10 5.85002e-07 -2.07101e-08)
(-10 5.49009e-07 -1.00926e-08)
(-10 5.06152e-07 -1.98739e-09)
(-10 4.56258e-07 -2.99611e-09)
(-10 2.9794e-07 -1.64063e-07)
(-10 3.84214e-07 -1.3386e-07)
(-10 4.41504e-07 -9.76547e-08)
(-10 5.09078e-07 -6.06602e-08)
(-10 5.66846e-07 -3.62259e-08)
(-10 6.17878e-07 -2.16981e-08)
(-10 6.65941e-07 -1.58487e-08)
(-10 7.09654e-07 -1.59596e-08)
(-10 7.45072e-07 -1.99093e-08)
(-10 7.72053e-07 -2.55406e-08)
(-10 7.52487e-07 -3.27846e-08)
(-10 7.2282e-07 -3.26336e-08)
(-10 6.88836e-07 -2.36513e-08)
(-10 6.46929e-07 -1.61364e-08)
(-10 5.96822e-07 -9.89814e-09)
(-10 5.3901e-07 -1.00878e-08)
(-10 3.7088e-07 -1.44476e-07)
(-10 4.67771e-07 -1.17615e-07)
(-10 5.34524e-07 -8.4191e-08)
(-10 6.11143e-07 -4.89842e-08)
(-10 6.76132e-07 -2.72881e-08)
(-10 7.33911e-07 -1.52468e-08)
(-10 7.86829e-07 -1.21776e-08)
(-10 8.33211e-07 -1.32309e-08)
(-10 8.68539e-07 -1.69022e-08)
(-10 8.91912e-07 -2.50021e-08)
(-10 8.65098e-07 -2.70069e-08)
(-10 8.30038e-07 -1.97489e-08)
(-10 7.90863e-07 -1.6817e-08)
(-10 7.43235e-07 -1.22207e-08)
(-10 6.86099e-07 -4.26038e-09)
(-10 6.19119e-07 -4.90418e-09)
(-10 4.47196e-07 -1.33571e-07)
(-10 5.51754e-07 -1.0975e-07)
(-10 6.24732e-07 -8.14242e-08)
(-10 7.07908e-07 -5.01417e-08)
(-10 7.78249e-07 -3.25493e-08)
(-10 8.40133e-07 -2.49364e-08)
(-10 8.95584e-07 -2.29158e-08)
(-10 9.41986e-07 -2.60425e-08)
(-10 9.74213e-07 -3.16146e-08)
(-10 9.9294e-07 -3.46741e-08)
(-10 9.59462e-07 -2.96429e-08)
(-10 9.18329e-07 -2.73682e-08)
(-10 8.74762e-07 -2.621e-08)
(-10 8.22059e-07 -2.01172e-08)
(-10 7.59655e-07 -1.39649e-08)
(-10 6.86923e-07 -1.36838e-08)
(-10 5.3902e-07 -1.06844e-07)
(-10 6.48333e-07 -8.63319e-08)
(-10 7.24381e-07 -6.4876e-08)
(-10 8.11312e-07 -3.79319e-08)
(-10 8.8457e-07 -2.49234e-08)
(-10 9.48233e-07 -2.09e-08)
(-10 1.00379e-06 -2.03125e-08)
(-10 1.04704e-06 -2.33429e-08)
(-10 1.07357e-06 -2.82943e-08)
(-10 1.08701e-06 -2.27995e-08)
(-10 1.04786e-06 -1.30572e-08)
(-10 1.00106e-06 -2.06612e-08)
(-10 9.53861e-07 -1.75414e-08)
(-10 8.97084e-07 -1.32159e-08)
(-10 8.30513e-07 -7.02742e-09)
(-10 7.51833e-07 -6.19199e-09)
(-10 6.36147e-07 -9.24723e-08)
(-10 7.4657e-07 -7.46229e-08)
(-10 8.22065e-07 -6.22401e-08)
(-10 9.08951e-07 -4.1349e-08)
(-10 9.82078e-07 -3.40739e-08)
(-10 1.0451e-06 -3.27728e-08)
(-10 1.09742e-06 -3.44323e-08)
(-10 1.13454e-06 -3.83941e-08)
(-10 1.155e-06 -3.37425e-08)
(-10 1.16204e-06 -2.6106e-08)
(-10 1.11645e-06 -2.74296e-08)
(-10 1.06529e-06 -2.71766e-08)
(-10 1.01397e-06 -2.56371e-08)
(-10 9.54316e-07 -2.35663e-08)
(-10 8.85059e-07 -1.83989e-08)
(-10 8.04126e-07 -1.57572e-08)
(-10 7.45688e-07 -6.16529e-08)
(-10 8.5396e-07 -4.7085e-08)
(-10 9.26122e-07 -4.44785e-08)
(-10 1.01008e-06 -2.91005e-08)
(-10 1.08028e-06 -2.60273e-08)
(-10 1.13975e-06 -2.65571e-08)
(-10 1.18595e-06 -2.90829e-08)
(-10 1.21539e-06 -2.89679e-08)
(-10 1.22743e-06 -1.81297e-08)
(-10 1.22898e-06 -8.09068e-09)
(-10 1.17753e-06 -1.64791e-08)
(-10 1.12055e-06 -1.64258e-08)
(-10 1.06626e-06 -1.74106e-08)
(-10 1.00517e-06 -1.55678e-08)
(-10 9.34802e-07 -9.68902e-09)
(-10 8.52062e-07 -6.07426e-09)
(-10 8.56993e-07 -4.70401e-08)
(-10 9.59134e-07 -3.38579e-08)
(-10 1.02559e-06 -4.33839e-08)
(-10 1.10359e-06 -3.42838e-08)
(-10 1.16863e-06 -3.38397e-08)
(-10 1.22168e-06 -3.6344e-08)
(-10 1.25952e-06 -3.94071e-08)
(-10 1.27946e-06 -3.16456e-08)
(-10 1.28306e-06 -2.41769e-08)
(-10 1.27818e-06 -2.45026e-08)
(-10 1.22038e-06 -2.24063e-08)
(-10 1.15778e-06 -2.67467e-08)
(-10 1.10159e-06 -2.89734e-08)
(-10 1.04008e-06 -2.70114e-08)
(-10 9.69713e-07 -2.18022e-08)
(-10 8.88213e-07 -1.66132e-08)
(-10 9.70543e-07 -1.58014e-08)
(-10 1.06246e-06 -4.03332e-09)
(-10 1.12366e-06 -2.69796e-08)
(-10 1.194e-06 -2.22342e-08)
(-10 1.25266e-06 -2.30939e-08)
(-10 1.29779e-06 -2.73544e-08)
(-10 1.32566e-06 -2.613e-08)
(-10 1.33496e-06 -1.78513e-08)
(-10 1.3313e-06 -1.15879e-08)
(-10 1.31881e-06 -9.47655e-09)
(-10 1.25424e-06 -1.10899e-08)
(-10 1.18749e-06 -1.89836e-08)
(-10 1.12962e-06 -2.06374e-08)
(-10 1.06833e-06 -1.85601e-08)
(-10 9.99451e-07 -1.28097e-08)
(-10 9.22628e-07 -5.46289e-09)
(-10 1.07457e-06 -1.49825e-09)
(-10 1.15743e-06 3.14236e-09)
(-10 1.21122e-06 -3.03551e-08)
(-10 1.2743e-06 -3.02897e-08)
(-10 1.32617e-06 -3.21431e-08)
(-10 1.36148e-06 -3.58086e-08)
(-10 1.37878e-06 -2.89505e-08)
(-10 1.37863e-06 -2.14636e-08)
(-10 1.36753e-06 -1.92548e-08)
(-10 1.34776e-06 -1.55828e-08)
(-10 1.2766e-06 -2.20579e-08)
(-10 1.20514e-06 -2.93745e-08)
(-10 1.14515e-06 -3.09693e-08)
(-10 1.08449e-06 -2.93085e-08)
(-10 1.01729e-06 -2.43107e-08)
(-10 9.41612e-07 -1.48881e-08)
(-10 1.15796e-06 2.81132e-08)
(-10 1.23559e-06 2.42872e-08)
(-10 1.28459e-06 -1.83571e-08)
(-10 1.34398e-06 -2.27352e-08)
(-10 1.38844e-06 -2.45231e-08)
(-10 1.41448e-06 -2.08544e-08)
(-10 1.42022e-06 -1.67474e-08)
(-10 1.41423e-06 -1.09954e-08)
(-10 1.39587e-06 -4.03016e-09)
(-10 1.37029e-06 -4.65965e-09)
(-10 1.29488e-06 -1.26473e-08)
(-10 1.21882e-06 -1.86066e-08)
(-10 1.15668e-06 -2.01271e-08)
(-10 1.09264e-06 -1.79933e-08)
(-10 1.02173e-06 -1.27656e-08)
(-10 9.61897e-07 -5.70561e-09)
(-10 1.2049e-06 4.45436e-08)
(-10 1.27572e-06 3.33631e-08)
(-10 1.3334e-06 -2.72837e-08)
(-10 1.39171e-06 -3.59136e-08)
(-10 1.43002e-06 -3.79903e-08)
(-10 1.44881e-06 -3.4136e-08)
(-10 1.44746e-06 -2.60292e-08)
(-10 1.4354e-06 -1.84503e-08)
(-10 1.41313e-06 -1.57819e-08)
(-10 1.38362e-06 -1.85446e-08)
(-10 1.30384e-06 -2.35451e-08)
(-10 1.22422e-06 -2.79009e-08)
(-10 1.15716e-06 -2.82175e-08)
(-10 1.08741e-06 -2.85233e-08)
(-10 1.02619e-06 -2.92336e-08)
(-10 9.54668e-07 -1.58794e-08)
(-10 1.20332e-06 8.16406e-08)
(-10 1.28917e-06 6.34352e-08)
(-10 1.34887e-06 -1.39311e-08)
(-10 1.40993e-06 -2.76931e-08)
(-10 1.44779e-06 -2.63845e-08)
(-10 1.45896e-06 -2.27288e-08)
(-10 1.45485e-06 -1.75045e-08)
(-10 1.44031e-06 -8.99326e-09)
(-10 1.4171e-06 -8.20078e-09)
(-10 1.38595e-06 -1.02932e-08)
(-10 1.30409e-06 -1.331e-08)
(-10 1.22219e-06 -1.42418e-08)
(-10 1.15474e-06 -1.47466e-08)
(-10 1.0942e-06 -1.32612e-08)
(-10 1.0195e-06 -9.22533e-09)
(-10 9.78877e-07 -5.08003e-09)
(-10 1.16314e-06 9.56001e-08)
(-10 1.2495e-06 7.80455e-08)
(-10 1.33845e-06 -2.1758e-08)
(-10 1.40355e-06 -3.62425e-08)
(-10 1.44126e-06 -3.85327e-08)
(-10 1.45106e-06 -3.4296e-08)
(-10 1.44645e-06 -2.81382e-08)
(-10 1.43174e-06 -2.44579e-08)
(-10 1.40937e-06 -2.3791e-08)
(-10 1.37973e-06 -2.34895e-08)
(-10 1.29865e-06 -2.3046e-08)
(-10 1.21817e-06 -2.02154e-08)
(-10 1.15518e-06 -1.59089e-08)
(-10 1.094e-06 -1.36149e-08)
(-10 1.03656e-06 -2.05172e-08)
(-10 9.58783e-07 -1.65817e-08)
(-10 8.46831e-07 -2.73727e-09)
(-10 1.08923e-06 1.20604e-07)
(-10 1.20276e-06 9.35694e-08)
(-10 1.29671e-06 -7.49074e-09)
(-10 1.36231e-06 -2.209e-08)
(-10 1.39739e-06 -2.87946e-08)
(-10 1.40906e-06 -2.95436e-08)
(-10 1.40346e-06 -2.69621e-08)
(-10 1.39003e-06 -2.56699e-08)
(-10 1.36821e-06 -2.47669e-08)
(-10 1.34279e-06 -2.02846e-08)
(-10 1.26339e-06 -1.49883e-08)
(-10 1.18503e-06 -7.51552e-09)
(-10 1.12671e-06 -2.15816e-09)
(-10 1.07522e-06 -5.02433e-09)
(-10 1.01306e-06 -5.6684e-09)
(-10 9.23993e-07 -4.32555e-09)
(-10 8.25682e-07 6.10208e-09)
(-10 1.01833e-06 1.2876e-07)
(-10 1.14393e-06 8.55585e-08)
(-10 1.23416e-06 -1.98189e-08)
(-10 1.29482e-06 -4.1075e-08)
(-10 1.32746e-06 -4.98818e-08)
(-10 1.33566e-06 -5.46252e-08)
(-10 1.32977e-06 -5.57412e-08)
(-10 1.3179e-06 -5.50584e-08)
(-10 1.29952e-06 -5.20679e-08)
(-10 1.27908e-06 -3.93713e-08)
(-10 1.20176e-06 -3.32147e-08)
(-10 1.12539e-06 -2.13848e-08)
(-10 1.07331e-06 -1.16628e-08)
(-10 1.02699e-06 -1.23261e-08)
(-10 9.67751e-07 -9.06891e-09)
(-10 8.82766e-07 -1.07348e-08)
(-10 7.61428e-07 -1.27944e-08)
(-10 9.94128e-07 1.56031e-07)
(-10 1.10777e-06 1.14501e-07)
(-10 1.1801e-06 -2.04974e-08)
(-10 1.22432e-06 -4.08646e-08)
(-10 1.24607e-06 -5.26172e-08)
(-10 1.24671e-06 -5.81813e-08)
(-10 1.24072e-06 -6.06019e-08)
(-10 1.22909e-06 -5.85159e-08)
(-10 1.2141e-06 -5.24287e-08)
(-10 1.19829e-06 -3.86605e-08)
(-10 1.12182e-06 -2.23157e-08)
(-10 1.04624e-06 -5.34175e-09)
(-10 9.98748e-07 7.33513e-09)
(-10 9.5829e-07 1.69143e-08)
(-10 8.97426e-07 9.59883e-09)
(-10 8.0696e-07 -3.17825e-09)
(-10 7.06376e-07 1.05645e-08)
(-10 1.04844e-06 1.4672e-07)
(-10 1.12187e-06 9.3745e-08)
(-10 1.15752e-06 -4.12743e-08)
(-10 1.17007e-06 -6.51296e-08)
(-10 1.17283e-06 -7.62516e-08)
(-10 1.16263e-06 -8.52534e-08)
(-10 1.15144e-06 -8.84809e-08)
(-10 1.14085e-06 -8.4945e-08)
(-10 1.12911e-06 -7.53682e-08)
(-10 1.12262e-06 -6.08821e-08)
(-10 1.04137e-06 -4.55523e-08)
(-10 9.71399e-07 -2.39672e-08)
(-10 9.2697e-07 -8.09097e-09)
(-10 8.83686e-07 -8.84873e-09)
(-10 8.32535e-07 -1.09759e-08)
(-10 7.68478e-07 -1.7896e-08)
(-10 7.08623e-07 -2.30035e-08)
(-10 1.17782e-06 1.25246e-07)
(-10 1.20094e-06 1.00605e-07)
(-10 1.18767e-06 -4.21756e-08)
(-10 1.16281e-06 -6.4454e-08)
(-10 1.14528e-06 -7.44701e-08)
(-10 1.1267e-06 -8.14707e-08)
(-10 1.11164e-06 -8.10128e-08)
(-10 1.10779e-06 -7.89458e-08)
(-10 1.10633e-06 -6.75221e-08)
(-10 1.10364e-06 -5.32027e-08)
(-10 1.03085e-06 -3.37442e-08)
(-10 9.58823e-07 -1.80748e-08)
(-10 9.25223e-07 -2.5185e-09)
(-10 8.91155e-07 1.19262e-08)
(-10 8.56715e-07 8.21402e-09)
(-10 8.28794e-07 1.13686e-08)
(-10 7.84178e-07 1.74511e-08)
(-10 1.24156e-06 6.9123e-08)
(-10 1.20738e-06 7.16648e-08)
(-10 1.15429e-06 -6.87515e-08)
(-10 1.09506e-06 -8.6333e-08)
(-10 1.04959e-06 -8.77659e-08)
(-10 1.01525e-06 -9.07115e-08)
(-10 1.0013e-06 -9.37067e-08)
(-10 9.96903e-07 -8.55689e-08)
(-10 1.00316e-06 -8.03352e-08)
(-10 1.01859e-06 -6.91793e-08)
(-10 9.4672e-07 -5.70516e-08)
(-10 8.88665e-07 -3.92911e-08)
(-10 8.51675e-07 -2.74663e-08)
(-10 8.28516e-07 -6.10519e-09)
(-10 8.18811e-07 1.10311e-08)
(-10 8.09006e-07 2.21307e-08)
(-10 8.03943e-07 2.64143e-08)
(-10 1.21066e-06 2.94332e-08)
(-10 1.12881e-06 5.13445e-08)
(-10 1.06481e-06 -8.63725e-08)
(-10 9.75524e-07 -8.93103e-08)
(-10 9.12779e-07 -8.51215e-08)
(-10 8.68111e-07 -7.50258e-08)
(-10 8.47646e-07 -6.03939e-08)
(-10 8.62005e-07 -6.94248e-08)
(-10 8.74081e-07 -7.49422e-08)
(-10 8.86726e-07 -6.87769e-08)
(-10 8.18405e-07 -6.3474e-08)
(-10 7.69537e-07 -5.90526e-08)
(-10 7.43768e-07 -3.96062e-08)
(-10 7.42236e-07 -4.91656e-09)
(-10 7.61458e-07 2.39865e-08)
(-10 7.65875e-07 5.59326e-08)
(-10 7.56591e-07 3.42545e-08)
(-10 1.0843e-06 -1.42201e-08)
(-10 1.00556e-06 4.20036e-08)
(-10 9.53227e-07 -9.64809e-08)
(-10 8.47886e-07 -9.57919e-08)
(-10 7.61036e-07 -7.12374e-08)
(-10 7.10465e-07 -5.55815e-08)
(-10 7.01173e-07 -6.05943e-08)
(-10 7.07744e-07 -4.455e-08)
(-10 3.22038e-08 -1.05805e-07)
(-10 4.39974e-08 -6.5046e-08)
(-10 4.95907e-08 -3.84347e-08)
(-10 5.61767e-08 -1.16989e-08)
(-10 6.19807e-08 8.03001e-09)
(-10 6.68144e-08 2.25511e-08)
(-10 7.13667e-08 3.14662e-08)
(-10 7.6154e-08 3.59543e-08)
(-10 8.06612e-08 3.88381e-08)
(-10 8.46725e-08 4.00883e-08)
(-10 8.49616e-08 4.00386e-08)
(-10 8.3433e-08 3.97394e-08)
(-10 7.99766e-08 4.07681e-08)
(-10 7.56722e-08 4.23405e-08)
(-10 7.04193e-08 4.3699e-08)
(-10 6.3973e-08 4.18606e-08)
(-10 7.86095e-08 -1.43021e-07)
(-10 1.09443e-07 -1.01596e-07)
(-10 1.26105e-07 -6.99092e-08)
(-10 1.46276e-07 -4.03854e-08)
(-10 1.63752e-07 -1.91578e-08)
(-10 1.79045e-07 -4.16423e-09)
(-10 1.92989e-07 4.48503e-09)
(-10 2.06179e-07 7.90846e-09)
(-10 2.18415e-07 8.88626e-09)
(-10 2.29752e-07 8.94576e-09)
(-10 2.27709e-07 8.52981e-09)
(-10 2.21022e-07 8.61688e-09)
(-10 2.11327e-07 1.13082e-08)
(-10 1.98342e-07 1.49646e-08)
(-10 1.83502e-07 1.80741e-08)
(-10 1.66975e-07 1.83158e-08)
(-10 1.43194e-07 -1.388e-07)
(-10 1.88647e-07 -1.00419e-07)
(-10 2.15171e-07 -6.91247e-08)
(-10 2.48071e-07 -3.95348e-08)
(-10 2.76619e-07 -1.8564e-08)
(-10 3.02076e-07 -3.74501e-09)
(-10 3.25138e-07 4.56043e-09)
(-10 3.46578e-07 7.76529e-09)
(-10 3.6556e-07 7.92595e-09)
(-10 3.83165e-07 6.85853e-09)
(-10 3.78573e-07 5.64134e-09)
(-10 3.67433e-07 5.41274e-09)
(-10 3.52015e-07 8.30828e-09)
(-10 3.31209e-07 1.23488e-08)
(-10 3.06555e-07 1.6049e-08)
(-10 2.77623e-07 1.6224e-08)
(-10 1.96219e-07 -1.33747e-07)
(-10 2.55175e-07 -9.71596e-08)
(-10 2.91447e-07 -6.64235e-08)
(-10 3.36295e-07 -3.69659e-08)
(-10 3.7528e-07 -1.63872e-08)
(-10 4.09789e-07 -2.24578e-09)
(-10 4.40945e-07 5.40591e-09)
(-10 4.69278e-07 8.03868e-09)
(-10 4.93279e-07 7.28508e-09)
(-10 5.14436e-07 5.05387e-09)
(-10 5.05859e-07 3.06441e-09)
(-10 4.88391e-07 2.77314e-09)
(-10 4.66237e-07 6.14396e-09)
(-10 4.38032e-07 1.02176e-08)
(-10 4.04668e-07 1.3235e-08)
(-10 3.66876e-07 1.35483e-08)
(-10 2.59762e-07 -1.24535e-07)
(-10 3.32805e-07 -9.10593e-08)
(-10 3.79328e-07 -6.1467e-08)
(-10 4.35998e-07 -3.22845e-08)
(-10 4.84949e-07 -1.23704e-08)
(-10 5.27973e-07 6.13355e-10)
(-10 5.66642e-07 7.28838e-09)
(-10 6.00668e-07 8.95098e-09)
(-10 6.28278e-07 7.22927e-09)
(-10 6.51102e-07 4.10317e-09)
(-10 6.37599e-07 1.64237e-09)
(-10 6.13444e-07 2.2346e-09)
(-10 5.85181e-07 5.61262e-09)
(-10 5.50183e-07 9.90508e-09)
(-10 5.08468e-07 1.3723e-08)
(-10 4.59847e-07 1.38638e-08)
(-10 3.26153e-07 -1.20023e-07)
(-10 4.11313e-07 -8.80859e-08)
(-10 4.67238e-07 -6.04924e-08)
(-10 5.34201e-07 -3.24872e-08)
(-10 5.91734e-07 -1.41266e-08)
(-10 6.41905e-07 -2.88666e-09)
(-10 6.86154e-07 2.29558e-09)
(-10 7.23979e-07 2.69801e-09)
(-10 7.5326e-07 7.1143e-11)
(-10 7.75527e-07 -3.50727e-09)
(-10 7.54143e-07 -5.13061e-09)
(-10 7.23768e-07 -3.76216e-09)
(-10 6.90007e-07 -2.59572e-10)
(-10 6.49369e-07 3.83499e-09)
(-10 6.00652e-07 6.68061e-09)
(-10 5.4455e-07 7.30739e-09)
(-10 4.0355e-07 -1.05593e-07)
(-10 4.99102e-07 -7.70646e-08)
(-10 5.62293e-07 -5.26383e-08)
(-10 6.37672e-07 -2.61608e-08)
(-10 7.02051e-07 -9.91709e-09)
(-10 7.5743e-07 -7.82599e-10)
(-10 8.05234e-07 2.686e-09)
(-10 8.448e-07 1.9787e-09)
(-10 8.73727e-07 -8.52118e-10)
(-10 8.93143e-07 -3.36562e-09)
(-10 8.6427e-07 -3.62901e-09)
(-10 8.28671e-07 -1.67995e-09)
(-10 7.90319e-07 1.60976e-09)
(-10 7.43842e-07 5.54474e-09)
(-10 6.88552e-07 9.35263e-09)
(-10 6.23792e-07 9.08458e-09)
(-10 4.86614e-07 -9.91732e-08)
(-10 5.89701e-07 -7.20852e-08)
(-10 6.57012e-07 -5.26255e-08)
(-10 7.38352e-07 -2.92081e-08)
(-10 8.06832e-07 -1.60583e-08)
(-10 8.64878e-07 -9.70867e-09)
(-10 9.13919e-07 -8.09122e-09)
(-10 9.52904e-07 -9.63889e-09)
(-10 9.7934e-07 -1.17827e-08)
(-10 9.94374e-07 -1.23041e-08)
(-10 9.59209e-07 -1.1124e-08)
(-10 9.18251e-07 -8.93104e-09)
(-10 8.7504e-07 -6.01114e-09)
(-10 8.23654e-07 -3.0016e-09)
(-10 7.63607e-07 -4.06063e-10)
(-10 6.9364e-07 4.63975e-10)
(-10 5.82297e-07 -7.92062e-08)
(-10 6.90223e-07 -5.54321e-08)
(-10 7.58657e-07 -4.2305e-08)
(-10 8.42528e-07 -2.22119e-08)
(-10 9.12097e-07 -1.24299e-08)
(-10 9.70356e-07 -8.63462e-09)
(-10 1.01842e-06 -8.41285e-09)
(-10 1.05456e-06 -9.82834e-09)
(-10 1.07614e-06 -9.85552e-09)
(-10 1.08645e-06 -8.03152e-09)
(-10 1.04596e-06 -5.86928e-09)
(-10 9.99355e-07 -4.03467e-09)
(-10 9.52017e-07 -1.72455e-09)
(-10 8.97233e-07 3.01397e-10)
(-10 8.33186e-07 3.84443e-09)
(-10 7.57683e-07 4.30801e-09)
(-10 6.84139e-07 -7.13842e-08)
(-10 7.93052e-07 -4.81168e-08)
(-10 8.59487e-07 -4.33956e-08)
(-10 9.42106e-07 -2.80543e-08)
(-10 1.00967e-06 -2.2361e-08)
(-10 1.06562e-06 -2.0935e-08)
(-10 1.11021e-06 -2.16631e-08)
(-10 1.14121e-06 -2.19515e-08)
(-10 1.15705e-06 -1.97595e-08)
(-10 1.16245e-06 -1.622e-08)
(-10 1.11666e-06 -1.38479e-08)
(-10 1.06442e-06 -1.29862e-08)
(-10 1.01405e-06 -1.07833e-08)
(-10 9.56166e-07 -1.013e-08)
(-10 8.89351e-07 -7.47814e-09)
(-10 8.11863e-07 -5.88544e-09)
(-10 7.9576e-07 -4.76038e-08)
(-10 9.01567e-07 -2.67343e-08)
(-10 9.63481e-07 -3.20611e-08)
(-10 1.04172e-06 -2.03461e-08)
(-10 1.1047e-06 -1.78364e-08)
(-10 1.15611e-06 -1.7803e-08)
(-10 1.19506e-06 -1.82594e-08)
(-10 1.21926e-06 -1.6769e-08)
(-10 1.22924e-06 -1.24147e-08)
(-10 1.22935e-06 -8.03905e-09)
(-10 1.17728e-06 -6.50669e-09)
(-10 1.12063e-06 -6.91839e-09)
(-10 1.06713e-06 -6.72056e-09)
(-10 1.00759e-06 -4.99388e-09)
(-10 9.39085e-07 -1.44403e-09)
(-10 8.59988e-07 -2.80805e-10)
(-10 9.08408e-07 -3.83462e-08)
(-10 1.00601e-06 -2.44996e-08)
(-10 1.06235e-06 -3.50421e-08)
(-10 1.13314e-06 -2.75227e-08)
(-10 1.18995e-06 -2.76907e-08)
(-10 1.23496e-06 -2.84312e-08)
(-10 1.2665e-06 -2.87035e-08)
(-10 1.28283e-06 -2.57466e-08)
(-10 1.28614e-06 -1.98325e-08)
(-10 1.28053e-06 -1.61308e-08)
(-10 1.22271e-06 -1.60177e-08)
(-10 1.16107e-06 -1.7511e-08)
(-10 1.10515e-06 -1.80421e-08)
(-10 1.04446e-06 -1.69269e-08)
(-10 9.75729e-07 -1.39735e-08)
(-10 8.97863e-07 -9.43832e-09)
(-10 1.0203e-06 -1.16603e-08)
(-10 1.11014e-06 -1.37183e-08)
(-10 1.15618e-06 -2.38986e-08)
(-10 1.21862e-06 -1.86525e-08)
(-10 1.26886e-06 -1.95619e-08)
(-10 1.30639e-06 -2.14272e-08)
(-10 1.32912e-06 -2.04949e-08)
(-10 1.3376e-06 -1.52705e-08)
(-10 1.33445e-06 -8.90567e-09)
(-10 1.32225e-06 -6.4274e-09)
(-10 1.25942e-06 -7.99677e-09)
(-10 1.19279e-06 -1.0453e-08)
(-10 1.13448e-06 -1.14256e-08)
(-10 1.07323e-06 -1.04748e-08)
(-10 1.00506e-06 -6.01302e-09)
(-10 9.29626e-07 -1.60143e-09)
(-10 1.121e-06 -4.44133e-09)
(-10 1.203e-06 -9.87217e-09)
(-10 1.23954e-06 -2.95788e-08)
(-10 1.2938e-06 -2.83315e-08)
(-10 1.33679e-06 -2.99468e-08)
(-10 1.36646e-06 -2.99766e-08)
(-10 1.38068e-06 -2.74958e-08)
(-10 1.3818e-06 -2.14472e-08)
(-10 1.372e-06 -1.65115e-08)
(-10 1.35415e-06 -1.55013e-08)
(-10 1.28575e-06 -1.79426e-08)
(-10 1.21445e-06 -2.11433e-08)
(-10 1.15296e-06 -2.2247e-08)
(-10 1.09029e-06 -2.15829e-08)
(-10 1.02454e-06 -1.87544e-08)
(-10 9.52998e-07 -1.39462e-08)
(-10 1.20093e-06 2.36655e-08)
(-10 1.27102e-06 1.12542e-08)
(-10 1.30621e-06 -2.20835e-08)
(-10 1.35579e-06 -2.43852e-08)
(-10 1.39237e-06 -2.46999e-08)
(-10 1.41388e-06 -2.21364e-08)
(-10 1.42101e-06 -1.7033e-08)
(-10 1.41615e-06 -1.05464e-08)
(-10 1.40105e-06 -6.98232e-09)
(-10 1.37859e-06 -6.9743e-09)
(-10 1.30555e-06 -9.32237e-09)
(-10 1.22943e-06 -1.22535e-08)
(-10 1.16427e-06 -1.25443e-08)
(-10 1.10057e-06 -1.29749e-08)
(-10 1.03277e-06 -8.79828e-09)
(-10 9.60387e-07 -1.38583e-09)
(-10 1.24732e-06 3.54968e-08)
(-10 1.31821e-06 1.56946e-08)
(-10 1.35063e-06 -2.84602e-08)
(-10 1.39829e-06 -3.69041e-08)
(-10 1.4314e-06 -3.68377e-08)
(-10 1.44661e-06 -3.24272e-08)
(-10 1.44916e-06 -2.59513e-08)
(-10 1.44055e-06 -2.05303e-08)
(-10 1.42272e-06 -1.79605e-08)
(-10 1.39695e-06 -1.81662e-08)
(-10 1.32023e-06 -1.96626e-08)
(-10 1.24064e-06 -2.18854e-08)
(-10 1.17336e-06 -2.26824e-08)
(-10 1.10335e-06 -1.9479e-08)
(-10 1.0319e-06 -1.19588e-08)
(-10 9.87693e-07 -1.40985e-08)
(-10 1.25116e-06 7.17641e-08)
(-10 1.31697e-06 4.3996e-08)
(-10 1.36414e-06 -2.49573e-08)
(-10 1.4146e-06 -3.07958e-08)
(-10 1.44499e-06 -2.92462e-08)
(-10 1.459e-06 -2.41405e-08)
(-10 1.45848e-06 -1.76569e-08)
(-10 1.44951e-06 -1.24972e-08)
(-10 1.43047e-06 -1.09982e-08)
(-10 1.40362e-06 -1.03153e-08)
(-10 1.32479e-06 -1.02307e-08)
(-10 1.24351e-06 -9.77513e-09)
(-10 1.17368e-06 -7.5223e-09)
(-10 1.10454e-06 -4.85099e-09)
(-10 1.0368e-06 -3.00886e-09)
(-10 9.53234e-07 2.73531e-09)
(-10 1.20404e-06 8.07073e-08)
(-10 1.27811e-06 5.48574e-08)
(-10 1.34327e-06 -2.79797e-08)
(-10 1.39876e-06 -3.28146e-08)
(-10 1.43023e-06 -3.22395e-08)
(-10 1.44463e-06 -2.84718e-08)
(-10 1.44401e-06 -2.3416e-08)
(-10 1.43547e-06 -1.95189e-08)
(-10 1.41794e-06 -1.78142e-08)
(-10 1.39305e-06 -1.5901e-08)
(-10 1.31417e-06 -1.47117e-08)
(-10 1.23319e-06 -1.15896e-08)
(-10 1.16757e-06 -8.58595e-09)
(-10 1.10272e-06 -6.90726e-09)
(-10 1.01761e-06 -3.17132e-09)
(-10 9.47503e-07 -5.60355e-09)
(-10 1.11492e-06 9.3689e-08)
(-10 1.21992e-06 6.96574e-08)
(-10 1.28502e-06 -1.4738e-08)
(-10 1.34673e-06 -2.41511e-08)
(-10 1.38278e-06 -2.59377e-08)
(-10 1.39436e-06 -2.46868e-08)
(-10 1.39645e-06 -2.2192e-08)
(-10 1.38874e-06 -1.99752e-08)
(-10 1.37275e-06 -1.81402e-08)
(-10 1.35151e-06 -1.42518e-08)
(-10 1.2755e-06 -1.04868e-08)
(-10 1.20141e-06 -5.18981e-09)
(-10 1.13819e-06 -3.14637e-09)
(-10 1.0768e-06 -3.63758e-09)
(-10 1.01057e-06 -3.60511e-09)
(-10 9.27575e-07 3.96939e-09)
(-10 8.06956e-07 1.58581e-08)
(-10 1.02491e-06 9.63096e-08)
(-10 1.14321e-06 6.5249e-08)
(-10 1.2161e-06 -2.36264e-08)
(-10 1.27687e-06 -3.74413e-08)
(-10 1.31182e-06 -4.09298e-08)
(-10 1.32239e-06 -4.20757e-08)
(-10 1.32389e-06 -4.18251e-08)
(-10 1.31805e-06 -3.95615e-08)
(-10 1.30634e-06 -3.57815e-08)
(-10 1.29441e-06 -2.79885e-08)
(-10 1.22132e-06 -1.92972e-08)
(-10 1.14652e-06 -1.05355e-08)
(-10 1.09303e-06 -4.45979e-09)
(-10 1.04416e-06 1.41752e-09)
(-10 9.81099e-07 6.0615e-10)
(-10 8.49051e-07 -9.17772e-09)
(-10 7.71671e-07 4.66639e-09)
(-10 9.77047e-07 1.10163e-07)
(-10 1.08857e-06 6.46893e-08)
(-10 1.15272e-06 -3.0561e-08)
(-10 1.19918e-06 -4.12416e-08)
(-10 1.22319e-06 -4.81144e-08)
(-10 1.22986e-06 -5.17461e-08)
(-10 1.22617e-06 -5.18507e-08)
(-10 1.22065e-06 -4.94223e-08)
(-10 1.21182e-06 -4.34391e-08)
(-10 1.20117e-06 -3.15191e-08)
(-10 1.12938e-06 -1.87199e-08)
(-10 1.05641e-06 -5.90916e-09)
(-10 1.0105e-06 8.67531e-09)
(-10 9.72495e-07 7.49792e-09)
(-10 9.01575e-07 -8.73516e-10)
(-10 8.00431e-07 4.63025e-09)
(-10 6.89689e-07 1.30447e-08)
(-10 1.01322e-06 9.10621e-08)
(-10 1.09468e-06 5.12438e-08)
(-10 1.12525e-06 -5.44994e-08)
(-10 1.14481e-06 -6.51013e-08)
(-10 1.1527e-06 -7.21647e-08)
(-10 1.1483e-06 -7.55962e-08)
(-10 1.13929e-06 -7.66514e-08)
(-10 1.13337e-06 -7.55453e-08)
(-10 1.12875e-06 -6.87307e-08)
(-10 1.12446e-06 -5.53266e-08)
(-10 1.05024e-06 -4.04745e-08)
(-10 9.78699e-07 -2.47166e-08)
(-10 9.42123e-07 -1.39842e-08)
(-10 8.9944e-07 -1.05442e-08)
(-10 8.418e-07 -1.98907e-08)
(-10 7.68934e-07 -1.61236e-08)
(-10 6.88601e-07 -8.9871e-09)
(-10 1.12527e-06 7.90121e-08)
(-10 1.15979e-06 5.82949e-08)
(-10 1.14816e-06 -5.32162e-08)
(-10 1.13687e-06 -5.83183e-08)
(-10 1.12681e-06 -6.22347e-08)
(-10 1.10968e-06 -6.62709e-08)
(-10 1.0984e-06 -7.03049e-08)
(-10 1.09529e-06 -6.52562e-08)
(-10 1.09552e-06 -5.87468e-08)
(-10 1.10083e-06 -4.67064e-08)
(-10 1.03142e-06 -3.23437e-08)
(-10 9.77153e-07 -1.71872e-08)
(-10 9.35889e-07 -1.67628e-09)
(-10 8.99848e-07 1.54681e-09)
(-10 8.53102e-07 6.32731e-09)
(-10 8.08448e-07 2.02204e-08)
(-10 7.86948e-07 2.85794e-08)
(-10 1.16512e-06 3.75197e-08)
(-10 1.15905e-06 2.44363e-08)
(-10 1.10277e-06 -8.09811e-08)
(-10 1.0549e-06 -8.20199e-08)
(-10 1.02178e-06 -8.30229e-08)
(-10 9.92035e-07 -8.12204e-08)
(-10 9.75948e-07 -7.95135e-08)
(-10 9.7146e-07 -8.23415e-08)
(-10 9.77196e-07 -7.52226e-08)
(-10 9.93995e-07 -6.46015e-08)
(-10 9.2728e-07 -5.61518e-08)
(-10 8.72356e-07 -4.31493e-08)
(-10 8.4172e-07 -3.29286e-08)
(-10 8.10072e-07 -1.09922e-08)
(-10 7.93531e-07 3.77209e-09)
(-10 7.84095e-07 5.13519e-09)
(-10 7.55216e-07 1.25866e-08)
(-10 1.14043e-06 1.5012e-08)
(-10 1.10007e-06 2.18816e-08)
(-10 1.0188e-06 -8.66325e-08)
(-10 9.47596e-07 -7.6381e-08)
(-10 8.99866e-07 -6.37038e-08)
(-10 8.60719e-07 -5.47907e-08)
(-10 8.39157e-07 -5.23346e-08)
(-10 8.37958e-07 -4.54926e-08)
(-10 8.5265e-07 -4.35151e-08)
(-10 8.74675e-07 -4.20364e-08)
(-10 8.20857e-07 -3.75492e-08)
(-10 7.69558e-07 -3.13861e-08)
(-10 7.3576e-07 -8.80342e-09)
(-10 7.27389e-07 1.36032e-08)
(-10 7.56057e-07 3.45915e-08)
(-10 7.60534e-07 5.2844e-08)
(-10 7.52643e-07 5.48243e-08)
(-10 1.04229e-06 -1.65343e-08)
(-10 9.8325e-07 6.86795e-09)
(-10 9.15164e-07 -1.03283e-07)
(-10 8.2642e-07 -8.28433e-08)
(-10 7.62849e-07 -5.98872e-08)
(-10 7.17925e-07 -3.83993e-08)
(-10 6.9767e-07 -2.30836e-08)
(-10 7.03652e-07 -2.62916e-08)
(-10 7.20817e-07 -4.15914e-08)
(-10 7.65828e-07 -3.43094e-08)
(-10 7.10315e-07 -3.22361e-08)
(-10 4.60911e-08 -2.28937e-08)
(-10 5.80657e-08 -5.99393e-09)
(-10 6.40755e-08 4.58983e-09)
(-10 7.09386e-08 1.45081e-08)
(-10 7.71566e-08 2.23617e-08)
(-10 8.29002e-08 2.83811e-08)
(-10 8.80457e-08 3.26862e-08)
(-10 9.28114e-08 3.5307e-08)
(-10 9.73377e-08 3.70611e-08)
(-10 1.01131e-07 3.81962e-08)
(-10 1.01602e-07 3.89899e-08)
(-10 1.00308e-07 3.94657e-08)
(-10 9.72679e-08 3.96588e-08)
(-10 9.31641e-08 3.92408e-08)
(-10 8.77617e-08 3.82022e-08)
(-10 8.10387e-08 3.62303e-08)
(-10 1.16532e-07 -3.38794e-08)
(-10 1.47982e-07 -1.67793e-08)
(-10 1.65244e-07 -4.53422e-09)
(-10 1.85706e-07 6.24918e-09)
(-10 2.03992e-07 1.41688e-08)
(-10 2.20507e-07 2.00667e-08)
(-10 2.3546e-07 2.41942e-08)
(-10 2.49013e-07 2.66232e-08)
(-10 2.60594e-07 2.77465e-08)
(-10 2.713e-07 2.83157e-08)
(-10 2.69304e-07 2.86937e-08)
(-10 2.63703e-07 2.92433e-08)
(-10 2.55301e-07 2.98423e-08)
(-10 2.43143e-07 3.00191e-08)
(-10 2.28526e-07 2.99578e-08)
(-10 2.1226e-07 2.91775e-08)
(-10 1.99564e-07 -3.3348e-08)
(-10 2.46955e-07 -1.73788e-08)
(-10 2.74708e-07 -5.41712e-09)
(-10 3.08308e-07 5.24219e-09)
(-10 3.38422e-07 1.31692e-08)
(-10 3.65342e-07 1.88067e-08)
(-10 3.89679e-07 2.26888e-08)
(-10 4.11408e-07 2.49314e-08)
(-10 4.29692e-07 2.5843e-08)
(-10 4.46302e-07 2.59964e-08)
(-10 4.42063e-07 2.60336e-08)
(-10 4.32971e-07 2.63636e-08)
(-10 4.19155e-07 2.68622e-08)
(-10 3.9993e-07 2.72458e-08)
(-10 3.76137e-07 2.73685e-08)
(-10 3.48198e-07 2.6522e-08)
(-10 2.73931e-07 -3.13792e-08)
(-10 3.36494e-07 -1.5863e-08)
(-10 3.74622e-07 -4.16837e-09)
(-10 4.20582e-07 6.36263e-09)
(-10 4.61493e-07 1.42081e-08)
(-10 4.9796e-07 1.95458e-08)
(-10 5.30528e-07 2.3226e-08)
(-10 5.59094e-07 2.51452e-08)
(-10 5.82461e-07 2.55644e-08)
(-10 6.0253e-07 2.52504e-08)
(-10 5.94883e-07 2.48753e-08)
(-10 5.80232e-07 2.50084e-08)
(-10 5.60549e-07 2.561e-08)
(-10 5.34371e-07 2.5994e-08)
(-10 5.02085e-07 2.59678e-08)
(-10 4.65019e-07 2.55282e-08)
(-10 3.55536e-07 -2.93823e-08)
(-10 4.33456e-07 -1.50745e-08)
(-10 4.82315e-07 -4.03851e-09)
(-10 5.40195e-07 6.24907e-09)
(-10 5.913e-07 1.37279e-08)
(-10 6.3645e-07 1.86753e-08)
(-10 6.76382e-07 2.19264e-08)
(-10 7.10531e-07 2.32229e-08)
(-10 7.37622e-07 2.30494e-08)
(-10 7.59408e-07 2.22513e-08)
(-10 7.474e-07 2.1655e-08)
(-10 7.27212e-07 2.17101e-08)
(-10 7.01706e-07 2.23971e-08)
(-10 6.68774e-07 2.31818e-08)
(-10 6.28316e-07 2.35542e-08)
(-10 5.80864e-07 2.2864e-08)
(-10 4.40824e-07 -2.8241e-08)
(-10 5.32218e-07 -1.41975e-08)
(-10 5.90606e-07 -4.03557e-09)
(-10 6.58734e-07 5.7152e-09)
(-10 7.18606e-07 1.24299e-08)
(-10 7.70998e-07 1.70274e-08)
(-10 8.16418e-07 1.9607e-08)
(-10 8.54386e-07 2.01748e-08)
(-10 8.83227e-07 1.94899e-08)
(-10 9.04702e-07 1.83934e-08)
(-10 8.8745e-07 1.77594e-08)
(-10 8.60888e-07 1.81012e-08)
(-10 8.29942e-07 1.91594e-08)
(-10 7.91148e-07 1.97449e-08)
(-10 7.43872e-07 1.97988e-08)
(-10 6.88944e-07 1.965e-08)
(-10 5.33593e-07 -2.47347e-08)
(-10 6.36215e-07 -1.18879e-08)
(-10 7.02066e-07 -3.3149e-09)
(-10 7.78552e-07 5.6984e-09)
(-10 8.45125e-07 1.14085e-08)
(-10 9.02534e-07 1.54507e-08)
(-10 9.51475e-07 1.71507e-08)
(-10 9.91107e-07 1.70368e-08)
(-10 1.0198e-06 1.61124e-08)
(-10 1.03927e-06 1.49981e-08)
(-10 1.01596e-06 1.47517e-08)
(-10 9.83759e-07 1.56426e-08)
(-10 9.48106e-07 1.6543e-08)
(-10 9.03775e-07 1.72406e-08)
(-10 8.50386e-07 1.78616e-08)
(-10 7.87445e-07 1.73841e-08)
(-10 6.31444e-07 -2.36486e-08)
(-10 7.42468e-07 -1.06226e-08)
(-10 8.13133e-07 -4.31009e-09)
(-10 8.94899e-07 3.37239e-09)
(-10 9.65352e-07 7.88991e-09)
(-10 1.02541e-06 1.10256e-08)
(-10 1.07554e-06 1.18938e-08)
(-10 1.11474e-06 1.12859e-08)
(-10 1.14141e-06 1.03322e-08)
(-10 1.15763e-06 9.81795e-09)
(-10 1.12818e-06 1.04038e-08)
(-10 1.09034e-06 1.12588e-08)
(-10 1.05063e-06 1.20734e-08)
(-10 1.00194e-06 1.26044e-08)
(-10 9.43965e-07 1.28797e-08)
(-10 8.75824e-07 1.30841e-08)
(-10 7.37293e-07 -1.85132e-08)
(-10 8.54116e-07 -5.67262e-09)
(-10 9.26566e-07 -2.97111e-09)
(-10 1.00991e-06 3.25004e-09)
(-10 1.08119e-06 6.41676e-09)
(-10 1.14135e-06 8.56019e-09)
(-10 1.19039e-06 8.74465e-09)
(-10 1.22704e-06 8.01767e-09)
(-10 1.25019e-06 7.3747e-09)
(-10 1.26194e-06 7.78058e-09)
(-10 1.22674e-06 8.77648e-09)
(-10 1.18444e-06 9.40299e-09)
(-10 1.14101e-06 1.01384e-08)
(-10 1.08881e-06 1.07689e-08)
(-10 1.0272e-06 1.16251e-08)
(-10 9.54406e-07 1.17062e-08)
(-10 8.47934e-07 -1.74643e-08)
(-10 9.64849e-07 -3.87764e-09)
(-10 1.03737e-06 -4.41229e-09)
(-10 1.11864e-06 -2.68326e-10)
(-10 1.18782e-06 1.23031e-09)
(-10 1.24562e-06 2.39026e-09)
(-10 1.29138e-06 2.08876e-09)
(-10 1.32379e-06 1.47319e-09)
(-10 1.34208e-06 1.76596e-09)
(-10 1.34898e-06 3.12548e-09)
(-10 1.30855e-06 3.97768e-09)
(-10 1.26179e-06 4.2445e-09)
(-10 1.21552e-06 4.82679e-09)
(-10 1.16087e-06 5.30842e-09)
(-10 1.09684e-06 5.91156e-09)
(-10 1.02204e-06 7.0122e-09)
(-10 9.6367e-07 -9.79201e-09)
(-10 1.07906e-06 -6.52603e-09)
(-10 1.14595e-06 -2.0107e-09)
(-10 1.22244e-06 1.5357e-11)
(-10 1.28731e-06 1.10443e-10)
(-10 1.34072e-06 7.88554e-10)
(-10 1.38138e-06 1.43094e-10)
(-10 1.40807e-06 -1.02154e-10)
(-10 1.42055e-06 1.15385e-09)
(-10 1.42262e-06 2.50269e-09)
(-10 1.37711e-06 3.04741e-09)
(-10 1.32627e-06 3.7694e-09)
(-10 1.27752e-06 4.07514e-09)
(-10 1.22119e-06 4.4341e-09)
(-10 1.15587e-06 5.76305e-09)
(-10 1.08013e-06 6.53086e-09)
(-10 1.078e-06 -7.82985e-09)
(-10 1.18934e-06 -5.81381e-09)
(-10 1.24563e-06 -4.40989e-09)
(-10 1.31599e-06 -3.52282e-09)
(-10 1.37573e-06 -4.57524e-09)
(-10 1.42311e-06 -5.0543e-09)
(-10 1.4572e-06 -5.79861e-09)
(-10 1.47688e-06 -5.16105e-09)
(-10 1.4832e-06 -3.17823e-09)
(-10 1.48053e-06 -2.50848e-09)
(-10 1.42963e-06 -2.10693e-09)
(-10 1.37471e-06 -2.17093e-09)
(-10 1.32374e-06 -1.96415e-09)
(-10 1.26675e-06 -1.49491e-09)
(-10 1.20134e-06 -4.80097e-10)
(-10 1.12682e-06 1.41614e-09)
(-10 1.18686e-06 2.91749e-10)
(-10 1.29269e-06 -3.10695e-10)
(-10 1.33874e-06 -5.08444e-09)
(-10 1.40004e-06 -2.25428e-09)
(-10 1.45466e-06 -4.09563e-09)
(-10 1.49533e-06 -4.51812e-09)
(-10 1.52143e-06 -5.10289e-09)
(-10 1.53385e-06 -4.17258e-09)
(-10 1.53466e-06 -2.42244e-09)
(-10 1.52673e-06 -1.46872e-09)
(-10 1.47059e-06 -1.11433e-09)
(-10 1.41137e-06 -1.87118e-09)
(-10 1.35816e-06 -1.77535e-09)
(-10 1.30065e-06 -1.11759e-09)
(-10 1.23636e-06 4.24706e-10)
(-10 1.16451e-06 1.73918e-09)
(-10 1.28204e-06 2.74061e-09)
(-10 1.38061e-06 6.67462e-10)
(-10 1.41855e-06 -7.90541e-09)
(-10 1.47345e-06 -7.52263e-09)
(-10 1.52029e-06 -8.82406e-09)
(-10 1.55327e-06 -9.44622e-09)
(-10 1.57227e-06 -8.59425e-09)
(-10 1.57826e-06 -6.86795e-09)
(-10 1.57351e-06 -6.10395e-09)
(-10 1.56043e-06 -5.52502e-09)
(-10 1.49907e-06 -5.99855e-09)
(-10 1.43548e-06 -6.73525e-09)
(-10 1.37947e-06 -6.80809e-09)
(-10 1.32148e-06 -6.09984e-09)
(-10 1.25821e-06 -4.857e-09)
(-10 1.18899e-06 -2.45807e-09)
(-10 1.35719e-06 1.15113e-08)
(-10 1.44855e-06 5.95476e-09)
(-10 1.48151e-06 -6.5942e-09)
(-10 1.5337e-06 -8.6036e-09)
(-10 1.57354e-06 -9.30647e-09)
(-10 1.59922e-06 -8.65489e-09)
(-10 1.61166e-06 -7.40963e-09)
(-10 1.61287e-06 -5.89091e-09)
(-10 1.60379e-06 -4.60577e-09)
(-10 1.58629e-06 -4.33468e-09)
(-10 1.52041e-06 -4.76079e-09)
(-10 1.45307e-06 -5.68004e-09)
(-10 1.39416e-06 -5.32347e-09)
(-10 1.33309e-06 -3.88781e-09)
(-10 1.26982e-06 -2.11169e-09)
(-10 1.20671e-06 -1.88335e-09)
(-10 1.4053e-06 1.71592e-08)
(-10 1.49119e-06 9.79654e-09)
(-10 1.52357e-06 -1.00872e-08)
(-10 1.57367e-06 -1.35149e-08)
(-10 1.60888e-06 -1.39608e-08)
(-10 1.63104e-06 -1.27538e-08)
(-10 1.63963e-06 -1.07491e-08)
(-10 1.63749e-06 -8.95781e-09)
(-10 1.62537e-06 -7.98076e-09)
(-10 1.60671e-06 -7.70806e-09)
(-10 1.53861e-06 -8.52769e-09)
(-10 1.46674e-06 -8.50245e-09)
(-10 1.40318e-06 -7.43951e-09)
(-10 1.33957e-06 -7.24438e-09)
(-10 1.27907e-06 -5.01954e-09)
(-10 1.20915e-06 -1.21701e-09)
(-10 1.41714e-06 2.22237e-08)
(-10 1.50421e-06 1.11359e-08)
(-10 1.54173e-06 -7.90464e-09)
(-10 1.59354e-06 -1.31161e-08)
(-10 1.62856e-06 -1.33532e-08)
(-10 1.64796e-06 -1.21767e-08)
(-10 1.65624e-06 -1.03702e-08)
(-10 1.65039e-06 -8.71644e-09)
(-10 1.64291e-06 -7.94872e-09)
(-10 1.62366e-06 -7.57117e-09)
(-10 1.55239e-06 -7.90827e-09)
(-10 1.47898e-06 -7.81788e-09)
(-10 1.41517e-06 -7.17198e-09)
(-10 1.34969e-06 -4.39243e-09)
(-10 1.26887e-06 -2.78105e-09)
(-10 1.21609e-06 -4.37017e-09)
(-10 1.37678e-06 3.5001e-08)
(-10 1.47371e-06 1.82743e-08)
(-10 1.52237e-06 -1.34333e-08)
(-10 1.57963e-06 -1.26876e-08)
(-10 1.61796e-06 -1.18983e-08)
(-10 1.63707e-06 -1.04299e-08)
(-10 1.6466e-06 -8.81352e-09)
(-10 1.6422e-06 -7.4237e-09)
(-10 1.63467e-06 -6.11582e-09)
(-10 1.618e-06 -5.16083e-09)
(-10 1.54748e-06 -4.91797e-09)
(-10 1.47567e-06 -3.37538e-09)
(-10 1.41212e-06 8.05079e-10)
(-10 1.3338e-06 4.24037e-10)
(-10 1.27137e-06 -4.25718e-09)
(-10 1.20131e-06 -7.52722e-10)
(-10 1.28454e-06 3.16891e-08)
(-10 1.39797e-06 2.39779e-08)
(-10 1.46288e-06 -2.63221e-09)
(-10 1.52853e-06 -1.12283e-08)
(-10 1.56836e-06 -1.23557e-08)
(-10 1.59078e-06 -1.1507e-08)
(-10 1.60167e-06 -1.0473e-08)
(-10 1.60002e-06 -8.97264e-09)
(-10 1.59519e-06 -7.99339e-09)
(-10 1.58242e-06 -6.40813e-09)
(-10 1.51482e-06 -4.63322e-09)
(-10 1.44828e-06 -1.95779e-09)
(-10 1.39387e-06 -2.63179e-09)
(-10 1.3429e-06 1.42696e-09)
(-10 1.27227e-06 5.89029e-09)
(-10 1.16328e-06 -3.5064e-11)
(-10 1.18358e-06 3.47297e-08)
(-10 1.31418e-06 3.38984e-08)
(-10 1.38858e-06 -1.46413e-08)
(-10 1.45706e-06 -1.58074e-08)
(-10 1.49647e-06 -1.56075e-08)
(-10 1.51854e-06 -1.62296e-08)
(-10 1.52958e-06 -1.52568e-08)
(-10 1.53188e-06 -1.32884e-08)
(-10 1.52655e-06 -1.14011e-08)
(-10 1.51941e-06 -7.73056e-09)
(-10 1.45677e-06 -5.25329e-09)
(-10 1.39366e-06 -2.36687e-09)
(-10 1.34933e-06 5.68008e-09)
(-10 1.30765e-06 3.43674e-09)
(-10 1.23866e-06 1.93422e-09)
(-10 1.12693e-06 -5.85963e-10)
(-10 9.79929e-07 2.10028e-08)
(-10 1.11388e-06 3.72772e-08)
(-10 1.2413e-06 4.62504e-09)
(-10 1.30978e-06 -1.08743e-08)
(-10 1.3689e-06 -2.05225e-08)
(-10 1.40122e-06 -2.28803e-08)
(-10 1.41572e-06 -2.51159e-08)
(-10 1.42413e-06 -2.44086e-08)
(-10 1.42819e-06 -2.27506e-08)
(-10 1.42837e-06 -1.9713e-08)
(-10 1.42643e-06 -1.46108e-08)
(-10 1.35944e-06 -9.09208e-09)
(-10 1.30543e-06 -3.48716e-09)
(-10 1.27817e-06 8.4879e-10)
(-10 1.2329e-06 -1.11643e-09)
(-10 1.1698e-06 2.72209e-09)
(-10 1.07327e-06 5.74935e-09)
(-10 9.47816e-07 -3.91268e-10)
(-10 1.1292e-06 2.70901e-08)
(-10 1.22832e-06 2.30612e-08)
(-10 1.27296e-06 -3.33124e-08)
(-10 1.31053e-06 -3.28107e-08)
(-10 1.32747e-06 -3.09983e-08)
(-10 1.33271e-06 -3.27936e-08)
(-10 1.33574e-06 -3.29518e-08)
(-10 1.34022e-06 -3.19338e-08)
(-10 1.34355e-06 -2.92674e-08)
(-10 1.34628e-06 -2.44756e-08)
(-10 1.28693e-06 -1.79217e-08)
(-10 1.24046e-06 -1.4261e-08)
(-10 1.20768e-06 -8.87522e-09)
(-10 1.17552e-06 -6.57364e-09)
(-10 1.11231e-06 -1.88255e-08)
(-10 1.03594e-06 -1.10155e-08)
(-10 9.71541e-07 1.10129e-08)
(-10 1.20092e-06 2.02368e-08)
(-10 1.2631e-06 4.65223e-09)
(-10 1.26669e-06 -2.67428e-08)
(-10 1.27766e-06 -3.08262e-08)
(-10 1.27646e-06 -3.18012e-08)
(-10 1.27129e-06 -3.39157e-08)
(-10 1.27085e-06 -3.33911e-08)
(-10 1.27555e-06 -3.32507e-08)
(-10 1.28347e-06 -3.06124e-08)
(-10 1.29836e-06 -2.71108e-08)
(-10 1.24893e-06 -2.05997e-08)
(-10 1.19737e-06 -1.07174e-08)
(-10 1.16909e-06 -8.89699e-09)
(-10 1.14103e-06 -8.23873e-09)
(-10 1.09632e-06 -4.61868e-09)
(-10 1.06952e-06 1.30804e-08)
(-10 1.03004e-06 5.61094e-09)
(-10 1.22452e-06 7.42635e-09)
(-10 1.24728e-06 2.71014e-09)
(-10 1.21144e-06 -4.37391e-08)
(-10 1.192e-06 -4.19677e-08)
(-10 1.16975e-06 -3.70711e-08)
(-10 1.1513e-06 -3.94656e-08)
(-10 1.14455e-06 -3.92155e-08)
(-10 1.14929e-06 -3.84133e-08)
(-10 1.16245e-06 -3.78668e-08)
(-10 1.18718e-06 -3.48979e-08)
(-10 1.13798e-06 -3.18722e-08)
(-10 1.09265e-06 -3.09347e-08)
(-10 1.07409e-06 -1.82327e-08)
(-10 1.04945e-06 -1.02921e-08)
(-10 1.05035e-06 -5.14502e-09)
(-10 1.05129e-06 -1.19343e-08)
(-10 1.0317e-06 5.33651e-09)
(-10 1.19877e-06 7.78465e-09)
(-10 1.19224e-06 5.47532e-09)
(-10 1.12813e-06 -3.35817e-08)
(-10 1.08491e-06 -3.02491e-08)
(-10 1.04945e-06 -2.38286e-08)
(-10 1.0232e-06 -1.89993e-08)
(-10 1.0133e-06 -1.57209e-08)
(-10 1.02194e-06 -1.50503e-08)
(-10 1.04227e-06 -1.42961e-08)
(-10 1.07308e-06 -1.33268e-08)
(-10 1.02056e-06 -8.39338e-09)
(-10 9.81424e-07 1.60022e-09)
(-10 9.66072e-07 7.10219e-09)
(-10 9.94405e-07 1.26073e-08)
(-10 1.02164e-06 1.57412e-08)
(-10 1.01701e-06 3.09964e-08)
(-10 1.02738e-06 2.49355e-08)
(-10 1.11172e-06 3.89335e-09)
(-10 1.10081e-06 7.22729e-09)
(-10 1.02538e-06 -3.93758e-08)
(-10 9.66536e-07 -2.93651e-08)
(-10 9.18119e-07 -2.06441e-08)
(-10 8.77685e-07 -1.2567e-08)
(-10 8.8019e-07 -7.69582e-09)
(-10 8.87386e-07 -6.61698e-09)
(-10 9.13171e-07 -5.77091e-09)
(-10 9.53204e-07 -3.43717e-09)
(-10 9.128e-07 -9.46511e-09)
(-10 8.67378e-07 -1.55047e-09)
(-10 8.97485e-07 1.09423e-08)
(-10 9.29201e-07 2.18373e-08)
)
;

boundaryField
{
    frontAndBack
    {
        type            slip;
    }
    inlet
    {
        type            fixedValue;
        value           nonuniform List<vector> 0();
    }
    outlet
    {
        type            inletOutlet;
        inletValue      uniform (0 0 0);
        value           nonuniform List<vector> 
130
(
(-10 1.85426e-08 -3.38448e-08)
(-10 3.67242e-08 -5.206e-08)
(-10 9.77204e-08 -5.94803e-08)
(-10 1.40313e-07 -6.16778e-08)
(-10 1.95036e-07 -5.78903e-08)
(-10 2.45733e-07 -5.65329e-08)
(-10 3.07945e-07 -5.18042e-08)
(-10 3.71939e-07 -4.69292e-08)
(-10 4.5261e-07 -4.05151e-08)
(-10 5.42058e-07 -3.59519e-08)
(-10 6.49002e-07 -2.79984e-08)
(-10 7.62647e-07 -2.05805e-08)
(-10 8.81449e-07 -1.221e-08)
(-10 9.90626e-07 -8.58084e-09)
(-10 1.07799e-06 3.57866e-09)
(-10 1.12937e-06 8.86146e-09)
(-10 1.14294e-06 1.65333e-08)
(-10 1.12466e-06 1.87809e-08)
(-10 1.08941e-06 3.20336e-08)
(-10 1.06206e-06 3.46766e-08)
(-10 1.08114e-06 4.72231e-08)
(-10 1.17812e-06 5.17746e-08)
(-10 1.34014e-06 4.87605e-08)
(-10 1.41975e-06 1.49117e-08)
(-10 1.36216e-06 -1.2853e-08)
(-10 1.19423e-06 -1.03615e-08)
(-10 1.51965e-08 -1.26598e-07)
(-10 4.39599e-08 -1.72805e-07)
(-10 1.13605e-07 -1.67105e-07)
(-10 1.57963e-07 -1.61615e-07)
(-10 2.15943e-07 -1.51298e-07)
(-10 2.7042e-07 -1.4366e-07)
(-10 3.38243e-07 -1.28717e-07)
(-10 4.07673e-07 -1.16919e-07)
(-10 4.93738e-07 -9.71943e-08)
(-10 5.85349e-07 -8.35074e-08)
(-10 6.92558e-07 -6.0163e-08)
(-10 8.03969e-07 -4.35046e-08)
(-10 9.18619e-07 -1.95834e-08)
(-10 1.02387e-06 -5.37627e-09)
(-10 1.10907e-06 1.64394e-08)
(-10 1.15774e-06 3.1294e-08)
(-10 1.16093e-06 5.38106e-08)
(-10 1.12557e-06 7.80426e-08)
(-10 1.07339e-06 9.30419e-08)
(-10 1.02674e-06 1.03163e-07)
(-10 1.02347e-06 1.20872e-07)
(-10 1.1031e-06 1.1397e-07)
(-10 1.25948e-06 8.70517e-08)
(-10 1.33298e-06 4.50282e-08)
(-10 1.27906e-06 -7.7076e-09)
(-10 1.11919e-06 -1.87865e-08)
(-10 2.44665e-08 -1.49029e-07)
(-10 6.2377e-08 -1.99503e-07)
(-10 1.28481e-07 -1.91395e-07)
(-10 1.76647e-07 -1.84365e-07)
(-10 2.37745e-07 -1.70847e-07)
(-10 2.9794e-07 -1.64063e-07)
(-10 3.7088e-07 -1.44476e-07)
(-10 4.47196e-07 -1.33571e-07)
(-10 5.3902e-07 -1.06844e-07)
(-10 6.36147e-07 -9.24723e-08)
(-10 7.45688e-07 -6.16529e-08)
(-10 8.56993e-07 -4.70401e-08)
(-10 9.70543e-07 -1.58014e-08)
(-10 1.07457e-06 -1.49825e-09)
(-10 1.15796e-06 2.81132e-08)
(-10 1.2049e-06 4.45436e-08)
(-10 1.20332e-06 8.16406e-08)
(-10 1.16314e-06 9.56001e-08)
(-10 1.08923e-06 1.20604e-07)
(-10 1.01833e-06 1.2876e-07)
(-10 9.94128e-07 1.56031e-07)
(-10 1.04844e-06 1.4672e-07)
(-10 1.17782e-06 1.25246e-07)
(-10 1.24156e-06 6.9123e-08)
(-10 1.21066e-06 2.94332e-08)
(-10 1.0843e-06 -1.42201e-08)
(-10 3.22038e-08 -1.05805e-07)
(-10 7.86095e-08 -1.43021e-07)
(-10 1.43194e-07 -1.388e-07)
(-10 1.96219e-07 -1.33747e-07)
(-10 2.59762e-07 -1.24535e-07)
(-10 3.26153e-07 -1.20023e-07)
(-10 4.0355e-07 -1.05593e-07)
(-10 4.86614e-07 -9.91732e-08)
(-10 5.82297e-07 -7.92062e-08)
(-10 6.84139e-07 -7.13842e-08)
(-10 7.9576e-07 -4.76038e-08)
(-10 9.08408e-07 -3.83462e-08)
(-10 1.0203e-06 -1.16603e-08)
(-10 1.121e-06 -4.44133e-09)
(-10 1.20093e-06 2.36655e-08)
(-10 1.24732e-06 3.54968e-08)
(-10 1.25116e-06 7.17641e-08)
(-10 1.20404e-06 8.07073e-08)
(-10 1.11492e-06 9.3689e-08)
(-10 1.02491e-06 9.63096e-08)
(-10 9.77047e-07 1.10163e-07)
(-10 1.01322e-06 9.10621e-08)
(-10 1.12527e-06 7.90121e-08)
(-10 1.16512e-06 3.75197e-08)
(-10 1.14043e-06 1.5012e-08)
(-10 1.04229e-06 -1.65343e-08)
(-10 4.60911e-08 -2.28937e-08)
(-10 1.16532e-07 -3.38794e-08)
(-10 1.99564e-07 -3.3348e-08)
(-10 2.73931e-07 -3.13792e-08)
(-10 3.55536e-07 -2.93823e-08)
(-10 4.40824e-07 -2.8241e-08)
(-10 5.33593e-07 -2.47347e-08)
(-10 6.31444e-07 -2.36486e-08)
(-10 7.37293e-07 -1.85132e-08)
(-10 8.47934e-07 -1.74643e-08)
(-10 9.6367e-07 -9.79201e-09)
(-10 1.078e-06 -7.82985e-09)
(-10 1.18686e-06 2.91749e-10)
(-10 1.28204e-06 2.74061e-09)
(-10 1.35719e-06 1.15113e-08)
(-10 1.4053e-06 1.71592e-08)
(-10 1.41714e-06 2.22237e-08)
(-10 1.37678e-06 3.5001e-08)
(-10 1.28454e-06 3.16891e-08)
(-10 1.18358e-06 3.47297e-08)
(-10 1.11388e-06 3.72772e-08)
(-10 1.1292e-06 2.70901e-08)
(-10 1.20092e-06 2.02368e-08)
(-10 1.22452e-06 7.42635e-09)
(-10 1.19877e-06 7.78465e-09)
(-10 1.11172e-06 3.89335e-09)
)
;
    }
    lowerWall
    {
        type            fixedValue;
        value           uniform (-10 0 0);
    }
    upperWall
    {
        type            slip;
    }
    procBoundary0to1
    {
        type            processor;
        value           nonuniform List<vector> 
135
(
(-10 4.17039e-08 1.87267e-08)
(-10 1.25449e-07 7.92044e-09)
(-10 2.24518e-07 -7.50718e-10)
(-10 2.96984e-07 -6.09128e-09)
(-10 3.79035e-07 -5.65804e-09)
(-10 4.48696e-07 -4.49038e-09)
(-10 5.2059e-07 -5.07813e-09)
(-10 5.80358e-07 -6.88359e-09)
(-10 6.38514e-07 -6.14775e-09)
(-10 6.84183e-07 -3.933e-09)
(-10 7.28912e-07 -1.96347e-09)
(-10 7.6324e-07 -1.3503e-09)
(-10 7.94597e-07 1.07345e-09)
(-10 8.1745e-07 6.69156e-09)
(-10 8.1745e-07 6.69156e-09)
(-10 7.54e-07 2.77946e-09)
(-10 8.76319e-07 9.39109e-10)
(-10 7.6772e-07 7.21235e-09)
(-10 8.98304e-07 -3.14992e-09)
(-10 7.7542e-07 -1.63212e-09)
(-10 7.81699e-07 6.45153e-09)
(-10 7.77864e-07 -1.243e-08)
(-10 7.60162e-07 8.18406e-09)
(-10 7.44186e-07 -8.56493e-10)
(-10 7.56001e-07 1.42068e-08)
(-10 8.25987e-07 2.93573e-08)
(-10 8.3307e-07 3.00572e-08)
(-10 7.74942e-07 3.58267e-08)
(-10 4.97826e-08 3.25609e-08)
(-10 1.33027e-07 2.23123e-09)
(-10 2.42287e-07 6.06518e-09)
(-10 3.16073e-07 2.05798e-09)
(-10 3.99597e-07 4.18279e-09)
(-10 4.71406e-07 -2.79326e-09)
(-10 5.43009e-07 -3.50976e-09)
(-10 6.01827e-07 -1.07464e-08)
(-10 6.58323e-07 -6.73212e-09)
(-10 7.04648e-07 -7.52103e-09)
(-10 7.50373e-07 -1.35588e-09)
(-10 7.88214e-07 -4.97887e-09)
(-10 8.2426e-07 1.97288e-09)
(-10 8.6049e-07 3.24472e-09)
(-10 8.76319e-07 9.39109e-10)
(-10 8.98304e-07 -3.14992e-09)
(-10 8.98304e-07 -3.14992e-09)
(-10 8.2644e-07 -2.81982e-09)
(-10 9.01707e-07 1.81372e-09)
(-10 7.90198e-07 -1.91191e-08)
(-10 7.51816e-07 1.00541e-08)
(-10 7.11818e-07 4.98195e-10)
(-10 6.75066e-07 -5.17001e-11)
(-10 6.90168e-07 -9.44682e-09)
(-10 7.86876e-07 5.95194e-09)
(-10 8.07925e-07 -1.08329e-08)
(-10 7.67411e-07 2.92231e-08)
(-10 5.45421e-08 1.59783e-08)
(-10 1.41358e-07 -1.24988e-08)
(-10 2.443e-07 -1.15845e-08)
(-10 3.19503e-07 -1.42005e-08)
(-10 4.02471e-07 -1.05503e-08)
(-10 4.75512e-07 -1.62766e-08)
(-10 5.45757e-07 -1.09856e-08)
(-10 6.05733e-07 -1.82085e-08)
(-10 6.62989e-07 -9.57448e-09)
(-10 7.11372e-07 -1.61895e-08)
(-10 7.5726e-07 -5.51851e-09)
(-10 7.94499e-07 -1.10838e-08)
(-10 8.32008e-07 9.70416e-10)
(-10 8.56047e-07 -4.89231e-09)
(-10 8.91328e-07 2.76104e-09)
(-10 9.02587e-07 8.97829e-10)
(-10 9.01707e-07 1.81372e-09)
(-10 9.01707e-07 1.81372e-09)
(-10 7.83318e-07 -8.15418e-09)
(-10 8.72039e-07 -9.76687e-09)
(-10 7.3229e-07 1.5669e-08)
(-10 6.799e-07 9.4971e-09)
(-10 6.32597e-07 7.16738e-09)
(-10 6.3784e-07 -1.02375e-08)
(-10 7.47205e-07 1.29777e-08)
(-10 7.77584e-07 1.98647e-08)
(-10 7.58403e-07 2.03494e-08)
(-10 5.98074e-08 3.51601e-08)
(-10 1.49091e-07 1.50051e-08)
(-10 2.48254e-07 1.19775e-08)
(-10 3.25594e-07 1.09635e-08)
(-10 4.07607e-07 9.37985e-09)
(-10 4.82395e-07 5.02996e-09)
(-10 5.52655e-07 4.50543e-09)
(-10 6.15151e-07 -1.12733e-09)
(-10 6.73067e-07 1.95948e-09)
(-10 7.2389e-07 -4.1088e-09)
(-10 7.70254e-07 8.68441e-10)
(-10 8.09276e-07 -5.10597e-09)
(-10 8.44892e-07 1.0929e-09)
(-10 8.72183e-07 -5.92782e-09)
(-10 8.96613e-07 -8.70991e-10)
(-10 9.09595e-07 -1.46051e-08)
(-10 9.10323e-07 3.28706e-09)
(-10 8.72039e-07 -9.76687e-09)
(-10 8.72039e-07 -9.76687e-09)
(-10 7.52165e-07 8.11941e-09)
(-10 1.09161e-06 -9.2649e-10)
(-10 6.74749e-07 1.04922e-08)
(-10 6.24801e-07 1.77254e-08)
(-10 6.26402e-07 -3.45408e-09)
(-10 7.38491e-07 2.34895e-08)
(-10 7.40245e-07 5.14552e-09)
(-10 7.57693e-07 4.86442e-08)
(-10 7.72638e-08 3.41872e-08)
(-10 1.93702e-07 2.80405e-08)
(-10 3.19165e-07 2.48872e-08)
(-10 4.23636e-07 2.45978e-08)
(-10 5.29551e-07 2.09706e-08)
(-10 6.27374e-07 1.91052e-08)
(-10 7.17713e-07 1.55176e-08)
(-10 7.98775e-07 1.31472e-08)
(-10 8.72234e-07 1.03869e-08)
(-10 9.36805e-07 7.96296e-09)
(-10 9.94005e-07 6.4213e-09)
(-10 1.04238e-06 3.56053e-09)
(-10 1.08346e-06 2.72301e-09)
(-10 1.11499e-06 -3.27499e-10)
(-10 1.14316e-06 -2.7459e-09)
(-10 1.14495e-06 -1.87057e-09)
(-10 1.1668e-06 -1.5071e-09)
(-10 1.13395e-06 2.11132e-09)
(-10 1.09161e-06 -9.2649e-10)
(-10 1.09161e-06 -9.2649e-10)
(-10 9.42105e-07 6.54809e-09)
(-10 9.0694e-07 7.69302e-09)
(-10 9.1618e-07 -5.15691e-09)
(-10 9.81798e-07 2.44778e-08)
(-10 1.01523e-06 -4.60621e-09)
(-10 1.03941e-06 4.33722e-08)
)
;
    }
    procBoundary0to3
    {
        type            processor;
        value           nonuniform List<vector> 
101
(
(-10 8.35263e-07 -4.62902e-08)
(-10 7.64575e-07 -2.35857e-08)
(-10 7.21622e-07 -1.11196e-08)
(-10 6.99206e-07 -7.99932e-09)
(-10 7.05945e-07 -2.83644e-08)
(-10 7.3874e-07 -2.63026e-08)
(-10 7.88984e-07 -3.59168e-08)
(-10 7.60695e-07 -3.9319e-08)
(-10 7.11299e-07 -3.9973e-08)
(-10 6.98315e-07 -3.95105e-08)
(-10 7.05837e-07 -1.6465e-08)
(-10 7.19817e-07 -1.52691e-08)
(-10 7.35206e-07 -7.43582e-09)
(-10 7.37934e-07 1.09405e-08)
(-10 8.43881e-07 -2.14717e-08)
(-10 7.26963e-07 -1.94171e-08)
(-10 8.35263e-07 -4.62902e-08)
(-10 6.05022e-07 -4.02266e-08)
(-10 8.35263e-07 -4.62902e-08)
(-10 7.64575e-07 -2.35857e-08)
(-10 7.21622e-07 -1.11196e-08)
(-10 6.81439e-07 -3.46999e-08)
(-10 6.93203e-07 -3.31529e-08)
(-10 7.32812e-07 -4.78255e-08)
(-10 7.86239e-07 -6.14121e-08)
(-10 7.41989e-07 -6.47546e-08)
(-10 6.93328e-07 -6.34509e-08)
(-10 6.91193e-07 -4.30413e-08)
(-10 6.91488e-07 1.37945e-09)
(-10 7.2413e-07 -4.1545e-09)
(-10 7.50945e-07 3.04489e-08)
(-10 7.5978e-07 2.73889e-08)
(-10 7.87468e-07 -5.33699e-08)
(-10 7.79238e-07 -2.25666e-08)
(-10 6.8301e-07 -1.06532e-07)
(-10 5.4352e-07 -7.21099e-08)
(-10 4.36021e-07 -4.53391e-08)
(-10 6.81439e-07 -3.46999e-08)
(-10 3.66887e-07 -1.96158e-08)
(-10 6.81439e-07 -3.46999e-08)
(-10 6.93203e-07 -3.31529e-08)
(-10 7.25443e-07 -5.49541e-08)
(-10 7.64032e-07 -6.2935e-08)
(-10 7.21252e-07 -6.23307e-08)
(-10 6.68503e-07 -5.48414e-08)
(-10 6.70933e-07 -4.35866e-08)
(-10 6.82964e-07 -1.38605e-08)
(-10 7.1709e-07 1.87281e-08)
(-10 7.41852e-07 5.23159e-08)
(-10 7.67993e-07 6.05043e-08)
(-10 7.95528e-07 -3.5192e-08)
(-10 7.80006e-07 7.51002e-08)
(-10 6.83876e-07 -1.19846e-07)
(-10 5.73377e-07 -7.91571e-08)
(-10 4.85618e-07 -5.73942e-08)
(-10 4.32978e-07 -5.13997e-08)
(-10 4.15139e-07 -1.70424e-08)
(-10 7.25443e-07 -5.49541e-08)
(-10 4.07921e-07 -3.32729e-08)
(-10 7.25443e-07 -5.49541e-08)
(-10 7.64032e-07 -6.2935e-08)
(-10 7.21252e-07 -6.23307e-08)
(-10 6.56169e-07 -2.11448e-08)
(-10 6.44083e-07 -1.48327e-08)
(-10 6.81393e-07 1.62232e-08)
(-10 7.11647e-07 3.63915e-08)
(-10 7.38784e-07 4.78985e-08)
(-10 7.54709e-07 6.61548e-08)
(-10 8.05994e-07 -2.2272e-08)
(-10 7.45015e-07 1.05831e-08)
(-10 6.81444e-07 -1.16938e-07)
(-10 5.88794e-07 -7.58534e-08)
(-10 5.22071e-07 -4.52615e-08)
(-10 4.76502e-07 -2.4237e-08)
(-10 4.52226e-07 -2.02652e-08)
(-10 4.67915e-07 -1.5818e-08)
(-10 4.93873e-07 -1.94784e-08)
(-10 5.44019e-07 -2.48195e-08)
(-10 6.56169e-07 -2.11448e-08)
(-10 4.74946e-07 -3.01559e-08)
(-10 6.56169e-07 -2.11448e-08)
(-10 6.44083e-07 -1.48327e-08)
(-10 6.81393e-07 1.62232e-08)
(-10 9.59882e-07 2.7313e-08)
(-10 1.00441e-06 2.40352e-08)
(-10 1.04422e-06 4.40695e-08)
(-10 9.16029e-07 7.49064e-09)
(-10 9.14969e-07 9.22477e-09)
(-10 8.30436e-07 -3.82682e-08)
(-10 7.63745e-07 -2.50804e-08)
(-10 7.13903e-07 -1.22581e-08)
(-10 6.79591e-07 -2.64806e-09)
(-10 6.73167e-07 3.19338e-09)
(-10 6.8747e-07 6.22906e-09)
(-10 7.20632e-07 2.88799e-09)
(-10 7.75661e-07 -1.46184e-09)
(-10 7.28933e-07 -6.41005e-10)
(-10 7.12741e-07 1.15766e-08)
(-10 7.29047e-07 2.07818e-08)
(-10 9.59882e-07 2.7313e-08)
(-10 7.71513e-07 2.43312e-08)
)
;
    }
}


// ************************************************************************* //
