/*--------------------------------*- C++ -*----------------------------------*\
  =========                 |
  \\      /  F ield         | OpenFOAM: The Open Source CFD Toolbox
   \\    /   O peration     | Website:  https://openfoam.org
    \\  /    A nd           | Version:  10
     \\/     M anipulation  |
\*---------------------------------------------------------------------------*/
FoamFile
{
    format      ascii;
    class       surfaceScalarField;
    location    "0";
    object      phi;
}
// * * * * * * * * * * * * * * * * * * * * * * * * * * * * * * * * * * * * * //

dimensions      [0 3 -1 0 0 0 0];

internalField   nonuniform List<scalar> 
5620
(
-200
1.76588e-05
7.19765e-06
-200
1.68756e-05
6.34884e-06
-200
1.64201e-05
5.37088e-06
-200
1.5966e-05
4.14127e-06
-200
1.55275e-05
2.92646e-06
-200
1.50842e-05
1.88363e-06
-200
1.46633e-05
1.07245e-06
-200
1.4267e-05
4.8632e-07
-200
1.39034e-05
7.33799e-08
-200
1.35701e-05
-2.08313e-07
-200
1.32666e-05
-4.05965e-07
-200
1.29975e-05
-5.41494e-07
-200
1.27858e-05
-6.30886e-07
-200
1.25688e-05
-6.82425e-07
-200
1.23056e-05
-6.91937e-07
-200
1.26765e-05
-6.16598e-07
1.23296e-05
-6.96913e-07
-200
3.5737e-05
6.52924e-06
-200
3.46394e-05
6.10075e-06
-200
3.39511e-05
5.22147e-06
-200
3.31102e-05
4.04246e-06
-200
3.22664e-05
2.85168e-06
-200
3.14115e-05
1.83219e-06
-200
3.05819e-05
1.03846e-06
-200
2.97953e-05
4.65982e-07
-200
2.90572e-05
6.23259e-08
-200
2.83748e-05
-2.13081e-07
-200
2.77495e-05
-4.05402e-07
-200
2.71854e-05
-5.39309e-07
-200
2.66784e-05
-6.3194e-07
-200
2.63137e-05
-6.67491e-07
-200
2.6174e-05
-6.79699e-07
-200
2.55154e-05
-7.15138e-07
2.59382e-05
-5.24399e-07
-200
5.15599e-05
6.10788e-06
-200
5.10301e-05
5.90187e-06
-200
5.01588e-05
5.00536e-06
-200
4.91372e-05
3.87924e-06
-200
4.79962e-05
2.72691e-06
-200
4.68252e-05
1.7445e-06
-200
4.56663e-05
9.8363e-07
-200
4.45506e-05
4.33968e-07
-200
4.34942e-05
4.99485e-08
-200
4.25052e-05
-2.139e-07
-200
4.15883e-05
-3.97165e-07
-200
4.0753e-05
-5.26791e-07
-200
4.00295e-05
-6.12662e-07
-200
3.93489e-05
-6.62222e-07
-200
3.85583e-05
-6.67408e-07
-200
3.87803e-05
-5.53863e-07
3.78722e-05
-6.82635e-07
-200
6.60704e-05
6.1364e-06
-200
6.61052e-05
5.65822e-06
-200
6.50869e-05
4.75642e-06
-200
6.39301e-05
3.65698e-06
-200
6.25743e-05
2.55499e-06
-200
6.11641e-05
1.6196e-06
-200
5.97456e-05
9.00317e-07
-200
5.8366e-05
3.8407e-07
-200
5.70438e-05
2.47783e-08
-200
5.57931e-05
-2.21527e-07
-200
5.46256e-05
-3.93436e-07
-200
5.35506e-05
-5.16266e-07
-200
5.25655e-05
-6.01393e-07
-200
5.18005e-05
-6.30142e-07
-200
5.15204e-05
-6.28168e-07
-200
5.0376e-05
-7.27188e-07
5.08886e-05
-4.4827e-07
-200
8.26384e-05
6.17461e-06
-200
8.07252e-05
5.33038e-06
-200
7.94528e-05
4.48381e-06
-200
7.80483e-05
3.40633e-06
-200
7.65146e-05
2.36677e-06
-200
7.48918e-05
1.48579e-06
-200
7.32579e-05
8.17221e-07
-200
7.16541e-05
3.39796e-07
-200
7.01065e-05
1.00199e-08
-200
6.86309e-05
-2.16622e-07
-200
6.7238e-05
-3.7577e-07
-200
6.59492e-05
-4.89276e-07
-200
6.4813e-05
-5.65406e-07
-200
6.37348e-05
-6.1726e-07
-200
6.24605e-05
-6.25106e-07
-200
6.26552e-05
-4.53784e-07
6.13253e-05
-6.60324e-07
-200
9.21928e-05
4.89092e-06
-200
9.18117e-05
4.7122e-06
-200
9.11394e-05
4.05429e-06
-200
8.98082e-05
3.09206e-06
-200
8.82242e-05
2.13309e-06
-200
8.6488e-05
1.32611e-06
-200
8.4718e-05
7.17079e-07
-200
8.29642e-05
2.86019e-07
-200
8.12585e-05
-1.05501e-08
-200
7.96192e-05
-2.14448e-07
-200
7.80681e-05
-3.57313e-07
-200
7.66248e-05
-4.63056e-07
-200
7.52858e-05
-5.4228e-07
-200
7.4227e-05
-5.64488e-07
-200
7.38688e-05
-5.56115e-07
-200
7.23719e-05
-7.10629e-07
7.30155e-05
-3.65885e-07
-200
0.000103437
4.41854e-06
-200
0.000103611
4.39158e-06
-200
0.000102915
3.66829e-06
-200
0.000101625
2.78884e-06
-200
9.9931e-05
1.90612e-06
-200
9.80688e-05
1.17963e-06
-200
9.61534e-05
6.35658e-07
-200
9.42519e-05
2.54667e-07
-200
9.23981e-05
-5.89716e-09
-200
9.06123e-05
-1.85554e-07
-200
8.89133e-05
-3.14609e-07
-200
8.73268e-05
-4.12889e-07
-200
8.59163e-05
-4.82441e-07
-200
8.45794e-05
-5.37188e-07
-200
8.29507e-05
-5.58224e-07
-200
8.31612e-05
-3.44158e-07
8.15244e-05
-6.17366e-07
-200
0.000111631
4.66962e-06
-200
0.000112731
4.0933e-06
-200
0.000111938
3.30167e-06
-200
0.000110571
2.45792e-06
-200
0.000108757
1.66456e-06
-200
0.00010678
1.02414e-06
-200
0.000104751
5.52712e-07
-200
0.000102748
2.26826e-07
-200
0.000100798
4.38013e-09
-200
9.89219e-05
-1.50449e-07
-200
9.71453e-05
-2.66668e-07
-200
9.54907e-05
-3.60824e-07
-200
9.39567e-05
-4.37881e-07
-200
9.27483e-05
-4.65536e-07
-200
9.24029e-05
-4.62478e-07
-200
9.06852e-05
-6.68856e-07
9.1466e-05
-2.78782e-07
-200
0.000125499
4.77711e-06
-200
0.000123506
3.67988e-06
-200
0.000122087
2.92089e-06
-200
0.000120298
2.12284e-06
-200
0.00011824
1.43619e-06
-200
0.000116041
8.91232e-07
-200
0.000113832
5.01045e-07
-200
0.000111674
2.33669e-07
-200
0.000109593
5.11445e-08
-200
0.000107614
-8.09805e-08
-200
0.000105748
-1.88902e-07
-200
0.000104034
-2.81272e-07
-200
0.00010254
-3.55671e-07
-200
0.000101126
-4.2983e-07
-200
9.93353e-05
-4.72536e-07
-200
9.96374e-05
-2.33383e-07
9.78013e-05
-5.67308e-07
-200
0.00012964
3.18827e-06
-200
0.000129441
2.88008e-06
-200
0.000128417
2.36192e-06
-200
0.000126471
1.73447e-06
-200
0.000124176
1.18103e-06
-200
0.000121739
7.53447e-07
-200
0.000119334
4.52751e-07
-200
0.000117014
2.48817e-07
-200
0.000114822
1.06937e-07
-200
0.000112768
-6.10999e-09
-200
0.000110903
-1.05259e-07
-200
0.000109247
-2.03542e-07
-200
0.000107771
-3.01069e-07
-200
0.000106666
-3.49561e-07
-200
0.000106526
-3.65783e-07
-200
0.000104782
-6.26572e-07
0.000105723
-2.14068e-07
-200
0.000138126
2.58852e-06
-200
0.000137556
2.40238e-06
-200
0.000136024
1.84374e-06
-200
0.000133764
1.35163e-06
-200
0.000131065
9.32091e-07
-200
0.000128273
6.33334e-07
-200
0.000125546
4.29593e-07
-200
0.000122968
2.97419e-07
-200
0.000120585
1.97838e-07
-200
0.00011842
1.09926e-07
-200
0.000116576
1.29648e-08
-200
0.000115038
-9.72168e-08
-200
0.00011383
-2.05288e-07
-200
0.00011273
-3.16626e-07
-200
0.00011113
-4.01777e-07
-200
0.000111701
-1.64237e-07
0.000109823
-5.47842e-07
-200
0.000141149
2.68243e-06
-200
0.000141323
1.91409e-06
-200
0.000139414
1.31497e-06
-200
0.00013674
9.14556e-07
-200
0.000133606
6.48244e-07
-200
0.000130416
4.88228e-07
-200
0.00012731
3.97989e-07
-200
0.00012446
3.47551e-07
-200
0.000121817
3.02098e-07
-200
0.000119673
2.535e-07
-200
0.000117984
1.53504e-07
-200
0.000116811
2.04909e-08
-200
0.000115953
-1.31641e-07
-200
0.000115496
-2.41379e-07
-200
0.00011597
-3.08138e-07
-200
0.000114527
-6.27856e-07
0.000115758
-2.13176e-07
-200
0.000150269
2.53057e-06
-200
0.000146881
1.28825e-06
-200
0.000144033
7.32288e-07
-200
0.00014067
4.34125e-07
-200
0.000137023
3.36883e-07
-200
0.000133297
3.2669e-07
-200
0.000129778
3.78491e-07
-200
0.000126489
4.23109e-07
-200
0.000123683
4.92552e-07
-200
0.000121574
4.70744e-07
-200
0.000120232
3.81389e-07
-200
0.000119581
2.03495e-07
-200
0.000119428
3.97085e-09
-200
0.000119334
-2.09398e-07
-200
0.000118506
-3.75529e-07
-200
0.000119711
-1.72253e-07
0.000118027
-6.07512e-07
-200
0.000146332
7.56829e-07
-200
0.000145241
2.60417e-07
-200
0.000142768
-5.55947e-08
-200
0.000139202
-1.44912e-07
-200
0.000135173
-5.82149e-08
-200
0.000131048
1.29271e-07
-200
0.000127205
3.3646e-07
-200
0.000123555
5.64635e-07
-200
0.000120918
7.58203e-07
-200
0.000119039
8.00999e-07
-200
0.000118461
7.08085e-07
-200
0.000118639
4.59507e-07
-200
0.000119286
1.48351e-07
-200
0.000120204
-1.10406e-07
-200
0.000121829
-2.91306e-07
-200
0.000121049
-7.03064e-07
0.000122799
-2.99763e-07
-200
0.000147066
1.41152e-07
-200
0.000145106
-4.08927e-07
-200
0.000142168
-7.71379e-07
-200
0.000138342
-7.3306e-07
-200
0.000133986
-4.65626e-07
-200
0.000129765
-5.75756e-08
-200
0.000125581
3.40255e-07
-200
0.000122297
8.58903e-07
-200
0.000119807
1.12868e-06
-200
0.000118874
1.32506e-06
-200
0.000119121
1.14737e-06
-200
0.000120334
8.03255e-07
-200
0.000121966
3.6105e-07
-200
0.000123427
-6.2284e-08
-200
0.000123761
-3.89857e-07
-200
0.000125889
-2.67411e-07
0.000124596
-7.61956e-07
-200
0.000139583
2.48576e-07
-200
0.000138413
-9.19694e-07
-200
0.000135472
-1.39752e-06
-200
0.000131636
-1.29552e-06
-200
0.000127608
-8.1227e-07
-200
0.000123774
-2.23192e-07
-200
0.00012019
5.29237e-07
-200
0.000117872
1.1892e-06
-200
0.000116361
1.71605e-06
-200
0.000116823
1.9054e-06
-200
0.000118215
1.67121e-06
-200
0.000120471
1.15661e-06
-200
0.000122801
5.34476e-07
-200
0.000125133
1.38898e-08
-200
0.000127905
-3.46878e-07
-200
0.000127786
-8.74072e-07
0.000130223
-4.73285e-07
-200
0.000138066
4.07058e-07
-200
0.000133747
-1.19837e-06
-200
0.000130022
-1.78331e-06
-200
0.000126398
-1.5837e-06
-200
0.000123317
-9.40459e-07
-200
0.0001203
-1.77304e-07
-200
0.000118652
8.69478e-07
-200
0.000117334
1.56427e-06
-200
0.000118237
2.36601e-06
-200
0.000119825
2.37237e-06
-200
0.000122563
2.06081e-06
-200
0.000125445
1.33322e-06
-200
0.000128322
5.73758e-07
-200
0.000130746
-9.8471e-08
-200
0.000131845
-5.66208e-07
-200
0.000134809
-4.91708e-07
0.000133863
-1.04902e-06
-200
0.000126468
-2.05844e-07
-200
0.000123635
-1.29229e-06
-200
0.000120545
-1.66917e-06
-200
0.000118264
-1.30249e-06
-200
0.000116635
-6.86415e-07
-200
0.000115845
3.13869e-07
-200
0.000116321
1.16311e-06
-200
0.000117731
2.18623e-06
-200
0.000120753
2.65403e-06
-200
0.000123933
2.6238e-06
-200
0.000127478
2.04286e-06
-200
0.000130596
1.16708e-06
-200
0.000133471
3.10443e-07
-200
0.000136314
-3.12993e-07
-200
0.000139743
-7.02089e-07
-200
0.000139953
-1.2586e-06
0.000143131
-7.75553e-07
-200
0.000123287
8.22107e-07
-200
0.000118672
-2.01472e-07
-200
0.000116153
-4.50025e-07
-200
0.000115057
-1.73239e-07
-200
0.00011507
3.25639e-07
-200
0.000117376
1.21589e-06
-200
0.000119923
1.77927e-06
-200
0.000125022
2.71551e-06
-200
0.000129458
2.63682e-06
-200
0.000134424
2.41998e-06
-200
0.000138142
1.51232e-06
-200
0.000141309
5.81027e-07
-200
0.000144237
-2.2949e-07
-200
0.000146927
-7.8615e-07
-200
0.000148309
-1.13572e-06
-200
0.000152008
-9.24343e-07
0.000151287
-1.48587e-06
-200
0.000118504
3.22961e-06
-200
0.000114837
2.34804e-06
-200
0.000112751
2.06616e-06
-200
0.000112955
2.09794e-06
-200
0.000115193
2.54348e-06
-200
0.000119397
2.58354e-06
-200
0.000125465
3.13649e-06
-200
0.000132763
2.97637e-06
-200
0.000139506
2.69808e-06
-200
0.000145135
1.73123e-06
-200
0.000149155
6.49622e-07
-200
0.000152499
-3.22604e-07
-200
0.000155533
-9.31839e-07
-200
0.00015872
-1.25908e-06
-200
0.000162704
-1.38565e-06
-200
0.000163085
-1.82337e-06
0.000166976
-1.14085e-06
-200
0.000122461
7.04481e-06
-200
0.000116917
6.37151e-06
-200
0.000115683
6.13366e-06
-200
0.000116006
5.94706e-06
-200
0.000119292
5.95837e-06
-200
0.000126086
5.47277e-06
-200
0.000136272
5.27154e-06
-200
0.000145532
4.17427e-06
-200
0.000154536
3.01112e-06
-200
0.00016106
1.31799e-06
-200
0.000166112
2.31466e-09
-200
0.000169934
-1.03e-06
-200
0.000173577
-1.50636e-06
-200
0.00017672
-1.72329e-06
-200
0.000178364
-1.7827e-06
-200
0.000182639
-1.35384e-06
0.000181842
-1.89968e-06
-200
0.000114756
1.20173e-05
-200
0.000112888
1.17265e-05
-200
0.000110964
1.12492e-05
-200
0.000110704
1.15564e-05
-200
0.00012088
1.13865e-05
-200
0.00013221
1.0507e-05
-200
0.00014418
8.17264e-06
-200
0.000156786
6.17738e-06
-200
0.000168655
3.90473e-06
-200
0.000176909
1.54261e-06
-200
0.000183408
-3.84482e-07
-200
0.00018866
-1.32422e-06
-200
0.000192907
-1.79796e-06
-200
0.000196763
-1.83361e-06
-200
0.000201209
-1.81256e-06
-200
0.000201348
-2.2109e-06
0.000205729
-1.32294e-06
-200
0.000116735
1.97169e-05
-200
0.000107186
1.84944e-05
-200
0.000104272
1.87287e-05
-200
0.000118314
1.9971e-05
-200
0.000118483
1.72475e-05
-200
0.000136045
1.37485e-05
-200
0.000159115
1.16496e-05
-200
0.00017867
9.35058e-06
-200
0.000190904
5.21794e-06
-200
0.000201218
1.3977e-06
-200
0.000209283
-6.40268e-07
-200
0.000215391
-1.76515e-06
-200
0.000219982
-2.15626e-06
-200
0.000223427
-2.19798e-06
-200
0.000224901
-2.08914e-06
-200
0.000229593
-1.49366e-06
0.000225823
-2.13017e-06
-200
8.94662e-05
2.44267e-05
-200
0.000104659
2.55593e-05
-200
0.000120954
2.66479e-05
-200
0.000111936
2.21653e-05
-200
2.38643e-05
-200
2.06705e-05
-200
1.09833e-05
-200
6.25124e-06
-200
1.74388e-06
-200
7.49724e-07
-200
-1.00246e-06
-200
-2.2676e-06
-200
-2.47169e-06
-200
-2.08958e-06
-200
-1.84321e-06
-200
-2.1042e-06
-3.76447e-07
-200
3.84659e-05
-200
3.29678e-05
-200
2.81158e-05
3.42033e-05
-200
1.66145e-05
9.49375e-06
-200
1.6488e-05
8.74939e-06
-200
1.61867e-05
7.49415e-06
-200
1.58116e-05
5.9089e-06
-200
1.54106e-05
4.3151e-06
-200
1.50039e-05
2.91121e-06
-200
1.46102e-05
1.80147e-06
-200
1.42353e-05
9.66462e-07
-200
1.38861e-05
3.7079e-07
-200
1.35626e-05
-5.56811e-08
-200
1.32674e-05
-3.5653e-07
-200
1.30009e-05
-5.74278e-07
-200
1.27841e-05
-7.12889e-07
-200
1.25922e-05
-8.00535e-07
-200
1.23247e-05
-8.42825e-07
-200
1.25225e-05
-8.05555e-07
1.25992e-05
-8.10071e-07
-200
3.50786e-05
9.15452e-06
-200
3.43286e-05
8.48446e-06
-200
3.36135e-05
7.28582e-06
-200
3.28552e-05
5.74255e-06
-200
3.20715e-05
4.18468e-06
-200
3.12745e-05
2.81088e-06
-200
3.04962e-05
1.72664e-06
-200
2.97453e-05
9.11188e-07
-200
2.90379e-05
3.30726e-07
-200
2.83736e-05
-8.57217e-08
-200
2.77623e-05
-3.78153e-07
-200
2.72049e-05
-5.92247e-07
-200
2.67085e-05
-7.33172e-07
-200
2.63219e-05
-8.03578e-07
-200
2.61932e-05
-8.35366e-07
-200
2.57674e-05
-8.74507e-07
2.5691e-05
-7.89879e-07
-200
5.16044e-05
8.73786e-06
-200
5.06494e-05
8.17463e-06
-200
4.97698e-05
7.02934e-06
-200
4.87899e-05
5.55011e-06
-200
4.77276e-05
4.04355e-06
-200
4.66301e-05
2.72513e-06
-200
4.55361e-05
1.68053e-06
-200
4.44727e-05
9.03618e-07
-200
4.34549e-05
3.45845e-07
-200
4.24932e-05
-4.97066e-08
-200
4.15941e-05
-3.32963e-07
-200
4.07695e-05
-5.35747e-07
-200
4.00471e-05
-6.70924e-07
-200
3.93991e-05
-7.49692e-07
-200
3.86196e-05
-7.80467e-07
-200
3.85095e-05
-7.42132e-07
3.82384e-05
-7.59132e-07
-200
6.61302e-05
8.17356e-06
-200
6.5593e-05
7.67488e-06
-200
6.46609e-05
6.58589e-06
-200
6.35384e-05
5.16999e-06
-200
6.22802e-05
3.73373e-06
-200
6.0955e-05
2.48267e-06
-200
5.96157e-05
1.49881e-06
-200
5.82969e-05
7.7022e-07
-200
5.70208e-05
2.50101e-07
-200
5.58008e-05
-1.19046e-07
-200
5.46532e-05
-3.81236e-07
-200
5.35928e-05
-5.73407e-07
-200
5.26217e-05
-7.06492e-07
-200
5.18207e-05
-7.63294e-07
-200
5.15252e-05
-7.80492e-07
-200
5.08032e-05
-8.45738e-07
5.05573e-05
-7.53419e-07
-200
8.06326e-05
7.79147e-06
-200
7.97593e-05
7.27355e-06
-200
7.87817e-05
6.23022e-06
-200
7.75572e-05
4.88202e-06
-200
7.61495e-05
3.5259e-06
-200
7.46424e-05
2.35493e-06
-200
7.31015e-05
1.43989e-06
-200
7.157e-05
7.67619e-07
-200
7.00743e-05
2.88701e-07
-200
6.86343e-05
-5.00941e-08
-200
6.72668e-05
-2.94534e-07
-200
6.59902e-05
-4.74076e-07
-200
6.48492e-05
-5.94885e-07
-200
6.38173e-05
-6.67426e-07
-200
6.25683e-05
-6.97588e-07
-200
6.22539e-05
-6.3573e-07
6.17854e-05
-6.70785e-07
-200
9.14547e-05
7.09585e-06
-200
9.13108e-05
6.58401e-06
-200
9.05363e-05
5.61141e-06
-200
8.93345e-05
4.35686e-06
-200
8.78696e-05
3.10347e-06
-200
8.62591e-05
2.02954e-06
-200
8.45908e-05
1.19915e-06
-200
8.29153e-05
5.93987e-07
-200
8.12657e-05
1.66499e-07
-200
7.96644e-05
-1.36359e-07
-200
7.81348e-05
-3.56008e-07
-200
7.67032e-05
-5.21566e-07
-200
7.53793e-05
-6.41154e-07
-200
7.42697e-05
-6.91922e-07
-200
7.38655e-05
-7.04075e-07
-200
7.29445e-05
-7.90264e-07
7.26226e-05
-6.89779e-07
-200
0.000103829
6.68382e-06
-200
0.000103145
6.16088e-06
-200
0.000102342
5.20788e-06
-200
0.000101108
4.03636e-06
-200
9.95536e-05
2.88657e-06
-200
9.78258e-05
1.91688e-06
-200
9.60238e-05
1.17523e-06
-200
9.42084e-05
6.40608e-07
-200
9.24141e-05
2.63532e-07
-200
9.06672e-05
-5.79894e-09
-200
8.89882e-05
-2.07874e-07
-200
8.74082e-05
-3.62816e-07
-200
8.59859e-05
-4.73729e-07
-200
8.46914e-05
-5.51638e-07
-200
8.31003e-05
-5.91389e-07
-200
8.26539e-05
-5.1413e-07
8.20534e-05
-5.65781e-07
-200
0.000111799
6.09917e-06
-200
0.000112085
5.49795e-06
-200
0.000111343
4.55349e-06
-200
0.000110047
3.46398e-06
-200
0.0001084
2.4315e-06
-200
0.000106572
1.5794e-06
-200
0.000104671
9.39942e-07
-200
0.000102758
4.84144e-07
-200
0.000100871
1.63385e-07
-200
9.90304e-05
-7.1218e-08
-200
9.72668e-05
-2.51171e-07
-200
9.5615e-05
-4.00141e-07
-200
9.40851e-05
-5.21338e-07
-200
9.28041e-05
-5.80173e-07
-200
9.23872e-05
-6.01452e-07
-200
9.13657e-05
-7.15228e-07
9.10152e-05
-6.14534e-07
-200
0.000123016
5.7977e-06
-200
0.000122257
5.07222e-06
-200
0.000121214
4.1487e-06
-200
0.000119691
3.1541e-06
-200
0.000117841
2.25084e-06
-200
0.000115826
1.52523e-06
-200
0.000113756
9.9011e-07
-200
0.000111698
6.11924e-07
-200
0.00010968
3.40399e-07
-200
0.000107731
1.33226e-07
-200
0.000105879
-3.90946e-08
-200
0.000104156
-1.90637e-07
-200
0.000102625
-3.1246e-07
-200
0.000101252
-4.11084e-07
-200
9.95021e-05
-4.78097e-07
-200
9.9023e-05
-4.01492e-07
9.83533e-05
-4.70889e-07
-200
0.000128703
5.02492e-06
-200
0.000128695
4.23501e-06
-200
0.000127607
3.38742e-06
-200
0.000125873
2.5312e-06
-200
0.000123787
1.78529e-06
-200
0.000121551
1.20422e-06
-200
0.000119298
7.86615e-07
-200
0.00011709
4.90529e-07
-200
0.000114964
2.71926e-07
-200
0.000112949
9.25238e-08
-200
0.000111088
-7.09051e-08
-200
0.000109413
-2.29258e-07
-200
0.000107921
-3.74383e-07
-200
0.000106717
-4.66302e-07
-200
0.00010647
-5.16867e-07
-200
0.000105504
-6.64335e-07
0.000105201
-5.7279e-07
-200
0.000138272
4.53495e-06
-200
0.000136793
3.7173e-06
-200
0.000135198
2.91403e-06
-200
0.000133081
2.19432e-06
-200
0.000130622
1.61009e-06
-200
0.000128046
1.18079e-06
-200
0.000125497
8.80077e-07
-200
0.000123047
6.65653e-07
-200
0.000120748
4.96971e-07
-200
0.000118644
3.42302e-07
-200
0.000116796
1.76431e-07
-200
0.000115222
3.03044e-09
-200
0.000113945
-1.58926e-07
-200
0.000112848
-3.09778e-07
-200
0.000111276
-4.22649e-07
-200
0.000110976
-3.6409e-07
0.000110346
-4.54405e-07
-200
0.000140912
3.69401e-06
-200
0.000140345
2.81245e-06
-200
0.000138504
2.0573e-06
-200
0.000135989
1.47892e-06
-200
0.000133119
1.07592e-06
-200
0.000130163
8.1445e-07
-200
0.000127279
6.48346e-07
-200
0.000124578
5.36112e-07
-200
0.000122115
4.37673e-07
-200
0.000120012
3.22791e-07
-200
0.00011834
1.65923e-07
-200
0.000117097
-3.14421e-08
-200
0.000116165
-2.46345e-07
-200
0.000115546
-4.10189e-07
-200
0.000115865
-5.20725e-07
-200
0.000115238
-7.16981e-07
0.000115142
-6.37774e-07
-200
0.000147498
3.12654e-06
-200
0.000145275
2.14431e-06
-200
0.000142802
1.43668e-06
-200
0.000139765
1.00209e-06
-200
0.000136405
7.851e-07
-200
0.000132988
7.02251e-07
-200
0.000129712
6.9337e-07
-200
0.00012671
7.10425e-07
-200
0.000124098
7.2026e-07
-200
0.00012209
6.65413e-07
-200
0.000120742
5.11925e-07
-200
0.000119981
2.69069e-07
-200
0.000119654
-2.38651e-09
-200
0.000119489
-2.65722e-07
-200
0.000118637
-4.73961e-07
-200
0.000118882
-4.63194e-07
0.000118507
-5.73666e-07
-200
0.00014537
2.06661e-06
-200
0.000144195
9.84157e-07
-200
0.000141649
3.41084e-07
-200
0.000138283
7.36154e-08
-200
0.000134536
6.59456e-08
-200
0.000130756
2.01473e-07
-200
0.000127211
4.03179e-07
-200
0.000124014
6.15453e-07
-200
0.000121497
7.96902e-07
-200
0.000119858
8.32721e-07
-200
0.000119147
6.78442e-07
-200
0.000119176
3.57873e-07
-200
0.000119618
-3.26754e-08
-200
0.000120279
-3.73039e-07
-200
0.000121675
-6.18438e-07
-200
0.000121729
-8.9881e-07
0.000122077
-8.36969e-07
-200
0.000147234
1.43819e-06
-200
0.000144308
2.1393e-07
-200
0.000141189
-4.47875e-07
-200
0.000137464
-5.83794e-07
-200
0.000133444
-3.77142e-07
-200
0.000129507
1.00536e-08
-200
0.000125876
4.69396e-07
-200
0.000122814
9.61179e-07
-200
0.000120725
1.34673e-06
-200
0.00011978
1.4742e-06
-200
0.000119939
1.27488e-06
-200
0.000120886
8.26884e-07
-200
0.000122237
2.87542e-07
-200
0.000123546
-2.26493e-07
-200
0.000123828
-6.11942e-07
-200
0.000124941
-6.91139e-07
0.000125048
-8.34959e-07
-200
0.000139831
6.49135e-07
-200
0.000137977
-7.94146e-07
-200
0.000134869
-1.49568e-06
-200
0.000131186
-1.50193e-06
-200
0.000127408
-1.05986e-06
-200
0.000123846
-3.94335e-07
-200
0.000120722
3.85116e-07
-200
0.000118458
1.18667e-06
-200
0.000117376
1.76602e-06
-200
0.000117553
1.93378e-06
-200
0.000118823
1.62658e-06
-200
0.000120747
9.81527e-07
-200
0.000122862
2.30528e-07
-200
0.000124958
-3.99013e-07
-200
0.000127562
-8.35158e-07
-200
0.000128384
-1.22563e-06
0.000129324
-1.17728e-06
-200
0.000137108
5.22153e-07
-200
0.0001336
-1.09692e-06
-200
0.0001302
-1.81922e-06
-200
0.000126837
-1.70188e-06
-200
0.000123714
-1.08543e-06
-200
0.000121068
-1.76286e-07
-200
0.000119111
8.64493e-07
-200
0.000118306
1.8755e-06
-200
0.000118687
2.51154e-06
-200
0.000120218
2.58494e-06
-200
0.000122535
2.06136e-06
-200
0.000125185
1.19418e-06
-200
0.000127911
2.857e-07
-200
0.000130411
-4.67233e-07
-200
0.000131632
-9.84362e-07
-200
0.000133611
-1.10317e-06
0.00013429
-1.25354e-06
-200
0.000128074
6.05049e-07
-200
0.00012534
-1.04834e-06
-200
0.000122449
-1.68228e-06
-200
0.000120029
-1.48466e-06
-200
0.000118216
-7.52145e-07
-200
0.000117254
2.43012e-07
-200
0.000117283
1.39882e-06
-200
0.000118558
2.34363e-06
-200
0.000120726
2.8168e-06
-200
0.000123614
2.58872e-06
-200
0.000126649
1.77059e-06
-200
0.000129681
6.80248e-07
-200
0.000132628
-3.08357e-07
-200
0.000135575
-1.00546e-06
-200
0.000139066
-1.42517e-06
-200
0.000140476
-1.78542e-06
0.000142021
-1.66876e-06
-200
0.000127049
2.05908e-06
-200
0.000122656
6.11798e-07
-200
0.000120085
7.93279e-08
-200
0.000118606
2.5201e-07
-200
0.000118536
9.42683e-07
-200
0.000119513
1.76872e-06
-200
0.000122044
2.73216e-06
-200
0.00012543
3.23646e-06
-200
0.000129554
3.25552e-06
-200
0.000133348
2.4909e-06
-200
0.000136794
1.32789e-06
-200
0.000139897
9.85719e-08
-200
0.000143139
-7.65291e-07
-200
0.000146188
-1.36884e-06
-200
0.000147918
-1.70128e-06
-200
0.000150603
-1.66703e-06
0.000151826
-1.74048e-06
-200
0.000124465
4.39145e-06
-200
0.000121124
3.48935e-06
-200
0.000119107
3.07837e-06
-200
0.00011897
3.28977e-06
-200
0.000120529
3.62478e-06
-200
0.000123911
4.22544e-06
-200
0.000128801
4.46901e-06
-200
0.000134634
4.41135e-06
-200
0.000139995
3.44513e-06
-200
0.000144489
2.05273e-06
-200
0.000148143
4.40797e-07
-200
0.000151394
-7.60701e-07
-200
0.000154636
-1.56987e-06
-200
0.000157995
-1.92646e-06
-200
0.000162083
-2.07957e-06
-200
0.000163819
-2.30806e-06
0.000165791
-2.07177e-06
-200
0.000130231
8.65267e-06
-200
0.000125284
8.36394e-06
-200
0.000123676
8.2959e-06
-200
0.000124771
8.47766e-06
-200
0.000127774
8.60116e-06
-200
0.000133952
8.72087e-06
-200
0.000140805
8.26122e-06
-200
0.000148661
7.07267e-06
-200
0.000155932
5.13847e-06
-200
0.000161411
2.89311e-06
-200
0.000165508
7.14555e-07
-200
0.000169474
-6.18788e-07
-200
0.000173122
-1.38864e-06
-200
0.000176548
-1.71709e-06
-200
0.000178318
-1.96157e-06
-200
0.0001813
-1.88964e-06
0.000182743
-1.95332e-06
-200
0.000126787
1.44491e-05
-200
0.000123463
1.47702e-05
-200
0.00012265
1.50746e-05
-200
0.000123852
1.51777e-05
-200
0.000130038
1.54472e-05
-200
0.000137274
1.48119e-05
-200
0.000149612
1.36714e-05
-200
0.000161744
1.15081e-05
-200
0.000170707
8.14071e-06
-200
0.000176682
4.11905e-06
-200
0.000183008
1.68071e-06
-200
0.000187971
-2.67038e-07
-200
0.000192347
-1.09342e-06
-200
0.000196194
-1.64259e-06
-200
0.000200777
-1.92612e-06
-200
0.000202468
-2.36114e-06
0.000204468
-2.13521e-06
-200
0.000124095
2.29275e-05
-200
0.000118225
2.3529e-05
-200
0.000116645
2.38663e-05
-200
0.000121742
2.44479e-05
-200
0.000128821
2.41648e-05
-200
0.00014686
2.30323e-05
-200
0.000158074
2.00046e-05
-200
0.000173827
1.52535e-05
-200
0.000185476
9.1549e-06
-200
0.000200206
6.4829e-06
-200
0.000208717
2.98986e-06
-200
0.000214606
3.16459e-08
-200
0.000219489
-1.37937e-06
-200
0.000223596
-1.66028e-06
-200
0.000225285
-2.12314e-06
-200
0.000228639
-2.04392e-06
0.000228563
-2.16226e-06
-200
0.000111402
3.21635e-05
-200
0.000116235
3.26005e-05
-200
0.000123248
3.31206e-05
-200
0.000130746
3.27634e-05
-200
0.000140893
3.16773e-05
-200
0.000145981
2.61173e-05
-200
2.24557e-05
-200
1.38041e-05
-200
1.03521e-05
-200
6.86111e-07
-200
-3.04362e-06
-200
-2.14559e-06
-200
-2.4084e-06
-200
-2.69881e-06
-200
-2.95619e-06
-200
-3.11404e-06
-2.37139e-06
-200
4.22592e-05
-200
4.10248e-05
-200
3.94879e-05
-200
3.80889e-05
-200
3.68053e-05
3.43797e-05
-200
1.60844e-05
8.15306e-06
-200
1.60741e-05
7.68886e-06
-200
1.58612e-05
6.70998e-06
-200
1.55517e-05
5.43312e-06
-200
1.52069e-05
4.10853e-06
-200
1.48471e-05
2.93088e-06
-200
1.44933e-05
1.97265e-06
-200
1.41489e-05
1.24553e-06
-200
1.38235e-05
7.07914e-07
-200
1.35157e-05
3.16828e-07
-200
1.32337e-05
2.98933e-08
-200
1.29728e-05
-1.74138e-07
-200
1.27524e-05
-3.24373e-07
-200
1.25874e-05
-4.4324e-07
-200
1.23364e-05
-5.08054e-07
-200
1.24148e-05
-5.89976e-07
1.26307e-05
-6.29678e-07
-200
3.44276e-05
7.90201e-06
-200
3.38445e-05
7.53334e-06
-200
3.32127e-05
6.59945e-06
-200
3.25545e-05
5.3596e-06
-200
3.18509e-05
4.05828e-06
-200
3.11405e-05
2.90896e-06
-200
3.04241e-05
1.96789e-06
-200
2.97335e-05
1.26073e-06
-200
2.90615e-05
7.31568e-07
-200
2.84298e-05
3.53036e-07
-200
2.78329e-05
6.9017e-08
-200
2.72932e-05
-1.34257e-07
-200
2.68058e-05
-2.73951e-07
-200
2.64061e-05
-3.77159e-07
-200
2.62789e-05
-5.1429e-07
-200
2.59743e-05
-5.68248e-07
2.5739e-05
-3.75657e-07
-200
5.07227e-05
7.67462e-06
-200
4.98686e-05
7.26795e-06
-200
4.90769e-05
6.37139e-06
-200
4.8196e-05
5.1685e-06
-200
4.72435e-05
3.92128e-06
-200
4.62512e-05
2.80955e-06
-200
4.52522e-05
1.9133e-06
-200
4.42642e-05
1.23123e-06
-200
4.33053e-05
7.30976e-07
-200
4.23849e-05
3.65276e-07
-200
4.15187e-05
9.73423e-08
-200
4.07106e-05
-9.86338e-08
-200
3.99916e-05
-2.37858e-07
-200
3.93778e-05
-3.44249e-07
-200
3.86195e-05
-4.15748e-07
-200
3.83476e-05
-5.13612e-07
3.82473e-05
-5.74216e-07
-200
6.55331e-05
7.02544e-06
-200
6.49659e-05
6.78443e-06
-200
6.41052e-05
5.9642e-06
-200
6.30885e-05
4.82685e-06
-200
6.19555e-05
3.64174e-06
-200
6.07554e-05
2.59206e-06
-200
5.95237e-05
1.74757e-06
-200
5.82928e-05
1.11064e-06
-200
5.70811e-05
6.43545e-07
-200
5.59085e-05
3.04919e-07
-200
5.47887e-05
5.30918e-08
-200
5.3748e-05
-1.33351e-07
-200
5.27961e-05
-2.55298e-07
-200
5.19705e-05
-3.4312e-07
-200
5.16547e-05
-4.92077e-07
-200
5.11314e-05
-5.66677e-07
5.06864e-05
-2.45814e-07
-200
7.95457e-05
6.83827e-06
-200
7.86819e-05
6.46163e-06
-200
7.78148e-05
5.64874e-06
-200
7.67367e-05
4.56409e-06
-200
7.54894e-05
3.4489e-06
-200
7.41339e-05
2.46629e-06
-200
7.27253e-05
1.6837e-06
-200
7.12987e-05
1.09578e-06
-200
6.98834e-05
6.67991e-07
-200
6.84995e-05
3.55428e-07
-200
6.71708e-05
1.23412e-07
-200
6.5916e-05
-4.73165e-08
-200
6.47769e-05
-1.72914e-07
-200
6.3779e-05
-2.72349e-07
-200
6.25582e-05
-3.20259e-07
-200
6.20125e-05
-4.12373e-07
6.17557e-05
-5.75819e-07
-200
9.08109e-05
6.04882e-06
-200
9.06496e-05
5.8171e-06
-200
8.99057e-05
5.07736e-06
-200
8.88337e-05
4.06969e-06
-200
8.75307e-05
3.03739e-06
-200
8.60831e-05
2.13835e-06
-200
8.45534e-05
1.42905e-06
-200
8.29881e-05
9.02661e-07
-200
8.14173e-05
5.20784e-07
-200
7.98684e-05
2.42837e-07
-200
7.83663e-05
3.36058e-08
-200
7.69513e-05
-1.27639e-07
-200
7.56409e-05
-2.34236e-07
-200
7.44889e-05
-3.08884e-07
-200
7.40415e-05
-4.64269e-07
-200
7.3376e-05
-5.41531e-07
7.28163e-05
-1.36738e-07
-200
0.000102916
6.01319e-06
-200
0.000102109
5.54449e-06
-200
0.000101319
4.77614e-06
-200
0.000100213
3.82019e-06
-200
9.88425e-05
2.86989e-06
-200
9.72985e-05
2.05552e-06
-200
9.56562e-05
1.42217e-06
-200
9.39639e-05
9.55599e-07
-200
9.22577e-05
6.17881e-07
-200
9.0565e-05
3.68101e-07
-200
8.89206e-05
1.76424e-07
-200
8.73498e-05
2.74385e-08
-200
8.59116e-05
-8.99163e-08
-200
8.46468e-05
-1.89328e-07
-200
8.30845e-05
-2.19602e-07
-200
8.23396e-05
-3.00419e-07
8.19773e-05
-5.6423e-07
-200
0.000111328
5.16841e-06
-200
0.00011142
4.85728e-06
-200
0.000110711
4.14873e-06
-200
0.000109563
3.26934e-06
-200
0.000108118
2.41439e-06
-200
0.000106487
1.69736e-06
-200
0.000104749
1.14866e-06
-200
0.000102958
7.4909e-07
-200
0.000101147
4.58666e-07
-200
9.93499e-05
2.41037e-07
-200
9.75982e-05
6.53799e-08
-200
9.59424e-05
-8.10069e-08
-200
9.44115e-05
-1.8381e-07
-200
9.30683e-05
-2.58297e-07
-200
9.25799e-05
-4.24457e-07
-200
9.18559e-05
-5.04587e-07
9.12397e-05
-4.03234e-08
-200
0.000121809
5.2657e-06
-200
0.000120948
4.64774e-06
-200
0.000120024
3.89748e-06
-200
0.000118718
3.0784e-06
-200
0.000117114
2.31915e-06
-200
0.000115324
1.69805e-06
-200
0.000113439
1.23088e-06
-200
0.000111508
8.8962e-07
-200
0.000109573
6.37807e-07
-200
0.000107668
4.386e-07
-200
0.000105829
2.69206e-07
-200
0.000104095
1.26399e-07
-200
0.000102528
1.3215e-09
-200
0.000101165
-1.12783e-07
-200
9.94415e-05
-1.3589e-07
-200
9.86123e-05
-2.08938e-07
9.8194e-05
-5.62801e-07
-200
0.000127938
4.35095e-06
-200
0.000127886
3.88811e-06
-200
0.000126868
3.2137e-06
-200
0.000125347
2.49086e-06
-200
0.000123513
1.84253e-06
-200
0.000121514
1.32861e-06
-200
0.000119444
9.4695e-07
-200
0.000117364
6.69434e-07
-200
0.000115316
4.5712e-07
-200
0.000113339
2.79588e-07
-200
0.000111474
1.18574e-07
-200
0.000109776
-3.19942e-08
-200
0.000108258
-1.50473e-07
-200
0.000106962
-2.39044e-07
-200
0.000106617
-4.21147e-07
-200
0.000105973
-5.08704e-07
0.000105386
-8.37645e-09
-200
0.000136958
4.46955e-06
-200
0.000135379
3.67244e-06
-200
0.000133859
2.95836e-06
-200
0.000131964
2.30804e-06
-200
0.000129787
1.76859e-06
-200
0.000127474
1.35682e-06
-200
0.000125135
1.0572e-06
-200
0.000122844
8.36338e-07
-200
0.000120656
6.57662e-07
-200
0.000118613
4.94254e-07
-200
0.000116779
3.35143e-07
-200
0.000115168
1.7975e-07
-200
0.000113808
2.90365e-08
-200
0.000112691
-1.12223e-07
-200
0.000111123
-1.43432e-07
-200
0.000110425
-2.15548e-07
0.00011006
-6.39659e-07
-200
0.000140025
3.34671e-06
-200
0.000139301
2.76742e-06
-200
0.000137534
2.14211e-06
-200
0.000135244
1.59903e-06
-200
0.000132665
1.18158e-06
-200
0.000129988
8.86852e-07
-200
0.00012735
6.84414e-07
-200
0.000124851
5.36888e-07
-200
0.000122556
4.09665e-07
-200
0.000120548
2.82767e-07
-200
0.00011888
1.33262e-07
-200
0.000117567
-3.63134e-08
-200
0.000116546
-1.8996e-07
-200
0.000115772
-3.163e-07
-200
0.000115938
-5.29162e-07
-200
0.000115635
-6.28091e-07
0.000115242
-1.04709e-07
-200
0.000145841
3.33709e-06
-200
0.000143462
2.4093e-06
-200
0.000141091
1.7412e-06
-200
0.000138315
1.2746e-06
-200
0.000135282
9.77165e-07
-200
0.000132206
8.06407e-07
-200
0.000129259
7.1566e-07
-200
0.000126562
6.6015e-07
-200
0.000124218
6.11e-07
-200
0.000122352
5.30663e-07
-200
0.000121002
3.90783e-07
-200
0.00012012
2.0567e-07
-200
0.000119606
-6.61294e-09
-200
0.000119321
-2.15766e-07
-200
0.000118411
-2.85047e-07
-200
0.000118201
-3.73066e-07
0.000118096
-8.48364e-07
-200
0.000144388
2.04771e-06
-200
0.000142992
1.2901e-06
-200
0.000140416
6.91304e-07
-200
0.000137256
3.32943e-07
-200
0.000133844
1.83039e-07
-200
0.000130457
1.72878e-07
-200
0.000127315
2.37071e-07
-200
0.000124555
3.2887e-07
-200
0.000122356
4.05686e-07
-200
0.00012086
3.97282e-07
-200
0.000120079
2.68376e-07
-200
0.000119909
3.49492e-08
-200
0.000120119
-2.2601e-07
-200
0.000120508
-4.55982e-07
-200
0.000121685
-7.47036e-07
-200
0.000122054
-8.81939e-07
0.00012208
-3.4202e-07
-200
0.000146001
1.99646e-06
-200
0.000142733
8.082e-07
-200
0.000139552
1.17875e-07
-200
0.000136029
-1.659e-07
-200
0.000132377
-1.61661e-07
-200
0.000128875
1.46365e-08
-200
0.000125744
2.68653e-07
-200
0.000123166
5.52251e-07
-200
0.00012138
7.71377e-07
-200
0.000120499
8.25276e-07
-200
0.000120489
6.70536e-07
-200
0.000121128
3.57581e-07
-200
0.000122148
-2.64481e-08
-200
0.000123276
-3.8432e-07
-200
0.000123479
-5.46718e-07
-200
0.000124106
-6.81689e-07
0.000124513
-1.19763e-06
-200
0.000139632
7.28073e-07
-200
0.000137504
-2.97648e-07
-200
0.000134363
-9.29467e-07
-200
0.000130874
-1.08644e-06
-200
0.000127368
-8.91414e-07
-200
0.000124186
-4.98737e-07
-200
0.000121471
-1.45546e-08
-200
0.000119535
4.72908e-07
-200
0.000118541
8.17563e-07
-200
0.00011857
8.82142e-07
-200
0.000119503
6.40192e-07
-200
0.000121079
1.8362e-07
-200
0.000122948
-3.04291e-07
-200
0.000124851
-7.04553e-07
-200
0.000127329
-1.10506e-06
-200
0.000128575
-1.27797e-06
0.000129205
-6.94085e-07
-200
0.000137238
9.6806e-07
-200
0.000133676
-4.09215e-07
-200
0.000130414
-1.08262e-06
-200
0.000127177
-1.14765e-06
-200
0.000124235
-7.86604e-07
-200
0.000121723
-2.36674e-07
-200
0.000119946
4.34759e-07
-200
0.000119038
1.00721e-06
-200
0.000119164
1.36501e-06
-200
0.000120224
1.3058e-06
-200
0.000122081
8.96695e-07
-200
0.000124382
2.66034e-07
-200
0.000126983
-3.32221e-07
-200
0.00012957
-8.1153e-07
-200
0.000130944
-1.00821e-06
-200
0.000132545
-1.14084e-06
0.000133641
-1.66239e-06
-200
0.000130346
5.73525e-07
-200
0.000127933
-5.02311e-07
-200
0.000125202
-1.03364e-06
-200
0.000122742
-9.52579e-07
-200
0.000120865
-5.04648e-07
-200
0.000119638
1.72371e-07
-200
0.000119367
8.38568e-07
-200
0.000119953
1.37958e-06
-200
0.000121411
1.51254e-06
-200
0.000123461
1.21743e-06
-200
0.000125957
5.13911e-07
-200
0.000128772
-2.53919e-07
-200
0.000131914
-8.6565e-07
-200
0.000135007
-1.27093e-06
-200
0.000138634
-1.64207e-06
-200
0.000140661
-1.76371e-06
0.000141909
-1.03866e-06
-200
0.000130693
2.10483e-06
-200
0.000127152
1.02667e-06
-200
0.000124771
6.13559e-07
-200
0.000123352
7.80122e-07
-200
0.000122727
1.21157e-06
-200
0.000123351
1.85098e-06
-200
0.000124757
2.26898e-06
-200
0.000127265
2.53804e-06
-200
0.00012985
2.21899e-06
-200
0.000132663
1.54008e-06
-200
0.000135408
5.24789e-07
-200
0.000138554
-2.42469e-07
-200
0.000141882
-8.72511e-07
-200
0.000145316
-1.2524e-06
-200
0.000147327
-1.35317e-06
-200
0.000149601
-1.43725e-06
0.000151308
-1.95216e-06
-200
0.000131123
3.28307e-06
-200
0.00012874
3.07472e-06
-200
0.000127259
3.09812e-06
-200
0.000127076
3.31726e-06
-200
0.000128304
3.79502e-06
-200
0.000130935
4.06448e-06
-200
0.000134726
4.26702e-06
-200
0.000138793
3.84295e-06
-200
0.000142641
3.11787e-06
-200
0.000145803
1.88502e-06
-200
0.000148571
7.65735e-07
-200
0.000151615
-1.88417e-07
-200
0.000154919
-7.3535e-07
-200
0.000158322
-1.08747e-06
-200
0.000162268
-1.55123e-06
-200
0.000164473
-1.75435e-06
0.000165976
-9.31579e-07
-200
0.000139287
6.59416e-06
-200
0.000135294
7.03204e-06
-200
0.000134268
7.48594e-06
-200
0.00013524
7.88491e-06
-200
0.00013847
8.29119e-06
-200
0.000143469
8.272e-06
-200
0.000149258
8.00696e-06
-200
0.000155592
7.04853e-06
-200
0.000160624
5.78039e-06
-200
0.000163327
4.12933e-06
-200
0.000167017
2.90528e-06
-200
0.000170024
1.72795e-06
-200
0.000173583
1.04027e-06
-200
0.000176664
1.71151e-07
-200
0.000178373
-3.8095e-07
-200
0.000180563
-9.01334e-07
0.000182459
-1.67358e-06
-200
0.000140034
8.28603e-06
-200
0.000137148
1.10774e-05
-200
0.000136387
1.24407e-05
-200
0.000138336
1.32309e-05
-200
0.000143659
1.33674e-05
-200
0.000150119
1.32356e-05
-200
0.000159508
1.23731e-05
-200
0.000167596
1.09551e-05
-200
0.000172292
8.95793e-06
-200
0.000180376
7.74561e-06
-200
0.000185053
5.71434e-06
-200
0.000188438
3.93198e-06
-200
0.0001919
2.22933e-06
-200
0.000196166
1.23353e-06
-200
0.000200469
-3.38086e-07
-200
0.000202964
-1.12944e-06
0.000204426
-4.91994e-07
-200
0.000138526
1.52398e-05
-200
0.000132399
1.80795e-05
-200
0.000131105
1.94465e-05
-200
0.000134735
2.00939e-05
-200
0.00014056
1.99858e-05
-200
0.00015168
1.95973e-05
-200
0.000161904
1.79017e-05
-200
0.000171563
1.57855e-05
-200
0.000187347
1.41484e-05
-200
0.000191148
1.07985e-05
-200
0.00019929
6.67607e-06
-200
0.000211204
5.9679e-06
-200
0.000217881
4.35992e-06
-200
0.000221973
2.19944e-06
-200
0.000223983
8.14434e-08
-200
0.000226967
-1.05273e-06
0.000228236
-2.06204e-06
-200
0.000127177
2.64245e-05
-200
0.000129397
2.59248e-05
-200
0.000133197
2.59045e-05
-200
0.000139067
2.5511e-05
-200
0.000148905
2.50767e-05
-200
0.000158891
2.28067e-05
-200
0.000167209
2.04021e-05
-200
0.00018557
1.69766e-05
-200
0.00018541
1.08982e-05
-200
7.64826e-06
-200
7.07054e-06
-200
-1.65773e-06
-200
-2.59017e-06
-200
-4.85399e-06
-200
-3.11213e-06
-200
-2.80995e-06
-1.35221e-06
-200
3.15046e-05
-200
3.20531e-05
-200
3.14199e-05
-200
3.04511e-05
-200
2.85255e-05
-200
2.56833e-05
-200
2.3522e-05
-200
1.55578e-05
1.4862e-05
-200
1.56921e-05
5.59983e-06
-200
1.58311e-05
5.56655e-06
-200
1.56885e-05
5.11538e-06
-200
1.54368e-05
4.40357e-06
-200
1.51283e-05
3.62996e-06
-200
1.48129e-05
2.93493e-06
-200
1.44858e-05
2.36778e-06
-200
1.41727e-05
1.93498e-06
-200
1.38605e-05
1.60643e-06
-200
1.35722e-05
1.36021e-06
-200
1.32948e-05
1.16783e-06
-200
1.30351e-05
1.01305e-06
-200
1.28312e-05
8.70416e-07
-200
1.26906e-05
7.48132e-07
-200
1.23266e-05
5.66562e-07
-200
1.24487e-05
3.92994e-07
1.30276e-05
9.53717e-07
-200
3.40723e-05
5.67675e-06
-200
3.34298e-05
5.65253e-06
-200
3.28564e-05
5.23227e-06
-200
3.22559e-05
4.53333e-06
-200
3.16369e-05
3.78176e-06
-200
3.09852e-05
3.09278e-06
-200
3.03389e-05
2.54071e-06
-200
2.96874e-05
2.10868e-06
-200
2.90606e-05
1.78987e-06
-200
2.8449e-05
1.54066e-06
-200
2.78772e-05
1.34912e-06
-200
2.73489e-05
1.19748e-06
-200
2.68622e-05
1.06385e-06
-200
2.64575e-05
8.761e-07
-200
2.64329e-05
7.27508e-07
-200
2.60596e-05
8.68583e-07
2.54288e-05
8.84182e-07
-200
4.97083e-05
5.49228e-06
-200
4.91131e-05
5.4291e-06
-200
4.84407e-05
4.99972e-06
-200
4.76621e-05
4.32729e-06
-200
4.68067e-05
3.59684e-06
-200
4.59114e-05
2.94154e-06
-200
4.49932e-05
2.40865e-06
-200
4.40758e-05
2.0025e-06
-200
4.31687e-05
1.69608e-06
-200
4.22906e-05
1.46353e-06
-200
4.14495e-05
1.28057e-06
-200
4.06564e-05
1.13402e-06
-200
3.99643e-05
1.00196e-06
-200
3.93796e-05
8.71391e-07
-200
3.85003e-05
6.71562e-07
-200
3.82647e-05
4.66823e-07
3.87605e-05
1.06544e-06
-200
6.52407e-05
5.07028e-06
-200
6.44615e-05
5.14424e-06
-200
6.36123e-05
4.78942e-06
-200
6.26779e-05
4.1666e-06
-200
6.16541e-05
3.48118e-06
-200
6.05589e-05
2.86191e-06
-200
5.94239e-05
2.36284e-06
-200
5.82696e-05
1.98165e-06
-200
5.71193e-05
1.69704e-06
-200
5.59875e-05
1.47866e-06
-200
5.48985e-05
1.30586e-06
-200
5.38824e-05
1.17245e-06
-200
5.29248e-05
1.05554e-06
-200
5.2081e-05
8.60889e-07
-200
5.19232e-05
6.95512e-07
-200
5.13725e-05
1.02623e-06
5.01708e-05
8.63543e-07
-200
7.83122e-05
4.89315e-06
-200
7.76748e-05
4.81848e-06
-200
7.6922e-05
4.43314e-06
-200
7.59642e-05
3.83159e-06
-200
7.48465e-05
3.18306e-06
-200
7.36215e-05
2.60637e-06
-200
7.23274e-05
2.14494e-06
-200
7.0997e-05
1.79737e-06
-200
6.96534e-05
1.53852e-06
-200
6.83236e-05
1.34227e-06
-200
6.70305e-05
1.18759e-06
-200
6.57905e-05
1.06043e-06
-200
6.46811e-05
9.44065e-07
-200
6.37219e-05
8.41537e-07
-200
6.23331e-05
6.53679e-07
-200
6.18106e-05
3.12569e-07
6.24418e-05
1.04271e-06
-200
9.07552e-05
4.32469e-06
-200
9.02237e-05
4.41323e-06
-200
8.94351e-05
4.10231e-06
-200
8.84438e-05
3.55547e-06
-200
8.7269e-05
2.95976e-06
-200
8.59537e-05
2.43156e-06
-200
8.45427e-05
2.01362e-06
-200
8.30708e-05
1.70108e-06
-200
8.1569e-05
1.47083e-06
-200
8.00641e-05
1.2952e-06
-200
7.85895e-05
1.15301e-06
-200
7.71936e-05
1.04399e-06
-200
7.58664e-05
9.4927e-07
-200
7.46757e-05
7.61263e-07
-200
7.44238e-05
6.07822e-07
-200
7.37527e-05
1.0737e-06
7.21484e-05
7.52857e-07
-200
0.000101596
4.3064e-06
-200
0.000101035
4.13753e-06
-200
0.000100339
3.75462e-06
-200
9.93527e-05
3.21508e-06
-200
9.81308e-05
2.65668e-06
-200
9.67389e-05
2.17375e-06
-200
9.52288e-05
1.79774e-06
-200
9.36412e-05
1.52072e-06
-200
9.20089e-05
1.31799e-06
-200
9.03664e-05
1.16346e-06
-200
8.87471e-05
1.03964e-06
-200
8.71804e-05
9.34974e-07
-200
8.57649e-05
8.34309e-07
-200
8.4539e-05
7.63772e-07
-200
8.27645e-05
6.04197e-07
-200
8.20206e-05
1.37344e-07
8.27959e-05
9.5596e-07
-200
0.00011148
3.67356e-06
-200
0.000111093
3.70409e-06
-200
0.000110318
3.39533e-06
-200
0.000109265
2.90884e-06
-200
0.000107969
2.40256e-06
-200
0.000106488
1.96886e-06
-200
0.000104877
1.63547e-06
-200
0.000103178
1.39225e-06
-200
0.000101427
1.21486e-06
-200
9.96586e-05
1.07757e-06
-200
9.79167e-05
9.63709e-07
-200
9.62664e-05
8.75917e-07
-200
9.47008e-05
8.00766e-07
-200
9.32956e-05
6.25236e-07
-200
9.30308e-05
4.92821e-07
-200
9.23178e-05
1.06755e-06
9.04233e-05
6.00966e-07
-200
0.00012038
3.79126e-06
-200
0.000119762
3.49635e-06
-200
0.000118956
3.09272e-06
-200
0.0001178
2.60507e-06
-200
0.000116369
2.13261e-06
-200
0.000114747
1.74034e-06
-200
0.000112995
1.44369e-06
-200
0.000111164
1.22991e-06
-200
0.000109291
1.07244e-06
-200
0.000107419
9.5035e-07
-200
0.000105594
8.51193e-07
-200
0.000103848
7.63686e-07
-200
0.000102291
6.77432e-07
-200
0.000100968
6.39587e-07
-200
9.89958e-05
5.14135e-07
-200
9.81439e-05
-5.50172e-08
9.90603e-05
8.13648e-07
-200
0.000128123
3.1173e-06
-200
0.000127549
3.03787e-06
-200
0.000126469
2.70919e-06
-200
0.000125061
2.27244e-06
-200
0.000123398
1.84802e-06
-200
0.000121558
1.49829e-06
-200
0.000119616
1.23731e-06
-200
0.000117624
1.04828e-06
-200
0.000115629
9.09488e-07
-200
0.000113675
8.0102e-07
-200
0.000111813
7.08979e-07
-200
0.000110107
6.39762e-07
-200
0.000108538
5.84957e-07
-200
0.00010716
4.28096e-07
-200
0.000107051
3.22056e-07
-200
0.000106431
9.78463e-07
0.0001044
3.90219e-07
-200
0.000135204
3.29887e-06
-200
0.000133965
2.83647e-06
-200
0.000132584
2.39585e-06
-200
0.000130856
1.95442e-06
-200
0.00012887
1.56139e-06
-200
0.000126739
1.25145e-06
-200
0.000124553
1.02371e-06
-200
0.000122376
8.60603e-07
-200
0.000120268
7.41869e-07
-200
0.000118283
6.5011e-07
-200
0.000116464
5.74889e-07
-200
0.000114831
5.07694e-07
-200
0.000113466
4.39017e-07
-200
0.000112372
4.32957e-07
-200
0.00011052
3.43894e-07
-200
0.00010978
-2.99435e-07
0.000110895
5.95457e-07
-200
0.00014001
2.41643e-06
-200
0.000138742
2.23094e-06
-200
0.000136908
1.88291e-06
-200
0.000134737
1.49757e-06
-200
0.000132346
1.15759e-06
-200
0.000129862
8.94899e-07
-200
0.000127399
7.07109e-07
-200
0.000125043
5.78546e-07
-200
0.000122871
4.90224e-07
-200
0.000120935
4.22681e-07
-200
0.000119283
3.64061e-07
-200
0.000117945
3.19943e-07
-200
0.000116833
2.85018e-07
-200
0.000115929
1.48028e-07
-200
0.00011632
7.00193e-08
-200
0.000116034
7.82559e-07
0.00011408
1.00901e-07
-200
0.000143827
2.49056e-06
-200
0.000141713
1.90235e-06
-200
0.00013945
1.4404e-06
-200
0.000136843
1.05796e-06
-200
0.000134041
7.65399e-07
-200
0.000131216
5.61278e-07
-200
0.000128511
4.321e-07
-200
0.000126044
3.58691e-07
-200
0.000123897
3.17089e-07
-200
0.000122143
2.87434e-07
-200
0.000120811
2.5555e-07
-200
0.000119853
2.08407e-07
-200
0.000119264
1.47585e-07
-200
0.000118946
1.59712e-07
-200
0.00011769
9.11768e-08
-200
0.000117406
-6.09363e-07
0.000118887
3.14632e-07
-200
0.000144308
1.41148e-06
-200
0.000142239
1.09574e-06
-200
0.00013952
7.25055e-07
-200
0.000136476
4.15072e-07
-200
0.000133305
2.01843e-07
-200
0.00013021
8.3437e-08
-200
0.000127364
3.90501e-08
-200
0.000124904
4.36648e-08
-200
0.000122928
6.82794e-08
-200
0.000121529
8.65548e-08
-200
0.000120708
6.89079e-08
-200
0.000120413
3.09956e-08
-200
0.000120431
-1.38489e-08
-200
0.00012062
-1.61549e-07
-200
0.000121998
-2.33208e-07
-200
0.000122367
5.15592e-07
0.000120743
-2.38051e-07
-200
0.00014402
1.40283e-06
-200
0.000141005
6.60218e-07
-200
0.000137916
1.80376e-07
-200
0.000134591
-1.01731e-07
-200
0.000131237
-2.23492e-07
-200
0.000128073
-2.32681e-07
-200
0.000125302
-1.62507e-07
-200
0.000123042
-6.25269e-08
-200
0.000121452
4.63988e-08
-200
0.000120587
9.83773e-08
-200
0.000120442
8.39191e-08
-200
0.000120856
2.11185e-09
-200
0.000121714
-1.04312e-07
-200
0.000122776
-1.18877e-07
-200
0.000122607
-2.02197e-07
-200
0.000123174
-9.58259e-07
0.000125299
4.08982e-08
-200
0.000140007
2.7245e-07
-200
0.00013733
-1.63054e-07
-200
0.000134124
-5.15531e-07
-200
0.000130778
-6.76975e-07
-200
0.000127532
-6.67861e-07
-200
0.000124596
-5.39368e-07
-200
0.000122173
-3.52009e-07
-200
0.00012037
-1.50517e-07
-200
0.000119396
1.80362e-08
-200
0.000119232
7.33226e-08
-200
0.000119904
1.67456e-08
-200
0.000121208
-1.13059e-07
-200
0.000122905
-2.31031e-07
-200
0.000124684
-4.33057e-07
-200
0.00012748
-5.22182e-07
-200
0.000128789
2.80536e-07
0.000127692
-5.2272e-07
-200
0.000136621
4.55252e-07
-200
0.000133531
-3.03341e-07
-200
0.000130491
-6.9005e-07
-200
0.000127481
-7.67943e-07
-200
0.000124675
-6.50009e-07
-200
0.000122362
-3.92317e-07
-200
0.000120577
-1.40552e-07
-200
0.00011962
1.55813e-07
-200
0.000119394
2.85677e-07
-200
0.000120086
3.12858e-07
-200
0.000121483
1.3851e-07
-200
0.00012357
-5.66106e-08
-200
0.000126149
-2.62919e-07
-200
0.000128852
-3.18812e-07
-200
0.000129953
-4.24707e-07
-200
0.000131572
-1.23601e-06
0.000134616
-6.62949e-08
-200
0.000132739
-3.20997e-08
-200
0.000130322
-3.54617e-07
-200
0.000127776
-5.10539e-07
-200
0.00012545
-4.41346e-07
-200
0.000123546
-1.73403e-07
-200
0.000122261
1.32562e-07
-200
0.000121602
4.70104e-07
-200
0.000121763
7.06528e-07
-200
0.000122515
7.97688e-07
-200
0.000123966
6.64731e-07
-200
0.000125974
3.97375e-07
-200
0.00012879
1.3823e-07
-200
0.000131903
-8.07449e-08
-200
0.000135036
-3.65481e-07
-200
0.000139086
-5.04167e-07
-200
0.000141171
3.77293e-07
0.000140482
-4.76091e-07
-200
0.000132534
9.69525e-07
-200
0.000130352
6.15105e-07
-200
0.000128653
5.69094e-07
-200
0.000127317
7.42095e-07
-200
0.000126763
1.08983e-06
-200
0.00012681
1.35872e-06
-200
0.000127879
1.71758e-06
-200
0.000129304
1.76372e-06
-200
0.000131254
1.75947e-06
-200
0.000133202
1.40414e-06
-200
0.000135784
1.1413e-06
-200
0.000138639
7.45718e-07
-200
0.000142096
4.5195e-07
-200
0.000145574
2.71817e-07
-200
0.000147018
-2.51384e-09
-200
0.000149106
-9.94939e-07
0.000152903
3.63842e-07
-200
0.000136297
1.7236e-06
-200
0.000134924
2.05625e-06
-200
0.000134115
2.36246e-06
-200
0.000134213
2.78314e-06
-200
0.00013533
3.10579e-06
-200
0.00013751
3.48604e-06
-200
0.00014057
3.59224e-06
-200
0.000143801
3.60534e-06
-200
0.000146801
3.30983e-06
-200
0.000149309
3.03306e-06
-200
0.000151914
2.6381e-06
-200
0.00015461
2.31365e-06
-200
0.000157693
1.91834e-06
-200
0.000160288
1.20037e-06
-200
0.000164096
6.38578e-07
-200
0.000165805
1.34656e-06
0.000164816
2.40201e-07
-200
0.000141931
2.25863e-06
-200
0.000141614
3.72901e-06
-200
0.000142009
4.71292e-06
-200
0.000143593
5.38606e-06
-200
0.000146402
5.77696e-06
-200
0.000151225
6.10394e-06
-200
0.00015608
5.99344e-06
-200
0.000161696
5.87277e-06
-200
0.000165588
5.48285e-06
-200
0.000168977
5.36317e-06
-200
0.000171407
4.98883e-06
-200
0.000173467
4.7288e-06
-200
0.000175441
3.77168e-06
-200
0.000178324
2.95273e-06
-200
0.00017844
1.75704e-06
-200
0.000180207
1.04515e-07
0.000184305
1.41855e-06
-200
0.0001509
3.92815e-06
-200
0.000148089
6.13397e-06
-200
0.000147334
7.44438e-06
-200
0.00014906
8.1203e-06
-200
0.000154001
8.58817e-06
-200
0.000160059
8.52896e-06
-200
0.000168147
8.45379e-06
-200
0.000175144
7.92953e-06
-200
0.000180402
7.80242e-06
-200
0.000185146
7.78989e-06
-200
0.000186556
7.76456e-06
-200
0.000191619
7.42026e-06
-200
0.000195229
6.5309e-06
-200
0.000197675
4.41346e-06
-200
0.000201125
2.37339e-06
-200
0.000203084
2.47011e-06
0.000201972
9.09481e-07
-200
0.000156002
1.03878e-05
-200
0.000144658
1.02074e-05
-200
0.000141196
1.03316e-05
-200
0.000143199
1.04475e-05
-200
0.000148514
1.05261e-05
-200
0.000156695
1.01126e-05
-200
0.000165811
9.64827e-06
-200
0.000173424
8.66015e-06
-200
0.000182268
9.22342e-06
-200
0.000186226
8.6873e-06
-200
0.000199906
9.85511e-06
-200
0.000199289
7.34771e-06
-200
0.000207022
5.28994e-06
-200
0.000210952
1.26697e-06
-200
0.000218993
1.55077e-06
-200
0.000224221
-2.60024e-07
0.000229346
1.52605e-06
-200
0.000135115
9.07602e-06
-200
0.000138973
1.16938e-05
-200
0.000141814
1.22274e-05
-200
0.000146786
1.24177e-05
-200
0.000154294
1.18155e-05
-200
0.000163386
1.1261e-05
-200
0.000172083
9.54658e-06
-200
0.000183353
9.37054e-06
-200
0.000191603
7.71618e-06
-200
0.000204272
8.83298e-06
-200
0.00019843
3.41277e-06
-200
4.80581e-06
-200
-1.51704e-06
-200
1.36421e-06
-200
-4.89916e-06
-200
-7.10269e-07
-1.76358e-06
-200
2.02017e-05
-200
1.90436e-05
-200
1.87622e-05
-200
1.82184e-05
-200
1.75861e-05
-200
1.59198e-05
-200
1.49826e-05
-200
1.23964e-05
-200
1.18485e-05
-200
8.78501e-06
1.28017e-05
-200
1.58123e-05
-200
1.59654e-05
-200
1.58711e-05
-200
1.56396e-05
-200
1.53655e-05
-200
1.50595e-05
-200
1.4756e-05
-200
1.44441e-05
-200
1.41471e-05
-200
1.38542e-05
-200
1.35781e-05
-200
1.33233e-05
-200
1.31334e-05
-200
1.28906e-05
-200
1.25781e-05
-200
1.31918e-05
1.2919e-05
-200
3.37841e-05
-200
3.30807e-05
-200
3.2493e-05
-200
3.19339e-05
-200
3.13479e-05
-200
3.07489e-05
-200
3.01325e-05
-200
2.95215e-05
-200
2.89141e-05
-200
2.83284e-05
-200
2.77701e-05
-200
2.72497e-05
-200
2.67655e-05
-200
2.64502e-05
-200
2.63455e-05
-200
2.54319e-05
2.5712e-05
-200
4.9049e-05
-200
4.8668e-05
-200
4.81121e-05
-200
4.74111e-05
-200
4.6626e-05
-200
4.5787e-05
-200
4.49216e-05
-200
4.40432e-05
-200
4.31702e-05
-200
4.23142e-05
-200
4.1489e-05
-200
4.07164e-05
-200
4.0048e-05
-200
3.93632e-05
-200
3.85377e-05
-200
3.91388e-05
3.8445e-05
-200
6.49639e-05
-200
6.39525e-05
-200
6.30556e-05
-200
6.21545e-05
-200
6.11883e-05
-200
6.01596e-05
-200
5.90834e-05
-200
5.79816e-05
-200
5.68716e-05
-200
5.57744e-05
-200
5.47137e-05
-200
5.37074e-05
-200
5.27506e-05
-200
5.20508e-05
-200
5.18578e-05
-200
5.02574e-05
5.04507e-05
-200
7.7424e-05
-200
7.70416e-05
-200
7.64051e-05
-200
7.55327e-05
-200
7.44975e-05
-200
7.33484e-05
-200
7.21223e-05
-200
7.08465e-05
-200
6.95476e-05
-200
6.825e-05
-200
6.69764e-05
-200
6.57648e-05
-200
6.46892e-05
-200
6.35965e-05
-200
6.22615e-05
-200
6.29999e-05
6.19889e-05
-200
9.07266e-05
-200
8.97929e-05
-200
8.88918e-05
-200
8.7912e-05
-200
8.67954e-05
-200
8.55508e-05
-200
8.42054e-05
-200
8.2789e-05
-200
8.13302e-05
-200
7.98583e-05
-200
7.84123e-05
-200
7.70232e-05
-200
7.56868e-05
-200
7.46796e-05
-200
7.44182e-05
-200
7.22896e-05
7.24657e-05
-200
0.000100607
-200
0.000100358
-200
9.97776e-05
-200
9.88742e-05
-200
9.77337e-05
-200
9.64188e-05
-200
9.49753e-05
-200
9.34405e-05
-200
9.18477e-05
-200
9.02322e-05
-200
8.86284e-05
-200
8.70881e-05
-200
8.57124e-05
-200
8.43226e-05
-200
8.25904e-05
-200
8.34741e-05
8.22412e-05
-200
0.000111663
-200
0.000110768
-200
0.000109845
-200
0.00010879
-200
0.000107547
-200
0.000106131
-200
0.000104578
-200
0.000102924
-200
0.000101205
-200
9.94598e-05
-200
9.77409e-05
-200
9.60911e-05
-200
9.4508e-05
-200
9.3318e-05
-200
9.30641e-05
-200
9.05638e-05
9.07556e-05
-200
0.000119327
-200
0.000119045
-200
0.000118356
-200
0.00011728
-200
0.000115924
-200
0.000114369
-200
0.000112672
-200
0.00011088
-200
0.000109037
-200
0.000107186
-200
0.000105372
-200
0.000103654
-200
0.000102147
-200
0.000100638
-200
9.86957e-05
-200
9.97587e-05
9.83987e-05
-200
0.000128407
-200
0.000127234
-200
0.000125979
-200
0.000124564
-200
0.00012295
-200
0.000121173
-200
0.000119282
-200
0.000117331
-200
0.000115367
-200
0.000113439
-200
0.000111603
-200
0.000109901
-200
0.00010831
-200
0.000107168
-200
0.000107085
-200
0.000104435
0.00010472
-200
0.000133825
-200
0.000133019
-200
0.000131782
-200
0.000130142
-200
0.000128239
-200
0.000126182
-200
0.000124058
-200
0.000121936
-200
0.000119875
-200
0.000117928
-200
0.000116134
-200
0.000114537
-200
0.000113225
-200
0.000111927
-200
0.000110092
-200
0.000111471
0.000110123
-200
0.000140126
-200
0.000138228
-200
0.000136216
-200
0.00013405
-200
0.000131733
-200
0.000129341
-200
0.000126969
-200
0.0001247
-200
0.0001226
-200
0.000120724
-200
0.000119113
-200
0.000117771
-200
0.000116618
-200
0.000115947
-200
0.000116353
-200
0.000113859
0.000114414
-200
0.000142141
-200
0.000140453
-200
0.000138332
-200
0.000135839
-200
0.00013316
-200
0.000130469
-200
0.000127897
-200
0.000125552
-200
0.000123508
-200
0.000121829
-200
0.00012052
-200
0.000119576
-200
0.000119011
-200
0.000118444
-200
0.000117183
-200
0.000119164
0.000118024
-200
0.000144294
-200
0.000141558
-200
0.000138669
-200
0.000135669
-200
0.000132641
-200
0.000129716
-200
0.000127049
-200
0.000124738
-200
0.000122894
-200
0.000121547
-200
0.000120731
-200
0.000120368
-200
0.000120289
-200
0.000120686
-200
0.000122046
-200
0.000120064
0.000121179
-200
0.000142253
-200
0.000139719
-200
0.000136828
-200
0.000133692
-200
0.000130543
-200
0.000127593
-200
0.000125006
-200
0.000122904
-200
0.000121408
-200
0.000120548
-200
0.000120337
-200
0.000120676
-200
0.000121516
-200
0.000122285
-200
0.000122107
-200
0.000125109
0.000124419
-200
0.000140293
-200
0.000137111
-200
0.000133851
-200
0.000130636
-200
0.00012756
-200
0.000124826
-200
0.000122503
-200
0.000120848
-200
0.000119815
-200
0.000119606
-200
0.000120094
-200
0.000121296
-200
0.000122855
-200
0.000124862
-200
0.000127632
-200
0.00012642
0.000128405
-200
0.00013586
-200
0.000133451
-200
0.000130771
-200
0.000127992
-200
0.00012542
-200
0.000123182
-200
0.000121531
-200
0.00012048
-200
0.000120194
-200
0.000120636
-200
0.000121887
-200
0.000123874
-200
0.000126434
-200
0.000128779
-200
0.000129829
-200
0.000134093
0.000133976
-200
0.000134304
-200
0.000131838
-200
0.000129463
-200
0.000127299
-200
0.00012552
-200
0.000124177
-200
0.000123551
-200
0.000123415
-200
0.000124018
-200
0.000125121
-200
0.000127136
-200
0.000129739
-200
0.000132735
-200
0.000136031
-200
0.00013987
-200
0.000139027
0.000141794
-200
0.000133712
-200
0.000132604
-200
0.000131455
-200
0.000130506
-200
0.000129913
-200
0.000130134
-200
0.000130809
-200
0.000132182
-200
0.000133677
-200
0.000135747
-200
0.000138123
-200
0.000141089
-200
0.000144388
-200
0.000147025
-200
0.00014802
-200
0.000152765
0.00015271
-200
0.000137133
-200
0.000137537
-200
0.000137788
-200
0.00013828
-200
0.000139503
-200
0.0001416
-200
0.000144322
-200
0.000147344
-200
0.000150197
-200
0.00015295
-200
0.000155587
-200
0.000158383
-200
0.000160589
-200
0.000163027
-200
0.000165844
-200
0.000163865
0.000166657
-200
0.00014454
-200
0.000145372
-200
0.000146277
-200
0.000147865
-200
0.000150795
-200
0.000155014
-200
0.000159924
-200
0.00016491
-200
0.000169213
-200
0.000172769
-200
0.000175744
-200
0.000177673
-200
0.000179752
-200
0.000180607
-200
0.000179403
-200
0.000183903
0.000183509
-200
0.000160993
-200
0.000154454
-200
0.000151845
-200
0.000152696
-200
0.000157029
-200
0.000162534
-200
0.000170013
-200
0.000176285
-200
0.000182622
-200
0.000186548
-200
0.000189823
-200
0.000191505
-200
0.00019329
-200
0.000192759
-200
0.000199839
-200
0.000198818
0.000202936
-200
0.000153952
-200
0.00014698
-200
0.000144158
-200
0.000146278
-200
0.000150529
-200
0.000158489
-200
0.000165652
-200
0.000174534
-200
0.000179913
-200
0.000186454
-200
0.00018984
-200
0.000195317
-200
0.000196386
-200
0.000211104
-200
0.000208915
-200
0.000223518
0.000224206
-200
0.000152499
-200
0.000150457
-200
0.000152025
-200
0.000155849
-200
0.00016331
-200
0.000170665
-200
0.000180577
-200
0.000188081
-200
0.00019806
-200
0.000204197
-200
0.0002131
-200
0.000211519
-200
0.000228732
-200
0.000218846
-200
-200
-200
-200
-200
-200
-200
-200
-200
-200
-200
-200
-200
-200
-200
)
;

boundaryField
{
    frontAndBack
    {
        type            calculated;
        value           uniform 0;
    }
    inlet
    {
        type            calculated;
        value           uniform -200;
    }
    outlet
    {
        type            calculated;
        value           nonuniform List<scalar> 0();
    }
    lowerWall
    {
        type            calculated;
        value           uniform 0;
    }
    upperWall
    {
        type            calculated;
        value           uniform 0;
    }
    procBoundary2to1
    {
        type            processor;
        value           nonuniform List<scalar> 
124
(
200
200
200
200
200
200
200
200
200
200
200
200
200
200
200
200
200
200
200
200
200
200
200
200
200
200
200
200
200
200
200
200
200
200
200
200
200
200
200
200
200
200
200
200
200
200
200
200
200
200
200
200
200
200
200
200
200
200
200
200
200
200
200
200
200
200
200
200
200
200
200
200
200
200
200
200
200
200
200
200
200
200
200
200
200
200
200
200
200
200
200
200
200
200
200
200
200
200
200
200
200
200
200
200
200
200
200
200
200
200
200
200
200
200
200
200
200
200
200
200
200
200
200
200
)
;
    }
    procBoundary2to4
    {
        type            processor;
        value           uniform 200;
    }
    procBoundary2to5
    {
        type            processor;
        value           nonuniform List<scalar> 
100
(
0.000142674
0.000171248
0.0001813
0.000196152
0.000211922
0.000225954
0.000235102
0.000241421
0.000245896
0.000249699
0.000254179
0.000250141
0.000256801
0.000179779
0.000172326
0.000163912
-200
0.000209795
-2.27241e-05
-4.49994e-06
0.00017613
0.000193073
0.000213601
0.000216742
0.000227825
0.000238577
0.000244637
0.000248502
0.000253628
0.000252499
0.000253433
0.000163926
0.000171239
0.00017819
0.00019248
0.00020453
-200
0.000237443
-1.67463e-05
-9.0019e-06
7.69017e-06
0.000211454
0.000229491
0.000228369
0.000235219
0.000241569
0.000250869
0.000252897
0.000252709
0.000168186
0.000175788
0.000183715
0.000194396
0.000204718
0.000217444
0.000234237
0.000233746
-200
0.000266337
-3.05153e-06
1.28083e-05
0.000223847
0.000228765
0.000244419
0.000244583
0.000249573
0.000246259
0.000179325
0.00018187
0.000187951
0.000196498
0.000206
0.00021606
0.000227771
0.000236648
0.000248363
0.000249005
-200
0.000280253
3.08465e-06
1.53821e-06
1.50024e-05
0.000249204
0.000243598
0.000249762
0.000177429
0.000183997
0.000190323
0.000198804
0.000207034
0.000217533
0.00022635
0.000237356
0.000244665
0.000253577
0.000257161
0.00027245
0.00025936
-200
0.000293084
)
;
    }
}


// ************************************************************************* //
