/*--------------------------------*- C++ -*----------------------------------*\
  =========                 |
  \\      /  F ield         | OpenFOAM: The Open Source CFD Toolbox
   \\    /   O peration     | Website:  https://openfoam.org
    \\  /    A nd           | Version:  10
     \\/     M anipulation  |
\*---------------------------------------------------------------------------*/
FoamFile
{
    format      ascii;
    class       volVectorField;
    location    "0";
    object      U;
}
// * * * * * * * * * * * * * * * * * * * * * * * * * * * * * * * * * * * * * //

dimensions      [0 1 -1 0 0 0 0];

internalField   nonuniform List<vector> 
2084
(
(-10 4.41471e-07 2.24926e-07)
(-10 4.21891e-07 1.98401e-07)
(-10 4.10503e-07 1.6784e-07)
(-10 3.9915e-07 1.29415e-07)
(-10 3.88187e-07 9.1452e-08)
(-10 3.77106e-07 5.88633e-08)
(-10 3.66583e-07 3.35141e-08)
(-10 3.56676e-07 1.51975e-08)
(-10 3.47585e-07 2.29312e-09)
(-10 3.39251e-07 -6.50979e-09)
(-10 3.31664e-07 -1.26864e-08)
(-10 3.24936e-07 -1.69217e-08)
(-10 3.19644e-07 -1.97152e-08)
(-10 3.1422e-07 -2.13258e-08)
(-10 3.0764e-07 -2.1623e-08)
(-10 3.16912e-07 -1.92687e-08)
(-10 3.08241e-07 -2.17785e-08)
(-10 1.3349e-06 2.04039e-07)
(-10 1.28788e-06 1.90649e-07)
(-10 1.25928e-06 1.63171e-07)
(-10 1.22691e-06 1.26327e-07)
(-10 1.19485e-06 8.91149e-08)
(-10 1.16239e-06 5.72559e-08)
(-10 1.13113e-06 3.2452e-08)
(-10 1.10156e-06 1.45619e-08)
(-10 1.07402e-06 1.94768e-09)
(-10 1.04862e-06 -6.65878e-09)
(-10 1.0254e-06 -1.26688e-08)
(-10 1.00457e-06 -1.68534e-08)
(-10 9.86604e-07 -1.97481e-08)
(-10 9.72062e-07 -2.08591e-08)
(-10 9.61989e-07 -2.12406e-08)
(-10 9.54798e-07 -2.23481e-08)
(-10 9.56696e-07 -1.63875e-08)
(-10 2.18242e-06 1.90871e-07)
(-10 2.14174e-06 1.84433e-07)
(-10 2.10275e-06 1.56417e-07)
(-10 2.05618e-06 1.21226e-07)
(-10 2.00657e-06 8.52158e-08)
(-10 1.95592e-06 5.45156e-08)
(-10 1.9062e-06 3.07384e-08)
(-10 1.85865e-06 1.35615e-08)
(-10 1.81379e-06 1.56089e-09)
(-10 1.772e-06 -6.68439e-09)
(-10 1.73344e-06 -1.24114e-08)
(-10 1.69846e-06 -1.64622e-08)
(-10 1.6677e-06 -1.91457e-08)
(-10 1.64156e-06 -2.06944e-08)
(-10 1.61831e-06 -2.08565e-08)
(-10 1.60739e-06 -1.73082e-08)
(-10 1.59526e-06 -2.13323e-08)
(-10 2.94076e-06 1.91763e-07)
(-10 2.92838e-06 1.76819e-07)
(-10 2.88114e-06 1.48638e-07)
(-10 2.82668e-06 1.14281e-07)
(-10 2.76426e-06 7.98435e-08)
(-10 2.69973e-06 5.06125e-08)
(-10 2.6353e-06 2.81349e-08)
(-10 2.57292e-06 1.20022e-08)
(-10 2.51345e-06 7.74321e-10)
(-10 2.45746e-06 -6.9227e-09)
(-10 2.40535e-06 -1.22949e-08)
(-10 2.35759e-06 -1.61333e-08)
(-10 2.31487e-06 -1.87935e-08)
(-10 2.27874e-06 -1.96919e-08)
(-10 2.25197e-06 -1.96302e-08)
(-10 2.22891e-06 -2.27246e-08)
(-10 2.21902e-06 -1.40084e-08)
(-10 3.71772e-06 1.92957e-07)
(-10 3.67076e-06 1.66574e-07)
(-10 3.61349e-06 1.40119e-07)
(-10 3.54946e-06 1.06448e-07)
(-10 3.47722e-06 7.39616e-08)
(-10 3.4014e-06 4.64309e-08)
(-10 3.32509e-06 2.55382e-08)
(-10 3.2505e-06 1.06186e-08)
(-10 3.17876e-06 3.13122e-10)
(-10 3.1106e-06 -6.76943e-09)
(-10 3.04659e-06 -1.17428e-08)
(-10 2.98749e-06 -1.52899e-08)
(-10 2.93446e-06 -1.7669e-08)
(-10 2.88838e-06 -1.92894e-08)
(-10 2.84952e-06 -1.95346e-08)
(-10 2.82578e-06 -1.41808e-08)
(-10 2.80535e-06 -2.06351e-08)
(-10 4.37078e-06 1.52841e-07)
(-10 4.31342e-06 1.47256e-07)
(-10 4.2648e-06 1.26696e-07)
(-10 4.19641e-06 9.6627e-08)
(-10 4.11847e-06 6.66589e-08)
(-10 4.0345e-06 4.14411e-08)
(-10 3.9494e-06 2.24087e-08)
(-10 3.86546e-06 8.93809e-09)
(-10 3.78412e-06 -3.29692e-10)
(-10 3.70625e-06 -6.7015e-09)
(-10 3.63265e-06 -1.1166e-08)
(-10 3.56435e-06 -1.44705e-08)
(-10 3.50247e-06 -1.69462e-08)
(-10 3.44905e-06 -1.76402e-08)
(-10 3.40823e-06 -1.73786e-08)
(-10 3.37568e-06 -2.22072e-08)
(-10 3.35852e-06 -1.14339e-08)
(-10 4.89074e-06 1.38079e-07)
(-10 4.88557e-06 1.37237e-07)
(-10 4.85135e-06 1.14634e-07)
(-10 4.78583e-06 8.71513e-08)
(-10 4.70388e-06 5.95663e-08)
(-10 4.61392e-06 3.68633e-08)
(-10 4.52179e-06 1.98643e-08)
(-10 4.4304e-06 7.95833e-09)
(-10 4.34141e-06 -1.84286e-10)
(-10 4.25579e-06 -5.79857e-09)
(-10 4.17454e-06 -9.83152e-09)
(-10 4.09879e-06 -1.29028e-08)
(-10 4.03005e-06 -1.50763e-08)
(-10 3.97016e-06 -1.67871e-08)
(-10 3.92049e-06 -1.74445e-08)
(-10 3.88833e-06 -1.07549e-08)
(-10 3.8635e-06 -1.92927e-08)
(-10 5.37669e-06 1.45926e-07)
(-10 5.40856e-06 1.27916e-07)
(-10 5.37132e-06 1.03177e-07)
(-10 5.30489e-06 7.68099e-08)
(-10 5.2172e-06 5.20176e-08)
(-10 5.12121e-06 3.20044e-08)
(-10 5.02262e-06 1.72722e-08)
(-10 4.92499e-06 7.08832e-09)
(-10 4.82989e-06 1.36879e-10)
(-10 4.73836e-06 -4.70152e-09)
(-10 4.65147e-06 -8.33339e-09)
(-10 4.57044e-06 -1.12757e-08)
(-10 4.49682e-06 -1.36838e-08)
(-10 4.43319e-06 -1.4548e-08)
(-10 4.38384e-06 -1.44524e-08)
(-10 4.34616e-06 -2.09018e-08)
(-10 4.32476e-06 -8.71194e-09)
(-10 5.92824e-06 1.49285e-07)
(-10 5.90594e-06 1.14996e-07)
(-10 5.85063e-06 9.12779e-08)
(-10 5.77171e-06 6.63387e-08)
(-10 5.67491e-06 4.48808e-08)
(-10 5.57051e-06 2.7851e-08)
(-10 5.46458e-06 1.56577e-08)
(-10 5.36055e-06 7.30216e-09)
(-10 5.25977e-06 1.59827e-09)
(-10 5.16341e-06 -2.53064e-09)
(-10 5.07234e-06 -5.90319e-09)
(-10 4.98812e-06 -8.78975e-09)
(-10 4.91241e-06 -1.11147e-08)
(-10 4.84686e-06 -1.34322e-08)
(-10 4.79345e-06 -1.47668e-08)
(-10 4.75806e-06 -7.29321e-09)
(-10 4.73168e-06 -1.77284e-08)
(-10 6.37848e-06 9.96334e-08)
(-10 6.32368e-06 9.00025e-08)
(-10 6.2626e-06 7.381e-08)
(-10 6.16923e-06 5.42022e-08)
(-10 6.0604e-06 3.69073e-08)
(-10 5.94449e-06 2.35452e-08)
(-10 5.82915e-06 1.41485e-08)
(-10 5.71721e-06 7.77553e-09)
(-10 5.61039e-06 3.3418e-09)
(-10 5.50956e-06 -1.90937e-10)
(-10 5.41628e-06 -3.28936e-09)
(-10 5.33204e-06 -6.36069e-09)
(-10 5.25778e-06 -9.40841e-09)
(-10 5.19481e-06 -1.09238e-08)
(-10 5.14653e-06 -1.14307e-08)
(-10 5.11048e-06 -1.95804e-08)
(-10 5.0881e-06 -6.68962e-09)
(-10 6.69415e-06 8.08913e-08)
(-10 6.67493e-06 7.50745e-08)
(-10 6.61103e-06 5.76168e-08)
(-10 6.50589e-06 4.22385e-08)
(-10 6.38104e-06 2.91278e-08)
(-10 6.25029e-06 1.97917e-08)
(-10 6.12201e-06 1.34248e-08)
(-10 5.99956e-06 9.29435e-09)
(-10 5.88519e-06 6.18243e-09)
(-10 5.77968e-06 3.43519e-09)
(-10 5.68698e-06 4.05151e-10)
(-10 5.60714e-06 -3.03802e-09)
(-10 5.54002e-06 -6.41526e-09)
(-10 5.4849e-06 -9.89456e-09)
(-10 5.4414e-06 -1.25555e-08)
(-10 5.41206e-06 -5.13242e-09)
(-10 5.38865e-06 -1.71201e-08)
(-10 6.98186e-06 8.38261e-08)
(-10 6.97199e-06 5.98152e-08)
(-10 6.88596e-06 4.10929e-08)
(-10 6.7626e-06 2.85799e-08)
(-10 6.61678e-06 2.02576e-08)
(-10 6.46721e-06 1.52571e-08)
(-10 6.32141e-06 1.24371e-08)
(-10 6.18572e-06 1.0861e-08)
(-10 6.06006e-06 9.44056e-09)
(-10 5.95231e-06 7.92187e-09)
(-10 5.864e-06 4.79699e-09)
(-10 5.79624e-06 6.40341e-10)
(-10 5.74457e-06 -4.11379e-09)
(-10 5.70565e-06 -7.54309e-09)
(-10 5.67751e-06 -9.6293e-09)
(-10 5.65568e-06 -1.96205e-08)
(-10 5.63954e-06 -6.66176e-09)
(-10 7.28545e-06 7.90804e-08)
(-10 7.2051e-06 4.02577e-08)
(-10 7.0862e-06 2.2884e-08)
(-10 6.93525e-06 1.35664e-08)
(-10 6.76572e-06 1.05276e-08)
(-10 6.5928e-06 1.0209e-08)
(-10 6.42719e-06 1.18278e-08)
(-10 6.27374e-06 1.32221e-08)
(-10 6.1375e-06 1.53923e-08)
(-10 6.03117e-06 1.47108e-08)
(-10 5.95539e-06 1.19184e-08)
(-10 5.90981e-06 6.35922e-09)
(-10 5.88453e-06 1.24089e-10)
(-10 5.87076e-06 -6.5437e-09)
(-10 5.8619e-06 -1.17353e-08)
(-10 5.85595e-06 -5.3829e-09)
(-10 5.84462e-06 -1.89848e-08)
(-10 7.41502e-06 2.36509e-08)
(-10 7.30304e-06 8.13802e-09)
(-10 7.17003e-06 -1.73733e-09)
(-10 6.9968e-06 -4.52849e-09)
(-10 6.80489e-06 -1.81922e-09)
(-10 6.60862e-06 4.03972e-09)
(-10 6.42458e-06 1.05144e-08)
(-10 6.2511e-06 1.76449e-08)
(-10 6.11503e-06 2.36938e-08)
(-10 6.01532e-06 2.50312e-08)
(-10 5.96732e-06 2.21277e-08)
(-10 5.95551e-06 1.43596e-08)
(-10 5.96785e-06 4.63598e-09)
(-10 5.98844e-06 -3.4502e-09)
(-10 6.00835e-06 -9.1033e-09)
(-10 6.019e-06 -2.19707e-08)
(-10 6.02064e-06 -9.3676e-09)
(-10 7.33496e-06 4.41099e-09)
(-10 7.25868e-06 -1.2779e-08)
(-10 7.12338e-06 -2.41056e-08)
(-10 6.93861e-06 -2.29081e-08)
(-10 6.72896e-06 -1.45508e-08)
(-10 6.52034e-06 -1.79924e-09)
(-10 6.31965e-06 1.0633e-08)
(-10 6.1463e-06 2.68407e-08)
(-10 6.01814e-06 3.52711e-08)
(-10 5.94781e-06 4.14083e-08)
(-10 5.93955e-06 3.58554e-08)
(-10 5.97434e-06 2.51017e-08)
(-10 6.03131e-06 1.12828e-08)
(-10 6.09076e-06 -1.94638e-09)
(-10 6.13974e-06 -1.2183e-08)
(-10 6.17343e-06 -8.35658e-09)
(-10 6.18489e-06 -2.38111e-08)
(-10 7.16624e-06 7.76799e-09)
(-10 7.08798e-06 -2.87404e-08)
(-10 6.94098e-06 -4.36726e-08)
(-10 6.74947e-06 -4.04851e-08)
(-10 6.53985e-06 -2.53834e-08)
(-10 6.33848e-06 -6.97474e-09)
(-10 6.14427e-06 1.65386e-08)
(-10 6.00424e-06 3.71626e-08)
(-10 5.90419e-06 5.36265e-08)
(-10 5.89241e-06 5.95437e-08)
(-10 5.93339e-06 5.22254e-08)
(-10 6.02013e-06 3.6144e-08)
(-10 6.11918e-06 1.67024e-08)
(-10 6.214e-06 4.34056e-10)
(-10 6.29164e-06 -1.08399e-08)
(-10 6.34187e-06 -2.73147e-08)
(-10 6.3705e-06 -1.47901e-08)
(-10 6.94123e-06 1.27206e-08)
(-10 6.80399e-06 -3.7449e-08)
(-10 6.63733e-06 -5.57285e-08)
(-10 6.45085e-06 -4.94908e-08)
(-10 6.27314e-06 -2.93894e-08)
(-10 6.10185e-06 -5.54076e-09)
(-10 5.97105e-06 2.71712e-08)
(-10 5.88017e-06 4.88834e-08)
(-10 5.86493e-06 7.39379e-08)
(-10 5.91621e-06 7.41366e-08)
(-10 6.01946e-06 6.44004e-08)
(-10 6.1479e-06 4.1663e-08)
(-10 6.27808e-06 1.79299e-08)
(-10 6.39699e-06 -3.07722e-09)
(-10 6.49373e-06 -1.7694e-08)
(-10 6.56489e-06 -1.53659e-08)
(-10 6.60216e-06 -3.27818e-08)
(-10 6.61335e-06 -6.43263e-09)
(-10 6.43456e-06 -4.03839e-08)
(-10 6.26415e-06 -5.21615e-08)
(-10 6.11656e-06 -4.07029e-08)
(-10 5.9988e-06 -2.14505e-08)
(-10 5.90362e-06 9.80842e-09)
(-10 5.87432e-06 3.6347e-08)
(-10 5.87663e-06 6.83197e-08)
(-10 5.97473e-06 8.29385e-08)
(-10 6.09395e-06 8.19937e-08)
(-10 6.25103e-06 6.38392e-08)
(-10 6.40103e-06 3.64713e-08)
(-10 6.54484e-06 9.70135e-09)
(-10 6.6765e-06 -9.78102e-09)
(-10 6.7897e-06 -2.19403e-08)
(-10 6.86907e-06 -3.93312e-08)
(-10 6.92486e-06 -2.4236e-08)
(-10 6.24388e-06 2.56908e-08)
(-10 6.05768e-06 -6.29601e-09)
(-10 5.91745e-06 -1.40633e-08)
(-10 5.83304e-06 -5.41371e-09)
(-10 5.79263e-06 1.01762e-08)
(-10 5.83051e-06 3.79964e-08)
(-10 5.90609e-06 5.56021e-08)
(-10 6.06882e-06 8.48598e-08)
(-10 6.25526e-06 8.24008e-08)
(-10 6.45892e-06 7.56244e-08)
(-10 6.64049e-06 4.72599e-08)
(-10 6.79763e-06 1.81571e-08)
(-10 6.9427e-06 -7.17156e-09)
(-10 7.08101e-06 -2.45672e-08)
(-10 7.2013e-06 -3.54914e-08)
(-10 7.29903e-06 -2.88857e-08)
(-10 7.36045e-06 -4.64333e-08)
(-10 6.04477e-06 1.00925e-07)
(-10 5.83773e-06 7.33764e-08)
(-10 5.72261e-06 6.45674e-08)
(-10 5.70031e-06 6.55605e-08)
(-10 5.75658e-06 7.94837e-08)
(-10 5.91931e-06 8.07356e-08)
(-10 6.1347e-06 9.80153e-08)
(-10 6.44461e-06 9.30116e-08)
(-10 6.7241e-06 8.43149e-08)
(-10 6.98898e-06 5.41008e-08)
(-10 7.18242e-06 2.03007e-08)
(-10 7.3452e-06 -1.00814e-08)
(-10 7.49425e-06 -2.912e-08)
(-10 7.64117e-06 -3.93461e-08)
(-10 7.77532e-06 -4.33015e-08)
(-10 7.87732e-06 -5.69803e-08)
(-10 7.95657e-06 -3.56515e-08)
(-10 6.02412e-06 2.2015e-07)
(-10 5.79384e-06 1.9911e-07)
(-10 5.71085e-06 1.91677e-07)
(-10 5.72404e-06 1.85846e-07)
(-10 5.86212e-06 1.86199e-07)
(-10 6.13708e-06 1.71024e-07)
(-10 6.54341e-06 1.64736e-07)
(-10 6.95735e-06 1.30446e-07)
(-10 7.35106e-06 9.40975e-08)
(-10 7.65488e-06 4.11872e-08)
(-10 7.88167e-06 7.23333e-11)
(-10 8.06082e-06 -3.21875e-08)
(-10 8.22777e-06 -4.70738e-08)
(-10 8.38601e-06 -5.38527e-08)
(-10 8.5267e-06 -5.57095e-08)
(-10 8.6431e-06 -4.23076e-08)
(-10 8.72045e-06 -5.93649e-08)
(-10 5.93043e-06 3.75542e-07)
(-10 5.74511e-06 3.66453e-07)
(-10 5.66616e-06 3.51539e-07)
(-10 5.66775e-06 3.61139e-07)
(-10 6.00431e-06 3.55828e-07)
(-10 6.45739e-06 3.28342e-07)
(-10 7.01128e-06 2.55395e-07)
(-10 7.55793e-06 1.93043e-07)
(-10 8.07979e-06 1.22023e-07)
(-10 8.44922e-06 4.82065e-08)
(-10 8.73799e-06 -1.20151e-08)
(-10 8.96484e-06 -4.1382e-08)
(-10 9.16211e-06 -5.61864e-08)
(-10 9.33709e-06 -5.73003e-08)
(-10 9.48934e-06 -5.66425e-08)
(-10 9.59966e-06 -6.90907e-08)
(-10 9.68927e-06 -4.1342e-08)
(-10 5.78729e-06 6.16153e-07)
(-10 5.50185e-06 5.77951e-07)
(-10 5.38088e-06 5.85273e-07)
(-10 5.72544e-06 6.24095e-07)
(-10 5.98408e-06 5.38985e-07)
(-10 6.70635e-06 4.29641e-07)
(-10 7.58237e-06 3.64049e-07)
(-10 8.3864e-06 2.92206e-07)
(-10 8.98898e-06 1.63061e-07)
(-10 9.45318e-06 4.36781e-08)
(-10 9.81726e-06 -2.00084e-08)
(-10 1.01013e-05 -5.51609e-08)
(-10 1.03222e-05 -6.73832e-08)
(-10 1.05047e-05 -6.8687e-08)
(-10 1.06527e-05 -6.52857e-08)
(-10 1.07735e-05 -4.66769e-08)
(-10 1.07888e-05 -6.65677e-08)
(-10 5.15504e-06 7.63336e-07)
(-10 5.29612e-06 7.98728e-07)
(-10 5.63065e-06 8.32748e-07)
(-10 5.75625e-06 6.92665e-07)
(-10 6.52892e-06 7.45758e-07)
(-10 7.68231e-06 6.45954e-07)
(-10 8.51038e-06 3.43228e-07)
(-10 9.37056e-06 1.95351e-07)
(-10 1.00706e-05 5.44961e-08)
(-10 1.06793e-05 2.34289e-08)
(-10 1.11096e-05 -3.13268e-08)
(-10 1.14203e-05 -7.08624e-08)
(-10 1.16469e-05 -7.72404e-08)
(-10 1.18281e-05 -6.52992e-08)
(-10 1.1977e-05 -5.76004e-08)
(-10 1.19933e-05 -6.57561e-08)
(-10 1.20656e-05 -1.1764e-08)
(-10 6.73114e-06 1.20206e-06)
(-10 6.92461e-06 1.03024e-06)
(-10 7.12165e-06 8.78618e-07)
(-10 8.04328e-06 1.06885e-06)
(-10 4.15361e-07 5.21606e-07)
(-10 4.122e-07 4.7182e-07)
(-10 4.04667e-07 4.02032e-07)
(-10 3.95291e-07 3.14068e-07)
(-10 3.85266e-07 2.26299e-07)
(-10 3.75097e-07 1.49839e-07)
(-10 3.65255e-07 8.98101e-08)
(-10 3.55882e-07 4.53994e-08)
(-10 3.47153e-07 1.38803e-08)
(-10 3.39065e-07 -8.24983e-09)
(-10 3.31686e-07 -2.3828e-08)
(-10 3.25022e-07 -3.48679e-08)
(-10 3.19603e-07 -4.1993e-08)
(-10 3.14804e-07 -4.63425e-08)
(-10 3.08118e-07 -4.79613e-08)
(-10 3.13063e-07 -4.44423e-08)
(-10 3.1498e-07 -4.70933e-08)
(-10 1.29233e-06 4.90118e-07)
(-10 1.27042e-06 4.55788e-07)
(-10 1.245e-06 3.90853e-07)
(-10 1.21667e-06 3.05782e-07)
(-10 1.18705e-06 2.19886e-07)
(-10 1.15696e-06 1.45096e-07)
(-10 1.12766e-06 8.64094e-08)
(-10 1.09951e-06 4.30366e-08)
(-10 1.0731e-06 1.22829e-08)
(-10 1.0484e-06 -9.33758e-09)
(-10 1.02574e-06 -2.44861e-08)
(-10 1.00515e-06 -3.53611e-08)
(-10 9.87316e-07 -4.26597e-08)
(-10 9.72851e-07 -4.59709e-08)
(-10 9.62948e-07 -4.73458e-08)
(-10 9.57249e-07 -4.96764e-08)
(-10 9.57254e-07 -4.10712e-08)
(-10 2.16708e-06 4.6393e-07)
(-10 2.12445e-06 4.3989e-07)
(-10 2.08458e-06 3.76084e-07)
(-10 2.04113e-06 2.94667e-07)
(-10 1.99498e-06 2.11577e-07)
(-10 1.94761e-06 1.39676e-07)
(-10 1.90081e-06 8.3255e-08)
(-10 1.85545e-06 4.17996e-08)
(-10 1.81232e-06 1.23686e-08)
(-10 1.77167e-06 -8.23772e-09)
(-10 1.73391e-06 -2.28165e-08)
(-10 1.69936e-06 -3.32043e-08)
(-10 1.66889e-06 -4.01121e-08)
(-10 1.64302e-06 -4.41223e-08)
(-10 1.62032e-06 -4.52461e-08)
(-10 1.60692e-06 -4.04999e-08)
(-10 1.59823e-06 -4.50552e-08)
(-10 2.94336e-06 4.47186e-07)
(-10 2.90606e-06 4.16659e-07)
(-10 2.86077e-06 3.54447e-07)
(-10 2.80821e-06 2.75843e-07)
(-10 2.75019e-06 1.96522e-07)
(-10 2.68963e-06 1.28196e-07)
(-10 2.6288e-06 7.49726e-08)
(-10 2.56924e-06 3.60716e-08)
(-10 2.51189e-06 8.58998e-09)
(-10 2.45735e-06 -1.06429e-08)
(-10 2.40618e-06 -2.42085e-08)
(-10 2.35906e-06 -3.40523e-08)
(-10 2.31672e-06 -4.08714e-08)
(-10 2.28049e-06 -4.35449e-08)
(-10 2.25362e-06 -4.40206e-08)
(-10 2.23282e-06 -4.9154e-08)
(-10 2.21989e-06 -3.75528e-08)
(-10 3.66907e-06 4.3644e-07)
(-10 3.63381e-06 3.93873e-07)
(-10 3.58606e-06 3.34813e-07)
(-10 3.52739e-06 2.59011e-07)
(-10 3.46074e-06 1.84146e-07)
(-10 3.38993e-06 1.20022e-07)
(-10 3.31793e-06 7.05348e-08)
(-10 3.24667e-06 3.46067e-08)
(-10 3.17738e-06 9.33503e-09)
(-10 3.11088e-06 -8.33487e-09)
(-10 3.048e-06 -2.0947e-08)
(-10 2.98957e-06 -3.01048e-08)
(-10 2.93677e-06 -3.62591e-08)
(-10 2.89095e-06 -4.01465e-08)
(-10 2.85234e-06 -4.13342e-08)
(-10 2.82643e-06 -3.40473e-08)
(-10 2.80857e-06 -4.15972e-08)
(-10 4.30218e-06 3.74587e-07)
(-10 4.27675e-06 3.53007e-07)
(-10 4.23295e-06 3.02053e-07)
(-10 4.17229e-06 2.32779e-07)
(-10 4.10048e-06 1.63642e-07)
(-10 4.02254e-06 1.04864e-07)
(-10 3.94231e-06 5.98823e-08)
(-10 3.86213e-06 2.75002e-08)
(-10 3.7835e-06 4.87341e-09)
(-10 3.70747e-06 -1.09627e-08)
(-10 3.63504e-06 -2.22913e-08)
(-10 3.56733e-06 -3.07695e-08)
(-10 3.50571e-06 -3.69823e-08)
(-10 3.45217e-06 -3.92628e-08)
(-10 3.41084e-06 -3.9381e-08)
(-10 3.37996e-06 -4.69029e-08)
(-10 3.3602e-06 -3.29895e-08)
(-10 4.8821e-06 3.46949e-07)
(-10 4.86139e-06 3.29765e-07)
(-10 4.82195e-06 2.7738e-07)
(-10 4.76105e-06 2.13288e-07)
(-10 4.68558e-06 1.49772e-07)
(-10 4.60212e-06 9.67658e-08)
(-10 4.51537e-06 5.65901e-08)
(-10 4.42809e-06 2.79773e-08)
(-10 4.342e-06 8.05107e-09)
(-10 4.25829e-06 -5.97979e-09)
(-10 4.17808e-06 -1.63276e-08)
(-10 4.10278e-06 -2.42408e-08)
(-10 4.03413e-06 -2.98803e-08)
(-10 3.97403e-06 -3.40258e-08)
(-10 3.92414e-06 -3.59254e-08)
(-10 3.88996e-06 -2.68215e-08)
(-10 3.8669e-06 -3.69733e-08)
(-10 5.39069e-06 3.36525e-07)
(-10 5.38076e-06 2.99727e-07)
(-10 5.34212e-06 2.45474e-07)
(-10 5.27887e-06 1.85059e-07)
(-10 5.19884e-06 1.28002e-07)
(-10 5.10994e-06 8.13607e-08)
(-10 5.01736e-06 4.66454e-08)
(-10 4.92417e-06 2.22178e-08)
(-10 4.83212e-06 5.24267e-09)
(-10 4.74244e-06 -6.92708e-09)
(-10 4.65638e-06 -1.61825e-08)
(-10 4.57558e-06 -2.37802e-08)
(-10 4.50178e-06 -2.99756e-08)
(-10 4.43739e-06 -3.26784e-08)
(-10 4.38719e-06 -3.32478e-08)
(-10 4.35049e-06 -4.32526e-08)
(-10 4.32672e-06 -2.79161e-08)
(-10 5.87038e-06 3.30463e-07)
(-10 5.85855e-06 2.73503e-07)
(-10 5.81392e-06 2.20925e-07)
(-10 5.74346e-06 1.64904e-07)
(-10 5.65603e-06 1.1522e-07)
(-10 5.55994e-06 7.55143e-08)
(-10 5.46068e-06 4.65986e-08)
(-10 5.3614e-06 2.64248e-08)
(-10 5.26378e-06 1.22357e-08)
(-10 5.16905e-06 1.63266e-09)
(-10 5.07864e-06 -7.1249e-09)
(-10 4.99427e-06 -1.47472e-08)
(-10 4.91776e-06 -2.08791e-08)
(-10 4.8514e-06 -2.62786e-08)
(-10 4.79723e-06 -2.97073e-08)
(-10 4.75972e-06 -1.98398e-08)
(-10 4.73421e-06 -3.24437e-08)
(-10 6.29299e-06 2.56662e-07)
(-10 6.27378e-06 2.22347e-07)
(-10 6.22053e-06 1.79667e-07)
(-10 6.1391e-06 1.33302e-07)
(-10 6.04071e-06 9.26977e-08)
(-10 5.93442e-06 6.11771e-08)
(-10 5.82636e-06 3.87302e-08)
(-10 5.7197e-06 2.31045e-08)
(-10 5.61612e-06 1.18395e-08)
(-10 5.51701e-06 2.70043e-09)
(-10 5.42417e-06 -5.50514e-09)
(-10 5.33922e-06 -1.3525e-08)
(-10 5.26365e-06 -2.11079e-08)
(-10 5.19923e-06 -2.54957e-08)
(-10 5.1493e-06 -2.75828e-08)
(-10 5.11318e-06 -4.03408e-08)
(-10 5.08886e-06 -2.45893e-08)
(-10 6.67439e-06 2.22609e-07)
(-10 6.63719e-06 1.9124e-07)
(-10 6.57013e-06 1.4868e-07)
(-10 6.47386e-06 1.10811e-07)
(-10 6.36022e-06 7.94431e-08)
(-10 6.23993e-06 5.66914e-08)
(-10 6.11987e-06 4.09272e-08)
(-10 6.00342e-06 3.0096e-08)
(-10 5.89282e-06 2.17128e-08)
(-10 5.78983e-06 1.41321e-08)
(-10 5.69709e-06 5.91862e-09)
(-10 5.61589e-06 -2.94332e-09)
(-10 5.54664e-06 -1.13817e-08)
(-10 5.48913e-06 -1.95751e-08)
(-10 5.44365e-06 -2.57633e-08)
(-10 5.41201e-06 -1.65102e-08)
(-10 5.38868e-06 -3.13202e-08)
(-10 6.9796e-06 1.99264e-07)
(-10 6.92847e-06 1.47704e-07)
(-10 6.84254e-06 1.05384e-07)
(-10 6.72676e-06 7.47962e-08)
(-10 6.59353e-06 5.38803e-08)
(-10 6.45523e-06 4.07087e-08)
(-10 6.31941e-06 3.2698e-08)
(-10 6.19063e-06 2.76144e-08)
(-10 6.07157e-06 2.31178e-08)
(-10 5.9664e-06 1.80091e-08)
(-10 5.87839e-06 9.98207e-09)
(-10 5.80799e-06 -3.42226e-10)
(-10 5.75274e-06 -1.18121e-08)
(-10 5.70984e-06 -2.03615e-08)
(-10 5.67853e-06 -2.5902e-08)
(-10 5.65537e-06 -4.20262e-08)
(-10 5.63721e-06 -2.65922e-08)
(-10 7.21023e-06 1.76785e-07)
(-10 7.1405e-06 1.07267e-07)
(-10 7.03266e-06 6.77803e-08)
(-10 6.89386e-06 4.48816e-08)
(-10 6.73812e-06 3.5062e-08)
(-10 6.57878e-06 3.21544e-08)
(-10 6.42479e-06 3.34956e-08)
(-10 6.28222e-06 3.54229e-08)
(-10 6.15531e-06 3.79004e-08)
(-10 6.05256e-06 3.55049e-08)
(-10 5.97705e-06 2.79161e-08)
(-10 5.92696e-06 1.47676e-08)
(-10 5.89547e-06 4.95106e-11)
(-10 5.87587e-06 -1.48475e-08)
(-10 5.86255e-06 -2.65466e-08)
(-10 5.85301e-06 -1.98577e-08)
(-10 5.84124e-06 -3.69118e-08)
(-10 7.32168e-06 8.82326e-08)
(-10 7.23674e-06 3.88929e-08)
(-10 7.11129e-06 8.92155e-09)
(-10 6.95121e-06 -2.22801e-09)
(-10 6.77354e-06 2.41585e-10)
(-10 6.59361e-06 1.03358e-08)
(-10 6.42309e-06 2.31137e-08)
(-10 6.26812e-06 3.68778e-08)
(-10 6.13988e-06 4.8597e-08)
(-10 6.0487e-06 5.10537e-08)
(-10 5.99724e-06 4.3329e-08)
(-10 5.97893e-06 2.55431e-08)
(-10 5.9818e-06 3.61487e-09)
(-10 5.99419e-06 -1.51077e-08)
(-10 6.00779e-06 -2.84295e-08)
(-10 6.01528e-06 -5.00586e-08)
(-10 6.01461e-06 -3.55229e-08)
(-10 7.3151e-06 4.93546e-08)
(-10 7.21259e-06 -6.09364e-09)
(-10 7.07096e-06 -3.81017e-08)
(-10 6.89367e-06 -4.11517e-08)
(-10 6.69951e-06 -2.63365e-08)
(-10 6.50657e-06 -1.48506e-09)
(-10 6.32718e-06 2.53016e-08)
(-10 6.1707e-06 5.68776e-08)
(-10 6.05555e-06 7.73564e-08)
(-10 5.99095e-06 8.74772e-08)
(-10 5.97717e-06 7.56954e-08)
(-10 6.00157e-06 5.09418e-08)
(-10 6.0464e-06 2.02685e-08)
(-10 6.09562e-06 -9.02429e-09)
(-10 6.13757e-06 -3.13062e-08)
(-10 6.16675e-06 -2.99547e-08)
(-10 6.17811e-06 -4.99036e-08)
(-10 7.17662e-06 2.80535e-08)
(-10 7.05714e-06 -5.35575e-08)
(-10 6.90145e-06 -9.04126e-08)
(-10 6.71624e-06 -8.74205e-08)
(-10 6.5213e-06 -5.8504e-08)
(-10 6.3338e-06 -1.92977e-08)
(-10 6.16494e-06 2.85735e-08)
(-10 6.0318e-06 7.42461e-08)
(-10 5.95253e-06 1.08815e-07)
(-10 5.93332e-06 1.19974e-07)
(-10 5.96907e-06 1.03056e-07)
(-10 6.04083e-06 6.68167e-08)
(-10 6.12749e-06 2.39064e-08)
(-10 6.21259e-06 -1.20351e-08)
(-10 6.28475e-06 -3.69386e-08)
(-10 6.33311e-06 -6.56158e-08)
(-10 6.35928e-06 -5.15801e-08)
(-10 6.92348e-06 2.90378e-08)
(-10 6.78944e-06 -7.17277e-08)
(-10 6.62672e-06 -1.12579e-07)
(-10 6.45058e-06 -1.02674e-07)
(-10 6.27805e-06 -6.33089e-08)
(-10 6.12283e-06 -1.10497e-08)
(-10 5.99581e-06 5.41866e-08)
(-10 5.91911e-06 1.07493e-07)
(-10 5.90157e-06 1.52424e-07)
(-10 5.94427e-06 1.54916e-07)
(-10 6.03397e-06 1.28818e-07)
(-10 6.14831e-06 7.89811e-08)
(-10 6.26933e-06 2.68581e-08)
(-10 6.38422e-06 -1.76782e-08)
(-10 6.47986e-06 -4.84553e-08)
(-10 6.54987e-06 -4.98398e-08)
(-10 6.59035e-06 -7.19551e-08)
(-10 6.62956e-06 1.24751e-08)
(-10 6.4735e-06 -7.31445e-08)
(-10 6.31624e-06 -1.04733e-07)
(-10 6.17165e-06 -8.70984e-08)
(-10 6.04826e-06 -4.4955e-08)
(-10 5.95804e-06 1.74025e-08)
(-10 5.90985e-06 8.00601e-08)
(-10 5.9216e-06 1.41558e-07)
(-10 5.98531e-06 1.70963e-07)
(-10 6.09581e-06 1.62891e-07)
(-10 6.2296e-06 1.1917e-07)
(-10 6.37164e-06 5.77291e-08)
(-10 6.51346e-06 6.51994e-11)
(-10 6.64964e-06 -4.12015e-08)
(-10 6.76745e-06 -6.64768e-08)
(-10 6.85217e-06 -9.51255e-08)
(-10 6.90779e-06 -7.63849e-08)
(-10 6.37807e-06 9.0037e-08)
(-10 6.19988e-06 1.28227e-08)
(-10 6.06336e-06 -1.15843e-08)
(-10 5.96587e-06 2.4616e-09)
(-10 5.9188e-06 3.96351e-08)
(-10 5.91917e-06 9.3269e-08)
(-10 5.98317e-06 1.40982e-07)
(-10 6.09969e-06 1.85999e-07)
(-10 6.25698e-06 1.84136e-07)
(-10 6.42405e-06 1.53465e-07)
(-10 6.58607e-06 8.87566e-08)
(-10 6.73944e-06 2.12375e-08)
(-10 6.89417e-06 -3.10869e-08)
(-10 7.04405e-06 -6.73433e-08)
(-10 7.1746e-06 -8.86563e-08)
(-10 7.27697e-06 -8.09804e-08)
(-10 7.34618e-06 -1.00823e-07)
(-10 6.28785e-06 2.38158e-07)
(-10 6.09449e-06 1.82418e-07)
(-10 5.97979e-06 1.60766e-07)
(-10 5.93939e-06 1.68366e-07)
(-10 5.97661e-06 1.92758e-07)
(-10 6.0856e-06 2.12781e-07)
(-10 6.27112e-06 2.37672e-07)
(-10 6.5016e-06 2.30866e-07)
(-10 6.73873e-06 1.91975e-07)
(-10 6.94593e-06 1.18249e-07)
(-10 7.12344e-06 3.40756e-08)
(-10 7.28227e-06 -3.38533e-08)
(-10 7.44437e-06 -7.81785e-08)
(-10 7.60456e-06 -9.95481e-08)
(-10 7.75004e-06 -1.08288e-07)
(-10 7.86055e-06 -1.29107e-07)
(-10 7.94041e-06 -1.00394e-07)
(-10 6.36739e-06 4.90546e-07)
(-10 6.16019e-06 4.60483e-07)
(-10 6.06956e-06 4.50924e-07)
(-10 6.09351e-06 4.50772e-07)
(-10 6.20755e-06 4.54985e-07)
(-10 6.44659e-06 4.43551e-07)
(-10 6.74014e-06 4.22899e-07)
(-10 7.08239e-06 3.51467e-07)
(-10 7.3982e-06 2.54675e-07)
(-10 7.64751e-06 1.31597e-07)
(-10 7.84128e-06 2.24022e-08)
(-10 8.02169e-06 -5.15246e-08)
(-10 8.19393e-06 -9.04688e-08)
(-10 8.36357e-06 -1.07512e-07)
(-10 8.51002e-06 -1.17008e-07)
(-10 8.62796e-06 -1.01359e-07)
(-10 8.71333e-06 -1.20406e-07)
(-10 6.42543e-06 8.27076e-07)
(-10 6.21866e-06 8.28023e-07)
(-10 6.15816e-06 8.22621e-07)
(-10 6.21556e-06 8.35443e-07)
(-10 6.44529e-06 8.38554e-07)
(-10 6.78067e-06 7.91214e-07)
(-10 7.26042e-06 6.82625e-07)
(-10 7.76013e-06 5.52673e-07)
(-10 8.16599e-06 3.7642e-07)
(-10 8.45234e-06 1.76927e-07)
(-10 8.71289e-06 4.0507e-08)
(-10 8.93612e-06 -4.97269e-08)
(-10 9.13672e-06 -9.03557e-08)
(-10 9.31855e-06 -1.08631e-07)
(-10 9.47737e-06 -1.16834e-07)
(-10 9.5942e-06 -1.42876e-07)
(-10 9.68027e-06 -1.08067e-07)
(-10 6.27203e-06 1.33264e-06)
(-10 6.04219e-06 1.31323e-06)
(-10 5.98239e-06 1.3311e-06)
(-10 6.13985e-06 1.38809e-06)
(-10 6.47149e-06 1.29414e-06)
(-10 7.10337e-06 1.1494e-06)
(-10 7.69216e-06 9.89191e-07)
(-10 8.38928e-06 7.68877e-07)
(-10 8.90457e-06 4.49151e-07)
(-10 9.42221e-06 2.46269e-07)
(-10 9.79312e-06 7.34249e-08)
(-10 1.00644e-05 -5.41719e-08)
(-10 1.02959e-05 -1.10488e-07)
(-10 1.04947e-05 -1.20571e-07)
(-10 1.06516e-05 -1.31634e-07)
(-10 1.07777e-05 -1.10549e-07)
(-10 1.08258e-05 -1.34138e-07)
(-10 5.88742e-06 1.76844e-06)
(-10 5.86149e-06 1.8175e-06)
(-10 5.99733e-06 1.86777e-06)
(-10 6.3122e-06 1.71652e-06)
(-10 6.74285e-06 1.73567e-06)
(-10 7.32104e-06 1.46212e-06)
(-10 8.35509e-06 1.04497e-06)
(-10 9.17252e-06 6.26731e-07)
(-10 9.97692e-06 3.78e-07)
(-10 1.04237e-05 4.48698e-08)
(-10 1.09135e-05 -1.2644e-07)
(-10 1.13296e-05 -1.37912e-07)
(-10 1.16032e-05 -1.52503e-07)
(-10 1.18024e-05 -1.49637e-07)
(-10 1.19728e-05 -1.49981e-07)
(-10 1.20284e-05 -1.6307e-07)
(-10 1.20499e-05 -8.58701e-08)
(-10 6.8832e-06 2.52266e-06)
(-10 7.18683e-06 2.31227e-06)
(-10 7.53596e-06 2.11261e-06)
(-10 8.08065e-06 2.25913e-06)
(-10 8.63556e-06 1.86029e-06)
(-10 9.58561e-06 1.21499e-06)
(-10 4.0211e-07 5.51463e-07)
(-10 4.01851e-07 5.13695e-07)
(-10 3.96529e-07 4.43879e-07)
(-10 3.88793e-07 3.54438e-07)
(-10 3.80171e-07 2.63238e-07)
(-10 3.71178e-07 1.82565e-07)
(-10 3.62332e-07 1.17941e-07)
(-10 3.53722e-07 6.91248e-08)
(-10 3.45588e-07 3.37095e-08)
(-10 3.37892e-07 8.16084e-09)
(-10 3.30841e-07 -1.02074e-08)
(-10 3.2432e-07 -2.3388e-08)
(-10 3.1881e-07 -3.24144e-08)
(-10 3.14685e-07 -3.8868e-08)
(-10 3.0841e-07 -4.2215e-08)
(-10 3.10369e-07 -4.36103e-08)
(-10 3.15768e-07 -4.49922e-08)
(-10 1.2628e-06 5.33017e-07)
(-10 1.24796e-06 5.00556e-07)
(-10 1.22685e-06 4.33915e-07)
(-10 1.20265e-06 3.46942e-07)
(-10 1.17644e-06 2.57592e-07)
(-10 1.14969e-06 1.78745e-07)
(-10 1.12294e-06 1.15454e-07)
(-10 1.09706e-06 6.78726e-08)
(-10 1.07213e-06 3.31967e-08)
(-10 1.04864e-06 8.35357e-09)
(-10 1.02666e-06 -9.66051e-09)
(-10 1.00665e-06 -2.27033e-08)
(-10 9.88955e-07 -3.14726e-08)
(-10 9.74837e-07 -3.6898e-08)
(-10 9.65383e-07 -4.21768e-08)
(-10 9.59726e-07 -4.50861e-08)
(-10 9.59244e-07 -3.6423e-08)
(-10 2.12876e-06 5.1289e-07)
(-10 2.09283e-06 4.82581e-07)
(-10 2.05724e-06 4.18773e-07)
(-10 2.01876e-06 3.34957e-07)
(-10 1.97736e-06 2.48901e-07)
(-10 1.93479e-06 1.72959e-07)
(-10 1.89191e-06 1.12307e-07)
(-10 1.84994e-06 6.67139e-08)
(-10 1.80917e-06 3.36507e-08)
(-10 1.77037e-06 9.86154e-09)
(-10 1.73379e-06 -7.36316e-09)
(-10 1.7001e-06 -1.98244e-08)
(-10 1.66993e-06 -2.83995e-08)
(-10 1.6446e-06 -3.41857e-08)
(-10 1.62246e-06 -3.73817e-08)
(-10 1.60805e-06 -3.9242e-08)
(-10 1.59966e-06 -4.16671e-08)
(-10 2.9064e-06 4.74969e-07)
(-10 2.87086e-06 4.51853e-07)
(-10 2.82955e-06 3.9219e-07)
(-10 2.78211e-06 3.12401e-07)
(-10 2.72997e-06 2.30483e-07)
(-10 2.67517e-06 1.58585e-07)
(-10 2.6194e-06 1.01449e-07)
(-10 2.56393e-06 5.87769e-08)
(-10 2.50966e-06 2.79264e-08)
(-10 2.45734e-06 5.80852e-09)
(-10 2.40768e-06 -1.02545e-08)
(-10 2.36147e-06 -2.20862e-08)
(-10 2.31969e-06 -3.00559e-08)
(-10 2.28371e-06 -3.45754e-08)
(-10 2.25686e-06 -3.97678e-08)
(-10 2.23697e-06 -4.4138e-08)
(-10 2.22334e-06 -3.1226e-08)
(-10 3.62697e-06 4.57179e-07)
(-10 3.59119e-06 4.29224e-07)
(-10 3.548e-06 3.71217e-07)
(-10 3.49563e-06 2.95191e-07)
(-10 3.43612e-06 2.17962e-07)
(-10 3.37223e-06 1.50663e-07)
(-10 3.30622e-06 9.76121e-08)
(-10 3.23979e-06 5.82313e-08)
(-10 3.17411e-06 2.98966e-08)
(-10 3.1102e-06 9.54168e-09)
(-10 3.04899e-06 -5.34757e-09)
(-10 2.9916e-06 -1.62935e-08)
(-10 2.93932e-06 -2.39937e-08)
(-10 2.89374e-06 -2.9368e-08)
(-10 2.85532e-06 -3.18077e-08)
(-10 2.8286e-06 -3.27532e-08)
(-10 2.81105e-06 -3.89564e-08)
(-10 4.25891e-06 4.10771e-07)
(-10 4.23329e-06 3.87535e-07)
(-10 4.19301e-06 3.34024e-07)
(-10 4.13926e-06 2.6333e-07)
(-10 4.0755e-06 1.91902e-07)
(-10 4.00543e-06 1.30247e-07)
(-10 3.93197e-06 8.21314e-08)
(-10 3.85717e-06 4.67703e-08)
(-10 3.78252e-06 2.14776e-08)
(-10 3.7092e-06 3.32744e-09)
(-10 3.63843e-06 -1.00751e-08)
(-10 3.57168e-06 -2.02877e-08)
(-10 3.51045e-06 -2.73559e-08)
(-10 3.4567e-06 -3.12752e-08)
(-10 3.41499e-06 -3.65108e-08)
(-10 3.38471e-06 -4.16186e-08)
(-10 3.3643e-06 -2.58287e-08)
(-10 4.84316e-06 3.96781e-07)
(-10 4.81897e-06 3.65793e-07)
(-10 4.78063e-06 3.12001e-07)
(-10 4.72618e-06 2.45517e-07)
(-10 4.65933e-06 1.7989e-07)
(-10 4.58454e-06 1.24137e-07)
(-10 4.50524e-06 8.11687e-08)
(-10 4.4238e-06 4.98815e-08)
(-10 4.34187e-06 2.75441e-08)
(-10 4.26083e-06 1.13219e-08)
(-10 4.18217e-06 -9.82823e-10)
(-10 4.10753e-06 -1.04805e-08)
(-10 4.03881e-06 -1.76139e-08)
(-10 3.97839e-06 -2.31552e-08)
(-10 3.92815e-06 -2.53435e-08)
(-10 3.89289e-06 -2.54547e-08)
(-10 3.86984e-06 -3.53128e-08)
(-10 5.35608e-06 3.52112e-07)
(-10 5.33823e-06 3.23601e-07)
(-10 5.30075e-06 2.71944e-07)
(-10 5.24441e-06 2.10416e-07)
(-10 5.17401e-06 1.51434e-07)
(-10 5.09464e-06 1.02399e-07)
(-10 5.01013e-06 6.52689e-08)
(-10 4.92305e-06 3.85386e-08)
(-10 4.83512e-06 1.94391e-08)
(-10 4.74787e-06 5.30684e-09)
(-10 4.66297e-06 -5.80596e-09)
(-10 4.58231e-06 -1.50359e-08)
(-10 4.50808e-06 -2.20359e-08)
(-10 4.44288e-06 -2.62022e-08)
(-10 4.39161e-06 -3.20596e-08)
(-10 4.35489e-06 -3.81192e-08)
(-10 4.33042e-06 -2.04643e-08)
(-10 5.82841e-06 3.45731e-07)
(-10 5.80922e-06 3.03749e-07)
(-10 5.76837e-06 2.51443e-07)
(-10 5.70702e-06 1.94766e-07)
(-10 5.63078e-06 1.42812e-07)
(-10 5.54528e-06 1.00727e-07)
(-10 5.45469e-06 6.9406e-08)
(-10 5.36165e-06 4.69233e-08)
(-10 5.26802e-06 3.05689e-08)
(-10 5.17544e-06 1.78696e-08)
(-10 5.08569e-06 7.19098e-09)
(-10 5.00094e-06 -2.00745e-09)
(-10 4.9235e-06 -9.72307e-09)
(-10 4.85584e-06 -1.63708e-08)
(-10 4.80054e-06 -1.91871e-08)
(-10 4.7617e-06 -1.90759e-08)
(-10 4.73584e-06 -3.23028e-08)
(-10 6.24366e-06 2.92996e-07)
(-10 6.22085e-06 2.53848e-07)
(-10 6.1723e-06 2.06285e-07)
(-10 6.10161e-06 1.5694e-07)
(-10 6.01568e-06 1.1337e-07)
(-10 5.92096e-06 7.91508e-08)
(-10 5.82206e-06 5.41739e-08)
(-10 5.72179e-06 3.62488e-08)
(-10 5.62224e-06 2.27827e-08)
(-10 5.52518e-06 1.16285e-08)
(-10 5.43259e-06 1.48967e-09)
(-10 5.34679e-06 -8.16414e-09)
(-10 5.26965e-06 -1.64017e-08)
(-10 5.20319e-06 -2.20421e-08)
(-10 5.15146e-06 -2.93129e-08)
(-10 5.11464e-06 -3.66575e-08)
(-10 5.0895e-06 -1.81614e-08)
(-10 6.6224e-06 2.81391e-07)
(-10 6.58162e-06 2.30929e-07)
(-10 6.51818e-06 1.83512e-07)
(-10 6.43276e-06 1.40699e-07)
(-10 6.33251e-06 1.05584e-07)
(-10 6.2247e-06 7.93003e-08)
(-10 6.11447e-06 6.05399e-08)
(-10 6.0052e-06 4.69372e-08)
(-10 5.89929e-06 3.60823e-08)
(-10 5.79882e-06 2.61424e-08)
(-10 5.70634e-06 1.59867e-08)
(-10 5.62362e-06 5.71188e-09)
(-10 5.55164e-06 -4.05905e-09)
(-10 5.49132e-06 -1.31875e-08)
(-10 5.4435e-06 -1.769e-08)
(-10 5.40996e-06 -1.81137e-08)
(-10 5.38614e-06 -3.41895e-08)
(-10 6.92458e-06 2.20023e-07)
(-10 6.86702e-06 1.74371e-07)
(-10 6.78484e-06 1.31232e-07)
(-10 6.68019e-06 9.61861e-08)
(-10 6.5613e-06 7.0547e-08)
(-10 6.43654e-06 5.31657e-08)
(-10 6.31212e-06 4.16487e-08)
(-10 6.19238e-06 3.35313e-08)
(-10 6.0803e-06 2.64793e-08)
(-10 5.97902e-06 1.89237e-08)
(-10 5.89149e-06 9.34952e-09)
(-10 5.81838e-06 -2.11736e-09)
(-10 5.75886e-06 -1.36345e-08)
(-10 5.71156e-06 -2.27028e-08)
(-10 5.67653e-06 -3.2809e-08)
(-10 5.6515e-06 -4.20335e-08)
(-10 5.63255e-06 -2.32026e-08)
(-10 7.14666e-06 2.01988e-07)
(-10 7.06908e-06 1.423e-07)
(-10 6.96562e-06 9.93087e-08)
(-10 6.83897e-06 7.11465e-08)
(-10 6.69867e-06 5.50708e-08)
(-10 6.55484e-06 4.71456e-08)
(-10 6.41521e-06 4.40322e-08)
(-10 6.28532e-06 4.28305e-08)
(-10 6.16935e-06 4.16019e-08)
(-10 6.07248e-06 3.73774e-08)
(-10 5.99707e-06 2.82096e-08)
(-10 5.94216e-06 1.48356e-08)
(-10 5.90381e-06 -2.81233e-10)
(-10 5.87732e-06 -1.50465e-08)
(-10 5.85874e-06 -2.3719e-08)
(-10 5.84591e-06 -2.61331e-08)
(-10 5.83346e-06 -4.44384e-08)
(-10 7.25573e-06 1.28572e-07)
(-10 7.16134e-06 7.10706e-08)
(-10 7.03767e-06 3.22621e-08)
(-10 6.88926e-06 1.2705e-08)
(-10 6.72814e-06 7.78078e-09)
(-10 6.56658e-06 1.16985e-08)
(-10 6.41434e-06 2.00078e-08)
(-10 6.27792e-06 2.95101e-08)
(-10 6.16435e-06 3.75809e-08)
(-10 6.08029e-06 3.84376e-08)
(-10 6.02704e-06 2.95881e-08)
(-10 6.00072e-06 1.22757e-08)
(-10 5.99313e-06 -8.08393e-09)
(-10 5.99572e-06 -2.59069e-08)
(-10 6.0024e-06 -4.26711e-08)
(-10 6.00638e-06 -5.56484e-08)
(-10 6.0044e-06 -3.68434e-08)
(-10 7.25973e-06 1.07333e-07)
(-10 7.14312e-06 3.19416e-08)
(-10 6.99922e-06 -1.03125e-08)
(-10 6.83212e-06 -2.34279e-08)
(-10 6.65553e-06 -1.68376e-08)
(-10 6.4833e-06 7.71564e-10)
(-10 6.32648e-06 2.3064e-08)
(-10 6.19301e-06 4.72947e-08)
(-10 6.09341e-06 6.61908e-08)
(-10 6.03396e-06 7.18588e-08)
(-10 6.01421e-06 6.07943e-08)
(-10 6.02593e-06 3.70146e-08)
(-10 6.05668e-06 8.15919e-09)
(-10 6.0946e-06 -1.90879e-08)
(-10 6.1291e-06 -3.62081e-08)
(-10 6.15398e-06 -4.29009e-08)
(-10 6.16482e-06 -6.35183e-08)
(-10 7.14084e-06 4.30378e-08)
(-10 7.00593e-06 -3.41186e-08)
(-10 6.84789e-06 -7.57859e-08)
(-10 6.67257e-06 -8.08865e-08)
(-10 6.49364e-06 -6.09773e-08)
(-10 6.32653e-06 -2.79085e-08)
(-10 6.18037e-06 1.158e-08)
(-10 6.06751e-06 5.18619e-08)
(-10 5.99803e-06 8.07371e-08)
(-10 5.97671e-06 8.79977e-08)
(-10 5.99979e-06 7.08366e-08)
(-10 6.05518e-06 3.64108e-08)
(-10 6.12742e-06 -2.30511e-09)
(-10 6.20319e-06 -3.44864e-08)
(-10 6.2702e-06 -6.06319e-08)
(-10 6.31701e-06 -7.82374e-08)
(-10 6.34293e-06 -5.84801e-08)
(-10 6.92175e-06 4.65691e-08)
(-10 6.77951e-06 -4.70667e-08)
(-10 6.61943e-06 -9.06823e-08)
(-10 6.45126e-06 -8.90477e-08)
(-10 6.29007e-06 -5.85009e-08)
(-10 6.14773e-06 -1.2905e-08)
(-10 6.03541e-06 4.06016e-08)
(-10 5.96431e-06 9.00847e-08)
(-10 5.94262e-06 1.21142e-07)
(-10 5.96985e-06 1.21585e-07)
(-10 6.0396e-06 9.24392e-08)
(-10 6.13654e-06 4.56317e-08)
(-10 6.24828e-06 -1.4538e-09)
(-10 6.36053e-06 -3.99613e-08)
(-10 6.45681e-06 -6.2268e-08)
(-10 6.528e-06 -7.01253e-08)
(-10 6.57115e-06 -9.1123e-08)
(-10 6.6896e-06 3.68304e-08)
(-10 6.54024e-06 -4.84578e-08)
(-10 6.3904e-06 -8.48725e-08)
(-10 6.24798e-06 -7.61636e-08)
(-10 6.12748e-06 -3.92748e-08)
(-10 6.03402e-06 1.29807e-08)
(-10 5.98281e-06 6.99183e-08)
(-10 5.97477e-06 1.1635e-07)
(-10 6.01437e-06 1.35292e-07)
(-10 6.09214e-06 1.18942e-07)
(-10 6.20095e-06 7.13908e-08)
(-10 6.32885e-06 1.33228e-08)
(-10 6.47241e-06 -3.66877e-08)
(-10 6.61442e-06 -7.1137e-08)
(-10 6.73945e-06 -9.58511e-08)
(-10 6.83014e-06 -1.1091e-07)
(-10 6.88877e-06 -8.46071e-08)
(-10 6.52598e-06 1.30122e-07)
(-10 6.37713e-06 5.1202e-08)
(-10 6.24932e-06 2.16527e-08)
(-10 6.15237e-06 3.22541e-08)
(-10 6.08978e-06 6.73203e-08)
(-10 6.07473e-06 1.13116e-07)
(-10 6.1031e-06 1.56286e-07)
(-10 6.18046e-06 1.80453e-07)
(-10 6.28153e-06 1.71079e-07)
(-10 6.40312e-06 1.25968e-07)
(-10 6.53412e-06 5.78964e-08)
(-10 6.68315e-06 -4.49677e-09)
(-10 6.84489e-06 -5.11813e-08)
(-10 7.00808e-06 -8.19136e-08)
(-10 7.14904e-06 -9.54513e-08)
(-10 7.25655e-06 -9.70087e-08)
(-10 7.33044e-06 -1.15395e-07)
(-10 6.54541e-06 2.39829e-07)
(-10 6.39731e-06 2.05127e-07)
(-10 6.30075e-06 1.93015e-07)
(-10 6.2607e-06 2.06469e-07)
(-10 6.27577e-06 2.31869e-07)
(-10 6.35716e-06 2.5906e-07)
(-10 6.48709e-06 2.73001e-07)
(-10 6.65145e-06 2.57947e-07)
(-10 6.81228e-06 2.05094e-07)
(-10 6.96164e-06 1.23055e-07)
(-10 7.09948e-06 3.77041e-08)
(-10 7.25424e-06 -2.966e-08)
(-10 7.42002e-06 -7.20382e-08)
(-10 7.59096e-06 -9.41854e-08)
(-10 7.73988e-06 -1.13463e-07)
(-10 7.85185e-06 -1.2695e-07)
(-10 7.93209e-06 -9.38546e-08)
(-10 6.76027e-06 4.76463e-07)
(-10 6.60085e-06 4.81124e-07)
(-10 6.53817e-06 4.93183e-07)
(-10 6.55789e-06 5.1133e-07)
(-10 6.66937e-06 5.27886e-07)
(-10 6.86012e-06 5.31027e-07)
(-10 7.0996e-06 5.0838e-07)
(-10 7.35961e-06 4.41287e-07)
(-10 7.58162e-06 3.41214e-07)
(-10 7.72823e-06 2.19451e-07)
(-10 7.88971e-06 1.1312e-07)
(-10 8.04097e-06 3.46613e-08)
(-10 8.21255e-06 -1.08866e-08)
(-10 8.37466e-06 -4.83105e-08)
(-10 8.51602e-06 -7.32037e-08)
(-10 8.62589e-06 -8.7218e-08)
(-10 8.71086e-06 -1.1334e-07)
(-10 6.98304e-06 7.10473e-07)
(-10 6.81105e-06 8.07738e-07)
(-10 6.76638e-06 8.59854e-07)
(-10 6.8394e-06 8.8777e-07)
(-10 7.05325e-06 9.00456e-07)
(-10 7.33971e-06 8.76484e-07)
(-10 7.71915e-06 8.13888e-07)
(-10 8.0797e-06 7.01977e-07)
(-10 8.32288e-06 5.34333e-07)
(-10 8.59256e-06 3.70771e-07)
(-10 8.80177e-06 2.31095e-07)
(-10 8.96153e-06 1.14529e-07)
(-10 9.13708e-06 3.54973e-08)
(-10 9.32077e-06 -1.27829e-08)
(-10 9.47106e-06 -7.07565e-08)
(-10 9.58818e-06 -1.0908e-07)
(-10 9.67211e-06 -8.21003e-08)
(-10 6.964e-06 1.19273e-06)
(-10 6.73869e-06 1.30026e-06)
(-10 6.68731e-06 1.35353e-06)
(-10 6.82679e-06 1.39193e-06)
(-10 7.10548e-06 1.37971e-06)
(-10 7.54498e-06 1.33217e-06)
(-10 8.0353e-06 1.18457e-06)
(-10 8.47897e-06 9.69969e-07)
(-10 8.99096e-06 7.28227e-07)
(-10 9.28811e-06 5.40043e-07)
(-10 9.60858e-06 3.0206e-07)
(-10 9.99103e-06 1.87486e-07)
(-10 1.02445e-05 9.31425e-08)
(-10 1.04535e-05 1.68487e-08)
(-10 1.06113e-05 -6.38031e-08)
(-10 1.07483e-05 -9.67703e-08)
(-10 1.08166e-05 -1.3201e-07)
(-10 6.64257e-06 1.83087e-06)
(-10 6.54492e-06 1.82892e-06)
(-10 6.60754e-06 1.84454e-06)
(-10 6.84505e-06 1.82108e-06)
(-10 7.23662e-06 1.77356e-06)
(-10 7.76429e-06 1.52887e-06)
(-10 8.22781e-06 1.33931e-06)
(-10 8.92832e-06 9.61897e-07)
(-10 9.31891e-06 6.64073e-07)
(-10 1.00651e-05 2.60449e-07)
(-10 1.07195e-05 1.25841e-07)
(-10 1.09893e-05 -1.18854e-07)
(-10 1.13275e-05 -1.56205e-07)
(-10 1.15886e-05 -2.36025e-07)
(-10 1.18713e-05 -1.89635e-07)
(-10 1.19966e-05 -1.85125e-07)
(-10 1.20236e-05 -1.16363e-07)
(-10 7.38406e-06 2.30512e-06)
(-10 7.62964e-06 2.28369e-06)
(-10 7.9228e-06 2.21587e-06)
(-10 8.33656e-06 2.14187e-06)
(-10 8.84058e-06 2.04159e-06)
(-10 9.40837e-06 1.87697e-06)
(-10 1.00361e-05 1.25838e-06)
(-10 1.04829e-05 7.67492e-07)
(-10 1.12937e-05 2.2412e-07)
(-10 3.92303e-07 4.29778e-07)
(-10 3.95776e-07 4.14231e-07)
(-10 3.92212e-07 3.69543e-07)
(-10 3.85921e-07 3.07397e-07)
(-10 3.78208e-07 2.41828e-07)
(-10 3.70322e-07 1.83306e-07)
(-10 3.62146e-07 1.35639e-07)
(-10 3.54316e-07 9.9391e-08)
(-10 3.46512e-07 7.23234e-08)
(-10 3.39306e-07 5.24075e-08)
(-10 3.3237e-07 3.74288e-08)
(-10 3.25878e-07 2.62159e-08)
(-10 3.2078e-07 1.70638e-08)
(-10 3.17266e-07 9.52787e-09)
(-10 3.08166e-07 1.8284e-09)
(-10 3.11218e-07 -6.15566e-09)
(-10 3.25691e-07 1.01262e-08)
(-10 1.24411e-06 4.24336e-07)
(-10 1.23152e-06 4.12059e-07)
(-10 1.21362e-06 3.69741e-07)
(-10 1.19232e-06 3.09154e-07)
(-10 1.16913e-06 2.45001e-07)
(-10 1.14495e-06 1.87554e-07)
(-10 1.12062e-06 1.40894e-07)
(-10 1.0965e-06 1.05294e-07)
(-10 1.07303e-06 7.87948e-08)
(-10 1.05053e-06 5.91781e-08)
(-10 1.0293e-06 4.43168e-08)
(-10 1.0096e-06 3.32256e-08)
(-10 9.92334e-07 2.46843e-08)
(-10 9.78704e-07 1.55919e-08)
(-10 9.68989e-07 6.66307e-09)
(-10 9.62709e-07 9.38547e-09)
(-10 9.6141e-07 1.58914e-08)
(-10 2.09452e-06 4.11466e-07)
(-10 2.06357e-06 3.96783e-07)
(-10 2.03243e-06 3.55347e-07)
(-10 1.99795e-06 2.96743e-07)
(-10 1.96109e-06 2.34941e-07)
(-10 1.92242e-06 1.79722e-07)
(-10 1.8833e-06 1.35061e-07)
(-10 1.84408e-06 1.01054e-07)
(-10 1.80573e-06 7.58454e-08)
(-10 1.76849e-06 5.71501e-08)
(-10 1.73317e-06 4.30599e-08)
(-10 1.70013e-06 3.23559e-08)
(-10 1.67066e-06 2.38781e-08)
(-10 1.64593e-06 1.64732e-08)
(-10 1.62333e-06 7.99417e-09)
(-10 1.60811e-06 -1.46215e-09)
(-10 1.60473e-06 1.53507e-08)
(-10 2.87373e-06 3.77991e-07)
(-10 2.83937e-06 3.72771e-07)
(-10 2.80132e-06 3.36051e-07)
(-10 2.7585e-06 2.81045e-07)
(-10 2.71152e-06 2.22591e-07)
(-10 2.66176e-06 1.70437e-07)
(-10 2.61043e-06 1.2845e-07)
(-10 2.55864e-06 9.66342e-08)
(-10 2.5072e-06 7.31434e-08)
(-10 2.45695e-06 5.57367e-08)
(-10 2.4087e-06 4.24671e-08)
(-10 2.36347e-06 3.24718e-08)
(-10 2.32223e-06 2.50076e-08)
(-10 2.28652e-06 1.61803e-08)
(-10 2.26059e-06 6.35734e-09)
(-10 2.24093e-06 1.4361e-08)
(-10 2.22328e-06 1.93041e-08)
(-10 3.58882e-06 3.66607e-07)
(-10 3.55341e-06 3.52503e-07)
(-10 3.51336e-06 3.15059e-07)
(-10 3.46605e-06 2.62365e-07)
(-10 3.41251e-06 2.07249e-07)
(-10 3.35451e-06 1.58521e-07)
(-10 3.29378e-06 1.19645e-07)
(-10 3.23166e-06 9.04112e-08)
(-10 3.16932e-06 6.89534e-08)
(-10 3.10778e-06 5.30529e-08)
(-10 3.04822e-06 4.09688e-08)
(-10 2.99182e-06 3.16598e-08)
(-10 2.94015e-06 2.40985e-08)
(-10 2.89507e-06 1.77871e-08)
(-10 2.85641e-06 1.04194e-08)
(-10 2.82958e-06 -3.11888e-09)
(-10 2.81531e-06 1.45904e-08)
(-10 4.22669e-06 3.24172e-07)
(-10 4.19746e-06 3.19698e-07)
(-10 4.15893e-06 2.86865e-07)
(-10 4.1102e-06 2.38286e-07)
(-10 4.05289e-06 1.87411e-07)
(-10 3.98938e-06 1.4281e-07)
(-10 3.92175e-06 1.07584e-07)
(-10 3.8517e-06 8.13667e-08)
(-10 3.78056e-06 6.22379e-08)
(-10 3.70969e-06 4.80636e-08)
(-10 3.6405e-06 3.70818e-08)
(-10 3.5746e-06 2.8636e-08)
(-10 3.51369e-06 2.23448e-08)
(-10 3.45994e-06 1.41368e-08)
(-10 3.41892e-06 4.48603e-09)
(-10 3.38908e-06 1.66301e-08)
(-10 3.36475e-06 1.92537e-08)
(-10 4.80877e-06 3.22487e-07)
(-10 4.78148e-06 3.02563e-07)
(-10 4.74435e-06 2.66586e-07)
(-10 4.69491e-06 2.19852e-07)
(-10 4.63499e-06 1.72706e-07)
(-10 4.56731e-06 1.32165e-07)
(-10 4.49429e-06 1.00622e-07)
(-10 4.4178e-06 7.73848e-08)
(-10 4.33945e-06 6.04961e-08)
(-10 4.26076e-06 4.78614e-08)
(-10 4.18341e-06 3.80021e-08)
(-10 4.10935e-06 3.00754e-08)
(-10 4.04078e-06 2.32623e-08)
(-10 3.98037e-06 1.79514e-08)
(-10 3.92971e-06 1.20186e-08)
(-10 3.89433e-06 -5.0961e-09)
(-10 3.87361e-06 1.22416e-08)
(-10 5.32688e-06 2.76312e-07)
(-10 5.3032e-06 2.67543e-07)
(-10 5.26642e-06 2.35752e-07)
(-10 5.21543e-06 1.93068e-07)
(-10 5.15249e-06 1.5053e-07)
(-10 5.08068e-06 1.14569e-07)
(-10 5.00266e-06 8.70042e-08)
(-10 4.92047e-06 6.69169e-08)
(-10 4.8359e-06 5.22978e-08)
(-10 4.75062e-06 4.12064e-08)
(-10 4.66659e-06 3.2159e-08)
(-10 4.58617e-06 2.48409e-08)
(-10 4.51164e-06 1.92799e-08)
(-10 4.44587e-06 1.14668e-08)
(-10 4.39488e-06 2.13637e-09)
(-10 4.35846e-06 1.75927e-08)
(-10 4.33048e-06 1.75201e-08)
(-10 5.79648e-06 2.8303e-07)
(-10 5.77136e-06 2.54503e-07)
(-10 5.73184e-06 2.18444e-07)
(-10 5.67661e-06 1.77608e-07)
(-10 5.60845e-06 1.39117e-07)
(-10 5.53088e-06 1.0745e-07)
(-10 5.44681e-06 8.35802e-08)
(-10 5.35854e-06 6.62354e-08)
(-10 5.26796e-06 5.34453e-08)
(-10 5.17695e-06 4.34047e-08)
(-10 5.08776e-06 3.50125e-08)
(-10 5.00286e-06 2.78152e-08)
(-10 4.9248e-06 2.1211e-08)
(-10 4.8566e-06 1.64626e-08)
(-10 4.80066e-06 1.18201e-08)
(-10 4.76154e-06 -8.24861e-09)
(-10 4.73709e-06 7.83896e-09)
(-10 6.21256e-06 2.33383e-07)
(-10 6.18276e-06 2.16437e-07)
(-10 6.13561e-06 1.85091e-07)
(-10 6.07152e-06 1.48853e-07)
(-10 5.99417e-06 1.1533e-07)
(-10 5.90763e-06 8.83404e-08)
(-10 5.81528e-06 6.8258e-08)
(-10 5.71971e-06 5.36784e-08)
(-10 5.62301e-06 4.27065e-08)
(-10 5.52736e-06 3.3769e-08)
(-10 5.43516e-06 2.58611e-08)
(-10 5.34887e-06 1.89928e-08)
(-10 5.27073e-06 1.35776e-08)
(-10 5.20321e-06 5.90788e-09)
(-10 5.15117e-06 -3.0966e-09)
(-10 5.11439e-06 1.468e-08)
(-10 5.0865e-06 1.19326e-08)
(-10 6.58317e-06 2.42763e-07)
(-10 6.53785e-06 2.03404e-07)
(-10 6.47632e-06 1.67319e-07)
(-10 6.39792e-06 1.33202e-07)
(-10 6.3067e-06 1.04062e-07)
(-10 6.20744e-06 8.15083e-08)
(-10 6.10422e-06 6.50282e-08)
(-10 6.00002e-06 5.30294e-08)
(-10 5.89744e-06 4.37354e-08)
(-10 5.79894e-06 3.57614e-08)
(-10 5.70691e-06 2.84385e-08)
(-10 5.62345e-06 2.14826e-08)
(-10 5.5501e-06 1.46267e-08)
(-10 5.4883e-06 1.00229e-08)
(-10 5.43928e-06 6.26443e-09)
(-10 5.40529e-06 -1.60932e-08)
(-10 5.38238e-06 -1.38132e-09)
(-10 6.88035e-06 1.80098e-07)
(-10 6.81768e-06 1.56198e-07)
(-10 6.73729e-06 1.25782e-07)
(-10 6.63982e-06 9.6769e-08)
(-10 6.53039e-06 7.30992e-08)
(-10 6.41504e-06 5.56797e-08)
(-10 6.29878e-06 4.34851e-08)
(-10 6.1855e-06 3.48573e-08)
(-10 6.07847e-06 2.81215e-08)
(-10 5.98045e-06 2.20453e-08)
(-10 5.89367e-06 1.55413e-08)
(-10 5.81939e-06 8.86342e-09)
(-10 5.75746e-06 2.97058e-09)
(-10 5.70752e-06 -5.2585e-09)
(-10 5.671e-06 -1.43482e-08)
(-10 5.64534e-06 4.82714e-09)
(-10 5.6244e-06 -1.19002e-10)
(-10 7.09592e-06 1.82114e-07)
(-10 7.01137e-06 1.34739e-07)
(-10 6.90895e-06 9.94249e-08)
(-10 6.78951e-06 7.28925e-08)
(-10 6.65966e-06 5.44551e-08)
(-10 6.52695e-06 4.27402e-08)
(-10 6.39774e-06 3.58675e-08)
(-10 6.2772e-06 3.18388e-08)
(-10 6.16919e-06 2.90028e-08)
(-10 6.07695e-06 2.55655e-08)
(-10 6.00235e-06 2.01979e-08)
(-10 5.94495e-06 1.29399e-08)
(-10 5.9024e-06 4.40536e-09)
(-10 5.87187e-06 -1.75169e-09)
(-10 5.85023e-06 -6.05843e-09)
(-10 5.83599e-06 -3.07009e-08)
(-10 5.82419e-06 -1.66791e-08)
(-10 7.20337e-06 1.08099e-07)
(-10 7.09879e-06 7.45575e-08)
(-10 6.97426e-06 4.42612e-08)
(-10 6.83299e-06 2.33755e-08)
(-10 6.68366e-06 1.20276e-08)
(-10 6.53565e-06 8.00983e-09)
(-10 6.39688e-06 8.62877e-09)
(-10 6.2737e-06 1.16417e-08)
(-10 6.17062e-06 1.48114e-08)
(-10 6.0918e-06 1.51199e-08)
(-10 6.03797e-06 1.05401e-08)
(-10 6.00666e-06 2.06077e-09)
(-10 5.99235e-06 -7.4956e-09)
(-10 5.98913e-06 -1.92978e-08)
(-10 5.99218e-06 -3.06326e-08)
(-10 5.99432e-06 -1.14483e-08)
(-10 5.99076e-06 -1.81272e-08)
(-10 7.20818e-06 1.06228e-07)
(-10 7.0811e-06 4.5888e-08)
(-10 6.9359e-06 9.32033e-09)
(-10 6.77668e-06 -8.36346e-09)
(-10 6.61356e-06 -1.2036e-08)
(-10 6.45707e-06 -6.81391e-09)
(-10 6.31665e-06 3.31707e-09)
(-10 6.19864e-06 1.53039e-08)
(-10 6.1095e-06 2.55555e-08)
(-10 6.0529e-06 2.88642e-08)
(-10 6.02873e-06 2.35767e-08)
(-10 6.03173e-06 1.12404e-08)
(-10 6.05362e-06 -4.08625e-09)
(-10 6.08489e-06 -1.57249e-08)
(-10 6.11512e-06 -2.34036e-08)
(-10 6.13851e-06 -5.12484e-08)
(-10 6.15106e-06 -3.61478e-08)
(-10 7.10067e-06 3.12664e-08)
(-10 6.95838e-06 -1.43969e-08)
(-10 6.80099e-06 -4.51562e-08)
(-10 6.63422e-06 -5.51066e-08)
(-10 6.46923e-06 -4.87273e-08)
(-10 6.31671e-06 -3.24408e-08)
(-10 6.18686e-06 -1.14551e-08)
(-10 6.08529e-06 1.00747e-08)
(-10 6.02122e-06 2.61125e-08)
(-10 5.99548e-06 2.98583e-08)
(-10 6.00863e-06 2.05293e-08)
(-10 6.0516e-06 2.20501e-09)
(-10 6.11547e-06 -1.67288e-08)
(-10 6.1865e-06 -3.55503e-08)
(-10 6.25218e-06 -5.08514e-08)
(-10 6.29908e-06 -3.11697e-08)
(-10 6.32478e-06 -3.80252e-08)
(-10 6.91572e-06 4.44785e-08)
(-10 6.77152e-06 -2.22674e-08)
(-10 6.61536e-06 -5.53958e-08)
(-10 6.45649e-06 -5.98623e-08)
(-10 6.30518e-06 -4.48941e-08)
(-10 6.17395e-06 -1.9656e-08)
(-10 6.06874e-06 9.19397e-09)
(-10 5.99973e-06 3.63445e-08)
(-10 5.96977e-06 5.1584e-08)
(-10 5.98295e-06 5.0583e-08)
(-10 6.03467e-06 3.23502e-08)
(-10 6.11945e-06 6.5445e-09)
(-10 6.22635e-06 -1.85981e-08)
(-10 6.33841e-06 -3.53232e-08)
(-10 6.43583e-06 -4.47788e-08)
(-10 6.50902e-06 -7.42766e-08)
(-10 6.55769e-06 -5.40215e-08)
(-10 6.734e-06 1.69195e-08)
(-10 6.59633e-06 -2.6779e-08)
(-10 6.45665e-06 -4.82557e-08)
(-10 6.32328e-06 -4.35602e-08)
(-10 6.20554e-06 -2.11891e-08)
(-10 6.11557e-06 9.52917e-09)
(-10 6.05446e-06 4.0896e-08)
(-10 6.03456e-06 6.51909e-08)
(-10 6.04773e-06 7.21947e-08)
(-10 6.10129e-06 5.88174e-08)
(-10 6.18642e-06 2.84777e-08)
(-10 6.30898e-06 -3.61527e-09)
(-10 6.45131e-06 -2.95748e-08)
(-10 6.5972e-06 -5.11378e-08)
(-10 6.72597e-06 -6.70698e-08)
(-10 6.81856e-06 -4.33256e-08)
(-10 6.87745e-06 -4.7336e-08)
(-10 6.63182e-06 9.60735e-08)
(-10 6.51686e-06 5.13053e-08)
(-10 6.41072e-06 3.69579e-08)
(-10 6.31916e-06 4.75693e-08)
(-10 6.25773e-06 7.19187e-08)
(-10 6.22676e-06 1.00303e-07)
(-10 6.23703e-06 1.2458e-07)
(-10 6.27668e-06 1.3443e-07)
(-10 6.34424e-06 1.24327e-07)
(-10 6.42919e-06 9.20069e-08)
(-10 6.54396e-06 5.20652e-08)
(-10 6.68571e-06 1.57266e-08)
(-10 6.84998e-06 -1.31425e-08)
(-10 7.01524e-06 -3.06431e-08)
(-10 7.15259e-06 -4.2365e-08)
(-10 7.25692e-06 -7.60058e-08)
(-10 7.33462e-06 -4.9635e-08)
(-10 6.72077e-06 1.56458e-07)
(-10 6.63189e-06 1.60343e-07)
(-10 6.5692e-06 1.70643e-07)
(-10 6.53823e-06 1.90637e-07)
(-10 6.55232e-06 2.1565e-07)
(-10 6.60799e-06 2.35954e-07)
(-10 6.71123e-06 2.45602e-07)
(-10 6.82764e-06 2.32759e-07)
(-10 6.9514e-06 2.00866e-07)
(-10 7.06279e-06 1.5369e-07)
(-10 7.19247e-06 1.0637e-07)
(-10 7.33121e-06 6.64135e-08)
(-10 7.49474e-06 3.69684e-08)
(-10 7.64656e-06 3.52827e-09)
(-10 7.77785e-06 -2.85204e-08)
(-10 7.87278e-06 -1.27434e-08)
(-10 7.94298e-06 -2.16056e-08)
(-10 6.95569e-06 2.7665e-07)
(-10 6.91345e-06 3.36283e-07)
(-10 6.90311e-06 3.81215e-07)
(-10 6.94514e-06 4.14718e-07)
(-10 7.04329e-06 4.3963e-07)
(-10 7.21837e-06 4.49248e-07)
(-10 7.41625e-06 4.37512e-07)
(-10 7.63743e-06 4.03791e-07)
(-10 7.80975e-06 3.51976e-07)
(-10 7.95716e-06 2.9664e-07)
(-10 8.08302e-06 2.46691e-07)
(-10 8.20193e-06 2.01773e-07)
(-10 8.32835e-06 1.50373e-07)
(-10 8.46532e-06 9.76214e-08)
(-10 8.56341e-06 4.30028e-08)
(-10 8.6503e-06 -2.49006e-08)
(-10 8.72803e-06 -7.96948e-09)
(-10 7.32076e-06 3.81693e-07)
(-10 7.24259e-06 5.37854e-07)
(-10 7.23359e-06 6.21409e-07)
(-10 7.31632e-06 6.67225e-07)
(-10 7.51007e-06 6.86111e-07)
(-10 7.7821e-06 6.80143e-07)
(-10 8.10566e-06 6.50839e-07)
(-10 8.42098e-06 5.90146e-07)
(-10 8.64976e-06 5.23761e-07)
(-10 8.85308e-06 4.85484e-07)
(-10 8.94907e-06 4.21216e-07)
(-10 9.12715e-06 3.54757e-07)
(-10 9.26676e-06 2.73757e-07)
(-10 9.4e-06 1.76469e-07)
(-10 9.48912e-06 6.36033e-08)
(-10 9.58226e-06 4.18961e-08)
(-10 9.65693e-06 1.30465e-08)
(-10 7.67254e-06 8.00863e-07)
(-10 7.31866e-06 8.83965e-07)
(-10 7.21324e-06 9.30566e-07)
(-10 7.30648e-06 9.54419e-07)
(-10 7.56287e-06 9.53499e-07)
(-10 7.91886e-06 9.28434e-07)
(-10 8.34893e-06 8.60938e-07)
(-10 8.71418e-06 7.63927e-07)
(-10 9.06675e-06 7.30368e-07)
(-10 9.28431e-06 6.08931e-07)
(-10 9.66156e-06 5.16599e-07)
(-10 9.77269e-06 4.16113e-07)
(-10 1.00563e-05 3.01558e-07)
(-10 1.02157e-05 1.08325e-07)
(-10 1.0503e-05 5.10065e-08)
(-10 1.06826e-05 -4.10236e-08)
(-10 1.0783e-05 -1.67499e-08)
(-10 7.27791e-06 1.10939e-06)
(-10 7.09076e-06 1.17558e-06)
(-10 7.07525e-06 1.19162e-06)
(-10 7.24963e-06 1.18527e-06)
(-10 7.5702e-06 1.15288e-06)
(-10 8.00203e-06 1.06461e-06)
(-10 8.44735e-06 9.35898e-07)
(-10 8.91942e-06 8.23347e-07)
(-10 9.34679e-06 5.817e-07)
(-10 9.76245e-06 5.15039e-07)
(-10 9.9584e-06 3.27603e-07)
(-10 1.05784e-05 9.83776e-08)
(-10 1.08947e-05 -1.2835e-07)
(-10 1.13843e-05 -1.09056e-07)
(-10 1.15894e-05 -2.50353e-07)
(-10 1.18449e-05 -1.10007e-07)
(-10 1.18901e-05 -9.73682e-08)
(-10 7.86098e-06 1.61582e-06)
(-10 8.02108e-06 1.59677e-06)
(-10 8.24414e-06 1.56819e-06)
(-10 8.58208e-06 1.52092e-06)
(-10 9.00735e-06 1.44099e-06)
(-10 9.48616e-06 1.3001e-06)
(-10 9.99635e-06 1.20327e-06)
(-10 1.05e-05 8.73569e-07)
(-10 1.09992e-05 8.34702e-07)
(-10 1.13319e-05 3.69892e-07)
(-10 1.19671e-05 -2.05659e-10)
(-10 3.95308e-07 1.74995e-07)
(-10 3.99135e-07 1.73955e-07)
(-10 3.96778e-07 1.59856e-07)
(-10 3.9099e-07 1.37612e-07)
(-10 3.84138e-07 1.13436e-07)
(-10 3.76488e-07 9.17165e-08)
(-10 3.68901e-07 7.39933e-08)
(-10 3.61101e-07 6.04682e-08)
(-10 3.53677e-07 5.0201e-08)
(-10 3.46355e-07 4.25066e-08)
(-10 3.39451e-07 3.64946e-08)
(-10 3.33082e-07 3.16577e-08)
(-10 3.28336e-07 2.72005e-08)
(-10 3.22265e-07 2.33791e-08)
(-10 3.14453e-07 1.77051e-08)
(-10 3.29796e-07 1.22811e-08)
(-10 3.22975e-07 2.98037e-08)
(-10 1.23991e-06 1.77398e-07)
(-10 1.22615e-06 1.76642e-07)
(-10 1.2091e-06 1.63508e-07)
(-10 1.18934e-06 1.41667e-07)
(-10 1.16784e-06 1.1818e-07)
(-10 1.14521e-06 9.66494e-08)
(-10 1.12221e-06 7.93973e-08)
(-10 1.09914e-06 6.58961e-08)
(-10 1.07653e-06 5.59333e-08)
(-10 1.05457e-06 4.81457e-08)
(-10 1.0337e-06 4.216e-08)
(-10 1.01433e-06 3.74212e-08)
(-10 9.97473e-07 3.32453e-08)
(-10 9.83519e-07 2.73781e-08)
(-10 9.73091e-07 2.27346e-08)
(-10 9.65593e-07 2.71432e-08)
(-10 9.65774e-07 2.76307e-08)
(-10 2.07083e-06 1.71634e-07)
(-10 2.04372e-06 1.6966e-07)
(-10 2.01513e-06 1.56241e-07)
(-10 1.98362e-06 1.35228e-07)
(-10 1.94935e-06 1.12401e-07)
(-10 1.9134e-06 9.19233e-08)
(-10 1.87635e-06 7.52705e-08)
(-10 1.83912e-06 6.25782e-08)
(-10 1.80211e-06 5.30024e-08)
(-10 1.76607e-06 4.57352e-08)
(-10 1.73148e-06 4.00179e-08)
(-10 1.69915e-06 3.54382e-08)
(-10 1.67034e-06 3.13112e-08)
(-10 1.64533e-06 2.7231e-08)
(-10 1.62208e-06 2.09863e-08)
(-10 1.61427e-06 1.45882e-08)
(-10 1.60392e-06 3.3295e-08)
(-10 2.85032e-06 1.58446e-07)
(-10 2.81551e-06 1.60757e-07)
(-10 2.77919e-06 1.49669e-07)
(-10 2.73914e-06 1.30206e-07)
(-10 2.69536e-06 1.08787e-07)
(-10 2.64866e-06 8.94348e-08)
(-10 2.60013e-06 7.38386e-08)
(-10 2.55062e-06 6.19266e-08)
(-10 2.50104e-06 5.30326e-08)
(-10 2.45221e-06 4.6208e-08)
(-10 2.40507e-06 4.0808e-08)
(-10 2.3606e-06 3.66391e-08)
(-10 2.31997e-06 3.29856e-08)
(-10 2.28535e-06 2.69028e-08)
(-10 2.25989e-06 2.17347e-08)
(-10 2.2349e-06 3.20697e-08)
(-10 2.22239e-06 2.69857e-08)
(-10 3.5597e-06 1.52911e-07)
(-10 3.52485e-06 1.50578e-07)
(-10 3.48652e-06 1.38536e-07)
(-10 3.44218e-06 1.19737e-07)
(-10 3.39215e-06 9.94708e-08)
(-10 3.3377e-06 8.14491e-08)
(-10 3.28014e-06 6.70294e-08)
(-10 3.2207e-06 5.61679e-08)
(-10 3.16048e-06 4.80787e-08)
(-10 3.10061e-06 4.19458e-08)
(-10 3.04225e-06 3.71121e-08)
(-10 2.9868e-06 3.31385e-08)
(-10 2.936e-06 2.9502e-08)
(-10 2.89118e-06 2.6298e-08)
(-10 2.85298e-06 2.04275e-08)
(-10 2.83143e-06 9.76777e-09)
(-10 2.81099e-06 3.25848e-08)
(-10 4.20377e-06 1.35147e-07)
(-10 4.17086e-06 1.37913e-07)
(-10 4.13242e-06 1.28197e-07)
(-10 4.08612e-06 1.11108e-07)
(-10 4.03232e-06 9.24925e-08)
(-10 3.97248e-06 7.59863e-08)
(-10 3.90819e-06 6.29258e-08)
(-10 3.84089e-06 5.31586e-08)
(-10 3.77195e-06 4.59634e-08)
(-10 3.70271e-06 4.04749e-08)
(-10 3.63472e-06 3.60317e-08)
(-10 3.5697e-06 3.26248e-08)
(-10 3.5094e-06 2.96647e-08)
(-10 3.4569e-06 2.37895e-08)
(-10 3.41699e-06 1.89944e-08)
(-10 3.38224e-06 3.3553e-08)
(-10 3.36136e-06 2.35268e-08)
(-10 4.78334e-06 1.34575e-07)
(-10 4.75378e-06 1.29298e-07)
(-10 4.71673e-06 1.17332e-07)
(-10 4.66965e-06 1.00471e-07)
(-10 4.61323e-06 8.30213e-08)
(-10 4.54924e-06 6.79296e-08)
(-10 4.47952e-06 5.61794e-08)
(-10 4.40574e-06 4.75224e-08)
(-10 4.32945e-06 4.11873e-08)
(-10 4.25226e-06 3.63582e-08)
(-10 4.17602e-06 3.24889e-08)
(-10 4.10278e-06 2.92179e-08)
(-10 4.03498e-06 2.60721e-08)
(-10 3.97505e-06 2.38679e-08)
(-10 3.92521e-06 1.88812e-08)
(-10 3.89409e-06 4.29199e-09)
(-10 3.86767e-06 2.98737e-08)
(-10 5.30676e-06 1.14799e-07)
(-10 5.27816e-06 1.15753e-07)
(-10 5.24057e-06 1.06104e-07)
(-10 5.19161e-06 9.09013e-08)
(-10 5.13202e-06 7.50801e-08)
(-10 5.06375e-06 6.15268e-08)
(-10 4.98883e-06 5.11085e-08)
(-10 4.90911e-06 4.35078e-08)
(-10 4.82631e-06 3.79645e-08)
(-10 4.7423e-06 3.3674e-08)
(-10 4.65923e-06 3.01159e-08)
(-10 4.57948e-06 2.73724e-08)
(-10 4.50551e-06 2.50239e-08)
(-10 4.44102e-06 1.95386e-08)
(-10 4.39136e-06 1.54006e-08)
(-10 4.35095e-06 3.3361e-08)
(-10 4.32492e-06 1.87802e-08)
(-10 5.77475e-06 1.18477e-07)
(-10 5.74533e-06 1.09261e-07)
(-10 5.70504e-06 9.66474e-08)
(-10 5.65175e-06 8.14084e-08)
(-10 5.58678e-06 6.6644e-08)
(-10 5.5125e-06 5.43857e-08)
(-10 5.43125e-06 4.51152e-08)
(-10 5.34511e-06 3.84348e-08)
(-10 5.25603e-06 3.35138e-08)
(-10 5.16615e-06 2.96984e-08)
(-10 5.07781e-06 2.65998e-08)
(-10 4.99363e-06 2.38652e-08)
(-10 4.91637e-06 2.11697e-08)
(-10 4.84889e-06 1.99871e-08)
(-10 4.79399e-06 1.60667e-08)
(-10 4.75806e-06 -1.71929e-09)
(-10 4.72886e-06 2.54265e-08)
(-10 6.19333e-06 9.74157e-08)
(-10 6.15698e-06 9.49335e-08)
(-10 6.10839e-06 8.46623e-08)
(-10 6.0461e-06 7.10137e-08)
(-10 5.97186e-06 5.77507e-08)
(-10 5.88853e-06 4.68215e-08)
(-10 5.79887e-06 3.86659e-08)
(-10 5.70529e-06 3.27586e-08)
(-10 5.6101e-06 2.84215e-08)
(-10 5.51563e-06 2.50319e-08)
(-10 5.42437e-06 2.21556e-08)
(-10 5.33887e-06 1.99926e-08)
(-10 5.26142e-06 1.82799e-08)
(-10 5.19514e-06 1.3378e-08)
(-10 5.14452e-06 1.00642e-08)
(-10 5.10484e-06 3.0577e-08)
(-10 5.07798e-06 1.21943e-08)
(-10 6.55579e-06 1.0309e-07)
(-10 6.50633e-06 8.86398e-08)
(-10 6.44404e-06 7.48703e-08)
(-10 6.36765e-06 6.10756e-08)
(-10 6.27973e-06 4.87935e-08)
(-10 6.18387e-06 3.91077e-08)
(-10 6.08351e-06 3.19908e-08)
(-10 5.98167e-06 2.68938e-08)
(-10 5.88106e-06 2.31834e-08)
(-10 5.78417e-06 2.03159e-08)
(-10 5.69344e-06 1.79653e-08)
(-10 5.61096e-06 1.58654e-08)
(-10 5.53838e-06 1.37193e-08)
(-10 5.47736e-06 1.35299e-08)
(-10 5.42944e-06 1.07467e-08)
(-10 5.39764e-06 -9.35734e-09)
(-10 5.37108e-06 1.8608e-08)
(-10 6.84877e-06 7.55135e-08)
(-10 6.78119e-06 6.97167e-08)
(-10 6.69997e-06 5.88409e-08)
(-10 6.60481e-06 4.67992e-08)
(-10 6.49929e-06 3.61748e-08)
(-10 6.38808e-06 2.79656e-08)
(-10 6.27567e-06 2.20972e-08)
(-10 6.16589e-06 1.80796e-08)
(-10 6.06188e-06 1.53195e-08)
(-10 5.96628e-06 1.32088e-08)
(-10 5.88119e-06 1.13769e-08)
(-10 5.8077e-06 9.99822e-09)
(-10 5.74608e-06 8.90682e-09)
(-10 5.69685e-06 4.62589e-09)
(-10 5.66112e-06 2.1881e-09)
(-10 5.63324e-06 2.4455e-08)
(-10 5.61343e-06 3.15316e-09)
(-10 7.05666e-06 7.783e-08)
(-10 6.96703e-06 5.94485e-08)
(-10 6.86372e-06 4.50124e-08)
(-10 6.74722e-06 3.30612e-08)
(-10 6.62233e-06 2.39187e-08)
(-10 6.49525e-06 1.75399e-08)
(-10 6.37164e-06 1.35031e-08)
(-10 6.2563e-06 1.12091e-08)
(-10 6.15271e-06 9.90903e-09)
(-10 6.06382e-06 8.98231e-09)
(-10 5.99082e-06 7.98593e-09)
(-10 5.93366e-06 6.51272e-09)
(-10 5.89073e-06 4.61202e-09)
(-10 5.85977e-06 4.99099e-09)
(-10 5.83838e-06 2.84928e-09)
(-10 5.82557e-06 -1.90426e-08)
(-10 5.81095e-06 9.83226e-09)
(-10 7.16088e-06 4.41086e-08)
(-10 7.05027e-06 3.42418e-08)
(-10 6.92504e-06 2.2658e-08)
(-10 6.78769e-06 1.2971e-08)
(-10 6.64503e-06 6.3076e-09)
(-10 6.50463e-06 2.60741e-09)
(-10 6.37365e-06 1.22031e-09)
(-10 6.25725e-06 1.36453e-09)
(-10 6.16004e-06 2.13373e-09)
(-10 6.08441e-06 2.70484e-09)
(-10 6.03127e-06 2.15337e-09)
(-10 5.9986e-06 9.68612e-10)
(-10 5.98251e-06 -4.32777e-10)
(-10 5.97825e-06 -5.04841e-09)
(-10 5.98072e-06 -7.28775e-09)
(-10 5.98069e-06 1.61122e-08)
(-10 5.98007e-06 -7.4391e-09)
(-10 7.16369e-06 4.38385e-08)
(-10 7.03193e-06 2.06318e-08)
(-10 6.88744e-06 5.63674e-09)
(-10 6.73402e-06 -3.17908e-09)
(-10 6.57959e-06 -6.98412e-09)
(-10 6.43274e-06 -7.2713e-09)
(-10 6.30137e-06 -5.07833e-09)
(-10 6.19105e-06 -1.95396e-09)
(-10 6.10754e-06 1.44996e-09)
(-10 6.05238e-06 3.07429e-09)
(-10 6.02669e-06 2.62247e-09)
(-10 6.02611e-06 6.59952e-11)
(-10 6.04514e-06 -3.25974e-09)
(-10 6.07429e-06 -3.71492e-09)
(-10 6.10383e-06 -6.31866e-09)
(-10 6.12933e-06 -2.99456e-08)
(-10 6.13994e-06 1.27807e-09)
(-10 7.06365e-06 8.51406e-09)
(-10 6.92074e-06 -5.09544e-09)
(-10 6.76699e-06 -1.61103e-08)
(-10 6.60819e-06 -2.11555e-08)
(-10 6.45256e-06 -2.08707e-08)
(-10 6.31047e-06 -1.68552e-08)
(-10 6.18772e-06 -1.10003e-08)
(-10 6.09381e-06 -4.70365e-09)
(-10 6.03056e-06 5.63631e-10)
(-10 6.00386e-06 2.29133e-09)
(-10 6.01076e-06 5.23301e-10)
(-10 6.04931e-06 -3.5331e-09)
(-10 6.10928e-06 -7.21971e-09)
(-10 6.17869e-06 -1.3533e-08)
(-10 6.24348e-06 -1.63182e-08)
(-10 6.28823e-06 8.76676e-09)
(-10 6.32059e-06 -1.6335e-08)
(-10 6.90382e-06 1.42266e-08)
(-10 6.76403e-06 -9.47941e-09)
(-10 6.61556e-06 -2.15641e-08)
(-10 6.46569e-06 -2.39982e-08)
(-10 6.3245e-06 -2.03128e-08)
(-10 6.20019e-06 -1.22599e-08)
(-10 6.10085e-06 -4.39226e-09)
(-10 6.0332e-06 4.86915e-09)
(-10 6.00022e-06 8.9274e-09)
(-10 6.00605e-06 9.77681e-09)
(-10 6.04953e-06 4.32843e-09)
(-10 6.12926e-06 -1.76908e-09)
(-10 6.23222e-06 -8.2162e-09)
(-10 6.34104e-06 -9.96289e-09)
(-10 6.43654e-06 -1.32721e-08)
(-10 6.5128e-06 -3.86252e-08)
(-10 6.55951e-06 -2.07172e-09)
(-10 6.75409e-06 -1.00312e-09)
(-10 6.63221e-06 -1.10818e-08)
(-10 6.50584e-06 -1.59544e-08)
(-10 6.38226e-06 -1.37921e-08)
(-10 6.2735e-06 -5.41885e-09)
(-10 6.18397e-06 4.14258e-09)
(-10 6.12704e-06 1.46908e-08)
(-10 6.09737e-06 2.2079e-08)
(-10 6.1053e-06 2.49277e-08)
(-10 6.14392e-06 2.07728e-08)
(-10 6.2256e-06 1.2418e-08)
(-10 6.34033e-06 4.3197e-09)
(-10 6.47923e-06 -2.52328e-09)
(-10 6.62027e-06 -1.14213e-08)
(-10 6.74246e-06 -1.57552e-08)
(-10 6.82798e-06 1.17904e-08)
(-10 6.89425e-06 -1.48779e-08)
(-10 6.7004e-06 3.02977e-08)
(-10 6.61104e-06 1.9222e-08)
(-10 6.52294e-06 1.77842e-08)
(-10 6.44512e-06 2.31905e-08)
(-10 6.38583e-06 3.40572e-08)
(-10 6.35776e-06 4.24601e-08)
(-10 6.35899e-06 5.36745e-08)
(-10 6.38992e-06 5.51163e-08)
(-10 6.44237e-06 5.49833e-08)
(-10 6.52171e-06 4.38795e-08)
(-10 6.63149e-06 3.56656e-08)
(-10 6.77069e-06 2.33037e-08)
(-10 6.92807e-06 1.41234e-08)
(-10 7.07641e-06 8.49428e-09)
(-10 7.19723e-06 -7.85576e-11)
(-10 7.29478e-06 -3.10918e-08)
(-10 7.3626e-06 1.137e-08)
(-10 6.77113e-06 5.38624e-08)
(-10 6.75353e-06 6.42577e-08)
(-10 6.73107e-06 7.38267e-08)
(-10 6.71964e-06 8.6973e-08)
(-10 6.73541e-06 9.70558e-08)
(-10 6.79335e-06 1.08939e-07)
(-10 6.87826e-06 1.12257e-07)
(-10 6.98815e-06 1.12667e-07)
(-10 7.09684e-06 1.03432e-07)
(-10 7.21743e-06 9.47831e-08)
(-10 7.34276e-06 8.24406e-08)
(-10 7.4868e-06 7.23015e-08)
(-10 7.62442e-06 5.99481e-08)
(-10 7.75129e-06 3.75117e-08)
(-10 7.84658e-06 1.99556e-08)
(-10 7.91573e-06 4.208e-08)
(-10 7.98418e-06 7.50629e-09)
(-10 7.04181e-06 7.05823e-08)
(-10 7.07274e-06 1.16531e-07)
(-10 7.10162e-06 1.47279e-07)
(-10 7.15362e-06 1.68314e-07)
(-10 7.25744e-06 1.8053e-07)
(-10 7.41535e-06 1.90748e-07)
(-10 7.60615e-06 1.87295e-07)
(-10 7.80634e-06 1.83524e-07)
(-10 7.98524e-06 1.71339e-07)
(-10 8.14297e-06 1.67599e-07)
(-10 8.28327e-06 1.55901e-07)
(-10 8.4014e-06 1.47775e-07)
(-10 8.50853e-06 1.17865e-07)
(-10 8.59084e-06 9.2273e-08)
(-10 8.63117e-06 5.49075e-08)
(-10 8.69419e-06 3.26608e-09)
(-10 8.75417e-06 4.43298e-08)
(-10 7.63831e-06 1.22755e-07)
(-10 7.49565e-06 1.91687e-07)
(-10 7.45306e-06 2.32637e-07)
(-10 7.51403e-06 2.53759e-07)
(-10 7.69559e-06 2.6838e-07)
(-10 7.93869e-06 2.6653e-07)
(-10 8.24843e-06 2.64181e-07)
(-10 8.52987e-06 2.47798e-07)
(-10 8.79587e-06 2.43826e-07)
(-10 8.98293e-06 2.43434e-07)
(-10 9.13916e-06 2.42643e-07)
(-10 9.22945e-06 2.31883e-07)
(-10 9.32606e-06 2.04091e-07)
(-10 9.33415e-06 1.37921e-07)
(-10 9.48106e-06 7.41685e-08)
(-10 9.56802e-06 7.7191e-08)
(-10 9.66113e-06 2.84213e-08)
(-10 7.87362e-06 3.24619e-07)
(-10 7.53584e-06 3.18982e-07)
(-10 7.40008e-06 3.22862e-07)
(-10 7.47435e-06 3.26483e-07)
(-10 7.68894e-06 3.28942e-07)
(-10 8.02557e-06 3.1602e-07)
(-10 8.39162e-06 3.01508e-07)
(-10 8.77047e-06 2.7063e-07)
(-10 9.06338e-06 2.88232e-07)
(-10 9.32505e-06 2.71478e-07)
(-10 9.49156e-06 3.07972e-07)
(-10 9.67056e-06 2.29616e-07)
(-10 9.7419e-06 1.65311e-07)
(-10 1.00966e-05 3.95928e-08)
(-10 1.02189e-05 4.84614e-08)
(-10 1.05584e-05 -8.12574e-09)
(-10 1.06785e-05 4.76889e-08)
(-10 7.66127e-06 2.83626e-07)
(-10 7.43593e-06 3.6543e-07)
(-10 7.40457e-06 3.82105e-07)
(-10 7.55318e-06 3.88053e-07)
(-10 7.84598e-06 3.69234e-07)
(-10 8.22887e-06 3.51905e-07)
(-10 8.65572e-06 2.98331e-07)
(-10 9.06537e-06 2.92829e-07)
(-10 9.44933e-06 2.41131e-07)
(-10 9.76626e-06 2.76031e-07)
(-10 1.00735e-05 1.06649e-07)
(-10 1.01709e-05 1.50182e-07)
(-10 1.06279e-05 -4.74075e-08)
(-10 1.07488e-05 4.26315e-08)
(-10 1.1453e-05 -1.53099e-07)
(-10 1.16779e-05 -2.21959e-08)
(-10 1.18492e-05 -5.51117e-08)
(-10 8.24819e-06 6.31304e-07)
(-10 8.36136e-06 5.95114e-07)
(-10 8.55871e-06 5.86318e-07)
(-10 8.86633e-06 5.69324e-07)
(-10 9.25862e-06 5.49565e-07)
(-10 9.70496e-06 4.97494e-07)
(-10 1.01732e-05 4.68206e-07)
(-10 1.06359e-05 3.87386e-07)
(-10 1.10681e-05 3.70264e-07)
(-10 1.14443e-05 2.74532e-07)
(-10 1.17565e-05 4.00052e-07)
(-10 1.20992e-05 -9.63952e-08)
(-10 1.22023e-05 -4.80691e-08)
(-10 1.27983e-05 -4.68824e-07)
)
;

boundaryField
{
    frontAndBack
    {
        type            slip;
    }
    inlet
    {
        type            fixedValue;
        value           uniform (-10 0 0);
    }
    outlet
    {
        type            inletOutlet;
        inletValue      nonuniform List<vector> 0();
        value           nonuniform List<vector> 0();
    }
    lowerWall
    {
        type            fixedValue;
        value           uniform (-10 0 0);
    }
    upperWall
    {
        type            slip;
    }
    procBoundary2to1
    {
        type            processor;
        value           nonuniform List<vector> 
124
(
(-10 4.28162e-07 1.90297e-07)
(-10 1.31619e-06 1.92235e-07)
(-10 2.21467e-06 1.80807e-07)
(-10 2.98865e-06 1.6329e-07)
(-10 3.67381e-06 1.50219e-07)
(-10 4.29993e-06 1.57456e-07)
(-10 4.90233e-06 1.41906e-07)
(-10 5.39824e-06 1.26619e-07)
(-10 5.8372e-06 1.16009e-07)
(-10 6.28081e-06 1.2985e-07)
(-10 6.71917e-06 1.06653e-07)
(-10 7.02679e-06 8.49512e-08)
(-10 7.22322e-06 6.75965e-08)
(-10 7.36178e-06 7.76908e-08)
(-10 7.40536e-06 5.1903e-08)
(-10 7.26613e-06 3.91188e-08)
(-10 7.00655e-06 3.50236e-08)
(-10 6.7699e-06 6.26818e-08)
(-10 6.58326e-06 7.1793e-08)
(-10 6.46767e-06 1.17704e-07)
(-10 6.4373e-06 2.00972e-07)
(-10 6.41335e-06 3.49805e-07)
(-10 5.94079e-06 5.04495e-07)
(-10 6.02217e-06 8.42824e-07)
(-10 4.30584e-07 4.58551e-07)
(-10 1.30433e-06 4.52188e-07)
(-10 2.17849e-06 4.27948e-07)
(-10 2.95042e-06 3.94612e-07)
(-10 3.66652e-06 3.69794e-07)
(-10 4.28954e-06 3.61858e-07)
(-10 4.86378e-06 3.36955e-07)
(-10 5.36587e-06 3.09897e-07)
(-10 5.84123e-06 2.94064e-07)
(-10 6.26911e-06 2.94425e-07)
(-10 6.66305e-06 2.60531e-07)
(-10 6.97797e-06 2.19528e-07)
(-10 7.21414e-06 1.89159e-07)
(-10 7.34216e-06 1.78015e-07)
(-10 7.35714e-06 1.38865e-07)
(-10 7.24504e-06 1.09898e-07)
(-10 7.03601e-06 1.06717e-07)
(-10 6.81586e-06 1.40043e-07)
(-10 6.65203e-06 1.77758e-07)
(-10 6.62915e-06 2.74568e-07)
(-10 6.72743e-06 4.53318e-07)
(-10 6.79275e-06 7.3639e-07)
(-10 6.55707e-06 1.1158e-06)
(-10 6.11216e-06 1.76795e-06)
(-10 7.10902e-06 1.82419e-06)
(-10 4.20208e-07 5.03491e-07)
(-10 1.27794e-06 4.90891e-07)
(-10 2.1427e-06 4.67502e-07)
(-10 2.91596e-06 4.37612e-07)
(-10 3.63287e-06 4.15435e-07)
(-10 4.25888e-06 3.8591e-07)
(-10 4.83738e-06 3.70358e-07)
(-10 5.34463e-06 3.4615e-07)
(-10 5.81786e-06 3.38985e-07)
(-10 6.23889e-06 3.13088e-07)
(-10 6.62555e-06 2.99003e-07)
(-10 6.93758e-06 2.61056e-07)
(-10 7.17133e-06 2.40689e-07)
(-10 7.29891e-06 1.97109e-07)
(-10 7.32021e-06 1.7493e-07)
(-10 7.22595e-06 1.36807e-07)
(-10 7.04423e-06 1.36941e-07)
(-10 6.8587e-06 1.39344e-07)
(-10 6.75141e-06 1.92711e-07)
(-10 6.81212e-06 2.74395e-07)
(-10 7.01458e-06 4.08646e-07)
(-10 7.24146e-06 6.19756e-07)
(-10 7.23024e-06 1.04599e-06)
(-10 6.90766e-06 1.54699e-06)
(-10 7.52174e-06 2.2192e-06)
(-10 4.14834e-07 4.03287e-07)
(-10 1.25935e-06 4.00351e-07)
(-10 2.11189e-06 3.82463e-07)
(-10 2.88533e-06 3.58748e-07)
(-10 3.60189e-06 3.39598e-07)
(-10 4.23319e-06 3.13755e-07)
(-10 4.81408e-06 3.02856e-07)
(-10 5.32665e-06 2.79781e-07)
(-10 5.79991e-06 2.77033e-07)
(-10 6.21914e-06 2.53956e-07)
(-10 6.59801e-06 2.49798e-07)
(-10 6.90508e-06 2.15265e-07)
(-10 7.13421e-06 2.02996e-07)
(-10 7.25996e-06 1.5897e-07)
(-10 7.28177e-06 1.42842e-07)
(-10 7.19755e-06 9.74106e-08)
(-10 7.03918e-06 9.49241e-08)
(-10 6.88557e-06 8.45858e-08)
(-10 6.82085e-06 1.30698e-07)
(-10 6.89906e-06 1.62044e-07)
(-10 7.15913e-06 2.35504e-07)
(-10 7.58943e-06 3.48498e-07)
(-10 7.71611e-06 6.06022e-07)
(-10 7.57867e-06 9.97971e-07)
(-10 7.96228e-06 1.41903e-06)
(-10 4.16538e-07 1.6805e-07)
(-10 1.25191e-06 1.69413e-07)
(-10 2.09069e-06 1.62103e-07)
(-10 2.86238e-06 1.52457e-07)
(-10 3.57663e-06 1.43737e-07)
(-10 4.21296e-06 1.32247e-07)
(-10 4.79491e-06 1.27547e-07)
(-10 5.31235e-06 1.16909e-07)
(-10 5.78557e-06 1.16104e-07)
(-10 6.20484e-06 1.05443e-07)
(-10 6.57718e-06 1.04672e-07)
(-10 6.87907e-06 8.87854e-08)
(-10 7.10096e-06 8.38689e-08)
(-10 7.22372e-06 6.21851e-08)
(-10 7.24326e-06 5.48742e-08)
(-10 7.16605e-06 3.1383e-08)
(-10 7.0282e-06 2.96766e-08)
(-10 6.90342e-06 2.26024e-08)
(-10 6.84823e-06 4.3951e-08)
(-10 6.94313e-06 4.45125e-08)
(-10 7.24765e-06 7.92036e-08)
(-10 7.7046e-06 1.15327e-07)
(-10 8.04208e-06 1.71342e-07)
(-10 7.92391e-06 3.76107e-07)
(-10 8.29706e-06 4.47534e-07)
)
;
    }
    procBoundary2to4
    {
        type            processor;
        value           uniform (-10 6.92099e-06 5.76479e-07);
    }
    procBoundary2to5
    {
        type            processor;
        value           nonuniform List<vector> 
100
(
(-10 9.0938e-06 7.10127e-07)
(-10 9.74894e-06 1.40623e-07)
(-10 1.05901e-05 2.39812e-07)
(-10 1.12328e-05 1.3377e-07)
(-10 1.18464e-05 8.80825e-08)
(-10 1.22791e-05 -1.60802e-07)
(-10 1.266e-05 -1.76875e-07)
(-10 1.29423e-05 -1.27737e-07)
(-10 1.31376e-05 -1.02419e-07)
(-10 1.32667e-05 -8.92403e-08)
(-10 1.3352e-05 -6.86297e-08)
(-10 1.33831e-05 -1.86043e-08)
(-10 1.34485e-05 -7.91324e-08)
(-10 1.00476e-05 8.8499e-07)
(-10 1.04453e-05 1.0085e-06)
(-10 1.10805e-05 1.16419e-06)
(-10 9.0938e-06 7.10127e-07)
(-10 1.18443e-05 7.22561e-07)
(-10 9.0938e-06 7.10127e-07)
(-10 9.74894e-06 1.40623e-07)
(-10 1.04002e-05 7.63133e-07)
(-10 1.10705e-05 4.15079e-07)
(-10 1.1511e-05 -1.52235e-07)
(-10 1.21067e-05 -2.45128e-07)
(-10 1.25649e-05 -2.38672e-07)
(-10 1.28574e-05 -3.98957e-07)
(-10 1.30706e-05 -3.66041e-07)
(-10 1.3221e-05 -3.12232e-07)
(-10 1.3331e-05 -2.16183e-07)
(-10 1.33786e-05 -1.07953e-07)
(-10 1.34198e-05 -1.67723e-07)
(-10 9.98088e-06 2.29079e-06)
(-10 1.04292e-05 2.38151e-06)
(-10 1.09902e-05 2.50869e-06)
(-10 1.16332e-05 1.95114e-06)
(-10 1.25072e-05 1.53309e-06)
(-10 1.04002e-05 7.63133e-07)
(-10 1.3068e-05 1.18967e-06)
(-10 1.04002e-05 7.63133e-07)
(-10 1.10705e-05 4.15079e-07)
(-10 1.1511e-05 -1.52235e-07)
(-10 1.19299e-05 1.1034e-08)
(-10 1.22378e-05 -4.62054e-07)
(-10 1.26347e-05 -4.13454e-07)
(-10 1.2901e-05 -4.73652e-07)
(-10 1.31334e-05 -3.17685e-07)
(-10 1.32638e-05 -3.70521e-07)
(-10 1.33548e-05 -2.4364e-07)
(-10 1.33991e-05 -2.59839e-07)
(-10 9.90475e-06 2.61309e-06)
(-10 1.03765e-05 2.49632e-06)
(-10 1.09196e-05 2.41108e-06)
(-10 1.15108e-05 2.22222e-06)
(-10 1.20991e-05 2.071e-06)
(-10 1.26639e-05 1.44931e-06)
(-10 1.3245e-05 1.01621e-06)
(-10 1.36955e-05 5.05544e-07)
(-10 1.19299e-05 1.1034e-08)
(-10 1.41148e-05 2.54591e-07)
(-10 1.19299e-05 1.1034e-08)
(-10 1.22378e-05 -4.62054e-07)
(-10 1.23985e-05 -2.38629e-07)
(-10 1.26941e-05 -2.58099e-07)
(-10 1.28138e-05 -5.63517e-07)
(-10 1.31298e-05 -2.83653e-07)
(-10 1.32834e-05 -2.95976e-07)
(-10 1.33454e-05 -1.56296e-07)
(-10 9.94073e-06 1.80069e-06)
(-10 1.0368e-05 1.76096e-06)
(-10 1.08728e-05 1.70035e-06)
(-10 1.14142e-05 1.60909e-06)
(-10 1.19515e-05 1.48732e-06)
(-10 1.2469e-05 1.30188e-06)
(-10 1.29733e-05 1.04553e-06)
(-10 1.34107e-05 9.45762e-07)
(-10 1.38657e-05 4.01269e-07)
(-10 1.43625e-05 1.26555e-07)
(-10 1.23985e-05 -2.38629e-07)
(-10 1.47282e-05 -5.73805e-08)
(-10 1.23985e-05 -2.38629e-07)
(-10 1.26941e-05 -2.58099e-07)
(-10 1.28138e-05 -5.63517e-07)
(-10 1.31869e-05 -6.06843e-08)
(-10 1.3282e-05 -1.41685e-07)
(-10 1.33746e-05 1.49522e-08)
(-10 9.86167e-06 5.93396e-07)
(-10 1.03646e-05 6.37654e-07)
(-10 1.08706e-05 6.33756e-07)
(-10 1.14001e-05 6.15453e-07)
(-10 1.19038e-05 5.7025e-07)
(-10 1.24158e-05 5.26947e-07)
(-10 1.28737e-05 4.39797e-07)
(-10 1.3345e-05 4.0155e-07)
(-10 1.37386e-05 2.96315e-07)
(-10 1.41439e-05 3.65972e-07)
(-10 1.44233e-05 -6.17918e-08)
(-10 1.48163e-05 -8.92183e-08)
(-10 1.49508e-05 -4.40844e-07)
(-10 1.31869e-05 -6.06843e-08)
(-10 1.51299e-05 3.01801e-08)
)
;
    }
}


// ************************************************************************* //
