/*--------------------------------*- C++ -*----------------------------------*\
  =========                 |
  \\      /  F ield         | OpenFOAM: The Open Source CFD Toolbox
   \\    /   O peration     | Website:  https://openfoam.org
    \\  /    A nd           | Version:  10
     \\/     M anipulation  |
\*---------------------------------------------------------------------------*/
FoamFile
{
    format      ascii;
    class       labelList;
    note        "nPoints: 2772 nCells: 2084 nFaces: 6891 nInternalFaces: 5613";
    location    "constant/polyMesh";
    object      neighbour;
}
// * * * * * * * * * * * * * * * * * * * * * * * * * * * * * * * * * * * * * //


5613
(
1
17
2
18
3
19
419
4
20
420
5
21
421
6
22
422
7
23
423
8
24
424
9
25
425
10
26
426
11
27
427
12
28
428
29
429
14
30
430
15
31
431
16
32
432
17
33
433
18
34
434
19
35
435
20
36
436
21
37
437
22
38
438
23
39
439
24
40
440
25
41
441
26
42
442
27
43
443
28
44
444
29
45
445
46
446
31
47
447
32
48
448
33
49
449
34
50
450
35
51
451
36
52
452
37
53
453
38
54
454
39
55
455
40
56
456
41
57
457
42
58
458
43
59
459
44
60
460
45
61
461
46
62
462
63
463
48
64
464
49
65
465
50
66
466
51
67
467
52
68
468
53
69
469
54
70
470
55
71
471
56
72
472
57
73
473
58
74
474
59
75
475
60
76
476
61
77
477
62
78
478
63
79
479
80
480
65
81
481
66
82
482
67
83
483
68
84
484
69
85
485
70
86
486
71
87
487
72
88
488
73
89
489
74
90
490
75
91
491
76
92
492
77
93
493
78
94
494
79
95
495
80
96
496
97
497
82
98
498
83
99
499
84
100
500
85
101
501
86
102
502
87
103
503
88
104
504
89
105
505
90
106
506
91
107
507
92
108
508
93
109
509
94
110
510
95
111
511
96
112
512
97
113
513
114
514
99
515
100
115
516
101
116
517
102
117
518
103
118
519
104
119
520
105
120
521
106
121
522
107
122
523
108
123
524
109
124
525
110
125
526
111
126
527
112
127
528
113
128
529
114
129
530
130
531
116
131
533
117
132
534
118
133
535
119
134
536
120
135
537
121
136
538
122
137
539
123
138
540
124
139
541
125
140
542
126
141
543
127
142
544
128
143
545
129
144
546
130
145
547
146
548
132
147
549
133
148
550
134
149
551
135
150
552
136
151
553
137
152
554
138
153
555
139
154
556
140
155
557
141
156
558
142
157
559
143
158
560
144
159
561
145
160
562
146
161
563
162
564
148
163
565
149
164
566
150
165
567
151
166
568
152
167
569
153
168
570
154
169
571
155
170
572
156
171
573
157
172
574
158
173
575
159
174
576
160
175
577
161
176
578
162
177
579
178
580
164
179
581
165
180
582
166
181
583
167
182
584
168
183
585
169
184
586
170
185
587
171
186
588
172
187
589
173
188
590
174
189
591
175
190
592
176
191
593
177
192
594
178
193
595
194
596
180
195
597
181
196
598
182
197
599
183
198
600
184
199
601
185
200
602
186
201
603
187
202
604
188
203
605
189
204
606
190
205
607
191
206
608
192
207
609
193
208
610
194
209
611
210
612
196
211
613
197
212
614
198
213
615
199
214
616
200
215
617
201
216
618
202
217
619
203
218
620
204
219
621
205
220
622
206
221
623
207
222
624
208
223
625
209
224
626
210
225
627
226
628
212
227
629
213
228
630
214
229
631
215
230
632
216
231
633
217
232
634
218
233
635
219
234
636
220
235
637
221
236
638
222
237
639
223
238
640
224
239
641
225
240
642
226
241
643
242
644
228
243
645
229
244
646
230
245
647
231
246
648
232
247
649
233
248
650
234
249
651
235
250
652
236
251
653
237
252
654
238
253
655
239
254
656
240
255
657
241
256
658
242
257
659
258
660
244
259
661
245
260
662
246
261
663
247
262
664
248
263
665
249
264
666
250
265
667
251
266
668
252
267
669
253
268
670
254
269
671
255
270
672
256
271
673
257
272
674
258
273
675
274
676
260
275
677
261
276
678
262
277
679
263
278
680
264
279
681
265
280
682
266
281
683
267
282
684
268
283
685
269
284
686
270
285
687
271
286
688
272
287
689
273
288
690
274
289
691
290
692
276
291
693
277
292
694
278
293
695
279
294
696
280
295
697
281
296
698
282
297
699
283
298
700
284
299
701
285
300
702
286
301
703
287
302
704
288
303
705
289
304
706
290
305
707
306
708
292
307
709
293
308
710
294
309
711
295
310
712
296
311
713
297
312
714
298
313
715
299
314
716
300
315
717
301
316
718
302
317
719
303
318
720
304
319
721
305
320
722
306
321
723
322
724
308
323
725
309
324
726
310
325
727
311
326
728
312
327
729
313
328
730
314
329
731
315
330
732
316
331
733
317
332
734
318
333
735
319
334
736
320
335
737
321
336
738
322
337
739
338
740
324
339
741
325
340
742
326
341
743
327
342
744
328
343
745
329
344
746
330
345
747
331
346
748
332
347
749
333
348
750
334
349
751
335
350
752
336
351
753
337
352
754
338
353
755
354
756
340
355
757
341
356
758
342
357
759
343
358
760
344
359
761
345
360
762
346
361
763
347
362
764
348
363
765
349
364
766
350
365
767
351
366
768
352
367
769
353
368
770
354
369
771
370
772
356
371
773
357
372
774
358
373
775
359
374
776
360
375
777
361
376
778
362
377
779
363
378
780
364
379
781
365
380
782
366
381
783
367
382
784
368
383
785
369
384
786
370
385
787
386
788
372
387
789
373
388
790
374
389
791
375
390
792
376
391
793
377
392
794
378
393
795
379
394
796
380
395
797
381
396
798
382
397
799
383
398
800
384
399
801
385
400
802
386
401
803
402
804
388
403
805
389
404
806
390
405
807
391
406
808
392
407
809
393
408
810
394
409
811
395
410
812
396
411
813
397
412
814
398
413
815
399
414
816
400
415
817
401
416
818
402
417
819
418
820
404
821
405
822
406
823
407
824
408
825
409
826
410
827
411
828
412
829
413
830
414
831
415
832
416
833
417
834
418
835
836
420
436
421
437
422
438
423
439
837
424
440
838
425
441
839
426
442
840
427
443
841
428
444
842
429
445
843
446
844
431
447
845
432
448
846
433
449
847
434
450
848
435
451
849
436
452
850
437
453
851
438
454
852
439
455
853
440
456
854
441
457
855
442
458
856
443
459
857
444
460
858
445
461
859
446
462
860
463
861
448
464
862
449
465
863
450
466
864
451
467
865
452
468
866
453
469
867
454
470
868
455
471
869
456
472
870
457
473
871
458
474
872
459
475
873
460
476
874
461
477
875
462
478
876
463
479
877
480
878
465
481
879
466
482
880
467
483
881
468
484
882
469
485
883
470
486
884
471
487
885
472
488
886
473
489
887
474
490
888
475
491
889
476
492
890
477
493
891
478
494
892
479
495
893
480
496
894
497
895
482
498
896
483
499
897
484
500
898
485
501
899
486
502
900
487
503
901
488
504
902
489
505
903
490
506
904
491
507
905
492
508
906
493
509
907
494
510
908
495
511
909
496
512
910
497
513
911
514
912
499
515
913
500
516
914
501
517
915
502
518
916
503
519
917
504
520
918
505
521
919
506
522
920
507
523
921
508
524
922
509
525
923
510
526
924
511
527
925
512
528
926
513
529
927
514
530
928
531
929
516
532
930
517
533
931
518
534
932
519
535
933
520
536
934
521
537
935
522
538
936
523
539
937
524
540
938
525
541
939
526
542
940
527
543
941
528
544
942
529
545
943
530
546
944
531
547
945
548
946
533
947
534
549
948
535
550
949
536
551
950
537
552
951
538
553
952
539
554
953
540
555
954
541
556
955
542
557
956
543
558
957
544
559
958
545
560
959
546
561
960
547
562
961
548
563
962
564
963
550
565
965
551
566
966
552
567
967
553
568
968
554
569
969
555
570
970
556
571
971
557
572
972
558
573
973
559
574
974
560
575
975
561
576
976
562
577
977
563
578
978
564
579
979
580
980
566
581
982
567
582
983
568
583
984
569
584
985
570
585
986
571
586
987
572
587
988
573
588
989
574
589
990
575
590
991
576
591
992
577
592
993
578
593
994
579
594
995
580
595
996
596
997
582
597
998
583
598
999
584
599
1000
585
600
1001
586
601
1002
587
602
1003
588
603
1004
589
604
1005
590
605
1006
591
606
1007
592
607
1008
593
608
1009
594
609
1010
595
610
1011
596
611
1012
612
1013
598
613
1014
599
614
1015
600
615
1016
601
616
1017
602
617
1018
603
618
1019
604
619
1020
605
620
1021
606
621
1022
607
622
1023
608
623
1024
609
624
1025
610
625
1026
611
626
1027
612
627
1028
628
1029
614
629
1030
615
630
1031
616
631
1032
617
632
1033
618
633
1034
619
634
1035
620
635
1036
621
636
1037
622
637
1038
623
638
1039
624
639
1040
625
640
1041
626
641
1042
627
642
1043
628
643
1044
644
1045
630
645
1046
631
646
1047
632
647
1048
633
648
1049
634
649
1050
635
650
1051
636
651
1052
637
652
1053
638
653
1054
639
654
1055
640
655
1056
641
656
1057
642
657
1058
643
658
1059
644
659
1060
660
1061
646
661
1062
647
662
1063
648
663
1064
649
664
1065
650
665
1066
651
666
1067
652
667
1068
653
668
1069
654
669
1070
655
670
1071
656
671
1072
657
672
1073
658
673
1074
659
674
1075
660
675
1076
676
1077
662
677
1078
663
678
1079
664
679
1080
665
680
1081
666
681
1082
667
682
1083
668
683
1084
669
684
1085
670
685
1086
671
686
1087
672
687
1088
673
688
1089
674
689
1090
675
690
1091
676
691
1092
692
1093
678
693
1094
679
694
1095
680
695
1096
681
696
1097
682
697
1098
683
698
1099
684
699
1100
685
700
1101
686
701
1102
687
702
1103
688
703
1104
689
704
1105
690
705
1106
691
706
1107
692
707
1108
708
1109
694
709
1110
695
710
1111
696
711
1112
697
712
1113
698
713
1114
699
714
1115
700
715
1116
701
716
1117
702
717
1118
703
718
1119
704
719
1120
705
720
1121
706
721
1122
707
722
1123
708
723
1124
724
1125
710
725
1126
711
726
1127
712
727
1128
713
728
1129
714
729
1130
715
730
1131
716
731
1132
717
732
1133
718
733
1134
719
734
1135
720
735
1136
721
736
1137
722
737
1138
723
738
1139
724
739
1140
740
1141
726
741
1142
727
742
1143
728
743
1144
729
744
1145
730
745
1146
731
746
1147
732
747
1148
733
748
1149
734
749
1150
735
750
1151
736
751
1152
737
752
1153
738
753
1154
739
754
1155
740
755
1156
756
1157
742
757
1158
743
758
1159
744
759
1160
745
760
1161
746
761
1162
747
762
1163
748
763
1164
749
764
1165
750
765
1166
751
766
1167
752
767
1168
753
768
1169
754
769
1170
755
770
1171
756
771
1172
772
1173
758
773
1174
759
774
1175
760
775
1176
761
776
1177
762
777
1178
763
778
1179
764
779
1180
765
780
1181
766
781
1182
767
782
1183
768
783
1184
769
784
1185
770
785
1186
771
786
1187
772
787
1188
788
1189
774
789
1190
775
790
1191
776
791
1192
777
792
1193
778
793
1194
779
794
1195
780
795
1196
781
796
1197
782
797
1198
783
798
1199
784
799
1200
785
800
1201
786
801
1202
787
802
1203
788
803
1204
804
1205
790
805
1206
791
806
1207
792
807
1208
793
808
1209
794
809
1210
795
810
1211
796
811
1212
797
812
1213
798
813
1214
799
814
1215
800
815
1216
801
816
1217
802
817
1218
803
818
1219
804
819
1220
820
1221
806
821
1222
807
822
1223
808
823
1224
809
824
1225
810
825
1226
811
826
1227
812
827
1228
813
828
1229
814
829
1230
815
830
1231
816
831
1232
817
832
1233
818
833
1234
819
834
1235
820
835
1236
836
1237
822
1238
823
1239
824
1240
825
1241
826
1242
827
1243
828
1244
829
1245
830
1246
831
1247
832
1248
833
1249
834
1250
835
1251
836
1252
1253
838
854
839
855
840
856
1254
841
857
1255
842
858
1256
843
859
1257
844
860
1258
861
1259
846
862
1260
847
863
1261
848
864
1262
849
865
1263
850
866
1264
851
867
1265
852
868
1266
853
869
1267
854
870
1268
855
871
1269
856
872
1270
857
873
1271
858
874
1272
859
875
1273
860
876
1274
861
877
1275
878
1276
863
879
1277
864
880
1278
865
881
1279
866
882
1280
867
883
1281
868
884
1282
869
885
1283
870
886
1284
871
887
1285
872
888
1286
873
889
1287
874
890
1288
875
891
1289
876
892
1290
877
893
1291
878
894
1292
895
1293
880
896
1294
881
897
1295
882
898
1296
883
899
1297
884
900
1298
885
901
1299
886
902
1300
887
903
1301
888
904
1302
889
905
1303
890
906
1304
891
907
1305
892
908
1306
893
909
1307
894
910
1308
895
911
1309
912
1310
897
913
1311
898
914
1312
899
915
1313
900
916
1314
901
917
1315
902
918
1316
903
919
1317
904
920
1318
905
921
1319
906
922
1320
907
923
1321
908
924
1322
909
925
1323
910
926
1324
911
927
1325
912
928
1326
929
1327
914
930
1328
915
931
1329
916
932
1330
917
933
1331
918
934
1332
919
935
1333
920
936
1334
921
937
1335
922
938
1336
923
939
1337
924
940
1338
925
941
1339
926
942
1340
927
943
1341
928
944
1342
929
945
1343
946
1344
931
947
1345
932
948
1346
933
949
1347
934
950
1348
935
951
1349
936
952
1350
937
953
1351
938
954
1352
939
955
1353
940
956
1354
941
957
1355
942
958
1356
943
959
1357
944
960
1358
945
961
1359
946
962
1360
963
1361
948
964
1362
949
965
1363
950
966
1364
951
967
1365
952
968
1366
953
969
1367
954
970
1368
955
971
1369
956
972
1370
957
973
1371
958
974
1372
959
975
1373
960
976
1374
961
977
1375
962
978
1376
963
979
1377
980
1378
965
981
1379
966
982
1380
967
983
1381
968
984
1382
969
985
1383
970
986
1384
971
987
1385
972
988
1386
973
989
1387
974
990
1388
975
991
1389
976
992
1390
977
993
1391
978
994
1392
979
995
1393
980
996
1394
997
1395
982
1396
983
998
1397
984
999
1398
985
1000
1399
986
1001
1400
987
1002
1401
988
1003
1402
989
1004
1403
990
1005
1404
991
1006
1405
992
1007
1406
993
1008
1407
994
1009
1408
995
1010
1409
996
1011
1410
997
1012
1411
1013
1412
999
1014
1414
1000
1015
1415
1001
1016
1416
1002
1017
1417
1003
1018
1418
1004
1019
1419
1005
1020
1420
1006
1021
1421
1007
1022
1422
1008
1023
1423
1009
1024
1424
1010
1025
1425
1011
1026
1426
1012
1027
1427
1013
1028
1428
1029
1429
1015
1030
1430
1016
1031
1431
1017
1032
1432
1018
1033
1433
1019
1034
1434
1020
1035
1435
1021
1036
1436
1022
1037
1437
1023
1038
1438
1024
1039
1439
1025
1040
1440
1026
1041
1441
1027
1042
1442
1028
1043
1443
1029
1044
1444
1045
1445
1031
1046
1446
1032
1047
1447
1033
1048
1448
1034
1049
1449
1035
1050
1450
1036
1051
1451
1037
1052
1452
1038
1053
1453
1039
1054
1454
1040
1055
1455
1041
1056
1456
1042
1057
1457
1043
1058
1458
1044
1059
1459
1045
1060
1460
1061
1461
1047
1062
1462
1048
1063
1463
1049
1064
1464
1050
1065
1465
1051
1066
1466
1052
1067
1467
1053
1068
1468
1054
1069
1469
1055
1070
1470
1056
1071
1471
1057
1072
1472
1058
1073
1473
1059
1074
1474
1060
1075
1475
1061
1076
1476
1077
1477
1063
1078
1478
1064
1079
1479
1065
1080
1480
1066
1081
1481
1067
1082
1482
1068
1083
1483
1069
1084
1484
1070
1085
1485
1071
1086
1486
1072
1087
1487
1073
1088
1488
1074
1089
1489
1075
1090
1490
1076
1091
1491
1077
1092
1492
1093
1493
1079
1094
1494
1080
1095
1495
1081
1096
1496
1082
1097
1497
1083
1098
1498
1084
1099
1499
1085
1100
1500
1086
1101
1501
1087
1102
1502
1088
1103
1503
1089
1104
1504
1090
1105
1505
1091
1106
1506
1092
1107
1507
1093
1108
1508
1109
1509
1095
1110
1510
1096
1111
1511
1097
1112
1512
1098
1113
1513
1099
1114
1514
1100
1115
1515
1101
1116
1516
1102
1117
1517
1103
1118
1518
1104
1119
1519
1105
1120
1520
1106
1121
1521
1107
1122
1522
1108
1123
1523
1109
1124
1524
1125
1525
1111
1126
1526
1112
1127
1527
1113
1128
1528
1114
1129
1529
1115
1130
1530
1116
1131
1531
1117
1132
1532
1118
1133
1533
1119
1134
1534
1120
1135
1535
1121
1136
1536
1122
1137
1537
1123
1138
1538
1124
1139
1539
1125
1140
1540
1141
1541
1127
1142
1542
1128
1143
1543
1129
1144
1544
1130
1145
1545
1131
1146
1546
1132
1147
1547
1133
1148
1548
1134
1149
1549
1135
1150
1550
1136
1151
1551
1137
1152
1552
1138
1153
1553
1139
1154
1554
1140
1155
1555
1141
1156
1556
1157
1557
1143
1158
1558
1144
1159
1559
1145
1160
1560
1146
1161
1561
1147
1162
1562
1148
1163
1563
1149
1164
1564
1150
1165
1565
1151
1166
1566
1152
1167
1567
1153
1168
1568
1154
1169
1569
1155
1170
1570
1156
1171
1571
1157
1172
1572
1173
1573
1159
1174
1574
1160
1175
1575
1161
1176
1576
1162
1177
1577
1163
1178
1578
1164
1179
1579
1165
1180
1580
1166
1181
1581
1167
1182
1582
1168
1183
1583
1169
1184
1584
1170
1185
1585
1171
1186
1586
1172
1187
1587
1173
1188
1588
1189
1589
1175
1190
1590
1176
1191
1591
1177
1192
1592
1178
1193
1593
1179
1194
1594
1180
1195
1595
1181
1196
1596
1182
1197
1597
1183
1198
1598
1184
1199
1599
1185
1200
1600
1186
1201
1601
1187
1202
1602
1188
1203
1603
1189
1204
1604
1205
1605
1191
1206
1606
1192
1207
1607
1193
1208
1608
1194
1209
1609
1195
1210
1610
1196
1211
1611
1197
1212
1612
1198
1213
1613
1199
1214
1614
1200
1215
1615
1201
1216
1616
1202
1217
1617
1203
1218
1618
1204
1219
1619
1205
1220
1620
1221
1621
1207
1222
1622
1208
1223
1623
1209
1224
1624
1210
1225
1625
1211
1226
1626
1212
1227
1627
1213
1228
1628
1214
1229
1629
1215
1230
1630
1216
1231
1631
1217
1232
1632
1218
1233
1633
1219
1234
1634
1220
1235
1635
1221
1236
1636
1237
1637
1223
1238
1638
1224
1239
1639
1225
1240
1640
1226
1241
1641
1227
1242
1642
1228
1243
1643
1229
1244
1644
1230
1245
1645
1231
1246
1646
1232
1247
1647
1233
1248
1648
1234
1249
1649
1235
1250
1650
1236
1251
1651
1237
1252
1652
1253
1653
1239
1654
1240
1655
1241
1656
1242
1657
1243
1658
1244
1659
1245
1660
1246
1661
1247
1662
1248
1663
1249
1664
1250
1665
1251
1666
1252
1667
1253
1668
1669
1255
1271
1256
1272
1257
1273
1258
1274
1670
1259
1275
1671
1276
1672
1261
1277
1673
1262
1278
1674
1263
1279
1675
1264
1280
1676
1265
1281
1677
1266
1282
1678
1267
1283
1679
1268
1284
1680
1269
1285
1681
1270
1286
1682
1271
1287
1683
1272
1288
1684
1273
1289
1685
1274
1290
1686
1275
1291
1687
1276
1292
1688
1293
1689
1278
1294
1690
1279
1295
1691
1280
1296
1692
1281
1297
1693
1282
1298
1694
1283
1299
1695
1284
1300
1696
1285
1301
1697
1286
1302
1698
1287
1303
1699
1288
1304
1700
1289
1305
1701
1290
1306
1702
1291
1307
1703
1292
1308
1704
1293
1309
1705
1310
1706
1295
1311
1707
1296
1312
1708
1297
1313
1709
1298
1314
1710
1299
1315
1711
1300
1316
1712
1301
1317
1713
1302
1318
1714
1303
1319
1715
1304
1320
1716
1305
1321
1717
1306
1322
1718
1307
1323
1719
1308
1324
1720
1309
1325
1721
1310
1326
1722
1327
1723
1312
1328
1724
1313
1329
1725
1314
1330
1726
1315
1331
1727
1316
1332
1728
1317
1333
1729
1318
1334
1730
1319
1335
1731
1320
1336
1732
1321
1337
1733
1322
1338
1734
1323
1339
1735
1324
1340
1736
1325
1341
1737
1326
1342
1738
1327
1343
1739
1344
1740
1329
1345
1741
1330
1346
1742
1331
1347
1743
1332
1348
1744
1333
1349
1745
1334
1350
1746
1335
1351
1747
1336
1352
1748
1337
1353
1749
1338
1354
1750
1339
1355
1751
1340
1356
1752
1341
1357
1753
1342
1358
1754
1343
1359
1755
1344
1360
1756
1361
1757
1346
1362
1758
1347
1363
1759
1348
1364
1760
1349
1365
1761
1350
1366
1762
1351
1367
1763
1352
1368
1764
1353
1369
1765
1354
1370
1766
1355
1371
1767
1356
1372
1768
1357
1373
1769
1358
1374
1770
1359
1375
1771
1360
1376
1772
1361
1377
1773
1378
1774
1363
1379
1775
1364
1380
1776
1365
1381
1777
1366
1382
1778
1367
1383
1779
1368
1384
1780
1369
1385
1781
1370
1386
1782
1371
1387
1783
1372
1388
1784
1373
1389
1785
1374
1390
1786
1375
1391
1787
1376
1392
1788
1377
1393
1789
1378
1394
1790
1395
1791
1380
1396
1792
1381
1397
1793
1382
1398
1794
1383
1399
1795
1384
1400
1796
1385
1401
1797
1386
1402
1798
1387
1403
1799
1388
1404
1800
1389
1405
1801
1390
1406
1802
1391
1407
1803
1392
1408
1804
1393
1409
1805
1394
1410
1806
1395
1411
1807
1412
1808
1397
1413
1809
1398
1414
1810
1399
1415
1811
1400
1416
1812
1401
1417
1813
1402
1418
1814
1403
1419
1815
1404
1420
1816
1405
1421
1817
1406
1422
1818
1407
1423
1819
1408
1424
1820
1409
1425
1821
1410
1426
1822
1411
1427
1823
1412
1428
1824
1429
1825
1414
1826
1415
1430
1827
1416
1431
1828
1417
1432
1829
1418
1433
1830
1419
1434
1831
1420
1435
1832
1421
1436
1833
1422
1437
1834
1423
1438
1835
1424
1439
1836
1425
1440
1837
1426
1441
1838
1427
1442
1839
1428
1443
1840
1429
1444
1841
1445
1842
1431
1446
1844
1432
1447
1845
1433
1448
1846
1434
1449
1847
1435
1450
1848
1436
1451
1849
1437
1452
1850
1438
1453
1851
1439
1454
1852
1440
1455
1853
1441
1456
1854
1442
1457
1855
1443
1458
1856
1444
1459
1857
1445
1460
1858
1461
1859
1447
1462
1860
1448
1463
1861
1449
1464
1862
1450
1465
1863
1451
1466
1864
1452
1467
1865
1453
1468
1866
1454
1469
1867
1455
1470
1868
1456
1471
1869
1457
1472
1870
1458
1473
1871
1459
1474
1872
1460
1475
1873
1461
1476
1874
1477
1875
1463
1478
1876
1464
1479
1877
1465
1480
1878
1466
1481
1879
1467
1482
1880
1468
1483
1881
1469
1484
1882
1470
1485
1883
1471
1486
1884
1472
1487
1885
1473
1488
1886
1474
1489
1887
1475
1490
1888
1476
1491
1889
1477
1492
1890
1493
1891
1479
1494
1892
1480
1495
1893
1481
1496
1894
1482
1497
1895
1483
1498
1896
1484
1499
1897
1485
1500
1898
1486
1501
1899
1487
1502
1900
1488
1503
1901
1489
1504
1902
1490
1505
1903
1491
1506
1904
1492
1507
1905
1493
1508
1906
1509
1907
1495
1510
1908
1496
1511
1909
1497
1512
1910
1498
1513
1911
1499
1514
1912
1500
1515
1913
1501
1516
1914
1502
1517
1915
1503
1518
1916
1504
1519
1917
1505
1520
1918
1506
1521
1919
1507
1522
1920
1508
1523
1921
1509
1524
1922
1525
1923
1511
1526
1924
1512
1527
1925
1513
1528
1926
1514
1529
1927
1515
1530
1928
1516
1531
1929
1517
1532
1930
1518
1533
1931
1519
1534
1932
1520
1535
1933
1521
1536
1934
1522
1537
1935
1523
1538
1936
1524
1539
1937
1525
1540
1938
1541
1939
1527
1542
1940
1528
1543
1941
1529
1544
1942
1530
1545
1943
1531
1546
1944
1532
1547
1945
1533
1548
1946
1534
1549
1947
1535
1550
1948
1536
1551
1949
1537
1552
1950
1538
1553
1951
1539
1554
1952
1540
1555
1953
1541
1556
1954
1557
1955
1543
1558
1956
1544
1559
1957
1545
1560
1958
1546
1561
1959
1547
1562
1960
1548
1563
1961
1549
1564
1962
1550
1565
1963
1551
1566
1964
1552
1567
1965
1553
1568
1966
1554
1569
1967
1555
1570
1968
1556
1571
1969
1557
1572
1970
1573
1971
1559
1574
1972
1560
1575
1973
1561
1576
1974
1562
1577
1975
1563
1578
1976
1564
1579
1977
1565
1580
1978
1566
1581
1979
1567
1582
1980
1568
1583
1981
1569
1584
1982
1570
1585
1983
1571
1586
1984
1572
1587
1985
1573
1588
1986
1589
1987
1575
1590
1988
1576
1591
1989
1577
1592
1990
1578
1593
1991
1579
1594
1992
1580
1595
1993
1581
1596
1994
1582
1597
1995
1583
1598
1996
1584
1599
1997
1585
1600
1998
1586
1601
1999
1587
1602
2000
1588
1603
2001
1589
1604
2002
1605
2003
1591
1606
2004
1592
1607
2005
1593
1608
2006
1594
1609
2007
1595
1610
2008
1596
1611
2009
1597
1612
2010
1598
1613
2011
1599
1614
2012
1600
1615
2013
1601
1616
2014
1602
1617
2015
1603
1618
2016
1604
1619
2017
1605
1620
2018
1621
2019
1607
1622
2020
1608
1623
2021
1609
1624
2022
1610
1625
2023
1611
1626
2024
1612
1627
2025
1613
1628
2026
1614
1629
2027
1615
1630
2028
1616
1631
2029
1617
1632
2030
1618
1633
2031
1619
1634
2032
1620
1635
2033
1621
1636
2034
1637
2035
1623
1638
2036
1624
1639
2037
1625
1640
2038
1626
1641
2039
1627
1642
2040
1628
1643
2041
1629
1644
2042
1630
1645
2043
1631
1646
2044
1632
1647
2045
1633
1648
2046
1634
1649
2047
1635
1650
2048
1636
1651
2049
1637
1652
2050
1653
2051
1639
1654
2052
1640
1655
2053
1641
1656
2054
1642
1657
2055
1643
1658
2056
1644
1659
2057
1645
1660
2058
1646
1661
2059
1647
1662
2060
1648
1663
2061
1649
1664
2062
1650
1665
2063
1651
1666
2064
1652
1667
2065
1653
1668
2066
1669
2067
1655
2068
1656
2069
1657
2070
1658
2071
1659
2072
1660
2073
1661
2074
1662
2075
1663
2076
1664
2077
1665
2078
1666
2079
1667
2080
1668
2081
1669
2082
2083
1671
1687
1672
1688
1689
1674
1690
1675
1691
1676
1692
1677
1693
1678
1694
1679
1695
1680
1696
1681
1697
1682
1698
1683
1699
1684
1700
1685
1701
1686
1702
1687
1703
1688
1704
1689
1705
1706
1691
1707
1692
1708
1693
1709
1694
1710
1695
1711
1696
1712
1697
1713
1698
1714
1699
1715
1700
1716
1701
1717
1702
1718
1703
1719
1704
1720
1705
1721
1706
1722
1723
1708
1724
1709
1725
1710
1726
1711
1727
1712
1728
1713
1729
1714
1730
1715
1731
1716
1732
1717
1733
1718
1734
1719
1735
1720
1736
1721
1737
1722
1738
1723
1739
1740
1725
1741
1726
1742
1727
1743
1728
1744
1729
1745
1730
1746
1731
1747
1732
1748
1733
1749
1734
1750
1735
1751
1736
1752
1737
1753
1738
1754
1739
1755
1740
1756
1757
1742
1758
1743
1759
1744
1760
1745
1761
1746
1762
1747
1763
1748
1764
1749
1765
1750
1766
1751
1767
1752
1768
1753
1769
1754
1770
1755
1771
1756
1772
1757
1773
1774
1759
1775
1760
1776
1761
1777
1762
1778
1763
1779
1764
1780
1765
1781
1766
1782
1767
1783
1768
1784
1769
1785
1770
1786
1771
1787
1772
1788
1773
1789
1774
1790
1791
1776
1792
1777
1793
1778
1794
1779
1795
1780
1796
1781
1797
1782
1798
1783
1799
1784
1800
1785
1801
1786
1802
1787
1803
1788
1804
1789
1805
1790
1806
1791
1807
1808
1793
1809
1794
1810
1795
1811
1796
1812
1797
1813
1798
1814
1799
1815
1800
1816
1801
1817
1802
1818
1803
1819
1804
1820
1805
1821
1806
1822
1807
1823
1808
1824
1825
1810
1826
1811
1827
1812
1828
1813
1829
1814
1830
1815
1831
1816
1832
1817
1833
1818
1834
1819
1835
1820
1836
1821
1837
1822
1838
1823
1839
1824
1840
1825
1841
1842
1827
1843
1828
1844
1829
1845
1830
1846
1831
1847
1832
1848
1833
1849
1834
1850
1835
1851
1836
1852
1837
1853
1838
1854
1839
1855
1840
1856
1841
1857
1842
1858
1859
1844
1845
1860
1846
1861
1847
1862
1848
1863
1849
1864
1850
1865
1851
1866
1852
1867
1853
1868
1854
1869
1855
1870
1856
1871
1857
1872
1858
1873
1859
1874
1875
1861
1876
1862
1877
1863
1878
1864
1879
1865
1880
1866
1881
1867
1882
1868
1883
1869
1884
1870
1885
1871
1886
1872
1887
1873
1888
1874
1889
1875
1890
1891
1877
1892
1878
1893
1879
1894
1880
1895
1881
1896
1882
1897
1883
1898
1884
1899
1885
1900
1886
1901
1887
1902
1888
1903
1889
1904
1890
1905
1891
1906
1907
1893
1908
1894
1909
1895
1910
1896
1911
1897
1912
1898
1913
1899
1914
1900
1915
1901
1916
1902
1917
1903
1918
1904
1919
1905
1920
1906
1921
1907
1922
1923
1909
1924
1910
1925
1911
1926
1912
1927
1913
1928
1914
1929
1915
1930
1916
1931
1917
1932
1918
1933
1919
1934
1920
1935
1921
1936
1922
1937
1923
1938
1939
1925
1940
1926
1941
1927
1942
1928
1943
1929
1944
1930
1945
1931
1946
1932
1947
1933
1948
1934
1949
1935
1950
1936
1951
1937
1952
1938
1953
1939
1954
1955
1941
1956
1942
1957
1943
1958
1944
1959
1945
1960
1946
1961
1947
1962
1948
1963
1949
1964
1950
1965
1951
1966
1952
1967
1953
1968
1954
1969
1955
1970
1971
1957
1972
1958
1973
1959
1974
1960
1975
1961
1976
1962
1977
1963
1978
1964
1979
1965
1980
1966
1981
1967
1982
1968
1983
1969
1984
1970
1985
1971
1986
1987
1973
1988
1974
1989
1975
1990
1976
1991
1977
1992
1978
1993
1979
1994
1980
1995
1981
1996
1982
1997
1983
1998
1984
1999
1985
2000
1986
2001
1987
2002
2003
1989
2004
1990
2005
1991
2006
1992
2007
1993
2008
1994
2009
1995
2010
1996
2011
1997
2012
1998
2013
1999
2014
2000
2015
2001
2016
2002
2017
2003
2018
2019
2005
2020
2006
2021
2007
2022
2008
2023
2009
2024
2010
2025
2011
2026
2012
2027
2013
2028
2014
2029
2015
2030
2016
2031
2017
2032
2018
2033
2019
2034
2035
2021
2036
2022
2037
2023
2038
2024
2039
2025
2040
2026
2041
2027
2042
2028
2043
2029
2044
2030
2045
2031
2046
2032
2047
2033
2048
2034
2049
2035
2050
2051
2037
2052
2038
2053
2039
2054
2040
2055
2041
2056
2042
2057
2043
2058
2044
2059
2045
2060
2046
2061
2047
2062
2048
2063
2049
2064
2050
2065
2051
2066
2067
2053
2068
2054
2069
2055
2070
2056
2071
2057
2072
2058
2073
2059
2074
2060
2075
2061
2076
2062
2077
2063
2078
2064
2079
2065
2080
2066
2081
2067
2082
2083
2069
2070
2071
2072
2073
2074
2075
2076
2077
2078
2079
2080
2081
2082
2083
)


// ************************************************************************* //
