/*--------------------------------*- C++ -*----------------------------------*\
  =========                 |
  \\      /  F ield         | OpenFOAM: The Open Source CFD Toolbox
   \\    /   O peration     | Website:  https://openfoam.org
    \\  /    A nd           | Version:  10
     \\/     M anipulation  |
\*---------------------------------------------------------------------------*/
FoamFile
{
    format      ascii;
    class       volScalarField;
    location    "10";
    object      nut;
}
// * * * * * * * * * * * * * * * * * * * * * * * * * * * * * * * * * * * * * //

dimensions      [0 2 -1 0 0 0 0];

internalField   nonuniform List<scalar> 
2084
(
0.267896
0.267894
0.267894
0.267894
0.267894
0.267894
0.267894
0.267894
0.267894
0.267894
0.267894
0.267894
0.267894
0.267894
0.267897
0.268861
0.27088
0.267911
0.26791
0.26791
0.26791
0.26791
0.26791
0.26791
0.26791
0.26791
0.26791
0.26791
0.26791
0.26791
0.26791
0.267912
0.268872
0.270886
0.267911
0.26791
0.26791
0.26791
0.26791
0.26791
0.26791
0.26791
0.26791
0.26791
0.26791
0.26791
0.26791
0.26791
0.267912
0.268872
0.270886
0.267911
0.26791
0.26791
0.26791
0.26791
0.26791
0.26791
0.26791
0.26791
0.26791
0.26791
0.26791
0.26791
0.26791
0.267912
0.268872
0.270886
0.267911
0.26791
0.26791
0.26791
0.26791
0.26791
0.26791
0.26791
0.26791
0.26791
0.26791
0.26791
0.26791
0.26791
0.267912
0.268872
0.270886
0.267911
0.26791
0.26791
0.26791
0.26791
0.26791
0.26791
0.26791
0.26791
0.26791
0.26791
0.26791
0.26791
0.26791
0.267912
0.268872
0.270886
0.267911
0.26791
0.26791
0.26791
0.26791
0.26791
0.26791
0.26791
0.26791
0.26791
0.26791
0.26791
0.26791
0.26791
0.267912
0.268872
0.270886
0.267911
0.26791
0.26791
0.26791
0.26791
0.26791
0.26791
0.26791
0.26791
0.26791
0.26791
0.26791
0.26791
0.26791
0.267912
0.268872
0.270886
0.267911
0.26791
0.26791
0.26791
0.26791
0.26791
0.26791
0.26791
0.26791
0.26791
0.26791
0.26791
0.26791
0.26791
0.267912
0.268872
0.270886
0.267911
0.26791
0.26791
0.26791
0.26791
0.26791
0.26791
0.26791
0.26791
0.26791
0.26791
0.26791
0.26791
0.26791
0.267912
0.268872
0.270886
0.267911
0.26791
0.26791
0.26791
0.26791
0.26791
0.26791
0.26791
0.26791
0.26791
0.26791
0.26791
0.26791
0.26791
0.267912
0.268872
0.270886
0.267911
0.26791
0.26791
0.26791
0.26791
0.26791
0.26791
0.26791
0.26791
0.26791
0.26791
0.26791
0.26791
0.26791
0.267912
0.268872
0.270886
0.267911
0.26791
0.26791
0.26791
0.26791
0.26791
0.26791
0.26791
0.26791
0.26791
0.26791
0.26791
0.26791
0.26791
0.267912
0.268872
0.270886
0.267911
0.26791
0.26791
0.26791
0.26791
0.26791
0.26791
0.26791
0.26791
0.26791
0.26791
0.26791
0.26791
0.26791
0.267912
0.268872
0.270886
0.267911
0.26791
0.26791
0.26791
0.26791
0.26791
0.26791
0.26791
0.26791
0.26791
0.26791
0.26791
0.26791
0.26791
0.267912
0.268872
0.270886
0.267911
0.26791
0.26791
0.26791
0.26791
0.26791
0.26791
0.26791
0.26791
0.26791
0.26791
0.26791
0.26791
0.26791
0.267912
0.268872
0.270886
0.267911
0.26791
0.26791
0.26791
0.26791
0.26791
0.26791
0.26791
0.26791
0.26791
0.26791
0.26791
0.26791
0.26791
0.267912
0.268872
0.270886
0.267911
0.26791
0.26791
0.26791
0.26791
0.26791
0.26791
0.26791
0.26791
0.26791
0.26791
0.26791
0.26791
0.26791
0.267912
0.268872
0.270886
0.267911
0.26791
0.26791
0.26791
0.26791
0.26791
0.26791
0.26791
0.26791
0.26791
0.26791
0.26791
0.26791
0.26791
0.267912
0.268872
0.270886
0.267911
0.26791
0.26791
0.26791
0.26791
0.26791
0.26791
0.26791
0.26791
0.26791
0.26791
0.26791
0.26791
0.26791
0.267912
0.268872
0.270886
0.267911
0.26791
0.26791
0.26791
0.26791
0.26791
0.26791
0.26791
0.26791
0.26791
0.26791
0.26791
0.26791
0.26791
0.267912
0.268872
0.270886
0.267911
0.26791
0.26791
0.26791
0.26791
0.26791
0.26791
0.26791
0.26791
0.26791
0.26791
0.26791
0.26791
0.26791
0.267912
0.268872
0.270886
0.267911
0.26791
0.26791
0.26791
0.26791
0.26791
0.26791
0.26791
0.26791
0.26791
0.26791
0.26791
0.26791
0.26791
0.267912
0.268872
0.270886
0.267911
0.26791
0.26791
0.26791
0.26791
0.26791
0.26791
0.26791
0.26791
0.26791
0.26791
0.26791
0.26791
0.26791
0.267912
0.268872
0.270886
0.267911
0.26791
0.267912
0.267914
0.134694
0.134694
0.134694
0.134694
0.134694
0.134694
0.134694
0.134694
0.134694
0.134694
0.134694
0.134694
0.134694
0.134689
0.134667
0.13465
0.134672
0.134696
0.134696
0.134696
0.134696
0.134696
0.134696
0.134696
0.134696
0.134696
0.134696
0.134696
0.134696
0.134696
0.134691
0.134669
0.134651
0.134673
0.134696
0.134696
0.134696
0.134696
0.134696
0.134696
0.134696
0.134696
0.134696
0.134696
0.134696
0.134696
0.134696
0.134691
0.134669
0.134651
0.134673
0.134696
0.134696
0.134696
0.134696
0.134696
0.134696
0.134696
0.134696
0.134696
0.134696
0.134696
0.134696
0.134696
0.134691
0.134669
0.134651
0.134673
0.134696
0.134696
0.134696
0.134696
0.134696
0.134696
0.134696
0.134696
0.134696
0.134696
0.134696
0.134696
0.134696
0.134691
0.134669
0.134651
0.134673
0.134696
0.134696
0.134696
0.134696
0.134696
0.134696
0.134696
0.134696
0.134696
0.134696
0.134696
0.134696
0.134696
0.134691
0.134669
0.134651
0.134673
0.134696
0.134696
0.134696
0.134696
0.134696
0.134696
0.134696
0.134696
0.134696
0.134696
0.134696
0.134696
0.134696
0.134691
0.134669
0.134651
0.134673
0.134696
0.134696
0.134696
0.134696
0.134696
0.134696
0.134696
0.134696
0.134696
0.134696
0.134696
0.134696
0.134696
0.134691
0.134669
0.134651
0.134673
0.134696
0.134696
0.134696
0.134696
0.134696
0.134696
0.134696
0.134696
0.134696
0.134696
0.134696
0.134696
0.134696
0.134691
0.134669
0.134651
0.134673
0.134696
0.134696
0.134696
0.134696
0.134696
0.134696
0.134696
0.134696
0.134696
0.134696
0.134696
0.134696
0.134696
0.134691
0.134669
0.134651
0.134673
0.134696
0.134696
0.134696
0.134696
0.134696
0.134696
0.134696
0.134696
0.134696
0.134696
0.134696
0.134696
0.134696
0.134691
0.134669
0.134651
0.134673
0.134696
0.134696
0.134696
0.134696
0.134696
0.134696
0.134696
0.134696
0.134696
0.134696
0.134696
0.134696
0.134696
0.134691
0.134669
0.134651
0.134673
0.134696
0.134696
0.134696
0.134696
0.134696
0.134696
0.134696
0.134696
0.134696
0.134696
0.134696
0.134696
0.134696
0.134691
0.134669
0.134651
0.134673
0.134696
0.134696
0.134696
0.134696
0.134696
0.134696
0.134696
0.134696
0.134696
0.134696
0.134696
0.134696
0.134696
0.134691
0.134669
0.134651
0.134673
0.134696
0.134696
0.134696
0.134696
0.134696
0.134696
0.134696
0.134696
0.134696
0.134696
0.134696
0.134696
0.134696
0.134691
0.134669
0.134651
0.134673
0.134696
0.134696
0.134696
0.134696
0.134696
0.134696
0.134696
0.134696
0.134696
0.134696
0.134696
0.134696
0.134696
0.134691
0.134669
0.134651
0.134673
0.134696
0.134696
0.134696
0.134696
0.134696
0.134696
0.134696
0.134696
0.134696
0.134696
0.134696
0.134696
0.134696
0.134691
0.134669
0.134651
0.134673
0.134696
0.134696
0.134696
0.134696
0.134696
0.134696
0.134696
0.134696
0.134696
0.134696
0.134696
0.134696
0.134696
0.134691
0.134669
0.134651
0.134673
0.134696
0.134696
0.134696
0.134696
0.134696
0.134696
0.134696
0.134696
0.134696
0.134696
0.134696
0.134696
0.134696
0.134691
0.134669
0.134651
0.134673
0.134696
0.134696
0.134696
0.134696
0.134696
0.134696
0.134696
0.134696
0.134696
0.134696
0.134696
0.134696
0.134696
0.134691
0.134669
0.134651
0.134673
0.134696
0.134696
0.134696
0.134696
0.134696
0.134696
0.134696
0.134696
0.134696
0.134696
0.134696
0.134696
0.134696
0.134691
0.134669
0.134651
0.134673
0.134696
0.134696
0.134696
0.134696
0.134696
0.134696
0.134696
0.134696
0.134696
0.134696
0.134696
0.134696
0.134696
0.134691
0.134669
0.134651
0.134673
0.134696
0.134696
0.134696
0.134696
0.134696
0.134696
0.134696
0.134696
0.134696
0.134696
0.134696
0.134696
0.134696
0.134691
0.134669
0.134651
0.134673
0.134696
0.134696
0.134696
0.134696
0.134696
0.134696
0.134696
0.134696
0.134696
0.134696
0.134696
0.134696
0.134696
0.134691
0.134669
0.134651
0.134673
0.134696
0.134696
0.134697
0.134697
0.134698
0.134697
0.134623
0.134623
0.134623
0.134623
0.134623
0.134623
0.134623
0.134623
0.134623
0.134623
0.134623
0.134623
0.134623
0.134618
0.134596
0.134589
0.134631
0.134626
0.134625
0.134625
0.134625
0.134625
0.134625
0.134625
0.134625
0.134625
0.134625
0.134625
0.134625
0.134625
0.13462
0.134598
0.134591
0.134632
0.134626
0.134625
0.134625
0.134625
0.134625
0.134625
0.134625
0.134625
0.134625
0.134625
0.134625
0.134625
0.134625
0.13462
0.134598
0.134591
0.134632
0.134626
0.134625
0.134625
0.134625
0.134625
0.134625
0.134625
0.134625
0.134625
0.134625
0.134625
0.134625
0.134625
0.13462
0.134598
0.134591
0.134632
0.134626
0.134625
0.134625
0.134625
0.134625
0.134625
0.134625
0.134625
0.134625
0.134625
0.134625
0.134625
0.134625
0.13462
0.134598
0.134591
0.134632
0.134626
0.134625
0.134625
0.134625
0.134625
0.134625
0.134625
0.134625
0.134625
0.134625
0.134625
0.134625
0.134625
0.13462
0.134598
0.134591
0.134632
0.134626
0.134625
0.134625
0.134625
0.134625
0.134625
0.134625
0.134625
0.134625
0.134625
0.134625
0.134625
0.134625
0.13462
0.134598
0.134591
0.134632
0.134626
0.134625
0.134625
0.134625
0.134625
0.134625
0.134625
0.134625
0.134625
0.134625
0.134625
0.134625
0.134625
0.13462
0.134598
0.134591
0.134632
0.134626
0.134625
0.134625
0.134625
0.134625
0.134625
0.134625
0.134625
0.134625
0.134625
0.134625
0.134625
0.134625
0.13462
0.134598
0.134591
0.134632
0.134626
0.134625
0.134625
0.134625
0.134625
0.134625
0.134625
0.134625
0.134625
0.134625
0.134625
0.134625
0.134625
0.13462
0.134598
0.134591
0.134632
0.134626
0.134625
0.134625
0.134625
0.134625
0.134625
0.134625
0.134625
0.134625
0.134625
0.134625
0.134625
0.134625
0.13462
0.134598
0.134591
0.134632
0.134626
0.134625
0.134625
0.134625
0.134625
0.134625
0.134625
0.134625
0.134625
0.134625
0.134625
0.134625
0.134625
0.13462
0.134598
0.134591
0.134632
0.134626
0.134625
0.134625
0.134625
0.134625
0.134625
0.134625
0.134625
0.134625
0.134625
0.134625
0.134625
0.134625
0.13462
0.134598
0.134591
0.134632
0.134626
0.134625
0.134625
0.134625
0.134625
0.134625
0.134625
0.134625
0.134625
0.134625
0.134625
0.134625
0.134625
0.13462
0.134598
0.134591
0.134632
0.134626
0.134625
0.134625
0.134625
0.134625
0.134625
0.134625
0.134625
0.134625
0.134625
0.134625
0.134625
0.134625
0.13462
0.134598
0.134591
0.134632
0.134626
0.134625
0.134625
0.134625
0.134625
0.134625
0.134625
0.134625
0.134625
0.134625
0.134625
0.134625
0.134625
0.13462
0.134598
0.134591
0.134632
0.134626
0.134625
0.134625
0.134625
0.134625
0.134625
0.134625
0.134625
0.134625
0.134625
0.134625
0.134625
0.134625
0.13462
0.134598
0.134591
0.134632
0.134626
0.134625
0.134625
0.134625
0.134625
0.134625
0.134625
0.134625
0.134625
0.134625
0.134625
0.134625
0.134625
0.13462
0.134598
0.134591
0.134632
0.134626
0.134625
0.134625
0.134625
0.134625
0.134625
0.134625
0.134625
0.134625
0.134625
0.134625
0.134625
0.134625
0.13462
0.134598
0.134591
0.134632
0.134626
0.134625
0.134625
0.134625
0.134625
0.134625
0.134625
0.134625
0.134625
0.134625
0.134625
0.134625
0.134625
0.13462
0.134598
0.134591
0.134632
0.134626
0.134625
0.134625
0.134625
0.134625
0.134625
0.134625
0.134625
0.134625
0.134625
0.134625
0.134625
0.134625
0.13462
0.134598
0.134591
0.134632
0.134626
0.134625
0.134625
0.134625
0.134625
0.134625
0.134625
0.134625
0.134625
0.134625
0.134625
0.134625
0.134625
0.13462
0.134598
0.134591
0.134632
0.134626
0.134625
0.134625
0.134625
0.134625
0.134625
0.134625
0.134625
0.134625
0.134625
0.134625
0.134625
0.134625
0.13462
0.134598
0.134591
0.134632
0.134626
0.134625
0.134625
0.134625
0.134625
0.134625
0.134625
0.134625
0.134625
0.134625
0.134625
0.134625
0.134625
0.13462
0.134598
0.134591
0.134632
0.134626
0.134625
0.134625
0.134625
0.134625
0.134626
0.134626
0.134626
0.134626
0.13461
0.13461
0.13461
0.13461
0.13461
0.13461
0.13461
0.13461
0.13461
0.13461
0.13461
0.13461
0.13461
0.134605
0.134583
0.134577
0.134623
0.134612
0.134612
0.134612
0.134612
0.134612
0.134612
0.134612
0.134612
0.134612
0.134612
0.134612
0.134612
0.134612
0.134607
0.134585
0.134579
0.134624
0.134612
0.134612
0.134612
0.134612
0.134612
0.134612
0.134612
0.134612
0.134612
0.134612
0.134612
0.134612
0.134612
0.134607
0.134585
0.134579
0.134624
0.134612
0.134612
0.134612
0.134612
0.134612
0.134612
0.134612
0.134612
0.134612
0.134612
0.134612
0.134612
0.134612
0.134607
0.134585
0.134579
0.134624
0.134612
0.134612
0.134612
0.134612
0.134612
0.134612
0.134612
0.134612
0.134612
0.134612
0.134612
0.134612
0.134612
0.134607
0.134585
0.134579
0.134624
0.134612
0.134612
0.134612
0.134612
0.134612
0.134612
0.134612
0.134612
0.134612
0.134612
0.134612
0.134612
0.134612
0.134607
0.134585
0.134579
0.134624
0.134612
0.134612
0.134612
0.134612
0.134612
0.134612
0.134612
0.134612
0.134612
0.134612
0.134612
0.134612
0.134612
0.134607
0.134585
0.134579
0.134624
0.134612
0.134612
0.134612
0.134612
0.134612
0.134612
0.134612
0.134612
0.134612
0.134612
0.134612
0.134612
0.134612
0.134607
0.134585
0.134579
0.134624
0.134612
0.134612
0.134612
0.134612
0.134612
0.134612
0.134612
0.134612
0.134612
0.134612
0.134612
0.134612
0.134612
0.134607
0.134585
0.134579
0.134624
0.134612
0.134612
0.134612
0.134612
0.134612
0.134612
0.134612
0.134612
0.134612
0.134612
0.134612
0.134612
0.134612
0.134607
0.134585
0.134579
0.134624
0.134612
0.134612
0.134612
0.134612
0.134612
0.134612
0.134612
0.134612
0.134612
0.134612
0.134612
0.134612
0.134612
0.134607
0.134585
0.134579
0.134624
0.134612
0.134612
0.134612
0.134612
0.134612
0.134612
0.134612
0.134612
0.134612
0.134612
0.134612
0.134612
0.134612
0.134607
0.134585
0.134579
0.134624
0.134612
0.134612
0.134612
0.134612
0.134612
0.134612
0.134612
0.134612
0.134612
0.134612
0.134612
0.134612
0.134612
0.134607
0.134585
0.134579
0.134624
0.134612
0.134612
0.134612
0.134612
0.134612
0.134612
0.134612
0.134612
0.134612
0.134612
0.134612
0.134612
0.134612
0.134607
0.134585
0.134579
0.134624
0.134612
0.134612
0.134612
0.134612
0.134612
0.134612
0.134612
0.134612
0.134612
0.134612
0.134612
0.134612
0.134612
0.134607
0.134585
0.134579
0.134624
0.134612
0.134612
0.134612
0.134612
0.134612
0.134612
0.134612
0.134612
0.134612
0.134612
0.134612
0.134612
0.134612
0.134607
0.134585
0.134579
0.134624
0.134612
0.134612
0.134612
0.134612
0.134612
0.134612
0.134612
0.134612
0.134612
0.134612
0.134612
0.134612
0.134612
0.134607
0.134585
0.134579
0.134624
0.134612
0.134612
0.134612
0.134612
0.134612
0.134612
0.134612
0.134612
0.134612
0.134612
0.134612
0.134612
0.134612
0.134607
0.134585
0.134579
0.134624
0.134612
0.134612
0.134612
0.134612
0.134612
0.134612
0.134612
0.134612
0.134612
0.134612
0.134612
0.134612
0.134612
0.134607
0.134585
0.134579
0.134624
0.134612
0.134612
0.134612
0.134612
0.134612
0.134612
0.134612
0.134612
0.134612
0.134612
0.134612
0.134612
0.134612
0.134607
0.134585
0.134579
0.134624
0.134612
0.134612
0.134612
0.134612
0.134612
0.134612
0.134612
0.134612
0.134612
0.134612
0.134612
0.134612
0.134612
0.134607
0.134585
0.134579
0.134624
0.134612
0.134612
0.134612
0.134612
0.134612
0.134612
0.134612
0.134612
0.134612
0.134612
0.134612
0.134612
0.134612
0.134607
0.134585
0.134579
0.134624
0.134612
0.134612
0.134612
0.134612
0.134612
0.134612
0.134612
0.134612
0.134612
0.134612
0.134612
0.134612
0.134612
0.134607
0.134585
0.134579
0.134624
0.134612
0.134612
0.134612
0.134612
0.134612
0.134612
0.134612
0.134612
0.134612
0.134612
0.134612
0.134612
0.134612
0.134607
0.134585
0.134579
0.134624
0.134612
0.134612
0.134612
0.134612
0.134612
0.134612
0.134612
0.134612
0.134612
0.134613
0.134613
0.134051
0.134051
0.134051
0.134051
0.134051
0.134051
0.134051
0.134051
0.134051
0.134051
0.134051
0.134051
0.134051
0.134046
0.134026
0.134092
0.134295
0.134058
0.134057
0.134057
0.134057
0.134057
0.134057
0.134057
0.134057
0.134057
0.134057
0.134057
0.134057
0.134057
0.134052
0.134033
0.134097
0.134298
0.134058
0.134057
0.134057
0.134057
0.134057
0.134057
0.134057
0.134057
0.134057
0.134057
0.134057
0.134057
0.134057
0.134052
0.134033
0.134097
0.134298
0.134058
0.134057
0.134057
0.134057
0.134057
0.134057
0.134057
0.134057
0.134057
0.134057
0.134057
0.134057
0.134057
0.134052
0.134033
0.134097
0.134298
0.134058
0.134057
0.134057
0.134057
0.134057
0.134057
0.134057
0.134057
0.134057
0.134057
0.134057
0.134057
0.134057
0.134052
0.134033
0.134097
0.134298
0.134058
0.134057
0.134057
0.134057
0.134057
0.134057
0.134057
0.134057
0.134057
0.134057
0.134057
0.134057
0.134057
0.134052
0.134033
0.134097
0.134298
0.134058
0.134057
0.134057
0.134057
0.134057
0.134057
0.134057
0.134057
0.134057
0.134057
0.134057
0.134057
0.134057
0.134052
0.134033
0.134097
0.134298
0.134058
0.134057
0.134057
0.134057
0.134057
0.134057
0.134057
0.134057
0.134057
0.134057
0.134057
0.134057
0.134057
0.134052
0.134033
0.134097
0.134298
0.134058
0.134057
0.134057
0.134057
0.134057
0.134057
0.134057
0.134057
0.134057
0.134057
0.134057
0.134057
0.134057
0.134052
0.134033
0.134097
0.134298
0.134058
0.134057
0.134057
0.134057
0.134057
0.134057
0.134057
0.134057
0.134057
0.134057
0.134057
0.134057
0.134057
0.134052
0.134033
0.134097
0.134298
0.134058
0.134057
0.134057
0.134057
0.134057
0.134057
0.134057
0.134057
0.134057
0.134057
0.134057
0.134057
0.134057
0.134052
0.134033
0.134097
0.134298
0.134058
0.134057
0.134057
0.134057
0.134057
0.134057
0.134057
0.134057
0.134057
0.134057
0.134057
0.134057
0.134057
0.134052
0.134033
0.134097
0.134298
0.134058
0.134057
0.134057
0.134057
0.134057
0.134057
0.134057
0.134057
0.134057
0.134057
0.134057
0.134057
0.134057
0.134052
0.134033
0.134097
0.134298
0.134058
0.134057
0.134057
0.134057
0.134057
0.134057
0.134057
0.134057
0.134057
0.134057
0.134057
0.134057
0.134057
0.134052
0.134033
0.134097
0.134298
0.134058
0.134057
0.134057
0.134057
0.134057
0.134057
0.134057
0.134057
0.134057
0.134057
0.134057
0.134057
0.134057
0.134052
0.134033
0.134097
0.134298
0.134058
0.134057
0.134057
0.134057
0.134057
0.134057
0.134057
0.134057
0.134057
0.134057
0.134057
0.134057
0.134057
0.134052
0.134033
0.134097
0.134298
0.134058
0.134057
0.134057
0.134057
0.134057
0.134057
0.134057
0.134057
0.134057
0.134057
0.134057
0.134057
0.134057
0.134052
0.134033
0.134097
0.134298
0.134058
0.134057
0.134057
0.134057
0.134057
0.134057
0.134057
0.134057
0.134057
0.134057
0.134057
0.134057
0.134057
0.134052
0.134033
0.134097
0.134298
0.134058
0.134057
0.134057
0.134057
0.134057
0.134057
0.134057
0.134057
0.134057
0.134057
0.134057
0.134057
0.134057
0.134052
0.134033
0.134097
0.134298
0.134058
0.134057
0.134057
0.134057
0.134057
0.134057
0.134057
0.134057
0.134057
0.134057
0.134057
0.134057
0.134057
0.134052
0.134033
0.134097
0.134298
0.134058
0.134057
0.134057
0.134057
0.134057
0.134057
0.134057
0.134057
0.134057
0.134057
0.134057
0.134057
0.134057
0.134052
0.134033
0.134097
0.134298
0.134058
0.134057
0.134057
0.134057
0.134057
0.134057
0.134057
0.134057
0.134057
0.134057
0.134057
0.134057
0.134057
0.134052
0.134033
0.134097
0.134298
0.134058
0.134057
0.134057
0.134057
0.134057
0.134057
0.134057
0.134057
0.134057
0.134057
0.134057
0.134057
0.134057
0.134052
0.134033
0.134097
0.134298
0.134058
0.134057
0.134057
0.134057
0.134057
0.134057
0.134057
0.134057
0.134057
0.134057
0.134057
0.134057
0.134057
0.134052
0.134033
0.134097
0.134298
0.134058
0.134057
0.134057
0.134057
0.134057
0.134057
0.134057
0.134057
0.134057
0.134057
0.134058
0.134058
0.134059
0.134054
)
;

boundaryField
{
    frontAndBack
    {
        type            calculated;
        value           nonuniform List<scalar> 
85
(
0.267896
0.134694
0.134623
0.13461
0.134051
0.267894
0.134694
0.134623
0.13461
0.134051
0.267894
0.134694
0.134623
0.13461
0.134051
0.267894
0.134694
0.134623
0.13461
0.134051
0.267894
0.134694
0.134623
0.13461
0.134051
0.267894
0.134694
0.134623
0.13461
0.134051
0.267894
0.134694
0.134623
0.13461
0.134051
0.267894
0.134694
0.134623
0.13461
0.134051
0.267894
0.134694
0.134623
0.13461
0.134051
0.267894
0.134694
0.134623
0.13461
0.134051
0.267894
0.134694
0.134623
0.13461
0.134051
0.267894
0.134694
0.134623
0.13461
0.134051
0.267894
0.134694
0.134623
0.13461
0.134051
0.267894
0.134689
0.134618
0.134605
0.134046
0.267897
0.134667
0.134596
0.134583
0.134026
0.268861
0.13465
0.134589
0.134577
0.134092
0.27088
0.134672
0.134631
0.134623
0.134295
)
;
    }
    inlet
    {
        type            calculated;
        value           uniform 0.134831;
    }
    outlet
    {
        type            calculated;
        value           nonuniform List<scalar> 0();
    }
    lowerWall
    {
        type            nutkWallFunction;
        Cmu             0.09;
        kappa           0.41;
        E               9.8;
        value           nonuniform List<scalar> 
412
(
0.0209015
0.020902
0.0209021
0.0209021
0.0209021
0.0209021
0.0209021
0.0209021
0.0209021
0.0209021
0.0209021
0.0209021
0.0209021
0.0209021
0.0209021
0.0209021
0.0209021
0.0209021
0.0209021
0.0209021
0.0209021
0.0209021
0.0209021
0.0209021
0.0209021
0.0209015
0.020902
0.020902
0.020902
0.020902
0.020902
0.020902
0.020902
0.020902
0.020902
0.020902
0.020902
0.020902
0.020902
0.020902
0.020902
0.020902
0.020902
0.020902
0.020902
0.020902
0.020902
0.020902
0.020902
0.020902
0.0209015
0.020902
0.020902
0.020902
0.020902
0.020902
0.020902
0.020902
0.020902
0.020902
0.020902
0.020902
0.020902
0.020902
0.020902
0.020902
0.020902
0.020902
0.020902
0.020902
0.020902
0.020902
0.020902
0.020902
0.0209021
0.0209015
0.020902
0.020902
0.020902
0.020902
0.020902
0.020902
0.020902
0.020902
0.020902
0.020902
0.020902
0.020902
0.020902
0.020902
0.020902
0.020902
0.020902
0.020902
0.020902
0.020902
0.020902
0.020902
0.020902
0.0209021
0.0209015
0.020902
0.020902
0.020902
0.020902
0.020902
0.020902
0.020902
0.020902
0.020902
0.020902
0.020902
0.020902
0.020902
0.020902
0.020902
0.020902
0.020902
0.020902
0.020902
0.020902
0.020902
0.020902
0.020902
0.0209015
0.020902
0.020902
0.020902
0.020902
0.020902
0.020902
0.020902
0.020902
0.020902
0.020902
0.020902
0.020902
0.020902
0.020902
0.020902
0.020902
0.020902
0.020902
0.020902
0.020902
0.020902
0.020902
0.020902
0.0209015
0.020902
0.020902
0.020902
0.020902
0.020902
0.020902
0.020902
0.020902
0.020902
0.020902
0.020902
0.020902
0.020902
0.020902
0.020902
0.020902
0.020902
0.020902
0.020902
0.020902
0.020902
0.020902
0.020902
0.0209015
0.020902
0.020902
0.020902
0.020902
0.020902
0.020902
0.020902
0.020902
0.020902
0.020902
0.020902
0.020902
0.020902
0.020902
0.020902
0.020902
0.020902
0.020902
0.020902
0.020902
0.020902
0.020902
0.020902
0.0209015
0.020902
0.020902
0.020902
0.020902
0.020902
0.020902
0.020902
0.020902
0.020902
0.020902
0.020902
0.020902
0.020902
0.020902
0.020902
0.020902
0.020902
0.020902
0.020902
0.020902
0.020902
0.020902
0.020902
0.0209015
0.020902
0.020902
0.020902
0.020902
0.020902
0.020902
0.020902
0.020902
0.020902
0.020902
0.020902
0.020902
0.020902
0.020902
0.020902
0.020902
0.020902
0.020902
0.020902
0.020902
0.020902
0.020902
0.020902
0.0209015
0.020902
0.020902
0.020902
0.020902
0.020902
0.020902
0.020902
0.020902
0.020902
0.020902
0.020902
0.020902
0.020902
0.020902
0.020902
0.020902
0.020902
0.020902
0.020902
0.020902
0.020902
0.020902
0.020902
0.0209015
0.020902
0.020902
0.020902
0.020902
0.020902
0.020902
0.020902
0.020902
0.020902
0.020902
0.020902
0.020902
0.020902
0.020902
0.020902
0.020902
0.020902
0.020902
0.020902
0.020902
0.020902
0.020902
0.020902
0.0209015
0.020902
0.020902
0.020902
0.020902
0.020902
0.020902
0.020902
0.020902
0.020902
0.020902
0.020902
0.020902
0.020902
0.020902
0.020902
0.020902
0.020902
0.020902
0.020902
0.020902
0.020902
0.020902
0.020902
0.0209015
0.020902
0.020902
0.020902
0.020902
0.020902
0.020902
0.020902
0.020902
0.020902
0.020902
0.020902
0.020902
0.020902
0.020902
0.020902
0.020902
0.020902
0.020902
0.020902
0.020902
0.020902
0.020902
0.020902
0.0209015
0.0209021
0.0209021
0.0209021
0.0209021
0.0209021
0.0209021
0.0209021
0.0209021
0.0209021
0.0209021
0.0209021
0.0209021
0.0209021
0.0209021
0.0209021
0.0209021
0.0209021
0.0209021
0.0209021
0.0209021
0.0209021
0.0209021
0.0209021
0.0209363
0.0209367
0.0209367
0.0209367
0.0209367
0.0209367
0.0209367
0.0209367
0.0209367
0.0209367
0.0209367
0.0209367
0.0209367
0.0209367
0.0209367
0.0209367
0.0209367
0.0209367
0.0209367
0.0209367
0.0209367
0.0209367
0.0209367
0.0209367
0.0210087
0.0210089
0.0210089
0.0210089
0.0210089
0.0210089
0.0210089
0.0210089
0.0210089
0.0210089
0.0210089
0.0210089
0.0210089
0.0210089
0.0210089
0.0210089
0.0210089
0.0210089
0.0210089
0.0210089
0.0210089
0.0210089
0.0210089
0.0210089
)
;
    }
    upperWall
    {
        type            calculated;
        value           nonuniform List<scalar> 
422
(
0.134051
0.134058
0.134058
0.134058
0.134058
0.134058
0.134058
0.134058
0.134058
0.134058
0.134058
0.134058
0.134058
0.134058
0.134058
0.134058
0.134058
0.134058
0.134058
0.134058
0.134058
0.134058
0.134058
0.134058
0.134058
0.134051
0.134057
0.134057
0.134057
0.134057
0.134057
0.134057
0.134057
0.134057
0.134057
0.134057
0.134057
0.134057
0.134057
0.134057
0.134057
0.134057
0.134057
0.134057
0.134057
0.134057
0.134057
0.134057
0.134057
0.134057
0.134051
0.134057
0.134057
0.134057
0.134057
0.134057
0.134057
0.134057
0.134057
0.134057
0.134057
0.134057
0.134057
0.134057
0.134057
0.134057
0.134057
0.134057
0.134057
0.134057
0.134057
0.134057
0.134057
0.134057
0.134057
0.134051
0.134057
0.134057
0.134057
0.134057
0.134057
0.134057
0.134057
0.134057
0.134057
0.134057
0.134057
0.134057
0.134057
0.134057
0.134057
0.134057
0.134057
0.134057
0.134057
0.134057
0.134057
0.134057
0.134057
0.134057
0.134051
0.134057
0.134057
0.134057
0.134057
0.134057
0.134057
0.134057
0.134057
0.134057
0.134057
0.134057
0.134057
0.134057
0.134057
0.134057
0.134057
0.134057
0.134057
0.134057
0.134057
0.134057
0.134057
0.134057
0.134057
0.134051
0.134057
0.134057
0.134057
0.134057
0.134057
0.134057
0.134057
0.134057
0.134057
0.134057
0.134057
0.134057
0.134057
0.134057
0.134057
0.134057
0.134057
0.134057
0.134057
0.134057
0.134057
0.134057
0.134057
0.134057
0.134051
0.134057
0.134057
0.134057
0.134057
0.134057
0.134057
0.134057
0.134057
0.134057
0.134057
0.134057
0.134057
0.134057
0.134057
0.134057
0.134057
0.134057
0.134057
0.134057
0.134057
0.134057
0.134057
0.134057
0.134057
0.134051
0.134057
0.134057
0.134057
0.134057
0.134057
0.134057
0.134057
0.134057
0.134057
0.134057
0.134057
0.134057
0.134057
0.134057
0.134057
0.134057
0.134057
0.134057
0.134057
0.134057
0.134057
0.134057
0.134057
0.134057
0.134051
0.134057
0.134057
0.134057
0.134057
0.134057
0.134057
0.134057
0.134057
0.134057
0.134057
0.134057
0.134057
0.134057
0.134057
0.134057
0.134057
0.134057
0.134057
0.134057
0.134057
0.134057
0.134057
0.134057
0.134057
0.134051
0.134057
0.134057
0.134057
0.134057
0.134057
0.134057
0.134057
0.134057
0.134057
0.134057
0.134057
0.134057
0.134057
0.134057
0.134057
0.134057
0.134057
0.134057
0.134057
0.134057
0.134057
0.134057
0.134057
0.134057
0.134051
0.134057
0.134057
0.134057
0.134057
0.134057
0.134057
0.134057
0.134057
0.134057
0.134057
0.134057
0.134057
0.134057
0.134057
0.134057
0.134057
0.134057
0.134057
0.134057
0.134057
0.134057
0.134057
0.134057
0.134058
0.134051
0.134057
0.134057
0.134057
0.134057
0.134057
0.134057
0.134057
0.134057
0.134057
0.134057
0.134057
0.134057
0.134057
0.134057
0.134057
0.134057
0.134057
0.134057
0.134057
0.134057
0.134057
0.134057
0.134057
0.134058
0.134051
0.134057
0.134057
0.134057
0.134057
0.134057
0.134057
0.134057
0.134057
0.134057
0.134057
0.134057
0.134057
0.134057
0.134057
0.134057
0.134057
0.134057
0.134057
0.134057
0.134057
0.134057
0.134057
0.134057
0.134059
0.134046
0.134052
0.134052
0.134052
0.134052
0.134052
0.134052
0.134052
0.134052
0.134052
0.134052
0.134052
0.134052
0.134052
0.134052
0.134052
0.134052
0.134052
0.134052
0.134052
0.134052
0.134052
0.134052
0.134052
0.134054
0.134026
0.134033
0.134033
0.134033
0.134033
0.134033
0.134033
0.134033
0.134033
0.134033
0.134033
0.134033
0.134033
0.134033
0.134033
0.134033
0.134033
0.134033
0.134033
0.134033
0.134033
0.134033
0.134033
0.134033
0.134092
0.134097
0.134097
0.134097
0.134097
0.134097
0.134097
0.134097
0.134097
0.134097
0.134097
0.134097
0.134097
0.134097
0.134097
0.134097
0.134097
0.134097
0.134097
0.134097
0.134097
0.134097
0.134097
0.134097
0.134295
0.134298
0.134298
0.134298
0.134298
0.134298
0.134298
0.134298
0.134298
0.134298
0.134298
0.134298
0.134298
0.134298
0.134298
0.134298
0.134298
0.134298
0.134298
0.134298
0.134298
0.134298
0.134298
0.134298
)
;
    }
    procBoundary2to1
    {
        type            processor;
        value           nonuniform List<scalar> 
124
(
0.267896
0.267911
0.267911
0.267911
0.267911
0.267911
0.267911
0.267911
0.267911
0.267911
0.267911
0.267911
0.267911
0.267911
0.267911
0.267911
0.267911
0.267911
0.267911
0.267911
0.267911
0.267911
0.267911
0.267911
0.134694
0.134696
0.134696
0.134696
0.134696
0.134696
0.134696
0.134696
0.134696
0.134696
0.134696
0.134696
0.134696
0.134696
0.134696
0.134696
0.134696
0.134696
0.134696
0.134696
0.134696
0.134696
0.134696
0.134696
0.134697
0.134623
0.134626
0.134626
0.134626
0.134626
0.134626
0.134626
0.134626
0.134626
0.134626
0.134626
0.134626
0.134626
0.134626
0.134626
0.134626
0.134626
0.134626
0.134626
0.134626
0.134626
0.134626
0.134626
0.134626
0.134626
0.13461
0.134612
0.134612
0.134612
0.134612
0.134612
0.134612
0.134612
0.134612
0.134612
0.134612
0.134612
0.134612
0.134612
0.134612
0.134612
0.134612
0.134612
0.134612
0.134612
0.134612
0.134612
0.134612
0.134612
0.134612
0.134051
0.134058
0.134058
0.134058
0.134058
0.134058
0.134058
0.134058
0.134058
0.134058
0.134058
0.134058
0.134058
0.134058
0.134058
0.134058
0.134058
0.134058
0.134058
0.134058
0.134058
0.134058
0.134058
0.134058
0.134058
)
;
    }
    procBoundary2to4
    {
        type            processor;
        value           uniform 0.267914;
    }
    procBoundary2to5
    {
        type            processor;
        value           nonuniform List<scalar> 
100
(
0.267915
0.267914
0.267914
0.267914
0.267914
0.267914
0.267914
0.267914
0.267914
0.267914
0.267916
0.268872
0.270886
0.267915
0.267914
0.267912
0.267915
0.267911
0.267915
0.267914
0.134697
0.134697
0.134697
0.134697
0.134697
0.134697
0.134697
0.134691
0.13467
0.134651
0.134673
0.134697
0.134697
0.134697
0.134697
0.134697
0.134697
0.134696
0.134697
0.134697
0.134697
0.134626
0.134626
0.134626
0.134626
0.134621
0.134599
0.134591
0.134632
0.134626
0.134626
0.134626
0.134626
0.134626
0.134626
0.134626
0.134626
0.134626
0.134626
0.134626
0.134626
0.134613
0.134613
0.134608
0.134586
0.134579
0.134624
0.134613
0.134613
0.134613
0.134613
0.134613
0.134613
0.134613
0.134613
0.134613
0.134613
0.134613
0.134612
0.134613
0.134613
0.134608
0.134035
0.134097
0.134298
0.134059
0.134059
0.134059
0.134059
0.134059
0.134059
0.134059
0.134059
0.134059
0.134059
0.134059
0.134059
0.134058
0.134035
0.134053
)
;
    }
}


// ************************************************************************* //
