/*--------------------------------*- C++ -*----------------------------------*\
  =========                 |
  \\      /  F ield         | OpenFOAM: The Open Source CFD Toolbox
   \\    /   O peration     | Website:  https://openfoam.org
    \\  /    A nd           | Version:  10
     \\/     M anipulation  |
\*---------------------------------------------------------------------------*/
FoamFile
{
    format      ascii;
    class       volScalarField;
    location    "10";
    object      p;
}
// * * * * * * * * * * * * * * * * * * * * * * * * * * * * * * * * * * * * * //

dimensions      [0 2 -2 0 0 0 0];

internalField   nonuniform List<scalar> 
2084
(
-7.2897e-05
-7.11966e-05
-6.94492e-05
-6.76733e-05
-6.5893e-05
-6.41259e-05
-6.23885e-05
-6.06981e-05
-5.90736e-05
-5.75367e-05
-5.61125e-05
-5.48299e-05
-5.37215e-05
-5.28251e-05
-5.21835e-05
-5.18459e-05
-5.18867e-05
-7.21774e-05
-7.0504e-05
-6.87772e-05
-6.70217e-05
-6.52606e-05
-6.35116e-05
-6.17915e-05
-6.01174e-05
-5.85082e-05
-5.69858e-05
-5.55751e-05
-5.43047e-05
-5.32071e-05
-5.23196e-05
-5.1684e-05
-5.13496e-05
-5.13908e-05
-7.08089e-05
-6.9175e-05
-6.74833e-05
-6.57633e-05
-6.4036e-05
-6.23198e-05
-6.06311e-05
-5.8987e-05
-5.74065e-05
-5.59111e-05
-5.45254e-05
-5.32776e-05
-5.21997e-05
-5.1328e-05
-5.07036e-05
-5.0374e-05
-5.04086e-05
-6.87857e-05
-6.71968e-05
-6.5554e-05
-6.38824e-05
-6.22027e-05
-6.05329e-05
-5.88893e-05
-5.7289e-05
-5.57504e-05
-5.42947e-05
-5.29462e-05
-5.17322e-05
-5.06838e-05
-4.98363e-05
-4.92291e-05
-4.89086e-05
-4.89407e-05
-6.61442e-05
-6.46106e-05
-6.30272e-05
-6.14141e-05
-5.97927e-05
-5.81806e-05
-5.65938e-05
-5.50487e-05
-5.35636e-05
-5.21589e-05
-5.08582e-05
-4.96878e-05
-4.86777e-05
-4.78616e-05
-4.72777e-05
-4.6969e-05
-4.69976e-05
-6.29334e-05
-6.14669e-05
-5.99479e-05
-5.84004e-05
-5.68453e-05
-5.52996e-05
-5.37787e-05
-5.22984e-05
-5.08763e-05
-4.95321e-05
-4.82882e-05
-4.71698e-05
-4.62055e-05
-4.54271e-05
-4.48703e-05
-4.45764e-05
-4.46031e-05
-5.92198e-05
-5.78179e-05
-5.63659e-05
-5.48891e-05
-5.34061e-05
-5.19332e-05
-5.0485e-05
-4.90768e-05
-4.7725e-05
-4.64484e-05
-4.52683e-05
-4.42085e-05
-4.32957e-05
-4.25597e-05
-4.20342e-05
-4.17563e-05
-4.17784e-05
-5.50574e-05
-5.37144e-05
-5.23318e-05
-5.09285e-05
-4.95214e-05
-4.81256e-05
-4.6755e-05
-4.54238e-05
-4.41476e-05
-4.2944e-05
-4.18329e-05
-4.08363e-05
-3.99792e-05
-3.92892e-05
-3.87967e-05
-3.85369e-05
-3.85565e-05
-5.04918e-05
-4.92112e-05
-4.79001e-05
-4.65721e-05
-4.52431e-05
-4.39269e-05
-4.26366e-05
-4.13853e-05
-4.01877e-05
-3.90601e-05
-3.80207e-05
-3.709e-05
-3.62906e-05
-3.56481e-05
-3.51906e-05
-3.49487e-05
-3.49632e-05
-4.55713e-05
-4.43623e-05
-4.31239e-05
-4.18725e-05
-4.0623e-05
-3.93878e-05
-3.8179e-05
-3.70087e-05
-3.58905e-05
-3.48394e-05
-3.3872e-05
-3.30071e-05
-3.22654e-05
-3.16702e-05
-3.12467e-05
-3.10235e-05
-3.10355e-05
-4.03682e-05
-3.92274e-05
-3.80629e-05
-3.689e-05
-3.5721e-05
-3.4567e-05
-3.34391e-05
-3.23486e-05
-3.13078e-05
-3.03305e-05
-2.94319e-05
-2.86292e-05
-2.79415e-05
-2.73904e-05
-2.69993e-05
-2.67928e-05
-2.68002e-05
-3.4945e-05
-3.38698e-05
-3.27811e-05
-3.16879e-05
-3.05998e-05
-2.95263e-05
-2.84771e-05
-2.74624e-05
-2.64937e-05
-2.55834e-05
-2.47458e-05
-2.39972e-05
-2.33559e-05
-2.28421e-05
-2.24777e-05
-2.22863e-05
-2.22923e-05
-2.9365e-05
-2.83613e-05
-2.73517e-05
-2.63397e-05
-2.53323e-05
-2.43369e-05
-2.33614e-05
-2.2415e-05
-2.1508e-05
-2.06521e-05
-1.98615e-05
-1.91527e-05
-1.85444e-05
-1.80568e-05
-1.77116e-05
-1.75296e-05
-1.75318e-05
-2.37029e-05
-2.27796e-05
-2.18507e-05
-2.09198e-05
-1.99908e-05
-1.90679e-05
-1.81572e-05
-1.72663e-05
-1.64044e-05
-1.55834e-05
-1.48189e-05
-1.41292e-05
-1.35351e-05
-1.30579e-05
-1.27194e-05
-1.25409e-05
-1.25393e-05
-1.80593e-05
-1.72086e-05
-1.63566e-05
-1.55025e-05
-1.46447e-05
-1.37836e-05
-1.29224e-05
-1.20668e-05
-1.12253e-05
-1.04122e-05
-9.64643e-06
-8.94926e-06
-8.34513e-06
-7.85868e-06
-7.51345e-06
-7.33022e-06
-7.32401e-06
-1.25067e-05
-1.17159e-05
-1.09306e-05
-1.01407e-05
-9.33875e-06
-8.52008e-06
-7.68469e-06
-6.83608e-06
-5.98416e-06
-5.14624e-06
-4.34657e-06
-3.61205e-06
-2.97227e-06
-2.45547e-06
-2.08756e-06
-1.89314e-06
-1.89032e-06
-7.08871e-06
-6.34431e-06
-5.60728e-06
-4.85778e-06
-4.0845e-06
-3.27802e-06
-2.43489e-06
-1.55823e-06
-6.60123e-07
2.37321e-07
1.10374e-06
1.9048e-06
2.60504e-06
3.17246e-06
3.57712e-06
3.79144e-06
3.78857e-06
-1.80655e-06
-1.0888e-06
-3.68623e-07
3.75855e-07
1.15895e-06
1.99346e-06
2.88385e-06
3.82652e-06
4.80712e-06
5.79633e-06
6.75789e-06
7.64884e-06
8.42994e-06
9.06569e-06
9.52157e-06
9.76182e-06
9.74753e-06
3.38059e-06
4.1089e-06
4.85428e-06
5.63851e-06
6.47765e-06
7.38439e-06
8.36275e-06
9.4094e-06
1.05042e-05
1.16119e-05
1.26874e-05
1.36848e-05
1.45629e-05
1.52818e-05
1.57998e-05
1.60737e-05
1.60461e-05
8.5858e-06
9.36525e-06
1.01799e-05
1.10499e-05
1.19891e-05
1.30095e-05
1.4117e-05
1.5302e-05
1.65362e-05
1.77782e-05
1.89796e-05
2.00955e-05
2.10828e-05
2.18963e-05
2.2487e-05
2.27983e-05
2.27517e-05
1.39538e-05
1.48168e-05
1.57384e-05
1.67336e-05
1.78116e-05
1.89885e-05
2.02639e-05
2.16155e-05
2.30087e-05
2.43973e-05
2.57348e-05
2.69787e-05
2.8084e-05
2.89998e-05
2.96672e-05
3.00197e-05
2.99542e-05
1.95763e-05
2.0556e-05
2.16219e-05
2.27831e-05
2.40507e-05
2.54325e-05
2.69178e-05
2.84696e-05
3.00436e-05
3.15913e-05
3.30736e-05
3.44505e-05
3.56759e-05
3.66936e-05
3.74377e-05
3.78302e-05
3.77447e-05
2.54753e-05
2.66069e-05
2.78786e-05
2.92774e-05
3.07973e-05
3.24707e-05
3.42233e-05
3.60141e-05
3.77867e-05
3.95023e-05
4.11327e-05
4.26381e-05
4.39735e-05
4.50809e-05
4.58906e-05
4.63182e-05
4.62166e-05
3.172e-05
3.31084e-05
3.46788e-05
3.63857e-05
3.83061e-05
4.03498e-05
4.24121e-05
4.44411e-05
4.64041e-05
4.8281e-05
5.00392e-05
5.16503e-05
5.30728e-05
5.42476e-05
5.51033e-05
5.55515e-05
5.54325e-05
3.89576e-05
4.07015e-05
4.2617e-05
4.47549e-05
-7.27315e-05
-7.10752e-05
-6.93666e-05
-6.76259e-05
-6.58733e-05
-6.41264e-05
-6.24028e-05
-6.07211e-05
-5.91014e-05
-5.75667e-05
-5.61428e-05
-5.48589e-05
-5.37481e-05
-5.28486e-05
-5.22045e-05
-5.18662e-05
-5.19127e-05
-7.20262e-05
-7.03877e-05
-6.86983e-05
-6.69763e-05
-6.52416e-05
-6.35119e-05
-6.18048e-05
-6.01389e-05
-5.85344e-05
-5.7014e-05
-5.56035e-05
-5.43318e-05
-5.32319e-05
-5.23414e-05
-5.17035e-05
-5.13678e-05
-5.14098e-05
-7.06711e-05
-6.90674e-05
-6.74118e-05
-6.57228e-05
-6.40201e-05
-6.23217e-05
-6.0645e-05
-5.90084e-05
-5.7432e-05
-5.59383e-05
-5.45526e-05
-5.33035e-05
-5.22232e-05
-5.13486e-05
-5.07218e-05
-5.0391e-05
-5.04276e-05
-6.86563e-05
-6.71e-05
-6.54907e-05
-6.38475e-05
-6.21903e-05
-6.05368e-05
-5.89042e-05
-5.73104e-05
-5.57754e-05
-5.43211e-05
-5.29724e-05
-5.17569e-05
-5.07061e-05
-4.98557e-05
-4.92464e-05
-4.89246e-05
-4.89587e-05
-6.60263e-05
-6.45253e-05
-6.29714e-05
-6.13846e-05
-5.97837e-05
-5.81863e-05
-5.66092e-05
-5.507e-05
-5.3588e-05
-5.21844e-05
-5.08832e-05
-4.97113e-05
-4.86989e-05
-4.78801e-05
-4.72936e-05
-4.6984e-05
-4.70151e-05
-6.28304e-05
-6.13896e-05
-5.9898e-05
-5.8375e-05
-5.68386e-05
-5.53063e-05
-5.37941e-05
-5.2319e-05
-5.08995e-05
-4.95562e-05
-4.83119e-05
-4.71922e-05
-4.62256e-05
-4.54446e-05
-4.4886e-05
-4.45907e-05
-4.46188e-05
-5.91269e-05
-5.7747e-05
-5.63215e-05
-5.48669e-05
-5.34009e-05
-5.19399e-05
-5.04994e-05
-4.90958e-05
-4.77464e-05
-4.64708e-05
-4.52904e-05
-4.42294e-05
-4.33147e-05
-4.25765e-05
-4.20486e-05
-4.17698e-05
-4.17938e-05
-5.49694e-05
-5.36513e-05
-5.22921e-05
-5.09082e-05
-4.95161e-05
-4.81307e-05
-4.67669e-05
-4.544e-05
-4.41662e-05
-4.29638e-05
-4.18529e-05
-4.08558e-05
-3.99973e-05
-3.93053e-05
-3.88113e-05
-3.85501e-05
-3.85704e-05
-5.04118e-05
-4.91562e-05
-4.78643e-05
-4.65527e-05
-4.52364e-05
-4.39292e-05
-4.2645e-05
-4.13979e-05
-4.0203e-05
-3.90771e-05
-3.80387e-05
-3.7108e-05
-3.6308e-05
-3.56641e-05
-3.52046e-05
-3.49618e-05
-3.49775e-05
-4.55055e-05
-4.43128e-05
-4.30902e-05
-4.18525e-05
-4.06133e-05
-3.93858e-05
-3.81825e-05
-3.70164e-05
-3.59016e-05
-3.48532e-05
-3.3888e-05
-3.30243e-05
-3.22828e-05
-3.16866e-05
-3.1262e-05
-3.10373e-05
-3.10494e-05
-4.03133e-05
-3.91836e-05
-3.80319e-05
-3.68692e-05
-3.5708e-05
-3.45602e-05
-3.34373e-05
-3.23513e-05
-3.13147e-05
-3.03415e-05
-2.94466e-05
-2.86464e-05
-2.79599e-05
-2.74084e-05
-2.70156e-05
-2.6808e-05
-2.68159e-05
-3.48948e-05
-3.38325e-05
-3.27529e-05
-3.16661e-05
-3.0583e-05
-2.95141e-05
-2.84693e-05
-2.74594e-05
-2.64961e-05
-2.55917e-05
-2.47596e-05
-2.40152e-05
-2.33761e-05
-2.28625e-05
-2.24972e-05
-2.2304e-05
-2.23095e-05
-2.93238e-05
-2.83336e-05
-2.73287e-05
-2.63188e-05
-2.5313e-05
-2.43199e-05
-2.33478e-05
-2.24062e-05
-2.15058e-05
-2.06577e-05
-1.98747e-05
-1.91719e-05
-1.85671e-05
-1.80803e-05
-1.77333e-05
-1.75495e-05
-1.7552e-05
-2.3681e-05
-2.27625e-05
-2.18334e-05
-2.09002e-05
-1.99689e-05
-1.90456e-05
-1.81366e-05
-1.72503e-05
-1.63961e-05
-1.55847e-05
-1.48298e-05
-1.41482e-05
-1.35595e-05
-1.30841e-05
-1.27448e-05
-1.25642e-05
-1.25622e-05
-1.80536e-05
-1.72019e-05
-1.63458e-05
-1.5485e-05
-1.46211e-05
-1.37562e-05
-1.28946e-05
-1.20432e-05
-1.12104e-05
-1.04079e-05
-9.65317e-06
-8.96724e-06
-8.37063e-06
-7.88718e-06
-7.54125e-06
-7.35658e-06
-7.35089e-06
-1.25059e-05
-1.17171e-05
-1.09248e-05
-1.01243e-05
-9.31298e-06
-8.48739e-06
-7.64985e-06
-6.80511e-06
-5.96195e-06
-5.13573e-06
-4.35042e-06
-3.62925e-06
-2.99821e-06
-2.48552e-06
-2.1185e-06
-1.92282e-06
-1.91914e-06
-7.08922e-06
-6.34977e-06
-5.60358e-06
-4.84266e-06
-4.05802e-06
-3.24333e-06
-2.39773e-06
-1.52449e-06
-6.34646e-07
2.48329e-07
1.09876e-06
1.88606e-06
2.57714e-06
3.13993e-06
3.5443e-06
3.75935e-06
3.75619e-06
-1.80266e-06
-1.0879e-06
-3.60279e-07
3.93953e-07
1.18629e-06
2.02637e-06
2.91781e-06
3.85584e-06
4.82564e-06
5.79975e-06
6.74572e-06
7.62413e-06
8.39728e-06
9.02977e-06
9.48521e-06
9.7269e-06
9.7124e-06
3.41384e-06
4.13667e-06
4.88273e-06
5.66916e-06
6.51038e-06
7.41446e-06
8.38727e-06
9.42371e-06
1.05049e-05
1.1598e-05
1.26598e-05
1.36482e-05
1.4522e-05
1.52407e-05
1.57611e-05
1.60365e-05
1.60065e-05
8.69359e-06
9.45831e-06
1.02615e-05
1.11219e-05
1.20477e-05
1.30491e-05
1.41364e-05
1.53001e-05
1.65163e-05
1.77419e-05
1.89322e-05
2.00438e-05
2.10322e-05
2.18502e-05
2.24445e-05
2.27587e-05
2.27091e-05
1.4196e-05
1.5033e-05
1.59281e-05
1.6896e-05
1.79366e-05
1.90712e-05
2.02996e-05
2.1613e-05
2.29759e-05
2.43418e-05
2.56686e-05
2.6913e-05
2.80249e-05
2.89486e-05
2.96227e-05
2.99782e-05
2.99069e-05
2.0021e-05
2.09598e-05
2.19827e-05
2.30898e-05
2.42929e-05
2.55952e-05
2.70044e-05
2.84871e-05
3.00064e-05
3.15201e-05
3.29927e-05
3.43748e-05
3.56099e-05
3.6638e-05
3.73892e-05
3.7786e-05
3.76941e-05
2.61382e-05
2.72151e-05
2.84177e-05
2.97277e-05
3.11679e-05
3.27157e-05
3.4347e-05
3.60394e-05
3.77432e-05
3.94238e-05
4.10402e-05
4.25521e-05
4.39027e-05
4.50239e-05
4.58439e-05
4.62767e-05
4.61702e-05
3.25533e-05
3.38378e-05
3.52908e-05
3.68948e-05
3.86589e-05
4.05256e-05
4.24634e-05
4.44212e-05
4.63349e-05
4.81835e-05
4.9942e-05
5.15701e-05
5.30088e-05
5.4197e-05
5.50602e-05
5.55119e-05
5.53961e-05
3.98594e-05
4.14118e-05
4.31688e-05
4.51029e-05
4.71882e-05
4.94182e-05
-7.2492e-05
-7.08916e-05
-6.92386e-05
-6.75482e-05
-6.58364e-05
-6.41203e-05
-6.24184e-05
-6.07509e-05
-5.91398e-05
-5.76093e-05
-5.61863e-05
-5.49011e-05
-5.37874e-05
-5.2884e-05
-5.22364e-05
-5.18969e-05
-5.19486e-05
-7.17994e-05
-7.02126e-05
-6.85762e-05
-6.69024e-05
-6.52067e-05
-6.35065e-05
-6.18201e-05
-6.01677e-05
-5.85713e-05
-5.7055e-05
-5.56453e-05
-5.43724e-05
-5.32697e-05
-5.23754e-05
-5.17344e-05
-5.13976e-05
-5.14437e-05
-7.04576e-05
-6.89011e-05
-6.72957e-05
-6.56524e-05
-6.39869e-05
-6.23163e-05
-6.06592e-05
-5.90354e-05
-5.74666e-05
-5.59766e-05
-5.45918e-05
-5.33415e-05
-5.22585e-05
-5.13804e-05
-5.07505e-05
-5.04188e-05
-5.04592e-05
-6.84574e-05
-6.69453e-05
-6.53832e-05
-6.37831e-05
-6.21606e-05
-6.0533e-05
-5.89184e-05
-5.73364e-05
-5.58084e-05
-5.43575e-05
-5.30094e-05
-5.17927e-05
-5.07393e-05
-4.98855e-05
-4.92737e-05
-4.89508e-05
-4.89882e-05
-6.58425e-05
-6.43826e-05
-6.28729e-05
-6.13261e-05
-5.97574e-05
-5.81838e-05
-5.66232e-05
-5.50946e-05
-5.36189e-05
-5.22183e-05
-5.09178e-05
-4.97448e-05
-4.87299e-05
-4.7908e-05
-4.73188e-05
-4.70084e-05
-4.70431e-05
-6.26636e-05
-6.12603e-05
-5.98094e-05
-5.83231e-05
-5.68163e-05
-5.53054e-05
-5.38081e-05
-5.23425e-05
-5.09287e-05
-4.95881e-05
-4.83443e-05
-4.72236e-05
-4.62548e-05
-4.54709e-05
-4.49101e-05
-4.46139e-05
-4.46447e-05
-5.89739e-05
-5.76297e-05
-5.62413e-05
-5.48199e-05
-5.33804e-05
-5.19387e-05
-5.05115e-05
-4.91164e-05
-4.77722e-05
-4.64992e-05
-4.53196e-05
-4.4258e-05
-4.33415e-05
-4.26008e-05
-4.20706e-05
-4.17912e-05
-4.18182e-05
-5.48289e-05
-5.35455e-05
-5.22202e-05
-5.08659e-05
-4.94971e-05
-4.81287e-05
-4.67767e-05
-4.54575e-05
-4.41886e-05
-4.2989e-05
-4.18792e-05
-4.08819e-05
-4.00222e-05
-3.93281e-05
-3.88327e-05
-3.85707e-05
-3.85929e-05
-5.02835e-05
-4.90599e-05
-4.77981e-05
-4.65124e-05
-4.52163e-05
-4.3924e-05
-4.26502e-05
-4.14103e-05
-4.02205e-05
-3.90979e-05
-3.80613e-05
-3.71313e-05
-3.63307e-05
-3.56855e-05
-3.52244e-05
-3.49811e-05
-3.49993e-05
-4.53932e-05
-4.42274e-05
-4.30305e-05
-4.18145e-05
-4.05924e-05
-3.93776e-05
-3.81837e-05
-3.70247e-05
-3.59152e-05
-3.48708e-05
-3.39083e-05
-3.3046e-05
-3.23046e-05
-3.17076e-05
-3.12825e-05
-3.10571e-05
-3.10703e-05
-4.02147e-05
-3.9109e-05
-3.79783e-05
-3.6833e-05
-3.56855e-05
-3.45483e-05
-3.34339e-05
-3.23548e-05
-3.13241e-05
-3.03557e-05
-2.94645e-05
-2.86668e-05
-2.79814e-05
-2.74298e-05
-2.7036e-05
-2.6828e-05
-2.68377e-05
-3.48124e-05
-3.37722e-05
-3.27088e-05
-3.16347e-05
-3.05616e-05
-2.95008e-05
-2.84631e-05
-2.74598e-05
-2.65026e-05
-2.56038e-05
-2.47766e-05
-2.40359e-05
-2.33988e-05
-2.28858e-05
-2.25206e-05
-2.23265e-05
-2.23326e-05
-2.92642e-05
-2.82898e-05
-2.72956e-05
-2.62932e-05
-2.52929e-05
-2.43048e-05
-2.33378e-05
-2.24018e-05
-2.15076e-05
-2.06661e-05
-1.98896e-05
-1.91923e-05
-1.85912e-05
-1.8106e-05
-1.77586e-05
-1.75748e-05
-1.75789e-05
-2.36503e-05
-2.27405e-05
-2.18154e-05
-2.08832e-05
-1.9952e-05
-1.90291e-05
-1.81221e-05
-1.72397e-05
-1.63916e-05
-1.55884e-05
-1.48425e-05
-1.41691e-05
-1.35861e-05
-1.31136e-05
-1.27752e-05
-1.25942e-05
-1.25943e-05
-1.80482e-05
-1.7202e-05
-1.63433e-05
-1.54761e-05
-1.46052e-05
-1.3735e-05
-1.28713e-05
-1.20218e-05
-1.11957e-05
-1.0404e-05
-9.66126e-06
-8.98724e-06
-8.39978e-06
-7.92097e-06
-7.57567e-06
-7.39158e-06
-7.38887e-06
-1.2524e-05
-1.17387e-05
-1.09371e-05
-1.01231e-05
-9.29725e-06
-8.46053e-06
-7.61691e-06
-6.77291e-06
-5.93792e-06
-5.12545e-06
-4.3568e-06
-3.65187e-06
-3.03271e-06
-2.52557e-06
-2.16022e-06
-1.96374e-06
-1.96249e-06
-7.12248e-06
-6.38268e-06
-5.6223e-06
-4.84302e-06
-4.03928e-06
-3.2102e-06
-2.35724e-06
-1.48594e-06
-6.07185e-07
2.5842e-07
1.08743e-06
1.856e-06
2.53483e-06
3.09286e-06
3.49755e-06
3.7129e-06
3.706e-06
-1.82932e-06
-1.11296e-06
-3.71001e-07
4.00758e-07
1.21098e-06
2.06243e-06
2.95756e-06
3.88917e-06
4.84362e-06
5.79585e-06
6.71879e-06
7.57974e-06
8.34404e-06
8.97459e-06
9.43122e-06
9.67485e-06
9.65558e-06
3.4387e-06
4.15885e-06
4.91169e-06
5.70702e-06
6.55451e-06
7.45858e-06
8.42498e-06
9.44606e-06
1.05047e-05
1.15719e-05
1.26127e-05
1.35887e-05
1.4459e-05
1.51797e-05
1.57045e-05
1.59811e-05
1.59438e-05
8.83617e-06
9.5891e-06
1.0384e-05
1.12343e-05
1.21453e-05
1.3129e-05
1.41901e-05
1.53223e-05
1.65041e-05
1.76996e-05
1.88704e-05
1.99746e-05
2.09638e-05
2.17862e-05
2.23838e-05
2.26994e-05
2.26416e-05
1.45506e-05
1.53633e-05
1.62294e-05
1.71613e-05
1.81614e-05
1.92487e-05
2.04222e-05
2.16781e-05
2.29847e-05
2.43072e-05
2.56112e-05
2.68468e-05
2.79575e-05
2.88834e-05
2.95603e-05
2.99156e-05
2.98352e-05
2.06802e-05
2.15765e-05
2.2544e-05
2.35856e-05
2.47126e-05
2.59294e-05
2.7241e-05
2.86258e-05
3.00579e-05
3.15123e-05
3.29436e-05
3.43075e-05
3.55403e-05
3.65682e-05
3.73184e-05
3.77156e-05
3.76162e-05
2.71332e-05
2.81358e-05
2.92453e-05
3.04485e-05
3.17575e-05
3.31627e-05
3.46622e-05
3.62073e-05
3.78016e-05
3.9394e-05
4.09774e-05
4.24762e-05
4.3823e-05
4.49423e-05
4.57618e-05
4.61986e-05
4.6086e-05
3.3795e-05
3.49499e-05
3.62559e-05
3.7692e-05
3.92557e-05
4.09184e-05
4.26562e-05
4.44487e-05
4.62462e-05
4.80509e-05
4.98113e-05
5.14438e-05
5.28932e-05
5.40959e-05
5.49718e-05
5.54309e-05
5.53111e-05
4.1182e-05
4.25557e-05
4.41032e-05
4.58078e-05
4.76359e-05
4.95711e-05
5.158e-05
5.36237e-05
5.56606e-05
-7.22589e-05
-7.0706e-05
-6.91018e-05
-6.74568e-05
-6.57828e-05
-6.40962e-05
-6.24159e-05
-6.07634e-05
-5.91623e-05
-5.76378e-05
-5.62175e-05
-5.49328e-05
-5.38183e-05
-5.29135e-05
-5.22641e-05
-5.19231e-05
-5.19763e-05
-7.15734e-05
-7.00322e-05
-6.84426e-05
-6.68124e-05
-6.51533e-05
-6.34814e-05
-6.18159e-05
-6.01781e-05
-5.85914e-05
-5.70808e-05
-5.56739e-05
-5.44015e-05
-5.32981e-05
-5.24028e-05
-5.17601e-05
-5.14218e-05
-5.14694e-05
-7.02422e-05
-6.87289e-05
-6.71675e-05
-6.55658e-05
-6.3935e-05
-6.22914e-05
-6.06541e-05
-5.90441e-05
-5.74846e-05
-5.60002e-05
-5.46181e-05
-5.33684e-05
-5.22849e-05
-5.14058e-05
-5.07744e-05
-5.04411e-05
-5.04812e-05
-6.82555e-05
-6.67836e-05
-6.52629e-05
-6.37018e-05
-6.2112e-05
-6.05096e-05
-5.89135e-05
-5.73444e-05
-5.58249e-05
-5.43792e-05
-5.30336e-05
-5.18175e-05
-5.07637e-05
-4.9909e-05
-4.92956e-05
-4.8971e-05
-4.90079e-05
-6.56546e-05
-6.42325e-05
-6.27615e-05
-6.12509e-05
-5.97125e-05
-5.81622e-05
-5.66185e-05
-5.51018e-05
-5.36338e-05
-5.22381e-05
-5.094e-05
-4.97676e-05
-4.87524e-05
-4.79296e-05
-4.73392e-05
-4.70276e-05
-4.70628e-05
-6.24911e-05
-6.11232e-05
-5.9708e-05
-5.82549e-05
-5.67757e-05
-5.5286e-05
-5.38039e-05
-5.23491e-05
-5.09423e-05
-4.9606e-05
-4.83645e-05
-4.72444e-05
-4.62754e-05
-4.54908e-05
-4.49287e-05
-4.46311e-05
-4.46615e-05
-5.88153e-05
-5.75045e-05
-5.61485e-05
-5.47572e-05
-5.33426e-05
-5.19199e-05
-5.05065e-05
-4.9121e-05
-4.77833e-05
-4.65144e-05
-4.53372e-05
-4.42765e-05
-4.33601e-05
-4.26189e-05
-4.20879e-05
-4.18078e-05
-4.18353e-05
-5.46838e-05
-5.34308e-05
-5.21357e-05
-5.08086e-05
-4.9462e-05
-4.81106e-05
-4.67708e-05
-4.54603e-05
-4.41975e-05
-4.3002e-05
-4.18947e-05
-4.08985e-05
-4.00391e-05
-3.93449e-05
-3.88486e-05
-3.85854e-05
-3.8607e-05
-5.0149e-05
-4.89541e-05
-4.77202e-05
-4.64586e-05
-4.5182e-05
-4.39047e-05
-4.2642e-05
-4.14102e-05
-4.02263e-05
-3.9108e-05
-3.80743e-05
-3.7146e-05
-3.63462e-05
-3.5701e-05
-3.52396e-05
-3.49961e-05
-3.50147e-05
-4.52716e-05
-4.4133e-05
-4.29607e-05
-4.17657e-05
-4.05605e-05
-3.93587e-05
-3.81747e-05
-3.70233e-05
-3.59198e-05
-3.48798e-05
-3.39204e-05
-3.306e-05
-3.23196e-05
-3.17231e-05
-3.12975e-05
-3.10712e-05
-3.10837e-05
-4.01068e-05
-3.90264e-05
-3.79166e-05
-3.6789e-05
-3.56558e-05
-3.45298e-05
-3.34244e-05
-3.23525e-05
-3.13276e-05
-3.03637e-05
-2.94759e-05
-2.86806e-05
-2.79966e-05
-2.74456e-05
-2.70519e-05
-2.68437e-05
-2.68543e-05
-3.47255e-05
-3.37053e-05
-3.26595e-05
-3.15998e-05
-3.05381e-05
-2.94864e-05
-2.84562e-05
-2.74592e-05
-2.65073e-05
-2.56128e-05
-2.47892e-05
-2.4051e-05
-2.34158e-05
-2.29037e-05
-2.25384e-05
-2.23434e-05
-2.23493e-05
-2.91998e-05
-2.82419e-05
-2.72611e-05
-2.6269e-05
-2.52766e-05
-2.42946e-05
-2.33329e-05
-2.24019e-05
-2.15121e-05
-2.0675e-05
-1.99026e-05
-1.92087e-05
-1.86102e-05
-1.81264e-05
-1.77795e-05
-1.75956e-05
-1.76014e-05
-2.36139e-05
-2.2718e-05
-2.18015e-05
-2.08744e-05
-1.99461e-05
-1.90253e-05
-1.81203e-05
-1.72406e-05
-1.6396e-05
-1.55974e-05
-1.48567e-05
-1.41879e-05
-1.36086e-05
-1.31383e-05
-1.28e-05
-1.26188e-05
-1.26196e-05
-1.80406e-05
-1.72058e-05
-1.635e-05
-1.54816e-05
-1.46076e-05
-1.37343e-05
-1.28689e-05
-1.20199e-05
-1.1197e-05
-1.04114e-05
-9.67612e-06
-9.00863e-06
-8.4266e-06
-7.95085e-06
-7.60645e-06
-7.42204e-06
-7.42119e-06
-1.25465e-05
-1.17673e-05
-1.09634e-05
-1.01423e-05
-9.30704e-06
-8.46239e-06
-7.61386e-06
-6.76921e-06
-5.9384e-06
-5.13405e-06
-4.37506e-06
-3.67939e-06
-3.06695e-06
-2.56271e-06
-2.19716e-06
-1.99923e-06
-2.00012e-06
-7.16055e-06
-6.42374e-06
-5.65761e-06
-4.86601e-06
-4.04967e-06
-3.21054e-06
-2.3523e-06
-1.48192e-06
-6.10117e-07
2.44245e-07
1.06106e-06
1.81897e-06
2.49165e-06
3.0484e-06
3.45426e-06
3.67089e-06
3.65992e-06
-1.8565e-06
-1.14311e-06
-3.94172e-07
3.88953e-07
1.21001e-06
2.06867e-06
2.96441e-06
3.89048e-06
4.83266e-06
5.77033e-06
6.67976e-06
7.53181e-06
8.29235e-06
8.92391e-06
9.38374e-06
9.62972e-06
9.60627e-06
3.4695e-06
4.18479e-06
4.94048e-06
5.74006e-06
6.58918e-06
7.49091e-06
8.44704e-06
9.4531e-06
1.04919e-05
1.15409e-05
1.25678e-05
1.35373e-05
1.44056e-05
1.51283e-05
1.56555e-05
1.59333e-05
1.58904e-05
8.99286e-06
9.73751e-06
1.05258e-05
1.13661e-05
1.22635e-05
1.32273e-05
1.42633e-05
1.53654e-05
1.65169e-05
1.76879e-05
1.88429e-05
1.99371e-05
2.09212e-05
2.17401e-05
2.23369e-05
2.26521e-05
2.25912e-05
1.49137e-05
1.5718e-05
1.65642e-05
1.74669e-05
1.84327e-05
1.94774e-05
2.06048e-05
2.18105e-05
2.30726e-05
2.43608e-05
2.56356e-05
2.68437e-05
2.79354e-05
2.88462e-05
2.95128e-05
2.98639e-05
2.97831e-05
2.13069e-05
2.2202e-05
2.31271e-05
2.41172e-05
2.51811e-05
2.63312e-05
2.75667e-05
2.88794e-05
3.02487e-05
3.16446e-05
3.30244e-05
3.43444e-05
3.55317e-05
3.65277e-05
3.72597e-05
3.76543e-05
3.756e-05
2.8044e-05
2.90095e-05
3.00466e-05
3.11653e-05
3.23764e-05
3.36753e-05
3.50586e-05
3.65067e-05
3.80096e-05
3.95337e-05
4.10435e-05
4.24745e-05
4.37791e-05
4.48735e-05
4.56859e-05
4.61215e-05
4.60148e-05
3.49132e-05
3.59618e-05
3.71539e-05
3.8458e-05
3.98734e-05
4.13808e-05
4.29685e-05
4.46139e-05
4.63028e-05
4.80091e-05
4.96889e-05
5.12933e-05
5.27561e-05
5.39737e-05
5.48673e-05
5.53427e-05
5.52176e-05
4.23983e-05
4.36262e-05
4.50043e-05
4.65304e-05
4.81768e-05
4.99145e-05
5.17219e-05
5.35961e-05
5.54868e-05
5.73842e-05
5.92604e-05
-7.2115e-05
-7.05893e-05
-6.90153e-05
-6.73983e-05
-6.57479e-05
-6.40796e-05
-6.2413e-05
-6.07702e-05
-5.91754e-05
-5.76549e-05
-5.62373e-05
-5.49539e-05
-5.38397e-05
-5.29344e-05
-5.22838e-05
-5.19399e-05
-5.19881e-05
-7.143e-05
-6.99159e-05
-6.8355e-05
-6.67519e-05
-6.51156e-05
-6.34616e-05
-6.18095e-05
-6.01812e-05
-5.86008e-05
-5.70944e-05
-5.56903e-05
-5.44193e-05
-5.33166e-05
-5.24213e-05
-5.17772e-05
-5.1437e-05
-5.14825e-05
-7.01041e-05
-6.86171e-05
-6.70829e-05
-6.55068e-05
-6.38978e-05
-6.22713e-05
-6.06467e-05
-5.90458e-05
-5.74924e-05
-5.60121e-05
-5.46326e-05
-5.33843e-05
-5.23016e-05
-5.14227e-05
-5.07904e-05
-5.04545e-05
-5.04924e-05
-6.8125e-05
-6.66777e-05
-6.51825e-05
-6.36455e-05
-6.20762e-05
-6.04899e-05
-5.89057e-05
-5.7345e-05
-5.58313e-05
-5.43894e-05
-5.30464e-05
-5.18317e-05
-5.07787e-05
-4.99243e-05
-4.93093e-05
-4.89823e-05
-4.90174e-05
-6.55331e-05
-6.41348e-05
-6.26876e-05
-6.11992e-05
-5.96797e-05
-5.81443e-05
-5.66116e-05
-5.51026e-05
-5.36399e-05
-5.22477e-05
-5.09519e-05
-4.97809e-05
-4.87664e-05
-4.79438e-05
-4.73528e-05
-4.70382e-05
-4.70698e-05
-6.23786e-05
-6.10327e-05
-5.96396e-05
-5.82069e-05
-5.6745e-05
-5.52688e-05
-5.37968e-05
-5.23489e-05
-5.0947e-05
-4.9614e-05
-4.83747e-05
-4.72559e-05
-4.62877e-05
-4.55035e-05
-4.49397e-05
-4.46401e-05
-4.46689e-05
-5.87115e-05
-5.74218e-05
-5.60861e-05
-5.47133e-05
-5.33143e-05
-5.19038e-05
-5.04993e-05
-4.91203e-05
-4.77871e-05
-4.65214e-05
-4.53463e-05
-4.42869e-05
-4.33713e-05
-4.26304e-05
-4.20991e-05
-4.18164e-05
-4.18405e-05
-5.45881e-05
-5.33541e-05
-5.20775e-05
-5.07675e-05
-4.94348e-05
-4.80943e-05
-4.67626e-05
-4.5458e-05
-4.41995e-05
-4.3007e-05
-4.19019e-05
-4.09071e-05
-4.00486e-05
-3.93549e-05
-3.8857e-05
-3.85926e-05
-3.86132e-05
-5.00606e-05
-4.88837e-05
-4.76668e-05
-4.64206e-05
-4.51565e-05
-4.38889e-05
-4.26335e-05
-4.14072e-05
-4.02275e-05
-3.91122e-05
-3.80807e-05
-3.71539e-05
-3.63551e-05
-3.57103e-05
-3.52489e-05
-3.50036e-05
-3.50191e-05
-4.51906e-05
-4.40685e-05
-4.29119e-05
-4.17307e-05
-4.05366e-05
-3.93435e-05
-3.81661e-05
-3.70198e-05
-3.59201e-05
-3.48831e-05
-3.39258e-05
-3.3067e-05
-3.23278e-05
-3.17318e-05
-3.13046e-05
-3.10779e-05
-3.10903e-05
-4.00341e-05
-3.89701e-05
-3.78745e-05
-3.67589e-05
-3.56354e-05
-3.45171e-05
-3.34175e-05
-3.23502e-05
-3.13289e-05
-3.03678e-05
-2.9482e-05
-2.86882e-05
-2.80052e-05
-2.74547e-05
-2.70613e-05
-2.68521e-05
-2.68604e-05
-3.46654e-05
-3.36589e-05
-3.26258e-05
-3.15766e-05
-3.05231e-05
-2.94777e-05
-2.84524e-05
-2.74592e-05
-2.65102e-05
-2.56181e-05
-2.47961e-05
-2.40594e-05
-2.34253e-05
-2.29137e-05
-2.25468e-05
-2.23522e-05
-2.23586e-05
-2.91541e-05
-2.82096e-05
-2.72394e-05
-2.62555e-05
-2.52694e-05
-2.42919e-05
-2.33336e-05
-2.24052e-05
-2.15177e-05
-2.06824e-05
-1.99115e-05
-1.92191e-05
-1.86217e-05
-1.81386e-05
-1.77923e-05
-1.76075e-05
-1.76121e-05
-2.35879e-05
-2.2703e-05
-2.17949e-05
-2.08733e-05
-1.99484e-05
-1.90296e-05
-1.8126e-05
-1.72475e-05
-1.64042e-05
-1.56071e-05
-1.48678e-05
-1.42004e-05
-1.36228e-05
-1.31535e-05
-1.28148e-05
-1.26323e-05
-1.26348e-05
-1.80353e-05
-1.72108e-05
-1.63603e-05
-1.54938e-05
-1.46198e-05
-1.37456e-05
-1.28795e-05
-1.20305e-05
-1.12085e-05
-1.04247e-05
-9.69126e-06
-9.02572e-06
-8.4454e-06
-7.97058e-06
-7.62672e-06
-7.4402e-06
-7.4385e-06
-1.25627e-05
-1.17905e-05
-1.09892e-05
-1.01665e-05
-9.32813e-06
-8.48029e-06
-7.62961e-06
-6.7843e-06
-5.95463e-06
-5.15281e-06
-4.39636e-06
-3.70327e-06
-3.09221e-06
-2.58777e-06
-2.21953e-06
-2.02085e-06
-2.02437e-06
-7.18771e-06
-6.45701e-06
-5.69079e-06
-4.89537e-06
-4.07446e-06
-3.2317e-06
-2.37154e-06
-1.50183e-06
-6.3275e-07
2.18428e-07
1.03123e-06
1.78698e-06
2.45917e-06
3.01744e-06
3.42473e-06
3.64465e-06
3.63224e-06
-1.87637e-06
-1.16626e-06
-4.16899e-07
3.70088e-07
1.19362e-06
2.05367e-06
2.94852e-06
3.87046e-06
4.80723e-06
5.73894e-06
6.64414e-06
7.49416e-06
8.25545e-06
8.8898e-06
9.3544e-06
9.60231e-06
9.57468e-06
3.49434e-06
4.20461e-06
4.95967e-06
5.7593e-06
6.60636e-06
7.50326e-06
8.45203e-06
9.44814e-06
1.04767e-05
1.1516e-05
1.25376e-05
1.35032e-05
1.43719e-05
1.50955e-05
1.56235e-05
1.59046e-05
1.5861e-05
9.11011e-06
9.85235e-06
1.06371e-05
1.14699e-05
1.23562e-05
1.33069e-05
1.43256e-05
1.54102e-05
1.65441e-05
1.77007e-05
1.88438e-05
1.99288e-05
2.09043e-05
2.17169e-05
2.23117e-05
2.26261e-05
2.25647e-05
1.51589e-05
1.59779e-05
1.68149e-05
1.77001e-05
1.86438e-05
1.96646e-05
2.07647e-05
2.19438e-05
2.31809e-05
2.4446e-05
2.5697e-05
2.68839e-05
2.79506e-05
2.88377e-05
2.94845e-05
2.98336e-05
2.97608e-05
2.17152e-05
2.26156e-05
2.3522e-05
2.44832e-05
2.55155e-05
2.66283e-05
2.78282e-05
2.91075e-05
3.04454e-05
3.1806e-05
3.3149e-05
3.44233e-05
3.55684e-05
3.65197e-05
3.72346e-05
3.76176e-05
3.75337e-05
2.85709e-05
2.9507e-05
3.05084e-05
3.15838e-05
3.27498e-05
3.39987e-05
3.53335e-05
3.6743e-05
3.82036e-05
3.9674e-05
4.1128e-05
4.2518e-05
4.37641e-05
4.48333e-05
4.56231e-05
4.60683e-05
4.59681e-05
3.54993e-05
3.65061e-05
3.76335e-05
3.88696e-05
4.02138e-05
4.16519e-05
4.31702e-05
4.47489e-05
4.63722e-05
4.8008e-05
4.96232e-05
5.11824e-05
5.26245e-05
5.38345e-05
5.47603e-05
5.52759e-05
5.51317e-05
4.31139e-05
4.42394e-05
4.55275e-05
4.69566e-05
4.85045e-05
5.01524e-05
5.18721e-05
5.36387e-05
5.54411e-05
5.72443e-05
5.90291e-05
6.07451e-05
6.2365e-05
6.37349e-05
)
;

boundaryField
{
    frontAndBack
    {
        type            slip;
    }
    inlet
    {
        type            zeroGradient;
    }
    outlet
    {
        type            fixedValue;
        value           nonuniform List<scalar> 0();
    }
    lowerWall
    {
        type            zeroGradient;
    }
    upperWall
    {
        type            slip;
    }
    procBoundary2to1
    {
        type            processor;
        value           nonuniform List<scalar> 
124
(
-7.45201e-05
-7.37792e-05
-7.23735e-05
-7.02998e-05
-6.7604e-05
-6.43348e-05
-6.05611e-05
-5.63394e-05
-5.1718e-05
-4.67415e-05
-4.14763e-05
-3.59877e-05
-3.03447e-05
-2.46217e-05
-1.89149e-05
-1.33063e-05
-7.8497e-06
-2.54693e-06
2.64083e-06
7.82218e-06
1.31354e-05
1.86762e-05
2.4436e-05
3.04837e-05
-7.43203e-05
-7.35952e-05
-7.22056e-05
-7.0145e-05
-6.74615e-05
-6.42076e-05
-6.04463e-05
-5.62307e-05
-5.16168e-05
-4.6653e-05
-4.14018e-05
-3.59227e-05
-3.02918e-05
-2.45846e-05
-1.88943e-05
-1.3293e-05
-7.83679e-06
-2.52593e-06
2.69307e-06
7.95028e-06
1.34049e-05
1.91572e-05
2.51667e-05
3.14025e-05
3.8448e-05
-7.40315e-05
-7.33233e-05
-7.19498e-05
-6.99055e-05
-6.72391e-05
-6.40059e-05
-6.02605e-05
-5.6059e-05
-5.14575e-05
-4.65112e-05
-4.12772e-05
-3.5818e-05
-3.02098e-05
-2.45331e-05
-1.88723e-05
-1.32956e-05
-7.8518e-06
-2.53306e-06
2.73852e-06
8.11536e-06
1.37832e-05
1.98421e-05
2.62104e-05
3.27528e-05
3.99484e-05
-7.37562e-05
-7.30572e-05
-7.16964e-05
-6.96686e-05
-6.70182e-05
-6.38019e-05
-6.00712e-05
-5.58855e-05
-5.12964e-05
-4.63651e-05
-4.11453e-05
-3.57079e-05
-3.01234e-05
-2.44783e-05
-1.88471e-05
-1.33016e-05
-7.87295e-06
-2.5443e-06
2.78691e-06
8.28385e-06
1.41439e-05
2.04627e-05
2.7139e-05
3.39463e-05
4.13207e-05
-7.35909e-05
-7.28921e-05
-7.15377e-05
-6.95187e-05
-6.68788e-05
-6.36721e-05
-5.99507e-05
-5.57736e-05
-5.11922e-05
-4.62687e-05
-4.10578e-05
-3.56334e-05
-3.00645e-05
-2.44399e-05
-1.88304e-05
-1.33071e-05
-7.89026e-06
-2.55326e-06
2.82022e-06
8.39932e-06
1.43766e-05
2.08471e-05
2.76607e-05
3.45714e-05
4.20851e-05
)
;
    }
    procBoundary2to4
    {
        type            processor;
        value           uniform 3.74767e-05;
    }
    procBoundary2to5
    {
        type            processor;
        value           nonuniform List<scalar> 
100
(
4.70959e-05
4.94265e-05
5.1723e-05
5.39508e-05
5.6061e-05
5.80504e-05
5.99004e-05
6.15796e-05
6.30499e-05
6.42569e-05
6.51311e-05
6.55934e-05
6.54869e-05
4.83249e-05
5.03257e-05
5.25551e-05
4.70959e-05
5.50143e-05
4.70959e-05
4.94265e-05
5.16696e-05
5.38344e-05
5.59204e-05
5.79165e-05
5.97839e-05
6.14889e-05
6.29839e-05
6.42102e-05
6.50977e-05
6.55539e-05
6.54363e-05
4.91379e-05
5.09864e-05
5.29998e-05
5.51978e-05
5.75305e-05
5.16696e-05
5.99287e-05
5.16696e-05
5.38344e-05
5.59204e-05
5.76786e-05
5.95548e-05
6.12908e-05
6.28317e-05
6.40928e-05
6.50019e-05
6.54746e-05
6.53416e-05
5.04531e-05
5.20784e-05
5.38521e-05
5.57646e-05
5.7813e-05
5.99412e-05
6.21003e-05
6.42834e-05
5.76786e-05
6.64382e-05
5.76786e-05
5.95548e-05
6.10405e-05
6.26034e-05
6.39156e-05
6.48689e-05
6.53712e-05
6.52164e-05
5.16964e-05
5.31147e-05
5.46938e-05
5.64121e-05
5.82449e-05
6.01568e-05
6.21344e-05
6.41482e-05
6.61622e-05
6.81693e-05
6.10405e-05
7.00985e-05
6.10405e-05
6.26034e-05
6.39156e-05
6.47801e-05
6.52924e-05
6.51464e-05
5.24143e-05
5.37364e-05
5.52071e-05
5.68179e-05
5.85426e-05
6.03537e-05
6.22261e-05
6.41314e-05
6.60416e-05
6.79581e-05
6.98248e-05
7.15926e-05
7.32402e-05
6.47801e-05
7.46718e-05
)
;
    }
}


// ************************************************************************* //
