/*--------------------------------*- C++ -*----------------------------------*\
  =========                 |
  \\      /  F ield         | OpenFOAM: The Open Source CFD Toolbox
   \\    /   O peration     | Website:  https://openfoam.org
    \\  /    A nd           | Version:  10
     \\/     M anipulation  |
\*---------------------------------------------------------------------------*/
FoamFile
{
    format      ascii;
    class       surfaceScalarField;
    location    "10";
    object      phi;
}
// * * * * * * * * * * * * * * * * * * * * * * * * * * * * * * * * * * * * * //

dimensions      [0 3 -1 0 0 0 0];

internalField   nonuniform List<scalar> 
5620
(
-200
8.49909e-07
4.95884e-07
-200
5.29417e-07
2.96462e-07
-200
4.08113e-07
1.17263e-07
-200
1.7103e-07
-4.55584e-08
-200
-7.51646e-08
-9.45712e-08
-200
-3.51605e-07
-9.4459e-08
-200
-6.55793e-07
-7.10236e-08
-200
-9.93658e-07
-4.38216e-08
-200
-1.37066e-06
-2.16066e-08
-200
-1.79418e-06
-6.79841e-09
-200
-2.27266e-06
2.9672e-09
-200
-2.81496e-06
1.09063e-08
-200
-3.4357e-06
1.91375e-08
-200
-4.15567e-06
3.93132e-08
-200
-4.97415e-06
6.15881e-08
-200
-5.93922e-06
1.04145e-07
3.80513e-07
-2.81021e-08
-200
1.88227e-06
3.18592e-07
-200
1.35368e-06
1.86971e-07
-200
9.55296e-07
2.44038e-08
-200
4.38203e-07
-1.07356e-07
-200
-1.10675e-07
-1.29365e-07
-200
-7.08813e-07
-1.05619e-07
-200
-1.35823e-06
-6.56174e-08
-200
-2.07083e-06
-2.74754e-08
-200
-2.86041e-06
1.30697e-09
-200
-3.74238e-06
1.97033e-08
-200
-4.73527e-06
3.06516e-08
-200
-5.85966e-06
3.7104e-08
-200
-7.14256e-06
4.57793e-08
-200
-8.61961e-06
6.30215e-08
-200
-1.03193e-05
7.37922e-08
-200
-1.23073e-05
1.16721e-07
7.78128e-07
-2.28688e-08
-200
2.86674e-06
3.17887e-07
-200
2.25429e-06
1.84186e-07
-200
1.52428e-06
-1.02717e-08
-200
7.44752e-07
-1.25033e-07
-200
-1.0204e-07
-1.56013e-07
-200
-1.01553e-06
-1.35918e-07
-200
-2.00625e-06
-9.90716e-08
-200
-3.09011e-06
-6.19206e-08
-200
-4.28735e-06
-3.5078e-08
-200
-5.62189e-06
-1.69848e-08
-200
-7.12168e-06
-5.74776e-09
-200
-8.81905e-06
2.83054e-09
-200
-1.07524e-05
1.15963e-08
-200
-1.29733e-05
3.05378e-08
-200
-1.55352e-05
6.29822e-08
-200
-1.85121e-05
8.93279e-08
1.1453e-06
-3.47013e-08
-200
3.95466e-06
3.11535e-07
-200
3.08329e-06
1.82923e-07
-200
2.11506e-06
-2.72438e-08
-200
1.07572e-06
-1.39746e-07
-200
-5.96071e-08
-1.73639e-07
-200
-1.28255e-06
-1.56358e-07
-200
-2.60775e-06
-1.21911e-07
-200
-4.05504e-06
-8.7859e-08
-200
-5.65231e-06
-6.15796e-08
-200
-7.42985e-06
-4.38832e-08
-200
-9.42483e-06
-3.22096e-08
-200
-1.16803e-05
-2.35565e-08
-200
-1.42484e-05
-8.91249e-09
-200
-1.71898e-05
1.52257e-08
-200
-2.05761e-05
2.09656e-08
-200
-2.45184e-05
8.16107e-08
1.48816e-06
-2.46848e-08
-200
4.98921e-06
3.54309e-07
-200
3.8639e-06
1.55928e-07
-200
2.68324e-06
9.47028e-09
-200
1.37419e-06
-1.06445e-07
-200
-4.16314e-08
-1.39573e-07
-200
-1.56549e-06
-1.25265e-07
-200
-3.21391e-06
-9.4521e-08
-200
-5.01306e-06
-6.23982e-08
-200
-6.99438e-06
-4.25024e-08
-200
-9.19725e-06
-2.8877e-08
-200
-1.16667e-05
-2.11762e-08
-200
-1.4456e-05
-1.44157e-08
-200
-1.76271e-05
-6.891e-09
-200
-2.12571e-05
7.28383e-09
-200
-2.54401e-05
5.40414e-08
-200
-3.0281e-05
7.05002e-08
1.80604e-06
-3.32272e-08
-200
5.94423e-06
2.54945e-07
-200
4.65459e-06
1.86951e-07
-200
3.21892e-06
1.20838e-08
-200
1.65517e-06
-1.06328e-07
-200
-2.95925e-08
-1.41864e-07
-200
-1.84305e-06
-1.26741e-07
-200
-3.80261e-06
-9.69474e-08
-200
-5.93828e-06
-6.88955e-08
-200
-8.28919e-06
-4.81158e-08
-200
-1.08992e-05
-3.51321e-08
-200
-1.38216e-05
-2.74919e-08
-200
-1.71187e-05
-2.22653e-08
-200
-2.08648e-05
-8.43155e-09
-200
-2.51439e-05
1.29243e-08
-200
-3.00579e-05
9.3543e-09
-200
-3.5758e-05
7.16536e-08
2.09186e-06
-1.87373e-08
-200
6.81984e-06
2.55385e-07
-200
5.36522e-06
2.24299e-07
-200
3.68956e-06
1.12303e-08
-200
1.88259e-06
-7.75124e-08
-200
-6.27372e-08
-1.09938e-07
-200
-2.15281e-06
-9.38912e-08
-200
-4.40862e-06
-6.62894e-08
-200
-6.86441e-06
-3.79575e-08
-200
-9.56247e-06
-2.30451e-08
-200
-1.25549e-05
-1.32941e-08
-200
-1.59016e-05
-8.66508e-09
-200
-1.96733e-05
-4.67955e-09
-200
-2.39518e-05
1.9256e-10
-200
-2.88352e-05
1.04921e-08
-200
-3.44458e-05
6.17888e-08
-200
-4.09123e-05
6.49433e-08
2.34374e-06
-2.9694e-08
-200
7.735e-06
2.22868e-07
-200
6.02484e-06
8.31801e-08
-200
4.13891e-06
-4.68922e-08
-200
2.09366e-06
-1.11905e-07
-200
-1.04641e-07
-1.29217e-07
-200
-2.46e-06
-1.10664e-07
-200
-4.99762e-06
-8.13268e-08
-200
-7.75509e-06
-5.46538e-08
-200
-1.07814e-05
-3.70778e-08
-200
-1.41331e-05
-2.59321e-08
-200
-1.78772e-05
-1.91992e-08
-200
-2.20921e-05
-1.40255e-08
-200
-2.68686e-05
-1.96354e-09
-200
-3.231e-05
2.05753e-08
-200
-3.85354e-05
7.19816e-09
-200
-4.57219e-05
7.00459e-08
2.55457e-06
-1.22594e-08
-200
8.54681e-06
2.25138e-07
-200
6.62932e-06
-2.34283e-08
-200
4.5227e-06
-4.47008e-08
-200
2.24042e-06
-9.79879e-08
-200
-1.98875e-07
-1.02698e-07
-200
-2.80497e-06
-8.32279e-08
-200
-5.60655e-06
-5.46524e-08
-200
-8.64649e-06
-2.75136e-08
-200
-1.19759e-05
-1.32827e-08
-200
-1.56593e-05
-2.95938e-09
-200
-1.97699e-05
4.56583e-09
-200
-2.43917e-05
1.00387e-08
-200
-2.96212e-05
1.55562e-08
-200
-3.55708e-05
2.3574e-08
-200
-4.23761e-05
7.71022e-08
-200
-5.0176e-05
6.90537e-08
2.72742e-06
-2.52172e-08
-200
9.32448e-06
-5.06338e-08
-200
7.18214e-06
-1.95335e-09
-200
4.86527e-06
-8.54275e-08
-200
2.36685e-06
-1.34337e-07
-200
-2.96494e-07
-1.34984e-07
-200
-3.13791e-06
-1.12031e-07
-200
-6.18717e-06
-8.21103e-08
-200
-9.49065e-06
-5.61811e-08
-200
-1.31047e-05
-3.50966e-08
-200
-1.70975e-05
-2.02431e-08
-200
-2.15485e-05
-7.79541e-09
-200
-2.65488e-05
2.25465e-09
-200
-3.22008e-05
1.86482e-08
-200
-3.86153e-05
4.11856e-08
-200
-4.59158e-05
1.98227e-08
-200
-5.42848e-05
8.42926e-08
2.85813e-06
-5.8671e-09
-200
9.97849e-06
-2.77701e-08
-200
7.65764e-06
-2.10727e-08
-200
5.13955e-06
-9.81358e-08
-200
2.43993e-06
-1.1455e-07
-200
-4.31959e-07
-1.08329e-07
-200
-3.49277e-06
-8.24646e-08
-200
-6.77246e-06
-5.35488e-08
-200
-1.03206e-05
-2.76654e-08
-200
-1.41988e-05
-5.61781e-09
-200
-1.84778e-05
1.32361e-08
-200
-2.32436e-05
2.64795e-08
-200
-2.85957e-05
4.0084e-08
-200
-3.46342e-05
4.88792e-08
-200
-4.14734e-05
5.53062e-08
-200
-4.92453e-05
1.08717e-07
-200
-5.80775e-05
9.40616e-08
2.958e-06
-2.06901e-08
-200
1.06056e-05
-1.32905e-08
-200
8.10138e-06
-1.80993e-07
-200
5.4047e-06
-1.69171e-07
-200
2.51738e-06
-1.52382e-07
-200
-5.48919e-07
-1.28907e-07
-200
-3.81089e-06
-9.8479e-08
-200
-7.30342e-06
-6.83244e-08
-200
-1.10808e-05
-4.0255e-08
-200
-1.52089e-05
-1.20349e-08
-200
-1.97606e-05
1.21309e-08
-200
-2.48295e-05
2.9203e-08
-200
-3.0518e-05
4.28489e-08
-200
-3.69296e-05
5.95894e-08
-200
-4.41671e-05
7.84298e-08
-200
-5.23421e-05
5.27926e-08
-200
-6.16131e-05
1.24284e-07
3.02442e-06
-2.42199e-09
-200
1.10912e-05
-6.61009e-09
-200
8.46424e-06
-2.35759e-07
-200
5.61394e-06
-1.48345e-07
-200
2.56085e-06
-1.1009e-07
-200
-6.73299e-07
-7.34808e-08
-200
-4.11044e-06
-4.01421e-08
-200
-7.7931e-06
-1.07668e-08
-200
-1.17868e-05
2.19931e-08
-200
-1.61502e-05
5.33233e-08
-200
-2.09708e-05
7.22729e-08
-200
-2.63384e-05
8.26236e-08
-200
-3.23609e-05
8.81007e-08
-200
-3.91341e-05
9.21964e-08
-200
-4.67565e-05
9.3638e-08
-200
-5.53396e-05
1.47916e-07
-200
-6.4983e-05
1.49828e-07
3.06973e-06
-2.00988e-08
-200
1.15857e-05
-4.08445e-07
-200
8.79123e-06
-2.23029e-07
-200
5.82031e-06
-1.70376e-07
-200
2.64653e-06
-1.17474e-07
-200
-7.17605e-07
-6.61533e-08
-200
-4.30168e-06
-2.27411e-08
-200
-8.16046e-06
1.78956e-08
-200
-1.23596e-05
6.29591e-08
-200
-1.69623e-05
9.32676e-08
-200
-2.20616e-05
1.00119e-07
-200
-2.7741e-05
9.07375e-08
-200
-3.4118e-05
8.15368e-08
-200
-4.1274e-05
8.64663e-08
-200
-4.92903e-05
1.02395e-07
-200
-5.82496e-05
9.00984e-08
-200
-6.82586e-05
1.60561e-07
3.06543e-06
-9.76752e-09
-200
1.19238e-05
-4.06153e-07
-200
9.05589e-06
-2.41925e-07
-200
6.00946e-06
-1.51501e-07
-200
2.7621e-06
-5.11281e-08
-200
-6.92592e-07
3.33131e-08
-200
-4.39019e-06
9.15572e-08
-200
-8.41084e-06
1.54055e-07
-200
-1.28008e-05
1.99427e-07
-200
-1.76603e-05
2.09773e-07
-200
-2.30574e-05
1.78037e-07
-200
-2.9098e-05
1.64713e-07
-200
-3.58551e-05
1.15248e-07
-200
-4.34166e-05
8.45067e-08
-200
-5.18547e-05
8.67014e-08
-200
-6.12378e-05
1.59603e-07
-200
-7.15872e-05
1.65054e-07
3.03072e-06
-2.79589e-08
-200
1.22458e-05
-4.76693e-07
-200
9.31993e-06
-3.78756e-07
-200
6.25053e-06
-1.79738e-07
-200
2.96957e-06
-1.26445e-08
-200
-5.27622e-07
1.15883e-07
-200
-4.31579e-06
2.10139e-07
-200
-8.47159e-06
2.89467e-07
-200
-1.30667e-05
3.27818e-07
-200
-1.81997e-05
3.0428e-07
-200
-2.39301e-05
2.16379e-07
-200
-3.03634e-05
1.35455e-07
-200
-3.75641e-05
5.52622e-08
-200
-4.5599e-05
2.78367e-08
-200
-5.45213e-05
5.75277e-08
-200
-6.43602e-05
6.25477e-08
-200
-7.51488e-05
1.80064e-07
3.01645e-06
-1.88009e-08
-200
1.24861e-05
-5.16327e-07
-200
9.57823e-06
-4.05108e-07
-200
6.5097e-06
-5.85989e-08
-200
3.26131e-06
1.1229e-07
-200
-2.35707e-07
2.85407e-07
-200
-4.08819e-06
4.15035e-07
-200
-8.35863e-06
4.89456e-07
-200
-1.31746e-05
5.03268e-07
-200
-1.8587e-05
4.10333e-07
-200
-2.47027e-05
2.62373e-07
-200
-3.15979e-05
1.1972e-07
-200
-3.93171e-05
7.68687e-09
-200
-4.78995e-05
-1.53726e-08
-200
-5.73912e-05
1.78541e-08
-200
-6.78145e-05
1.31427e-07
-200
-7.91148e-05
1.69255e-07
3.07901e-06
-4.44581e-08
-200
1.27696e-05
-6.99378e-07
-200
9.9172e-06
-3.24393e-07
-200
6.92116e-06
-1.06292e-08
-200
3.74678e-06
1.77097e-07
-200
2.62608e-07
3.95403e-07
-200
-3.62816e-06
5.26284e-07
-200
-8.00925e-06
5.84299e-07
-200
-1.30218e-05
5.46966e-07
-200
-1.87694e-05
3.75815e-07
-200
-2.53646e-05
2.20873e-07
-200
-3.28082e-05
7.38837e-09
-200
-4.11322e-05
-8.84599e-08
-200
-5.03646e-05
-7.12901e-08
-200
-6.05359e-05
-8.19272e-10
-200
-7.16432e-05
3.30924e-08
-200
-8.36568e-05
1.96308e-07
3.24213e-06
-3.7117e-08
-200
1.30712e-05
-4.87612e-07
-200
1.03743e-05
-1.669e-07
-200
7.47615e-06
1.23058e-07
-200
4.37517e-06
3.41626e-07
-200
9.70149e-07
4.91374e-07
-200
-2.91303e-06
5.7315e-07
-200
-7.40469e-06
6.33322e-07
-200
-1.2656e-05
5.4195e-07
-200
-1.88412e-05
3.5874e-07
-200
-2.59681e-05
1.04601e-07
-200
-3.4056e-05
-7.37247e-08
-200
-4.30789e-05
-1.07696e-07
-200
-5.30637e-05
-6.85026e-08
-200
-6.40433e-05
-2.61299e-09
-200
-7.60341e-05
1.35515e-07
-200
-8.89196e-05
1.87154e-07
3.56223e-06
-6.88032e-08
-200
1.36081e-05
-2.23708e-07
-200
1.10413e-05
-3.8239e-08
-200
8.28206e-06
1.81479e-07
-200
5.31138e-06
2.99785e-07
-200
2.03741e-06
3.94219e-07
-200
-1.84347e-06
5.00729e-07
-200
-6.50313e-06
5.18077e-07
-200
-1.20907e-05
3.63244e-07
-200
-1.87599e-05
1.26807e-07
-200
-2.65308e-05
-8.87979e-08
-200
-3.53434e-05
-1.62714e-07
-200
-4.51654e-05
-1.33074e-07
-200
-5.60279e-05
-5.41768e-08
-200
-6.7972e-05
4.539e-08
-200
-8.09859e-05
4.92987e-08
-200
-9.50247e-05
2.13894e-07
4.05425e-06
-5.63051e-08
-200
1.43232e-05
1.58376e-07
-200
1.19081e-05
2.08853e-07
-200
9.30544e-06
3.23376e-07
-200
6.45842e-06
3.62493e-07
-200
3.42109e-06
4.16912e-07
-200
-4.96201e-07
4.53063e-07
-200
-5.50921e-06
4.31295e-07
-200
-1.14779e-05
1.99442e-07
-200
-1.87399e-05
-1.71789e-08
-200
-2.72107e-05
-1.45116e-07
-200
-3.67843e-05
-1.36468e-07
-200
-4.74773e-05
-6.25338e-08
-200
-5.93138e-05
7.4427e-09
-200
-7.23517e-05
5.39674e-08
-200
-8.66179e-05
1.59322e-07
-200
-0.000102044
2.09509e-07
4.76124e-06
-8.72701e-08
-200
1.53167e-05
4.88189e-07
-200
1.30838e-05
3.98488e-07
-200
1.05849e-05
4.47382e-07
-200
7.87422e-06
5.10995e-07
-200
5.05966e-06
4.54072e-07
-200
1.11546e-06
3.07632e-07
-200
-4.36251e-06
1.07109e-07
-200
-1.10125e-05
1.12482e-08
-200
-1.89474e-05
-1.76806e-07
-200
-2.80712e-05
-2.15976e-07
-200
-3.84527e-05
-1.18853e-07
-200
-5.00712e-05
-4.43975e-09
-200
-6.29611e-05
6.04105e-08
-200
-7.71843e-05
8.30246e-08
-200
-9.28268e-05
5.87735e-08
-200
-0.000109956
2.39784e-07
5.64137e-06
-6.04138e-08
-200
1.56211e-05
1.48609e-06
-200
1.46433e-05
9.83235e-07
-200
1.1885e-05
1.01015e-06
-200
9.24385e-06
9.30234e-07
-200
7.78607e-06
7.90492e-08
-200
2.57943e-06
3.85604e-08
-200
-3.85645e-06
2.95832e-07
-200
-1.10156e-05
-1.84218e-07
-200
-1.94211e-05
-4.26776e-07
-200
-2.92442e-05
-2.29986e-07
-200
-4.03754e-05
-1.84365e-07
-200
-5.29049e-05
-6.57894e-08
-200
-6.68988e-05
1.24023e-08
-200
-8.24075e-05
5.82118e-08
-200
-9.96093e-05
1.59824e-07
-200
-0.000118599
1.80032e-07
6.7219e-06
-1.0681e-07
-200
1.69304e-05
1.4154e-06
-200
1.62266e-05
1.76477e-06
-200
1.3182e-05
1.35377e-06
-200
1.21149e-05
9.74777e-07
-200
1.23612e-06
-200
3.22191e-08
-200
-9.53415e-07
-200
-8.02177e-07
-200
-5.73392e-07
-200
-5.78272e-07
-200
-2.73505e-07
-200
-5.69616e-08
-200
-1.34374e-08
-200
3.34186e-08
-200
2.76869e-08
-200
2.51149e-07
-4.06612e-08
-200
2.30154e-06
-200
7.38547e-07
-200
1.66179e-06
1.88984e-06
-200
8.56036e-07
8.11598e-07
-200
6.43275e-07
5.61406e-07
-200
4.40293e-07
2.51769e-07
-200
1.88189e-07
8.58411e-09
-200
-7.59611e-08
-7.13262e-08
-200
-3.6325e-07
-7.39976e-08
-200
-6.76874e-07
-4.10736e-08
-200
-1.02206e-06
-1.69037e-09
-200
-1.40475e-06
3.00109e-08
-200
-1.83277e-06
4.90667e-08
-200
-2.31482e-06
6.41754e-08
-200
-2.8604e-06
7.48171e-08
-200
-3.48241e-06
8.21036e-08
-200
-4.20387e-06
1.00731e-07
-200
-5.02501e-06
1.23054e-07
-200
-5.99336e-06
1.76768e-07
4.14217e-07
-3.82098e-08
-200
1.97423e-06
5.09699e-07
-200
1.43968e-06
3.50177e-07
-200
1.01508e-06
8.21624e-08
-200
4.696e-07
-1.08392e-07
-200
-1.03821e-07
-1.44356e-07
-200
-7.17167e-07
-1.08735e-07
-200
-1.38057e-06
-4.8235e-08
-200
-2.10595e-06
1.01074e-08
-200
-2.90631e-06
5.38643e-08
-200
-3.79862e-06
8.02915e-08
-200
-4.80146e-06
1.00041e-07
-200
-5.93427e-06
1.10572e-07
-200
-7.22263e-06
1.18749e-07
-200
-8.70396e-06
1.31815e-07
-200
-1.04114e-05
1.49372e-07
-200
-1.23979e-05
2.07462e-07
7.9999e-07
-2.40086e-08
-200
3.05098e-06
5.3931e-07
-200
2.24095e-06
3.56012e-07
-200
1.56329e-06
8.4984e-08
-200
7.25013e-07
-9.16499e-08
-200
-1.5728e-07
-1.34737e-07
-200
-1.09357e-06
-1.03274e-07
-200
-2.10282e-06
-4.72917e-08
-200
-3.20272e-06
7.1166e-09
-200
-4.41449e-06
4.75078e-08
-200
-5.76216e-06
7.14144e-08
-200
-7.27282e-06
8.5508e-08
-200
-8.97918e-06
9.59092e-08
-200
-1.09186e-05
1.02096e-07
-200
-1.31393e-05
1.15918e-07
-200
-1.56925e-05
1.40927e-07
-200
-1.86691e-05
1.82134e-07
1.1546e-06
-3.38054e-08
-200
4.11723e-06
5.12493e-07
-200
3.08061e-06
3.33446e-07
-200
2.12665e-06
5.3216e-08
-200
9.92879e-07
-1.15966e-07
-200
-1.96247e-07
-1.59666e-07
-200
-1.45237e-06
-1.29048e-07
-200
-2.80297e-06
-7.47486e-08
-200
-4.27212e-06
-2.22376e-08
-200
-5.88702e-06
1.68497e-08
-200
-7.68064e-06
4.10093e-08
-200
-9.68965e-06
5.98561e-08
-200
-1.1954e-05
7.03561e-08
-200
-1.45235e-05
8.20309e-08
-200
-1.74573e-05
9.76217e-08
-200
-2.08354e-05
1.08333e-07
-200
-2.47554e-05
1.74354e-07
1.49634e-06
-2.00379e-08
-200
5.16288e-06
5.42058e-07
-200
3.91389e-06
3.08017e-07
-200
2.67598e-06
8.68914e-08
-200
1.2511e-06
-7.56027e-08
-200
-2.42864e-07
-1.16842e-07
-200
-1.81188e-06
-8.84774e-08
-200
-3.49449e-06
-3.85021e-08
-200
-5.3208e-06
8.71347e-09
-200
-7.3265e-06
4.21074e-08
-200
-9.54944e-06
6.06333e-08
-200
-1.2034e-05
6.80183e-08
-200
-1.48331e-05
7.58865e-08
-200
-1.80058e-05
8.07802e-08
-200
-2.16235e-05
9.08347e-08
-200
-2.57708e-05
1.26304e-07
-200
-3.05887e-05
1.48322e-07
1.81565e-06
-3.28458e-08
-200
6.19945e-06
4.05239e-07
-200
4.76143e-06
2.79975e-07
-200
3.2345e-06
4.90007e-08
-200
1.52637e-06
-1.11219e-07
-200
-2.69486e-07
-1.52089e-07
-200
-2.1438e-06
-1.20781e-07
-200
-4.14797e-06
-7.07609e-08
-200
-6.32012e-06
-2.46599e-08
-200
-8.70041e-06
8.03514e-09
-200
-1.13364e-05
2.84603e-08
-200
-1.42796e-05
4.26184e-08
-200
-1.75888e-05
5.06622e-08
-200
-2.13331e-05
6.31016e-08
-200
-2.55936e-05
7.73575e-08
-200
-3.04809e-05
8.15846e-08
-200
-3.61342e-05
1.51334e-07
2.10237e-06
-1.38861e-08
-200
7.17059e-06
4.19285e-07
-200
5.53148e-06
3.02674e-07
-200
3.72352e-06
7.48628e-08
-200
1.73951e-06
-5.32051e-08
-200
-3.43429e-07
-9.10242e-08
-200
-2.51172e-06
-5.97888e-08
-200
-4.81992e-06
-1.43175e-08
-200
-7.31627e-06
2.5946e-08
-200
-1.00495e-05
5.19659e-08
-200
-1.30712e-05
6.44378e-08
-200
-1.64389e-05
6.74418e-08
-200
-2.02211e-05
6.84453e-08
-200
-2.44981e-05
7.07744e-08
-200
-2.93599e-05
8.00235e-08
-200
-3.4914e-05
1.20549e-07
-200
-4.13383e-05
1.25431e-07
2.35422e-06
-3.01593e-08
-200
8.12575e-06
3.21158e-07
-200
6.22456e-06
1.54618e-07
-200
4.1707e-06
-2.68712e-08
-200
1.92588e-06
-1.2457e-07
-200
-4.22666e-07
-1.44131e-07
-200
-2.87097e-06
-1.09854e-07
-200
-5.46568e-06
-6.26492e-08
-200
-8.26771e-06
-2.22084e-08
-200
-1.13303e-05
4.56361e-09
-200
-1.47118e-05
1.86914e-08
-200
-1.84775e-05
2.90416e-08
-200
-2.2702e-05
3.65532e-08
-200
-2.74719e-05
4.8252e-08
-200
-3.28838e-05
6.53863e-08
-200
-3.90691e-05
6.04822e-08
-200
-4.6195e-05
1.35609e-07
2.56475e-06
-7.14144e-09
-200
8.93568e-06
3.65739e-07
-200
6.8089e-06
7.01665e-08
-200
4.50505e-06
3.65283e-09
-200
2.00646e-06
-6.57714e-08
-200
-5.91808e-07
-6.90533e-08
-200
-3.29834e-06
-3.63426e-08
-200
-6.15572e-06
5.5112e-09
-200
-9.23573e-06
3.93011e-08
-200
-1.25983e-05
5.91029e-08
-200
-1.63035e-05
6.65953e-08
-200
-2.04233e-05
6.64377e-08
-200
-2.50432e-05
6.49609e-08
-200
-3.02573e-05
6.36917e-08
-200
-3.61756e-05
7.32374e-08
-200
-4.29143e-05
1.19245e-07
-200
-5.06677e-05
1.1043e-07
2.73697e-06
-2.73975e-08
-200
9.70767e-06
2.1889e-08
-200
7.36421e-06
-1.61378e-09
-200
4.80622e-06
-9.38423e-08
-200
2.06328e-06
-1.44885e-07
-200
-7.79191e-07
-1.34972e-07
-200
-3.72563e-06
-9.66238e-08
-200
-6.82706e-06
-5.28952e-08
-200
-1.01639e-05
-1.79755e-08
-200
-1.37974e-05
4.11486e-09
-200
-1.77929e-05
1.4691e-08
-200
-2.22298e-05
1.79225e-08
-200
-2.72076e-05
1.98938e-08
-200
-3.28317e-05
4.07803e-08
-200
-3.9205e-05
5.29656e-08
-200
-4.64671e-05
4.54795e-08
-200
-5.47839e-05
1.32032e-07
2.86695e-06
-2.0409e-09
-200
1.03862e-05
7.44507e-08
-200
7.76834e-06
-3.81239e-09
-200
4.98248e-06
-5.48921e-08
-200
2.0124e-06
-6.60802e-08
-200
-1.05934e-06
-4.54072e-08
-200
-4.22196e-06
-7.12012e-09
-200
-7.54393e-06
3.13385e-08
-200
-1.11095e-05
5.91847e-08
-200
-1.49792e-05
7.35793e-08
-200
-1.92216e-05
7.55734e-08
-200
-2.39317e-05
6.97956e-08
-200
-2.92233e-05
6.46031e-08
-200
-3.52134e-05
6.14353e-08
-200
-4.20123e-05
7.07047e-08
-200
-4.97324e-05
1.23156e-07
-200
-5.85492e-05
1.24425e-07
2.96311e-06
-2.69346e-08
-200
1.10764e-05
-6.3596e-08
-200
8.09798e-06
-1.83178e-07
-200
5.13121e-06
-1.76669e-07
-200
1.95532e-06
-1.48481e-07
-200
-1.32227e-06
-1.05467e-07
-200
-4.68094e-06
-5.78729e-08
-200
-8.20611e-06
-1.57248e-08
-200
-1.19806e-05
1.42042e-08
-200
-1.60574e-05
3.05486e-08
-200
-2.05137e-05
3.20642e-08
-200
-2.54678e-05
2.33942e-08
-200
-3.1052e-05
1.77143e-08
-200
-3.73912e-05
2.74792e-08
-200
-4.459e-05
4.63937e-08
-200
-5.27678e-05
4.71044e-08
-200
-6.2025e-05
1.47683e-07
3.02886e-06
-3.05439e-09
-200
1.14838e-05
1.59215e-08
-200
8.34642e-06
-2.01452e-07
-200
5.19689e-06
-1.11274e-07
-200
1.83463e-06
-4.79124e-08
-200
-1.62076e-06
1.30503e-08
-200
-5.14919e-06
6.90389e-08
-200
-8.85366e-06
1.06176e-07
-200
-1.28072e-05
1.28487e-07
-200
-1.70584e-05
1.39304e-07
-200
-2.17e-05
1.18342e-07
-200
-2.68789e-05
8.60204e-08
-200
-3.27459e-05
6.21054e-08
-200
-3.94241e-05
5.22142e-08
-200
-4.70215e-05
6.46967e-08
-200
-5.56202e-05
1.34088e-07
-200
-6.52961e-05
1.53932e-07
3.07446e-06
-3.33052e-08
-200
1.17849e-05
-4.29109e-07
-200
8.59844e-06
-2.82915e-07
-200
5.29442e-06
-1.94074e-07
-200
1.78305e-06
-1.00372e-07
-200
-1.81446e-06
-1.35723e-08
-200
-5.4768e-06
5.00137e-08
-200
-9.33803e-06
9.8707e-08
-200
-1.34449e-05
1.30517e-07
-200
-1.78509e-05
1.27682e-07
-200
-2.26868e-05
8.92818e-08
-200
-2.81207e-05
3.84379e-08
-200
-3.43038e-05
5.13273e-10
-200
-4.13366e-05
1.17397e-09
-200
-4.93471e-05
2.83285e-08
-200
-5.8387e-05
5.17193e-08
-200
-6.84912e-05
1.92124e-07
3.07055e-06
-1.92501e-08
-200
1.19767e-05
-3.80386e-07
-200
8.69069e-06
-2.51105e-07
-200
5.32963e-06
-1.01829e-07
-200
1.74633e-06
3.97987e-08
-200
-1.91425e-06
1.52826e-07
-200
-5.66865e-06
2.25318e-07
-200
-9.64308e-06
2.81132e-07
-200
-1.3872e-05
3.01723e-07
-200
-1.8436e-05
2.65251e-07
-200
-2.35268e-05
1.83275e-07
-200
-2.92868e-05
1.26641e-07
-200
-3.58194e-05
6.41006e-08
-200
-4.32555e-05
1.44903e-08
-200
-5.17206e-05
3.71509e-08
-200
-6.11964e-05
1.36007e-07
-200
-7.17021e-05
1.71681e-07
3.03643e-06
-4.84942e-08
-200
1.20594e-05
-5.35008e-07
-200
8.74554e-06
-3.8515e-07
-200
5.41733e-06
-1.3857e-07
-200
1.8819e-06
3.12591e-08
-200
-1.74635e-06
1.8761e-07
-200
-5.54255e-06
2.8612e-07
-200
-9.58562e-06
3.5276e-07
-200
-1.3932e-05
3.58781e-07
-200
-1.87111e-05
2.84307e-07
-200
-2.4194e-05
1.68525e-07
-200
-3.03452e-05
6.89428e-08
-200
-3.73056e-05
-4.39338e-08
-200
-4.52513e-05
-6.24251e-08
-200
-5.42205e-05
-9.53281e-09
-200
-6.42085e-05
4.3155e-08
-200
-7.51719e-05
2.38767e-07
3.02098e-06
-3.99252e-08
-200
1.18569e-05
-4.53261e-07
-200
8.75978e-06
-3.11727e-07
-200
5.55427e-06
5.26746e-08
-200
2.16904e-06
2.3698e-07
-200
-1.34379e-06
4.10235e-07
-200
-5.10466e-06
5.24543e-07
-200
-9.17545e-06
5.7469e-07
-200
-1.3663e-05
5.43992e-07
-200
-1.88049e-05
4.04823e-07
-200
-2.47103e-05
2.29606e-07
-200
-3.13763e-05
5.957e-08
-200
-3.89241e-05
-5.33462e-08
-200
-4.74568e-05
-6.006e-08
-200
-5.69946e-05
3.06377e-09
-200
-6.75422e-05
1.40044e-07
-200
-7.90422e-05
2.14951e-07
3.07736e-06
-7.47983e-08
-200
1.15978e-05
-5.985e-07
-200
8.8891e-06
-2.4603e-07
-200
5.90177e-06
9.45705e-08
-200
2.77927e-06
2.28917e-07
-200
-5.80618e-07
4.71575e-07
-200
-4.25066e-06
5.82899e-07
-200
-8.36615e-06
6.11952e-07
-200
-1.3047e-05
5.15566e-07
-200
-1.86209e-05
2.98426e-07
-200
-2.50837e-05
1.28982e-07
-200
-3.24495e-05
-8.60782e-08
-200
-4.06963e-05
-1.5556e-07
-200
-4.98833e-05
-1.14511e-07
-200
-6.00839e-05
-2.44728e-08
-200
-7.13389e-05
5.50942e-08
-200
-8.35248e-05
2.86906e-07
3.2425e-06
-6.57772e-08
-200
1.14379e-05
-2.71154e-07
-200
9.11255e-06
1.82101e-08
-200
6.43735e-06
3.02598e-07
-200
3.58309e-06
5.14824e-07
-200
3.73551e-07
6.66167e-07
-200
-3.11741e-06
6.81202e-07
-200
-7.21409e-06
6.46467e-07
-200
-1.21746e-05
5.07659e-07
-200
-1.8296e-05
3.00327e-07
-200
-2.55104e-05
2.92016e-08
-200
-3.36481e-05
-1.27901e-07
-200
-4.26553e-05
-1.33841e-07
-200
-5.25812e-05
-7.81194e-08
-200
-6.35814e-05
1.42324e-08
-200
-7.56695e-05
1.70749e-07
-200
-8.87428e-05
2.65511e-07
3.56273e-06
-1.03367e-07
-200
1.16403e-05
-1.96847e-08
-200
9.58996e-06
1.76111e-07
-200
7.28367e-06
3.57677e-07
-200
4.56757e-06
4.95527e-07
-200
1.64096e-06
4.94002e-07
-200
-1.5759e-06
5.21645e-07
-200
-5.74359e-06
4.50176e-07
-200
-1.10291e-05
2.08954e-07
-200
-1.78775e-05
-6.22348e-08
-200
-2.59059e-05
-2.59407e-07
-200
-3.48524e-05
-2.9522e-07
-200
-4.46918e-05
-2.28625e-07
-200
-5.55262e-05
-8.28551e-08
-200
-6.7486e-05
3.64399e-08
-200
-8.0646e-05
9.63271e-08
-200
-9.48445e-05
3.21071e-07
4.06756e-06
-8.03792e-08
-200
1.21203e-05
5.55167e-07
-200
1.03e-05
5.60664e-07
-200
8.28881e-06
6.41541e-07
-200
5.62354e-06
6.41817e-07
-200
3.14228e-06
6.33447e-07
-200
7.62385e-08
5.29131e-07
-200
-4.04466e-06
3.11359e-07
-200
-9.85236e-06
-1.94661e-08
-200
-1.75313e-05
-2.28356e-07
-200
-2.63398e-05
-3.23631e-07
-200
-3.60868e-05
-2.83249e-07
-200
-4.68835e-05
-1.42997e-07
-200
-5.87548e-05
-2.35316e-08
-200
-7.18474e-05
5.67004e-08
-200
-8.62463e-05
1.92506e-07
-200
-0.000101874
3.04089e-07
4.7821e-06
-1.07191e-07
-200
1.31141e-05
8.7011e-07
-200
1.13395e-05
8.75397e-07
-200
9.45431e-06
8.03753e-07
-200
7.11628e-06
7.5098e-07
-200
4.77247e-06
6.32509e-07
-200
1.99957e-06
3.30636e-07
-200
-2.54741e-06
-1.12909e-08
-200
-8.80266e-06
-3.0603e-07
-200
-1.71977e-05
-5.25926e-07
-200
-2.66509e-05
-5.54162e-07
-200
-3.73844e-05
-3.40156e-07
-200
-4.92418e-05
-1.66103e-07
-200
-6.22741e-05
-6.08923e-09
-200
-7.66436e-05
5.37703e-08
-200
-9.25054e-05
1.00685e-07
-200
-0.000109906
4.33532e-07
5.69686e-06
-6.52604e-08
-200
1.47723e-05
1.76128e-06
-200
1.30218e-05
1.562e-06
-200
1.10421e-05
1.3526e-06
-200
9.05171e-06
1.35067e-06
-200
5.80299e-06
1.00771e-06
-200
3.07558e-06
5.47256e-07
-200
-1.1193e-06
3.58946e-08
-200
-8.33905e-06
-3.75786e-07
-200
-1.74651e-05
-4.97817e-07
-200
-2.77228e-05
-1.78649e-07
-200
-3.89883e-05
-3.17784e-07
-200
-5.19513e-05
-9.87806e-08
-200
-6.62565e-05
3.6116e-08
-200
-8.19264e-05
1.01112e-07
-200
-9.93569e-05
2.64036e-07
-200
-0.000118739
3.9081e-07
6.76379e-06
-1.18993e-07
-200
1.6692e-05
1.92055e-06
-200
1.6203e-05
1.64325e-06
-200
1.36583e-05
1.52185e-06
-200
1.17079e-05
1.2815e-06
-200
7.84543e-06
1.16597e-06
-200
4.39166e-06
1.08229e-08
-200
-5.6422e-07
-200
-7.36678e-07
-200
-6.89677e-07
-200
-9.29019e-07
-200
-5.42944e-07
-200
-3.08564e-07
-200
-3.07022e-08
-200
1.39758e-07
-200
3.6956e-07
-200
6.8555e-07
-6.74554e-08
-200
1.90296e-06
-200
1.33135e-06
-200
1.64511e-06
-200
1.86346e-06
-200
1.17718e-07
-7.4781e-07
-200
9.19158e-07
9.43564e-07
-200
7.45755e-07
7.17424e-07
-200
4.87974e-07
4.16696e-07
-200
2.17482e-07
1.84404e-07
-200
-6.05288e-08
9.70639e-08
-200
-3.58118e-07
8.82138e-08
-200
-6.80073e-07
1.12144e-07
-200
-1.0314e-06
1.42467e-07
-200
-1.41889e-06
1.65563e-07
-200
-1.84989e-06
1.75914e-07
-200
-2.33345e-06
1.8066e-07
-200
-2.87941e-06
1.83702e-07
-200
-3.5e-06
1.78808e-07
-200
-4.21794e-06
1.70183e-07
-200
-5.04053e-06
1.6141e-07
-200
-6.0135e-06
2.03338e-07
4.11422e-07
1.35928e-09
-200
1.91917e-06
6.87066e-07
-200
1.52059e-06
5.03634e-07
-200
1.0248e-06
2.55733e-07
-200
4.7041e-07
7.4102e-08
-200
-1.07735e-07
2.85839e-08
-200
-7.25495e-07
5.49479e-08
-200
-1.39423e-06
1.04828e-07
-200
-2.12416e-06
1.53289e-07
-200
-2.92901e-06
1.88006e-07
-200
-3.82373e-06
2.04984e-07
-200
-4.82734e-06
2.1437e-07
-200
-5.96106e-06
2.2089e-07
-200
-7.248e-06
2.15756e-07
-200
-8.72542e-06
1.95696e-07
-200
-1.04385e-05
2.03134e-07
-200
-1.24289e-05
2.49725e-07
7.98597e-07
1.26896e-08
-200
2.95171e-06
7.0549e-07
-200
2.32303e-06
4.649e-07
-200
1.57623e-06
2.47101e-07
-200
7.38563e-07
7.57096e-08
-200
-1.41578e-07
2.83365e-08
-200
-1.0792e-06
5.19005e-08
-200
-2.09285e-06
9.86751e-08
-200
-3.19819e-06
1.44127e-07
-200
-4.41552e-06
1.76304e-07
-200
-5.76772e-06
1.91601e-07
-200
-7.28238e-06
1.95817e-07
-200
-8.99085e-06
2.00043e-07
-200
-1.09323e-05
1.96043e-07
-200
-1.31525e-05
1.82651e-07
-200
-1.57034e-05
1.65584e-07
-200
-1.86876e-05
2.08027e-07
1.15386e-06
4.02464e-09
-200
4.00335e-06
6.51878e-07
-200
3.12075e-06
4.62045e-07
-200
2.10851e-06
2.35304e-07
-200
9.91908e-07
6.45079e-08
-200
-1.87363e-07
1.57318e-08
-200
-1.44075e-06
3.88927e-08
-200
-2.79359e-06
8.42404e-08
-200
-4.26707e-06
1.2814e-07
-200
-5.88746e-06
1.58833e-07
-200
-7.68541e-06
1.73805e-07
-200
-9.6969e-06
1.82255e-07
-200
-1.19644e-05
1.8994e-07
-200
-1.45351e-05
1.85111e-07
-200
-1.74693e-05
1.64727e-07
-200
-2.08559e-05
1.78936e-07
-200
-2.4777e-05
2.20908e-07
1.49768e-06
1.33971e-08
-200
5.06454e-06
6.56524e-07
-200
3.91532e-06
4.35246e-07
-200
2.65178e-06
2.36949e-07
-200
1.2568e-06
8.27813e-08
-200
-2.1925e-07
3.64441e-08
-200
-1.78297e-06
5.85742e-08
-200
-3.46712e-06
1.0066e-07
-200
-5.29847e-06
1.39992e-07
-200
-7.30986e-06
1.66135e-07
-200
-9.5389e-06
1.767e-07
-200
-1.20287e-05
1.74653e-07
-200
-1.4831e-05
1.76358e-07
-200
-1.80083e-05
1.71163e-07
-200
-2.16288e-05
1.60851e-07
-200
-2.57705e-05
1.39897e-07
-200
-3.05986e-05
1.66282e-07
1.81673e-06
2.93953e-09
-200
6.07875e-06
5.21804e-07
-200
4.68273e-06
3.89864e-07
-200
3.17149e-06
1.89616e-07
-200
1.50193e-06
3.97146e-08
-200
-2.66674e-07
-2.64443e-09
-200
-2.13226e-06
2.18449e-08
-200
-4.13642e-06
6.49284e-08
-200
-6.31204e-06
1.0445e-07
-200
-8.6979e-06
1.30557e-07
-200
-1.13383e-05
1.43452e-07
-200
-1.42843e-05
1.50567e-07
-200
-1.75963e-05
1.56939e-07
-200
-2.13418e-05
1.52489e-07
-200
-2.56033e-05
1.33364e-07
-200
-3.05008e-05
1.54591e-07
-200
-3.6154e-05
1.98672e-07
2.1038e-06
1.55772e-08
-200
7.02162e-06
5.46399e-07
-200
5.44029e-06
3.61415e-07
-200
3.66586e-06
1.96248e-07
-200
1.72542e-06
7.33817e-08
-200
-3.25941e-07
3.87914e-08
-200
-2.48308e-06
6.29437e-08
-200
-4.79186e-06
1.01909e-07
-200
-7.2932e-06
1.35316e-07
-200
-1.00323e-05
1.55019e-07
-200
-1.30594e-05
1.60629e-07
-200
-1.64323e-05
1.55798e-07
-200
-2.02185e-05
1.50417e-07
-200
-2.44989e-05
1.445e-07
-200
-2.93634e-05
1.40599e-07
-200
-3.49086e-05
1.21192e-07
-200
-4.13433e-05
1.29799e-07
2.35431e-06
9.48833e-10
-200
7.92463e-06
4.04789e-07
-200
6.10722e-06
2.59462e-07
-200
4.08126e-06
9.95628e-08
-200
1.8891e-06
-7.28832e-09
-200
-4.2505e-07
-2.71934e-08
-200
-2.8594e-06
2.36729e-09
-200
-5.45526e-06
4.3998e-08
-200
-8.26131e-06
7.88233e-08
-200
-1.1329e-05
1.00049e-07
-200
-1.47148e-05
1.08377e-07
-200
-1.84833e-05
1.12556e-07
-200
-2.27111e-05
1.20342e-07
-200
-2.74814e-05
1.20858e-07
-200
-3.28926e-05
1.04893e-07
-200
-3.90881e-05
1.30765e-07
-200
-4.62101e-05
1.7814e-07
2.56389e-06
1.65195e-08
-200
8.77354e-06
4.42413e-07
-200
6.68341e-06
1.98505e-07
-200
4.42726e-06
1.09802e-07
-200
1.99257e-06
3.92395e-08
-200
-5.68703e-07
3.23008e-08
-200
-3.26043e-06
6.04942e-08
-200
-6.12222e-06
9.62883e-08
-200
-9.20731e-06
1.23562e-07
-200
-1.25747e-05
1.37553e-07
-200
-1.62862e-05
1.39243e-07
-200
-2.04122e-05
1.32549e-07
-200
-2.50364e-05
1.21769e-07
-200
-3.02571e-05
1.14902e-07
-200
-3.61768e-05
1.19077e-07
-200
-4.29012e-05
1.06006e-07
-200
-5.06628e-05
9.95692e-08
2.73229e-06
-2.03998e-09
-200
9.52866e-06
1.4885e-07
-200
7.17816e-06
8.03556e-08
-200
4.70283e-06
-1.19485e-08
-200
2.03403e-06
-5.78182e-08
-200
-7.63141e-07
-5.04044e-08
-200
-3.69387e-06
-1.56329e-08
-200
-6.7985e-06
2.29277e-08
-200
-1.0138e-05
5.32192e-08
-200
-1.37766e-05
7.11596e-08
-200
-1.77802e-05
7.69264e-08
-200
-2.22273e-05
7.54148e-08
-200
-2.72129e-05
7.43351e-08
-200
-3.28385e-05
8.4665e-08
-200
-3.92114e-05
6.63665e-08
-200
-4.64843e-05
1.08717e-07
-200
-5.47902e-05
1.66813e-07
2.86001e-06
1.36653e-08
-200
1.0177e-05
2.32244e-07
-200
7.60636e-06
3.73521e-08
-200
4.90859e-06
1.88291e-08
-200
2.01739e-06
9.33723e-09
-200
-1.00121e-06
2.87336e-08
-200
-4.14918e-06
6.2557e-08
-200
-7.47018e-06
9.5153e-08
-200
-1.10372e-05
1.17422e-07
-200
-1.4915e-05
1.25439e-07
-200
-1.91741e-05
1.20529e-07
-200
-2.39045e-05
1.08449e-07
-200
-2.92135e-05
9.51392e-08
-200
-3.52138e-05
8.69435e-08
-200
-4.20134e-05
9.6456e-08
-200
-4.97135e-05
8.8134e-08
-200
-5.85277e-05
9.94516e-08
2.95007e-06
-8.29312e-09
-200
1.08106e-05
-5.80398e-08
-200
7.94565e-06
-9.48095e-08
-200
5.04899e-06
-1.12938e-07
-200
1.96014e-06
-9.57799e-08
-200
-1.25791e-06
-5.65432e-08
-200
-4.5959e-06
-1.2327e-08
-200
-8.1118e-06
2.65847e-08
-200
-1.18835e-05
5.23092e-08
-200
-1.59734e-05
6.27385e-08
-200
-2.04597e-05
5.88634e-08
-200
-2.54492e-05
4.72761e-08
-200
-3.10614e-05
4.07368e-08
-200
-3.74106e-05
4.09804e-08
-200
-4.46079e-05
4.04489e-08
-200
-5.27889e-05
1.00626e-07
-200
-6.20201e-05
1.67863e-07
3.0114e-06
5.52996e-09
-200
1.13267e-05
4.20314e-08
-200
8.22478e-06
-1.12345e-07
-200
5.14988e-06
-5.38239e-08
-200
1.88551e-06
-1.78496e-10
-200
-1.50417e-06
5.51655e-08
-200
-4.99957e-06
1.06934e-07
-200
-8.68803e-06
1.40567e-07
-200
-1.26394e-05
1.53624e-07
-200
-1.69168e-05
1.55902e-07
-200
-2.16123e-05
1.30209e-07
-200
-2.68488e-05
9.37944e-08
-200
-3.27553e-05
6.52518e-08
-200
-3.94509e-05
5.53049e-08
-200
-4.70415e-05
7.10186e-08
-200
-5.56015e-05
7.08081e-08
-200
-6.52697e-05
1.19694e-07
3.04715e-06
-2.05296e-08
-200
1.16954e-05
-3.07814e-07
-200
8.44927e-06
-2.30532e-07
-200
5.24638e-06
-1.61385e-07
-200
1.84843e-06
-7.85474e-08
-200
-1.66817e-06
1.46169e-09
-200
-5.29254e-06
6.16467e-08
-200
-9.13121e-06
1.04328e-07
-200
-1.32453e-05
1.27132e-07
-200
-1.7704e-05
1.19666e-07
-200
-2.26186e-05
8.20827e-08
-200
-2.81242e-05
3.45705e-08
-200
-3.43542e-05
3.54044e-09
-200
-4.13984e-05
-1.20319e-10
-200
-4.93891e-05
1.32218e-08
-200
-5.841e-05
7.90794e-08
-200
-6.84679e-05
2.04787e-07
3.04541e-06
-1.28106e-08
-200
1.19395e-05
-2.14526e-07
-200
8.63626e-06
-2.11268e-07
-200
5.35526e-06
-5.881e-08
-200
1.88423e-06
6.91755e-08
-200
-1.69665e-06
1.69606e-07
-200
-5.41822e-06
2.36146e-07
-200
-9.37974e-06
2.77607e-07
-200
-1.36433e-05
2.87614e-07
-200
-1.82961e-05
2.49142e-07
-200
-2.34656e-05
1.70488e-07
-200
-2.93008e-05
9.42442e-08
-200
-3.58766e-05
6.41712e-08
-200
-4.33168e-05
2.16225e-08
-200
-5.17531e-05
4.76293e-08
-200
-6.11796e-05
7.1225e-08
-200
-7.16679e-05
1.47592e-07
3.01585e-06
-4.38642e-08
-200
1.20987e-05
-4.5445e-07
-200
8.82087e-06
-2.90006e-07
-200
5.51979e-06
-9.30485e-08
-200
2.07419e-06
4.39901e-08
-200
-1.50866e-06
1.83063e-07
-200
-5.28465e-06
2.67432e-07
-200
-9.34432e-06
3.18004e-07
-200
-1.37655e-05
3.18341e-07
-200
-1.86588e-05
2.48361e-07
-200
-2.42172e-05
1.47724e-07
-200
-3.04287e-05
7.41598e-08
-200
-3.74147e-05
-1.70277e-08
-200
-4.53179e-05
-3.62152e-08
-200
-5.42538e-05
-6.60051e-09
-200
-6.42305e-05
1.10055e-07
-200
-7.51394e-05
2.647e-07
2.99719e-06
-3.53196e-08
-200
1.21553e-05
-3.19616e-07
-200
9.04867e-06
-1.81548e-07
-200
5.82559e-06
7.58497e-08
-200
2.46429e-06
2.75817e-07
-200
-1.06757e-06
4.16283e-07
-200
-4.8399e-06
5.03106e-07
-200
-8.98195e-06
5.40875e-07
-200
-1.35834e-05
5.02189e-07
-200
-1.88497e-05
3.75249e-07
-200
-2.48593e-05
2.39253e-07
-200
-3.15158e-05
9.33817e-08
-200
-3.90421e-05
2.85894e-09
-200
-4.74904e-05
-8.22686e-09
-200
-5.69976e-05
4.70982e-08
-200
-6.75034e-05
8.58272e-08
-200
-7.89923e-05
2.01773e-07
3.05074e-06
-6.50033e-08
-200
1.21791e-05
-4.0455e-07
-200
9.35835e-06
-1.11382e-07
-200
6.29462e-06
1.46072e-07
-200
3.0833e-06
2.88664e-07
-200
-3.25193e-07
4.59844e-07
-200
-4.03707e-06
5.59269e-07
-200
-8.29005e-06
5.77323e-07
-200
-1.31349e-05
4.88628e-07
-200
-1.88928e-05
3.24454e-07
-200
-2.53816e-05
1.56461e-07
-200
-3.26791e-05
3.3853e-09
-200
-4.08295e-05
-5.6042e-08
-200
-4.9912e-05
-3.87742e-08
-200
-6.00834e-05
7.18797e-09
-200
-7.13487e-05
1.45052e-07
-200
-8.34967e-05
3.24101e-07
3.21821e-06
-5.06978e-08
-200
1.23356e-05
-5.72566e-08
-200
9.8157e-06
1.43867e-07
-200
6.98191e-06
3.74939e-07
-200
3.97763e-06
5.58912e-07
-200
6.83649e-07
6.78291e-07
-200
-2.93282e-06
7.0788e-07
-200
-7.27471e-06
6.32218e-07
-200
-1.24385e-05
5.1772e-07
-200
-1.87313e-05
3.3176e-07
-200
-2.5894e-05
1.22202e-07
-200
-3.39147e-05
3.11943e-09
-200
-4.27609e-05
-2.94092e-08
-200
-5.2599e-05
-2.87066e-10
-200
-6.35697e-05
6.59914e-08
-200
-7.56329e-05
1.06457e-07
-200
-8.86968e-05
2.33586e-07
3.54735e-06
-7.27208e-08
-200
1.27504e-05
1.59696e-07
-200
1.04132e-05
3.35777e-07
-200
7.89122e-06
4.49995e-07
-200
5.00705e-06
5.69588e-07
-200
1.96684e-06
5.32856e-07
-200
-1.56183e-06
5.65396e-07
-200
-5.98239e-06
4.73239e-07
-200
-1.15757e-05
2.80239e-07
-200
-1.85439e-05
5.60797e-08
-200
-2.64268e-05
-9.89498e-08
-200
-3.51651e-05
-1.59138e-07
-200
-4.48563e-05
-1.09462e-07
-200
-5.555e-05
-2.7124e-08
-200
-6.74774e-05
1.83813e-08
-200
-8.06535e-05
1.6681e-07
-200
-9.48203e-05
3.52826e-07
4.06418e-06
-3.61601e-08
-200
1.34189e-05
7.38076e-07
-200
1.11945e-05
7.5348e-07
-200
8.98084e-06
7.50036e-07
-200
6.19076e-06
7.09758e-07
-200
3.48504e-06
7.09645e-07
-200
-7.28e-08
6.29089e-07
-200
-4.55967e-06
4.15515e-07
-200
-1.0785e-05
1.6083e-07
-200
-1.83426e-05
-6.49091e-08
-200
-2.67926e-05
-2.0336e-07
-200
-3.63818e-05
-1.89245e-07
-200
-4.70604e-05
-6.28875e-08
-200
-5.87539e-05
-8.82109e-09
-200
-7.17989e-05
3.48934e-08
-200
-8.61569e-05
8.05357e-08
-200
-0.000101776
2.43498e-07
4.78241e-06
-3.89819e-08
-200
1.42915e-05
1.04718e-06
-200
1.22366e-05
1.10634e-06
-200
1.02087e-05
9.05146e-07
-200
7.71585e-06
7.65002e-07
-200
5.01753e-06
7.24612e-07
-200
1.45578e-06
5.18589e-07
-200
-3.45672e-06
2.37025e-07
-200
-1.00987e-05
-1.02759e-07
-200
-1.81426e-05
-2.78106e-07
-200
-2.73419e-05
-3.16264e-07
-200
-3.75555e-05
-2.64604e-07
-200
-4.91941e-05
-2.54892e-07
-200
-6.224e-05
-6.2948e-08
-200
-7.65518e-05
-2.16189e-08
-200
-9.23935e-05
1.54851e-07
-200
-0.000109756
5.03156e-07
5.69048e-06
7.62965e-09
-200
1.576e-05
1.71455e-06
-200
1.40924e-05
1.59141e-06
-200
1.18712e-05
1.34366e-06
-200
9.60407e-06
1.34232e-06
-200
6.51122e-06
1.22114e-06
-200
2.82353e-06
8.74962e-07
-200
-2.99413e-06
3.97546e-07
-200
-9.74437e-06
1.57075e-07
-200
-1.87832e-05
1.99853e-07
-200
-2.74032e-05
-2.13641e-07
-200
-3.90846e-05
-2.09288e-07
-200
-5.21477e-05
2.83905e-07
-200
-6.61087e-05
2.47922e-09
-200
-8.17256e-05
6.27719e-08
-200
-9.90676e-05
2.76836e-07
-200
-0.000118526
4.10349e-07
6.729e-06
-3.97965e-08
-200
1.80583e-05
1.62043e-06
-200
1.70716e-05
1.3605e-06
-200
1.44886e-05
1.24589e-06
-200
1.20354e-05
1.14942e-06
-200
8.78037e-06
7.07968e-07
-200
4.11413e-06
9.80807e-08
-200
-2.5113e-06
-4.45275e-08
-200
-9.74223e-06
-5.62106e-07
-200
-1.85705e-05
-7.90425e-07
-200
-4.69892e-07
-200
-2.97451e-07
-200
-5.36872e-07
-200
-3.13988e-08
-200
1.39971e-07
-200
5.17268e-07
-200
1.00456e-06
-6.59746e-08
-200
1.93564e-06
-200
1.79516e-06
-200
1.74341e-06
-200
1.65464e-06
-200
1.07398e-06
-200
3.01135e-07
-200
-8.5136e-07
-200
-8.44659e-07
-2.22962e-07
-200
9.61608e-07
9.38825e-07
-200
8.04267e-07
7.8791e-07
-200
5.26534e-07
5.97476e-07
-200
2.46638e-07
4.49547e-07
-200
-4.29316e-08
3.85106e-07
-200
-3.4849e-07
3.6886e-07
-200
-6.76981e-07
3.6969e-07
-200
-1.03341e-06
3.7246e-07
-200
-1.42492e-06
3.73648e-07
-200
-1.85881e-06
3.65469e-07
-200
-2.34478e-06
3.46459e-07
-200
-2.891e-06
3.25651e-07
-200
-3.50877e-06
2.95575e-07
-200
-4.22986e-06
2.57745e-07
-200
-5.06177e-06
2.18427e-07
-200
-6.04191e-06
2.20326e-07
4.18039e-07
4.78319e-08
-200
1.92648e-06
7.97742e-07
-200
1.55022e-06
6.58882e-07
-200
1.03788e-06
5.08676e-07
-200
4.86716e-07
3.92113e-07
-200
-9.75478e-08
3.52246e-07
-200
-7.19683e-07
3.55711e-07
-200
-1.393e-06
3.71173e-07
-200
-2.12795e-06
3.85781e-07
-200
-2.93669e-06
3.92873e-07
-200
-3.83477e-06
3.87057e-07
-200
-4.84002e-06
3.70322e-07
-200
-5.97436e-06
3.54182e-07
-200
-7.26019e-06
3.25748e-07
-200
-8.74185e-06
2.75196e-07
-200
-1.04626e-05
2.54843e-07
-200
-1.2451e-05
2.46232e-07
8.19235e-07
5.05284e-08
-200
2.94942e-06
7.80768e-07
-200
2.31013e-06
5.95876e-07
-200
1.57327e-06
4.67078e-07
-200
7.54113e-07
3.61044e-07
-200
-1.26411e-07
3.22666e-07
-200
-1.06546e-06
3.2594e-07
-200
-2.08265e-06
3.40992e-07
-200
-3.19272e-06
3.54564e-07
-200
-4.41494e-06
3.61357e-07
-200
-5.77202e-06
3.56149e-07
-200
-7.29086e-06
3.4018e-07
-200
-9.00211e-06
3.2264e-07
-200
-1.09439e-05
2.97948e-07
-200
-1.31665e-05
2.56832e-07
-200
-1.57257e-05
1.91942e-07
-200
-1.87146e-05
2.12937e-07
1.16144e-06
5.25017e-08
-200
3.96446e-06
7.31525e-07
-200
3.072e-06
6.03364e-07
-200
2.09113e-06
4.69858e-07
-200
1.00234e-06
3.62176e-07
-200
-1.73492e-07
3.23598e-07
-200
-1.42544e-06
3.25933e-07
-200
-2.78066e-06
3.39879e-07
-200
-4.25902e-06
3.54192e-07
-200
-5.88486e-06
3.59603e-07
-200
-7.68755e-06
3.53239e-07
-200
-9.70118e-06
3.36531e-07
-200
-1.19708e-05
3.23099e-07
-200
-1.45441e-05
2.94998e-07
-200
-1.7481e-05
2.43786e-07
-200
-2.08652e-05
2.407e-07
-200
-2.47836e-05
2.18838e-07
1.50079e-06
4.78136e-08
-200
4.99242e-06
7.09576e-07
-200
3.86478e-06
5.43739e-07
-200
2.63385e-06
4.28935e-07
-200
1.2759e-06
3.34694e-07
-200
-1.91836e-07
2.9907e-07
-200
-1.75402e-06
3.03123e-07
-200
-3.44053e-06
3.16918e-07
-200
-5.27712e-06
3.28027e-07
-200
-7.29536e-06
3.31843e-07
-200
-9.53112e-06
3.2456e-07
-200
-1.20276e-05
3.08414e-07
-200
-1.48344e-05
2.90847e-07
-200
-1.80138e-05
2.66627e-07
-200
-2.16356e-05
2.31232e-07
-200
-2.5784e-05
1.57275e-07
-200
-3.06254e-05
1.81519e-07
1.81644e-06
4.63219e-08
-200
5.96984e-06
6.03675e-07
-200
4.60809e-06
5.16808e-07
-200
3.12677e-06
3.99994e-07
-200
1.50346e-06
3.05578e-07
-200
-2.48132e-07
2.72305e-07
-200
-2.11247e-06
2.77749e-07
-200
-4.11831e-06
2.92925e-07
-200
-6.29983e-06
3.07701e-07
-200
-8.69263e-06
3.12084e-07
-200
-1.13383e-05
3.05876e-07
-200
-1.42872e-05
2.92218e-07
-200
-1.76009e-05
2.80296e-07
-200
-2.13499e-05
2.54567e-07
-200
-2.56134e-05
2.05865e-07
-200
-3.0505e-05
2.23101e-07
-200
-3.61547e-05
1.95602e-07
2.10432e-06
4.15535e-08
-200
6.93816e-06
5.91821e-07
-200
5.35305e-06
4.44462e-07
-200
3.62172e-06
3.55283e-07
-200
1.73822e-06
2.78505e-07
-200
-2.88492e-07
2.52223e-07
-200
-2.44335e-06
2.57922e-07
-200
-4.75564e-06
2.72392e-07
-200
-7.26474e-06
2.82709e-07
-200
-1.00141e-05
2.85346e-07
-200
-1.30488e-05
2.77432e-07
-200
-1.64285e-05
2.62395e-07
-200
-2.02205e-05
2.45374e-07
-200
-2.45042e-05
2.24098e-07
-200
-2.93683e-05
1.98601e-07
-200
-3.49184e-05
1.25674e-07
-200
-4.13689e-05
1.44447e-07
2.35097e-06
4.00744e-08
-200
7.82351e-06
4.67757e-07
-200
5.99864e-06
3.88405e-07
-200
4.0207e-06
2.93519e-07
-200
1.88272e-06
2.20432e-07
-200
-4.05262e-07
2.01685e-07
-200
-2.83252e-06
2.11118e-07
-200
-5.43162e-06
2.27747e-07
-200
-8.24671e-06
2.42382e-07
-200
-1.1326e-05
2.4734e-07
-200
-1.47182e-05
2.42864e-07
-200
-1.84898e-05
2.32069e-07
-200
-2.27179e-05
2.24569e-07
-200
-2.74901e-05
2.06577e-07
-200
-3.29017e-05
1.62629e-07
-200
-3.90891e-05
1.99996e-07
-200
-4.62035e-05
1.71897e-07
2.56148e-06
3.3671e-08
-200
8.66988e-06
4.73197e-07
-200
6.6098e-06
3.0234e-07
-200
4.3991e-06
2.4557e-07
-200
2.01179e-06
1.98028e-07
-200
-5.24104e-07
1.88143e-07
-200
-3.20825e-06
1.98892e-07
-200
-6.075e-06
2.13968e-07
-200
-9.17195e-06
2.23188e-07
-200
-1.25521e-05
2.24255e-07
-200
-1.62724e-05
2.18038e-07
-200
-2.04062e-05
2.05664e-07
-200
-2.50377e-05
1.89e-07
-200
-3.02626e-05
1.73617e-07
-200
-3.61783e-05
1.60174e-07
-200
-4.29058e-05
9.41337e-08
-200
-5.06819e-05
1.08211e-07
2.72505e-06
3.22153e-08
-200
9.38784e-06
2.6702e-07
-200
7.08503e-06
2.26839e-07
-200
4.6544e-06
1.56056e-07
-200
2.0326e-06
1.22226e-07
-200
-7.35661e-07
1.2068e-07
-200
-3.65612e-06
1.36425e-07
-200
-6.76542e-06
1.547e-07
-200
-1.01143e-05
1.67801e-07
-200
-1.37626e-05
1.74387e-07
-200
-1.77758e-05
1.73009e-07
-200
-2.22328e-05
1.66893e-07
-200
-2.72247e-05
1.58628e-07
-200
-3.28514e-05
1.46219e-07
-200
-3.92235e-05
1.08661e-07
-200
-4.64817e-05
1.75653e-07
-200
-5.47745e-05
1.54121e-07
2.85355e-06
2.2986e-08
-200
1.01031e-05
2.91282e-07
-200
7.52821e-06
1.35009e-07
-200
4.88568e-06
1.21182e-07
-200
2.04723e-06
1.10852e-07
-200
-9.38407e-07
1.18436e-07
-200
-4.07623e-06
1.35442e-07
-200
-7.4024e-06
1.51638e-07
-200
-1.09776e-05
1.61847e-07
-200
-1.48671e-05
1.63361e-07
-200
-1.91433e-05
1.5688e-07
-200
-2.38931e-05
1.45806e-07
-200
-2.92174e-05
1.33027e-07
-200
-3.52244e-05
1.23228e-07
-200
-4.20191e-05
1.20475e-07
-200
-4.97146e-05
6.08866e-08
-200
-5.85328e-05
8.64168e-08
2.93897e-06
2.24412e-08
-200
1.06801e-05
6.30499e-08
-200
7.85344e-06
5.0868e-08
-200
5.0092e-06
2.46557e-08
-200
1.9741e-06
2.6006e-08
-200
-1.20498e-06
4.48244e-08
-200
-4.52952e-06
6.91033e-08
-200
-8.0446e-06
9.12167e-08
-200
-1.18201e-05
1.0599e-07
-200
-1.59249e-05
1.11844e-07
-200
-2.04358e-05
1.09014e-07
-200
-2.54515e-05
1.02267e-07
-200
-3.10825e-05
9.81709e-08
-200
-3.74369e-05
8.61039e-08
-200
-4.46277e-05
6.95665e-08
-200
-5.27726e-05
1.55642e-07
-200
-6.20032e-05
1.48391e-07
3.001e-06
1.17536e-08
-200
1.1245e-05
1.0818e-07
-200
8.17846e-06
-2.01502e-08
-200
5.15468e-06
1.14483e-08
-200
1.94781e-06
3.87553e-08
-200
-1.39563e-06
6.94315e-08
-200
-4.87541e-06
9.81716e-08
-200
-8.56204e-06
1.20208e-07
-200
-1.25226e-05
1.2999e-07
-200
-1.68265e-05
1.30359e-07
-200
-2.15629e-05
1.18445e-07
-200
-2.68409e-05
9.9866e-08
-200
-3.27765e-05
8.19178e-08
-200
-3.94791e-05
7.91558e-08
-200
-4.70561e-05
8.52368e-08
-200
-5.56076e-05
3.84429e-08
-200
-6.52719e-05
9.05644e-08
3.03449e-06
9.76305e-09
-200
1.16537e-05
-1.42936e-07
-200
8.41228e-06
-9.21441e-08
-200
5.25202e-06
-6.57129e-08
-200
1.91472e-06
-2.21753e-08
-200
-1.54836e-06
2.45005e-08
-200
-5.15889e-06
6.34645e-08
-200
-8.99547e-06
9.12307e-08
-200
-1.31267e-05
1.08422e-07
-200
-1.76275e-05
1.08355e-07
-200
-2.25955e-05
9.35187e-08
-200
-2.81488e-05
7.2171e-08
-200
-3.44063e-05
5.76052e-08
-200
-4.14502e-05
4.98148e-08
-200
-4.94136e-05
5.07433e-08
-200
-5.84177e-05
1.1503e-07
-200
-6.84222e-05
1.56109e-07
3.03689e-06
-3.06598e-09
-200
1.20279e-05
-7.77432e-08
-200
8.69313e-06
-1.20431e-07
-200
5.44559e-06
-2.83107e-08
-200
2.03542e-06
4.72999e-08
-200
-1.50299e-06
1.09415e-07
-200
-5.21864e-06
1.53556e-07
-200
-9.19204e-06
1.82126e-07
-200
-1.34951e-05
1.9219e-07
-200
-1.8212e-05
1.7383e-07
-200
-2.34522e-05
1.38907e-07
-200
-2.93451e-05
9.50695e-08
-200
-3.59358e-05
8.84897e-08
-200
-4.3365e-05
6.54265e-08
-200
-5.17603e-05
7.67951e-08
-200
-6.11811e-05
2.03496e-08
-200
-7.16394e-05
1.21828e-07
2.99392e-06
-8.81232e-09
-200
1.22483e-05
-2.4914e-07
-200
8.96345e-06
-1.2728e-07
-200
5.68926e-06
-3.47069e-08
-200
2.26469e-06
6.03257e-08
-200
-1.2988e-06
1.41241e-07
-200
-5.08446e-06
1.98011e-07
-200
-9.17855e-06
2.32925e-07
-200
-1.3664e-05
2.40751e-07
-200
-1.86397e-05
2.08389e-07
-200
-2.42571e-05
1.52789e-07
-200
-3.05076e-05
1.2169e-07
-200
-3.74959e-05
7.84893e-08
-200
-4.53627e-05
5.66265e-08
-200
-5.42591e-05
5.44847e-08
-200
-6.42101e-05
1.82074e-07
-200
-7.50715e-05
2.02997e-07
2.98113e-06
-1.67166e-08
-200
1.24774e-05
-1.18941e-07
-200
9.35544e-06
-5.9351e-08
-200
6.12219e-06
9.09656e-08
-200
2.76297e-06
2.14497e-07
-200
-7.86566e-07
3.07042e-07
-200
-4.60666e-06
3.65362e-07
-200
-8.81368e-06
3.93765e-07
-200
-1.35101e-05
3.7992e-07
-200
-1.88793e-05
3.15067e-07
-200
-2.49112e-05
2.41302e-07
-200
-3.16135e-05
1.70489e-07
-200
-3.90945e-05
1.09685e-07
-200
-4.7501e-05
9.68375e-08
-200
-5.69798e-05
1.11459e-07
-200
-6.74905e-05
4.18615e-08
-200
-7.89668e-05
1.76054e-07
3.0322e-06
-1.4337e-08
-200
1.26596e-05
-1.32914e-07
-200
9.81411e-06
5.7837e-08
-200
6.68392e-06
1.91818e-07
-200
3.41537e-06
3.13777e-07
-200
-4.85157e-08
3.9623e-07
-200
-3.84988e-06
4.70339e-07
-200
-8.16749e-06
4.84104e-07
-200
-1.31655e-05
4.49285e-07
-200
-1.89751e-05
3.64399e-07
-200
-2.55029e-05
2.74698e-07
-200
-3.27873e-05
1.90609e-07
-200
-4.08875e-05
1.47431e-07
-200
-4.99104e-05
1.17197e-07
-200
-6.00841e-05
1.05734e-07
-200
-7.13486e-05
2.41558e-07
-200
-8.34582e-05
2.6618e-07
3.21903e-06
-1.46996e-08
-200
1.30758e-05
1.14966e-07
-200
1.04603e-05
2.20342e-07
-200
7.48913e-06
3.59653e-07
-200
4.39399e-06
4.75638e-07
-200
1.03164e-06
5.53239e-07
-200
-2.74606e-06
5.94931e-07
-200
-7.15893e-06
5.42624e-07
-200
-1.25304e-05
5.00919e-07
-200
-1.88144e-05
3.986e-07
-200
-2.60273e-05
3.03121e-07
-200
-3.39713e-05
2.21626e-07
-200
-4.28383e-05
1.82167e-07
-200
-5.26009e-05
1.59116e-07
-200
-6.35979e-05
1.58944e-07
-200
-7.56774e-05
6.50637e-08
-200
-8.87271e-05
2.08621e-07
3.55779e-06
2.18296e-09
-200
1.35956e-05
3.04002e-07
-200
1.12179e-05
3.73795e-07
-200
8.44952e-06
4.37063e-07
-200
5.49739e-06
5.13994e-07
-200
2.26476e-06
5.17849e-07
-200
-1.39574e-06
5.45211e-07
-200
-5.97484e-06
5.17728e-07
-200
-1.17264e-05
4.1878e-07
-200
-1.86557e-05
3.14198e-07
-200
-2.65708e-05
2.40928e-07
-200
-3.53218e-05
1.94561e-07
-200
-4.50032e-05
1.85748e-07
-200
-5.56281e-05
1.44404e-07
-200
-6.75465e-05
1.03813e-07
-200
-8.07008e-05
2.57379e-07
-200
-9.47983e-05
3.12143e-07
4.09617e-06
1.88134e-08
-200
1.43412e-05
6.31225e-07
-200
1.21359e-05
5.98692e-07
-200
9.68042e-06
5.49078e-07
-200
6.82731e-06
5.39453e-07
-200
3.8426e-06
5.72703e-07
-200
2.27632e-07
5.28841e-07
-200
-4.54907e-06
4.39394e-07
-200
-1.08084e-05
3.15992e-07
-200
-1.84019e-05
2.213e-07
-200
-2.70893e-05
1.68917e-07
-200
-3.67541e-05
1.54576e-07
-200
-4.71207e-05
8.59002e-08
-200
-5.88116e-05
5.28618e-08
-200
-7.18425e-05
7.32427e-08
-200
-8.61928e-05
6.48219e-08
-200
-0.000101723
2.32569e-07
4.79249e-06
5.48288e-08
-200
1.56767e-05
6.71992e-07
-200
1.28557e-05
9.31617e-07
-200
1.09913e-05
7.5966e-07
-200
8.25609e-06
6.59101e-07
-200
5.49284e-06
6.35374e-07
-200
1.72302e-06
5.63555e-07
-200
-3.29212e-06
3.94002e-07
-200
-1.00989e-05
2.34777e-07
-200
-1.83657e-05
2.16031e-07
-200
-2.7817e-05
1.98586e-07
-200
-3.81632e-05
1.64197e-07
-200
-4.97474e-05
1.13608e-07
-200
-6.22242e-05
6.01236e-08
-200
-7.65664e-05
1.16792e-07
-200
-9.20963e-05
1.57824e-07
-200
-0.000109497
4.60376e-07
5.66947e-06
6.38232e-08
-200
1.69961e-05
1.51042e-06
-200
1.44195e-05
1.27634e-06
-200
1.24911e-05
1.2592e-06
-200
1.00074e-05
1.20511e-06
-200
7.12539e-06
1.11687e-06
-200
3.12671e-06
9.48074e-07
-200
-2.44572e-06
6.76628e-07
-200
-9.60709e-06
6.06362e-07
-200
-1.84976e-05
7.063e-07
-200
-2.87914e-05
5.11848e-07
-200
-4.00843e-05
4.05662e-07
-200
-5.18235e-05
1.6862e-07
-200
-6.59963e-05
1.08815e-07
-200
-8.14926e-05
3.30312e-08
-200
-9.89357e-05
5.49951e-07
-200
-0.000118195
4.46374e-07
6.60436e-06
7.75796e-08
-200
1.88559e-05
1.09386e-06
-200
1.69497e-05
1.35845e-06
-200
1.4546e-05
1.18243e-06
-200
1.19829e-05
1.16316e-06
-200
8.53289e-06
9.48884e-07
-200
4.07592e-06
5.87579e-07
-200
-1.91978e-06
4.47957e-07
-200
-9.62745e-06
2.49247e-07
-200
-1.91579e-05
2.05484e-07
-200
-2.98269e-05
2.18206e-07
-200
-4.17431e-05
1.44833e-09
-200
2.49074e-08
-200
3.46155e-07
-200
7.67799e-07
-200
5.04016e-07
-200
9.03432e-07
-2.55626e-08
-200
2.19256e-06
-200
1.87124e-06
-200
1.87764e-06
-200
1.74518e-06
-200
1.4212e-06
-200
1.1017e-06
-200
8.55268e-07
-200
5.27288e-07
-200
8.68181e-07
-200
-3.68449e-10
4.27033e-07
-200
1.7535e-06
-200
1.56998e-06
-200
1.29683e-06
-200
9.9951e-07
-200
6.92948e-07
-200
3.71225e-07
-200
2.63057e-08
-200
-3.47765e-07
-200
-7.56461e-07
-200
-1.20918e-06
-200
-1.71544e-06
-200
-2.28394e-06
-200
-2.93187e-06
-200
-3.6822e-06
-200
-4.5313e-06
-200
-5.53218e-06
4.48852e-07
-200
3.47453e-06
-200
3.04735e-06
-200
2.54916e-06
-200
1.98211e-06
-200
1.37435e-06
-200
7.27314e-07
-200
2.69375e-08
-200
-7.36878e-07
-200
-1.57691e-06
-200
-2.50923e-06
-200
-3.55248e-06
-200
-4.72651e-06
-200
-6.06109e-06
-200
-7.59906e-06
-200
-9.35444e-06
-200
-1.13943e-05
8.96643e-07
-200
5.19347e-06
-200
4.46582e-06
-200
3.75139e-06
-200
2.92402e-06
-200
2.02108e-06
-200
1.05033e-06
-200
-1.98584e-09
-200
-1.15138e-06
-200
-2.416e-06
-200
-3.81912e-06
-200
-5.38878e-06
-200
-7.15713e-06
-200
-9.16255e-06
-200
-1.14599e-05
-200
-1.41089e-05
-200
-1.71593e-05
1.30125e-06
-200
6.87178e-06
-200
5.90278e-06
-200
4.95061e-06
-200
3.85486e-06
-200
2.65893e-06
-200
1.36789e-06
-200
-3.10696e-08
-200
-1.55843e-06
-200
-3.23811e-06
-200
-5.10044e-06
-200
-7.18198e-06
-200
-9.5244e-06
-200
-1.21805e-05
-200
-1.52125e-05
-200
-1.86885e-05
-200
-2.27304e-05
1.68768e-06
-200
8.50119e-06
-200
7.29305e-06
-200
6.09587e-06
-200
4.73626e-06
-200
3.25211e-06
-200
1.64937e-06
-200
-8.72641e-08
-200
-1.9833e-06
-200
-4.06609e-06
-200
-6.37144e-06
-200
-8.94529e-06
-200
-1.184e-05
-200
-1.51165e-05
-200
-1.88492e-05
-200
-2.31474e-05
-200
-2.81117e-05
2.04392e-06
-200
1.00253e-05
-200
8.62868e-06
-200
7.18321e-06
-200
5.55577e-06
-200
3.78737e-06
-200
1.88221e-06
-200
-1.78454e-07
-200
-2.42389e-06
-200
-4.89025e-06
-200
-7.61619e-06
-200
-1.06549e-05
-200
-1.40687e-05
-200
-1.79309e-05
-200
-2.23237e-05
-200
-2.73492e-05
-200
-3.31884e-05
2.37e-06
-200
1.14948e-05
-200
9.86847e-06
-200
8.18061e-06
-200
6.2965e-06
-200
4.25416e-06
-200
2.0583e-06
-200
-3.11837e-07
-200
-2.89038e-06
-200
-5.71842e-06
-200
-8.84093e-06
-200
-1.23164e-05
-200
-1.62179e-05
-200
-2.06246e-05
-200
-2.5629e-05
-200
-3.13729e-05
-200
-3.80053e-05
2.65169e-06
-200
1.28152e-05
-200
1.09924e-05
-200
9.05687e-06
-200
6.91464e-06
-200
4.60838e-06
-200
2.13852e-06
-200
-5.19541e-07
-200
-3.40394e-06
-200
-6.56303e-06
-200
-1.00467e-05
-200
-1.39207e-05
-200
-1.82643e-05
-200
-2.31694e-05
-200
-2.8736e-05
-200
-3.50864e-05
-200
-4.24404e-05
2.89383e-06
-200
1.40739e-05
-200
1.1986e-05
-200
9.81171e-06
-200
7.42799e-06
-200
4.87332e-06
-200
2.14693e-06
-200
-7.78446e-07
-200
-3.94596e-06
-200
-7.40772e-06
-200
-1.122e-05
-200
-1.54588e-05
-200
-2.021e-05
-200
-2.55694e-05
-200
-3.1644e-05
-200
-3.85957e-05
-200
-4.65925e-05
3.08742e-06
-200
1.51162e-05
-200
1.28087e-05
-200
1.03975e-05
-200
7.7796e-06
-200
4.99231e-06
-200
2.03198e-06
-200
-1.13262e-06
-200
-4.54864e-06
-200
-8.27319e-06
-200
-1.23743e-05
-200
-1.69343e-05
-200
-2.2047e-05
-200
-2.78159e-05
-200
-3.43532e-05
-200
-4.17848e-05
-200
-5.03383e-05
3.24019e-06
-200
1.61053e-05
-200
1.34888e-05
-200
1.08648e-05
-200
8.03471e-06
-200
5.03512e-06
-200
1.86243e-06
-200
-1.51458e-06
-200
-5.15084e-06
-200
-9.11149e-06
-200
-1.34727e-05
-200
-1.83237e-05
-200
-2.37663e-05
-200
-2.9907e-05
-200
-3.68639e-05
-200
-4.47944e-05
-200
-5.3843e-05
3.35352e-06
-200
1.68431e-05
-200
1.39992e-05
-200
1.11689e-05
-200
8.14091e-06
-200
4.95207e-06
-200
1.59984e-06
-200
-1.95683e-06
-200
-5.78241e-06
-200
-9.94804e-06
-200
-1.45361e-05
-200
-1.9645e-05
-200
-2.53846e-05
-200
-3.18691e-05
-200
-3.92119e-05
-200
-4.75344e-05
-200
-5.70009e-05
3.43498e-06
-200
1.75347e-05
-200
1.44176e-05
-200
1.14144e-05
-200
8.22288e-06
-200
4.87914e-06
-200
1.37883e-06
-200
-2.3373e-06
-200
-6.33637e-06
-200
-1.06921e-05
-200
-1.54965e-05
-200
-2.08579e-05
-200
-2.68929e-05
-200
-3.3703e-05
-200
-4.14196e-05
-200
-5.01856e-05
-200
-6.00622e-05
3.49614e-06
-200
1.79611e-05
-200
1.47203e-05
-200
1.15769e-05
-200
8.25696e-06
-200
4.80405e-06
-200
1.18499e-06
-200
-2.66725e-06
-200
-6.82066e-06
-200
-1.13567e-05
-200
-1.63736e-05
-200
-2.19899e-05
-200
-2.83375e-05
-200
-3.54663e-05
-200
-4.35495e-05
-200
-5.27008e-05
-200
-6.29708e-05
3.51865e-06
-200
1.83765e-05
-200
1.50358e-05
-200
1.1815e-05
-200
8.43137e-06
-200
4.91344e-06
-200
1.20102e-06
-200
-2.77241e-06
-200
-7.08375e-06
-200
-1.18239e-05
-200
-1.70796e-05
-200
-2.30313e-05
-200
-2.96743e-05
-200
-3.71664e-05
-200
-4.56679e-05
-200
-5.53e-05
-200
-6.59695e-05
3.49503e-06
-200
1.86004e-05
-200
1.53953e-05
-200
1.21396e-05
-200
8.75183e-06
-200
5.21298e-06
-200
1.44607e-06
-200
-2.63006e-06
-200
-7.10433e-06
-200
-1.20811e-05
-200
-1.76847e-05
-200
-2.39677e-05
-200
-3.09656e-05
-200
-3.88904e-05
-200
-4.7886e-05
-200
-5.79687e-05
-200
-6.91095e-05
3.50668e-06
-200
1.89477e-05
-200
1.59295e-05
-200
1.27209e-05
-200
9.39693e-06
-200
5.89014e-06
-200
2.10783e-06
-200
-2.06904e-06
-200
-6.72724e-06
-200
-1.20559e-05
-200
-1.80753e-05
-200
-2.47403e-05
-200
-3.22429e-05
-200
-4.0691e-05
-200
-5.02979e-05
-200
-6.10414e-05
-200
-7.274e-05
3.60343e-06
-200
1.93805e-05
-200
1.66496e-05
-200
1.35504e-05
-200
1.03337e-05
-200
6.91053e-06
-200
3.17623e-06
-200
-1.11266e-06
-200
-6.0084e-06
-200
-1.17542e-05
-200
-1.82212e-05
-200
-2.54485e-05
-200
-3.35583e-05
-200
-4.26785e-05
-200
-5.30136e-05
-200
-6.44323e-05
-200
-7.68531e-05
3.83815e-06
-200
2.01113e-05
-200
1.76316e-05
-200
1.46731e-05
-200
1.16258e-05
-200
8.32345e-06
-200
4.67101e-06
-200
2.57235e-07
-200
-4.92414e-06
-200
-1.11363e-05
-200
-1.81684e-05
-200
-2.61207e-05
-200
-3.49575e-05
-200
-4.49175e-05
-200
-5.61084e-05
-200
-6.84618e-05
-200
-8.17556e-05
4.24349e-06
-200
2.09712e-05
-200
1.87371e-05
-200
1.59406e-05
-200
1.30668e-05
-200
9.96049e-06
-200
6.3985e-06
-200
1.93162e-06
-200
-3.6238e-06
-200
-1.0382e-05
-200
-1.80891e-05
-200
-2.68386e-05
-200
-3.65504e-05
-200
-4.74566e-05
-200
-5.96126e-05
-200
-7.28932e-05
-200
-8.72316e-05
4.83262e-06
-200
2.22683e-05
-200
1.96565e-05
-200
1.73231e-05
-200
1.46156e-05
-200
1.18629e-05
-200
8.29966e-06
-200
3.74619e-06
-200
-2.27961e-06
-200
-9.63054e-06
-200
-1.80943e-05
-200
-2.76939e-05
-200
-3.84259e-05
-200
-5.0368e-05
-200
-6.35361e-05
-200
-7.77582e-05
-200
-9.35151e-05
5.57261e-06
-200
2.35693e-05
-200
2.07025e-05
-200
1.90071e-05
-200
1.64731e-05
-200
1.3865e-05
-200
1.03389e-05
-200
5.49382e-06
-200
-1.03618e-06
-200
-9.00352e-06
-200
-1.81572e-05
-200
-2.86513e-05
-200
-4.04532e-05
-200
-5.35366e-05
-200
-6.73614e-05
-200
-8.31504e-05
-200
-0.000100189
6.42495e-06
-200
2.54821e-05
-200
2.30412e-05
-200
2.14735e-05
-200
1.91822e-05
-200
1.63395e-05
-200
1.27099e-05
-200
7.39096e-06
-200
4.042e-07
-200
-8.16558e-06
-200
-1.79414e-05
-200
-2.93411e-05
-200
-4.27012e-05
-200
-5.64112e-05
-200
-7.19473e-05
-200
-8.83238e-05
-200
-0.000108122
7.43475e-06
-200
2.79049e-05
-200
2.64405e-05
-200
2.45188e-05
-200
2.21957e-05
-200
1.8913e-05
-200
1.46685e-05
-200
8.89328e-06
-200
1.41855e-06
-200
-7.69824e-06
-200
-1.8034e-05
-200
-3.01978e-05
-200
-4.46002e-05
-200
-5.98018e-05
-200
-7.5958e-05
-200
-200
-200
-200
-200
-200
-200
-200
-200
-200
-200
-200
-200
-200
-200
)
;

boundaryField
{
    frontAndBack
    {
        type            calculated;
        value           uniform 0;
    }
    inlet
    {
        type            calculated;
        value           uniform -200;
    }
    outlet
    {
        type            calculated;
        value           nonuniform List<scalar> 0();
    }
    lowerWall
    {
        type            calculated;
        value           uniform 0;
    }
    upperWall
    {
        type            calculated;
        value           uniform 0;
    }
    procBoundary2to1
    {
        type            processor;
        value           nonuniform List<scalar> 
124
(
200
200
200
200
200
200
200
200
200
200
200
200
200
200
200
200
200
200
200
200
200
200
200
200
200
200
200
200
200
200
200
200
200
200
200
200
200
200
200
200
200
200
200
200
200
200
200
200
200
200
200
200
200
200
200
200
200
200
200
200
200
200
200
200
200
200
200
200
200
200
200
200
200
200
200
200
200
200
200
200
200
200
200
200
200
200
200
200
200
200
200
200
200
200
200
200
200
200
200
200
200
200
200
200
200
200
200
200
200
200
200
200
200
200
200
200
200
200
200
200
200
200
200
200
)
;
    }
    procBoundary2to4
    {
        type            processor;
        value           uniform 200;
    }
    procBoundary2to5
    {
        type            processor;
        value           nonuniform List<scalar> 
100
(
9.00554e-06
3.14487e-06
-3.34573e-06
-1.129e-05
-2.02793e-05
-3.06644e-05
-4.26039e-05
-5.60836e-05
-7.11594e-05
-8.79719e-05
-0.00010677
-0.000127794
7.91965e-06
1.99443e-05
1.89186e-05
1.56855e-05
-200
1.44324e-05
6.18848e-07
9.32421e-07
-1.00982e-06
-9.09214e-06
-1.83561e-05
-2.89169e-05
-4.09611e-05
-5.49623e-05
-7.05777e-05
-8.76962e-05
-0.000106924
-0.000128193
7.94325e-06
1.98989e-05
1.95175e-05
1.70986e-05
1.47061e-05
1.00073e-05
-200
5.12587e-06
1.19601e-06
1.59406e-06
1.33103e-06
-2.85215e-05
-4.14223e-05
-5.5098e-05
-7.04106e-05
-8.74397e-05
-0.000106529
-0.000128029
7.91332e-06
2.0694e-05
1.9874e-05
1.73723e-05
1.46517e-05
9.93835e-06
4.57359e-06
-1.92543e-06
-1.04542e-05
-200
-1.95653e-05
1.05594e-06
3.21098e-07
-5.47377e-05
-7.06325e-05
-8.76761e-05
-0.000106279
-0.000127636
7.78497e-06
2.14538e-05
1.96865e-05
1.71945e-05
1.42049e-05
9.98898e-06
4.68347e-06
-2.25936e-06
-1.05326e-05
-1.99237e-05
-3.10992e-05
-200
-4.37088e-05
-3.27214e-07
-3.68908e-07
-4.24712e-07
-9.45792e-05
-0.000117085
8.75513e-06
3.17827e-05
3.11464e-05
2.88741e-05
2.60676e-05
2.21391e-05
1.7111e-05
1.06481e-05
2.67536e-06
-6.70203e-06
-1.81977e-05
-3.08376e-05
-4.56032e-05
-6.35729e-05
-200
-8.05893e-05
)
;
    }
}


// ************************************************************************* //
