/*--------------------------------*- C++ -*----------------------------------*\
  =========                 |
  \\      /  F ield         | OpenFOAM: The Open Source CFD Toolbox
   \\    /   O peration     | Website:  https://openfoam.org
    \\  /    A nd           | Version:  10
     \\/     M anipulation  |
\*---------------------------------------------------------------------------*/
FoamFile
{
    format      ascii;
    class       volVectorField;
    location    "10";
    object      U;
}
// * * * * * * * * * * * * * * * * * * * * * * * * * * * * * * * * * * * * * //

dimensions      [0 1 -1 0 0 0 0];

internalField   nonuniform List<vector> 
2084
(
(-10 3.26106e-08 2.89496e-08)
(-10 2.38435e-08 1.30123e-08)
(-10 2.09649e-08 7.15009e-09)
(-10 1.50448e-08 -1.13584e-09)
(-10 8.78432e-09 -4.57081e-09)
(-10 1.79067e-09 -5.60464e-09)
(-10 -5.84383e-09 -5.31229e-09)
(-10 -1.42904e-08 -4.5675e-09)
(-10 -2.36928e-08 -3.81673e-09)
(-10 -3.42733e-08 -3.18955e-09)
(-10 -4.62315e-08 -2.66676e-09)
(-10 -5.97188e-08 -2.13991e-09)
(-10 -7.5438e-08 -1.55128e-09)
(-10 -9.41937e-08 -6.80926e-10)
(-10 -1.13271e-07 5.86918e-10)
(-10 -1.37831e-07 2.23842e-09)
(-10 7.36361e-09 -1.22791e-09)
(-10 5.93904e-08 2.24573e-08)
(-10 3.05222e-08 1.23233e-08)
(-10 1.93694e-08 5.86534e-09)
(-10 -9.43297e-11 -1.46872e-09)
(-10 -1.97683e-08 -3.9955e-09)
(-10 -4.14337e-08 -4.24903e-09)
(-10 -6.49514e-08 -3.45263e-09)
(-10 -9.0832e-08 -2.41054e-09)
(-10 -1.19561e-07 -1.52785e-09)
(-10 -1.5172e-07 -8.77501e-10)
(-10 -1.87985e-07 -4.30211e-10)
(-10 -2.291e-07 -8.8987e-11)
(-10 -2.75964e-07 3.97776e-10)
(-10 -3.29723e-07 1.02286e-09)
(-10 -3.92623e-07 1.54234e-09)
(-10 -4.65307e-07 4.13955e-09)
(-10 3.09434e-08 -7.36111e-10)
(-10 1.2631e-07 1.68737e-08)
(-10 9.93019e-08 7.57994e-09)
(-10 7.02531e-08 -1.49017e-09)
(-10 3.70609e-08 -6.95569e-09)
(-10 1.36459e-09 -9.42411e-09)
(-10 -3.7135e-08 -9.50217e-09)
(-10 -7.87598e-08 -8.53923e-09)
(-10 -1.2423e-07 -7.15929e-09)
(-10 -1.7442e-07 -6.15839e-09)
(-10 -2.30324e-07 -5.24601e-09)
(-10 -2.93122e-07 -4.4981e-09)
(-10 -3.64137e-07 -3.77883e-09)
(-10 -4.45065e-07 -2.98176e-09)
(-10 -5.38458e-07 -1.88882e-09)
(-10 -6.45178e-07 3.86677e-10)
(-10 -7.6994e-07 1.32785e-09)
(-10 4.68819e-08 -1.81517e-09)
(-10 1.76343e-07 1.69157e-08)
(-10 1.44259e-07 5.70573e-09)
(-10 9.88678e-08 -4.15044e-09)
(-10 5.28779e-08 -9.35135e-09)
(-10 2.62735e-09 -1.16486e-08)
(-10 -5.13253e-08 -1.16756e-08)
(-10 -1.0976e-07 -1.0658e-08)
(-10 -1.73534e-07 -9.36061e-09)
(-10 -2.43867e-07 -8.17628e-09)
(-10 -3.22116e-07 -7.16778e-09)
(-10 -4.09922e-07 -6.28948e-09)
(-10 -5.09198e-07 -5.43795e-09)
(-10 -6.22154e-07 -4.31389e-09)
(-10 -7.51295e-07 -2.8959e-09)
(-10 -9.00797e-07 -2.06701e-09)
(-10 -1.07448e-06 1.87613e-09)
(-10 6.81282e-08 -1.3244e-09)
(-10 2.40738e-07 1.83855e-08)
(-10 1.86265e-07 2.00586e-09)
(-10 1.32359e-07 -3.25434e-09)
(-10 7.31078e-08 -8.46969e-09)
(-10 8.59964e-09 -1.05371e-08)
(-10 -6.08142e-08 -1.06103e-08)
(-10 -1.35915e-07 -9.67231e-09)
(-10 -2.17838e-07 -8.15516e-09)
(-10 -3.08072e-07 -7.42442e-09)
(-10 -4.08365e-07 -6.56066e-09)
(-10 -5.20779e-07 -5.81718e-09)
(-10 -6.47714e-07 -5.04029e-09)
(-10 -7.92076e-07 -4.19704e-09)
(-10 -9.57518e-07 -3.00588e-09)
(-10 -1.14752e-06 -1.33747e-10)
(-10 -1.36794e-06 4.6474e-10)
(-10 8.17453e-08 -1.82761e-09)
(-10 2.87378e-07 1.02148e-08)
(-10 2.23061e-07 5.86789e-09)
(-10 1.57939e-07 -2.24969e-09)
(-10 8.53722e-08 -7.69226e-09)
(-10 7.34276e-09 -9.76089e-09)
(-10 -7.6685e-08 -9.77953e-09)
(-10 -1.67467e-07 -8.88202e-09)
(-10 -2.6644e-07 -7.80591e-09)
(-10 -3.75358e-07 -6.84276e-09)
(-10 -4.96301e-07 -6.04469e-09)
(-10 -6.31725e-07 -5.36262e-09)
(-10 -7.84528e-07 -4.71911e-09)
(-10 -9.58105e-07 -3.74002e-09)
(-10 -1.15633e-06 -2.39414e-09)
(-10 -1.38457e-06 -2.1955e-09)
(-10 -1.64904e-06 1.87813e-09)
(-10 9.98026e-08 -9.23077e-10)
(-10 3.30904e-07 9.53291e-09)
(-10 2.64869e-07 9.55571e-09)
(-10 1.8626e-07 -2.95326e-09)
(-10 1.01436e-07 -7.18106e-09)
(-10 1.01241e-08 -8.9866e-09)
(-10 -8.81083e-08 -8.86974e-09)
(-10 -1.94199e-07 -8.0127e-09)
(-10 -3.09756e-07 -6.56453e-09)
(-10 -4.36802e-07 -6.08734e-09)
(-10 -5.77733e-07 -5.39291e-09)
(-10 -7.35377e-07 -4.8062e-09)
(-10 -9.13059e-07 -4.2046e-09)
(-10 -1.11469e-06 -3.52045e-09)
(-10 -1.34494e-06 -2.56368e-09)
(-10 -1.60911e-06 4.55092e-10)
(-10 -1.91426e-06 4.21963e-10)
(-10 1.10855e-07 -1.62264e-09)
(-10 3.71043e-07 1.16918e-08)
(-10 2.95655e-07 2.11203e-09)
(-10 2.06624e-07 -4.50668e-09)
(-10 1.10302e-07 -7.59673e-09)
(-10 6.35815e-09 -8.74547e-09)
(-10 -1.05194e-07 -8.4394e-09)
(-10 -2.25559e-07 -7.52063e-09)
(-10 -3.56495e-07 -6.39856e-09)
(-10 -5.00279e-07 -5.66724e-09)
(-10 -6.59615e-07 -4.99446e-09)
(-10 -8.37664e-07 -4.42734e-09)
(-10 -1.03816e-06 -3.86042e-09)
(-10 -1.26538e-06 -2.96256e-09)
(-10 -1.52427e-06 -1.7388e-09)
(-10 -1.82111e-06 -2.08866e-09)
(-10 -2.16355e-06 1.98777e-09)
(-10 1.24674e-07 -5.97858e-10)
(-10 4.23817e-07 1.01533e-08)
(-10 3.3066e-07 -4.12191e-09)
(-10 2.30623e-07 -5.33923e-09)
(-10 1.22329e-07 -7.77362e-09)
(-10 6.06882e-09 -8.26869e-09)
(-10 -1.18435e-07 -7.79705e-09)
(-10 -2.52538e-07 -6.83235e-09)
(-10 -3.98228e-07 -5.42421e-09)
(-10 -5.58008e-07 -5.00461e-09)
(-10 -7.34885e-07 -4.37016e-09)
(-10 -9.32351e-07 -3.65125e-09)
(-10 -1.15443e-06 -3.18876e-09)
(-10 -1.4058e-06 -2.60788e-09)
(-10 -1.69188e-06 -1.84706e-09)
(-10 -2.01889e-06 1.28144e-09)
(-10 -2.3947e-06 6.50115e-10)
(-10 1.32434e-07 -1.41433e-09)
(-10 4.62628e-07 -3.05111e-09)
(-10 3.58557e-07 -1.09263e-09)
(-10 2.47981e-07 -5.37722e-09)
(-10 1.28141e-07 -7.80458e-09)
(-10 3.40298e-10 -8.14723e-09)
(-10 -1.36249e-07 -7.49558e-09)
(-10 -2.83057e-07 -6.48825e-09)
(-10 -4.42338e-07 -5.49945e-09)
(-10 -6.16779e-07 -4.53198e-09)
(-10 -8.0966e-07 -3.92504e-09)
(-10 -1.02479e-06 -3.27827e-09)
(-10 -1.26648e-06 -2.70041e-09)
(-10 -1.53966e-06 -1.7856e-09)
(-10 -1.84983e-06 -6.43986e-10)
(-10 -2.20357e-06 -1.49737e-09)
(-10 -2.60901e-06 2.46309e-09)
(-10 1.41501e-07 -3.13984e-10)
(-10 4.97316e-07 -3.96847e-09)
(-10 3.87468e-07 -2.24415e-09)
(-10 2.66682e-07 -6.63548e-09)
(-10 1.36442e-07 -7.3681e-09)
(-10 -2.34963e-09 -7.23566e-09)
(-10 -1.50353e-07 -6.30221e-09)
(-10 -3.0922e-07 -5.23597e-09)
(-10 -4.81425e-07 -4.22149e-09)
(-10 -6.69848e-07 -3.35489e-09)
(-10 -8.78093e-07 -2.56863e-09)
(-10 -1.11005e-06 -2.19044e-09)
(-10 -1.37038e-06 -1.55235e-09)
(-10 -1.66414e-06 -1.02066e-09)
(-10 -1.99694e-06 -4.72697e-10)
(-10 -2.37511e-06 2.5774e-09)
(-10 -2.80636e-06 1.582e-09)
(-10 1.45871e-07 -1.21475e-09)
(-10 5.28441e-07 -8.67405e-10)
(-10 4.09952e-07 -8.17485e-09)
(-10 2.79536e-07 -7.27617e-09)
(-10 1.39915e-07 -6.16671e-09)
(-10 -8.80125e-09 -5.14056e-09)
(-10 -1.67603e-07 -4.05408e-09)
(-10 -3.37888e-07 -3.07708e-09)
(-10 -5.22135e-07 -2.26653e-09)
(-10 -7.23689e-07 -1.50413e-09)
(-10 -9.45925e-07 -9.86361e-10)
(-10 -1.1933e-06 -7.40898e-10)
(-10 -1.47091e-06 -4.3723e-10)
(-10 -1.78353e-06 2.26285e-10)
(-10 -2.13665e-06 1.1262e-09)
(-10 -2.53645e-06 -1.87427e-10)
(-10 -2.99018e-06 3.68266e-09)
(-10 1.50831e-07 -9.22567e-11)
(-10 5.64945e-07 1.3363e-09)
(-10 4.34322e-07 -1.12277e-08)
(-10 2.94296e-07 -6.22727e-09)
(-10 1.44565e-07 -3.94176e-09)
(-10 -1.42563e-08 -2.18321e-09)
(-10 -1.82976e-07 -9.32057e-10)
(-10 -3.63739e-07 -1.02805e-12)
(-10 -5.59525e-07 9.50555e-10)
(-10 -7.73641e-07 1.63173e-09)
(-10 -1.00955e-06 1.65415e-09)
(-10 -1.2721e-06 1.43999e-09)
(-10 -1.56612e-06 1.16724e-09)
(-10 -1.89704e-06 1.11747e-09)
(-10 -2.26967e-06 1.17941e-09)
(-10 -2.68952e-06 3.9006e-09)
(-10 -3.16311e-06 4.32379e-09)
(-10 1.52518e-07 -1.15177e-09)
(-10 5.88529e-07 -1.52896e-08)
(-10 4.49058e-07 -7.27517e-09)
(-10 3.01742e-07 -4.65106e-09)
(-10 1.44216e-07 -1.94546e-09)
(-10 -2.24811e-08 4.31783e-10)
(-10 -1.99895e-07 2.1864e-09)
(-10 -3.90148e-07 3.63253e-09)
(-10 -5.97006e-07 5.01544e-09)
(-10 -8.22625e-07 5.37932e-09)
(-10 -1.07211e-06 4.73958e-09)
(-10 -1.34916e-06 3.54782e-09)
(-10 -1.66004e-06 2.74047e-09)
(-10 -2.00883e-06 2.04545e-09)
(-10 -2.40019e-06 2.47216e-09)
(-10 -2.83912e-06 1.8294e-09)
(-10 -3.33074e-06 4.89898e-09)
(-10 1.54872e-07 -1.44308e-10)
(-10 6.0185e-07 -1.79013e-08)
(-10 4.59854e-07 -8.55712e-09)
(-10 3.07135e-07 -4.37485e-09)
(-10 1.43707e-07 6.65585e-10)
(-10 -2.96533e-08 4.63169e-09)
(-10 -2.14291e-07 7.24398e-09)
(-10 -4.13643e-07 9.91571e-09)
(-10 -6.3025e-07 1.12341e-08)
(-10 -8.67784e-07 1.08521e-08)
(-10 -1.13072e-06 8.87745e-09)
(-10 -1.42391e-06 6.48226e-09)
(-10 -1.75211e-06 3.27597e-09)
(-10 -2.11958e-06 1.86129e-09)
(-10 -2.53044e-06 1.55654e-09)
(-10 -2.98851e-06 4.72359e-09)
(-10 -3.49711e-06 4.56537e-09)
(-10 1.51867e-07 -1.31652e-09)
(-10 6.09771e-07 -1.64483e-08)
(-10 4.64548e-07 -1.25394e-08)
(-10 3.09108e-07 -3.3746e-09)
(-10 1.42817e-07 4.64101e-09)
(-10 -3.44826e-08 1.04002e-08)
(-10 -2.24484e-07 1.47883e-08)
(-10 -4.31512e-07 1.80798e-08)
(-10 -6.5688e-07 1.91405e-08)
(-10 -9.07354e-07 1.77311e-08)
(-10 -1.18503e-06 1.30424e-08)
(-10 -1.49603e-06 7.09718e-09)
(-10 -1.84325e-06 3.00476e-09)
(-10 -2.23155e-06 1.15558e-09)
(-10 -2.66417e-06 1.5e-09)
(-10 -3.14357e-06 8.40686e-10)
(-10 -3.67089e-06 5.81154e-09)
(-10 1.50008e-07 -1.94876e-10)
(-10 6.15358e-07 -1.65704e-08)
(-10 4.65223e-07 -1.43957e-08)
(-10 3.07982e-07 -1.17898e-09)
(-10 1.41108e-07 1.0005e-08)
(-10 -3.62958e-08 1.71166e-08)
(-10 -2.29477e-07 2.32811e-08)
(-10 -4.40672e-07 2.63349e-08)
(-10 -6.76085e-07 2.71311e-08)
(-10 -9.39181e-07 2.33322e-08)
(-10 -1.23344e-06 1.45894e-08)
(-10 -1.56381e-06 7.41276e-09)
(-10 -1.9341e-06 1.42815e-09)
(-10 -2.34734e-06 -7.58806e-10)
(-10 -2.80583e-06 -5.0378e-10)
(-10 -3.31049e-06 4.05876e-09)
(-10 -3.86085e-06 4.21837e-09)
(-10 1.50081e-07 -1.73306e-09)
(-10 6.15275e-07 -2.57202e-08)
(-10 4.66965e-07 -9.19858e-09)
(-10 3.1266e-07 3.57051e-09)
(-10 1.50555e-07 1.42329e-08)
(-10 -2.51424e-08 2.26812e-08)
(-10 -2.18967e-07 2.86085e-08)
(-10 -4.35335e-07 3.09987e-08)
(-10 -6.81539e-07 3.1348e-08)
(-10 -9.57659e-07 2.33324e-08)
(-10 -1.27253e-06 1.3655e-08)
(-10 -1.62748e-06 4.24272e-09)
(-10 -2.02611e-06 -1.261e-09)
(-10 -2.46924e-06 -2.20432e-09)
(-10 -2.95863e-06 -4.61398e-10)
(-10 -3.49473e-06 -4.67037e-10)
(-10 -4.07513e-06 6.35497e-09)
(-10 1.55162e-07 -6.52222e-10)
(-10 6.11915e-07 -1.84489e-08)
(-10 4.73488e-07 -3.97568e-09)
(-10 3.27322e-07 8.50523e-09)
(-10 1.71423e-07 1.74515e-08)
(-10 -2.97981e-10 2.24348e-08)
(-10 -1.94328e-07 2.9543e-08)
(-10 -4.16296e-07 3.20554e-08)
(-10 -6.69743e-07 2.82216e-08)
(-10 -9.65482e-07 1.7595e-08)
(-10 -1.3054e-06 8.34149e-09)
(-10 -1.69172e-06 -9.0661e-10)
(-10 -2.12354e-06 -3.86761e-09)
(-10 -2.60188e-06 -3.73447e-09)
(-10 -3.12824e-06 -1.72011e-09)
(-10 -3.70266e-06 3.99033e-09)
(-10 -4.32192e-06 4.4152e-09)
(-10 1.66047e-07 -2.63769e-09)
(-10 6.31512e-07 -7.99655e-10)
(-10 5.03856e-07 4.71006e-09)
(-10 3.62978e-07 1.29037e-08)
(-10 2.11716e-07 1.55633e-08)
(-10 4.51938e-08 2.08806e-08)
(-10 -1.49708e-07 2.36988e-08)
(-10 -3.75791e-07 2.36233e-08)
(-10 -6.44813e-07 1.66138e-08)
(-10 -9.65179e-07 7.73708e-09)
(-10 -1.33631e-06 -2.35139e-09)
(-10 -1.75807e-06 -6.38742e-09)
(-10 -2.22736e-06 -6.26682e-09)
(-10 -2.7461e-06 -3.51223e-09)
(-10 -3.31595e-06 -7.03059e-10)
(-10 -3.93778e-06 -6.20658e-10)
(-10 -4.60704e-06 7.44306e-09)
(-10 1.86159e-07 -1.42331e-09)
(-10 6.88927e-07 2.12298e-08)
(-10 5.59556e-07 1.96473e-08)
(-10 4.2472e-07 2.15314e-08)
(-10 2.78285e-07 2.05937e-08)
(-10 1.12155e-07 1.80994e-08)
(-10 -8.34872e-08 1.64807e-08)
(-10 -3.24844e-07 1.32337e-08)
(-10 -6.16876e-07 3.33058e-09)
(-10 -9.64383e-07 -5.53785e-09)
(-10 -1.37051e-06 -1.03697e-08)
(-10 -1.82939e-06 -1.07263e-08)
(-10 -2.34036e-06 -7.51468e-09)
(-10 -2.90475e-06 -4.38641e-09)
(-10 -3.52584e-06 -1.67322e-09)
(-10 -4.20361e-06 4.63244e-09)
(-10 -4.9361e-06 4.73174e-09)
(-10 2.15206e-07 -3.79902e-09)
(-10 7.33691e-07 4.76531e-08)
(-10 6.20735e-07 3.83714e-08)
(-10 4.8455e-07 3.73443e-08)
(-10 3.32762e-07 3.54003e-08)
(-10 1.89911e-07 2.45665e-08)
(-10 -2.30854e-08 6.56052e-09)
(-10 -2.89739e-07 -6.94333e-09)
(-10 -5.96964e-07 -9.63362e-09)
(-10 -9.73823e-07 -1.5278e-08)
(-10 -1.41313e-06 -1.86269e-08)
(-10 -1.90912e-06 -1.4802e-08)
(-10 -2.46325e-06 -5.10977e-09)
(-10 -3.07731e-06 -3.95695e-09)
(-10 -3.75471e-06 -6.36111e-10)
(-10 -4.49873e-06 -1.60282e-09)
(-10 -5.30713e-06 8.07613e-09)
(-10 2.56746e-07 -2.02154e-09)
(-10 7.67549e-07 1.13985e-07)
(-10 6.26435e-07 8.35415e-08)
(-10 4.99053e-07 8.099e-08)
(-10 3.8023e-07 6.1926e-08)
(-10 2.03958e-07 2.12681e-09)
(-10 2.61767e-08 -1.29993e-09)
(-10 -2.48483e-07 7.61903e-09)
(-10 -5.88742e-07 -1.24419e-08)
(-10 -9.94038e-07 -3.56805e-08)
(-10 -1.46032e-06 -2.74529e-08)
(-10 -1.99217e-06 -1.89325e-08)
(-10 -2.59184e-06 -7.00007e-09)
(-10 -3.26103e-06 -6.51477e-09)
(-10 -4.0016e-06 -3.08551e-09)
(-10 -4.81799e-06 3.99504e-09)
(-10 -5.71834e-06 3.1757e-09)
(-10 3.04609e-07 -4.78502e-09)
(-10 5.09672e-07 1.24853e-07)
(-10 5.55801e-07 1.443e-07)
(-10 4.27761e-07 9.07704e-08)
(-10 2.59367e-07 7.6705e-08)
(-10 3.46322e-07 7.15363e-08)
(-10 7.46734e-08 -2.21259e-08)
(-10 -2.42245e-07 -6.28984e-08)
(-10 -6.00985e-07 -4.34124e-08)
(-10 -1.02079e-06 -9.70657e-09)
(-10 -1.51824e-06 -1.96806e-09)
(-10 -2.09262e-06 -1.91325e-08)
(-10 -2.73934e-06 -1.52887e-08)
(-10 -3.46236e-06 -4.40183e-09)
(-10 -4.26689e-06 1.12645e-09)
(-10 -5.1673e-06 2.00833e-10)
(-10 -6.16934e-06 5.12621e-09)
(-10 3.6335e-07 -2.30897e-10)
(-10 6.83059e-07 2.1983e-07)
(-10 6.53336e-07 3.06821e-08)
(-10 5.11092e-07 8.41627e-08)
(-10 6.75204e-07 4.27567e-08)
(-10 3.02476e-08 6.27438e-08)
(-10 2.75973e-08 4.31585e-08)
(-10 2.18964e-08 1.95405e-08)
(-10 1.52461e-08 9.93723e-10)
(-10 8.53467e-09 -6.41684e-09)
(-10 1.29855e-09 -8.54271e-09)
(-10 -6.55446e-09 -7.80185e-09)
(-10 -1.51735e-08 -6.13862e-09)
(-10 -2.47196e-08 -4.50428e-09)
(-10 -3.54038e-08 -3.29603e-09)
(-10 -4.74583e-08 -2.45297e-09)
(-10 -6.1071e-08 -1.57922e-09)
(-10 -7.67227e-08 -5.05548e-10)
(-10 -9.55616e-08 1.88667e-09)
(-10 -1.15193e-07 3.89057e-09)
(-10 -1.38326e-07 7.59563e-09)
(-10 1.15072e-08 -2.85368e-09)
(-10 5.60242e-08 4.38695e-08)
(-10 3.76751e-08 3.12403e-08)
(-10 2.17131e-08 9.69616e-09)
(-10 1.73969e-09 -6.07555e-09)
(-10 -1.89781e-08 -1.10847e-08)
(-10 -4.12371e-08 -1.10417e-08)
(-10 -6.53395e-08 -8.73906e-09)
(-10 -9.1726e-08 -6.0026e-09)
(-10 -1.20873e-07 -3.67797e-09)
(-10 -1.53412e-07 -2.03835e-09)
(-10 -1.90023e-07 -9.74709e-10)
(-10 -2.3145e-07 -9.76835e-11)
(-10 -2.78558e-07 1.15645e-09)
(-10 -3.32481e-07 3.43289e-09)
(-10 -3.95305e-07 4.83538e-09)
(-10 -4.68964e-07 8.19764e-09)
(-10 3.07876e-08 -2.26931e-09)
(-10 1.3707e-07 4.4623e-08)
(-10 9.99993e-08 3.25909e-08)
(-10 7.25115e-08 9.57696e-09)
(-10 3.74449e-08 -4.97081e-09)
(-10 4.48592e-10 -1.05735e-08)
(-10 -3.88725e-08 -1.07237e-08)
(-10 -8.12282e-08 -8.66962e-09)
(-10 -1.27372e-07 -6.14667e-09)
(-10 -1.78163e-07 -4.01506e-09)
(-10 -2.34646e-07 -2.52832e-09)
(-10 -2.97976e-07 -1.5659e-09)
(-10 -3.69442e-07 -6.99025e-10)
(-10 -4.50681e-07 3.17052e-10)
(-10 -5.44328e-07 2.36678e-09)
(-10 -6.51512e-07 4.84538e-09)
(-10 -7.75878e-07 7.61244e-09)
(-10 4.88734e-08 -2.74866e-09)
(-10 1.87673e-07 4.2992e-08)
(-10 1.41674e-07 3.07335e-08)
(-10 9.99743e-08 7.42029e-09)
(-10 5.00313e-08 -6.34738e-09)
(-10 -2.32722e-09 -1.18724e-08)
(-10 -5.76543e-08 -1.20134e-08)
(-10 -1.17138e-07 -1.00108e-08)
(-10 -1.81817e-07 -7.57952e-09)
(-10 -2.52916e-07 -5.53078e-09)
(-10 -3.31862e-07 -4.07508e-09)
(-10 -4.20254e-07 -3.11467e-09)
(-10 -5.1994e-07 -2.27238e-09)
(-10 -6.33082e-07 -7.74632e-10)
(-10 -7.61836e-07 1.66112e-09)
(-10 -9.10622e-07 2.11237e-09)
(-10 -1.08414e-06 6.31998e-09)
(-10 6.71314e-08 -1.99229e-09)
(-10 2.45834e-07 4.40372e-08)
(-10 1.86813e-07 2.71943e-08)
(-10 1.32114e-07 8.97523e-09)
(-10 6.74432e-08 -4.67278e-09)
(-10 -2.54807e-10 -9.82622e-09)
(-10 -7.16169e-08 -9.9723e-09)
(-10 -1.4819e-07 -8.11528e-09)
(-10 -2.31321e-07 -5.94687e-09)
(-10 -3.22587e-07 -4.16566e-09)
(-10 -4.2376e-07 -2.98664e-09)
(-10 -5.36881e-07 -2.25273e-09)
(-10 -6.64267e-07 -1.53197e-09)
(-10 -8.08685e-07 -6.54601e-10)
(-10 -9.73854e-07 7.38167e-10)
(-10 -1.16292e-06 4.50833e-09)
(-10 -1.38188e-06 6.3779e-09)
(-10 8.3475e-08 -2.57982e-09)
(-10 2.96232e-07 3.53246e-08)
(-10 2.28555e-07 2.63696e-08)
(-10 1.58056e-07 7.62231e-09)
(-10 7.89553e-08 -5.99336e-09)
(-10 -3.83852e-09 -1.11788e-08)
(-10 -9.04715e-08 -1.10426e-08)
(-10 -1.83218e-07 -9.1192e-09)
(-10 -2.8377e-07 -6.96825e-09)
(-10 -3.94016e-07 -5.24675e-09)
(-10 -5.1609e-07 -4.09066e-09)
(-10 -6.52397e-07 -3.35806e-09)
(-10 -8.0574e-07 -2.72411e-09)
(-10 -9.79296e-07 -1.19942e-09)
(-10 -1.17645e-06 9.35752e-10)
(-10 -1.40301e-06 8.69502e-10)
(-10 -1.66597e-06 5.19027e-09)
(-10 9.91689e-08 -1.61337e-09)
(-10 3.47396e-07 3.3782e-08)
(-10 2.7138e-07 2.70222e-08)
(-10 1.87611e-07 7.29162e-09)
(-10 9.48146e-08 -3.51509e-09)
(-10 -2.95845e-09 -8.36489e-09)
(-10 -1.0465e-07 -8.01402e-09)
(-10 -2.13212e-07 -6.20058e-09)
(-10 -3.30727e-07 -4.2898e-09)
(-10 -4.59408e-07 -2.84859e-09)
(-10 -6.0174e-07 -2.00166e-09)
(-10 -7.60456e-07 -1.55006e-09)
(-10 -9.3871e-07 -1.0634e-09)
(-10 -1.14028e-06 -4.49555e-10)
(-10 -1.36982e-06 6.18961e-10)
(-10 -1.63197e-06 4.83903e-09)
(-10 -1.93465e-06 5.7331e-09)
(-10 1.12418e-07 -2.31372e-09)
(-10 3.93547e-07 2.86659e-08)
(-10 3.05435e-07 1.54127e-08)
(-10 2.08833e-07 1.25311e-09)
(-10 1.02965e-07 -7.03511e-09)
(-10 -8.26633e-09 -1.03344e-08)
(-10 -1.24197e-07 -9.6651e-09)
(-10 -2.47346e-07 -7.64458e-09)
(-10 -3.80449e-07 -5.6746e-09)
(-10 -5.26057e-07 -4.2246e-09)
(-10 -6.86916e-07 -3.33181e-09)
(-10 -8.66088e-07 -2.82482e-09)
(-10 -1.06714e-06 -2.37739e-09)
(-10 -1.2942e-06 -1.23605e-09)
(-10 -1.55155e-06 1.01677e-09)
(-10 -1.84588e-06 2.77657e-10)
(-10 -2.18587e-06 4.71322e-09)
(-10 1.24298e-07 -1.12405e-09)
(-10 4.41758e-07 2.9119e-08)
(-10 3.39689e-07 5.98203e-09)
(-10 2.31229e-07 1.59638e-09)
(-10 1.12627e-07 -5.09558e-09)
(-10 -1.12536e-08 -6.94996e-09)
(-10 -1.40664e-07 -6.10111e-09)
(-10 -2.77661e-07 -4.14937e-09)
(-10 -4.25546e-07 -2.43418e-09)
(-10 -5.87156e-07 -1.26684e-09)
(-10 -7.65447e-07 -6.7767e-10)
(-10 -9.63821e-07 -4.3744e-10)
(-10 -1.18622e-06 -1.12866e-10)
(-10 -1.43711e-06 2.97394e-10)
(-10 -1.72194e-06 1.06882e-09)
(-10 -2.04629e-06 5.46497e-09)
(-10 -2.41921e-06 5.62727e-09)
(-10 1.33702e-07 -1.98729e-09)
(-10 4.79511e-07 3.44992e-09)
(-10 3.68845e-07 5.62645e-09)
(-10 2.46766e-07 -2.66807e-09)
(-10 1.15307e-07 -8.24963e-09)
(-10 -2.08936e-08 -9.25059e-09)
(-10 -1.62683e-07 -7.9302e-09)
(-10 -3.12242e-07 -5.8293e-09)
(-10 -4.73455e-07 -4.05264e-09)
(-10 -6.49353e-07 -2.8466e-09)
(-10 -8.43047e-07 -2.13946e-09)
(-10 -1.05828e-06 -1.75497e-09)
(-10 -1.29955e-06 -1.46711e-09)
(-10 -1.57172e-06 -4.54357e-10)
(-10 -1.87985e-06 1.6807e-09)
(-10 -2.23086e-06 4.42505e-10)
(-10 -2.6338e-06 5.26208e-09)
(-10 1.41324e-07 -6.69594e-10)
(-10 5.17633e-07 4.36809e-09)
(-10 3.95753e-07 4.11943e-09)
(-10 2.61943e-07 -2.71541e-09)
(-10 1.18964e-07 -5.06845e-09)
(-10 -2.93338e-08 -5.07308e-09)
(-10 -1.82677e-07 -3.38146e-09)
(-10 -3.44078e-07 -1.4194e-09)
(-10 -5.17705e-07 1.13887e-10)
(-10 -7.06666e-07 1.06442e-09)
(-10 -9.14303e-07 1.45569e-09)
(-10 -1.14477e-06 1.47259e-09)
(-10 -1.40323e-06 1.57526e-09)
(-10 -1.69515e-06 1.74102e-09)
(-10 -2.02607e-06 2.23257e-09)
(-10 -2.40186e-06 6.6985e-09)
(-10 -2.83119e-06 6.48009e-09)
(-10 1.46828e-07 -1.70686e-09)
(-10 5.5363e-07 5.48654e-09)
(-10 4.1388e-07 -9.49586e-09)
(-10 2.69646e-07 -9.57913e-09)
(-10 1.15689e-07 -8.60871e-09)
(-10 -4.36547e-08 -6.72792e-09)
(-10 -2.07455e-07 -4.31996e-09)
(-10 -3.79615e-07 -2.12594e-09)
(-10 -5.64366e-07 -4.82759e-10)
(-10 -7.6465e-07 6.15489e-10)
(-10 -9.83974e-07 9.61557e-10)
(-10 -1.22737e-06 6.61116e-10)
(-10 -1.50087e-06 3.86337e-10)
(-10 -1.81044e-06 9.75356e-10)
(-10 -2.16127e-06 2.54948e-09)
(-10 -2.55961e-06 1.35047e-09)
(-10 -3.0131e-06 7.30964e-09)
(-10 1.50452e-07 -6.13171e-10)
(-10 5.89697e-07 5.84718e-09)
(-10 4.29315e-07 -1.41904e-08)
(-10 2.76287e-07 -7.72567e-09)
(-10 1.12108e-07 -4.12199e-09)
(-10 -5.71647e-08 -5.13111e-10)
(-10 -2.30623e-07 2.49737e-09)
(-10 -4.12766e-07 4.73683e-09)
(-10 -6.07725e-07 6.49439e-09)
(-10 -8.1802e-07 7.23122e-09)
(-10 -1.04745e-06 6.42242e-09)
(-10 -1.30255e-06 4.9057e-09)
(-10 -1.59029e-06 3.52451e-09)
(-10 -1.91691e-06 2.86588e-09)
(-10 -2.28791e-06 2.98013e-09)
(-10 -2.70795e-06 8.1919e-09)
(-10 -3.18064e-06 9.32812e-09)
(-10 1.53272e-07 -1.83923e-09)
(-10 5.97223e-07 -3.12224e-08)
(-10 4.41982e-07 -1.62892e-08)
(-10 2.78243e-07 -1.07669e-08)
(-10 1.04383e-07 -4.87761e-09)
(-10 -7.38188e-08 6.85521e-10)
(-10 -2.55549e-07 4.86693e-09)
(-10 -4.46621e-07 8.00396e-09)
(-10 -6.50274e-07 1.04078e-08)
(-10 -8.68623e-07 1.05325e-08)
(-10 -1.10699e-06 8.14511e-09)
(-10 -1.37287e-06 4.59015e-09)
(-10 -1.67409e-06 1.42203e-09)
(-10 -2.01787e-06 8.84419e-10)
(-10 -2.40831e-06 2.28282e-09)
(-10 -2.84989e-06 2.25855e-09)
(-10 -3.3452e-06 9.38236e-09)
(-10 1.54655e-07 -1.56732e-09)
(-10 6.09668e-07 -3.07473e-08)
(-10 4.46602e-07 -1.69872e-08)
(-10 2.77165e-07 -7.82626e-09)
(-10 9.65256e-08 2.16913e-09)
(-10 -8.84417e-08 1.05483e-08)
(-10 -2.76325e-07 1.60295e-08)
(-10 -4.74763e-07 2.06877e-08)
(-10 -6.85261e-07 2.27643e-08)
(-10 -9.10571e-07 2.07441e-08)
(-10 -1.15794e-06 1.50756e-08)
(-10 -1.43674e-06 1.22054e-08)
(-10 -1.75618e-06 5.51099e-09)
(-10 -2.11675e-06 1.02104e-09)
(-10 -2.52821e-06 1.11342e-09)
(-10 -2.99061e-06 7.78083e-09)
(-10 -3.50566e-06 9.83563e-09)
(-10 1.52449e-07 -2.74084e-09)
(-10 6.10764e-07 -3.61186e-08)
(-10 4.41015e-07 -2.80032e-08)
(-10 2.70546e-07 -1.06463e-08)
(-10 8.89008e-08 4.88953e-09)
(-10 -9.70014e-08 1.67043e-08)
(-10 -2.88718e-07 2.50471e-08)
(-10 -4.91573e-07 3.10352e-08)
(-10 -7.07037e-07 3.23031e-08)
(-10 -9.402e-07 2.7479e-08)
(-10 -1.20207e-06 1.7788e-08)
(-10 -1.50091e-06 9.37383e-09)
(-10 -1.83474e-06 -2.37829e-10)
(-10 -2.2174e-06 -3.78593e-09)
(-10 -2.65226e-06 -1.34989e-09)
(-10 -3.13826e-06 -1.06384e-10)
(-10 -3.67438e-06 1.02229e-08)
(-10 1.5016e-07 -2.66463e-09)
(-10 5.94722e-07 -3.65612e-08)
(-10 4.28154e-07 -2.84617e-08)
(-10 2.61485e-07 3.08698e-09)
(-10 8.43025e-08 1.48218e-08)
(-10 -9.64413e-08 3.06214e-08)
(-10 -2.87806e-07 4.13702e-08)
(-10 -4.91773e-07 4.67592e-08)
(-10 -7.1145e-07 4.59511e-08)
(-10 -9.54824e-07 3.62286e-08)
(-10 -1.24184e-06 2.2408e-08)
(-10 -1.55631e-06 8.04413e-09)
(-10 -1.91591e-06 -3.05279e-09)
(-10 -2.32624e-06 -5.88957e-09)
(-10 -2.78775e-06 -3.58028e-09)
(-10 -3.29942e-06 5.73722e-09)
(-10 -3.85916e-06 1.07227e-08)
(-10 1.50272e-07 -4.34398e-09)
(-10 5.64423e-07 -4.95216e-08)
(-10 4.17714e-07 -2.18494e-08)
(-10 2.59629e-07 4.78313e-09)
(-10 9.56161e-08 1.8271e-08)
(-10 -7.79212e-08 3.7302e-08)
(-10 -2.63676e-07 4.7649e-08)
(-10 -4.65792e-07 5.19488e-08)
(-10 -6.93672e-07 4.59324e-08)
(-10 -9.63685e-07 3.03609e-08)
(-10 -1.26435e-06 1.77432e-08)
(-10 -1.612e-06 -2.38428e-09)
(-10 -2.00445e-06 -1.15336e-08)
(-10 -2.44587e-06 -1.09317e-08)
(-10 -2.93678e-06 -5.47578e-09)
(-10 -3.47995e-06 -1.96739e-09)
(-10 -4.07011e-06 1.19472e-08)
(-10 1.54918e-07 -4.46652e-09)
(-10 5.36417e-07 -2.78231e-08)
(-10 4.11777e-07 -5.13022e-09)
(-10 2.7038e-07 1.67141e-08)
(-10 1.20883e-07 3.34968e-08)
(-10 -3.91325e-08 4.64738e-08)
(-10 -2.18058e-07 4.77128e-08)
(-10 -4.26437e-07 5.10725e-08)
(-10 -6.64524e-07 4.17173e-08)
(-10 -9.48444e-07 2.77681e-08)
(-10 -1.28766e-06 4.22286e-09)
(-10 -1.67319e-06 -1.11165e-08)
(-10 -2.10304e-06 -1.4422e-08)
(-10 -2.57825e-06 -1.14473e-08)
(-10 -3.10584e-06 -6.00095e-09)
(-10 -3.68596e-06 5.69282e-09)
(-10 -4.31359e-06 1.23096e-08)
(-10 1.66181e-07 -6.55125e-09)
(-10 5.36887e-07 -1.51338e-09)
(-10 4.30517e-07 9.93817e-09)
(-10 3.06147e-07 2.41057e-08)
(-10 1.73828e-07 3.29611e-08)
(-10 1.52826e-08 3.52127e-08)
(-10 -1.55991e-07 3.86218e-08)
(-10 -3.54358e-07 3.58728e-08)
(-10 -6.09505e-07 1.95883e-08)
(-10 -9.32479e-07 -1.63548e-09)
(-10 -1.3122e-06 -1.93878e-08)
(-10 -1.73843e-06 -2.55868e-08)
(-10 -2.20757e-06 -2.2384e-08)
(-10 -2.72269e-06 -1.47166e-08)
(-10 -3.29228e-06 -3.55273e-09)
(-10 -3.91964e-06 -1.72077e-09)
(-10 -4.59809e-06 1.23333e-08)
(-10 1.86222e-07 -6.24086e-09)
(-10 5.82956e-07 4.40932e-08)
(-10 4.84688e-07 4.22538e-08)
(-10 3.77936e-07 4.62605e-08)
(-10 2.3946e-07 4.54931e-08)
(-10 9.76505e-08 4.27104e-08)
(-10 -5.21258e-08 3.58058e-08)
(-10 -2.76394e-07 2.25106e-08)
(-10 -5.48603e-07 -3.27813e-09)
(-10 -9.09501e-07 -2.28985e-08)
(-10 -1.33248e-06 -3.46851e-08)
(-10 -1.80147e-06 -3.27625e-08)
(-10 -2.31422e-06 -2.3194e-08)
(-10 -2.87859e-06 -1.26168e-08)
(-10 -3.50147e-06 -4.70989e-09)
(-10 -4.18628e-06 5.96371e-09)
(-10 -4.92667e-06 1.43168e-08)
(-10 2.16328e-07 -7.92444e-09)
(-10 6.42517e-07 9.41383e-08)
(-10 5.55745e-07 7.83137e-08)
(-10 4.54302e-07 7.47491e-08)
(-10 3.12089e-07 6.95642e-08)
(-10 1.93886e-07 5.46789e-08)
(-10 1.77988e-08 2.85015e-08)
(-10 -1.7064e-07 -2.23548e-09)
(-10 -4.88302e-07 -2.56318e-08)
(-10 -9.03535e-07 -5.13502e-08)
(-10 -1.36655e-06 -5.58599e-08)
(-10 -1.86717e-06 -3.97761e-08)
(-10 -2.42852e-06 -2.51112e-08)
(-10 -3.04792e-06 -1.04513e-08)
(-10 -3.72987e-06 -3.53182e-09)
(-10 -4.48252e-06 -1.97817e-10)
(-10 -5.30249e-06 1.56253e-08)
(-10 2.57441e-07 -6.3574e-09)
(-10 6.66395e-07 1.87779e-07)
(-10 5.60987e-07 1.43015e-07)
(-10 4.65566e-07 1.33001e-07)
(-10 3.61925e-07 1.17213e-07)
(-10 2.4032e-07 6.07614e-08)
(-10 1.41172e-07 2.0923e-08)
(-10 -1.44188e-07 5.18935e-09)
(-10 -4.58837e-07 -5.20874e-08)
(-10 -8.81908e-07 -6.90147e-08)
(-10 -1.35621e-06 -4.60916e-08)
(-10 -1.92915e-06 -4.71519e-08)
(-10 -2.55103e-06 -3.50866e-08)
(-10 -3.2261e-06 -1.36617e-08)
(-10 -3.9746e-06 -9.85173e-10)
(-10 -4.80041e-06 1.21034e-08)
(-10 -5.71543e-06 1.76532e-08)
(-10 3.09526e-07 -8.87547e-09)
(-10 5.48595e-07 2.01075e-07)
(-10 4.83081e-07 1.97824e-07)
(-10 3.88102e-07 1.69051e-07)
(-10 3.16971e-07 1.22559e-07)
(-10 1.53296e-07 1.20873e-07)
(-10 -7.47882e-09 1.13571e-08)
(-10 -1.07475e-07 -8.82683e-08)
(-10 -4.64372e-07 -8.06473e-08)
(-10 -9.25995e-07 -7.93744e-08)
(-10 -1.46796e-06 -9.21972e-08)
(-10 -2.00767e-06 -3.7451e-08)
(-10 -2.67057e-06 -3.73391e-09)
(-10 -3.42421e-06 -1.55669e-09)
(-10 -4.24143e-06 3.07358e-09)
(-10 -5.16177e-06 4.02522e-09)
(-10 -6.18602e-06 2.69092e-08)
(-10 3.63973e-07 -4.41433e-09)
(-10 6.42454e-07 2.36529e-07)
(-10 6.73208e-07 1.58342e-07)
(-10 5.5854e-07 1.82527e-07)
(-10 4.79888e-07 1.89803e-07)
(-10 2.88726e-07 -1.17897e-08)
(-10 2.09934e-07 -1.41295e-07)
(-10 3.05396e-08 6.49284e-08)
(-10 2.87907e-08 4.67371e-08)
(-10 2.2157e-08 2.39313e-08)
(-10 1.52113e-08 5.45134e-09)
(-10 8.22663e-09 -2.3657e-09)
(-10 7.98865e-10 -4.43134e-09)
(-10 -7.19558e-09 -3.65582e-09)
(-10 -1.59129e-08 -1.9569e-09)
(-10 -2.5522e-08 -3.57198e-10)
(-10 -3.62274e-08 6.90154e-10)
(-10 -4.82717e-08 2.09393e-09)
(-10 -6.18891e-08 3.13936e-09)
(-10 -7.73417e-08 3.82533e-09)
(-10 -9.60015e-08 4.83304e-09)
(-10 -1.1621e-07 6.5234e-09)
(-10 -1.39486e-07 9.58717e-09)
(-10 1.15059e-08 -2.56334e-09)
(-10 5.71735e-08 4.68732e-08)
(-10 4.33244e-08 3.1415e-08)
(-10 2.38244e-08 1.18026e-08)
(-10 3.14408e-09 -3.02628e-09)
(-10 -1.81198e-08 -7.93569e-09)
(-10 -4.07823e-08 -7.49702e-09)
(-10 -6.52654e-08 -4.87902e-09)
(-10 -9.1951e-08 -1.87365e-09)
(-10 -1.21373e-07 5.81919e-10)
(-10 -1.54086e-07 2.18417e-09)
(-10 -1.90792e-07 4.03621e-09)
(-10 -2.32271e-07 5.11801e-09)
(-10 -2.7939e-07 5.85431e-09)
(-10 -3.33163e-07 6.43302e-09)
(-10 -3.9594e-07 7.94875e-09)
(-10 -4.69908e-07 1.16474e-08)
(-10 3.05822e-08 -1.55493e-09)
(-10 1.30647e-07 4.88691e-08)
(-10 1.03529e-07 3.05478e-08)
(-10 7.25264e-08 1.25928e-08)
(-10 3.71955e-08 -1.66691e-09)
(-10 1.99915e-10 -6.75416e-09)
(-10 -3.92078e-08 -6.51329e-09)
(-10 -8.17633e-08 -4.11905e-09)
(-10 -1.28114e-07 -1.35321e-09)
(-10 -1.79125e-07 8.86433e-10)
(-10 -2.35742e-07 2.30043e-09)
(-10 -2.99156e-07 3.47007e-09)
(-10 -3.70679e-07 4.48841e-09)
(-10 -4.51883e-07 5.1278e-09)
(-10 -5.45334e-07 5.96412e-09)
(-10 -6.5278e-07 7.30881e-09)
(-10 -7.77368e-07 9.39124e-09)
(-10 4.89641e-08 -2.27054e-09)
(-10 1.83862e-07 4.45913e-08)
(-10 1.4538e-07 2.89865e-08)
(-10 1.00172e-07 1.02833e-08)
(-10 5.06292e-08 -3.60988e-09)
(-10 -1.387e-09 -8.62226e-09)
(-10 -5.66652e-08 -8.28575e-09)
(-10 -1.16305e-07 -5.90068e-09)
(-10 -1.81235e-07 -3.17964e-09)
(-10 -2.52613e-07 -9.87178e-10)
(-10 -3.31795e-07 4.9913e-10)
(-10 -4.20367e-07 2.24591e-09)
(-10 -5.20196e-07 3.21568e-09)
(-10 -6.33449e-07 4.03064e-09)
(-10 -7.62295e-07 4.61293e-09)
(-10 -9.11031e-07 6.01534e-09)
(-10 -1.08484e-06 9.68602e-09)
(-10 6.69793e-08 -1.27273e-09)
(-10 2.38904e-07 4.56275e-08)
(-10 1.87532e-07 2.90242e-08)
(-10 1.30461e-07 1.24727e-08)
(-10 6.70312e-08 -4.22213e-10)
(-10 -1.27139e-11 -5.23087e-09)
(-10 -7.11428e-08 -4.92027e-09)
(-10 -1.47769e-07 -2.74949e-09)
(-10 -2.31092e-07 -3.49303e-10)
(-10 -3.22592e-07 1.47648e-09)
(-10 -4.23982e-07 2.53179e-09)
(-10 -5.37257e-07 2.99538e-09)
(-10 -6.64767e-07 3.73592e-09)
(-10 -8.09277e-07 4.24426e-09)
(-10 -9.74441e-07 5.06454e-09)
(-10 -1.16376e-06 6.38213e-09)
(-10 -1.38293e-06 7.02934e-09)
(-10 8.37152e-08 -2.19075e-09)
(-10 2.91012e-07 3.59057e-08)
(-10 2.26709e-07 2.42499e-08)
(-10 1.56138e-07 7.68919e-09)
(-10 7.88213e-08 -4.32874e-09)
(-10 -2.88023e-09 -8.69128e-09)
(-10 -8.91759e-08 -7.99339e-09)
(-10 -1.81957e-07 -5.65775e-09)
(-10 -2.82711e-07 -3.20394e-09)
(-10 -3.93231e-07 -1.35152e-09)
(-10 -5.15574e-07 -8.6941e-12)
(-10 -6.52085e-07 1.29486e-09)
(-10 -8.05578e-07 2.09582e-09)
(-10 -9.79328e-07 2.87834e-09)
(-10 -1.17667e-06 3.41101e-09)
(-10 -1.40316e-06 4.38443e-09)
(-10 -1.66643e-06 8.46199e-09)
(-10 9.90874e-08 -8.08462e-10)
(-10 3.41484e-07 3.79633e-08)
(-10 2.65791e-07 2.44384e-08)
(-10 1.83913e-07 1.03277e-08)
(-10 9.32829e-08 1.70502e-10)
(-10 -2.87289e-09 -3.67998e-09)
(-10 -1.04028e-07 -2.86722e-09)
(-10 -2.1256e-07 -7.60874e-10)
(-10 -3.30243e-07 1.29274e-09)
(-10 -4.59175e-07 2.66005e-09)
(-10 -6.01718e-07 3.2853e-09)
(-10 -7.60602e-07 3.40897e-09)
(-10 -9.39021e-07 3.41176e-09)
(-10 -1.14067e-06 3.68585e-09)
(-10 -1.37023e-06 4.5209e-09)
(-10 -1.63257e-06 5.92769e-09)
(-10 -1.93549e-06 5.47436e-09)
(-10 1.1259e-07 -2.04149e-09)
(-10 3.84877e-07 2.83082e-08)
(-10 3.01219e-07 1.58466e-08)
(-10 2.05581e-07 2.29507e-09)
(-10 1.01928e-07 -5.99416e-09)
(-10 -7.61054e-09 -8.54441e-09)
(-10 -1.2289e-07 -7.29352e-09)
(-10 -2.46038e-07 -4.9108e-09)
(-10 -3.79367e-07 -2.73552e-09)
(-10 -5.25264e-07 -1.26931e-09)
(-10 -6.86377e-07 -5.05733e-10)
(-10 -8.65764e-07 4.42614e-10)
(-10 -1.06701e-06 1.20639e-09)
(-10 -1.2942e-06 2.04989e-09)
(-10 -1.55168e-06 2.61508e-09)
(-10 -1.84594e-06 2.893e-09)
(-10 -2.18613e-06 7.57495e-09)
(-10 1.24211e-07 -3.74063e-10)
(-10 4.32162e-07 3.14097e-08)
(-10 3.33703e-07 1.40068e-08)
(-10 2.27085e-07 5.47385e-09)
(-10 1.11349e-07 -4.44264e-10)
(-10 -1.08363e-08 -1.94562e-09)
(-10 -1.39544e-07 -7.33591e-10)
(-10 -2.76674e-07 1.2588e-09)
(-10 -4.24807e-07 2.89952e-09)
(-10 -5.8668e-07 3.77397e-09)
(-10 -7.65232e-07 3.93433e-09)
(-10 -9.63817e-07 3.6929e-09)
(-10 -1.18638e-06 3.41978e-09)
(-10 -1.43741e-06 3.22099e-09)
(-10 -1.72221e-06 4.08761e-09)
(-10 -2.04658e-06 5.78103e-09)
(-10 -2.41961e-06 4.38833e-09)
(-10 1.33644e-07 -1.92524e-09)
(-10 4.70219e-07 1.24192e-08)
(-10 3.61526e-07 3.61402e-09)
(-10 2.42627e-07 -3.38901e-09)
(-10 1.14734e-07 -7.38978e-09)
(-10 -1.95303e-08 -7.60749e-09)
(-10 -1.60554e-07 -5.81301e-09)
(-10 -3.10455e-07 -3.59407e-09)
(-10 -4.7194e-07 -1.80349e-09)
(-10 -6.48122e-07 -7.61535e-10)
(-10 -8.42192e-07 -4.08404e-10)
(-10 -1.0578e-06 -4.52967e-10)
(-10 -1.29931e-06 -3.60979e-10)
(-10 -1.57169e-06 1.59946e-09)
(-10 -1.87989e-06 1.30076e-09)
(-10 -2.23073e-06 1.43176e-09)
(-10 -2.63365e-06 7.18414e-09)
(-10 1.41008e-07 -9.46717e-11)
(-10 5.11193e-07 1.71379e-08)
(-10 3.86159e-07 3.47587e-09)
(-10 2.57387e-07 9.94038e-10)
(-10 1.18277e-07 -4.90889e-10)
(-10 -2.75453e-08 1.86508e-10)
(-10 -1.80232e-07 1.94721e-09)
(-10 -3.41841e-07 3.75377e-09)
(-10 -5.15677e-07 4.90317e-09)
(-10 -7.05e-07 5.18661e-09)
(-10 -9.1317e-07 4.69627e-09)
(-10 -1.14427e-06 3.83598e-09)
(-10 -1.40327e-06 3.11324e-09)
(-10 -1.69542e-06 2.65186e-09)
(-10 -2.02626e-06 3.43978e-09)
(-10 -2.40191e-06 5.70111e-09)
(-10 -2.83091e-06 5.91205e-09)
(-10 1.46375e-07 -2.07078e-09)
(-10 5.40905e-07 -3.62705e-09)
(-10 4.06697e-07 -7.53916e-09)
(-10 2.65962e-07 -8.71945e-09)
(-10 1.15912e-07 -7.79644e-09)
(-10 -4.06538e-08 -5.51536e-09)
(-10 -2.03834e-07 -2.92844e-09)
(-10 -3.75831e-07 -7.12023e-10)
(-10 -5.60624e-07 6.51194e-10)
(-10 -7.61387e-07 1.05906e-09)
(-10 -9.81699e-07 5.6781e-10)
(-10 -1.22633e-06 -4.35394e-10)
(-10 -1.50085e-06 -1.04074e-09)
(-10 -1.81086e-06 -4.61729e-10)
(-10 -2.16169e-06 2.92308e-10)
(-10 -2.55956e-06 1.16978e-09)
(-10 -3.01213e-06 7.45743e-09)
(-10 1.497e-07 -2.12634e-10)
(-10 5.75592e-07 9.45128e-10)
(-10 4.22617e-07 -6.73473e-09)
(-10 2.7293e-07 -3.13147e-09)
(-10 1.13245e-07 3.22774e-10)
(-10 -5.30907e-08 3.79291e-09)
(-10 -2.25336e-07 7.27788e-09)
(-10 -4.06935e-07 9.0663e-09)
(-10 -6.01685e-07 9.52613e-09)
(-10 -8.12699e-07 9.73174e-09)
(-10 -1.04404e-06 7.51698e-09)
(-10 -1.30134e-06 4.49847e-09)
(-10 -1.59072e-06 2.38877e-09)
(-10 -1.91801e-06 1.38517e-09)
(-10 -2.28883e-06 2.50976e-09)
(-10 -2.70819e-06 5.78362e-09)
(-10 -3.18034e-06 6.42449e-09)
(-10 1.5223e-07 -2.72194e-09)
(-10 5.91391e-07 -2.12515e-08)
(-10 4.34274e-07 -1.75131e-08)
(-10 2.75203e-07 -1.18153e-08)
(-10 1.06776e-07 -5.72153e-09)
(-10 -6.79158e-08 -1.3657e-10)
(-10 -2.4754e-07 3.82564e-09)
(-10 -4.37438e-07 6.7057e-09)
(-10 -6.40835e-07 8.07335e-09)
(-10 -8.6085e-07 7.24933e-09)
(-10 -1.10242e-06 4.06859e-09)
(-10 -1.37204e-06 8.20298e-11)
(-10 -1.67547e-06 -2.72647e-09)
(-10 -2.01985e-06 -2.90138e-09)
(-10 -2.40986e-06 -1.60383e-09)
(-10 -2.84969e-06 4.38515e-10)
(-10 -3.3437e-06 1.02684e-08)
(-10 1.5294e-07 -1.40456e-09)
(-10 6.0733e-07 -1.766e-08)
(-10 4.39036e-07 -1.54616e-08)
(-10 2.75007e-07 -4.54241e-09)
(-10 1.0078e-07 4.87664e-09)
(-10 -7.92194e-08 1.23109e-08)
(-10 -2.64924e-07 1.71755e-08)
(-10 -4.61784e-07 2.02818e-08)
(-10 -6.72802e-07 2.10705e-08)
(-10 -9.01529e-07 1.80006e-08)
(-10 -1.15395e-06 1.16486e-08)
(-10 -1.43556e-06 5.5526e-09)
(-10 -1.75771e-06 2.28494e-09)
(-10 -2.11981e-06 -1.33633e-09)
(-10 -2.53017e-06 2.8065e-10)
(-10 -2.99117e-06 5.59109e-09)
(-10 -3.50443e-06 6.96631e-09)
(-10 1.5159e-07 -3.91981e-09)
(-10 6.06431e-07 -3.59358e-08)
(-10 4.38876e-07 -2.48669e-08)
(-10 2.71813e-07 -8.10043e-09)
(-10 9.58907e-08 8.72796e-10)
(-10 -8.5465e-08 1.22286e-08)
(-10 -2.74856e-07 1.88195e-08)
(-10 -4.76905e-07 2.29699e-08)
(-10 -6.94627e-07 2.30625e-08)
(-10 -9.33028e-07 1.73761e-08)
(-10 -1.19752e-06 9.87439e-09)
(-10 -1.50184e-06 2.55296e-09)
(-10 -1.83835e-06 -5.43705e-09)
(-10 -2.22058e-06 -7.13634e-09)
(-10 -2.65409e-06 -4.40981e-09)
(-10 -3.13847e-06 -4.42512e-12)
(-10 -3.67281e-06 1.37218e-08)
(-10 1.49052e-07 -3.049e-09)
(-10 5.97113e-07 -2.99858e-08)
(-10 4.33867e-07 -1.73256e-08)
(-10 2.67796e-07 1.43271e-09)
(-10 9.53861e-08 1.73381e-08)
(-10 -8.41096e-08 2.82233e-08)
(-10 -2.74161e-07 3.54794e-08)
(-10 -4.79573e-07 3.8827e-08)
(-10 -7.04073e-07 3.59634e-08)
(-10 -9.53667e-07 2.58258e-08)
(-10 -1.24555e-06 1.45507e-08)
(-10 -1.56196e-06 2.47683e-09)
(-10 -1.9223e-06 -5.16372e-09)
(-10 -2.32942e-06 -6.40695e-09)
(-10 -2.78909e-06 -2.09724e-09)
(-10 -3.29943e-06 5.62111e-09)
(-10 -3.85727e-06 9.48935e-09)
(-10 1.48927e-07 -5.78811e-09)
(-10 5.81628e-07 -3.59193e-08)
(-10 4.31934e-07 -1.62939e-08)
(-10 2.72825e-07 4.69739e-09)
(-10 1.07353e-07 1.29318e-08)
(-10 -6.72834e-08 2.97909e-08)
(-10 -2.54582e-07 3.68743e-08)
(-10 -4.61734e-07 3.82276e-08)
(-10 -6.95662e-07 3.12575e-08)
(-10 -9.71214e-07 1.69822e-08)
(-10 -1.27798e-06 3.44612e-09)
(-10 -1.62297e-06 -9.31544e-09)
(-10 -2.01256e-06 -1.3622e-08)
(-10 -2.44795e-06 -1.12014e-08)
(-10 -2.93722e-06 -5.98709e-09)
(-10 -3.47906e-06 3.21861e-10)
(-10 -4.06805e-06 1.5406e-08)
(-10 1.53577e-07 -4.79892e-09)
(-10 5.67933e-07 -1.11472e-08)
(-10 4.34781e-07 4.09972e-09)
(-10 2.8669e-07 2.13511e-08)
(-10 1.3089e-07 3.51058e-08)
(-10 -3.33497e-08 4.4176e-08)
(-10 -2.15761e-07 4.65859e-08)
(-10 -4.31388e-07 3.99387e-08)
(-10 -6.78678e-07 2.99984e-08)
(-10 -9.7463e-07 1.3991e-08)
(-10 -1.3102e-06 -3.23869e-09)
(-10 -1.68969e-06 -1.25713e-08)
(-10 -2.11097e-06 -1.32367e-08)
(-10 -2.58041e-06 -9.50425e-09)
(-10 -3.10564e-06 -2.68674e-09)
(-10 -3.68522e-06 6.54301e-09)
(-10 -4.31156e-06 1.1796e-08)
(-10 1.65078e-07 -7.52709e-09)
(-10 5.82708e-07 6.36369e-09)
(-10 4.64765e-07 1.91799e-08)
(-10 3.30351e-07 2.81612e-08)
(-10 1.87856e-07 3.63887e-08)
(-10 2.30389e-08 3.30999e-08)
(-10 -1.54921e-07 3.42803e-08)
(-10 -3.71001e-07 2.55513e-08)
(-10 -6.35966e-07 7.7101e-09)
(-10 -9.61673e-07 -1.22153e-08)
(-10 -1.33586e-06 -2.6006e-08)
(-10 -1.75456e-06 -2.85154e-08)
(-10 -2.21341e-06 -2.35889e-08)
(-10 -2.72332e-06 -1.11526e-08)
(-10 -3.2908e-06 -4.52066e-09)
(-10 -3.91837e-06 2.42216e-09)
(-10 -4.59604e-06 1.66274e-08)
(-10 1.85807e-07 -5.30889e-09)
(-10 6.48983e-07 6.20781e-08)
(-10 5.34525e-07 5.9527e-08)
(-10 4.16313e-07 6.15099e-08)
(-10 2.69689e-07 5.68655e-08)
(-10 1.25081e-07 5.53439e-08)
(-10 -5.06656e-08 4.5681e-08)
(-10 -2.80063e-07 2.59418e-08)
(-10 -5.71289e-07 1.05955e-09)
(-10 -9.42062e-07 -1.8934e-08)
(-10 -1.35883e-06 -2.96187e-08)
(-10 -1.80988e-06 -2.84457e-08)
(-10 -2.31746e-06 -1.72546e-08)
(-10 -2.87596e-06 -9.23209e-09)
(-10 -3.49974e-06 -2.9875e-09)
(-10 -4.18425e-06 6.49889e-09)
(-10 -4.92404e-06 1.23834e-08)
(-10 2.16527e-07 -7.0447e-09)
(-10 7.33401e-07 1.01935e-07)
(-10 6.2601e-07 1.03314e-07)
(-10 5.18216e-07 8.88738e-08)
(-10 3.7535e-07 7.8524e-08)
(-10 2.41745e-07 6.99462e-08)
(-10 4.7149e-08 4.96168e-08)
(-10 -1.82939e-07 2.2341e-08)
(-10 -5.25737e-07 -1.03888e-08)
(-10 -9.2653e-07 -3.22047e-08)
(-10 -1.35543e-06 -4.05615e-08)
(-10 -1.87688e-06 -3.74737e-08)
(-10 -2.44139e-06 -2.95352e-08)
(-10 -3.04841e-06 -1.31701e-08)
(-10 -3.72522e-06 -5.19822e-09)
(-10 -4.47734e-06 5.51655e-10)
(-10 -5.29735e-06 2.60869e-08)
(-10 2.57183e-07 -3.5518e-09)
(-10 7.46464e-07 1.79575e-07)
(-10 6.38024e-07 1.79405e-07)
(-10 5.36911e-07 1.47474e-07)
(-10 4.21927e-07 1.48735e-07)
(-10 2.77826e-07 1.32306e-07)
(-10 1.11762e-07 9.57393e-08)
(-10 -1.49583e-07 3.83006e-08)
(-10 -4.95682e-07 9.01644e-09)
(-10 -9.01197e-07 -1.00642e-08)
(-10 -1.42238e-06 -1.90434e-08)
(-10 -1.9223e-06 -2.76931e-08)
(-10 -2.51823e-06 8.16228e-11)
(-10 -3.21435e-06 2.30329e-09)
(-10 -3.96975e-06 3.89604e-10)
(-10 -4.79796e-06 6.1344e-09)
(-10 -5.7076e-06 1.79238e-08)
(-10 3.08898e-07 -7.81057e-09)
(-10 6.01192e-07 2.2708e-07)
(-10 5.33791e-07 1.78339e-07)
(-10 4.16987e-07 1.69782e-07)
(-10 3.21006e-07 1.50519e-07)
(-10 1.83827e-07 1.03829e-07)
(-10 4.92167e-09 4.2054e-08)
(-10 -3.07708e-07 2.54881e-08)
(-10 -5.99705e-07 -4.33455e-08)
(-10 -1.09607e-06 -6.51766e-08)
(-10 -1.40433e-06 -6.84516e-08)
(-10 -2.03459e-06 -4.51739e-08)
(-10 -2.73206e-06 -4.25721e-08)
(-10 -3.4322e-06 -1.29314e-08)
(-10 -4.23108e-06 4.00226e-09)
(-10 -5.13236e-06 3.19496e-08)
(-10 -6.17244e-06 4.67658e-08)
(-10 3.61772e-07 -5.4471e-09)
(-10 6.92281e-07 1.87811e-07)
(-10 6.75956e-07 1.87479e-07)
(-10 5.61084e-07 1.70195e-07)
(-10 4.54315e-07 1.63118e-07)
(-10 2.89613e-07 1.19235e-07)
(-10 4.38143e-08 3.75048e-08)
(-10 -2.38153e-07 -1.29929e-07)
(-10 -6.18274e-07 -1.15227e-07)
(-10 -9.34861e-07 -1.36651e-07)
(-10 3.11514e-08 8.00763e-08)
(-10 3.06061e-08 6.61041e-08)
(-10 2.36773e-08 4.74049e-08)
(-10 1.64271e-08 3.28727e-08)
(-10 9.15863e-09 2.60423e-08)
(-10 1.57315e-09 2.38185e-08)
(-10 -6.57062e-09 2.34603e-08)
(-10 -1.5392e-08 2.35235e-08)
(-10 -2.50987e-08 2.31598e-08)
(-10 -3.58561e-08 2.22252e-08)
(-10 -4.80003e-08 2.07948e-08)
(-10 -6.15423e-08 1.9823e-08)
(-10 -7.68089e-08 1.81787e-08)
(-10 -9.57795e-08 1.56062e-08)
(-10 -1.16421e-07 1.24121e-08)
(-10 -1.40135e-07 1.43065e-08)
(-10 1.24609e-08 2.46391e-09)
(-10 5.9426e-08 6.79394e-08)
(-10 4.65683e-08 5.61054e-08)
(-10 2.58574e-08 4.04824e-08)
(-10 5.06128e-09 2.83691e-08)
(-10 -1.66969e-08 2.36692e-08)
(-10 -3.9714e-08 2.31889e-08)
(-10 -6.45201e-08 2.41023e-08)
(-10 -9.152e-08 2.50012e-08)
(-10 -1.21192e-07 2.51678e-08)
(-10 -1.5412e-07 2.44752e-08)
(-10 -1.90983e-07 2.31207e-08)
(-10 -2.32575e-07 2.25407e-08)
(-10 -2.79681e-07 2.08304e-08)
(-10 -3.33635e-07 1.72352e-08)
(-10 -3.96889e-07 1.62953e-08)
(-10 -4.71404e-07 1.83367e-08)
(-10 3.02948e-08 2.9812e-09)
(-10 1.28858e-07 6.73231e-08)
(-10 1.0293e-07 5.10204e-08)
(-10 7.18364e-08 3.79244e-08)
(-10 3.69568e-08 2.6643e-08)
(-10 -1.13906e-10 2.20824e-08)
(-10 -3.96106e-08 2.15792e-08)
(-10 -8.23053e-08 2.24367e-08)
(-10 -1.28845e-07 2.32801e-08)
(-10 -1.80009e-07 2.34172e-08)
(-10 -2.36785e-07 2.27335e-08)
(-10 -3.00284e-07 2.13845e-08)
(-10 -3.71826e-07 2.05516e-08)
(-10 -4.52916e-07 1.90832e-08)
(-10 -5.46587e-07 1.60746e-08)
(-10 -6.54484e-07 1.2301e-08)
(-10 -7.78023e-07 1.54692e-08)
(-10 5.14614e-08 2.73037e-09)
(-10 1.84398e-07 6.32478e-08)
(-10 1.44164e-07 5.09684e-08)
(-10 1.00069e-07 3.78219e-08)
(-10 5.19046e-08 2.6454e-08)
(-10 -5.69105e-11 2.18258e-08)
(-10 -5.53364e-08 2.13678e-08)
(-10 -1.15136e-07 2.22048e-08)
(-10 -1.80312e-07 2.29843e-08)
(-10 -2.51974e-07 2.30785e-08)
(-10 -3.31415e-07 2.23516e-08)
(-10 -4.20167e-07 2.10218e-08)
(-10 -5.20157e-07 2.06931e-08)
(-10 -6.33585e-07 1.89082e-08)
(-10 -7.62438e-07 1.5303e-08)
(-10 -9.11217e-07 1.53275e-08)
(-10 -1.08633e-06 1.69942e-08)
(-10 6.52739e-08 2.93063e-09)
(-10 2.3488e-07 6.13905e-08)
(-10 1.84011e-07 4.6489e-08)
(-10 1.28726e-07 3.48994e-08)
(-10 6.68136e-08 2.49475e-08)
(-10 7.10671e-11 2.0633e-08)
(-10 -7.08861e-08 2.03032e-08)
(-10 -1.4757e-07 2.11267e-08)
(-10 -2.31082e-07 2.18228e-08)
(-10 -3.22826e-07 2.18059e-08)
(-10 -4.24444e-07 2.10079e-08)
(-10 -5.37881e-07 1.95968e-08)
(-10 -6.65495e-07 1.87122e-08)
(-10 -8.10019e-07 1.71937e-08)
(-10 -9.75372e-07 1.46547e-08)
(-10 -1.16486e-06 1.03285e-08)
(-10 -1.38318e-06 1.24975e-08)
(-10 8.55024e-08 2.39631e-09)
(-10 2.86502e-07 5.25202e-08)
(-10 2.24037e-07 4.36835e-08)
(-10 1.55043e-07 3.2159e-08)
(-10 7.99512e-08 2.21939e-08)
(-10 -1.17707e-09 1.82372e-08)
(-10 -8.73965e-08 1.80882e-08)
(-10 -1.80266e-07 1.90958e-08)
(-10 -2.81296e-07 1.99121e-08)
(-10 -3.92168e-07 2.00079e-08)
(-10 -5.14824e-07 1.93207e-08)
(-10 -6.51603e-07 1.83221e-08)
(-10 -8.05309e-07 1.79749e-08)
(-10 -9.79283e-07 1.62434e-08)
(-10 -1.17663e-06 1.28929e-08)
(-10 -1.40308e-06 1.41454e-08)
(-10 -1.66763e-06 1.5609e-08)
(-10 9.75396e-08 2.7407e-09)
(-10 3.35568e-07 5.16733e-08)
(-10 2.60906e-07 3.85877e-08)
(-10 1.80965e-07 2.93535e-08)
(-10 9.28814e-08 2.11485e-08)
(-10 -2.06311e-09 1.7952e-08)
(-10 -1.03192e-07 1.78454e-08)
(-10 -2.118e-07 1.8761e-08)
(-10 -3.29765e-07 1.94129e-08)
(-10 -4.59046e-07 1.93201e-08)
(-10 -6.01866e-07 1.84838e-08)
(-10 -7.60965e-07 1.71018e-08)
(-10 -9.39528e-07 1.60085e-08)
(-10 -1.14127e-06 1.4644e-08)
(-10 -1.37095e-06 1.29277e-08)
(-10 -1.63336e-06 8.66535e-09)
(-10 -1.93566e-06 9.60418e-09)
(-10 1.13906e-07 1.99601e-09)
(-10 3.81435e-07 4.14873e-08)
(-10 2.97299e-07 3.31839e-08)
(-10 2.03552e-07 2.3934e-08)
(-10 1.02788e-07 1.60174e-08)
(-10 -5.47201e-09 1.36145e-08)
(-10 -1.2049e-07 1.39621e-08)
(-10 -2.4384e-07 1.51121e-08)
(-10 -3.77617e-07 1.59402e-08)
(-10 -5.24115e-07 1.60598e-08)
(-10 -6.85648e-07 1.54996e-08)
(-10 -8.65327e-07 1.44992e-08)
(-10 -1.06678e-06 1.43737e-08)
(-10 -1.29418e-06 1.32575e-08)
(-10 -1.55162e-06 1.0285e-08)
(-10 -1.84573e-06 1.27615e-08)
(-10 -2.18697e-06 1.40885e-08)
(-10 1.22898e-07 2.45788e-09)
(-10 4.27726e-07 4.24418e-08)
(-10 3.28546e-07 2.67214e-08)
(-10 2.24489e-07 2.10799e-08)
(-10 1.11376e-07 1.56622e-08)
(-10 -9.51861e-09 1.40678e-08)
(-10 -1.37805e-07 1.45016e-08)
(-10 -2.75141e-07 1.54474e-08)
(-10 -4.23789e-07 1.60058e-08)
(-10 -5.86345e-07 1.58673e-08)
(-10 -7.65273e-07 1.51127e-08)
(-10 -9.64103e-07 1.39109e-08)
(-10 -1.18682e-06 1.23824e-08)
(-10 -1.43794e-06 1.1388e-08)
(-10 -1.7227e-06 1.0711e-08)
(-10 -2.04702e-06 6.97801e-09)
(-10 -2.41955e-06 6.95552e-09)
(-10 1.34376e-07 1.50025e-09)
(-10 4.63656e-07 2.3882e-08)
(-10 3.58403e-07 2.02141e-08)
(-10 2.41682e-07 1.28717e-08)
(-10 1.15953e-07 8.91681e-09)
(-10 -1.70407e-08 8.10835e-09)
(-10 -1.57711e-07 9.001e-09)
(-10 -3.07866e-07 1.02484e-08)
(-10 -4.70055e-07 1.113e-08)
(-10 -6.46871e-07 1.14074e-08)
(-10 -8.41423e-07 1.10737e-08)
(-10 -1.05747e-06 1.04188e-08)
(-10 -1.29934e-06 9.85468e-09)
(-10 -1.57188e-06 8.96343e-09)
(-10 -1.87992e-06 6.61216e-09)
(-10 -2.23043e-06 1.13196e-08)
(-10 -2.634e-06 1.3037e-08)
(-10 1.39925e-07 1.81794e-09)
(-10 5.06503e-07 2.76076e-08)
(-10 3.81556e-07 1.33503e-08)
(-10 2.55418e-07 1.11298e-08)
(-10 1.18806e-07 9.32429e-09)
(-10 -2.55242e-08 9.27925e-09)
(-10 -1.77751e-07 1.02275e-08)
(-10 -3.39834e-07 1.12644e-08)
(-10 -5.1415e-07 1.18929e-08)
(-10 -7.03977e-07 1.18365e-08)
(-10 -9.12743e-07 1.1168e-08)
(-10 -1.14448e-06 1.01296e-08)
(-10 -1.4039e-06 8.88441e-09)
(-10 -1.69614e-06 8.08829e-09)
(-10 -2.02687e-06 8.22359e-09)
(-10 -2.40207e-06 4.53252e-09)
(-10 -2.83035e-06 5.38928e-09)
(-10 1.4645e-07 8.46772e-10)
(-10 5.35671e-07 7.44796e-09)
(-10 4.03132e-07 5.22996e-09)
(-10 2.64813e-07 1.93662e-09)
(-10 1.17235e-07 1.19062e-09)
(-10 -3.77181e-08 2.16903e-09)
(-10 -2.00517e-07 3.80849e-09)
(-10 -3.72678e-07 5.42548e-09)
(-10 -5.57809e-07 6.49693e-09)
(-10 -7.59161e-07 6.87529e-09)
(-10 -9.80403e-07 6.57758e-09)
(-10 -1.22606e-06 5.95899e-09)
(-10 -1.50136e-06 5.65165e-09)
(-10 -1.81168e-06 5.00631e-09)
(-10 -2.16218e-06 3.89309e-09)
(-10 -2.55934e-06 1.00495e-08)
(-10 -3.01168e-06 1.26665e-08)
(-10 1.48911e-07 8.75587e-10)
(-10 5.69565e-07 1.26218e-08)
(-10 4.18445e-07 -3.23601e-10)
(-10 2.71586e-07 1.39849e-09)
(-10 1.14632e-07 2.92007e-09)
(-10 -4.97214e-08 4.94357e-09)
(-10 -2.21196e-07 6.953e-09)
(-10 -4.02706e-07 8.63242e-09)
(-10 -5.97659e-07 9.27925e-09)
(-10 -8.09508e-07 9.15136e-09)
(-10 -1.04232e-06 8.07029e-09)
(-10 -1.3012e-06 6.50485e-09)
(-10 -1.59174e-06 5.03028e-09)
(-10 -1.91935e-06 4.67029e-09)
(-10 -2.28975e-06 5.31126e-09)
(-10 -2.70705e-06 1.71873e-09)
(-10 -3.18052e-06 6.90881e-09)
(-10 1.51585e-07 -1.08756e-10)
(-10 5.8714e-07 -1.15625e-08)
(-10 4.31248e-07 -8.51861e-09)
(-10 2.7447e-07 -7.27114e-09)
(-10 1.09127e-07 -4.2756e-09)
(-10 -6.28758e-08 -7.55282e-10)
(-10 -2.41583e-07 2.27906e-09)
(-10 -4.31135e-07 4.45302e-09)
(-10 -6.34853e-07 5.86038e-09)
(-10 -8.56325e-07 5.88061e-09)
(-10 -1.10012e-06 4.51268e-09)
(-10 -1.37194e-06 2.66801e-09)
(-10 -1.67705e-06 1.63235e-09)
(-10 -2.02163e-06 1.35664e-09)
(-10 -2.4108e-06 1.56339e-09)
(-10 -2.85074e-06 7.92604e-09)
(-10 -3.34264e-06 1.33807e-08)
(-10 1.52638e-07 -3.22564e-10)
(-10 6.07618e-07 -7.62187e-09)
(-10 4.37438e-07 -1.18195e-08)
(-10 2.75861e-07 -4.86406e-09)
(-10 1.05167e-07 9.95555e-10)
(-10 -7.16282e-08 5.87623e-09)
(-10 -2.5635e-07 9.35565e-09)
(-10 -4.52901e-07 1.1609e-08)
(-10 -6.64869e-07 1.23932e-08)
(-10 -8.96133e-07 1.10184e-08)
(-10 -1.15188e-06 7.7418e-09)
(-10 -1.43672e-06 3.92024e-09)
(-10 -1.75981e-06 3.7207e-09)
(-10 -2.12216e-06 2.03705e-09)
(-10 -2.53113e-06 3.46534e-09)
(-10 -2.99184e-06 8.79713e-10)
(-10 -3.50228e-06 8.73518e-09)
(-10 1.50783e-07 -1.89696e-09)
(-10 6.08036e-07 -2.4611e-08)
(-10 4.41255e-07 -1.57841e-08)
(-10 2.75723e-07 -8.70066e-09)
(-10 1.02646e-07 -8.03372e-10)
(-10 -7.63505e-08 5.62294e-09)
(-10 -2.65039e-07 1.01258e-08)
(-10 -4.67542e-07 1.28489e-08)
(-10 -6.87526e-07 1.32941e-08)
(-10 -9.29503e-07 1.05653e-08)
(-10 -1.19756e-06 5.50395e-09)
(-10 -1.50421e-06 3.58784e-09)
(-10 -1.84226e-06 2.88946e-10)
(-10 -2.22377e-06 -4.71516e-10)
(-10 -2.65477e-06 3.45061e-10)
(-10 -3.13793e-06 1.03032e-08)
(-10 -3.67107e-06 1.63812e-08)
(-10 1.4788e-07 -1.64018e-09)
(-10 6.05158e-07 -1.55204e-08)
(-10 4.4093e-07 -1.10066e-08)
(-10 2.76223e-07 1.42678e-09)
(-10 1.05354e-07 1.13874e-08)
(-10 -7.36551e-08 1.86019e-08)
(-10 -2.6439e-07 2.29335e-08)
(-10 -4.71822e-07 2.47615e-08)
(-10 -7.00333e-07 2.3062e-08)
(-10 -9.54293e-07 1.72987e-08)
(-10 -1.24887e-06 1.08916e-08)
(-10 -1.56756e-06 5.09846e-09)
(-10 -1.92739e-06 1.27538e-09)
(-10 -2.33158e-06 1.28348e-09)
(-10 -2.78947e-06 4.1307e-09)
(-10 -3.29898e-06 1.464e-09)
(-10 -3.85438e-06 1.1732e-08)
(-10 1.4812e-07 -2.84832e-09)
(-10 5.96671e-07 -1.74133e-08)
(-10 4.459e-07 -1.89559e-09)
(-10 2.85774e-07 9.00113e-09)
(-10 1.1901e-07 1.90663e-08)
(-10 -5.68054e-08 2.40662e-08)
(-10 -2.47407e-07 3.00027e-08)
(-10 -4.58531e-07 3.03453e-08)
(-10 -6.97146e-07 2.60359e-08)
(-10 -9.78709e-07 1.84586e-08)
(-10 -1.28501e-06 1.05331e-08)
(-10 -1.63215e-06 4.25446e-09)
(-10 -2.01659e-06 1.72968e-09)
(-10 -2.44967e-06 1.66298e-09)
(-10 -2.93701e-06 2.61527e-09)
(-10 -3.47848e-06 1.36926e-08)
(-10 -4.06707e-06 2.12934e-08)
(-10 1.52803e-07 -1.90223e-09)
(-10 5.91744e-07 8.20628e-09)
(-10 4.57001e-07 1.73769e-08)
(-10 3.03263e-07 2.8855e-08)
(-10 1.43472e-07 3.79404e-08)
(-10 -2.57246e-08 4.34525e-08)
(-10 -2.13257e-07 4.47872e-08)
(-10 -4.32359e-07 3.95971e-08)
(-10 -6.89892e-07 3.35424e-08)
(-10 -9.84854e-07 2.37688e-08)
(-10 -1.32361e-06 1.46862e-08)
(-10 -1.69861e-06 8.57627e-09)
(-10 -2.11716e-06 6.2738e-09)
(-10 -2.58107e-06 5.89087e-09)
(-10 -3.10616e-06 7.75555e-09)
(-10 -3.68609e-06 3.55556e-09)
(-10 -4.30993e-06 1.32877e-08)
(-10 1.6558e-07 -2.08822e-09)
(-10 6.27348e-07 3.25405e-08)
(-10 4.99297e-07 4.09051e-08)
(-10 3.5621e-07 4.57824e-08)
(-10 2.07627e-07 5.16209e-08)
(-10 4.05924e-08 4.97943e-08)
(-10 -1.49548e-07 4.95553e-08)
(-10 -3.6823e-07 4.44335e-08)
(-10 -6.44126e-07 3.40369e-08)
(-10 -9.69476e-07 2.29227e-08)
(-10 -1.34524e-06 1.58054e-08)
(-10 -1.75624e-06 1.07215e-08)
(-10 -2.21635e-06 1.07812e-08)
(-10 -2.72151e-06 7.89014e-09)
(-10 -3.29201e-06 5.01739e-09)
(-10 -3.91928e-06 1.56203e-08)
(-10 -4.59716e-06 2.41195e-08)
(-10 1.86874e-07 5.44778e-10)
(-10 6.99145e-07 7.48621e-08)
(-10 5.89036e-07 7.68331e-08)
(-10 4.57094e-07 7.3848e-08)
(-10 3.08967e-07 7.17013e-08)
(-10 1.4864e-07 7.10995e-08)
(-10 -2.98627e-08 6.5771e-08)
(-10 -2.71385e-07 5.51914e-08)
(-10 -5.68745e-07 4.24462e-08)
(-10 -9.35745e-07 3.16303e-08)
(-10 -1.34937e-06 2.42536e-08)
(-10 -1.81064e-06 2.06214e-08)
(-10 -2.32258e-06 1.64296e-08)
(-10 -2.87834e-06 1.09047e-08)
(-10 -3.49851e-06 7.05516e-09)
(-10 -4.18458e-06 2.022e-09)
(-10 -4.92048e-06 1.43258e-08)
(-10 2.18557e-07 1.80735e-09)
(-10 7.91723e-07 9.47457e-08)
(-10 7.04121e-07 1.13027e-07)
(-10 5.85232e-07 9.85822e-08)
(-10 4.4093e-07 8.83777e-08)
(-10 2.9403e-07 8.5285e-08)
(-10 1.02844e-07 7.61433e-08)
(-10 -1.43499e-07 6.15167e-08)
(-10 -4.83184e-07 4.71593e-08)
(-10 -8.88741e-07 4.45508e-08)
(-10 -1.35714e-06 4.02937e-08)
(-10 -1.87993e-06 3.48454e-08)
(-10 -2.40506e-06 1.97102e-08)
(-10 -3.03324e-06 1.08859e-08)
(-10 -3.725e-06 1.47594e-09)
(-10 -4.48253e-06 1.12724e-08)
(-10 -5.29533e-06 3.12464e-08)
(-10 2.5654e-07 4.21202e-09)
(-10 8.69607e-07 1.40745e-07)
(-10 6.60432e-07 1.35881e-07)
(-10 5.88487e-07 1.31215e-07)
(-10 4.52403e-07 1.23167e-07)
(-10 3.19548e-07 1.17555e-07)
(-10 1.26362e-07 1.03734e-07)
(-10 -1.36242e-07 8.3072e-08)
(-10 -4.91988e-07 7.94297e-08)
(-10 -9.24584e-07 9.28965e-08)
(-10 -1.41615e-06 5.20713e-08)
(-10 -1.93461e-06 4.06078e-08)
(-10 -2.59596e-06 4.56239e-08)
(-10 -3.22395e-06 4.59743e-10)
(-10 -3.97153e-06 1.85403e-09)
(-10 -4.76076e-06 2.60164e-08)
(-10 -5.68845e-06 2.52623e-08)
(-10 3.07281e-07 2.42588e-09)
(-10 6.16097e-07 1.20006e-07)
(-10 5.30735e-07 1.21673e-07)
(-10 4.1511e-07 1.10227e-07)
(-10 3.1172e-07 1.0747e-07)
(-10 1.69789e-07 9.00789e-08)
(-10 -2.00476e-08 6.25253e-08)
(-10 -2.96383e-07 5.04044e-08)
(-10 -6.43391e-07 3.24509e-08)
(-10 -1.08372e-06 1.32286e-08)
(-10 -1.60155e-06 2.73561e-08)
(-10 -2.20632e-06 -9.15976e-09)
(-10 -2.69232e-06 -4.71684e-08)
(-10 -3.43779e-06 -5.23823e-10)
(-10 -4.2163e-06 1.20438e-08)
(-10 -5.16152e-06 2.78287e-08)
(-10 -6.1546e-06 6.86543e-08)
(-10 3.51011e-07 -3.37643e-09)
(-10 7.40187e-07 1.93626e-07)
(-10 6.7254e-07 1.72626e-07)
(-10 5.54956e-07 1.6965e-07)
(-10 4.31329e-07 1.54722e-07)
(-10 2.59761e-07 1.23377e-07)
(-10 3.84179e-08 1.0482e-07)
(-10 -2.56274e-07 1.02452e-07)
(-10 -6.26563e-07 4.96355e-08)
(-10 -1.09764e-06 9.38341e-08)
(-10 -1.60678e-06 -6.2869e-08)
(-10 -2.11861e-06 -6.90492e-08)
(-10 5.28789e-08 5.29589e-08)
(-10 5.21436e-08 4.61837e-08)
(-10 4.51144e-08 3.78161e-08)
(-10 3.73012e-08 3.07687e-08)
(-10 2.9499e-08 2.68846e-08)
(-10 2.13916e-08 2.4972e-08)
(-10 1.27405e-08 2.37718e-08)
(-10 3.34941e-09 2.28119e-08)
(-10 -6.89695e-09 2.2531e-08)
(-10 -1.83e-08 2.18034e-08)
(-10 -3.1039e-08 2.00762e-08)
(-10 -4.52335e-08 1.77665e-08)
(-10 -6.18805e-08 1.52177e-08)
(-10 -8.18485e-08 1.2875e-08)
(-10 -1.01329e-07 1.1382e-08)
(-10 -1.25954e-07 1.10017e-08)
(-10 1.05529e-08 3.65667e-09)
(-10 1.19948e-07 5.0716e-08)
(-10 1.04363e-07 4.26401e-08)
(-10 8.46761e-08 3.62485e-08)
(-10 6.2869e-08 3.0553e-08)
(-10 4.00646e-08 2.74288e-08)
(-10 1.59644e-08 2.60375e-08)
(-10 -1.00068e-08 2.52171e-08)
(-10 -3.82458e-08 2.47641e-08)
(-10 -6.92142e-08 2.45172e-08)
(-10 -1.03554e-07 2.36449e-08)
(-10 -1.41973e-07 2.1998e-08)
(-10 -1.85215e-07 1.97703e-08)
(-10 -2.34239e-07 1.72402e-08)
(-10 -2.90438e-07 1.40685e-08)
(-10 -3.56269e-07 1.28017e-08)
(-10 -4.3293e-07 1.05157e-08)
(-10 3.50881e-08 3.32159e-09)
(-10 2.22427e-07 4.93502e-08)
(-10 1.94022e-07 3.96759e-08)
(-10 1.63323e-07 3.35054e-08)
(-10 1.2803e-07 2.85386e-08)
(-10 8.97244e-08 2.55548e-08)
(-10 4.89214e-08 2.42469e-08)
(-10 4.74693e-09 2.34862e-08)
(-10 -4.34294e-08 2.29941e-08)
(-10 -9.63864e-08 2.27353e-08)
(-10 -1.55096e-07 2.19366e-08)
(-10 -2.20756e-07 2.04389e-08)
(-10 -2.94625e-07 1.83076e-08)
(-10 -3.78551e-07 1.60052e-08)
(-10 -4.75524e-07 1.3377e-08)
(-10 -5.85096e-07 9.11559e-09)
(-10 -7.10615e-07 9.7627e-09)
(-10 5.45578e-08 3.82113e-09)
(-10 3.13818e-07 4.67268e-08)
(-10 2.68127e-07 4.02818e-08)
(-10 2.26038e-07 3.3785e-08)
(-10 1.77464e-07 2.89067e-08)
(-10 1.24506e-07 2.60976e-08)
(-10 6.73876e-08 2.46993e-08)
(-10 5.61118e-09 2.3898e-08)
(-10 -6.17451e-08 2.3666e-08)
(-10 -1.35811e-07 2.33057e-08)
(-10 -2.17915e-07 2.24037e-08)
(-10 -3.09667e-07 2.07626e-08)
(-10 -4.12979e-07 1.86686e-08)
(-10 -5.29964e-07 1.62575e-08)
(-10 -6.62995e-07 1.2946e-08)
(-10 -8.1784e-07 1.30861e-08)
(-10 -9.97982e-07 9.63168e-09)
(-10 7.61104e-08 3.07472e-09)
(-10 3.94474e-07 4.46047e-08)
(-10 3.40777e-07 3.58132e-08)
(-10 2.8639e-07 3.03361e-08)
(-10 2.24383e-07 2.59722e-08)
(-10 1.5677e-07 2.34669e-08)
(-10 8.3845e-08 2.22886e-08)
(-10 4.8551e-09 2.15981e-08)
(-10 -8.13431e-08 2.11189e-08)
(-10 -1.75954e-07 2.0752e-08)
(-10 -2.80752e-07 1.98837e-08)
(-10 -3.9777e-07 1.85516e-08)
(-10 -5.29319e-07 1.65461e-08)
(-10 -6.78415e-07 1.4421e-08)
(-10 -8.48959e-07 1.20725e-08)
(-10 -1.04308e-06 7.21045e-09)
(-10 -1.26747e-06 9.71417e-09)
(-10 9.35184e-08 3.60067e-09)
(-10 4.76646e-07 3.95628e-08)
(-10 4.09678e-07 3.48789e-08)
(-10 3.43197e-07 2.92102e-08)
(-10 2.68036e-07 2.50079e-08)
(-10 1.862e-07 2.26689e-08)
(-10 9.79469e-08 2.16196e-08)
(-10 2.43893e-09 2.10201e-08)
(-10 -1.01723e-07 2.09713e-08)
(-10 -2.16113e-07 2.05974e-08)
(-10 -3.42524e-07 1.97625e-08)
(-10 -4.83534e-07 1.82951e-08)
(-10 -6.42029e-07 1.64992e-08)
(-10 -8.21224e-07 1.43971e-08)
(-10 -1.02454e-06 1.11912e-08)
(-10 -1.25949e-06 1.27966e-08)
(-10 -1.53175e-06 8.69744e-09)
(-10 1.12015e-07 2.52622e-09)
(-10 5.49502e-07 3.78003e-08)
(-10 4.74978e-07 2.96729e-08)
(-10 3.96283e-07 2.53012e-08)
(-10 3.08085e-07 2.17601e-08)
(-10 2.12343e-07 1.97698e-08)
(-10 1.09277e-07 1.89156e-08)
(-10 -2.10071e-09 1.84453e-08)
(-10 -1.23353e-07 1.80272e-08)
(-10 -2.56455e-07 1.76363e-08)
(-10 -4.03473e-07 1.68034e-08)
(-10 -5.67176e-07 1.56813e-08)
(-10 -7.50924e-07 1.40791e-08)
(-10 -9.58644e-07 1.22331e-08)
(-10 -1.19512e-06 1.0361e-08)
(-10 -1.46449e-06 5.49788e-09)
(-10 -1.77647e-06 8.37776e-09)
(-10 1.26261e-07 3.25496e-09)
(-10 6.21879e-07 3.16031e-08)
(-10 5.34673e-07 2.77094e-08)
(-10 4.43983e-07 2.29816e-08)
(-10 3.43098e-07 1.96838e-08)
(-10 2.34028e-07 1.7935e-08)
(-10 1.16906e-07 1.72447e-08)
(-10 -9.39735e-09 1.69144e-08)
(-10 -1.4669e-07 1.69548e-08)
(-10 -2.97176e-07 1.66716e-08)
(-10 -4.6327e-07 1.60141e-08)
(-10 -6.47972e-07 1.50318e-08)
(-10 -8.55146e-07 1.36555e-08)
(-10 -1.08893e-06 1.19817e-08)
(-10 -1.35375e-06 9.05242e-09)
(-10 -1.65793e-06 1.20756e-08)
(-10 -2.00934e-06 7.65273e-09)
(-10 1.40325e-07 1.808e-09)
(-10 6.85572e-07 3.00938e-08)
(-10 5.88773e-07 2.21542e-08)
(-10 4.86063e-07 1.88641e-08)
(-10 3.72744e-07 1.63039e-08)
(-10 2.50879e-07 1.4944e-08)
(-10 1.20453e-07 1.44343e-08)
(-10 -1.98242e-08 1.42162e-08)
(-10 -1.7196e-07 1.38869e-08)
(-10 -3.38526e-07 1.34439e-08)
(-10 -5.22049e-07 1.2844e-08)
(-10 -7.26033e-07 1.20122e-08)
(-10 -9.54571e-07 1.10123e-08)
(-10 -1.21242e-06 9.65692e-09)
(-10 -1.50508e-06 8.35505e-09)
(-10 -1.83815e-06 3.78665e-09)
(-10 -2.22274e-06 6.71571e-09)
(-10 1.5049e-07 2.76529e-09)
(-10 7.45233e-07 2.23021e-08)
(-10 6.35777e-07 1.92561e-08)
(-10 5.20981e-07 1.55927e-08)
(-10 3.95716e-07 1.32196e-08)
(-10 2.61756e-07 1.2116e-08)
(-10 1.18976e-07 1.18251e-08)
(-10 -3.40869e-08 1.17989e-08)
(-10 -1.99769e-07 1.17592e-08)
(-10 -3.80649e-07 1.17269e-08)
(-10 -5.79713e-07 1.14422e-08)
(-10 -8.01001e-07 1.0981e-08)
(-10 -1.04894e-06 1.0143e-08)
(-10 -1.3284e-06 8.98602e-09)
(-10 -1.64455e-06 6.39316e-09)
(-10 -2.00584e-06 1.10422e-08)
(-10 -2.42115e-06 6.59691e-09)
(-10 1.59741e-07 1.0698e-09)
(-10 7.97675e-07 2.0772e-08)
(-10 6.74606e-07 1.31091e-08)
(-10 5.48712e-07 1.12597e-08)
(-10 4.12171e-07 9.71792e-09)
(-10 2.66918e-07 9.04239e-09)
(-10 1.12776e-07 8.95704e-09)
(-10 -5.19777e-08 9.03742e-09)
(-10 -2.2957e-07 9.05263e-09)
(-10 -4.23005e-07 8.86763e-09)
(-10 -6.36038e-07 8.44135e-09)
(-10 -8.72801e-07 7.90647e-09)
(-10 -1.13812e-06 7.38387e-09)
(-10 -1.43726e-06 6.74062e-09)
(-10 -1.77618e-06 6.13555e-09)
(-10 -2.16092e-06 2.28075e-09)
(-10 -2.60177e-06 5.22678e-09)
(-10 1.65577e-07 2.11839e-09)
(-10 8.42015e-07 1.11191e-08)
(-10 7.0566e-07 9.48378e-09)
(-10 5.6865e-07 6.99457e-09)
(-10 4.21477e-07 5.74517e-09)
(-10 2.65888e-07 5.4679e-09)
(-10 1.01459e-07 5.7147e-09)
(-10 -7.3109e-08 6.15266e-09)
(-10 -2.6097e-07 6.52877e-09)
(-10 -4.65614e-07 6.69055e-09)
(-10 -6.9087e-07 6.59935e-09)
(-10 -9.41367e-07 6.43226e-09)
(-10 -1.22237e-06 6.23578e-09)
(-10 -1.53927e-06 5.18277e-09)
(-10 -1.89766e-06 4.23078e-09)
(-10 -2.30543e-06 9.89898e-09)
(-10 -2.77024e-06 5.78721e-09)
(-10 1.70979e-07 5.22074e-10)
(-10 8.79178e-07 9.64195e-09)
(-10 7.28185e-07 3.11153e-09)
(-10 5.81652e-07 2.8212e-09)
(-10 4.25165e-07 2.65889e-09)
(-10 2.6048e-07 2.98038e-09)
(-10 8.78406e-08 3.59791e-09)
(-10 -9.53255e-08 4.23129e-09)
(-10 -2.9241e-07 4.7042e-09)
(-10 -5.06948e-07 4.91184e-09)
(-10 -7.43251e-07 4.79393e-09)
(-10 -1.00647e-06 4.40585e-09)
(-10 -1.30217e-06 3.88883e-09)
(-10 -1.63578e-06 4.02648e-09)
(-10 -2.01349e-06 4.14804e-09)
(-10 -2.44092e-06 1.66306e-09)
(-10 -2.92378e-06 3.6388e-09)
(-10 1.73135e-07 1.37065e-09)
(-10 9.02983e-07 -1.25746e-09)
(-10 7.43677e-07 -5.78118e-10)
(-10 5.88362e-07 -1.23894e-09)
(-10 4.23985e-07 -8.32268e-10)
(-10 2.52385e-07 1.63721e-10)
(-10 7.3096e-08 1.32508e-09)
(-10 -1.17449e-07 2.40979e-09)
(-10 -3.22554e-07 3.25698e-09)
(-10 -5.46067e-07 3.57501e-09)
(-10 -7.92757e-07 3.72748e-09)
(-10 -1.06829e-06 3.6754e-09)
(-10 -1.37776e-06 3.61402e-09)
(-10 -1.72741e-06 3.06717e-09)
(-10 -2.12331e-06 3.06206e-09)
(-10 -2.57234e-06 5.00472e-09)
(-10 -3.07681e-06 5.49656e-09)
(-10 1.7701e-07 -2.33631e-10)
(-10 9.21087e-07 -1.07565e-09)
(-10 7.5253e-07 -5.34515e-09)
(-10 5.91844e-07 -3.34471e-09)
(-10 4.2241e-07 -1.52607e-09)
(-10 2.46839e-07 2.62591e-10)
(-10 6.23231e-08 1.80306e-09)
(-10 -1.34405e-07 3.00586e-09)
(-10 -3.46877e-07 3.68221e-09)
(-10 -5.7944e-07 3.29987e-09)
(-10 -8.37195e-07 3.10884e-09)
(-10 -1.12462e-06 2.78716e-09)
(-10 -1.4525e-06 3.11925e-09)
(-10 -1.81811e-06 2.65776e-09)
(-10 -2.23252e-06 3.09433e-09)
(-10 -2.70138e-06 -1.42393e-09)
(-10 -3.22456e-06 4.74718e-09)
(-10 1.749e-07 7.16594e-10)
(-10 9.23862e-07 -9.7918e-09)
(-10 7.57249e-07 -6.025e-09)
(-10 5.93438e-07 -4.11435e-09)
(-10 4.22487e-07 -1.5572e-09)
(-10 2.44885e-07 9.49494e-10)
(-10 5.69625e-08 2.93442e-09)
(-10 -1.44799e-07 4.33271e-09)
(-10 -3.64487e-07 5.08607e-09)
(-10 -6.07118e-07 4.4644e-09)
(-10 -8.74924e-07 3.70357e-09)
(-10 -1.18452e-06 3.39414e-09)
(-10 -1.52336e-06 2.78674e-09)
(-10 -1.90793e-06 2.2388e-09)
(-10 -2.34373e-06 2.31469e-09)
(-10 -2.83615e-06 1.00927e-08)
(-10 -3.38034e-06 6.64163e-09)
(-10 1.7351e-07 -8.32331e-10)
(-10 9.21979e-07 -4.61511e-09)
(-10 7.63828e-07 -4.83421e-09)
(-10 6.00373e-07 -4.43793e-10)
(-10 4.31427e-07 3.30462e-09)
(-10 2.54427e-07 6.3592e-09)
(-10 6.51855e-08 8.26915e-09)
(-10 -1.40824e-07 9.44019e-09)
(-10 -3.68416e-07 9.27765e-09)
(-10 -6.22016e-07 7.51382e-09)
(-10 -9.14504e-07 6.48074e-09)
(-10 -1.23434e-06 4.96958e-09)
(-10 -1.59381e-06 3.47562e-09)
(-10 -2.00072e-06 3.6998e-09)
(-10 -2.46366e-06 4.1757e-09)
(-10 -2.98102e-06 -1.28565e-09)
(-10 -3.54993e-06 7.03494e-09)
(-10 1.75234e-07 7.30587e-10)
(-10 9.21122e-07 -3.29262e-09)
(-10 7.77526e-07 3.81966e-09)
(-10 6.18286e-07 7.4994e-09)
(-10 4.53943e-07 1.13214e-08)
(-10 2.7989e-07 1.45e-08)
(-10 9.20857e-08 1.62365e-08)
(-10 -1.17071e-07 1.67882e-08)
(-10 -3.52842e-07 1.58569e-08)
(-10 -6.30353e-07 1.34322e-08)
(-10 -9.38046e-07 1.11876e-08)
(-10 -1.27966e-06 8.80891e-09)
(-10 -1.66614e-06 7.68673e-09)
(-10 -2.1e-06 5.82759e-09)
(-10 -2.59389e-06 5.00495e-09)
(-10 -3.14578e-06 1.30638e-08)
(-10 -3.74609e-06 9.03334e-09)
(-10 1.82532e-07 -4.24914e-10)
(-10 9.38958e-07 1.23973e-08)
(-10 8.04819e-07 1.46588e-08)
(-10 6.53545e-07 1.91468e-08)
(-10 4.96445e-07 2.30933e-08)
(-10 3.30385e-07 2.52885e-08)
(-10 1.45823e-07 2.66663e-08)
(-10 -7.25463e-08 2.38618e-08)
(-10 -3.23146e-07 2.31677e-08)
(-10 -6.15755e-07 2.01794e-08)
(-10 -9.47551e-07 1.69587e-08)
(-10 -1.32075e-06 1.41371e-08)
(-10 -1.73787e-06 1.11874e-08)
(-10 -2.20804e-06 9.64743e-09)
(-10 -2.74211e-06 7.67747e-09)
(-10 -3.33096e-06 -2.45286e-10)
(-10 -3.97057e-06 9.91647e-09)
(-10 1.98023e-07 2.17478e-09)
(-10 9.93243e-07 3.08962e-08)
(-10 8.73963e-07 3.25177e-08)
(-10 7.29994e-07 3.53963e-08)
(-10 5.82902e-07 3.75621e-08)
(-10 4.17645e-07 3.70258e-08)
(-10 2.37313e-07 3.87062e-08)
(-10 1.61778e-08 3.73177e-08)
(-10 -2.4784e-07 3.40106e-08)
(-10 -5.69894e-07 3.06134e-08)
(-10 -9.33517e-07 2.72676e-08)
(-10 -1.34764e-06 2.39275e-08)
(-10 -1.80532e-06 1.99743e-08)
(-10 -2.32488e-06 1.35115e-08)
(-10 -2.9038e-06 8.29801e-09)
(-10 -3.54267e-06 1.58005e-08)
(-10 -4.23303e-06 1.37216e-08)
(-10 2.22994e-07 1.72012e-09)
(-10 1.07264e-06 4.4709e-08)
(-10 9.85393e-07 5.17802e-08)
(-10 8.51912e-07 4.92568e-08)
(-10 7.09822e-07 4.85054e-08)
(-10 5.59054e-07 5.00982e-08)
(-10 3.80725e-07 4.85507e-08)
(-10 1.5227e-07 4.54683e-08)
(-10 -1.39151e-07 4.21856e-08)
(-10 -4.92777e-07 3.96156e-08)
(-10 -8.98037e-07 3.66584e-08)
(-10 -1.35798e-06 3.24192e-08)
(-10 -1.87267e-06 2.31423e-08)
(-10 -2.44488e-06 1.40692e-08)
(-10 -3.08341e-06 9.4161e-09)
(-10 -3.78558e-06 3.39136e-09)
(-10 -4.52811e-06 1.21436e-08)
(-10 2.5652e-07 5.31517e-09)
(-10 1.24148e-06 4.91365e-08)
(-10 1.08868e-06 6.74017e-08)
(-10 9.85344e-07 6.24358e-08)
(-10 8.5057e-07 5.83446e-08)
(-10 7.20116e-07 5.90324e-08)
(-10 5.32944e-07 5.70524e-08)
(-10 2.99066e-07 5.2897e-08)
(-10 -2.23663e-08 4.9813e-08)
(-10 -4.1398e-07 5.06608e-08)
(-10 -8.66665e-07 4.90626e-08)
(-10 -1.38127e-06 4.30637e-08)
(-10 -1.95782e-06 3.58288e-08)
(-10 -2.59473e-06 2.49431e-08)
(-10 -3.29983e-06 2.18406e-08)
(-10 -4.01595e-06 1.18556e-08)
(-10 -4.86122e-06 2.27617e-08)
(-10 2.96983e-07 3.89966e-09)
(-10 1.21073e-06 8.92944e-08)
(-10 1.04296e-06 5.77825e-08)
(-10 9.74446e-07 6.12682e-08)
(-10 8.52231e-07 6.24853e-08)
(-10 7.22287e-07 6.0634e-08)
(-10 5.52921e-07 5.65069e-08)
(-10 2.96633e-07 5.08973e-08)
(-10 -3.86084e-08 5.34589e-08)
(-10 -4.51478e-07 5.55874e-08)
(-10 -9.31371e-07 5.93178e-08)
(-10 -1.47936e-06 4.50218e-08)
(-10 -2.09351e-06 6.10886e-09)
(-10 -2.79527e-06 1.83569e-08)
(-10 -3.45977e-06 -1.10119e-09)
(-10 -4.34532e-06 2.63226e-08)
(-10 -5.19563e-06 2.11071e-08)
(-10 3.42505e-07 6.48553e-09)
(-10 1.07987e-06 2.5416e-08)
(-10 9.98035e-07 6.55811e-08)
(-10 9.0824e-07 5.06885e-08)
(-10 8.0741e-07 5.08596e-08)
(-10 6.60974e-07 4.48453e-08)
(-10 4.81069e-07 3.43281e-08)
(-10 2.18306e-07 3.41567e-08)
(-10 -1.36629e-07 3.33688e-08)
(-10 -5.707e-07 4.03311e-08)
(-10 -1.04598e-06 1.40266e-08)
(-10 -1.62033e-06 7.36858e-09)
(-10 -2.31455e-06 2.70958e-08)
(-10 -2.93634e-06 1.5125e-09)
(-10 -3.82377e-06 3.1175e-08)
(-10 -4.54334e-06 -1.63357e-09)
(-10 -5.63834e-06 2.94017e-08)
(-10 3.9556e-07 -2.6003e-09)
(-10 1.29083e-06 1.43713e-07)
(-10 1.21378e-06 1.05539e-07)
(-10 1.11681e-06 1.07119e-07)
(-10 1.00357e-06 1.0184e-07)
(-10 8.43691e-07 8.897e-08)
(-10 6.27436e-07 7.5494e-08)
(-10 3.40632e-07 5.78512e-08)
(-10 -2.338e-08 5.53911e-08)
(-10 -4.64256e-07 4.46793e-08)
(-10 -9.98912e-07 7.05237e-08)
(-10 -1.60062e-06 6.7137e-08)
(-10 -2.30781e-06 -6.96779e-08)
(-10 -3.15075e-06 1.36557e-09)
(-10 -3.82976e-06 -1.17498e-08)
)
;

boundaryField
{
    frontAndBack
    {
        type            slip;
    }
    inlet
    {
        type            fixedValue;
        value           uniform (-10 0 0);
    }
    outlet
    {
        type            inletOutlet;
        inletValue      nonuniform List<vector> 0();
        value           nonuniform List<vector> 0();
    }
    lowerWall
    {
        type            fixedValue;
        value           uniform (-10 0 0);
    }
    upperWall
    {
        type            slip;
    }
    procBoundary2to1
    {
        type            processor;
        value           nonuniform List<vector> 
124
(
(-10 3.62803e-08 3.85018e-08)
(-10 6.54719e-08 3.28053e-08)
(-10 1.55035e-07 2.7438e-08)
(-10 2.11446e-07 1.86616e-08)
(-10 2.77478e-07 1.93486e-08)
(-10 3.34826e-07 2.00034e-08)
(-10 3.91976e-07 1.83172e-08)
(-10 4.40727e-07 1.45962e-08)
(-10 4.9614e-07 1.25857e-08)
(-10 5.47266e-07 5.2747e-09)
(-10 5.97435e-07 3.43799e-10)
(-10 6.38226e-07 -4.39976e-09)
(-10 6.81511e-07 -2.5801e-09)
(-10 7.13538e-07 -4.58589e-09)
(-10 7.37725e-07 -1.1769e-08)
(-10 7.51772e-07 -1.92216e-08)
(-10 7.56692e-07 -1.59465e-08)
(-10 7.62105e-07 -2.28013e-08)
(-10 7.62035e-07 -1.26132e-08)
(-10 7.76321e-07 1.30351e-09)
(-10 8.19739e-07 3.31194e-08)
(-10 8.80411e-07 6.58226e-08)
(-10 8.66551e-07 1.34055e-07)
(-10 6.98394e-07 1.97396e-07)
(-10 3.55002e-08 8.44142e-08)
(-10 6.75611e-08 5.51423e-08)
(-10 1.59824e-07 5.75512e-08)
(-10 2.18774e-07 5.80455e-08)
(-10 2.89254e-07 6.1264e-08)
(-10 3.4661e-07 4.24863e-08)
(-10 4.11291e-07 4.40476e-08)
(-10 4.65437e-07 3.42647e-08)
(-10 5.27187e-07 3.69516e-08)
(-10 5.75582e-07 1.92363e-08)
(-10 6.25638e-07 1.34721e-08)
(-10 6.65706e-07 -5.01021e-09)
(-10 7.06745e-07 -4.20261e-09)
(-10 7.3971e-07 -1.76899e-08)
(-10 7.52517e-07 -2.71525e-08)
(-10 7.5284e-07 -4.15591e-08)
(-10 7.35602e-07 -3.4385e-08)
(-10 7.09608e-07 -4.04063e-08)
(-10 6.70137e-07 -1.65041e-08)
(-10 6.58408e-07 8.06044e-09)
(-10 6.94691e-07 6.80194e-08)
(-10 7.57121e-07 1.263e-07)
(-10 7.84652e-07 2.25516e-07)
(-10 5.98318e-07 2.29913e-07)
(-10 7.57819e-07 2.56595e-07)
(-10 3.61088e-08 9.04277e-08)
(-10 6.92887e-08 6.55175e-08)
(-10 1.56847e-07 6.80096e-08)
(-10 2.14402e-07 6.04532e-08)
(-10 2.82017e-07 6.38519e-08)
(-10 3.37252e-07 4.89617e-08)
(-10 3.99927e-07 5.23636e-08)
(-10 4.535e-07 3.29356e-08)
(-10 5.12718e-07 3.68411e-08)
(-10 5.61153e-07 1.4184e-08)
(-10 6.12463e-07 1.82146e-08)
(-10 6.54025e-07 -4.79961e-09)
(-10 6.94616e-07 1.05672e-09)
(-10 7.23973e-07 -2.30226e-08)
(-10 7.44301e-07 -1.51053e-08)
(-10 7.5117e-07 -3.65491e-08)
(-10 7.4215e-07 -2.04011e-08)
(-10 7.2694e-07 -3.05794e-08)
(-10 7.05629e-07 1.9947e-09)
(-10 7.11567e-07 1.44378e-08)
(-10 7.67963e-07 7.68247e-08)
(-10 8.54538e-07 1.10145e-07)
(-10 9.02954e-07 2.12875e-07)
(-10 7.28643e-07 2.50634e-07)
(-10 7.75905e-07 2.54355e-07)
(-10 3.62245e-08 9.16408e-08)
(-10 7.10333e-08 7.66462e-08)
(-10 1.53817e-07 7.54867e-08)
(-10 2.12347e-07 7.088e-08)
(-10 2.7536e-07 6.97324e-08)
(-10 3.31753e-07 5.81411e-08)
(-10 3.91859e-07 5.80403e-08)
(-10 4.46216e-07 4.23447e-08)
(-10 5.02743e-07 4.31614e-08)
(-10 5.53645e-07 2.60487e-08)
(-10 6.03597e-07 2.676e-08)
(-10 6.47295e-07 6.02516e-09)
(-10 6.87506e-07 8.98766e-09)
(-10 7.18488e-07 -1.26812e-08)
(-10 7.4102e-07 -7.90152e-09)
(-10 7.52597e-07 -2.52306e-08)
(-10 7.49008e-07 -1.27563e-08)
(-10 7.41341e-07 -1.69238e-08)
(-10 7.29686e-07 1.06515e-08)
(-10 7.47883e-07 2.74646e-08)
(-10 8.08545e-07 7.15352e-08)
(-10 9.35205e-07 8.88152e-08)
(-10 9.88119e-07 1.55214e-07)
(-10 7.98313e-07 1.31322e-07)
(-10 8.27028e-07 2.12152e-07)
(-10 5.79246e-08 5.3994e-08)
(-10 1.31545e-07 5.3165e-08)
(-10 2.45701e-07 5.03e-08)
(-10 3.40835e-07 4.95623e-08)
(-10 4.33408e-07 4.52841e-08)
(-10 5.21411e-07 4.20026e-08)
(-10 6.06452e-07 3.76912e-08)
(-10 6.86288e-07 3.29695e-08)
(-10 7.61908e-07 2.89725e-08)
(-10 8.31288e-07 2.28322e-08)
(-10 8.9555e-07 1.91987e-08)
(-10 9.49846e-07 1.14841e-08)
(-10 9.96612e-07 8.01532e-09)
(-10 1.03102e-06 -2.2095e-10)
(-10 1.05457e-06 -2.97111e-09)
(-10 1.06531e-06 -8.12173e-09)
(-10 1.06459e-06 -6.30212e-09)
(-10 1.06199e-06 -1.39405e-09)
(-10 1.06478e-06 8.05742e-09)
(-10 1.09717e-06 2.56064e-08)
(-10 1.18039e-06 4.02259e-08)
(-10 1.32984e-06 5.76061e-08)
(-10 1.41284e-06 5.86167e-08)
(-10 1.2618e-06 5.45092e-08)
(-10 1.38358e-06 7.95146e-08)
)
;
    }
    procBoundary2to4
    {
        type            processor;
        value           uniform (-10 7.73871e-07 1.28611e-07);
    }
    procBoundary2to5
    {
        type            processor;
        value           nonuniform List<vector> 
100
(
(-10 4.10384e-07 -1.58777e-07)
(-10 1.20291e-07 -3.52539e-08)
(-10 -1.97508e-07 9.64629e-09)
(-10 -5.91418e-07 -2.81655e-08)
(-10 -1.05098e-06 -4.88351e-08)
(-10 -1.58577e-06 -7.98318e-08)
(-10 -2.1917e-06 -2.13813e-08)
(-10 -2.88497e-06 -2.34526e-09)
(-10 -3.66641e-06 -7.95117e-09)
(-10 -4.54315e-06 -5.69322e-09)
(-10 -5.5254e-06 8.41201e-09)
(-10 -6.62164e-06 1.15307e-09)
(-10 4.28723e-07 -6.97717e-09)
(-10 1.187e-06 6.60166e-08)
(-10 1.10671e-06 1.37074e-07)
(-10 1.00096e-06 1.0422e-08)
(-10 4.10384e-07 -1.58777e-07)
(-10 8.03518e-07 -1.27429e-07)
(-10 4.10384e-07 -1.58777e-07)
(-10 1.20291e-07 -3.52539e-08)
(-10 -1.26713e-07 -1.14269e-07)
(-10 -5.55078e-07 -1.82159e-07)
(-10 -1.00255e-06 -1.02273e-07)
(-10 -1.48243e-06 -2.99007e-08)
(-10 -2.12781e-06 -6.63341e-08)
(-10 -2.85398e-06 -4.85895e-08)
(-10 -3.65142e-06 -1.71834e-08)
(-10 -4.54087e-06 8.72953e-09)
(-10 -5.53651e-06 4.2859e-08)
(-10 -6.6472e-06 2.58628e-08)
(-10 4.28372e-07 -1.17352e-08)
(-10 1.14287e-06 2.27826e-07)
(-10 1.14207e-06 2.40944e-07)
(-10 1.03374e-06 2.206e-07)
(-10 9.14085e-07 -1.61131e-08)
(-10 7.03506e-07 -1.92594e-08)
(-10 -1.26713e-07 -1.14269e-07)
(-10 3.00685e-07 -9.73793e-08)
(-10 -1.26713e-07 -1.14269e-07)
(-10 -5.55078e-07 -1.82159e-07)
(-10 -1.00255e-06 -1.02273e-07)
(-10 -1.53879e-06 -1.43772e-07)
(-10 -2.1967e-06 -1.66041e-08)
(-10 -2.84732e-06 -1.61797e-08)
(-10 -3.6373e-06 -1.11999e-08)
(-10 -4.5248e-06 2.07643e-08)
(-10 -5.53274e-06 -1.5874e-09)
(-10 -6.64322e-06 4.12086e-08)
(-10 4.26247e-07 -1.83037e-08)
(-10 1.17643e-06 2.10408e-07)
(-10 1.15298e-06 1.88378e-07)
(-10 1.03525e-06 1.7625e-07)
(-10 8.7164e-07 1.09699e-07)
(-10 6.17357e-07 4.52897e-08)
(-10 3.58901e-07 -1.08661e-07)
(-10 -2.80698e-09 -1.22313e-07)
(-10 -4.43229e-07 -1.23999e-07)
(-10 -1.53879e-06 -1.43772e-07)
(-10 -1.00575e-06 -1.44639e-07)
(-10 -1.53879e-06 -1.43772e-07)
(-10 -2.1967e-06 -1.66041e-08)
(-10 -2.85608e-06 -4.58545e-09)
(-10 -3.68594e-06 -3.88346e-08)
(-10 -4.59059e-06 2.86556e-09)
(-10 -5.50127e-06 7.00986e-08)
(-10 -6.63681e-06 2.09652e-08)
(-10 4.21279e-07 -8.90789e-09)
(-10 1.23362e-06 2.06044e-07)
(-10 1.12219e-06 1.75411e-07)
(-10 1.00852e-06 1.60226e-07)
(-10 8.4376e-07 1.31726e-07)
(-10 6.11284e-07 9.87745e-08)
(-10 3.20315e-07 7.20185e-08)
(-10 -4.10452e-08 5.15474e-08)
(-10 -4.78194e-07 4.23981e-08)
(-10 -9.22722e-07 -9.32209e-08)
(-10 -1.49069e-06 -3.21349e-08)
(-10 -2.85608e-06 -4.58545e-09)
(-10 -2.2337e-06 -4.97819e-08)
(-10 -2.85608e-06 -4.58545e-09)
(-10 -3.68594e-06 -3.88346e-08)
(-10 -4.59059e-06 2.86556e-09)
(-10 -4.91222e-06 6.10929e-08)
(-10 -6.10255e-06 2.2795e-08)
(-10 4.76989e-07 3.9137e-09)
(-10 1.70372e-06 1.02701e-07)
(-10 1.73734e-06 1.23536e-07)
(-10 1.61691e-06 1.09687e-07)
(-10 1.46105e-06 9.47926e-08)
(-10 1.2452e-06 8.05534e-08)
(-10 9.7367e-07 5.85762e-08)
(-10 6.35877e-07 4.86746e-08)
(-10 2.25881e-07 3.85107e-08)
(-10 -2.60861e-07 6.09381e-08)
(-10 -8.35082e-07 6.54072e-08)
(-10 -1.47846e-06 1.65114e-08)
(-10 -2.2388e-06 -3.26678e-08)
(-10 -3.18738e-06 1.96213e-08)
(-10 -4.91222e-06 6.10929e-08)
(-10 -4.16515e-06 2.81462e-08)
)
;
    }
}


// ************************************************************************* //
