/*--------------------------------*- C++ -*----------------------------------*\
  =========                 |
  \\      /  F ield         | OpenFOAM: The Open Source CFD Toolbox
   \\    /   O peration     | Website:  https://openfoam.org
    \\  /    A nd           | Version:  10
     \\/     M anipulation  |
\*---------------------------------------------------------------------------*/
FoamFile
{
    format      ascii;
    class       volScalarField;
    location    "10";
    object      k;
}
// * * * * * * * * * * * * * * * * * * * * * * * * * * * * * * * * * * * * * //

dimensions      [0 2 -2 0 0 0 0];

internalField   nonuniform List<scalar> 
2084
(
0.233786
0.233785
0.233785
0.233785
0.233785
0.233785
0.233785
0.233785
0.233785
0.233785
0.233787
0.234621
0.236378
0.233786
0.233785
0.233783
0.233782
0.233781
0.233781
0.233781
0.233781
0.233781
0.233781
0.233781
0.233781
0.233781
0.233781
0.233783
0.234621
0.236378
0.233782
0.233781
0.233781
0.233781
0.233781
0.233781
0.233781
0.233781
0.233781
0.233781
0.233781
0.233781
0.233781
0.233781
0.233783
0.234621
0.236378
0.233782
0.233781
0.233781
0.233781
0.233781
0.233781
0.233781
0.233781
0.233781
0.233781
0.233781
0.233781
0.233781
0.233781
0.233783
0.234621
0.236378
0.233782
0.233781
0.233781
0.233781
0.233781
0.233781
0.233781
0.233781
0.233781
0.233781
0.233781
0.233781
0.233781
0.233781
0.233783
0.234621
0.236378
0.233782
0.233781
0.233781
0.233781
0.233781
0.233781
0.233781
0.233781
0.233781
0.233781
0.233781
0.233781
0.233781
0.233781
0.233783
0.234621
0.236378
0.233782
0.233781
0.233781
0.233781
0.233781
0.233781
0.233781
0.233781
0.233781
0.233781
0.233781
0.233781
0.233781
0.233781
0.233783
0.234621
0.236378
0.233782
0.233781
0.233781
0.233781
0.233781
0.233781
0.233781
0.233781
0.233781
0.233781
0.233781
0.233781
0.233781
0.233783
0.234621
0.236378
0.233782
0.233781
0.233781
0.233781
0.233781
0.233781
0.233781
0.233781
0.233781
0.233781
0.233781
0.233781
0.233781
0.233783
0.234621
0.236378
0.233782
0.233781
0.233781
0.233781
0.233781
0.233781
0.233781
0.233781
0.233781
0.233781
0.233781
0.233781
0.233781
0.233783
0.234621
0.236378
0.233782
0.233781
0.233781
0.233781
0.233781
0.233781
0.233781
0.233781
0.233781
0.233781
0.233781
0.233781
0.233781
0.233783
0.234621
0.236378
0.233782
0.233781
0.233781
0.233781
0.233781
0.233781
0.233781
0.233781
0.233781
0.233781
0.233781
0.233781
0.233781
0.233783
0.234621
0.236378
0.233782
0.233781
0.233781
0.233781
0.233781
0.233781
0.233781
0.233781
0.233781
0.233781
0.233781
0.233781
0.233781
0.233783
0.234621
0.236378
0.233782
0.233781
0.233781
0.233781
0.233781
0.233781
0.233781
0.233781
0.233781
0.233781
0.233781
0.233781
0.233781
0.233783
0.234621
0.236378
0.233782
0.233781
0.233781
0.233781
0.233781
0.233781
0.233781
0.233781
0.233781
0.233781
0.233781
0.233781
0.233781
0.233783
0.234621
0.236378
0.233782
0.233781
0.233781
0.233781
0.233781
0.233781
0.233781
0.233781
0.233781
0.233781
0.233781
0.233781
0.233781
0.233783
0.234621
0.236378
0.233782
0.233781
0.233781
0.233781
0.233781
0.233781
0.233781
0.233781
0.233781
0.233781
0.233781
0.233781
0.233781
0.233783
0.234621
0.236378
0.233782
0.233781
0.233781
0.233781
0.233781
0.233781
0.233781
0.233781
0.233781
0.233781
0.233781
0.233781
0.233781
0.233783
0.234621
0.236378
0.233782
0.233781
0.233781
0.233781
0.233781
0.233781
0.233781
0.233781
0.233781
0.233781
0.233781
0.233781
0.233781
0.233783
0.234621
0.236378
0.233782
0.233781
0.233781
0.233781
0.233781
0.233781
0.233781
0.233781
0.233781
0.233781
0.233781
0.233781
0.233781
0.233783
0.234621
0.236378
0.233782
0.233781
0.233781
0.233781
0.233781
0.233781
0.233781
0.233781
0.233781
0.233781
0.233781
0.233781
0.233781
0.233783
0.234621
0.236378
0.233782
0.233781
0.233781
0.233781
0.233781
0.233781
0.233781
0.233781
0.233781
0.233781
0.233781
0.233781
0.233781
0.233783
0.234621
0.236378
0.233782
0.233781
0.233781
0.233781
0.233781
0.233781
0.233781
0.233781
0.233781
0.233781
0.233781
0.233781
0.233781
0.233783
0.234621
0.236378
0.233782
0.233781
0.233781
0.233781
0.233781
0.233781
0.233781
0.233781
0.233781
0.233781
0.233781
0.233781
0.233781
0.233783
0.234621
0.236378
0.233782
0.233781
0.233781
0.233781
0.233781
0.233781
0.233781
0.233781
0.233781
0.233781
0.233781
0.233781
0.233781
0.233783
0.234621
0.236378
0.233765
0.233764
0.233764
0.233764
0.233764
0.233764
0.233764
0.233764
0.233764
0.233764
0.233764
0.233764
0.233764
0.233767
0.234611
0.236373
0.228489
0.228486
0.228486
0.228486
0.228486
0.228486
0.228486
0.228477
0.228444
0.22987
0.233051
0.228489
0.228486
0.228486
0.228486
0.228484
0.228482
0.22848
0.22848
0.22848
0.22848
0.22848
0.22848
0.22848
0.228471
0.228437
0.22987
0.233051
0.228482
0.22848
0.22848
0.22848
0.22848
0.22848
0.22848
0.22848
0.22848
0.22848
0.22848
0.22848
0.22848
0.228471
0.228437
0.22987
0.233051
0.228482
0.22848
0.22848
0.22848
0.22848
0.22848
0.22848
0.22848
0.22848
0.22848
0.22848
0.22848
0.22848
0.228471
0.228437
0.22987
0.233051
0.228482
0.22848
0.22848
0.22848
0.22848
0.22848
0.22848
0.22848
0.22848
0.22848
0.22848
0.22848
0.22848
0.228471
0.228437
0.22987
0.233051
0.228482
0.22848
0.22848
0.22848
0.22848
0.22848
0.22848
0.22848
0.22848
0.22848
0.22848
0.22848
0.22848
0.228471
0.228437
0.22987
0.233051
0.228482
0.22848
0.22848
0.22848
0.22848
0.22848
0.22848
0.22848
0.22848
0.22848
0.22848
0.22848
0.22848
0.228471
0.228437
0.22987
0.233051
0.228483
0.22848
0.22848
0.22848
0.22848
0.22848
0.22848
0.22848
0.22848
0.22848
0.22848
0.22848
0.22848
0.228471
0.228437
0.22987
0.233051
0.228482
0.22848
0.22848
0.22848
0.22848
0.22848
0.22848
0.22848
0.22848
0.22848
0.22848
0.22848
0.228471
0.228437
0.22987
0.233051
0.228482
0.22848
0.22848
0.22848
0.22848
0.22848
0.22848
0.22848
0.22848
0.22848
0.22848
0.22848
0.228471
0.228437
0.22987
0.233051
0.228482
0.22848
0.22848
0.22848
0.22848
0.22848
0.22848
0.22848
0.22848
0.22848
0.22848
0.22848
0.228471
0.228437
0.22987
0.233051
0.228482
0.22848
0.22848
0.22848
0.22848
0.22848
0.22848
0.22848
0.22848
0.22848
0.22848
0.22848
0.228471
0.228437
0.22987
0.233051
0.228482
0.22848
0.22848
0.22848
0.22848
0.22848
0.22848
0.22848
0.22848
0.22848
0.22848
0.22848
0.228471
0.228437
0.22987
0.233051
0.228482
0.22848
0.22848
0.22848
0.22848
0.22848
0.22848
0.22848
0.22848
0.22848
0.22848
0.22848
0.228471
0.228437
0.22987
0.233051
0.228482
0.22848
0.22848
0.22848
0.22848
0.22848
0.22848
0.22848
0.22848
0.22848
0.22848
0.22848
0.228471
0.228437
0.22987
0.233051
0.228482
0.22848
0.22848
0.22848
0.22848
0.22848
0.22848
0.22848
0.22848
0.22848
0.22848
0.22848
0.228471
0.228437
0.22987
0.233051
0.228482
0.22848
0.22848
0.22848
0.22848
0.22848
0.22848
0.22848
0.22848
0.22848
0.22848
0.22848
0.228471
0.228437
0.22987
0.233051
0.228482
0.22848
0.22848
0.22848
0.22848
0.22848
0.22848
0.22848
0.22848
0.22848
0.22848
0.22848
0.228471
0.228437
0.22987
0.233051
0.228482
0.22848
0.22848
0.22848
0.22848
0.22848
0.22848
0.22848
0.22848
0.22848
0.22848
0.22848
0.228471
0.228437
0.22987
0.233051
0.228482
0.22848
0.22848
0.22848
0.22848
0.22848
0.22848
0.22848
0.22848
0.22848
0.22848
0.22848
0.228471
0.228437
0.22987
0.233051
0.228482
0.22848
0.22848
0.22848
0.22848
0.22848
0.22848
0.22848
0.22848
0.22848
0.22848
0.22848
0.228471
0.228437
0.22987
0.233051
0.228482
0.22848
0.22848
0.22848
0.22848
0.22848
0.22848
0.22848
0.22848
0.22848
0.22848
0.22848
0.228471
0.228437
0.22987
0.233051
0.228482
0.22848
0.22848
0.22848
0.22848
0.22848
0.22848
0.22848
0.22848
0.22848
0.22848
0.22848
0.228471
0.228437
0.22987
0.233051
0.228482
0.22848
0.22848
0.22848
0.22848
0.22848
0.22848
0.22848
0.22848
0.22848
0.22848
0.22848
0.228471
0.228437
0.22987
0.233051
0.228482
0.22848
0.22848
0.22848
0.22848
0.22848
0.22848
0.22848
0.22848
0.22848
0.22848
0.22848
0.228471
0.228437
0.22987
0.233051
0.228449
0.228446
0.228446
0.228446
0.228446
0.228446
0.228446
0.228446
0.228446
0.228446
0.228446
0.228446
0.228437
0.228403
0.22985
0.233041
0.228478
0.228476
0.228476
0.228476
0.228467
0.228434
0.229862
0.233047
0.228478
0.228476
0.228476
0.228476
0.228476
0.228476
0.228476
0.228473
0.228471
0.228469
0.228469
0.228469
0.228469
0.22846
0.228427
0.229862
0.233047
0.228471
0.228469
0.228469
0.228469
0.228469
0.228469
0.228469
0.228469
0.228469
0.228469
0.228469
0.228469
0.228469
0.22846
0.228427
0.229862
0.233047
0.228471
0.228469
0.228469
0.228469
0.228469
0.228469
0.228469
0.228469
0.228469
0.228469
0.228469
0.228469
0.228469
0.22846
0.228427
0.229862
0.233047
0.228471
0.228469
0.228469
0.228469
0.228469
0.228469
0.228469
0.228469
0.228469
0.228469
0.228469
0.228469
0.228469
0.22846
0.228427
0.229862
0.233047
0.228471
0.228469
0.228469
0.228469
0.228469
0.228469
0.228469
0.228469
0.228469
0.228469
0.228469
0.228469
0.228469
0.22846
0.228427
0.229862
0.233047
0.228471
0.228469
0.228469
0.228469
0.228469
0.228469
0.228469
0.228469
0.228469
0.228469
0.228469
0.228469
0.228469
0.22846
0.228427
0.229862
0.233047
0.228471
0.228469
0.228469
0.228469
0.228469
0.228469
0.228469
0.228469
0.228469
0.228469
0.228469
0.228469
0.228469
0.22846
0.228427
0.229862
0.233047
0.228473
0.228469
0.228469
0.228469
0.228469
0.228469
0.228469
0.228469
0.228469
0.228469
0.228469
0.228469
0.228469
0.22846
0.228427
0.229862
0.233047
0.228473
0.228469
0.228469
0.228469
0.228469
0.228469
0.228469
0.228469
0.228469
0.228469
0.228469
0.228469
0.228469
0.22846
0.228427
0.229862
0.233047
0.228471
0.228469
0.228469
0.228469
0.228469
0.228469
0.228469
0.228469
0.228469
0.228469
0.228469
0.228469
0.22846
0.228427
0.229862
0.233047
0.228471
0.228469
0.228469
0.228469
0.228469
0.228469
0.228469
0.228469
0.228469
0.228469
0.228469
0.228469
0.22846
0.228427
0.229862
0.233047
0.228471
0.228469
0.228469
0.228469
0.228469
0.228469
0.228469
0.228469
0.228469
0.228469
0.228469
0.228469
0.22846
0.228427
0.229862
0.233047
0.228471
0.228469
0.228469
0.228469
0.228469
0.228469
0.228469
0.228469
0.228469
0.228469
0.228469
0.228469
0.22846
0.228427
0.229862
0.233047
0.228471
0.228469
0.228469
0.228469
0.228469
0.228469
0.228469
0.228469
0.228469
0.228469
0.228469
0.228469
0.22846
0.228427
0.229862
0.233047
0.228471
0.228469
0.228469
0.228469
0.228469
0.228469
0.228469
0.228469
0.228469
0.228469
0.228469
0.228469
0.22846
0.228427
0.229862
0.233047
0.228471
0.228469
0.228469
0.228469
0.228469
0.228469
0.228469
0.228469
0.228469
0.228469
0.228469
0.228469
0.22846
0.228427
0.229862
0.233047
0.228471
0.228469
0.228469
0.228469
0.228469
0.228469
0.228469
0.228469
0.228469
0.228469
0.228469
0.228469
0.22846
0.228427
0.229862
0.233047
0.228471
0.228469
0.228469
0.228469
0.228469
0.228469
0.228469
0.228469
0.228469
0.228469
0.228469
0.228469
0.22846
0.228427
0.229862
0.233047
0.228471
0.228469
0.228469
0.228469
0.228469
0.228469
0.228469
0.228469
0.228469
0.228469
0.228469
0.228469
0.22846
0.228427
0.229862
0.233047
0.228471
0.228469
0.228469
0.228469
0.228469
0.228469
0.228469
0.228469
0.228469
0.228469
0.228469
0.228469
0.22846
0.228427
0.229862
0.233047
0.228471
0.228469
0.228469
0.228469
0.228469
0.228469
0.228469
0.228469
0.228469
0.228469
0.228469
0.228469
0.22846
0.228427
0.229862
0.233047
0.228471
0.228469
0.228469
0.228469
0.228469
0.228469
0.228469
0.228469
0.228469
0.228469
0.228469
0.228469
0.22846
0.228427
0.229862
0.233047
0.228471
0.228469
0.228469
0.228469
0.228469
0.228469
0.228469
0.228469
0.228469
0.228469
0.228469
0.228469
0.22846
0.228427
0.229862
0.233047
0.228471
0.228469
0.228469
0.228469
0.228469
0.228469
0.228469
0.228469
0.228469
0.228469
0.228469
0.228469
0.22846
0.228427
0.229862
0.233047
0.228438
0.228435
0.228435
0.228435
0.228435
0.228435
0.228435
0.228435
0.228435
0.228435
0.228435
0.228435
0.228426
0.228393
0.229842
0.233036
0.228475
0.228472
0.228464
0.228431
0.22986
0.233046
0.228475
0.228473
0.228473
0.228473
0.228473
0.228473
0.228473
0.228473
0.228473
0.22847
0.228468
0.228466
0.228466
0.228457
0.228424
0.22986
0.233046
0.228468
0.228466
0.228466
0.228466
0.228466
0.228466
0.228466
0.228466
0.228466
0.228466
0.228466
0.228466
0.228466
0.228457
0.228424
0.22986
0.233046
0.228468
0.228466
0.228466
0.228466
0.228466
0.228466
0.228466
0.228466
0.228466
0.228466
0.228466
0.228466
0.228466
0.228457
0.228424
0.22986
0.233046
0.228468
0.228466
0.228466
0.228466
0.228466
0.228466
0.228466
0.228466
0.228466
0.228466
0.228466
0.228466
0.228466
0.228457
0.228424
0.22986
0.233046
0.228468
0.228466
0.228466
0.228466
0.228466
0.228466
0.228466
0.228466
0.228466
0.228466
0.228466
0.228466
0.228466
0.228457
0.228424
0.22986
0.233046
0.228468
0.228466
0.228466
0.228466
0.228466
0.228466
0.228466
0.228466
0.228466
0.228466
0.228466
0.228466
0.228466
0.228457
0.228424
0.22986
0.233046
0.228468
0.228466
0.228466
0.228466
0.228466
0.228466
0.228466
0.228466
0.228466
0.228466
0.228466
0.228466
0.228466
0.228457
0.228424
0.22986
0.233046
0.228468
0.228466
0.228466
0.228466
0.228466
0.228466
0.228466
0.228466
0.228466
0.228466
0.228466
0.228466
0.228466
0.228457
0.228424
0.22986
0.233046
0.228468
0.228466
0.228466
0.228466
0.228466
0.228466
0.228466
0.228466
0.228466
0.228466
0.228466
0.228466
0.228466
0.228457
0.228424
0.22986
0.233046
0.22847
0.228466
0.228466
0.228466
0.228466
0.228466
0.228466
0.228466
0.228466
0.228466
0.228466
0.228466
0.228466
0.228457
0.228424
0.22986
0.233046
0.228468
0.228466
0.228466
0.228466
0.228466
0.228466
0.228466
0.228466
0.228466
0.228466
0.228466
0.228466
0.228457
0.228424
0.22986
0.233046
0.228468
0.228466
0.228466
0.228466
0.228466
0.228466
0.228466
0.228466
0.228466
0.228466
0.228466
0.228466
0.228457
0.228424
0.22986
0.233046
0.228468
0.228466
0.228466
0.228466
0.228466
0.228466
0.228466
0.228466
0.228466
0.228466
0.228466
0.228466
0.228457
0.228424
0.22986
0.233046
0.228468
0.228466
0.228466
0.228466
0.228466
0.228466
0.228466
0.228466
0.228466
0.228466
0.228466
0.228466
0.228457
0.228424
0.22986
0.233046
0.228468
0.228466
0.228466
0.228466
0.228466
0.228466
0.228466
0.228466
0.228466
0.228466
0.228466
0.228466
0.228457
0.228424
0.22986
0.233046
0.228468
0.228466
0.228466
0.228466
0.228466
0.228466
0.228466
0.228466
0.228466
0.228466
0.228466
0.228466
0.228457
0.228424
0.22986
0.233046
0.228468
0.228466
0.228466
0.228466
0.228466
0.228466
0.228466
0.228466
0.228466
0.228466
0.228466
0.228466
0.228457
0.228424
0.22986
0.233046
0.228468
0.228466
0.228466
0.228466
0.228466
0.228466
0.228466
0.228466
0.228466
0.228466
0.228466
0.228466
0.228457
0.228424
0.22986
0.233046
0.228468
0.228466
0.228466
0.228466
0.228466
0.228466
0.228466
0.228466
0.228466
0.228466
0.228466
0.228466
0.228457
0.228424
0.22986
0.233046
0.228468
0.228466
0.228466
0.228466
0.228466
0.228466
0.228466
0.228466
0.228466
0.228466
0.228466
0.228466
0.228457
0.228424
0.22986
0.233046
0.228468
0.228466
0.228466
0.228466
0.228466
0.228466
0.228466
0.228466
0.228466
0.228466
0.228466
0.228466
0.228457
0.228424
0.22986
0.233046
0.228468
0.228466
0.228466
0.228466
0.228466
0.228466
0.228466
0.228466
0.228466
0.228466
0.228466
0.228466
0.228457
0.228424
0.22986
0.233046
0.228468
0.228466
0.228466
0.228466
0.228466
0.228466
0.228466
0.228466
0.228466
0.228466
0.228466
0.228466
0.228457
0.228424
0.22986
0.233046
0.228468
0.228466
0.228466
0.228466
0.228466
0.228466
0.228466
0.228466
0.228466
0.228466
0.228466
0.228466
0.228457
0.228424
0.22986
0.233046
0.228435
0.228432
0.228432
0.228432
0.228432
0.228432
0.228432
0.228432
0.228432
0.228432
0.228432
0.228432
0.228423
0.22839
0.229839
0.233035
0.228355
0.229804
0.233014
0.228394
0.228392
0.228392
0.228392
0.228392
0.228392
0.228392
0.228392
0.228392
0.228392
0.228392
0.228392
0.22839
0.22838
0.228347
0.229804
0.233014
0.228388
0.228386
0.228386
0.228386
0.228386
0.228386
0.228386
0.228386
0.228386
0.228386
0.228386
0.228386
0.228386
0.228378
0.228347
0.229804
0.233014
0.228388
0.228386
0.228386
0.228386
0.228386
0.228386
0.228386
0.228386
0.228386
0.228386
0.228386
0.228386
0.228386
0.228378
0.228347
0.229804
0.233014
0.228388
0.228386
0.228386
0.228386
0.228386
0.228386
0.228386
0.228386
0.228386
0.228386
0.228386
0.228386
0.228386
0.228378
0.228347
0.229804
0.233014
0.228388
0.228386
0.228386
0.228386
0.228386
0.228386
0.228386
0.228386
0.228386
0.228386
0.228386
0.228386
0.228386
0.228378
0.228347
0.229804
0.233014
0.228388
0.228386
0.228386
0.228386
0.228386
0.228386
0.228386
0.228386
0.228386
0.228386
0.228386
0.228386
0.228386
0.228378
0.228347
0.229804
0.233014
0.228388
0.228386
0.228386
0.228386
0.228386
0.228386
0.228386
0.228386
0.228386
0.228386
0.228386
0.228386
0.228386
0.228378
0.228347
0.229804
0.233014
0.228388
0.228386
0.228386
0.228386
0.228386
0.228386
0.228386
0.228386
0.228386
0.228386
0.228386
0.228386
0.228386
0.228378
0.228347
0.229804
0.233014
0.228388
0.228386
0.228386
0.228386
0.228386
0.228386
0.228386
0.228386
0.228386
0.228386
0.228386
0.228386
0.228386
0.228378
0.228347
0.229804
0.233014
0.228388
0.228386
0.228386
0.228386
0.228386
0.228386
0.228386
0.228386
0.228386
0.228386
0.228386
0.228386
0.228386
0.228378
0.228347
0.229804
0.233014
0.228389
0.228386
0.228386
0.228386
0.228386
0.228386
0.228386
0.228386
0.228386
0.228386
0.228386
0.228386
0.228386
0.228378
0.228347
0.229804
0.233014
0.228388
0.228386
0.228386
0.228386
0.228386
0.228386
0.228386
0.228386
0.228386
0.228386
0.228386
0.228386
0.228378
0.228347
0.229804
0.233014
0.228388
0.228386
0.228386
0.228386
0.228386
0.228386
0.228386
0.228386
0.228386
0.228386
0.228386
0.228386
0.228378
0.228347
0.229804
0.233014
0.228388
0.228386
0.228386
0.228386
0.228386
0.228386
0.228386
0.228386
0.228386
0.228386
0.228386
0.228386
0.228378
0.228346
0.229804
0.233014
0.228388
0.228386
0.228386
0.228386
0.228386
0.228386
0.228386
0.228386
0.228386
0.228386
0.228386
0.228386
0.228378
0.228346
0.229804
0.233014
0.228388
0.228386
0.228386
0.228386
0.228386
0.228386
0.228386
0.228386
0.228386
0.228386
0.228386
0.228386
0.228378
0.228346
0.229804
0.233014
0.228388
0.228386
0.228386
0.228386
0.228386
0.228386
0.228386
0.228386
0.228386
0.228386
0.228386
0.228386
0.228378
0.228346
0.229804
0.233014
0.228388
0.228386
0.228386
0.228386
0.228386
0.228386
0.228386
0.228386
0.228386
0.228386
0.228386
0.228386
0.228378
0.228346
0.229804
0.233014
0.228388
0.228386
0.228386
0.228386
0.228386
0.228386
0.228386
0.228386
0.228386
0.228386
0.228386
0.228386
0.228378
0.228346
0.229804
0.233014
0.228388
0.228386
0.228386
0.228386
0.228386
0.228386
0.228386
0.228386
0.228386
0.228386
0.228386
0.228386
0.228378
0.228346
0.229804
0.233014
0.228388
0.228386
0.228386
0.228386
0.228386
0.228386
0.228386
0.228386
0.228386
0.228386
0.228386
0.228386
0.228378
0.228346
0.229804
0.233014
0.228388
0.228386
0.228386
0.228386
0.228386
0.228386
0.228386
0.228386
0.228386
0.228386
0.228386
0.228386
0.228378
0.228346
0.229804
0.233014
0.228388
0.228386
0.228386
0.228386
0.228386
0.228386
0.228386
0.228386
0.228386
0.228386
0.228386
0.228386
0.228378
0.228346
0.229804
0.233014
0.228388
0.228386
0.228386
0.228386
0.228386
0.228386
0.228386
0.228386
0.228386
0.228386
0.228386
0.228386
0.228378
0.228346
0.229804
0.233014
0.228359
0.228357
0.228357
0.228357
0.228357
0.228357
0.228357
0.228357
0.228357
0.228357
0.228357
0.228357
0.228348
0.228317
0.229786
0.233004
)
;

boundaryField
{
    frontAndBack
    {
        type            slip;
    }
    inlet
    {
        type            fixedValue;
        value           uniform 0.24;
    }
    outlet
    {
        type            inletOutlet;
        inletValue      nonuniform List<scalar> 0();
        value           nonuniform List<scalar> 0();
    }
    lowerWall
    {
        type            kqRWallFunction;
        value           nonuniform List<scalar> 
419
(
0.233786
0.233782
0.233782
0.233782
0.233782
0.233782
0.233785
0.233781
0.233781
0.233781
0.233781
0.233781
0.233782
0.233782
0.233782
0.233782
0.233782
0.233782
0.233782
0.233782
0.233782
0.233782
0.233782
0.233782
0.233782
0.233782
0.233782
0.233782
0.233782
0.233782
0.233765
0.233783
0.233781
0.233781
0.233781
0.233781
0.233781
0.233781
0.233781
0.233781
0.233781
0.233781
0.233781
0.233781
0.233781
0.233781
0.233781
0.233781
0.233781
0.233781
0.233781
0.233781
0.233781
0.233781
0.233781
0.233764
0.233782
0.233781
0.233781
0.233781
0.233781
0.233781
0.233781
0.233781
0.233781
0.233781
0.233781
0.233781
0.233781
0.233781
0.233781
0.233781
0.233781
0.233781
0.233781
0.233781
0.233781
0.233781
0.233781
0.233781
0.233764
0.233786
0.233781
0.233781
0.233781
0.233781
0.233781
0.233781
0.233781
0.233781
0.233781
0.233781
0.233781
0.233781
0.233781
0.233781
0.233781
0.233781
0.233781
0.233781
0.233781
0.233781
0.233781
0.233781
0.233781
0.233781
0.233764
0.233785
0.233781
0.233781
0.233781
0.233781
0.233781
0.233781
0.233781
0.233781
0.233781
0.233781
0.233781
0.233781
0.233781
0.233781
0.233781
0.233781
0.233781
0.233781
0.233781
0.233781
0.233781
0.233781
0.233781
0.233781
0.233764
0.233785
0.233781
0.233781
0.233781
0.233781
0.233781
0.233781
0.233781
0.233781
0.233781
0.233781
0.233781
0.233781
0.233781
0.233781
0.233781
0.233781
0.233781
0.233781
0.233781
0.233781
0.233781
0.233781
0.233781
0.233781
0.233764
0.233785
0.233781
0.233781
0.233781
0.233781
0.233781
0.233781
0.233781
0.233781
0.233781
0.233781
0.233781
0.233781
0.233781
0.233781
0.233781
0.233781
0.233781
0.233781
0.233781
0.233781
0.233781
0.233781
0.233781
0.233781
0.233764
0.233785
0.233781
0.233781
0.233781
0.233781
0.233781
0.233781
0.233781
0.233781
0.233781
0.233781
0.233781
0.233781
0.233781
0.233781
0.233781
0.233781
0.233781
0.233781
0.233781
0.233781
0.233781
0.233781
0.233781
0.233781
0.233764
0.233785
0.233781
0.233781
0.233781
0.233781
0.233781
0.233781
0.233781
0.233781
0.233781
0.233781
0.233781
0.233781
0.233781
0.233781
0.233781
0.233781
0.233781
0.233781
0.233781
0.233781
0.233781
0.233781
0.233781
0.233781
0.233764
0.233785
0.233781
0.233781
0.233781
0.233781
0.233781
0.233781
0.233781
0.233781
0.233781
0.233781
0.233781
0.233781
0.233781
0.233781
0.233781
0.233781
0.233781
0.233781
0.233781
0.233781
0.233781
0.233781
0.233781
0.233781
0.233764
0.233785
0.233781
0.233781
0.233781
0.233781
0.233781
0.233781
0.233781
0.233781
0.233781
0.233781
0.233781
0.233781
0.233781
0.233781
0.233781
0.233781
0.233781
0.233781
0.233781
0.233781
0.233781
0.233781
0.233781
0.233781
0.233764
0.233785
0.233781
0.233781
0.233781
0.233781
0.233781
0.233781
0.233781
0.233781
0.233781
0.233781
0.233781
0.233781
0.233781
0.233781
0.233781
0.233781
0.233781
0.233781
0.233781
0.233781
0.233781
0.233781
0.233781
0.233781
0.233764
0.233785
0.233781
0.233781
0.233781
0.233781
0.233781
0.233781
0.233781
0.233781
0.233781
0.233781
0.233781
0.233781
0.233781
0.233781
0.233781
0.233781
0.233781
0.233781
0.233781
0.233781
0.233781
0.233781
0.233781
0.233781
0.233764
0.233787
0.233783
0.233783
0.233783
0.233783
0.233783
0.233783
0.233783
0.233783
0.233783
0.233783
0.233783
0.233783
0.233783
0.233783
0.233783
0.233783
0.233783
0.233783
0.233783
0.233783
0.233783
0.233783
0.233783
0.233783
0.233767
0.234621
0.234621
0.234621
0.234621
0.234621
0.234621
0.234621
0.234621
0.234621
0.234621
0.234621
0.234621
0.234621
0.234621
0.234621
0.234621
0.234621
0.234621
0.234621
0.234621
0.234621
0.234621
0.234621
0.234621
0.234621
0.234611
0.236378
0.236378
0.236378
0.236378
0.236378
0.236378
0.236378
0.236378
0.236378
0.236378
0.236378
0.236378
0.236378
0.236378
0.236378
0.236378
0.236378
0.236378
0.236378
0.236378
0.236378
0.236378
0.236378
0.236378
0.236378
0.236373
)
;
    }
    upperWall
    {
        type            slip;
    }
    procBoundary5to2
    {
        type            processor;
        value           nonuniform List<scalar> 
100
(
0.233781
0.233781
0.233781
0.233781
0.233781
0.233781
0.233781
0.233781
0.233781
0.233781
0.233783
0.234621
0.236378
0.233782
0.233781
0.233783
0.233785
0.233785
0.228486
0.228487
0.22848
0.22848
0.22848
0.22848
0.22848
0.22848
0.22848
0.228471
0.228437
0.22987
0.233051
0.228482
0.22848
0.22848
0.228481
0.228486
0.228487
0.228487
0.228473
0.228476
0.228477
0.228469
0.228469
0.228469
0.228469
0.22846
0.228427
0.229862
0.233047
0.228471
0.228469
0.228469
0.228469
0.22847
0.228472
0.228473
0.228476
0.228477
0.228477
0.228473
0.228474
0.228466
0.228466
0.228457
0.228424
0.22986
0.233046
0.228468
0.228466
0.228466
0.228466
0.228466
0.228466
0.228466
0.228467
0.228469
0.228473
0.228474
0.228474
0.22839
0.228393
0.228385
0.228347
0.229804
0.233014
0.228388
0.228386
0.228386
0.228386
0.228386
0.228386
0.228386
0.228386
0.228386
0.228387
0.228389
0.22839
0.228393
0.228385
0.228385
)
;
    }
    procBoundary5to4
    {
        type            processor;
        value           nonuniform List<scalar> 
135
(
0.233785
0.233782
0.233782
0.233782
0.233782
0.233782
0.233783
0.233783
0.233783
0.233782
0.233782
0.233782
0.233782
0.233782
0.233782
0.233782
0.233782
0.233782
0.233782
0.233782
0.233782
0.233782
0.233782
0.233782
0.233782
0.233782
0.233765
0.228489
0.228482
0.228482
0.228482
0.228482
0.228482
0.228483
0.228484
0.228484
0.228484
0.228482
0.228482
0.228482
0.228482
0.228482
0.228482
0.228482
0.228482
0.228482
0.228482
0.228482
0.228482
0.228482
0.228482
0.228482
0.228482
0.228482
0.228449
0.228478
0.228471
0.228471
0.228471
0.228471
0.228471
0.228471
0.228473
0.228473
0.228473
0.228473
0.228473
0.228471
0.228471
0.228471
0.228471
0.228471
0.228471
0.228471
0.228471
0.228471
0.228471
0.228471
0.228471
0.228471
0.228471
0.228438
0.228475
0.228468
0.228468
0.228468
0.228468
0.228468
0.228468
0.228468
0.228468
0.228469
0.22847
0.22847
0.22847
0.228468
0.228468
0.228468
0.228468
0.228468
0.228468
0.228468
0.228468
0.228468
0.228468
0.228468
0.228468
0.228468
0.228435
0.228394
0.228388
0.228388
0.228388
0.228388
0.228388
0.228388
0.228388
0.228388
0.228388
0.228389
0.22839
0.22839
0.228388
0.228388
0.228388
0.228388
0.228388
0.228388
0.228388
0.228388
0.228388
0.228388
0.228388
0.228388
0.228359
)
;
    }
}


// ************************************************************************* //
