/*--------------------------------*- C++ -*----------------------------------*\
  =========                 |
  \\      /  F ield         | OpenFOAM: The Open Source CFD Toolbox
   \\    /   O peration     | Website:  https://openfoam.org
    \\  /    A nd           | Version:  10
     \\/     M anipulation  |
\*---------------------------------------------------------------------------*/
FoamFile
{
    format      ascii;
    class       volScalarField;
    location    "10";
    object      omega;
}
// * * * * * * * * * * * * * * * * * * * * * * * * * * * * * * * * * * * * * //

dimensions      [0 0 -1 0 0 0 0];

internalField   nonuniform List<scalar> 
2084
(
0.872612
0.872612
0.872612
0.872612
0.872612
0.872612
0.872612
0.872612
0.872612
0.872612
0.872612
0.872612
0.872612
0.872612
0.872612
0.872612
0.872612
0.872612
0.872612
0.872612
0.872612
0.872612
0.872612
0.872612
0.872612
0.872612
0.872612
0.872612
0.872612
0.872612
0.872612
0.872612
0.872612
0.872612
0.872612
0.872612
0.872612
0.872612
0.872612
0.872612
0.872612
0.872612
0.872612
0.872612
0.872612
0.872612
0.872612
0.872612
0.872612
0.872612
0.872612
0.872612
0.872612
0.872612
0.872612
0.872612
0.872612
0.872612
0.872612
0.872612
0.872612
0.872612
0.872612
0.872612
0.872612
0.872612
0.872612
0.872612
0.872612
0.872612
0.872612
0.872612
0.872612
0.872612
0.872612
0.872612
0.872612
0.872612
0.872612
0.872612
0.872612
0.872612
0.872612
0.872612
0.872612
0.872612
0.872612
0.872612
0.872612
0.872612
0.872612
0.872612
0.872612
0.872612
0.872612
0.872612
0.872612
0.872612
0.872612
0.872612
0.872612
0.872612
0.872612
0.872612
0.872612
0.872612
0.872612
0.872612
0.872612
0.872612
0.872612
0.872612
0.872612
0.872612
0.872612
0.872612
0.872612
0.872612
0.872612
0.872612
0.872612
0.872612
0.872612
0.872612
0.872612
0.872612
0.872612
0.872612
0.872612
0.872612
0.872612
0.872612
0.872612
0.872612
0.872612
0.872612
0.872612
0.872612
0.872612
0.872612
0.872612
0.872612
0.872612
0.872612
0.872612
0.872612
0.872612
0.872612
0.872612
0.872612
0.872612
0.872612
0.872612
0.872612
0.872612
0.872612
0.872612
0.872612
0.872612
0.872612
0.872612
0.872612
0.872612
0.872612
0.872612
0.872612
0.872612
0.872612
0.872612
0.872612
0.872612
0.872612
0.872612
0.872612
0.872612
0.872612
0.872612
0.872612
0.872612
0.872612
0.872612
0.872612
0.872612
0.872612
0.872612
0.872612
0.872612
0.872612
0.872612
0.872612
0.872612
0.872612
0.872612
0.872612
0.872612
0.872612
0.872612
0.872612
0.872612
0.872612
0.872612
0.872612
0.872612
0.872612
0.872612
0.872612
0.872612
0.872612
0.872612
0.872612
0.872612
0.872612
0.872612
0.872612
0.872612
0.872612
0.872612
0.872612
0.872612
0.872612
0.872612
0.872612
0.872612
0.872612
0.872612
0.872612
0.872612
0.872612
0.872612
0.872612
0.872612
0.872612
0.872612
0.872612
0.872612
0.872612
0.872612
0.872612
0.872612
0.872612
0.872612
0.872612
0.872612
0.872612
0.872612
0.872612
0.872612
0.872612
0.872612
0.872612
0.872612
0.872612
0.872612
0.872612
0.872612
0.872612
0.872612
0.872612
0.872612
0.872612
0.872612
0.872612
0.872612
0.872612
0.872612
0.872612
0.872612
0.872612
0.872612
0.872612
0.872612
0.872612
0.872612
0.872612
0.872612
0.872612
0.872612
0.872612
0.872612
0.872612
0.872612
0.872612
0.872612
0.872612
0.872612
0.872612
0.872612
0.872612
0.872612
0.872612
0.872612
0.872612
0.872612
0.872612
0.872612
0.872612
0.872612
0.872612
0.872612
0.872612
0.872612
0.872612
0.872612
0.872612
0.872612
0.872612
0.872612
0.872612
0.872612
0.872612
0.872612
0.872612
0.872612
0.872612
0.872612
0.872612
0.872612
0.872612
0.872612
0.872612
0.872612
0.872612
0.872612
0.872612
0.872612
0.872612
0.872612
0.872612
0.872612
0.872612
0.872612
0.872612
0.872612
0.872612
0.872612
0.872612
0.872612
0.872612
0.872612
0.872612
0.872612
0.872612
0.872612
0.872612
0.872612
0.872612
0.872612
0.872612
0.872612
0.872612
0.872612
0.872612
0.872612
0.872612
0.872612
0.872612
0.872612
0.872612
0.872612
0.872612
0.872612
0.872612
0.872612
0.872612
0.872612
0.872612
0.872612
0.872612
0.872612
0.872612
0.872612
0.872612
0.872612
0.872612
0.872612
0.872612
0.872612
0.872612
0.872612
0.872612
0.872612
0.872612
0.872612
0.872612
0.872612
0.872612
0.872612
0.872612
0.872612
0.872612
0.872612
0.872612
0.872612
0.872612
0.872612
0.872612
0.872612
0.872612
0.872612
0.872612
0.872612
0.872612
0.872612
0.872612
0.872612
0.872612
0.872612
0.872612
0.872612
0.872612
0.872612
0.872612
0.872612
0.872612
0.872612
0.872612
0.872612
0.872612
0.872612
1.69632
1.6963
1.6963
1.6963
1.6963
1.6963
1.6963
1.6963
1.69633
1.70715
1.7305
1.69632
1.6963
1.6963
1.6963
1.69629
1.69627
1.69626
1.69626
1.69626
1.69626
1.69626
1.69626
1.69626
1.69626
1.69629
1.70715
1.7305
1.69627
1.69626
1.69626
1.69626
1.69626
1.69626
1.69626
1.69626
1.69626
1.69626
1.69626
1.69626
1.69626
1.69626
1.69629
1.70715
1.7305
1.69627
1.69626
1.69626
1.69626
1.69626
1.69626
1.69626
1.69626
1.69626
1.69626
1.69626
1.69626
1.69626
1.69626
1.69629
1.70715
1.7305
1.69627
1.69626
1.69626
1.69626
1.69626
1.69626
1.69626
1.69626
1.69626
1.69626
1.69626
1.69626
1.69626
1.69626
1.69629
1.70715
1.7305
1.69627
1.69626
1.69626
1.69626
1.69626
1.69626
1.69626
1.69626
1.69626
1.69626
1.69626
1.69626
1.69626
1.69626
1.69629
1.70715
1.7305
1.69627
1.69626
1.69626
1.69626
1.69626
1.69626
1.69626
1.69626
1.69626
1.69626
1.69626
1.69626
1.69626
1.69626
1.69629
1.70715
1.7305
1.69627
1.69626
1.69626
1.69626
1.69626
1.69626
1.69626
1.69626
1.69626
1.69626
1.69626
1.69626
1.69626
1.69626
1.69629
1.70715
1.7305
1.69627
1.69626
1.69626
1.69626
1.69626
1.69626
1.69626
1.69626
1.69626
1.69626
1.69626
1.69626
1.69626
1.69629
1.70715
1.7305
1.69627
1.69626
1.69626
1.69626
1.69626
1.69626
1.69626
1.69626
1.69626
1.69626
1.69626
1.69626
1.69626
1.69629
1.70715
1.7305
1.69627
1.69626
1.69626
1.69626
1.69626
1.69626
1.69626
1.69626
1.69626
1.69626
1.69626
1.69626
1.69626
1.69629
1.70715
1.7305
1.69627
1.69626
1.69626
1.69626
1.69626
1.69626
1.69626
1.69626
1.69626
1.69626
1.69626
1.69626
1.69626
1.69629
1.70715
1.7305
1.69627
1.69626
1.69626
1.69626
1.69626
1.69626
1.69626
1.69626
1.69626
1.69626
1.69626
1.69626
1.69626
1.69629
1.70715
1.7305
1.69627
1.69626
1.69626
1.69626
1.69626
1.69626
1.69626
1.69626
1.69626
1.69626
1.69626
1.69626
1.69626
1.69629
1.70715
1.7305
1.69627
1.69626
1.69626
1.69626
1.69626
1.69626
1.69626
1.69626
1.69626
1.69626
1.69626
1.69626
1.69626
1.69629
1.70715
1.7305
1.69627
1.69626
1.69626
1.69626
1.69626
1.69626
1.69626
1.69626
1.69626
1.69626
1.69626
1.69626
1.69626
1.69629
1.70715
1.7305
1.69627
1.69626
1.69626
1.69626
1.69626
1.69626
1.69626
1.69626
1.69626
1.69626
1.69626
1.69626
1.69626
1.69629
1.70715
1.7305
1.69627
1.69626
1.69626
1.69626
1.69626
1.69626
1.69626
1.69626
1.69626
1.69626
1.69626
1.69626
1.69626
1.69629
1.70715
1.7305
1.69627
1.69626
1.69626
1.69626
1.69626
1.69626
1.69626
1.69626
1.69626
1.69626
1.69626
1.69626
1.69626
1.69629
1.70715
1.7305
1.69627
1.69626
1.69626
1.69626
1.69626
1.69626
1.69626
1.69626
1.69626
1.69626
1.69626
1.69626
1.69626
1.69629
1.70715
1.7305
1.69627
1.69626
1.69626
1.69626
1.69626
1.69626
1.69626
1.69626
1.69626
1.69626
1.69626
1.69626
1.69626
1.69629
1.70715
1.7305
1.69627
1.69626
1.69626
1.69626
1.69626
1.69626
1.69626
1.69626
1.69626
1.69626
1.69626
1.69626
1.69626
1.69629
1.70715
1.7305
1.69627
1.69626
1.69626
1.69626
1.69626
1.69626
1.69626
1.69626
1.69626
1.69626
1.69626
1.69626
1.69626
1.69629
1.70715
1.7305
1.69627
1.69626
1.69626
1.69626
1.69626
1.69626
1.69626
1.69626
1.69626
1.69626
1.69626
1.69626
1.69626
1.69629
1.70715
1.7305
1.69627
1.69626
1.69626
1.69626
1.69626
1.69626
1.69626
1.69626
1.69626
1.69626
1.69626
1.69626
1.69626
1.69629
1.70715
1.7305
1.69606
1.69604
1.69604
1.69604
1.69604
1.69604
1.69604
1.69604
1.69604
1.69604
1.69604
1.69604
1.69604
1.69607
1.70702
1.73043
1.69713
1.69711
1.69711
1.69711
1.69711
1.69714
1.70786
1.73099
1.69713
1.69711
1.69711
1.69711
1.69711
1.69711
1.69711
1.6971
1.69709
1.69707
1.69707
1.69707
1.69707
1.69707
1.6971
1.70786
1.73099
1.69709
1.69707
1.69707
1.69707
1.69707
1.69707
1.69707
1.69707
1.69707
1.69707
1.69707
1.69707
1.69707
1.69707
1.6971
1.70786
1.73099
1.69709
1.69707
1.69707
1.69707
1.69707
1.69707
1.69707
1.69707
1.69707
1.69707
1.69707
1.69707
1.69707
1.69707
1.6971
1.70786
1.73099
1.69709
1.69707
1.69707
1.69707
1.69707
1.69707
1.69707
1.69707
1.69707
1.69707
1.69707
1.69707
1.69707
1.69707
1.6971
1.70786
1.73099
1.69709
1.69707
1.69707
1.69707
1.69707
1.69707
1.69707
1.69707
1.69707
1.69707
1.69707
1.69707
1.69707
1.69707
1.6971
1.70786
1.73099
1.69709
1.69707
1.69707
1.69707
1.69707
1.69707
1.69707
1.69707
1.69707
1.69707
1.69707
1.69707
1.69707
1.69707
1.6971
1.70786
1.73099
1.69709
1.69707
1.69707
1.69707
1.69707
1.69707
1.69707
1.69707
1.69707
1.69707
1.69707
1.69707
1.69707
1.69707
1.6971
1.70786
1.73099
1.6971
1.69707
1.69707
1.69707
1.69707
1.69707
1.69707
1.69707
1.69707
1.69707
1.69707
1.69707
1.69707
1.69707
1.6971
1.70786
1.73099
1.6971
1.69707
1.69707
1.69707
1.69707
1.69707
1.69707
1.69707
1.69707
1.69707
1.69707
1.69707
1.69707
1.69707
1.6971
1.70786
1.73099
1.69709
1.69707
1.69707
1.69707
1.69707
1.69707
1.69707
1.69707
1.69707
1.69707
1.69707
1.69707
1.69707
1.6971
1.70786
1.73099
1.69709
1.69707
1.69707
1.69707
1.69707
1.69707
1.69707
1.69707
1.69707
1.69707
1.69707
1.69707
1.69707
1.6971
1.70786
1.73099
1.69709
1.69707
1.69707
1.69707
1.69707
1.69707
1.69707
1.69707
1.69707
1.69707
1.69707
1.69707
1.69707
1.6971
1.70786
1.73099
1.69709
1.69707
1.69707
1.69707
1.69707
1.69707
1.69707
1.69707
1.69707
1.69707
1.69707
1.69707
1.69707
1.6971
1.70786
1.73099
1.69709
1.69707
1.69707
1.69707
1.69707
1.69707
1.69707
1.69707
1.69707
1.69707
1.69707
1.69707
1.69707
1.6971
1.70786
1.73099
1.69709
1.69707
1.69707
1.69707
1.69707
1.69707
1.69707
1.69707
1.69707
1.69707
1.69707
1.69707
1.69707
1.6971
1.70786
1.73099
1.69709
1.69707
1.69707
1.69707
1.69707
1.69707
1.69707
1.69707
1.69707
1.69707
1.69707
1.69707
1.69707
1.6971
1.70786
1.73099
1.69709
1.69707
1.69707
1.69707
1.69707
1.69707
1.69707
1.69707
1.69707
1.69707
1.69707
1.69707
1.69707
1.6971
1.70786
1.73099
1.69709
1.69707
1.69707
1.69707
1.69707
1.69707
1.69707
1.69707
1.69707
1.69707
1.69707
1.69707
1.69707
1.6971
1.70786
1.73099
1.69709
1.69707
1.69707
1.69707
1.69707
1.69707
1.69707
1.69707
1.69707
1.69707
1.69707
1.69707
1.69707
1.6971
1.70786
1.73099
1.69709
1.69707
1.69707
1.69707
1.69707
1.69707
1.69707
1.69707
1.69707
1.69707
1.69707
1.69707
1.69707
1.6971
1.70786
1.73099
1.69709
1.69707
1.69707
1.69707
1.69707
1.69707
1.69707
1.69707
1.69707
1.69707
1.69707
1.69707
1.69707
1.6971
1.70786
1.73099
1.69709
1.69707
1.69707
1.69707
1.69707
1.69707
1.69707
1.69707
1.69707
1.69707
1.69707
1.69707
1.69707
1.6971
1.70786
1.73099
1.69709
1.69707
1.69707
1.69707
1.69707
1.69707
1.69707
1.69707
1.69707
1.69707
1.69707
1.69707
1.69707
1.6971
1.70786
1.73099
1.69709
1.69707
1.69707
1.69707
1.69707
1.69707
1.69707
1.69707
1.69707
1.69707
1.69707
1.69707
1.69707
1.6971
1.70786
1.73099
1.69687
1.69686
1.69686
1.69686
1.69686
1.69686
1.69686
1.69686
1.69686
1.69686
1.69686
1.69686
1.69686
1.69688
1.70773
1.73092
1.69727
1.69726
1.69726
1.69728
1.708
1.73108
1.69727
1.69726
1.69726
1.69726
1.69726
1.69726
1.69726
1.69726
1.69726
1.69724
1.69723
1.69721
1.69721
1.69721
1.69724
1.70799
1.73108
1.69723
1.69721
1.69721
1.69721
1.69721
1.69721
1.69721
1.69721
1.69721
1.69721
1.69721
1.69721
1.69721
1.69721
1.69724
1.70799
1.73108
1.69723
1.69721
1.69721
1.69721
1.69721
1.69721
1.69721
1.69721
1.69721
1.69721
1.69721
1.69721
1.69721
1.69721
1.69724
1.70799
1.73108
1.69723
1.69721
1.69721
1.69721
1.69721
1.69721
1.69721
1.69721
1.69721
1.69721
1.69721
1.69721
1.69721
1.69721
1.69724
1.70799
1.73108
1.69723
1.69721
1.69721
1.69721
1.69721
1.69721
1.69721
1.69721
1.69721
1.69721
1.69721
1.69721
1.69721
1.69721
1.69724
1.70799
1.73108
1.69723
1.69721
1.69721
1.69721
1.69721
1.69721
1.69721
1.69721
1.69721
1.69721
1.69721
1.69721
1.69721
1.69721
1.69724
1.70799
1.73108
1.69723
1.69721
1.69721
1.69721
1.69721
1.69721
1.69721
1.69721
1.69721
1.69721
1.69721
1.69721
1.69721
1.69721
1.69724
1.70799
1.73108
1.69723
1.69721
1.69721
1.69721
1.69721
1.69721
1.69721
1.69721
1.69721
1.69721
1.69721
1.69721
1.69721
1.69721
1.69724
1.70799
1.73108
1.69723
1.69721
1.69721
1.69721
1.69721
1.69721
1.69721
1.69721
1.69721
1.69721
1.69721
1.69721
1.69721
1.69721
1.69724
1.70799
1.73108
1.69724
1.69721
1.69721
1.69721
1.69721
1.69721
1.69721
1.69721
1.69721
1.69721
1.69721
1.69721
1.69721
1.69721
1.69724
1.70799
1.73108
1.69723
1.69721
1.69721
1.69721
1.69721
1.69721
1.69721
1.69721
1.69721
1.69721
1.69721
1.69721
1.69721
1.69724
1.70799
1.73108
1.69723
1.69721
1.69721
1.69721
1.69721
1.69721
1.69721
1.69721
1.69721
1.69721
1.69721
1.69721
1.69721
1.69724
1.70799
1.73108
1.69723
1.69721
1.69721
1.69721
1.69721
1.69721
1.69721
1.69721
1.69721
1.69721
1.69721
1.69721
1.69721
1.69724
1.70799
1.73108
1.69723
1.69721
1.69721
1.69721
1.69721
1.69721
1.69721
1.69721
1.69721
1.69721
1.69721
1.69721
1.69721
1.69724
1.70799
1.73108
1.69723
1.69721
1.69721
1.69721
1.69721
1.69721
1.69721
1.69721
1.69721
1.69721
1.69721
1.69721
1.69721
1.69724
1.70799
1.73108
1.69723
1.69721
1.69721
1.69721
1.69721
1.69721
1.69721
1.69721
1.69721
1.69721
1.69721
1.69721
1.69721
1.69724
1.70799
1.73108
1.69723
1.69721
1.69721
1.69721
1.69721
1.69721
1.69721
1.69721
1.69721
1.69721
1.69721
1.69721
1.69721
1.69724
1.70799
1.73108
1.69723
1.69721
1.69721
1.69721
1.69721
1.69721
1.69721
1.69721
1.69721
1.69721
1.69721
1.69721
1.69721
1.69724
1.70799
1.73108
1.69723
1.69721
1.69721
1.69721
1.69721
1.69721
1.69721
1.69721
1.69721
1.69721
1.69721
1.69721
1.69721
1.69724
1.70799
1.73108
1.69723
1.69721
1.69721
1.69721
1.69721
1.69721
1.69721
1.69721
1.69721
1.69721
1.69721
1.69721
1.69721
1.69724
1.70799
1.73108
1.69723
1.69721
1.69721
1.69721
1.69721
1.69721
1.69721
1.69721
1.69721
1.69721
1.69721
1.69721
1.69721
1.69724
1.70799
1.73108
1.69723
1.69721
1.69721
1.69721
1.69721
1.69721
1.69721
1.69721
1.69721
1.69721
1.69721
1.69721
1.69721
1.69724
1.70799
1.73108
1.69723
1.69721
1.69721
1.69721
1.69721
1.69721
1.69721
1.69721
1.69721
1.69721
1.69721
1.69721
1.69721
1.69724
1.70799
1.73108
1.69723
1.69721
1.69721
1.69721
1.69721
1.69721
1.69721
1.69721
1.69721
1.69721
1.69721
1.69721
1.69721
1.69724
1.70799
1.73108
1.69701
1.697
1.697
1.697
1.697
1.697
1.697
1.697
1.697
1.697
1.697
1.697
1.697
1.69703
1.70787
1.73102
1.70369
1.71372
1.73505
1.70368
1.70367
1.70367
1.70367
1.70367
1.70367
1.70367
1.70367
1.70367
1.70367
1.70367
1.70367
1.70366
1.70365
1.70366
1.71372
1.73505
1.70365
1.70365
1.70365
1.70365
1.70365
1.70365
1.70365
1.70365
1.70365
1.70365
1.70365
1.70365
1.70365
1.70365
1.70366
1.71372
1.73505
1.70365
1.70365
1.70365
1.70365
1.70365
1.70365
1.70365
1.70365
1.70365
1.70365
1.70365
1.70365
1.70365
1.70365
1.70366
1.71372
1.73505
1.70365
1.70365
1.70365
1.70365
1.70365
1.70365
1.70365
1.70365
1.70365
1.70365
1.70365
1.70365
1.70365
1.70365
1.70366
1.71372
1.73505
1.70365
1.70365
1.70365
1.70365
1.70365
1.70365
1.70365
1.70365
1.70365
1.70365
1.70365
1.70365
1.70365
1.70365
1.70366
1.71372
1.73505
1.70365
1.70365
1.70365
1.70365
1.70365
1.70365
1.70365
1.70365
1.70365
1.70365
1.70365
1.70365
1.70365
1.70365
1.70366
1.71372
1.73505
1.70365
1.70365
1.70365
1.70365
1.70365
1.70365
1.70365
1.70365
1.70365
1.70365
1.70365
1.70365
1.70365
1.70365
1.70366
1.71372
1.73505
1.70365
1.70365
1.70365
1.70365
1.70365
1.70365
1.70365
1.70365
1.70365
1.70365
1.70365
1.70365
1.70365
1.70365
1.70366
1.71372
1.73505
1.70365
1.70365
1.70365
1.70365
1.70365
1.70365
1.70365
1.70365
1.70365
1.70365
1.70365
1.70365
1.70365
1.70365
1.70366
1.71372
1.73505
1.70365
1.70365
1.70365
1.70365
1.70365
1.70365
1.70365
1.70365
1.70365
1.70365
1.70365
1.70365
1.70365
1.70365
1.70366
1.71372
1.73505
1.70366
1.70365
1.70365
1.70365
1.70365
1.70365
1.70365
1.70365
1.70365
1.70365
1.70365
1.70365
1.70365
1.70365
1.70366
1.71372
1.73505
1.70365
1.70365
1.70365
1.70365
1.70365
1.70365
1.70365
1.70365
1.70365
1.70365
1.70365
1.70365
1.70365
1.70366
1.71372
1.73505
1.70365
1.70365
1.70365
1.70365
1.70365
1.70365
1.70365
1.70365
1.70365
1.70365
1.70365
1.70365
1.70365
1.70366
1.71372
1.73505
1.70365
1.70365
1.70365
1.70365
1.70365
1.70365
1.70365
1.70365
1.70365
1.70365
1.70365
1.70365
1.70365
1.70366
1.71372
1.73505
1.70365
1.70365
1.70365
1.70365
1.70365
1.70365
1.70365
1.70365
1.70365
1.70365
1.70365
1.70365
1.70365
1.70366
1.71372
1.73505
1.70365
1.70365
1.70365
1.70365
1.70365
1.70365
1.70365
1.70365
1.70365
1.70365
1.70365
1.70365
1.70365
1.70366
1.71372
1.73505
1.70365
1.70365
1.70365
1.70365
1.70365
1.70365
1.70365
1.70365
1.70365
1.70365
1.70365
1.70365
1.70365
1.70366
1.71372
1.73505
1.70365
1.70365
1.70365
1.70365
1.70365
1.70365
1.70365
1.70365
1.70365
1.70365
1.70365
1.70365
1.70365
1.70366
1.71372
1.73505
1.70365
1.70365
1.70365
1.70365
1.70365
1.70365
1.70365
1.70365
1.70365
1.70365
1.70365
1.70365
1.70365
1.70366
1.71372
1.73505
1.70365
1.70365
1.70365
1.70365
1.70365
1.70365
1.70365
1.70365
1.70365
1.70365
1.70365
1.70365
1.70365
1.70366
1.71372
1.73505
1.70365
1.70365
1.70365
1.70365
1.70365
1.70365
1.70365
1.70365
1.70365
1.70365
1.70365
1.70365
1.70365
1.70366
1.71372
1.73505
1.70365
1.70365
1.70365
1.70365
1.70365
1.70365
1.70365
1.70365
1.70365
1.70365
1.70365
1.70365
1.70365
1.70366
1.71372
1.73505
1.70365
1.70365
1.70365
1.70365
1.70365
1.70365
1.70365
1.70365
1.70365
1.70365
1.70365
1.70365
1.70365
1.70366
1.71372
1.73505
1.70365
1.70365
1.70365
1.70365
1.70365
1.70365
1.70365
1.70365
1.70365
1.70365
1.70365
1.70365
1.70365
1.70366
1.71372
1.73505
1.70353
1.70353
1.70353
1.70353
1.70353
1.70353
1.70353
1.70353
1.70353
1.70353
1.70353
1.70353
1.70353
1.70354
1.71365
1.73501
)
;

boundaryField
{
    frontAndBack
    {
        type            slip;
    }
    inlet
    {
        type            fixedValue;
        value           uniform 1.78;
    }
    outlet
    {
        type            inletOutlet;
        inletValue      nonuniform List<scalar> 0();
        value           nonuniform List<scalar> 0();
    }
    lowerWall
    {
        beta1           0.075;
        blended         0;
        type            omegaWallFunction;
        value           nonuniform List<scalar> 
419
(
0.872612
0.872612
0.872612
0.872612
0.872612
0.872612
0.872612
0.872612
0.872612
0.872612
0.872612
0.872612
0.872612
0.872612
0.872612
0.872612
0.872612
0.872612
0.872612
0.872612
0.872612
0.872612
0.872612
0.872612
0.872612
0.872612
0.872612
0.872612
0.872612
0.872612
0.872612
0.872612
0.872612
0.872612
0.872612
0.872612
0.872612
0.872612
0.872612
0.872612
0.872612
0.872612
0.872612
0.872612
0.872612
0.872612
0.872612
0.872612
0.872612
0.872612
0.872612
0.872612
0.872612
0.872612
0.872612
0.872612
0.872612
0.872612
0.872612
0.872612
0.872612
0.872612
0.872612
0.872612
0.872612
0.872612
0.872612
0.872612
0.872612
0.872612
0.872612
0.872612
0.872612
0.872612
0.872612
0.872612
0.872612
0.872612
0.872612
0.872612
0.872612
0.872612
0.872612
0.872612
0.872612
0.872612
0.872612
0.872612
0.872612
0.872612
0.872612
0.872612
0.872612
0.872612
0.872612
0.872612
0.872612
0.872612
0.872612
0.872612
0.872612
0.872612
0.872612
0.872612
0.872612
0.872612
0.872612
0.872612
0.872612
0.872612
0.872612
0.872612
0.872612
0.872612
0.872612
0.872612
0.872612
0.872612
0.872612
0.872612
0.872612
0.872612
0.872612
0.872612
0.872612
0.872612
0.872612
0.872612
0.872612
0.872612
0.872612
0.872612
0.872612
0.872612
0.872612
0.872612
0.872612
0.872612
0.872612
0.872612
0.872612
0.872612
0.872612
0.872612
0.872612
0.872612
0.872612
0.872612
0.872612
0.872612
0.872612
0.872612
0.872612
0.872612
0.872612
0.872612
0.872612
0.872612
0.872612
0.872612
0.872612
0.872612
0.872612
0.872612
0.872612
0.872612
0.872612
0.872612
0.872612
0.872612
0.872612
0.872612
0.872612
0.872612
0.872612
0.872612
0.872612
0.872612
0.872612
0.872612
0.872612
0.872612
0.872612
0.872612
0.872612
0.872612
0.872612
0.872612
0.872612
0.872612
0.872612
0.872612
0.872612
0.872612
0.872612
0.872612
0.872612
0.872612
0.872612
0.872612
0.872612
0.872612
0.872612
0.872612
0.872612
0.872612
0.872612
0.872612
0.872612
0.872612
0.872612
0.872612
0.872612
0.872612
0.872612
0.872612
0.872612
0.872612
0.872612
0.872612
0.872612
0.872612
0.872612
0.872612
0.872612
0.872612
0.872612
0.872612
0.872612
0.872612
0.872612
0.872612
0.872612
0.872612
0.872612
0.872612
0.872612
0.872612
0.872612
0.872612
0.872612
0.872612
0.872612
0.872612
0.872612
0.872612
0.872612
0.872612
0.872612
0.872612
0.872612
0.872612
0.872612
0.872612
0.872612
0.872612
0.872612
0.872612
0.872612
0.872612
0.872612
0.872612
0.872612
0.872612
0.872612
0.872612
0.872612
0.872612
0.872612
0.872612
0.872612
0.872612
0.872612
0.872612
0.872612
0.872612
0.872612
0.872612
0.872612
0.872612
0.872612
0.872612
0.872612
0.872612
0.872612
0.872612
0.872612
0.872612
0.872612
0.872612
0.872612
0.872612
0.872612
0.872612
0.872612
0.872612
0.872612
0.872612
0.872612
0.872612
0.872612
0.872612
0.872612
0.872612
0.872612
0.872612
0.872612
0.872612
0.872612
0.872612
0.872612
0.872612
0.872612
0.872612
0.872612
0.872612
0.872612
0.872612
0.872612
0.872612
0.872612
0.872612
0.872612
0.872612
0.872612
0.872612
0.872612
0.872612
0.872612
0.872612
0.872612
0.872612
0.872612
0.872612
0.872612
0.872612
0.872612
0.872612
0.872612
0.872612
0.872612
0.872612
0.872612
0.872612
0.872612
0.872612
0.872612
0.872612
0.872612
0.872612
0.872612
0.872612
0.872612
0.872612
0.872612
0.872612
0.872612
0.872612
0.872612
0.872612
0.872612
0.872612
0.872612
0.872612
0.872612
0.872612
0.872612
0.872612
0.872612
0.872612
0.872612
0.872612
0.872612
0.872612
0.872612
0.872612
0.872612
0.872612
0.872612
0.872612
0.872612
0.872612
0.872612
0.872612
0.872612
0.872612
0.872612
0.872612
0.872612
0.872612
0.872612
0.872612
0.872612
0.872612
0.872612
0.872612
0.872612
0.872612
0.872612
0.872612
0.872612
0.872612
0.872612
0.872612
0.872612
0.872612
0.872612
0.872612
0.872612
0.872612
0.872612
0.872612
0.872612
0.872612
0.872612
0.872612
0.872612
0.872612
0.872612
)
;
    }
    upperWall
    {
        type            slip;
    }
    procBoundary5to2
    {
        type            processor;
        value           nonuniform List<scalar> 
100
(
0.872612
0.872612
0.872612
0.872612
0.872612
0.872612
0.872612
0.872612
0.872612
0.872612
0.872612
0.872612
0.872612
0.872612
0.872612
0.872612
0.872612
0.872612
1.69628
1.6963
1.69626
1.69626
1.69626
1.69626
1.69626
1.69626
1.69626
1.69626
1.69629
1.70715
1.7305
1.69627
1.69626
1.69626
1.69626
1.69628
1.6963
1.6963
1.6971
1.69712
1.69712
1.69707
1.69707
1.69707
1.69707
1.69707
1.6971
1.70786
1.73099
1.69709
1.69707
1.69707
1.69707
1.69708
1.69709
1.6971
1.69712
1.69712
1.69712
1.69726
1.69727
1.69721
1.69721
1.69721
1.69724
1.70799
1.73108
1.69723
1.69721
1.69721
1.69721
1.69721
1.69721
1.69721
1.69722
1.69723
1.69726
1.69727
1.69727
1.70367
1.70368
1.70368
1.70366
1.71372
1.73505
1.70365
1.70365
1.70365
1.70365
1.70365
1.70365
1.70365
1.70365
1.70365
1.70365
1.70366
1.70367
1.70368
1.70368
1.70368
)
;
    }
    procBoundary5to4
    {
        type            processor;
        value           nonuniform List<scalar> 
135
(
0.872612
0.872612
0.872612
0.872612
0.872612
0.872612
0.872612
0.872612
0.872612
0.872612
0.872612
0.872612
0.872612
0.872612
0.872612
0.872612
0.872612
0.872612
0.872612
0.872612
0.872612
0.872612
0.872612
0.872612
0.872612
0.872612
0.872612
1.69632
1.69627
1.69627
1.69627
1.69627
1.69627
1.69627
1.69629
1.69629
1.69629
1.69627
1.69627
1.69627
1.69627
1.69627
1.69627
1.69627
1.69627
1.69627
1.69627
1.69627
1.69627
1.69627
1.69627
1.69627
1.69627
1.69627
1.69606
1.69713
1.69709
1.69709
1.69709
1.69709
1.69709
1.69709
1.6971
1.6971
1.6971
1.6971
1.6971
1.69709
1.69709
1.69709
1.69709
1.69709
1.69709
1.69709
1.69709
1.69709
1.69709
1.69709
1.69709
1.69709
1.69709
1.69687
1.69727
1.69723
1.69723
1.69723
1.69723
1.69723
1.69723
1.69723
1.69723
1.69724
1.69724
1.69724
1.69724
1.69723
1.69723
1.69723
1.69723
1.69723
1.69723
1.69723
1.69723
1.69723
1.69723
1.69723
1.69723
1.69723
1.69701
1.70368
1.70365
1.70365
1.70365
1.70365
1.70365
1.70365
1.70365
1.70365
1.70365
1.70366
1.70366
1.70366
1.70365
1.70365
1.70365
1.70365
1.70365
1.70365
1.70365
1.70365
1.70365
1.70365
1.70365
1.70365
1.70353
)
;
    }
}


// ************************************************************************* //
