/*--------------------------------*- C++ -*----------------------------------*\
  =========                 |
  \\      /  F ield         | OpenFOAM: The Open Source CFD Toolbox
   \\    /   O peration     | Website:  https://openfoam.org
    \\  /    A nd           | Version:  10
     \\/     M anipulation  |
\*---------------------------------------------------------------------------*/
FoamFile
{
    format      ascii;
    class       volScalarField;
    location    "10";
    object      p;
}
// * * * * * * * * * * * * * * * * * * * * * * * * * * * * * * * * * * * * * //

dimensions      [0 2 -2 0 0 0 0];

internalField   nonuniform List<scalar> 
2084
(
4.70959e-05
4.94265e-05
5.1723e-05
5.39508e-05
5.6061e-05
5.80504e-05
5.99004e-05
6.15796e-05
6.30499e-05
6.42569e-05
6.51311e-05
6.55934e-05
6.54869e-05
4.83249e-05
5.03257e-05
5.25551e-05
5.50143e-05
5.74935e-05
5.99725e-05
6.23949e-05
6.46873e-05
6.68572e-05
6.88959e-05
7.07709e-05
7.24623e-05
7.39341e-05
7.51379e-05
7.60096e-05
7.64703e-05
7.63777e-05
6.01044e-05
6.22806e-05
6.46215e-05
6.70832e-05
6.95962e-05
7.20546e-05
7.44287e-05
7.66964e-05
7.88394e-05
8.08314e-05
8.26552e-05
8.42993e-05
8.57194e-05
8.68762e-05
8.77098e-05
8.81538e-05
8.80745e-05
7.37367e-05
7.59861e-05
7.83597e-05
8.07749e-05
8.3159e-05
8.55044e-05
8.77762e-05
8.99091e-05
9.19159e-05
9.37861e-05
9.54945e-05
9.70256e-05
9.83433e-05
9.94123e-05
0.000100183
0.00010059
0.000100519
8.86587e-05
9.10374e-05
9.3385e-05
9.57065e-05
9.79796e-05
0.000100142
0.0001022
0.000104144
0.000105972
0.000107653
0.000109185
0.000110554
0.000111725
0.000112669
0.000113346
0.000113705
0.000113648
0.000104732
0.000107149
0.000109506
0.000111745
0.000113805
0.000115741
0.000117575
0.000119262
0.000120836
0.000122285
0.000123598
0.000124758
0.000125747
0.000126541
0.00012711
0.000127408
0.00012736
0.000121755
0.000124282
0.000126623
0.000128719
0.000130547
0.000132167
0.000133673
0.000135076
0.000136373
0.000137546
0.000138595
0.000139517
0.000140296
0.000140915
0.000141354
0.000141586
0.000141556
0.000142389
0.000144735
0.000146696
0.000148081
0.000149243
0.0001504
0.000151457
0.000152418
0.000153279
0.000154041
0.000154693
0.000155236
0.000155664
0.000155966
0.000156123
0.000156105
0.000161723
0.000163527
0.000164794
0.000165856
0.000166741
0.000167523
0.000168227
0.000168838
0.000169355
0.000169793
0.000170155
0.000170443
0.000170661
0.00017081
0.000170889
0.000170893
0.000181654
0.000182733
0.000183509
0.000184093
0.000184571
0.000184954
0.000185247
0.000185458
0.000185607
0.000185705
0.000185755
0.000185771
0.000185769
0.000185761
0.000185755
0.000185769
0.000202041
0.00020243
0.000202481
0.000202555
0.000202548
0.000202458
0.000202327
0.000202133
0.00020189
0.000201624
0.000201349
0.000201084
0.000200851
0.000200676
0.000200585
0.000200615
0.000222079
0.000221791
0.000221401
0.00022093
0.000220431
0.000219887
0.000219298
0.000218666
0.000218023
0.000217391
0.000216783
0.000216229
0.000215765
0.000215426
0.000215244
0.000215274
0.00024181
0.00024093
0.000239976
0.000239025
0.000238023
0.000236983
0.000235948
0.000234894
0.000233847
0.000232842
0.000231904
0.000231067
0.000230372
0.000229865
0.000229597
0.000229641
0.000260929
0.000259501
0.000258059
0.000256576
0.000255097
0.000253603
0.000252108
0.000250624
0.000249188
0.000247823
0.000246561
0.000245448
0.000244533
0.000243869
0.000243516
0.000243566
0.000279188
0.000277282
0.000275335
0.000273411
0.000271461
0.000269504
0.00026759
0.000265709
0.000263895
0.000262185
0.000260621
0.000259248
0.000258123
0.000257308
0.00025688
0.000256942
0.000296378
0.000294053
0.000291711
0.000289328
0.000286956
0.000284594
0.000282263
0.000279997
0.000277835
0.000275808
0.000273959
0.000272344
0.000271028
0.000270078
0.000269576
0.000269646
0.00031231
0.000309704
0.000306989
0.00030425
0.000301478
0.000298709
0.000296008
0.000293401
0.000290912
0.000288588
0.000286478
0.000284641
0.000283147
0.000282069
0.000281505
0.000281586
0.000327191
0.000324255
0.000321201
0.000318074
0.000314938
0.000311826
0.000308775
0.000305832
0.000303042
0.000300445
0.000298089
0.000296046
0.000294388
0.000293195
0.000292569
0.000292656
0.000340974
0.000337662
0.000334255
0.000330799
0.00032731
0.000323846
0.000320475
0.000317235
0.000314157
0.000311298
0.000308715
0.000306477
0.000304663
0.000303362
0.000302679
0.000302773
0.000353527
0.000349878
0.000346137
0.000342328
0.000338512
0.000334742
0.000331061
0.00032752
0.000324172
0.000321067
0.000318266
0.000315845
0.000313887
0.000312484
0.000311745
0.000311841
0.000364712
0.000360742
0.000356686
0.000352581
0.000348457
0.000344377
0.000340409
0.000336601
0.000332992
0.000329652
0.00032665
0.00032406
0.000321967
0.000320468
0.000319679
0.000319778
0.000374313
0.000370099
0.000365773
0.000361379
0.00035698
0.00035264
0.000348409
0.000344341
0.000340501
0.000336955
0.000333769
0.000331028
0.000328815
0.000327232
0.000326398
0.000326502
0.000382165
0.00037772
0.00037316
0.000368546
0.000363916
0.000359341
0.000354887
0.000350614
0.000346578
0.000342855
0.000339522
0.000336656
0.000334344
0.000332692
0.000331823
0.000331932
0.000388035
0.000383407
0.000378677
0.000373876
0.000369068
0.000364328
0.000359711
0.000355277
0.000351101
0.000347255
0.000343814
0.000340859
0.000338478
0.000336777
0.000335883
0.000336
0.000391712
0.000386978
0.000382133
0.00037722
0.000372314
0.000367473
0.000362762
0.000358244
0.000353991
0.000350076
0.000346579
0.000343578
0.000341162
0.000339439
0.000338531
0.000338634
0.000393411
0.00038863
0.000383731
0.000378787
0.000373841
0.000368963
0.000364218
0.000359669
0.000355385
0.000351445
0.000347928
0.000344911
0.000342484
0.000340752
0.000339836
0.000339907
5.16696e-05
5.38344e-05
5.59204e-05
5.79165e-05
5.97839e-05
6.14889e-05
6.29839e-05
6.42102e-05
6.50977e-05
6.55539e-05
6.54363e-05
4.91379e-05
5.09864e-05
5.29998e-05
5.51978e-05
5.75305e-05
5.99287e-05
6.22669e-05
6.45283e-05
6.67099e-05
6.87556e-05
7.06551e-05
7.23723e-05
7.38684e-05
7.50922e-05
7.597e-05
7.64344e-05
7.63352e-05
6.08516e-05
6.28703e-05
6.50497e-05
6.73527e-05
6.97049e-05
7.20616e-05
7.43718e-05
7.6607e-05
7.87363e-05
8.07236e-05
8.2573e-05
8.42296e-05
8.5661e-05
8.68314e-05
8.7678e-05
8.81266e-05
8.80517e-05
7.44081e-05
7.65516e-05
7.87776e-05
8.10529e-05
8.33442e-05
8.55941e-05
8.77744e-05
8.98791e-05
9.18752e-05
9.37351e-05
9.54453e-05
9.6983e-05
9.83067e-05
9.93818e-05
0.000100153
0.000100566
0.000100498
8.92669e-05
9.1494e-05
9.3753e-05
9.59881e-05
9.8153e-05
0.000100244
0.000102265
0.000104178
0.00010597
0.000107638
0.000109175
0.000110539
0.000111707
0.000112652
0.000113332
0.00011369
0.00011363
0.000105191
0.000107523
0.000109788
0.000111934
0.000113961
0.000115854
0.000117632
0.000119304
0.000120867
0.000122307
0.000123611
0.000124766
0.00012575
0.00012654
0.000127102
0.0001274
0.000127352
0.000122121
0.000124551
0.000126796
0.00012883
0.000130618
0.000132246
0.000133752
0.000135139
0.000136417
0.000137581
0.000138631
0.000139542
0.00014031
0.000140923
0.000141361
0.000141589
0.000141555
0.000140079
0.000142623
0.000144754
0.000146511
0.000147996
0.000149288
0.000150452
0.000151517
0.000152478
0.000153339
0.000154085
0.000154729
0.000155264
0.000155684
0.000155977
0.000156132
0.000156115
0.000161659
0.000163525
0.000164814
0.00016589
0.00016681
0.00016761
0.000168307
0.000168906
0.000169419
0.000169853
0.000170202
0.000170478
0.000170687
0.000170832
0.000170906
0.000170903
0.000181284
0.000182673
0.000183552
0.000184186
0.000184666
0.000185038
0.000185329
0.000185546
0.000185693
0.000185772
0.000185808
0.000185815
0.000185804
0.000185785
0.000185775
0.000185784
0.000201646
0.000202307
0.000202548
0.000202641
0.000202642
0.00020257
0.000202429
0.000202226
0.000201977
0.000201701
0.00020141
0.000201131
0.000200888
0.000200708
0.000200609
0.000200636
0.000221636
0.000221635
0.000221396
0.000221012
0.000220525
0.00021998
0.000219388
0.000218766
0.00021812
0.000217465
0.000216841
0.000216277
0.000215803
0.000215452
0.000215266
0.000215298
0.000241351
0.0002407
0.000239941
0.000239046
0.000238084
0.000237082
0.00023604
0.00023498
0.000233927
0.000232909
0.000231955
0.000231106
0.000230402
0.000229891
0.000229617
0.000229662
0.000260465
0.000259235
0.000257927
0.000256561
0.000255124
0.000253649
0.00025216
0.000250688
0.000249246
0.000247866
0.000246594
0.000245475
0.000244554
0.000243883
0.00024353
0.000243584
0.000278765
0.000276986
0.000275194
0.00027333
0.000271436
0.000269525
0.000267613
0.000265732
0.000263914
0.000262202
0.00026063
0.000259256
0.000258132
0.00025732
0.00025689
0.000256955
0.000296044
0.000293787
0.000291512
0.000289218
0.00028689
0.000284547
0.000282233
0.000279984
0.000277825
0.000275791
0.000273944
0.000272339
0.000271029
0.000270081
0.000269584
0.000269658
0.000312145
0.000309478
0.000306808
0.000304091
0.000301356
0.000298635
0.000295956
0.000293354
0.000290869
0.000288555
0.000286452
0.000284629
0.000283147
0.000282079
0.000281516
0.000281599
0.000326961
0.000324018
0.000320978
0.000317901
0.000314795
0.000311709
0.000308688
0.000305773
0.000302998
0.000300405
0.000298066
0.000296041
0.000294398
0.000293211
0.000292588
0.000292679
0.000340733
0.000337428
0.000334044
0.000330596
0.000327147
0.000323738
0.000320404
0.000317182
0.00031412
0.00031128
0.000308712
0.00030649
0.00030469
0.000303395
0.000302712
0.000302808
0.000353299
0.000349642
0.000345905
0.000342141
0.000338371
0.000334642
0.000331005
0.0003275
0.000324175
0.000321081
0.000318297
0.00031589
0.000313938
0.000312532
0.000311793
0.000311893
0.000364496
0.000360519
0.000356481
0.000352403
0.000348339
0.000344328
0.000340409
0.000336625
0.000333038
0.000329719
0.000326726
0.000324138
0.000322042
0.000320537
0.000319743
0.000319847
0.000374118
0.000369872
0.000365566
0.000361238
0.000356913
0.000352635
0.000348451
0.000344422
0.000340606
0.000337065
0.000333885
0.000331139
0.000328914
0.000327316
0.000326475
0.000326586
0.000381929
0.00037749
0.000372981
0.000368434
0.000363888
0.000359389
0.000354989
0.000350742
0.000346726
0.000343014
0.000339675
0.000336794
0.000334461
0.000332791
0.000331913
0.000332033
0.000387754
0.000383176
0.00037851
0.000373799
0.000369083
0.000364412
0.000359843
0.000355446
0.000351288
0.000347443
0.000343992
0.000341018
0.000338609
0.000336887
0.000335982
0.000336108
0.000391424
0.000386758
0.000381997
0.000377177
0.00037235
0.000367579
0.000362916
0.000358431
0.000354191
0.000350277
0.000346766
0.000343742
0.000341299
0.000339554
0.000338635
0.000338749
0.000393129
0.000388432
0.000383627
0.000378759
0.000373893
0.000369078
0.000364379
0.000359858
0.00035559
0.00035165
0.000348116
0.000345077
0.000342625
0.000340872
0.000339944
0.000340025
5.76786e-05
5.95548e-05
6.12908e-05
6.28317e-05
6.40928e-05
6.50019e-05
6.54746e-05
6.53416e-05
5.04531e-05
5.20784e-05
5.38521e-05
5.57646e-05
5.7813e-05
5.99412e-05
6.21003e-05
6.42834e-05
6.64382e-05
6.84827e-05
7.04094e-05
7.21744e-05
7.37028e-05
7.49601e-05
7.58796e-05
7.63586e-05
7.62515e-05
6.20622e-05
6.38763e-05
6.58212e-05
6.78772e-05
6.99836e-05
7.21523e-05
7.43265e-05
7.64643e-05
7.8543e-05
8.05371e-05
8.23923e-05
8.40635e-05
8.55217e-05
8.67245e-05
8.7599e-05
8.80625e-05
8.79835e-05
7.54487e-05
7.74265e-05
7.94715e-05
8.15584e-05
8.36722e-05
8.57729e-05
8.78383e-05
8.9866e-05
9.18126e-05
9.36433e-05
9.53522e-05
9.68933e-05
9.82219e-05
9.93038e-05
0.000100092
0.000100511
0.000100439
9.01145e-05
9.2211e-05
9.43336e-05
9.64302e-05
9.84649e-05
0.000100454
0.000102387
0.000104233
0.000105981
0.000107637
0.000109143
0.000110494
0.000111664
0.000112613
0.000113293
0.000113652
0.000113584
0.000105834
0.000108076
0.000110234
0.000112281
0.000114222
0.000116048
0.000117761
0.000119394
0.000120926
0.000122335
0.000123624
0.000124772
0.000125743
0.000126523
0.000127083
0.000127378
0.000127328
0.000122603
0.00012493
0.000127093
0.000129045
0.000130794
0.000132395
0.000133875
0.00013523
0.000136486
0.00013764
0.000138665
0.000139561
0.000140324
0.000140933
0.000141361
0.000141585
0.000141549
0.000140394
0.000142789
0.000144859
0.000146603
0.000148104
0.000149405
0.000150558
0.00015161
0.000152561
0.0001534
0.000154141
0.00015478
0.000155299
0.000155704
0.00015599
0.000156142
0.000156127
0.000159173
0.000161531
0.000163457
0.0001649
0.000166002
0.000166923
0.000167722
0.000168405
0.000168996
0.000169505
0.000169919
0.000170253
0.000170523
0.000170727
0.000170859
0.000170927
0.000170918
0.000178759
0.000181102
0.000182882
0.000183823
0.00018435
0.000184802
0.000185161
0.000185449
0.000185654
0.00018578
0.000185856
0.000185886
0.000185875
0.000185846
0.000185818
0.000185803
0.000185817
0.000201135
0.000202384
0.00020284
0.000202842
0.000202795
0.000202712
0.000202552
0.000202339
0.000202084
0.000201789
0.000201481
0.000201194
0.000200942
0.000200747
0.000200641
0.000200661
0.000221065
0.000221719
0.00022164
0.000221191
0.000220675
0.000220111
0.000219513
0.000218878
0.00021821
0.000217551
0.000216921
0.00021634
0.000215848
0.000215488
0.000215296
0.000215332
0.000240726
0.000240573
0.000239954
0.000239115
0.000238175
0.00023718
0.000236129
0.000235065
0.00023401
0.000232975
0.000232006
0.00023115
0.000230441
0.000229921
0.000229644
0.00022969
0.000259732
0.000258869
0.000257762
0.000256507
0.000255128
0.000253676
0.000252206
0.000250732
0.000249278
0.000247897
0.000246625
0.000245498
0.000244569
0.000243902
0.000243548
0.000243606
0.000278053
0.000276526
0.000274915
0.000273171
0.000271347
0.000269479
0.000267581
0.00026571
0.000263905
0.000262185
0.000260611
0.000259245
0.000258131
0.000257327
0.000256901
0.00025697
0.000295424
0.000293318
0.00029117
0.000288974
0.000286711
0.000284416
0.000282141
0.000279907
0.00027775
0.000275731
0.000273902
0.000272309
0.00027101
0.000270082
0.000269592
0.000269671
0.000311623
0.000309033
0.000306437
0.000303785
0.00030111
0.000298445
0.000295801
0.000293224
0.000290769
0.000288466
0.000286383
0.000284586
0.00028313
0.000282083
0.000281529
0.000281617
0.000326528
0.000323605
0.000320603
0.000317564
0.000314513
0.000311482
0.000308512
0.000305629
0.000302877
0.000300319
0.000298016
0.000296018
0.000294392
0.000293228
0.000292614
0.000292711
0.000340349
0.000337041
0.000333665
0.000330254
0.00032686
0.000323514
0.00032023
0.000317052
0.000314039
0.000311232
0.000308695
0.000306503
0.000304722
0.000303438
0.00030276
0.000302863
0.000352943
0.000349263
0.000345537
0.000341806
0.000338103
0.000334448
0.000330881
0.000327434
0.000324149
0.000321102
0.000318353
0.000315964
0.000314013
0.000312608
0.000311867
0.000311977
0.000364143
0.000360146
0.00035612
0.000352098
0.000348115
0.000344193
0.000340352
0.000336636
0.00033311
0.000329828
0.000326856
0.000324277
0.00032217
0.000320649
0.000319847
0.000319961
0.000373749
0.000369491
0.000365221
0.000360963
0.000356739
0.000352565
0.00034848
0.000344528
0.000340767
0.000337268
0.000334099
0.000331338
0.000329083
0.000327459
0.000326604
0.000326727
0.000381529
0.000377102
0.00037265
0.000368199
0.00036377
0.000359392
0.000355093
0.000350931
0.000346979
0.000343291
0.000339947
0.000337037
0.000334666
0.000332959
0.000332063
0.000332199
0.000387298
0.000382786
0.000378212
0.000373613
0.000369025
0.000364477
0.000360014
0.0003557
0.000351592
0.000347766
0.0003443
0.000341286
0.000338832
0.00033707
0.000336146
0.00033629
0.000390961
0.000386402
0.000381752
0.000377052
0.000372355
0.000367695
0.00036313
0.000358713
0.000354517
0.000350612
0.000347078
0.000344014
0.000341527
0.000339744
0.000338807
0.000338944
0.000392681
0.000388106
0.00038342
0.000378676
0.000373925
0.000369216
0.000364602
0.000360145
0.000355914
0.000351976
0.00034842
0.000345343
0.000342852
0.000341064
0.000340119
0.000340219
6.10405e-05
6.26034e-05
6.39156e-05
6.48689e-05
6.53712e-05
6.52164e-05
5.16964e-05
5.31147e-05
5.46938e-05
5.64121e-05
5.82449e-05
6.01568e-05
6.21344e-05
6.41482e-05
6.61622e-05
6.81693e-05
7.00985e-05
7.18848e-05
7.34575e-05
7.47881e-05
7.57697e-05
7.62699e-05
7.61504e-05
6.31957e-05
6.48209e-05
6.65752e-05
6.84321e-05
7.03671e-05
7.23556e-05
7.43676e-05
7.63865e-05
7.83926e-05
8.03363e-05
8.21614e-05
8.38477e-05
8.53468e-05
8.65941e-05
8.7505e-05
8.79852e-05
8.79039e-05
7.64057e-05
7.82355e-05
8.01287e-05
8.20679e-05
8.40311e-05
8.59957e-05
8.79574e-05
8.98943e-05
9.17781e-05
9.35737e-05
9.52427e-05
9.67669e-05
9.81115e-05
9.92165e-05
0.000100025
0.000100453
0.000100379
9.08775e-05
9.2879e-05
9.48801e-05
9.68543e-05
9.87933e-05
0.000100688
0.000102527
0.000104313
0.000106028
0.000107633
0.00010911
0.000110448
0.000111615
0.000112559
0.000113243
0.000113607
0.000113535
0.000106439
0.000108591
0.000110659
0.000112627
0.000114488
0.000116246
0.000117914
0.000119501
0.000120992
0.000122374
0.000123633
0.000124758
0.000125726
0.000126502
0.000127061
0.000127355
0.000127303
0.00012305
0.000125303
0.000127389
0.00012928
0.000130999
0.000132563
0.000133999
0.000135334
0.000136566
0.000137685
0.000138694
0.00013958
0.000140334
0.00014093
0.000141352
0.000141575
0.000141537
0.000140676
0.000142972
0.000145012
0.000146758
0.000148242
0.00014953
0.000150675
0.000151706
0.000152634
0.000153461
0.000154187
0.000154809
0.000155322
0.000155721
0.000156001
0.000156147
0.000156131
0.000159189
0.000161529
0.000163496
0.000164992
0.000166118
0.000167036
0.000167815
0.00016849
0.000169073
0.000169566
0.000169973
0.000170306
0.000170564
0.000170753
0.000170876
0.00017094
0.000170933
0.000178417
0.000180883
0.000182852
0.000183942
0.000184493
0.000184914
0.000185263
0.000185533
0.000185725
0.000185852
0.000185918
0.00018594
0.00018592
0.000185884
0.000185846
0.000185825
0.00018584
0.000198182
0.000200507
0.00020224
0.000203059
0.000203136
0.000202946
0.000202804
0.000202628
0.000202409
0.000202146
0.000201851
0.000201546
0.000201246
0.000200978
0.000200771
0.000200662
0.000200682
0.000220341
0.000221526
0.000221869
0.000221465
0.000220796
0.000220192
0.000219573
0.000218923
0.000218264
0.000217601
0.000216967
0.000216377
0.000215882
0.000215514
0.000215317
0.000215356
0.000239954
0.000240449
0.000240083
0.00023921
0.000238217
0.000237193
0.00023614
0.000235077
0.00023402
0.000232993
0.000232031
0.000231171
0.000230456
0.000229933
0.000229655
0.000229698
0.000259088
0.000258651
0.00025766
0.00025642
0.00025505
0.000253619
0.000252155
0.000250682
0.000249247
0.000247871
0.000246604
0.000245484
0.000244568
0.000243906
0.000243553
0.000243611
0.000277365
0.000276104
0.000274614
0.000272948
0.000271168
0.000269324
0.000267454
0.000265602
0.000263806
0.000262107
0.000260557
0.000259208
0.000258108
0.000257315
0.000256897
0.000256962
0.000294778
0.000292823
0.000290792
0.000288653
0.000286438
0.000284194
0.000281946
0.000279732
0.000277607
0.000275617
0.000273813
0.000272245
0.000270977
0.00027007
0.000269588
0.000269666
0.000310967
0.000308545
0.000306013
0.000303418
0.000300792
0.000298161
0.000295555
0.000293015
0.00029059
0.000288329
0.000286292
0.000284529
0.000283097
0.000282069
0.000281529
0.000281614
0.000326052
0.000323159
0.00032019
0.000317181
0.000314168
0.000311184
0.000308252
0.000305408
0.000302708
0.000300202
0.00029794
0.000295976
0.000294382
0.000293237
0.00029263
0.000292728
0.00033996
0.000336636
0.000333259
0.000329881
0.000326526
0.000323219
0.000319986
0.000316866
0.000313908
0.000311157
0.000308675
0.000306514
0.000304747
0.000303471
0.000302796
0.0003029
0.000352584
0.000348874
0.000345151
0.000341446
0.000337786
0.000334192
0.000330687
0.000327305
0.000324096
0.000321112
0.000318403
0.000316031
0.000314087
0.000312679
0.000311933
0.000312046
0.000363771
0.000359753
0.000355736
0.000351758
0.000347834
0.000343981
0.000340223
0.000336597
0.000333151
0.000329928
0.000326991
0.000324415
0.000322294
0.000320754
0.00031994
0.000320057
0.000373342
0.000369084
0.000364843
0.000360639
0.00035649
0.00035241
0.000348427
0.000344575
0.000340902
0.000337463
0.000334309
0.000331534
0.000329251
0.000327599
0.000326726
0.000326856
0.000381077
0.000376677
0.000372274
0.000367898
0.000363562
0.000359288
0.000355104
0.000351056
0.000347189
0.000343547
0.00034021
0.000337278
0.000334866
0.000333123
0.000332205
0.000332349
0.0003868
0.000382355
0.000377856
0.000373349
0.000368862
0.00036443
0.000360086
0.000355877
0.000351846
0.000348057
0.000344586
0.000341538
0.000339045
0.000337246
0.0003363
0.000336457
0.000390437
0.000385975
0.00038142
0.000376825
0.000372239
0.000367692
0.000363237
0.000358913
0.00035478
0.000350895
0.000347352
0.000344256
0.000341735
0.000339918
0.000338962
0.000339111
0.000392138
0.000387673
0.000383097
0.000378465
0.000373824
0.000369226
0.000364712
0.000360336
0.00035615
0.00035223
0.000348666
0.000345564
0.000343042
0.000341227
0.000340265
0.000340363
6.47801e-05
6.52924e-05
6.51464e-05
5.24143e-05
5.37364e-05
5.52071e-05
5.68179e-05
5.85426e-05
6.03537e-05
6.22261e-05
6.41314e-05
6.60416e-05
6.79581e-05
6.98248e-05
7.15926e-05
7.32402e-05
7.46718e-05
7.56769e-05
7.61948e-05
7.60789e-05
6.38383e-05
6.53865e-05
6.70382e-05
6.8792e-05
7.0626e-05
7.25177e-05
7.44426e-05
7.63819e-05
7.83046e-05
8.01831e-05
8.1999e-05
8.36922e-05
8.52046e-05
8.64928e-05
8.74254e-05
8.79177e-05
8.78277e-05
7.69631e-05
7.87135e-05
8.05218e-05
8.23745e-05
8.42552e-05
8.61482e-05
8.80433e-05
8.99191e-05
9.17469e-05
9.35129e-05
9.51725e-05
9.6685e-05
9.80368e-05
9.91436e-05
9.99587e-05
0.000100402
0.000100318
9.13282e-05
9.3268e-05
9.52007e-05
9.71094e-05
9.89848e-05
0.000100822
0.000102615
0.000104362
0.000106036
0.000107615
0.000109087
0.000110413
0.000111572
0.00011251
0.000113202
0.00011357
0.0001135
0.000106796
0.000108893
0.000110908
0.000112824
0.000114638
0.000116358
0.000117997
0.000119555
0.000121017
0.000122383
0.000123631
0.000124737
0.000125705
0.00012648
0.000127035
0.000127335
0.000127277
0.000123315
0.000125527
0.000127569
0.000129425
0.00013111
0.00013265
0.000134068
0.000135387
0.000136598
0.000137705
0.000138708
0.000139588
0.000140329
0.000140918
0.000141342
0.000141564
0.000141529
0.000140852
0.000143114
0.00014512
0.000146848
0.000148318
0.000149596
0.000150733
0.000151751
0.000152664
0.000153488
0.000154205
0.000154816
0.000155329
0.000155727
0.000156001
0.000156147
0.000156126
0.000159246
0.000161565
0.000163542
0.000165043
0.000166173
0.000167088
0.00016786
0.000168529
0.000169104
0.000169591
0.00017
0.000170333
0.00017058
0.000170761
0.000170887
0.000170945
0.000170943
0.00017828
0.000180791
0.000182843
0.000183991
0.000184556
0.000184965
0.000185298
0.000185561
0.000185754
0.000185882
0.000185944
0.000185954
0.000185941
0.000185904
0.000185861
0.000185837
0.000185841
0.000197839
0.000200379
0.000202164
0.000203122
0.000203232
0.000203001
0.000202832
0.000202647
0.000202426
0.000202164
0.000201874
0.000201573
0.000201263
0.000200992
0.00020079
0.000200673
0.000200696
0.000217642
0.00021999
0.000221412
0.000221934
0.00022157
0.00022084
0.0002202
0.000219565
0.000218924
0.000218272
0.000217612
0.000216967
0.000216388
0.000215895
0.000215526
0.000215329
0.00021536
0.000239448
0.000240309
0.000240232
0.000239373
0.000238229
0.00023716
0.0002361
0.000235043
0.000233994
0.00023298
0.00023203
0.000231168
0.000230456
0.000229939
0.000229658
0.000229701
0.000258608
0.000258578
0.000257718
0.00025639
0.000254975
0.000253531
0.000252066
0.000250611
0.000249189
0.000247828
0.000246566
0.000245464
0.000244561
0.000243902
0.000243553
0.000243601
0.000276947
0.000275837
0.000274439
0.000272788
0.000271013
0.000269176
0.00026732
0.000265489
0.000263707
0.000262036
0.000260514
0.000259173
0.000258088
0.00025731
0.00025689
0.00025695
0.000294439
0.00029253
0.000290536
0.000288428
0.000286236
0.000284006
0.000281773
0.000279585
0.000277485
0.000275523
0.000273741
0.000272205
0.000270959
0.000270056
0.000269582
0.00026965
0.000310788
0.000308266
0.000305745
0.000303172
0.000300563
0.000297949
0.000295363
0.000292852
0.000290456
0.000288236
0.000286237
0.000284494
0.00028308
0.000282067
0.000281525
0.000281608
0.000325815
0.000322901
0.000319929
0.000316933
0.000313937
0.000310969
0.000308059
0.000305253
0.000302591
0.000300125
0.000297896
0.000295959
0.000294386
0.000293243
0.000292639
0.000292731
0.000339736
0.000336392
0.000333018
0.000329646
0.000326305
0.000323018
0.000319817
0.00031674
0.000313825
0.00031112
0.000308674
0.000306532
0.000304773
0.000303501
0.00030282
0.000302924
0.000352372
0.00034865
0.000344923
0.000341228
0.000337586
0.000334019
0.000330552
0.000327221
0.000324068
0.000321127
0.000318443
0.000316084
0.000314145
0.00031273
0.000311977
0.000312086
0.000363554
0.000359523
0.000355514
0.000351551
0.000347653
0.000343837
0.000340129
0.000336566
0.000333177
0.00033
0.000327086
0.000324505
0.000322381
0.000320831
0.000320003
0.00032012
0.000373101
0.000368845
0.000364618
0.000360441
0.000356327
0.000352296
0.000348373
0.000344591
0.000340981
0.000337576
0.000334438
0.000331662
0.000329369
0.000327698
0.00032681
0.000326939
0.000380797
0.00037642
0.000372049
0.000367705
0.000363416
0.000359197
0.000355087
0.000351111
0.000347298
0.000343696
0.000340374
0.000337428
0.000335
0.000333237
0.0003323
0.000332444
0.000386486
0.000382087
0.000377632
0.000373171
0.000368738
0.000364368
0.000360098
0.000355956
0.000351981
0.000348216
0.000344752
0.000341695
0.000339185
0.000337364
0.0003364
0.000336552
0.000390077
0.000385674
0.000381178
0.000376645
0.000372114
0.000367641
0.000363252
0.000358994
0.000354897
0.00035104
0.000347499
0.000344397
0.000341858
0.000340024
0.000339053
0.000339185
0.000391712
0.00038732
0.000382816
0.00037825
0.00037368
0.000369149
0.000364704
0.00036038
0.000356233
0.000352333
0.000348774
0.000345667
0.000343139
0.000341314
0.00034034
0.000340431
)
;

boundaryField
{
    frontAndBack
    {
        type            slip;
    }
    inlet
    {
        type            zeroGradient;
    }
    outlet
    {
        type            fixedValue;
        value           nonuniform List<scalar> 0();
    }
    lowerWall
    {
        type            zeroGradient;
    }
    upperWall
    {
        type            slip;
    }
    procBoundary5to2
    {
        type            processor;
        value           nonuniform List<scalar> 
100
(
3.83061e-05
4.03498e-05
4.24121e-05
4.44411e-05
4.64041e-05
4.8281e-05
5.00392e-05
5.16503e-05
5.30728e-05
5.42476e-05
5.51033e-05
5.55515e-05
5.54325e-05
3.89576e-05
4.07015e-05
4.2617e-05
4.47549e-05
4.47549e-05
4.71882e-05
4.94182e-05
4.24634e-05
4.44212e-05
4.63349e-05
4.81835e-05
4.9942e-05
5.15701e-05
5.30088e-05
5.4197e-05
5.50602e-05
5.55119e-05
5.53961e-05
3.98594e-05
4.14118e-05
4.31688e-05
4.51029e-05
4.71882e-05
4.94182e-05
4.94182e-05
5.158e-05
5.36237e-05
5.56606e-05
4.80509e-05
4.98113e-05
5.14438e-05
5.28932e-05
5.40959e-05
5.49718e-05
5.54309e-05
5.53111e-05
4.1182e-05
4.25557e-05
4.41032e-05
4.58078e-05
4.76359e-05
4.95711e-05
5.158e-05
5.36237e-05
5.56606e-05
5.56606e-05
5.73842e-05
5.92604e-05
5.12933e-05
5.27561e-05
5.39737e-05
5.48673e-05
5.53427e-05
5.52176e-05
4.23983e-05
4.36262e-05
4.50043e-05
4.65304e-05
4.81768e-05
4.99145e-05
5.17219e-05
5.35961e-05
5.54868e-05
5.73842e-05
5.92604e-05
5.92604e-05
6.07451e-05
6.2365e-05
6.37349e-05
5.47603e-05
5.52759e-05
5.51317e-05
4.31139e-05
4.42394e-05
4.55275e-05
4.69566e-05
4.85045e-05
5.01524e-05
5.18721e-05
5.36387e-05
5.54411e-05
5.72443e-05
5.90291e-05
6.07451e-05
6.2365e-05
6.37349e-05
6.37349e-05
)
;
    }
    procBoundary5to4
    {
        type            processor;
        value           nonuniform List<scalar> 
135
(
4.65776e-05
5.81429e-05
7.16089e-05
8.6349e-05
0.00010225
0.000119161
0.000139904
0.000139904
0.000139904
0.00015937
0.000179909
0.000200918
0.000221731
0.000242054
0.000261733
0.000280493
0.000298202
0.000314609
0.000329964
0.000344151
0.000357099
0.000368595
0.000378373
0.000386438
0.000392499
0.000396288
0.000398021
4.75175e-05
5.90366e-05
7.2397e-05
8.70603e-05
0.000102786
0.000119537
0.000137438
0.000159235
0.000159235
0.000159235
0.000179362
0.000179362
0.000200282
0.000221025
0.000241377
0.000261071
0.000279937
0.000297752
0.000314377
0.000329695
0.000343916
0.000356878
0.000368421
0.000378296
0.000386226
0.000392183
0.000395932
0.000397667
4.90101e-05
6.04131e-05
7.35718e-05
8.80247e-05
0.000103542
0.000120139
0.00013783
0.000156581
0.000176251
0.000199162
0.000199162
0.000199162
0.000219788
0.000240158
0.000259943
0.000278979
0.000296966
0.000313782
0.000329231
0.00034355
0.000356545
0.000368097
0.000377966
0.000385924
0.000391686
0.000395382
0.000397116
5.04111e-05
6.16715e-05
7.46446e-05
8.88865e-05
0.000104235
0.000120675
0.000138185
0.000156635
0.000175827
0.000195681
0.000218424
0.000218424
0.000218424
0.000238785
0.000258782
0.000278007
0.00029619
0.000313071
0.000328751
0.00034316
0.000356209
0.000367738
0.000377568
0.000385452
0.000391126
0.000394767
0.000396467
5.12197e-05
6.23959e-05
7.52549e-05
8.93812e-05
0.00010464
0.000120984
0.000138397
0.000156715
0.000175638
0.000195054
0.000215035
0.000237773
0.000237773
0.000257998
0.00027744
0.000295785
0.000312857
0.000328514
0.000342956
0.000356017
0.000367538
0.00037733
0.00038516
0.000390764
0.000394337
0.000395967
)
;
    }
}


// ************************************************************************* //
