/*--------------------------------*- C++ -*----------------------------------*\
  =========                 |
  \\      /  F ield         | OpenFOAM: The Open Source CFD Toolbox
   \\    /   O peration     | Website:  https://openfoam.org
    \\  /    A nd           | Version:  10
     \\/     M anipulation  |
\*---------------------------------------------------------------------------*/
FoamFile
{
    format      ascii;
    class       surfaceScalarField;
    location    "10";
    object      phi;
}
// * * * * * * * * * * * * * * * * * * * * * * * * * * * * * * * * * * * * * //

dimensions      [0 3 -1 0 0 0 0];

internalField   nonuniform List<scalar> 
5613
(
-200
9.91503e-06
-200
3.66148e-06
-200
-3.48617e-06
-7.89087e-07
-200
-1.15225e-05
-1.62123e-06
-200
-2.10748e-05
-1.14999e-06
-200
-3.22147e-05
-7.95259e-07
-200
-4.48184e-05
-6.91802e-07
-200
-5.9198e-05
-4.55316e-07
-200
-7.54341e-05
-2.58776e-07
-200
-9.37051e-05
-4.39609e-08
-200
-0.000114205
3.27444e-07
-200
-0.000137141
2.14488e-07
9.11876e-06
-1.47843e-07
-200
2.32819e-05
1.4816e-06
-200
2.09926e-05
2.38376e-06
-200
1.87168e-05
1.74901e-06
-200
1.56762e-05
-5.80503e-07
-200
9.79619e-06
4.07402e-07
-200
3.70877e-06
-6.12845e-07
-200
-3.36106e-06
-2.22927e-06
-200
-1.22093e-05
-1.33135e-06
-200
-2.24742e-05
-8.45562e-07
-200
-3.40013e-05
-9.81516e-07
-200
-4.73017e-05
-6.52949e-07
-200
-6.26001e-05
-3.84845e-07
-200
-7.9889e-05
-1.85158e-07
-200
-9.9436e-05
-3.23191e-08
-200
-0.000121408
4.80966e-09
-200
-0.000146323
2.65016e-07
1.01256e-05
-8.70263e-08
-200
2.4787e-05
2.92779e-06
-200
2.29543e-05
1.33642e-06
-200
1.94926e-05
1.51655e-06
-200
1.49142e-05
2.16913e-06
-200
9.93745e-06
-7.55195e-07
-200
3.31546e-06
-1.02289e-06
-200
-4.81592e-06
-2.28496e-07
-200
-1.36722e-05
-5.88215e-07
-200
-2.39523e-05
-1.0135e-06
-200
-3.60682e-05
-8.2106e-07
-200
-5.00471e-05
-3.44925e-07
-200
-6.5989e-05
-4.66755e-07
-200
-8.41911e-05
-2.45172e-07
-200
-0.000104879
-1.80355e-07
-200
-0.000128394
2.47228e-07
-200
-0.000155016
1.47822e-07
1.10337e-05
-1.15707e-07
-200
2.63571e-05
6.21596e-07
-200
2.30213e-05
2.33625e-06
-200
1.97077e-05
9.93222e-07
-200
1.51677e-05
-7.40365e-07
-200
8.79196e-06
6.17354e-07
-200
2.03054e-06
3.54032e-07
-200
-5.52373e-06
-1.61794e-06
-200
-1.49357e-05
-8.58611e-07
-200
-2.59832e-05
-3.52231e-07
-200
-3.84202e-05
-4.06272e-07
-200
-5.28281e-05
-2.66545e-07
-200
-6.94331e-05
-2.57876e-07
-200
-8.83801e-05
-1.34834e-07
-200
-0.000110005
-6.10173e-08
-200
-0.00013468
-1.12706e-07
-200
-0.000162922
1.35049e-07
1.17871e-05
-4.08532e-08
-200
2.59032e-05
2.33995e-06
-200
2.31344e-05
-3.10339e-07
-200
1.87252e-05
5.30307e-07
-200
1.33058e-05
1.42467e-06
-200
7.7895e-06
-6.69625e-07
-200
9.85602e-07
-8.41697e-07
-200
-7.49565e-06
9.31911e-08
-200
-1.68247e-05
-3.82948e-08
-200
-2.77289e-05
-6.96568e-07
-200
-4.06109e-05
-4.04186e-07
-200
-5.54809e-05
-1.4248e-07
-200
-7.24633e-05
-4.18397e-07
-200
-9.2065e-05
-2.31168e-07
-200
-0.000114551
-1.05205e-07
-200
-0.000140341
1.5744e-07
-200
-0.000169839
6.41735e-08
1.24199e-05
-5.3169e-08
-200
2.59073e-05
-1.06416e-06
-200
2.10486e-05
1.12604e-06
-200
1.65959e-05
4.74454e-07
-200
1.11547e-05
-1.04619e-06
-200
5.05729e-06
6.01346e-07
-200
-1.0583e-06
5.66388e-07
-200
-8.58596e-06
-1.42374e-06
-200
-1.83047e-05
-4.50089e-07
-200
-2.97279e-05
-2.27008e-07
-200
-4.27631e-05
-1.98283e-07
-200
-5.78315e-05
-2.76417e-07
-200
-7.5261e-05
-1.95341e-07
-200
-9.53419e-05
-1.29114e-07
-200
-0.000118413
-5.7788e-08
-200
-0.000144918
-2.24968e-07
-200
-0.000175508
1.27969e-08
1.29102e-05
4.58025e-09
-200
1.62954e-06
-200
1.94167e-05
-1.23117e-06
-200
1.22628e-05
5.97505e-09
-200
5.25419e-06
1.62337e-06
-200
1.77494e-06
-1.5529e-07
-200
-2.74896e-06
-4.38684e-07
-200
-1.07095e-05
4.10229e-07
-200
-2.01298e-05
1.45981e-08
-200
-3.12919e-05
-4.95049e-07
-200
-4.44819e-05
-4.31308e-07
-200
-5.9838e-05
-2.34002e-07
-200
-7.74676e-05
-2.70773e-07
-200
-9.78528e-05
-2.57592e-07
-200
-0.000121398
-1.53338e-07
-200
-0.000148567
7.79473e-08
-200
-0.000179845
-3.75557e-08
1.32537e-05
-3.05321e-08
-200
1.22455e-05
1.29204e-06
-200
1.14726e-05
1.36787e-06
-200
1.24259e-05
1.56178e-06
-200
5.71599e-06
2.18356e-06
-200
-3.0518e-06
5.47639e-07
-200
-1.13665e-05
-1.07823e-06
-200
-2.13801e-05
-4.32064e-07
-200
-3.29196e-05
-1.79904e-07
-200
-4.61268e-05
-8.09978e-08
-200
-6.14207e-05
-3.3151e-07
-200
-7.92269e-05
-1.55733e-07
-200
-9.97669e-05
-1.28464e-07
-200
-0.000123489
-9.87665e-08
-200
-0.000150885
-2.96505e-07
-200
-0.000182649
-9.80352e-08
1.34308e-05
1.82061e-08
-200
1.16732e-05
1.92219e-07
-200
1.22039e-05
-3.02774e-07
-200
8.02062e-06
1.21152e-06
-200
2.85229e-06
-5.81675e-08
-200
-4.5174e-06
-5.28171e-07
-200
-1.31432e-05
4.46783e-07
-200
-2.2776e-05
-1.91695e-07
-200
-3.39262e-05
-5.50594e-07
-200
-4.71376e-05
-4.1397e-07
-200
-6.2532e-05
-2.27967e-07
-200
-8.02383e-05
-2.85776e-07
-200
-0.000100761
-2.26307e-07
-200
-0.000124552
-1.45824e-07
-200
-0.000152115
6.40837e-08
-200
-0.000183962
-5.15911e-08
1.34973e-05
-1.06631e-07
-200
8.2382e-06
1.87545e-06
-200
7.27892e-06
4.66398e-08
-200
6.34467e-06
-1.92215e-06
-200
9.33345e-07
-6.04672e-08
-200
-5.81306e-06
-9.28181e-08
-200
-1.37101e-05
-1.0572e-06
-200
-2.35781e-05
-6.60036e-07
-200
-3.49869e-05
-1.25598e-07
-200
-4.80186e-05
6.60793e-09
-200
-6.30965e-05
-3.24195e-07
-200
-8.06758e-05
-1.76645e-07
-200
-0.000101032
-7.98825e-08
-200
-0.000124585
-6.84389e-08
-200
-0.00015187
-2.95525e-07
-200
-0.000183595
-1.17621e-07
1.33794e-05
-2.33487e-08
-200
1.40409e-05
3.55408e-07
-200
1.25392e-05
-1.52332e-06
-200
6.09765e-06
8.88858e-07
-200
7.86747e-07
-1.18656e-06
-200
-6.3068e-06
-1.20187e-06
-200
-1.48761e-05
4.67892e-07
-200
-2.43471e-05
-3.67898e-07
-200
-3.52895e-05
-4.87239e-07
-200
-4.81537e-05
-3.22764e-07
-200
-6.30999e-05
-1.8974e-07
-200
-8.03348e-05
-1.88139e-07
-200
-0.000100301
-1.61216e-07
-200
-0.000123509
-7.88567e-08
-200
-0.000150449
7.98745e-08
-200
-0.000181649
-7.08789e-08
1.31384e-05
-7.508e-08
-200
1.41637e-05
-1.31598e-06
-200
1.10992e-05
-6.28242e-08
-200
6.64337e-06
-2.27178e-06
-200
9.06303e-08
3.81453e-08
-200
-6.8378e-06
-8.73343e-08
-200
-1.48066e-05
-9.2374e-07
-200
-2.4451e-05
-7.16344e-07
-200
-3.55116e-05
-1.16973e-07
-200
-4.80352e-05
5.69316e-08
-200
-6.24778e-05
-2.38785e-07
-200
-7.92758e-05
-1.7489e-07
-200
-9.87796e-05
-4.76991e-10
-200
-0.000121361
7.69753e-09
-200
-0.000147553
-2.24955e-07
-200
-0.000178069
-9.46302e-08
1.27607e-05
6.41694e-08
-200
1.47943e-05
-1.9112e-06
-200
1.11008e-05
-1.79187e-06
-200
5.50508e-06
1.29644e-06
-200
6.86392e-08
-8.4661e-07
-200
-7.13931e-06
-6.85995e-07
-200
-1.55931e-05
8.56098e-07
-200
-2.46223e-05
-2.22587e-07
-200
-3.50666e-05
-3.23357e-07
-200
-4.72946e-05
-6.96692e-08
-200
-6.12975e-05
-7.57078e-08
-200
-7.74559e-05
-8.12928e-08
-200
-9.62509e-05
-6.71178e-08
-200
-0.000118104
2.70683e-09
-200
-0.000143487
1.58656e-07
-200
-0.000172939
-3.71399e-08
1.22868e-05
1.59639e-08
-200
1.5469e-05
-1.84937e-06
-200
1.09356e-05
9.343e-08
-200
5.97836e-06
-1.58246e-06
-200
-5.98323e-07
5.06486e-07
-200
-7.50225e-06
2.11117e-07
-200
-1.51421e-05
-6.03641e-07
-200
-2.42429e-05
-2.86913e-07
-200
-3.45195e-05
1.16268e-07
-200
-4.60953e-05
-2.5437e-09
-200
-5.94342e-05
-1.31718e-07
-200
-7.49622e-05
4.31361e-08
-200
-9.29325e-05
6.35401e-08
-200
-0.000113806
6.64564e-08
-200
-0.000138032
-9.33425e-08
-200
-0.000166276
-7.86346e-09
1.17219e-05
5.7321e-08
-200
1.64664e-05
-1.73821e-06
-200
1.13568e-05
-1.62635e-06
-200
5.04344e-06
1.34659e-06
-200
-5.64786e-07
-5.37311e-07
-200
-7.61499e-06
-3.41349e-07
-200
-1.54677e-05
9.8131e-07
-200
-2.37376e-05
-2.02665e-08
-200
-3.32525e-05
-1.15238e-07
-200
-4.43056e-05
-5.85819e-08
-200
-5.69988e-05
3.48571e-08
-200
-7.16061e-05
-6.99201e-08
-200
-8.86336e-05
9.87392e-09
-200
-0.000108453
2.36689e-08
-200
-0.000131491
2.49743e-07
-200
-0.000158207
1.13236e-08
1.10783e-05
1.36955e-08
-200
1.86582e-05
-1.2505e-06
-200
1.15104e-05
-3.31105e-07
-200
5.52427e-06
-1.58091e-06
-200
-1.10043e-06
4.59913e-07
-200
-7.71125e-06
3.08464e-07
-200
-1.45898e-05
-4.72604e-07
-200
-2.26373e-05
-1.08666e-07
-200
-3.18386e-05
2.41209e-07
-200
-4.20751e-05
5.46751e-08
-200
-5.39009e-05
-8.0847e-08
-200
-6.7652e-05
7.76911e-08
-200
-8.36043e-05
1.09478e-07
-200
-0.000102153
5.76232e-08
-200
-0.000123707
-9.9465e-09
-200
-0.000148811
4.8614e-08
1.03562e-05
2.56452e-08
-200
1.62063e-05
-3.18853e-06
-200
1.03977e-05
-1.26086e-06
-200
4.47695e-06
6.05063e-07
-200
-9.84499e-07
-7.84572e-07
-200
-7.25768e-06
-7.44119e-07
-200
-1.42769e-05
7.95773e-07
-200
-2.161e-05
4.97894e-07
-200
-2.97716e-05
-5.04021e-08
-200
-3.93222e-05
5.45406e-08
-200
-5.02935e-05
4.78744e-08
-200
-6.29387e-05
3.37809e-09
-200
-7.77036e-05
4.43367e-08
-200
-9.49251e-05
2.91362e-08
-200
-0.000114952
2.44406e-07
-200
-0.000138133
-4.28085e-08
9.5563e-06
-3.07986e-09
-200
1.38967e-05
-8.36269e-07
-200
9.31723e-06
-9.31442e-07
-200
4.22043e-06
-1.35361e-06
-200
-1.49031e-06
7.39839e-08
-200
-7.06529e-06
2.31922e-07
-200
-1.29408e-05
-4.17819e-07
-200
-1.97622e-05
-8.08066e-08
-200
-2.75345e-05
2.70974e-07
-200
-3.61523e-05
1.31344e-07
-200
-4.60882e-05
-6.12849e-08
-200
-5.76916e-05
1.26734e-07
-200
-7.11721e-05
1.41112e-07
-200
-8.68483e-05
3.38623e-08
-200
-0.000105091
-4.80831e-08
-200
-0.000126283
-4.29792e-08
8.6752e-06
1.75557e-08
-200
1.25246e-05
-1.27508e-06
-200
7.94977e-06
-7.23229e-07
-200
3.24205e-06
5.99574e-08
-200
-1.27477e-06
-8.8833e-07
-200
-6.3702e-06
-5.70544e-07
-200
-1.20722e-05
6.48691e-07
-200
-1.807e-05
4.97082e-07
-200
-2.47278e-05
-2.29576e-08
-200
-3.25344e-05
1.23837e-07
-200
-4.14942e-05
1.63452e-07
-200
-5.18201e-05
1.1058e-07
-200
-6.39003e-05
1.0148e-07
-200
-7.79887e-05
6.34901e-08
-200
-9.43538e-05
1.0006e-07
-200
-0.000113284
-1.51978e-07
7.71843e-06
2.1904e-08
-200
1.14166e-05
-5.79041e-07
-200
7.30211e-06
-9.52761e-07
-200
3.12317e-06
-1.41679e-06
-200
-1.38258e-06
-2.74702e-07
-200
-5.80867e-06
1.89675e-07
-200
-1.04203e-05
-2.48179e-07
-200
-1.5763e-05
2.23806e-08
-200
-2.18853e-05
3.73402e-07
-200
-2.86245e-05
2.77356e-07
-200
-3.63873e-05
1.08218e-07
-200
-4.55013e-05
2.67047e-07
-200
-5.60871e-05
2.04912e-07
-200
-6.83778e-05
5.92999e-08
-200
-8.26273e-05
-1.68085e-07
-200
-9.91755e-05
-2.5959e-07
6.70108e-06
6.23045e-08
-200
1.07334e-05
-1.16181e-06
-200
6.18586e-06
-8.02053e-07
-200
2.42332e-06
-2.8824e-07
-200
-1.09119e-06
-7.8246e-07
-200
-4.89194e-06
-4.44472e-07
-200
-9.12263e-06
5.27816e-07
-200
-1.36413e-05
5.36613e-07
-200
-1.8589e-05
1.2592e-07
-200
-2.43948e-05
3.76389e-07
-200
-3.10689e-05
5.11179e-07
-200
-3.87203e-05
3.6906e-07
-200
-4.7667e-05
2.23089e-07
-200
-5.80628e-05
3.87878e-08
-200
-7.01076e-05
-8.42498e-08
-200
-8.40641e-05
-3.60384e-07
5.61522e-06
1.02739e-07
-200
8.76092e-06
-1.19553e-06
-200
5.17345e-06
-1.11278e-06
-200
2.12631e-06
-1.20243e-06
-200
-1.05921e-06
-4.2795e-07
-200
-4.17053e-06
1.60165e-07
-200
-7.39063e-06
-1.26517e-08
-200
-1.10732e-05
1.37791e-07
-200
-1.53242e-05
5.55273e-07
-200
-1.99606e-05
6.0686e-07
-200
-2.52795e-05
4.26809e-07
-200
-3.15386e-05
4.91226e-07
-200
-3.87737e-05
2.87443e-07
-200
-4.71166e-05
2.53478e-08
-200
-5.67603e-05
-2.88573e-07
-200
-6.79945e-05
-4.91379e-07
4.43908e-06
1.46858e-07
-200
6.49864e-06
-1.27646e-06
-200
3.71679e-06
-9.49937e-07
-200
1.41806e-06
-4.90845e-07
-200
-1.0544e-06
-5.32805e-07
-200
-3.31784e-06
-1.75511e-07
-200
-5.88041e-06
4.11481e-07
-200
-8.67087e-06
5.9281e-07
-200
-1.16951e-05
3.77228e-07
-200
-1.5248e-05
6.54803e-07
-200
-1.93158e-05
7.60737e-07
-200
-2.39953e-05
5.62379e-07
-200
-2.93946e-05
2.61737e-07
-200
-3.56085e-05
-2.42078e-08
-200
-4.27924e-05
-2.65975e-07
-200
-5.11705e-05
-5.65762e-07
3.17227e-06
1.83745e-07
-200
4.25128e-06
-1.20267e-06
-200
2.57402e-06
-9.41236e-07
-200
8.95585e-07
-1.07704e-06
-200
-9.24255e-07
-5.93092e-07
-200
-2.31809e-06
-3.63084e-08
-200
-3.99964e-06
3.49617e-08
-200
-5.76726e-06
1.17122e-07
-200
-7.88962e-06
5.09437e-07
-200
-1.02431e-05
6.39027e-07
-200
-1.2916e-05
5.68556e-07
-200
-1.60559e-05
4.60185e-07
-200
-1.96089e-05
1.65464e-07
-200
-2.36396e-05
-1.17443e-07
-200
-2.82984e-05
-4.39721e-07
-200
-3.37398e-05
-6.84862e-07
1.87094e-06
1.90779e-07
-200
1.8199e-06
-9.29812e-07
-200
1.18365e-06
-9.68069e-07
-200
7.88005e-08
-7.48361e-07
-200
-5.46564e-07
-5.38119e-07
-200
-1.12441e-06
-3.55662e-07
-200
-2.02962e-06
8.31008e-08
-200
-2.8474e-06
2.62409e-07
-200
-3.80274e-06
3.93933e-07
-200
-4.89568e-06
4.32586e-07
-200
-6.21416e-06
5.08632e-07
-200
-7.72844e-06
2.58554e-07
-200
-9.42474e-06
-9.67385e-09
-200
-1.13139e-05
-2.772e-07
-200
-1.35561e-05
-4.96526e-07
-200
-1.61236e-05
-7.55958e-07
7.72915e-07
1.75251e-07
-200
-1.34234e-06
-200
-9.76666e-07
-200
-8.58593e-07
-200
-7.68381e-07
-200
-1.56503e-07
-200
-1.57496e-08
-200
2.17166e-07
-200
4.02306e-07
-200
6.03572e-07
-200
5.68856e-07
-200
3.2326e-07
-200
9.82324e-08
-200
-8.84117e-08
-200
-3.73616e-07
-200
-6.48837e-07
1.75789e-07
-200
-1.8802e-06
-200
-1.02933e-05
-200
-1.97356e-05
-200
-3.05229e-05
-1.25468e-06
-200
-4.38162e-05
-5.30259e-07
-200
-5.86623e-05
-3.62569e-07
-200
-7.52989e-05
-1.98902e-07
-200
-9.39211e-05
2.6642e-07
-200
-0.000114507
4.02098e-07
-200
-0.000137712
5.81315e-07
9.22271e-06
-2.36377e-07
-200
2.39966e-05
1.88139e-06
-200
2.31396e-05
2.05652e-06
-200
2.05249e-05
1.99157e-06
-200
1.7007e-05
-1.07767e-07
-200
1.21804e-05
-6.38891e-08
-200
4.86981e-06
-1.23339e-06
-200
-3.25588e-06
-1.97457e-06
-200
-1.18815e-05
-1.04561e-06
-200
-2.12859e-05
-1.38759e-06
-200
-3.31243e-05
-8.6988e-07
-200
-4.70968e-05
-5.47588e-07
-200
-6.26278e-05
-2.28738e-07
-200
-8.01057e-05
-9.7722e-08
-200
-0.000100023
4.3108e-08
-200
-0.000122374
6.10304e-07
-200
-0.000147271
7.36433e-07
1.0305e-05
-1.47704e-07
-200
2.82947e-05
2.51814e-06
-200
2.58891e-05
1.67418e-06
-200
2.30304e-05
1.44724e-06
-200
1.85843e-05
1.73614e-06
-200
1.19034e-05
-3.09555e-07
-200
3.83217e-06
-4.81865e-07
-200
-3.96322e-06
-7.02937e-07
-200
-1.3081e-05
-1.04449e-06
-200
-2.355e-05
-1.30655e-06
-200
-3.60171e-05
-2.25617e-07
-200
-5.01008e-05
-5.99294e-07
-200
-6.648e-05
-5.24559e-07
-200
-8.48944e-05
-7.59913e-09
-200
-0.000105949
7.30385e-08
-200
-0.000129564
4.99563e-07
-200
-0.000156265
5.34723e-07
1.11256e-05
-1.58743e-07
-200
2.98744e-05
1.67089e-06
-200
2.7859e-05
2.03381e-06
-200
2.39604e-05
1.12975e-06
-200
1.81897e-05
9.76399e-08
-200
1.15553e-05
5.69658e-07
-200
3.42754e-06
-4.48051e-07
-200
-5.34231e-06
-1.41359e-06
-200
-1.49608e-05
-8.76622e-07
-200
-2.58045e-05
-2.32843e-07
-200
-3.85738e-05
-4.53709e-07
-200
-5.33545e-05
-6.62252e-08
-200
-7.02833e-05
-1.65875e-07
-200
-8.94023e-05
5.03591e-08
-200
-0.000111368
6.28136e-08
-200
-0.000136313
3.22562e-07
-200
-0.000164476
4.52886e-07
1.18354e-05
-3.13093e-08
-200
3.06366e-05
2.13295e-06
-200
2.7818e-05
4.3191e-07
-200
2.34141e-05
8.18668e-07
-200
1.76747e-05
8.87518e-07
-200
1.01673e-05
-6.08093e-07
-200
2.03437e-06
-4.27586e-07
-200
-6.60111e-06
-4.59456e-07
-200
-1.65451e-05
-4.29278e-07
-200
-2.7935e-05
-8.71989e-07
-200
-4.11553e-05
-3.32557e-08
-200
-5.61898e-05
-2.35741e-07
-200
-7.36645e-05
-4.46328e-07
-200
-9.34864e-05
-7.62721e-08
-200
-0.000116223
1.14309e-07
-200
-0.00014198
1.89362e-07
-200
-0.000171545
2.59421e-07
1.24778e-05
-6.30031e-08
-200
2.77925e-05
7.78603e-07
-200
2.69921e-05
1.01821e-06
-200
2.14973e-05
4.10888e-07
-200
1.48875e-05
-2.76639e-07
-200
8.13067e-06
5.50525e-07
-200
3.11277e-07
2.25166e-07
-200
-8.66947e-06
-1.11452e-06
-200
-1.85483e-05
-4.11004e-07
-200
-3.00858e-05
1.01591e-08
-200
-4.32771e-05
-4.78829e-07
-200
-5.89726e-05
-1.70533e-07
-200
-7.67117e-05
-1.30556e-07
-200
-9.69599e-05
-3.71924e-08
-200
-0.000120235
-2.24213e-08
-200
-0.000146913
4.68253e-08
-200
-0.000177379
1.48213e-07
1.29681e-05
2.86229e-08
-200
2.57185e-05
1.2241e-06
-200
2.27829e-05
-2.02148e-07
-200
1.76548e-05
3.02717e-07
-200
1.17126e-05
6.14216e-07
-200
5.23473e-06
-1.97644e-07
-200
-1.87779e-06
-1.45899e-07
-200
-1.02986e-05
-5.53839e-08
-200
-2.02746e-05
-1.57324e-08
-200
-3.22121e-05
-5.49205e-07
-200
-4.56237e-05
-3.52386e-08
-200
-6.11136e-05
-4.29144e-07
-200
-7.91377e-05
-3.55166e-07
-200
-9.97846e-05
-1.77914e-07
-200
-0.000123468
2.22785e-09
-200
-0.000150505
-5.27214e-09
-200
-0.000181766
2.09488e-08
1.33244e-05
-2.73911e-08
-200
9.38189e-07
-200
1.58014e-05
1.35467e-06
-200
1.20399e-05
5.41462e-07
-200
8.68478e-06
-1.22961e-07
-200
3.52455e-06
7.82736e-07
-200
-3.71215e-06
2.34187e-08
-200
-1.23915e-05
-6.67285e-07
-200
-2.23426e-05
-2.65539e-07
-200
-3.40377e-05
9.57474e-08
-200
-4.7388e-05
-3.67664e-07
-200
-6.31912e-05
-1.24165e-07
-200
-8.1159e-05
-5.25016e-08
-200
-0.000101849
-8.59466e-08
-200
-0.000125662
-1.13402e-07
-200
-0.000153106
-1.61253e-07
-200
-0.000184686
-5.7014e-08
1.34904e-05
4.17025e-08
-200
1.39043e-05
1.3781e-06
-200
1.09503e-05
7.17674e-07
-200
6.339e-06
-8.67473e-08
-200
1.11676e-06
-5.49864e-07
-200
-5.80666e-06
-3.5076e-07
-200
-1.39892e-05
2.18328e-07
-200
-2.38745e-05
-2.60721e-07
-200
-3.56371e-05
-6.81755e-07
-200
-4.9064e-05
-1.04995e-07
-200
-6.4465e-05
-3.55283e-07
-200
-8.23682e-05
-3.80638e-07
-200
-0.000103081
-1.9993e-07
-200
-0.000126906
-5.50682e-08
-200
-0.000154261
4.18377e-10
-200
-0.000185978
-9.8039e-08
1.35733e-05
-1.55118e-07
-200
6.99924e-06
-2.35066e-07
-200
5.72502e-06
-3.5622e-06
-200
4.04348e-06
-3.95877e-06
-200
-4.56113e-07
-9.69441e-07
-200
-7.27262e-06
-6.72659e-07
-200
-1.56332e-05
-8.1185e-07
-200
-2.54842e-05
-4.86222e-07
-200
-3.68341e-05
5.32194e-08
-200
-4.99731e-05
-3.48311e-07
-200
-6.53737e-05
-2.91482e-07
-200
-8.30337e-05
-3.90336e-08
-200
-0.000103416
-8.13817e-08
-200
-0.000126956
-1.27155e-07
-200
-0.000154199
-2.66408e-07
-200
-0.000185671
-1.64365e-07
1.3441e-05
2.17732e-08
-200
1.45231e-05
-4.95114e-07
-200
1.0795e-05
-3.86469e-06
-200
5.39641e-06
-3.00655e-06
-200
-1.07924e-06
-2.38904e-06
-200
-8.17887e-06
-1.43968e-06
-200
-1.6524e-05
8.23769e-08
-200
-2.62316e-05
-6.23677e-07
-200
-3.76198e-05
-7.58012e-07
-200
-5.06377e-05
-1.36633e-07
-200
-6.54716e-05
-2.97671e-07
-200
-8.27476e-05
-3.01423e-07
-200
-0.000102796
-1.84315e-07
-200
-0.000125928
-3.81646e-08
-200
-0.000152573
-1.03239e-07
-200
-0.000183619
-1.32841e-07
1.31752e-05
-1.04595e-07
-200
1.54155e-05
-2.75537e-06
-200
1.08393e-05
-4.20855e-06
-200
5.25292e-06
-4.74089e-06
-200
-1.06653e-06
-1.64966e-06
-200
-8.56899e-06
-9.12219e-07
-200
-1.74384e-05
-8.46677e-07
-200
-2.70839e-05
-5.62069e-07
-200
-3.79225e-05
-9.16762e-08
-200
-5.0425e-05
-3.98605e-07
-200
-6.50257e-05
-3.01756e-07
-200
-8.18079e-05
-7.7262e-08
-200
-0.000101195
-6.59664e-08
-200
-0.000123655
-1.02284e-07
-200
-0.000149739
-2.24443e-07
-200
-0.00017998
-1.58626e-07
1.28054e-05
8.85487e-08
-200
1.69319e-05
-4.46525e-06
-200
1.06036e-05
-3.55019e-06
-200
5.29927e-06
-1.18797e-06
-200
-1.82189e-06
-1.53355e-06
-200
-9.23996e-06
-6.64119e-07
-200
-1.76684e-05
2.7931e-07
-200
-2.6963e-05
-6.11669e-07
-200
-3.77226e-05
-7.08686e-07
-200
-4.98579e-05
-3.03238e-08
-200
-6.37264e-05
-2.44738e-07
-200
-7.98549e-05
-2.58246e-07
-200
-9.86111e-05
-1.4622e-07
-200
-0.000120302
-6.44545e-09
-200
-0.000145365
-3.41712e-08
-200
-0.000174679
-1.1689e-07
1.23422e-05
-3.82141e-10
-200
1.67199e-05
-2.66049e-06
-200
1.02236e-05
-9.72991e-07
-200
4.2128e-06
-1.6694e-06
-200
-2.16667e-06
-3.06184e-07
-200
-9.66549e-06
-2.88501e-07
-200
-1.80559e-05
-5.30135e-07
-200
-2.70645e-05
-8.83833e-08
-200
-3.70535e-05
6.09895e-08
-200
-4.84948e-05
-3.83325e-07
-200
-6.18562e-05
-2.90984e-07
-200
-7.72316e-05
6.98296e-08
-200
-9.50526e-05
-7.061e-08
-200
-0.000115777
-9.059e-08
-200
-0.000139919
-1.51865e-08
-200
-0.000167925
-5.16076e-08
1.17883e-05
4.38841e-08
-200
1.63762e-05
-2.21722e-06
-200
9.5214e-06
-1.3089e-06
-200
3.91568e-06
2.54623e-07
-200
-2.99103e-06
-5.47646e-07
-200
-1.01444e-05
-1.54637e-07
-200
-1.77586e-05
5.20259e-07
-200
-2.61732e-05
-3.86643e-07
-200
-3.58346e-05
-5.16604e-07
-200
-4.67633e-05
1.8997e-08
-200
-5.9143e-05
-2.26487e-07
-200
-7.36841e-05
-2.19676e-07
-200
-9.06147e-05
-9.85529e-08
-200
-0.000110298
-1.3877e-08
-200
-0.000133076
1.12731e-07
-200
-0.000159712
-4.07878e-08
1.11501e-05
-2.49124e-08
-200
1.6718e-05
-1.31788e-06
-200
9.30539e-06
-5.56663e-07
-200
2.94002e-06
-1.10048e-06
-200
-3.16772e-06
3.49057e-08
-200
-1.00085e-05
-3.52363e-07
-200
-1.74448e-05
-3.75107e-07
-200
-2.54115e-05
6.71679e-08
-200
-3.41704e-05
2.07239e-07
-200
-4.42041e-05
-4.27991e-07
-200
-5.6029e-05
-6.53659e-08
-200
-6.95484e-05
1.15186e-07
-200
-8.53255e-05
-4.26254e-08
-200
-0.000103794
-1.25052e-07
-200
-0.000125334
1.08939e-07
-200
-0.000150256
3.29891e-08
1.04243e-05
-1.07453e-08
-200
1.7461e-05
-1.79676e-06
-200
8.83026e-06
-1.02146e-06
-200
2.7667e-06
-1.82554e-07
-200
-3.53237e-06
-1.06185e-06
-200
-9.88745e-06
-6.44409e-07
-200
-1.64207e-05
3.66828e-07
-200
-2.36139e-05
1.78514e-08
-200
-3.20002e-05
-4.27384e-07
-200
-4.14873e-05
2.79703e-07
-200
-5.20904e-05
-1.92207e-07
-200
-6.46232e-05
-9.13287e-08
-200
-7.93334e-05
8.95072e-10
-200
-9.65038e-05
-3.11252e-08
-200
-0.00011638
1.53094e-07
-200
-0.000139532
-8.35158e-08
9.61686e-06
-5.19952e-08
-200
1.38128e-05
-1.06499e-06
-200
7.35555e-06
-1.31899e-06
-200
1.66292e-06
-1.09822e-06
-200
-3.45177e-06
-5.297e-07
-200
-9.1651e-06
-3.99997e-07
-200
-1.53489e-05
-4.2119e-07
-200
-2.19833e-05
-5.7886e-08
-200
-2.9428e-05
2.17128e-07
-200
-3.79292e-05
-3.50052e-07
-200
-4.78806e-05
4.2419e-08
-200
-5.92587e-05
2.37567e-07
-200
-7.26099e-05
6.29364e-08
-200
-8.8322e-05
-1.61353e-07
-200
-0.000106605
4.19055e-08
-200
-0.000127664
-1.04803e-07
8.71731e-06
-1.34465e-08
-200
1.18057e-05
-1.70853e-06
-200
6.2479e-06
-1.22811e-06
-200
1.47652e-06
-1.03528e-06
-200
-3.5069e-06
-1.13839e-06
-200
-8.49466e-06
-5.83643e-07
-200
-1.37091e-05
1.74645e-07
-200
-1.95118e-05
-1.03726e-08
-200
-2.6483e-05
-4.02577e-07
-200
-3.43439e-05
3.85869e-07
-200
-4.29478e-05
-7.23013e-09
-200
-5.32535e-05
1.10803e-07
-200
-6.53562e-05
2.25264e-07
-200
-7.94423e-05
-3.74096e-09
-200
-9.57124e-05
-3.18253e-08
-200
-0.000114587
-3.02189e-07
7.74907e-06
-3.07907e-09
-200
1.08547e-05
-1.26366e-06
-200
5.48018e-06
-1.75873e-06
-200
1.01196e-06
-1.63768e-06
-200
-2.84719e-06
-1.09334e-06
-200
-7.24182e-06
-5.54466e-07
-200
-1.19986e-05
-4.65556e-07
-200
-1.72977e-05
-3.49601e-08
-200
-2.32293e-05
2.89603e-07
-200
-3.00264e-05
-1.07408e-07
-200
-3.7848e-05
3.33933e-07
-200
-4.68428e-05
4.26062e-07
-200
-5.73688e-05
1.61042e-07
-200
-6.96758e-05
-1.59381e-07
-200
-8.39758e-05
-2.35968e-07
-200
-0.000100396
-4.93325e-07
6.71184e-06
6.48172e-08
-200
1.02288e-05
-1.81047e-06
-200
4.88543e-06
-1.52606e-06
-200
1.33268e-06
-1.50012e-06
-200
-2.3744e-06
-1.29284e-06
-200
-6.09523e-06
-7.45387e-07
-200
-1.00524e-05
6.16219e-09
-200
-1.44696e-05
3.31607e-08
-200
-1.97522e-05
-1.04625e-07
-200
-2.56965e-05
6.50277e-07
-200
-3.20742e-05
4.45587e-07
-200
-3.9795e-05
3.72314e-07
-200
-4.88225e-05
2.46618e-07
-200
-5.92501e-05
-3.26436e-08
-200
-7.12e-05
-3.8145e-07
-200
-8.50812e-05
-7.19787e-07
5.62301e-06
1.22605e-07
-200
9.24254e-06
-1.75322e-06
-200
4.47884e-06
-2.00942e-06
-200
1.25564e-06
-1.74772e-06
-200
-1.58185e-06
-1.28705e-06
-200
-4.67987e-06
-6.87124e-07
-200
-8.17705e-06
-3.91169e-07
-200
-1.18337e-05
1.24495e-08
-200
-1.60251e-05
5.03718e-07
-200
-2.07015e-05
3.23356e-07
-200
-2.61051e-05
6.5256e-07
-200
-3.23669e-05
6.25953e-07
-200
-3.96044e-05
1.42593e-07
-200
-4.79768e-05
-2.64019e-07
-200
-5.76357e-05
-5.88766e-07
-200
-6.88067e-05
-9.4206e-07
4.44071e-06
2.04195e-07
-200
7.19145e-06
-2.22592e-06
-200
3.78994e-06
-1.80494e-06
-200
1.43824e-06
-1.58824e-06
-200
-1.06545e-06
-1.31413e-06
-200
-3.606e-06
-6.2314e-07
-200
-6.09994e-06
-1.42587e-07
-200
-8.8435e-06
1.50846e-07
-200
-1.20589e-05
2.49928e-07
-200
-1.56894e-05
8.48004e-07
-200
-1.96509e-05
7.91545e-07
-200
-2.43956e-05
5.31703e-07
-200
-2.99312e-05
1.77498e-07
-200
-3.61506e-05
-2.64063e-07
-200
-4.33088e-05
-6.97941e-07
-200
-5.16848e-05
-1.09703e-06
3.15848e-06
2.53163e-07
-200
4.68916e-06
-1.84809e-06
-200
2.74366e-06
-1.72354e-06
-200
1.03832e-06
-1.77755e-06
-200
-6.8481e-07
-1.27804e-06
-200
-2.32674e-06
-7.99198e-07
-200
-4.09752e-06
-3.81845e-07
-200
-5.92612e-06
-3.85144e-08
-200
-8.03287e-06
5.4828e-07
-200
-1.03014e-05
5.81818e-07
-200
-1.30431e-05
7.53131e-07
-200
-1.62353e-05
5.64036e-07
-200
-1.98037e-05
-1.16093e-07
-200
-2.38706e-05
-4.16903e-07
-200
-2.85938e-05
-8.38622e-07
-200
-3.40394e-05
-1.23593e-06
1.86655e-06
2.75956e-07
-200
1.96055e-06
-1.54995e-06
-200
1.15155e-06
-1.44181e-06
-200
3.49615e-07
-1.39962e-06
-200
-4.42593e-07
-1.24039e-06
-200
-1.35511e-06
-5.9005e-07
-200
-2.10665e-06
-2.50089e-07
-200
-2.95135e-06
2.20053e-07
-200
-3.91888e-06
3.82318e-07
-200
-5.06538e-06
7.72021e-07
-200
-6.30448e-06
7.40117e-07
-200
-7.85013e-06
3.28009e-07
-200
-9.56586e-06
-1.4671e-07
-200
-1.15113e-05
-4.13816e-07
-200
-1.37275e-05
-8.94082e-07
-200
-1.6284e-05
-1.28183e-06
7.47501e-07
2.69179e-07
-200
-2.33648e-06
-200
-1.81184e-06
-200
-1.72657e-06
-200
-1.32995e-06
-200
-8.47835e-07
-200
-3.5489e-07
-200
1.998e-08
-200
5.06714e-07
-200
7.85004e-07
-200
7.97025e-07
-200
4.60484e-07
-200
2.45683e-08
-200
-2.77646e-07
-200
-7.00432e-07
-200
-1.12545e-06
2.4215e-07
-200
-3.1012e-05
-200
-4.4087e-05
-200
-5.85496e-05
-1.45673e-07
-200
-7.51761e-05
-2.12912e-07
-200
-9.3602e-05
3.48397e-07
-200
-0.000114505
7.77643e-07
-200
-0.00013768
6.34992e-07
9.21242e-06
-1.93309e-07
-200
2.40506e-05
2.04839e-06
-200
2.29195e-05
1.89423e-06
-200
2.03057e-05
1.79213e-06
-200
1.6212e-05
1.01932e-06
-200
1.12392e-05
3.4982e-07
-200
5.11123e-06
-9.20368e-07
-200
-2.26748e-06
-9.71342e-07
-200
-1.09423e-05
-6.27744e-07
-200
-2.13973e-05
-1.45099e-06
-200
-3.38633e-05
8.98331e-09
-200
-4.67349e-05
-4.59553e-07
-200
-6.21548e-05
-7.05907e-07
-200
-8.00814e-05
1.07524e-07
-200
-0.000100271
7.78627e-07
-200
-0.000122524
9.09405e-07
-200
-0.000147461
1.10247e-06
1.02847e-05
-1.20309e-07
-200
2.73836e-05
2.28904e-06
-200
2.52074e-05
1.86859e-06
-200
2.22933e-05
1.58931e-06
-200
1.79902e-05
1.01817e-06
-200
1.17555e-05
4.48861e-07
-200
4.60729e-06
2.64753e-07
-200
-2.96925e-06
-4.59367e-07
-200
-1.25417e-05
-4.9982e-07
-200
-2.37846e-05
-1.28407e-07
-200
-3.58647e-05
-4.97356e-07
-200
-4.99413e-05
-6.92419e-07
-200
-6.66158e-05
2.93358e-07
-200
-8.49534e-05
4.52817e-07
-200
-0.000106121
2.51713e-07
-200
-0.000129818
6.1215e-07
-200
-0.000156423
5.7831e-07
1.10634e-05
-1.18694e-07
-200
2.87616e-05
2.26959e-06
-200
2.70204e-05
1.55699e-06
-200
2.31504e-05
1.15605e-06
-200
1.78021e-05
8.95255e-07
-200
1.16408e-05
5.77434e-07
-200
4.051e-06
-3.76651e-07
-200
-4.77071e-06
-2.0858e-07
-200
-1.4401e-05
-1.81035e-07
-200
-2.54196e-05
-7.09162e-07
-200
-3.84687e-05
5.95417e-09
-200
-5.31341e-05
4.027e-07
-200
-6.9929e-05
-5.71639e-07
-200
-8.93981e-05
1.76003e-07
-200
-0.000111662
4.12063e-07
-200
-0.00013654
5.61263e-07
-200
-0.000164718
7.19768e-07
1.17869e-05
-3.52206e-09
-200
2.93792e-05
1.79275e-06
-200
2.68894e-05
1.15219e-06
-200
2.26499e-05
9.75007e-07
-200
1.72351e-05
4.70882e-07
-200
1.0157e-05
1.88977e-07
-200
2.38957e-06
3.03754e-07
-200
-6.01918e-06
-6.01515e-07
-200
-1.62115e-05
-4.56453e-07
-200
-2.77467e-05
7.91937e-08
-200
-4.06475e-05
-3.64856e-07
-200
-5.60214e-05
-2.0538e-07
-200
-7.36452e-05
1.39141e-07
-200
-9.35463e-05
2.4632e-07
-200
-0.000116239
5.1271e-08
-200
-0.000142167
1.92901e-07
-200
-0.000171738
3.06683e-07
1.24539e-05
-2.97948e-08
-200
2.77792e-05
1.68754e-06
-200
2.57355e-05
8.36179e-07
-200
2.07968e-05
4.13998e-07
-200
1.47414e-05
4.58986e-07
-200
8.39211e-06
3.56714e-07
-200
7.63233e-07
-5.70109e-08
-200
-8.3526e-06
-1.56637e-07
-200
-1.8208e-05
4.17093e-08
-200
-2.95888e-05
-4.47473e-07
-200
-4.31949e-05
-6.88139e-08
-200
-5.86495e-05
1.60035e-07
-200
-7.63012e-05
-5.76647e-07
-200
-9.68628e-05
-1.01558e-07
-200
-0.000120408
2.20836e-07
-200
-0.000147057
2.80608e-07
-200
-0.0001776
3.58361e-07
1.29787e-05
3.68808e-08
-200
2.58481e-05
9.50699e-07
-200
2.22474e-05
5.08323e-07
-200
1.69822e-05
5.23651e-07
-200
1.18342e-05
4.77456e-09
-200
5.43048e-06
2.43323e-07
-200
-1.726e-06
2.41584e-07
-200
-1.00642e-05
-4.40722e-07
-200
-2.00078e-05
-1.1846e-07
-200
-3.1754e-05
4.26884e-08
-200
-4.5186e-05
-2.16746e-07
-200
-6.10961e-05
-4.18902e-07
-200
-7.91463e-05
1.99352e-07
-200
-9.98166e-05
1.02564e-07
-200
-0.000123396
-1.202e-07
-200
-0.000150581
-6.15423e-08
-200
-0.000181903
2.3855e-08
1.3337e-05
-1.53705e-09
-200
2.21538e-05
1.9123e-06
-200
1.78177e-05
1.99129e-07
-200
1.21301e-05
-2.77012e-07
-200
7.37212e-06
1.11514e-07
-200
2.57997e-06
1.43642e-07
-200
-4.03774e-06
-2.03137e-07
-200
-1.25354e-05
1.15351e-08
-200
-2.17549e-05
-8.10101e-08
-200
-3.36435e-05
-1.45045e-07
-200
-4.7333e-05
-4.01928e-08
-200
-6.29678e-05
1.46608e-07
-200
-8.07845e-05
-5.5371e-07
-200
-0.000101742
-1.89711e-07
-200
-0.000125774
9.88116e-08
-200
-0.000153181
4.56556e-08
-200
-0.000184796
5.71287e-08
1.35212e-05
2.40151e-08
-200
1.91328e-05
8.48643e-07
-200
1.14746e-05
1.66137e-07
-200
4.65171e-06
-9.802e-08
-200
1.86684e-06
-5.29231e-07
-200
-6.74191e-07
-4.48845e-07
-200
-6.32721e-06
-1.85031e-07
-200
-1.40954e-05
-2.21648e-07
-200
-2.34843e-05
-3.30235e-07
-200
-3.54325e-05
-1.55262e-07
-200
-4.86935e-05
-3.48393e-07
-200
-6.44349e-05
-4.76534e-07
-200
-8.25052e-05
2.35615e-07
-200
-0.000103116
6.92478e-09
-200
-0.000126788
-2.17428e-07
-200
-0.000154231
-7.82182e-08
-200
-0.000186006
-2.0289e-07
1.35238e-05
-5.97569e-08
-200
2.06961e-06
-200
7.92645e-06
6.80892e-07
-200
6.55805e-06
-1.16109e-06
-200
2.48441e-06
-1.72252e-06
-200
-1.44164e-06
-1.48125e-06
-200
-7.54585e-06
-1.0634e-06
-200
-1.5856e-05
-3.50069e-07
-200
-2.50498e-05
-2.00263e-07
-200
-3.65918e-05
-3.65571e-07
-200
-5.00179e-05
-4.91277e-08
-200
-6.5225e-05
-1.22516e-07
-200
-8.27467e-05
-5.86721e-07
-200
-0.00010333
-2.31904e-07
-200
-0.000127029
3.58886e-08
-200
-0.000154198
-1.01009e-07
-200
-0.000185692
-6.75556e-08
1.34243e-05
-2.09017e-08
-200
1.06331e-05
1.17568e-06
-200
8.78993e-06
-7.77345e-07
-200
5.0727e-06
-3.40408e-06
-200
-1.09758e-06
-3.54341e-06
-200
-8.24986e-06
-1.40784e-06
-200
-1.63462e-05
-7.65703e-07
-200
-2.61082e-05
-7.19605e-07
-200
-3.74921e-05
-4.63951e-07
-200
-5.03286e-05
-4.94163e-07
-200
-6.54359e-05
-5.33969e-07
-200
-8.29396e-05
2.45877e-07
-200
-0.000102839
-6.48042e-08
-200
-0.000125783
-2.32765e-07
-200
-0.000152497
-2.28741e-07
-200
-0.000183552
-2.73529e-07
1.31592e-05
-5.457e-08
-200
1.3599e-05
7.95705e-07
-200
1.23358e-05
-1.54965e-06
-200
7.94782e-06
-3.99236e-06
-200
9.26441e-08
-4.02332e-06
-200
-8.15177e-06
-1.85663e-06
-200
-1.73349e-05
-5.68417e-07
-200
-2.6727e-05
-4.59666e-07
-200
-3.77301e-05
-6.72024e-07
-200
-5.05821e-05
-1.56109e-07
-200
-6.50003e-05
-9.82382e-08
-200
-8.16116e-05
-6.35588e-07
-200
-0.000101116
-2.89607e-07
-200
-0.000123681
-8.89229e-10
-200
-0.000149683
-1.12136e-07
-200
-0.000179935
-5.63524e-08
1.28233e-05
3.46324e-08
-200
1.80598e-05
-2.59627e-06
-200
1.31996e-05
-2.39773e-06
-200
6.8539e-06
-3.93337e-06
-200
-8.15476e-07
-2.45558e-06
-200
-8.92059e-06
-9.71118e-07
-200
-1.73456e-05
-7.19036e-07
-200
-2.70173e-05
-8.22298e-07
-200
-3.77081e-05
-5.16706e-07
-200
-4.96666e-05
-5.647e-07
-200
-6.37897e-05
-5.70902e-07
-200
-8.01271e-05
2.21199e-07
-200
-9.86614e-05
-5.04942e-08
-200
-0.000120125
-2.14023e-07
-200
-0.000145268
-1.9404e-07
-200
-0.000174555
-2.19845e-07
1.23712e-05
-4.11062e-08
-200
1.76264e-05
-3.34058e-06
-200
1.098e-05
-3.08233e-06
-200
4.59182e-06
-2.08913e-06
-200
-1.84671e-06
-1.5745e-06
-200
-9.48625e-06
-1.06663e-06
-200
-1.80558e-05
-3.12483e-07
-200
-2.68747e-05
-1.9946e-07
-200
-3.69175e-05
-6.60199e-07
-200
-4.87446e-05
-2.05374e-07
-200
-6.19398e-05
-1.3406e-07
-200
-7.70692e-05
-5.66989e-07
-200
-9.49342e-05
-3.83624e-07
-200
-0.000115748
9.03968e-09
-200
-0.000139814
-1.51871e-08
-200
-0.000167849
2.32753e-08
1.18318e-05
-2.28286e-08
-200
1.71205e-05
-2.43702e-06
-200
9.21367e-06
-1.0561e-06
-200
3.58743e-06
-1.18037e-06
-200
-3.08874e-06
-8.09308e-07
-200
-1.02392e-05
-3.26823e-07
-200
-1.77003e-05
-4.42609e-07
-200
-2.63862e-05
-7.03188e-07
-200
-3.59737e-05
-2.56581e-07
-200
-4.66642e-05
-5.81812e-07
-200
-5.92699e-05
-5.96445e-07
-200
-7.38893e-05
2.19325e-07
-200
-9.06358e-05
-1.33767e-08
-200
-0.000110112
-1.74615e-07
-200
-0.00013302
-5.52998e-08
-200
-0.000159654
-1.25673e-07
1.11957e-05
-1.00937e-07
-200
1.72838e-05
-1.27597e-06
-200
8.77694e-06
-1.00473e-06
-200
2.25202e-06
-7.15768e-07
-200
-3.70747e-06
-6.91271e-07
-200
-1.02985e-05
-9.37638e-07
-200
-1.76632e-05
-2.56468e-07
-200
-2.53657e-05
-1.65969e-07
-200
-3.41438e-05
-5.16258e-07
-200
-4.44884e-05
-3.737e-07
-200
-5.60212e-05
8.6856e-08
-200
-6.93116e-05
-4.18293e-07
-200
-8.51698e-05
-4.12819e-07
-200
-0.000103823
8.67067e-09
-200
-0.000125306
4.39048e-08
-200
-0.000150312
6.60517e-08
1.04584e-05
-8.65768e-08
-200
1.79505e-05
-3.61003e-07
-200
8.28172e-06
-7.00068e-07
-200
1.91787e-06
-9.84117e-07
-200
-4.20496e-06
-1.10229e-06
-200
-1.02878e-05
-6.17531e-07
-200
-1.65393e-05
-4.85172e-07
-200
-2.38562e-05
-5.59068e-07
-200
-3.21263e-05
-2.84674e-07
-200
-4.12539e-05
-3.06173e-07
-200
-5.20012e-05
-5.74941e-07
-200
-6.46214e-05
2.29777e-07
-200
-7.93052e-05
8.78578e-08
-200
-9.64123e-05
-2.37823e-07
-200
-0.000116444
-3.84066e-08
-200
-0.000139675
-1.68219e-07
9.63215e-06
-1.30305e-07
-200
1.40441e-05
-1.1212e-06
-200
6.84608e-06
-1.4631e-06
-200
1.12381e-06
-1.12069e-06
-200
-4.07367e-06
-1.01195e-06
-200
-9.51147e-06
-9.41158e-07
-200
-1.55298e-05
-4.76402e-07
-200
-2.19834e-05
-3.62602e-07
-200
-2.93666e-05
-4.65863e-07
-200
-3.79563e-05
-4.06072e-07
-200
-4.75886e-05
1.76193e-07
-200
-5.88984e-05
-1.99496e-07
-200
-7.2336e-05
-4.17125e-07
-200
-8.84504e-05
-9.10534e-08
-200
-0.000106782
-5.27263e-09
-200
-0.000127925
-1.23204e-07
8.70505e-06
-7.56885e-08
-200
1.17863e-05
-1.75298e-06
-200
5.81363e-06
-1.55903e-06
-200
9.76992e-07
-1.64273e-06
-200
-3.82321e-06
-1.22645e-06
-200
-8.63473e-06
-7.4173e-07
-200
-1.36987e-05
-6.44339e-07
-200
-1.97336e-05
-6.02245e-07
-200
-2.65179e-05
-3.66247e-07
-200
-3.3821e-05
-1.23567e-07
-200
-4.2548e-05
-5.06114e-07
-200
-5.30455e-05
3.00755e-07
-200
-6.51842e-05
2.61514e-07
-200
-7.94551e-05
-2.52329e-07
-200
-9.59359e-05
-2.4723e-07
-200
-0.000114888
-4.41844e-07
7.71538e-06
-6.80862e-08
-200
1.05355e-05
-1.59209e-06
-200
5.08014e-06
-2.05338e-06
-200
8.38657e-07
-1.73144e-06
-200
-3.09865e-06
-1.47843e-06
-200
-7.27341e-06
-1.16239e-06
-200
-1.2076e-05
-6.74575e-07
-200
-1.71995e-05
-4.46357e-07
-200
-2.30384e-05
-5.27903e-07
-200
-2.97287e-05
-1.7372e-07
-200
-3.73447e-05
4.06532e-07
-200
-4.63853e-05
9.72385e-09
-200
-5.72068e-05
-2.01137e-07
-200
-6.98449e-05
-2.45736e-07
-200
-8.42387e-05
-3.08976e-07
-200
-0.000100746
-5.58786e-07
6.65747e-06
3.49614e-09
-200
9.48369e-06
-1.95064e-06
-200
4.87547e-06
-2.02508e-06
-200
1.28004e-06
-2.05411e-06
-200
-2.30213e-06
-1.54561e-06
-200
-6.04181e-06
-1.04189e-06
-200
-9.92662e-06
-8.13833e-07
-200
-1.44247e-05
-7.68907e-07
-200
-1.96577e-05
-1.86638e-07
-200
-2.50239e-05
1.6529e-07
-200
-3.16299e-05
2.8952e-08
-200
-3.96088e-05
4.23343e-07
-200
-4.86806e-05
-5.16912e-08
-200
-5.93072e-05
-2.73516e-07
-200
-7.14252e-05
-6.02401e-07
-200
-8.53703e-05
-9.06751e-07
5.56956e-06
4.15239e-08
-200
8.59632e-06
-1.89387e-06
-200
4.66247e-06
-2.25046e-06
-200
1.55393e-06
-1.98878e-06
-200
-1.44934e-06
-1.68903e-06
-200
-4.66243e-06
-1.35577e-06
-200
-7.99929e-06
-9.06625e-07
-200
-1.17367e-05
-4.02554e-07
-200
-1.57072e-05
-2.89861e-07
-200
-2.03298e-05
4.65801e-08
-200
-2.57781e-05
5.6284e-07
-200
-3.21005e-05
1.83099e-07
-200
-3.95373e-05
-2.17448e-07
-200
-4.8131e-05
-4.35161e-07
-200
-5.78435e-05
-7.0316e-07
-200
-6.90676e-05
-1.04688e-06
4.39873e-06
1.20529e-07
-200
7.53742e-06
-2.20428e-06
-200
4.29725e-06
-2.11819e-06
-200
1.86305e-06
-2.09956e-06
-200
-7.79379e-07
-1.77056e-06
-200
-3.39422e-06
-1.20288e-06
-200
-5.91405e-06
-9.8537e-07
-200
-8.7689e-06
-6.47642e-07
-200
-1.19191e-05
8.98937e-09
-200
-1.53354e-05
3.88094e-07
-200
-1.9482e-05
3.54646e-07
-200
-2.44042e-05
3.52827e-07
-200
-2.99529e-05
-3.17897e-08
-200
-3.62601e-05
-5.1042e-07
-200
-4.34485e-05
-8.97309e-07
-200
-5.18455e-05
-1.27276e-06
3.13122e-06
1.47713e-07
-200
4.99779e-06
-1.9094e-06
-200
3.21287e-06
-2.01493e-06
-200
1.45719e-06
-2.01221e-06
-200
-4.21469e-07
-1.6725e-06
-200
-2.23518e-06
-1.44072e-06
-200
-3.979e-06
-1.05688e-06
-200
-5.91875e-06
-4.14517e-07
-200
-7.89469e-06
-5.82455e-08
-200
-1.02743e-05
2.89626e-07
-200
-1.3066e-05
5.30002e-07
-200
-1.62317e-05
1.73575e-07
-200
-1.98885e-05
-4.60612e-07
-200
-2.40051e-05
-6.12799e-07
-200
-2.86996e-05
-9.52049e-07
-200
-3.41352e-05
-1.3367e-06
1.8558e-06
1.66571e-07
-200
2.32515e-06
-1.80391e-06
-200
1.5313e-06
-1.69061e-06
-200
6.2919e-07
-1.72622e-06
-200
-2.37796e-07
-1.64165e-06
-200
-1.19684e-06
-1.19388e-06
-200
-2.01142e-06
-7.79336e-07
-200
-2.97703e-06
-3.33669e-07
-200
-3.94903e-06
9.66296e-08
-200
-5.0112e-06
4.88288e-07
-200
-6.42418e-06
4.44022e-07
-200
-7.96492e-06
1.62143e-07
-200
-9.71764e-06
-2.89776e-07
-200
-1.15828e-05
-5.61497e-07
-200
-1.37926e-05
-9.97735e-07
-200
-1.63136e-05
-1.33097e-06
7.20801e-07
1.4649e-07
-200
-2.62386e-06
-200
-2.26097e-06
-200
-2.24057e-06
-200
-1.81549e-06
-200
-1.51811e-06
-200
-9.42995e-07
-200
-5.23695e-07
-200
1.0998e-07
-200
4.3598e-07
-200
4.88173e-07
-200
2.09814e-07
-200
-2.36203e-07
-200
-4.98654e-07
-200
-8.13446e-07
-200
-1.18174e-06
1.0108e-07
-200
-5.88959e-05
-200
-7.54225e-05
-200
-9.4124e-05
-200
-0.000114428
1.16362e-06
-200
-0.000137772
4.92336e-07
9.18712e-06
-3.57525e-08
-200
2.39509e-05
2.02745e-06
-200
2.27209e-05
1.89467e-06
-200
1.99591e-05
1.70956e-06
-200
1.60802e-05
1.4054e-06
-200
1.09635e-05
1.01459e-06
-200
4.59953e-06
5.68411e-07
-200
-2.76586e-06
3.92329e-07
-200
-1.12939e-05
3.56878e-07
-200
-2.09214e-05
-3.73603e-07
-200
-3.25807e-05
5.44912e-07
-200
-4.70183e-05
3.64403e-07
-200
-6.29537e-05
-2.28167e-07
-200
-8.01835e-05
6.51202e-07
-200
-0.000100294
1.0925e-06
-200
-0.000122521
5.48183e-07
-200
-0.000147562
9.74754e-07
1.03316e-05
-3.68953e-08
-200
2.59609e-05
2.20684e-06
-200
2.51752e-05
1.83282e-06
-200
2.18917e-05
1.61436e-06
-200
1.72799e-05
1.34734e-06
-200
1.14732e-05
1.03085e-06
-200
4.64332e-06
7.7639e-07
-200
-3.38496e-06
4.11118e-07
-200
-1.23623e-05
4.8337e-07
-200
-2.2656e-05
6.57141e-07
-200
-3.52323e-05
4.46342e-08
-200
-5.01702e-05
2.73969e-07
-200
-6.64553e-05
5.98335e-07
-200
-8.47519e-05
7.81096e-07
-200
-0.00010627
2.17144e-07
-200
-0.000130173
7.94507e-07
-200
-0.000156752
5.66119e-07
1.10173e-05
3.81472e-08
-200
2.76294e-05
1.94308e-06
-200
2.64371e-05
1.53323e-06
-200
2.26875e-05
1.29331e-06
-200
1.76409e-05
1.07554e-06
-200
1.13365e-05
8.48346e-07
-200
3.83313e-06
4.89733e-07
-200
-4.43279e-06
4.95373e-07
-200
-1.38751e-05
4.60737e-07
-200
-2.48636e-05
-1.69548e-08
-200
-3.77842e-05
5.5157e-07
-200
-5.2841e-05
4.3848e-07
-200
-6.98115e-05
-2.95853e-07
-200
-8.9115e-05
2.67094e-07
-200
-0.000111727
8.91742e-07
-200
-0.000136685
3.28137e-07
-200
-0.000164934
7.01432e-07
1.17407e-05
3.74671e-08
-200
2.81571e-05
1.60495e-06
-200
2.63816e-05
1.32591e-06
-200
2.21916e-05
1.10602e-06
-200
1.67002e-05
8.92138e-07
-200
1.01481e-05
6.96309e-07
-200
2.62756e-06
5.91507e-07
-200
-6.04848e-06
1.76977e-07
-200
-1.58466e-05
3.31142e-07
-200
-2.70828e-05
4.68619e-07
-200
-4.04145e-05
-1.03505e-07
-200
-5.56484e-05
3.50383e-07
-200
-7.30816e-05
4.48462e-07
-200
-9.30488e-05
4.27249e-07
-200
-0.000116399
-2.25378e-08
-200
-0.000142448
4.16853e-07
-200
-0.000172034
3.21344e-07
1.24021e-05
5.79496e-08
-200
2.76708e-05
1.45818e-06
-200
2.48996e-05
9.5807e-07
-200
2.01842e-05
7.60646e-07
-200
1.47187e-05
6.45686e-07
-200
8.22254e-06
5.53497e-07
-200
7.05897e-07
3.31984e-07
-200
-7.95547e-06
3.6589e-07
-200
-1.78492e-05
3.98934e-07
-200
-2.94022e-05
-6.77858e-08
-200
-4.27965e-05
3.53477e-07
-200
-5.8216e-05
2.20393e-07
-200
-7.60671e-05
-2.96807e-07
-200
-9.66918e-05
4.66027e-08
-200
-0.000120345
5.79318e-07
-200
-0.000147079
1.83197e-07
-200
-0.000177738
3.99056e-07
1.29589e-05
3.11427e-08
-200
2.55446e-05
1.14008e-06
-200
2.17996e-05
7.85856e-07
-200
1.68035e-05
5.7788e-07
-200
1.13396e-05
4.2094e-07
-200
5.41015e-06
3.91627e-07
-200
-1.63526e-06
3.78172e-07
-200
-1.01695e-05
3.77821e-08
-200
-2.00052e-05
2.85429e-07
-200
-3.16151e-05
3.32318e-07
-200
-4.49505e-05
-1.6932e-07
-200
-6.07397e-05
1.66153e-07
-200
-7.86854e-05
4.78198e-07
-200
-9.94984e-05
2.78259e-07
-200
-0.000123456
-2.58674e-07
-200
-0.000150729
1.52873e-07
-200
-0.000182077
8.62634e-08
1.33156e-05
4.70653e-08
-200
2.30601e-05
1.14033e-06
-200
1.73094e-05
2.74623e-07
-200
1.1335e-05
1.02546e-07
-200
6.67204e-06
2.13111e-07
-200
1.91696e-06
2.21058e-07
-200
-4.39877e-06
8.05545e-08
-200
-1.23432e-05
2.07009e-07
-200
-2.20195e-05
1.06156e-07
-200
-3.36171e-05
3.80965e-08
-200
-4.68165e-05
2.46474e-07
-200
-6.26622e-05
4.57123e-08
-200
-8.05961e-05
-5.38481e-07
-200
-0.000101712
-1.15401e-07
-200
-0.000125669
4.14385e-07
-200
-0.000153137
3.17073e-08
-200
-0.000184855
1.15434e-07
1.35267e-05
-9.41519e-09
-200
1.96159e-05
7.77965e-07
-200
1.09267e-05
2.09082e-07
-200
3.17636e-06
-8.81603e-08
-200
-1.10805e-07
-1.98354e-07
-200
-2.04221e-06
-1.2157e-07
-200
-7.0186e-06
8.00745e-09
-200
-1.43509e-05
-2.0718e-08
-200
-2.39423e-05
-1.53273e-08
-200
-3.52732e-05
-4.26012e-08
-200
-4.84992e-05
-3.59315e-07
-200
-6.42176e-05
-5.65336e-08
-200
-8.20798e-05
3.77812e-07
-200
-0.000102934
1.25309e-07
-200
-0.000126825
-4.16222e-07
-200
-0.000154297
9.80494e-08
-200
-0.000186104
-1.56123e-07
1.35305e-05
1.70592e-08
-200
1.53082e-05
5.87214e-07
-200
1.00852e-05
-2.07356e-07
-200
6.45834e-06
-7.202e-07
-200
-1.97133e-07
-9.03844e-07
-200
-5.07515e-06
-6.67466e-07
-200
-8.87185e-06
-4.66996e-07
-200
-1.58515e-05
-2.46079e-07
-200
-2.52879e-05
-2.86941e-07
-200
-3.66404e-05
-1.96581e-07
-200
-4.96216e-05
1.35778e-07
-200
-6.5121e-05
-1.97072e-07
-200
-8.27011e-05
-7.10845e-07
-200
-0.00010336
-2.57046e-07
-200
-0.000126916
2.70439e-07
-200
-0.000154074
-1.22042e-07
-200
-0.00018566
2.15881e-09
1.34316e-05
-8.02542e-08
-200
-2.93229e-07
-200
8.14691e-06
-1.74751e-06
-200
8.2174e-06
-1.43883e-06
-200
3.95287e-06
-1.46875e-06
-200
-1.8096e-06
-1.38525e-06
-200
-8.60754e-06
-8.12512e-07
-200
-1.66258e-05
-6.00208e-07
-200
-2.63447e-05
-4.54836e-07
-200
-3.74133e-05
-4.57479e-07
-200
-5.02956e-05
-5.94459e-07
-200
-6.54249e-05
-2.93001e-07
-200
-8.27086e-05
2.77191e-07
-200
-0.000102722
-2.46351e-08
-200
-0.000125803
-5.17531e-07
-200
-0.000152534
1.06086e-08
-200
-0.000183577
-2.742e-07
1.31673e-05
-8.37585e-09
-200
1.16793e-05
-1.04067e-07
-200
1.01679e-05
-9.75735e-07
-200
8.38416e-06
-2.4213e-06
-200
1.81489e-06
-2.19616e-06
-200
-8.04309e-06
-1.28612e-06
-200
-1.69038e-05
-5.93889e-07
-200
-2.67217e-05
-7.27799e-07
-200
-3.78211e-05
-5.30716e-07
-200
-5.03607e-05
-6.07878e-08
-200
-6.50221e-05
-2.41572e-07
-200
-8.17449e-05
-8.54565e-07
-200
-0.000101171
-3.93279e-07
-200
-0.000123542
1.46032e-07
-200
-0.000149521
-2.07813e-07
-200
-0.000179806
-3.31792e-08
1.28401e-05
-5.14995e-08
-200
1.55355e-05
-7.49551e-07
-200
1.335e-05
-1.54912e-06
-200
9.31897e-06
-3.63703e-06
-200
6.37267e-07
-3.36434e-06
-200
-8.29966e-06
-1.33893e-06
-200
-1.73319e-05
-8.70232e-07
-200
-2.70356e-05
-7.55837e-07
-200
-3.76579e-05
-6.09093e-07
-200
-4.98714e-05
-7.822e-07
-200
-6.39273e-05
-4.40271e-07
-200
-7.99996e-05
1.79844e-07
-200
-9.84984e-05
-1.06577e-07
-200
-0.000120075
-5.46496e-07
-200
-0.000145237
-1.27379e-07
-200
-0.000174497
-2.56018e-07
1.23914e-05
-5.3671e-08
-200
1.99051e-05
-1.59093e-06
-200
1.3341e-05
-2.59263e-06
-200
6.4891e-06
-3.60511e-06
-200
-1.23587e-06
-2.05611e-06
-200
-9.30699e-06
-1.23628e-06
-200
-1.7706e-05
-6.16236e-07
-200
-2.68002e-05
-7.22963e-07
-200
-3.71238e-05
-6.69781e-07
-200
-4.87133e-05
-2.75222e-07
-200
-6.20096e-05
-3.75986e-07
-200
-7.71639e-05
-8.94585e-07
-200
-9.49326e-05
-5.58091e-07
-200
-0.000115553
8.70658e-08
-200
-0.000139607
-3.09018e-07
-200
-0.000167718
-2.50377e-08
1.18646e-05
-1.00604e-07
-200
1.86322e-05
-1.82659e-06
-200
9.89007e-06
-1.73228e-06
-200
3.70724e-06
-1.58787e-06
-200
-2.92015e-06
-1.26095e-06
-200
-1.00204e-05
-8.6805e-07
-200
-1.78553e-05
-8.41652e-07
-200
-2.64415e-05
-8.52247e-07
-200
-3.59864e-05
-4.87417e-07
-200
-4.69191e-05
-9.26779e-07
-200
-5.93929e-05
-5.23133e-07
-200
-7.36875e-05
1.91045e-07
-200
-9.03375e-05
-1.63089e-07
-200
-0.000110013
-5.44755e-07
-200
-0.000133044
2.70905e-08
-200
-0.000159658
-2.49267e-07
1.12138e-05
-1.18583e-07
-200
1.98475e-05
-2.18707e-06
-200
8.65099e-06
-1.11699e-06
-200
2.25596e-06
-1.26951e-06
-200
-3.98939e-06
-1.08431e-06
-200
-1.06286e-05
-9.62891e-07
-200
-1.76184e-05
-6.68508e-07
-200
-2.53963e-05
-7.63417e-07
-200
-3.43598e-05
-7.09654e-07
-200
-4.44017e-05
-4.87673e-07
-200
-5.5827e-05
-4.35997e-07
-200
-6.91835e-05
-8.03294e-07
-200
-8.51036e-05
-5.44599e-07
-200
-0.000103554
2.17668e-08
-200
-0.00012523
-3.88623e-07
-200
-0.000150338
-4.79011e-08
1.04744e-05
-1.49033e-07
-200
1.7067e-05
-3.26087e-06
-200
7.68887e-06
-1.90269e-06
-200
1.27337e-06
-1.26366e-06
-200
-4.61919e-06
-1.14227e-06
-200
-1.0489e-05
-9.8963e-07
-200
-1.68688e-05
-9.0824e-07
-200
-2.40313e-05
-8.41564e-07
-200
-3.20468e-05
-6.34266e-07
-200
-4.11949e-05
-8.58131e-07
-200
-5.18462e-05
-5.58769e-07
-200
-6.42164e-05
3.62925e-08
-200
-7.89232e-05
-1.77097e-07
-200
-9.62959e-05
-5.91023e-07
-200
-0.000116617
-5.93162e-08
-200
-0.000139861
-3.24631e-07
9.61531e-06
-1.44905e-07
-200
1.42876e-05
-2.13224e-06
-200
6.2684e-06
-1.48764e-06
-200
7.57986e-07
-1.46566e-06
-200
-4.56983e-06
-1.25729e-06
-200
-9.93551e-06
-1.09744e-06
-200
-1.56199e-05
-9.06594e-07
-200
-2.20288e-05
-9.26093e-07
-200
-2.92968e-05
-7.90349e-07
-200
-3.75498e-05
-6.02605e-07
-200
-4.71201e-05
-4.29095e-07
-200
-5.85375e-05
-6.67254e-07
-200
-7.23384e-05
-6.55616e-07
-200
-8.82533e-05
-1.0807e-07
-200
-0.000106843
-4.13256e-07
-200
-0.000128147
-2.29751e-07
8.6737e-06
-1.3904e-07
-200
1.19282e-05
-1.84003e-06
-200
5.51079e-06
-2.00083e-06
-200
5.0231e-07
-1.58123e-06
-200
-4.08858e-06
-1.42758e-06
-200
-8.7859e-06
-1.16146e-06
-200
-1.3954e-05
-1.09908e-06
-200
-1.97285e-05
-9.73755e-07
-200
-2.61409e-05
-7.28244e-07
-200
-3.34356e-05
-7.7645e-07
-200
-4.21853e-05
-6.53694e-07
-200
-5.25747e-05
-6.38744e-08
-200
-6.48493e-05
-2.61854e-07
-200
-7.94053e-05
-6.3375e-07
-200
-9.62047e-05
-2.9711e-07
-200
-0.000115231
-5.07687e-07
7.6515e-06
-1.11249e-07
-200
1.03621e-05
-1.94257e-06
-200
4.89264e-06
-1.82522e-06
-200
7.53745e-07
-1.8312e-06
-200
-3.31866e-06
-1.57335e-06
-200
-7.48903e-06
-1.39232e-06
-200
-1.20219e-05
-1.13258e-06
-200
-1.70472e-05
-1.06736e-06
-200
-2.27153e-05
-1.01202e-06
-200
-2.91577e-05
-4.75181e-07
-200
-3.6708e-05
-3.9257e-07
-200
-4.6078e-05
-6.09103e-07
-200
-5.70052e-05
-6.96004e-07
-200
-6.98446e-05
-3.29532e-07
-200
-8.44263e-05
-5.41942e-07
-200
-0.000101046
-5.60605e-07
6.59506e-06
-9.62111e-08
-200
9.18189e-06
-2.03677e-06
-200
4.86427e-06
-2.26237e-06
-200
1.17883e-06
-1.95156e-06
-200
-2.29522e-06
-1.75328e-06
-200
-5.93836e-06
-1.47304e-06
-200
-9.9276e-06
-1.33719e-06
-200
-1.43329e-05
-1.25491e-06
-200
-1.90454e-05
-7.48636e-07
-200
-2.45254e-05
-7.22379e-07
-200
-3.12883e-05
-3.73815e-07
-200
-3.92764e-05
-1.49669e-07
-200
-4.85074e-05
-5.77693e-07
-200
-5.9328e-05
-7.42766e-07
-200
-7.16791e-05
-6.15217e-07
-200
-8.56991e-05
-8.37912e-07
5.50744e-06
-7.14564e-08
-200
8.50301e-06
-2.20877e-06
-200
4.85541e-06
-2.14052e-06
-200
1.7482e-06
-2.07679e-06
-200
-1.29949e-06
-1.87179e-06
-200
-4.52924e-06
-1.6578e-06
-200
-7.8207e-06
-1.43916e-06
-200
-1.1424e-05
-1.13315e-06
-200
-1.53035e-05
-1.00515e-06
-200
-1.99584e-05
-4.86979e-07
-200
-2.54349e-05
-4.44784e-07
-200
-3.1995e-05
-5.81385e-07
-200
-3.94936e-05
-7.69227e-07
-200
-4.82352e-05
-4.91462e-07
-200
-5.79754e-05
-8.04105e-07
-200
-6.92704e-05
-9.13657e-07
4.35398e-06
-5.07898e-08
-200
7.6832e-06
-2.23348e-06
-200
4.77869e-06
-2.37806e-06
-200
2.12025e-06
-2.20324e-06
-200
-5.15238e-07
-2.00568e-06
-200
-3.01789e-06
-1.78135e-06
-200
-5.74132e-06
-1.60649e-06
-200
-8.49573e-06
-1.34063e-06
-200
-1.15054e-05
-7.37912e-07
-200
-1.51139e-05
-6.98179e-07
-200
-1.94695e-05
-3.74528e-07
-200
-2.43811e-05
-3.04893e-07
-200
-2.99695e-05
-5.32488e-07
-200
-3.62811e-05
-8.80403e-07
-200
-4.35706e-05
-8.68447e-07
-200
-5.19675e-05
-1.08088e-06
3.09035e-06
-4.25661e-08
-200
5.44313e-06
-2.21502e-06
-200
3.68108e-06
-2.13354e-06
-200
1.95239e-06
-2.1787e-06
-200
-1.20401e-08
-2.02162e-06
-200
-1.84177e-06
-1.80224e-06
-200
-3.72986e-06
-1.69688e-06
-200
-5.52928e-06
-1.15023e-06
-200
-7.63599e-06
-9.99892e-07
-200
-1.02373e-05
-4.76074e-07
-200
-1.30706e-05
-4.91252e-07
-200
-1.63387e-05
-6.20072e-07
-200
-2.0015e-05
-8.82208e-07
-200
-2.40704e-05
-7.32277e-07
-200
-2.8701e-05
-9.55138e-07
-200
-3.41397e-05
-1.07411e-06
1.78977e-06
-3.67589e-08
-200
2.7752e-06
-1.97208e-06
-200
2.05662e-06
-2.00128e-06
-200
1.16194e-06
-1.95078e-06
-200
1.15177e-07
-1.81175e-06
-200
-7.93246e-07
-1.79094e-06
-200
-1.76131e-06
-1.31578e-06
-200
-2.62146e-06
-1.14402e-06
-200
-3.76244e-06
-6.09685e-07
-200
-5.03536e-06
-5.82366e-07
-200
-6.46499e-06
-3.39722e-07
-200
-8.05692e-06
-4.83714e-07
-200
-9.72028e-06
-6.1405e-07
-200
-1.15892e-05
-8.42975e-07
-200
-1.37695e-05
-8.89587e-07
-200
-1.62559e-05
-1.03232e-06
6.21915e-07
-4.96975e-08
-200
-2.38463e-06
-200
-2.21789e-06
-200
-2.13528e-06
-200
-2.0191e-06
-200
-1.72069e-06
-200
-1.47166e-06
-200
-1.01891e-06
-200
-6.94572e-07
-200
-3.90794e-07
-200
-3.24909e-07
-200
-4.40683e-07
-200
-6.31534e-07
-200
-6.70715e-07
-200
-7.81266e-07
-200
-9.31301e-07
-1.13611e-07
-200
-0.000102227
-200
-0.000126515
1.01375e-05
-200
3.60855e-05
-200
3.56812e-05
-200
3.31107e-05
-200
2.95625e-05
-200
2.48015e-05
-200
1.88852e-05
-200
1.17735e-05
-200
3.26294e-06
-200
-6.79888e-06
-200
-1.83307e-05
-200
-3.18904e-05
-200
-4.77062e-05
-200
-6.61113e-05
-200
-8.66541e-05
-200
-0.000109779
-200
-0.000135193
1.1237e-05
-200
4.01888e-05
-200
3.93525e-05
-200
3.65438e-05
-200
3.23616e-05
-200
2.69085e-05
-200
2.03183e-05
-200
1.25159e-05
-200
3.54986e-06
-200
-6.80132e-06
-200
-1.92451e-05
-200
-3.36006e-05
-200
-5.00004e-05
-200
-6.91561e-05
-200
-9.219e-05
-200
-0.000116285
-200
-0.000143719
1.21637e-05
-200
4.29318e-05
-200
4.19441e-05
-200
3.86704e-05
-200
3.39936e-05
-200
2.80482e-05
-200
2.09185e-05
-200
1.27563e-05
-200
3.26167e-06
-200
-7.8106e-06
-200
-2.0447e-05
-200
-3.55609e-05
-200
-5.29865e-05
-200
-7.27539e-05
-200
-9.62664e-05
-200
-0.000122157
-200
-0.000151137
1.30279e-05
-200
4.45541e-05
-200
4.32471e-05
-200
3.94583e-05
-200
3.44029e-05
-200
2.81759e-05
-200
2.08211e-05
-200
1.22237e-05
-200
2.42181e-06
-200
-8.91242e-06
-200
-2.22749e-05
-200
-3.7658e-05
-200
-5.52118e-05
-200
-7.61952e-05
-200
-0.000100233
-200
-0.000127101
-200
-0.000157675
1.37865e-05
-200
4.5151e-05
-200
4.29269e-05
-200
3.86181e-05
-200
3.34234e-05
-200
2.72145e-05
-200
1.9837e-05
-200
1.1276e-05
-200
1.23417e-06
-200
-1.05622e-05
-200
-2.3907e-05
-200
-3.97777e-05
-200
-5.78619e-05
-200
-7.91426e-05
-200
-0.000103468
-200
-0.000131192
-200
-0.000162756
1.43923e-05
-200
4.44874e-05
-200
4.09562e-05
-200
3.61654e-05
-200
3.10301e-05
-200
2.52222e-05
-200
1.82093e-05
-200
9.68207e-06
-200
-2.62468e-07
-200
-1.19604e-05
-200
-2.57695e-05
-200
-4.16882e-05
-200
-5.9622e-05
-200
-8.16128e-05
-200
-0.000106313
-200
-0.000134392
-200
-0.000166762
1.48016e-05
-200
4.25327e-05
-200
3.70133e-05
-200
3.16654e-05
-200
2.69666e-05
-200
2.22526e-05
-200
1.59546e-05
-200
7.91347e-06
-200
-1.89536e-06
-200
-1.34394e-05
-200
-2.73102e-05
-200
-4.34174e-05
-200
-6.18702e-05
-200
-8.3442e-05
-200
-0.000108104
-200
-0.000136544
-200
-0.000169219
1.50141e-05
-200
3.99483e-05
-200
3.16181e-05
-200
2.37135e-05
-200
2.06232e-05
-200
1.85387e-05
-200
1.35957e-05
-200
6.15258e-06
-200
-3.46492e-06
-200
-1.49682e-05
-200
-2.89537e-05
-200
-4.47773e-05
-200
-6.28796e-05
-200
-8.46229e-05
-200
-0.000109312
-200
-0.000137555
-200
-0.000170429
1.50538e-05
-200
3.44237e-05
-200
3.10898e-05
-200
2.76856e-05
-200
2.05415e-05
-200
1.53211e-05
-200
1.18639e-05
-200
4.71536e-06
-200
-4.9194e-06
-200
-1.6301e-05
-200
-2.99625e-05
-200
-4.58396e-05
-200
-6.40875e-05
-200
-8.50981e-05
-200
-0.000109293
-200
-0.000137416
-200
-0.000169924
1.49195e-05
-200
3.38499e-05
-200
3.24662e-05
-200
3.03154e-05
-200
2.47413e-05
-200
1.87251e-05
-200
1.21391e-05
-200
3.81627e-06
-200
-6.01767e-06
-200
-1.74615e-05
-200
-3.10254e-05
-200
-4.63872e-05
-200
-6.39131e-05
-200
-8.47246e-05
-200
-0.000108538
-200
-0.000135971
-200
-0.0001681
1.46649e-05
-200
-200
3.30203e-05
-200
3.21095e-05
-200
2.73749e-05
-200
2.09209e-05
-200
1.23786e-05
-200
3.26099e-06
-200
-6.89266e-06
-200
-1.82436e-05
-200
-3.12873e-05
-200
-4.64065e-05
-200
-6.37945e-05
-200
-8.35276e-05
-200
-0.000106491
-200
-0.000133342
-200
-0.000164522
1.42872e-05
-200
3.46769e-05
-200
3.26732e-05
-200
3.04559e-05
-200
2.32276e-05
-200
1.22894e-05
-200
2.47395e-06
-200
-7.63379e-06
-200
-1.87959e-05
-200
-3.15263e-05
-200
-4.58485e-05
-200
-6.21225e-05
-200
-8.13688e-05
-200
-0.000103677
-200
-0.000129513
-200
-0.000159778
1.37982e-05
-200
4.03317e-05
-200
3.59316e-05
-200
2.95121e-05
-200
1.9721e-05
-200
1.04876e-05
-200
1.42877e-06
-200
-8.25416e-06
-200
-1.89925e-05
-200
-3.0895e-05
-200
-4.46079e-05
-200
-6.04579e-05
-200
-7.84538e-05
-200
-9.96888e-05
-200
-0.000124667
-200
-0.000153509
1.32113e-05
-200
3.86439e-05
-200
2.94842e-05
-200
2.36623e-05
-200
1.62971e-05
-200
8.49074e-06
-200
1.92432e-07
-200
-8.77319e-06
-200
-1.87296e-05
-200
-3.00297e-05
-200
-4.2695e-05
-200
-5.72117e-05
-200
-7.45591e-05
-200
-9.50068e-05
-200
-0.000118652
-200
-0.000146255
1.24987e-05
-200
3.75651e-05
-200
2.68328e-05
-200
2.03621e-05
-200
1.37287e-05
-200
6.78621e-06
-200
-6.14991e-07
-200
-8.86094e-06
-200
-1.80388e-05
-200
-2.82954e-05
-200
-4.01705e-05
-200
-5.39754e-05
-200
-7.01202e-05
-200
-8.93855e-05
-200
-0.000111931
-200
-0.000137705
1.16751e-05
-200
3.68656e-05
-200
2.48876e-05
-200
1.81203e-05
-200
1.18838e-05
-200
5.60331e-06
-200
-1.11735e-06
-200
-8.52705e-06
-200
-1.67972e-05
-200
-2.62411e-05
-200
-3.7078e-05
-200
-4.96308e-05
-200
-6.49584e-05
-200
-8.31926e-05
-200
-0.000104131
-200
-0.000128252
1.07209e-05
-200
3.10119e-05
-200
2.2233e-05
-200
1.61281e-05
-200
1.05193e-05
-200
4.88114e-06
-200
-1.12952e-06
-200
-7.78033e-06
-200
-1.52145e-05
-200
-2.36371e-05
-200
-3.35591e-05
-200
-4.54823e-05
-200
-5.94276e-05
-200
-7.62193e-05
-200
-9.55898e-05
-200
-0.000117515
9.68388e-06
-200
2.6682e-05
-200
1.96157e-05
-200
1.44495e-05
-200
9.51551e-06
-200
4.53038e-06
-200
-8.5567e-07
-200
-6.73308e-06
-200
-1.32835e-05
-200
-2.09013e-05
-200
-2.99143e-05
-200
-4.04525e-05
-200
-5.34544e-05
-200
-6.86828e-05
-200
-8.60018e-05
-200
-0.000105754
8.56316e-06
-200
2.31979e-05
-200
1.75238e-05
-200
1.30138e-05
-200
8.7253e-06
-200
4.31124e-06
-200
-3.87192e-07
-200
-5.57682e-06
-200
-1.1376e-05
-200
-1.78723e-05
-200
-2.60663e-05
-200
-3.57076e-05
-200
-4.71137e-05
-200
-6.03699e-05
-200
-7.554e-05
-200
-9.27273e-05
7.4002e-06
-200
1.99501e-05
-200
1.54757e-05
-200
1.16957e-05
-200
7.95669e-06
-200
4.1293e-06
-200
6.07196e-09
-200
-4.46717e-06
-200
-9.28138e-06
-200
-1.50888e-05
-200
-2.21084e-05
-200
-3.03517e-05
-200
-4.02367e-05
-200
-5.15501e-05
-200
-6.41226e-05
-200
-7.87094e-05
6.18667e-06
-200
1.69938e-05
-200
1.36188e-05
-200
1.03072e-05
-200
7.02854e-06
-200
3.77077e-06
-200
2.93741e-07
-200
-3.33436e-06
-200
-7.47942e-06
-200
-1.22561e-05
-200
-1.81871e-05
-200
-2.50476e-05
-200
-3.29732e-05
-200
-4.18058e-05
-200
-5.1917e-05
-200
-6.36024e-05
4.87586e-06
-200
1.41279e-05
-200
1.11359e-05
-200
8.42946e-06
-200
5.80973e-06
-200
3.06327e-06
-200
3.95633e-07
-200
-2.51705e-06
-200
-5.58957e-06
-200
-9.53486e-06
-200
-1.40201e-05
-200
-1.91825e-05
-200
-2.50363e-05
-200
-3.16621e-05
-200
-3.90502e-05
-200
-4.77497e-05
3.45148e-06
-200
9.51974e-06
-200
7.86523e-06
-200
5.96477e-06
-200
4.12854e-06
-200
2.18274e-06
-200
2.50276e-07
-200
-1.66916e-06
-200
-3.90614e-06
-200
-6.63997e-06
-200
-9.65442e-06
-200
-1.31832e-05
-200
-1.68984e-05
-200
-2.10183e-05
-200
-2.58018e-05
-200
-3.13483e-05
2.03261e-06
-200
4.75767e-06
-200
4.05838e-06
-200
3.19704e-06
-200
2.15344e-06
-200
1.21191e-06
-200
1.88106e-07
-200
-7.66994e-07
-200
-1.98545e-06
-200
-3.36698e-06
-200
-4.87523e-06
-200
-6.50505e-06
-200
-8.27827e-06
-200
-1.01945e-05
-200
-1.23882e-05
-200
-1.49698e-05
8.45982e-07
-200
-200
-200
-200
-200
-200
-200
-200
-200
-200
-200
-200
-200
-200
-200
)
;

boundaryField
{
    frontAndBack
    {
        type            calculated;
        value           uniform 0;
    }
    inlet
    {
        type            calculated;
        value           uniform -200;
    }
    outlet
    {
        type            calculated;
        value           nonuniform List<scalar> 0();
    }
    lowerWall
    {
        type            calculated;
        value           uniform 0;
    }
    upperWall
    {
        type            calculated;
        value           uniform 0;
    }
    procBoundary5to2
    {
        type            processor;
        value           nonuniform List<scalar> 
100
(
-9.00554e-06
-3.14487e-06
3.34573e-06
1.129e-05
2.02793e-05
3.06644e-05
4.26039e-05
5.60836e-05
7.11594e-05
8.79719e-05
0.00010677
0.000127794
-7.91965e-06
-1.99443e-05
-1.89186e-05
-1.56855e-05
200
-1.44324e-05
-6.18848e-07
-9.32421e-07
1.00982e-06
9.09214e-06
1.83561e-05
2.89169e-05
4.09611e-05
5.49623e-05
7.05777e-05
8.76962e-05
0.000106924
0.000128193
-7.94325e-06
-1.98989e-05
-1.95175e-05
-1.70986e-05
-1.47061e-05
-1.00073e-05
200
-5.12587e-06
-1.19601e-06
-1.59406e-06
-1.33103e-06
2.85215e-05
4.14223e-05
5.5098e-05
7.04106e-05
8.74397e-05
0.000106529
0.000128029
-7.91332e-06
-2.0694e-05
-1.9874e-05
-1.73723e-05
-1.46517e-05
-9.93835e-06
-4.57359e-06
1.92543e-06
1.04542e-05
200
1.95653e-05
-1.05594e-06
-3.21098e-07
5.47377e-05
7.06325e-05
8.76761e-05
0.000106279
0.000127636
-7.78497e-06
-2.14538e-05
-1.96865e-05
-1.71945e-05
-1.42049e-05
-9.98898e-06
-4.68347e-06
2.25936e-06
1.05326e-05
1.99237e-05
3.10992e-05
200
4.37088e-05
3.27214e-07
3.68908e-07
4.24712e-07
9.45792e-05
0.000117085
-8.75513e-06
-3.17827e-05
-3.11464e-05
-2.88741e-05
-2.60676e-05
-2.21391e-05
-1.7111e-05
-1.06481e-05
-2.67536e-06
6.70203e-06
1.81977e-05
3.08376e-05
4.56032e-05
6.35729e-05
200
8.05893e-05
)
;
    }
    procBoundary5to4
    {
        type            processor;
        value           nonuniform List<scalar> 
135
(
200
200
200
200
200
200
2.37614e-05
200
1.57313e-07
200
200
200
200
200
200
200
200
200
200
200
200
200
200
200
200
200
200
200
200
200
200
200
200
200
2.36558e-05
200
-1.56219e-06
200
-1.79251e-06
200
200
200
200
200
200
200
200
200
200
200
200
200
200
200
200
200
200
200
200
200
200
200
200
200
1.25214e-05
200
-2.99012e-06
200
200
200
200
200
200
200
200
200
200
200
200
200
200
200
200
200
200
200
200
200
200
200
200
200
1.04844e-05
200
-7.39027e-07
200
200
200
200
200
200
200
200
200
200
200
200
200
200
200
200
200
200
200
200
200
200
200
200
200
3.44008e-05
200
200
200
200
200
200
200
200
200
200
200
200
200
200
)
;
    }
}


// ************************************************************************* //
