/*--------------------------------*- C++ -*----------------------------------*\
  =========                 |
  \\      /  F ield         | OpenFOAM: The Open Source CFD Toolbox
   \\    /   O peration     | Website:  https://openfoam.org
    \\  /    A nd           | Version:  10
     \\/     M anipulation  |
\*---------------------------------------------------------------------------*/
FoamFile
{
    format      ascii;
    class       volVectorField;
    location    "10";
    object      U;
}
// * * * * * * * * * * * * * * * * * * * * * * * * * * * * * * * * * * * * * //

dimensions      [0 1 -1 0 0 0 0];

internalField   nonuniform List<vector> 
2084
(
(-10 4.10384e-07 -1.58777e-07)
(-10 1.20291e-07 -3.52539e-08)
(-10 -1.97508e-07 9.64629e-09)
(-10 -5.91418e-07 -2.81655e-08)
(-10 -1.05098e-06 -4.88351e-08)
(-10 -1.58577e-06 -7.98318e-08)
(-10 -2.1917e-06 -2.13813e-08)
(-10 -2.88497e-06 -2.34526e-09)
(-10 -3.66641e-06 -7.95117e-09)
(-10 -4.54315e-06 -5.69322e-09)
(-10 -5.5254e-06 8.41201e-09)
(-10 -6.62164e-06 1.15307e-09)
(-10 4.28723e-07 -6.97717e-09)
(-10 1.187e-06 6.60166e-08)
(-10 1.10671e-06 1.37074e-07)
(-10 1.00096e-06 1.0422e-08)
(-10 8.03518e-07 -1.27429e-07)
(-10 5.38296e-07 -3.66607e-09)
(-10 2.16405e-07 -1.45833e-08)
(-10 -1.51497e-07 -1.00868e-07)
(-10 -5.80984e-07 -1.16244e-07)
(-10 -1.07714e-06 -4.23946e-08)
(-10 -1.64181e-06 -9.94612e-10)
(-10 -2.2922e-06 -2.90392e-08)
(-10 -3.03522e-06 -3.2253e-08)
(-10 -3.87444e-06 -1.4891e-08)
(-10 -4.82103e-06 -4.04459e-09)
(-10 -5.88233e-06 -5.60691e-10)
(-10 -7.07997e-06 7.09729e-09)
(-10 4.84499e-07 -2.74883e-09)
(-10 1.38739e-06 2.00614e-07)
(-10 1.24781e-06 2.60367e-08)
(-10 1.07162e-06 5.60656e-08)
(-10 8.46324e-07 5.83264e-08)
(-10 5.49128e-07 -5.59958e-08)
(-10 2.28596e-07 -6.75198e-08)
(-10 -1.63383e-07 -8.02344e-09)
(-10 -6.0957e-07 -1.40462e-08)
(-10 -1.12984e-06 -2.64743e-09)
(-10 -1.72721e-06 -8.20685e-08)
(-10 -2.41204e-06 -2.5097e-08)
(-10 -3.19625e-06 -5.31422e-10)
(-10 -4.08694e-06 -7.36064e-09)
(-10 -5.09637e-06 -7.47399e-09)
(-10 -6.23702e-06 1.11117e-09)
(-10 -7.52841e-06 -3.70028e-11)
(-10 5.3067e-07 -5.39435e-09)
(-10 1.33918e-06 2.65701e-08)
(-10 1.22581e-06 1.40822e-07)
(-10 1.04696e-06 2.70801e-08)
(-10 8.13617e-07 -7.76323e-08)
(-10 5.33714e-07 3.70017e-08)
(-10 1.81964e-07 3.47827e-08)
(-10 -2.13932e-07 -9.40554e-08)
(-10 -6.77879e-07 -5.42634e-08)
(-10 -1.2151e-06 -2.84191e-08)
(-10 -1.83258e-06 1.83481e-08)
(-10 -2.54684e-06 -1.39698e-08)
(-10 -3.36438e-06 -3.47012e-08)
(-10 -4.2965e-06 -1.47802e-08)
(-10 -5.35755e-06 -4.59635e-09)
(-10 -6.56595e-06 -5.44701e-09)
(-10 -7.94135e-06 4.21882e-09)
(-10 5.75506e-07 -1.46098e-09)
(-10 1.35735e-06 2.01111e-07)
(-10 1.20203e-06 -2.49446e-08)
(-10 1.00795e-06 2.37443e-08)
(-10 7.61643e-07 8.00211e-08)
(-10 4.56798e-07 -1.46335e-08)
(-10 1.21362e-07 -4.37588e-08)
(-10 -2.82586e-07 8.14992e-09)
(-10 -7.54301e-07 1.34613e-09)
(-10 -1.30736e-06 7.33691e-09)
(-10 -1.94457e-06 -5.40252e-08)
(-10 -2.67969e-06 -1.62531e-08)
(-10 -3.52281e-06 -2.1986e-09)
(-10 -4.49018e-06 -5.42042e-09)
(-10 -5.59682e-06 -6.79506e-09)
(-10 -6.86246e-06 -5.89564e-10)
(-10 -8.30999e-06 5.75777e-11)
(-10 6.07771e-07 -3.46131e-09)
(-10 1.32193e-06 -6.19032e-08)
(-10 1.12841e-06 8.38708e-08)
(-10 9.08815e-07 2.17468e-08)
(-10 6.44365e-07 -8.4317e-08)
(-10 3.60878e-07 3.20113e-08)
(-10 3.55405e-08 2.76376e-08)
(-10 -3.67677e-07 -7.94514e-08)
(-10 -8.46207e-07 -3.23091e-08)
(-10 -1.40615e-06 -2.83247e-08)
(-10 -2.05615e-06 3.05991e-08)
(-10 -2.80756e-06 -9.83594e-09)
(-10 -3.67079e-06 -2.92625e-08)
(-10 -4.66584e-06 -1.29653e-08)
(-10 -5.80788e-06 -5.13108e-09)
(-10 -7.11866e-06 -7.80175e-09)
(-10 -8.62481e-06 1.22566e-09)
(-10 6.38568e-07 6.52062e-11)
(-10 1.19107e-06 1.58333e-07)
(-10 9.97455e-07 -6.92468e-08)
(-10 7.50618e-07 -1.07137e-08)
(-10 4.41744e-07 9.73712e-08)
(-10 1.99853e-07 1.29716e-08)
(-10 -6.28038e-08 -1.35635e-08)
(-10 -4.48722e-07 3.01637e-08)
(-10 -9.26977e-07 -1.09932e-10)
(-10 -1.49431e-06 5.20417e-09)
(-10 -2.15238e-06 -4.74608e-08)
(-10 -2.91532e-06 -1.64742e-08)
(-10 -3.79452e-06 6.97768e-09)
(-10 -4.80925e-06 -3.68114e-09)
(-10 -5.97811e-06 -9.54033e-09)
(-10 -7.32372e-06 -1.78881e-09)
(-10 -8.87441e-06 -6.00419e-09)
(-10 6.58385e-07 -2.3764e-09)
(-10 8.32531e-07 1.35048e-07)
(-10 6.15126e-07 5.26149e-08)
(-10 4.71409e-07 1.37901e-08)
(-10 2.2051e-07 5.10205e-08)
(-10 -1.12254e-07 2.97607e-08)
(-10 -5.20222e-07 -6.17953e-08)
(-10 -1.0077e-06 -2.36028e-08)
(-10 -1.57621e-06 -3.14315e-08)
(-10 -2.23777e-06 3.87225e-08)
(-10 -3.0063e-06 -7.72813e-09)
(-10 -3.89474e-06 -2.50197e-08)
(-10 -4.92067e-06 -1.09746e-08)
(-10 -6.10546e-06 -5.76727e-09)
(-10 -7.47303e-06 -8.17006e-09)
(-10 -9.05322e-06 -3.86732e-09)
(-10 6.71986e-07 1.1725e-09)
(-10 6.69558e-07 -4.37946e-08)
(-10 6.48543e-07 -2.95305e-08)
(-10 5.52874e-07 9.23851e-08)
(-10 2.52625e-07 -2.03102e-11)
(-10 -1.52953e-07 -2.81e-08)
(-10 -5.77406e-07 1.96846e-08)
(-10 -1.0699e-06 -1.78389e-09)
(-10 -1.63868e-06 6.6507e-09)
(-10 -2.30155e-06 -3.60395e-08)
(-10 -3.07144e-06 -1.16904e-08)
(-10 -3.96223e-06 1.41049e-08)
(-10 -4.99207e-06 -9.57453e-11)
(-10 -6.18346e-06 -6.15929e-09)
(-10 -7.56127e-06 -4.33899e-10)
(-10 -9.15533e-06 -1.89933e-09)
(-10 6.77881e-07 -1.28362e-09)
(-10 5.60197e-07 1.84218e-08)
(-10 5.37685e-07 -5.12506e-09)
(-10 4.07728e-07 -1.03521e-07)
(-10 1.38382e-07 -1.59405e-08)
(-10 -2.17695e-07 -1.12341e-08)
(-10 -6.33079e-07 -4.01652e-08)
(-10 -1.12328e-06 -2.24565e-08)
(-10 -1.69015e-06 -2.86408e-08)
(-10 -2.34912e-06 4.87313e-08)
(-10 -3.11382e-06 -1.91476e-09)
(-10 -3.99906e-06 -2.1507e-08)
(-10 -5.02431e-06 -6.20345e-09)
(-10 -6.21143e-06 -8.22218e-10)
(-10 -7.58633e-06 -5.52798e-09)
(-10 -9.1798e-06 -1.38521e-09)
(-10 6.77132e-07 -6.92687e-10)
(-10 6.17288e-07 -3.10387e-08)
(-10 5.5519e-07 -7.94622e-08)
(-10 3.63225e-07 9.2932e-08)
(-10 9.1148e-08 -5.13688e-08)
(-10 -2.57623e-07 -4.78022e-08)
(-10 -6.73653e-07 2.05555e-08)
(-10 -1.16028e-06 2.58411e-09)
(-10 -1.72205e-06 8.86825e-09)
(-10 -2.37243e-06 -2.55117e-08)
(-10 -3.12652e-06 -5.29523e-09)
(-10 -4.00023e-06 2.06413e-08)
(-10 -5.01178e-06 5.33653e-09)
(-10 -6.18443e-06 1.41817e-09)
(-10 -7.54391e-06 3.24404e-09)
(-10 -9.12127e-06 -2.64445e-09)
(-10 6.67806e-07 -1.97749e-09)
(-10 7.68571e-07 -5.95331e-08)
(-10 6.47735e-07 -1.53338e-08)
(-10 3.74785e-07 -9.99752e-08)
(-10 7.33207e-08 -5.34978e-09)
(-10 -2.8567e-07 -1.9728e-08)
(-10 -6.9956e-07 -3.7022e-08)
(-10 -1.18109e-06 -1.74763e-08)
(-10 -1.73481e-06 -2.23509e-08)
(-10 -2.37333e-06 5.68832e-08)
(-10 -3.11124e-06 6.01826e-09)
(-10 -3.96572e-06 -1.40588e-08)
(-10 -4.95623e-06 6.71742e-10)
(-10 -6.10484e-06 5.5255e-09)
(-10 -7.43705e-06 -7.75063e-10)
(-10 -8.9839e-06 1.67519e-09)
(-10 6.50664e-07 3.06743e-09)
(-10 7.82018e-07 -8.19968e-08)
(-10 6.15274e-07 -9.25594e-08)
(-10 3.54595e-07 1.07584e-07)
(-10 5.12193e-08 -4.53383e-08)
(-10 -2.98419e-07 -4.66744e-08)
(-10 -7.19094e-07 6.03503e-08)
(-10 -1.18991e-06 3.04096e-08)
(-10 -1.73136e-06 1.67771e-08)
(-10 -2.35335e-06 -1.27956e-08)
(-10 -3.06846e-06 4.35023e-09)
(-10 -3.89594e-06 2.68158e-08)
(-10 -4.85679e-06 1.19053e-08)
(-10 -5.971e-06 6.64365e-09)
(-10 -7.26389e-06 7.74568e-09)
(-10 -8.76699e-06 -1.13622e-09)
(-10 6.32148e-07 9.42638e-10)
(-10 8.06523e-07 -7.18369e-08)
(-10 5.9149e-07 -4.08899e-09)
(-10 3.3447e-07 -6.5062e-08)
(-10 3.17069e-08 2.37891e-08)
(-10 -3.31597e-07 -2.96677e-10)
(-10 -7.32424e-07 -1.43029e-08)
(-10 -1.18921e-06 -7.04344e-09)
(-10 -1.71068e-06 -1.01925e-08)
(-10 -2.3098e-06 3.68562e-08)
(-10 -2.99604e-06 1.22648e-08)
(-10 -3.79094e-06 -8.4239e-09)
(-10 -4.71295e-06 4.47705e-09)
(-10 -5.78418e-06 9.32533e-09)
(-10 -7.02738e-06 3.86471e-09)
(-10 -8.47276e-06 4.25012e-09)
(-10 6.01323e-07 3.84966e-09)
(-10 8.32804e-07 -8.58737e-08)
(-10 5.99681e-07 -6.37937e-08)
(-10 3.04755e-07 1.03655e-07)
(-10 -2.6842e-09 -3.0049e-08)
(-10 -3.47961e-07 -1.81993e-08)
(-10 -7.41325e-07 6.66526e-08)
(-10 -1.17792e-06 4.02875e-08)
(-10 -1.67467e-06 2.34303e-08)
(-10 -2.24135e-06 -2.76689e-08)
(-10 -2.89434e-06 8.98994e-09)
(-10 -3.64967e-06 1.93937e-08)
(-10 -4.52648e-06 1.32778e-08)
(-10 -5.54558e-06 7.63055e-09)
(-10 -6.72945e-06 1.04999e-08)
(-10 -8.10621e-06 2.56202e-09)
(-10 5.76314e-07 1.0691e-09)
(-10 8.96112e-07 -3.49849e-08)
(-10 5.83901e-07 -1.95324e-08)
(-10 2.8559e-07 -7.62134e-08)
(-10 -2.02232e-08 3.14796e-08)
(-10 -3.68484e-07 2.09957e-08)
(-10 -7.33839e-07 -1.24796e-08)
(-10 -1.14292e-06 -7.9871e-09)
(-10 -1.61222e-06 -7.81639e-09)
(-10 -2.14627e-06 3.65362e-08)
(-10 -2.75961e-06 1.29775e-08)
(-10 -3.46936e-06 -6.75564e-09)
(-10 -4.29504e-06 5.01683e-09)
(-10 -5.25585e-06 1.08689e-08)
(-10 -6.37235e-06 5.865e-09)
(-10 -7.66975e-06 5.4925e-09)
(-10 5.35682e-07 2.76849e-09)
(-10 8.79654e-07 -1.30523e-07)
(-10 5.58773e-07 -2.25216e-08)
(-10 2.54334e-07 6.49138e-08)
(-10 -4.36137e-08 -3.75762e-08)
(-10 -3.6252e-07 -2.89735e-08)
(-10 -7.1487e-07 5.25403e-08)
(-10 -1.099e-06 5.36792e-08)
(-10 -1.53212e-06 1.95597e-08)
(-10 -2.02526e-06 -2.27644e-08)
(-10 -2.59551e-06 7.56906e-09)
(-10 -3.25572e-06 1.93783e-08)
(-10 -4.02399e-06 1.02742e-08)
(-10 -4.91887e-06 5.74683e-09)
(-10 -5.95982e-06 1.02758e-08)
(-10 -7.16906e-06 1.34714e-09)
(-10 5.04563e-07 5.41095e-10)
(-10 7.6075e-07 -1.96606e-08)
(-10 4.998e-07 -4.26098e-08)
(-10 2.32173e-07 -9.76435e-08)
(-10 -5.51925e-08 3.52241e-08)
(-10 -3.52781e-07 2.5113e-08)
(-10 -6.69055e-07 -1.47722e-08)
(-10 -1.02281e-06 -1.06167e-08)
(-10 -1.42095e-06 -4.50488e-09)
(-10 -1.87604e-06 4.17433e-08)
(-10 -2.39797e-06 8.55886e-09)
(-10 -3.00433e-06 -4.16059e-09)
(-10 -3.71132e-06 5.36423e-09)
(-10 -4.53531e-06 9.89977e-09)
(-10 -5.49363e-06 4.4631e-09)
(-10 -6.60481e-06 2.54721e-09)
(-10 4.54868e-07 2.3296e-09)
(-10 6.8753e-07 -6.20186e-08)
(-10 4.53604e-07 -2.62365e-08)
(-10 1.9732e-07 3.51474e-08)
(-10 -5.08634e-08 -3.88979e-08)
(-10 -3.16873e-07 -2.9676e-08)
(-10 -6.13056e-07 4.18565e-08)
(-10 -9.32782e-07 4.96302e-08)
(-10 -1.29298e-06 1.49592e-08)
(-10 -1.7024e-06 -1.48204e-08)
(-10 -2.17626e-06 1.30303e-08)
(-10 -2.72556e-06 2.01166e-08)
(-10 -3.36574e-06 1.0362e-08)
(-10 -4.11105e-06 6.64761e-09)
(-10 -4.97845e-06 6.7174e-09)
(-10 -5.9841e-06 -1.70023e-09)
(-10 4.16871e-07 1.5588e-09)
(-10 6.25674e-07 -9.95894e-09)
(-10 4.11102e-07 -3.86032e-08)
(-10 1.97494e-07 -8.98049e-08)
(-10 -4.15311e-08 1.95232e-08)
(-10 -2.82326e-07 3.12188e-08)
(-10 -5.34061e-07 -1.61242e-09)
(-10 -8.19772e-07 -2.39664e-10)
(-10 -1.1419e-06 9.40214e-09)
(-10 -1.5093e-06 4.14145e-08)
(-10 -1.92847e-06 1.01742e-08)
(-10 -2.41642e-06 4.52598e-09)
(-10 -2.98547e-06 1.00968e-08)
(-10 -3.64804e-06 8.81885e-09)
(-10 -4.41577e-06 1.60554e-09)
(-10 -5.30522e-06 -3.83621e-09)
(-10 3.58695e-07 3.78582e-09)
(-10 6.10452e-07 -4.44887e-08)
(-10 3.87742e-07 -3.32693e-08)
(-10 1.71195e-07 2.11694e-08)
(-10 -1.78165e-08 -2.55877e-08)
(-10 -2.25822e-07 -1.01433e-08)
(-10 -4.59026e-07 4.53207e-08)
(-10 -7.07555e-07 5.26482e-08)
(-10 -9.86458e-07 1.73844e-08)
(-10 -1.30162e-06 4.77543e-09)
(-10 -1.66708e-06 2.50844e-08)
(-10 -2.08966e-06 2.95567e-08)
(-10 -2.58077e-06 1.80852e-08)
(-10 -3.15005e-06 8.35651e-09)
(-10 -3.81056e-06 2.73973e-09)
(-10 -4.576e-06 -7.58651e-09)
(-10 3.15027e-07 4.57953e-09)
(-10 5.36363e-07 -2.60307e-08)
(-10 3.3225e-07 -3.42848e-08)
(-10 1.75955e-07 -6.15784e-08)
(-10 -1.38407e-08 1.78461e-08)
(-10 -1.90237e-07 4.25225e-08)
(-10 -3.69576e-07 2.40225e-08)
(-10 -5.80862e-07 1.80049e-08)
(-10 -8.17291e-07 2.71116e-08)
(-10 -1.08508e-06 5.16936e-08)
(-10 -1.38721e-06 2.27814e-08)
(-10 -1.73813e-06 1.8862e-08)
(-10 -2.14639e-06 1.71159e-08)
(-10 -2.61896e-06 1.02727e-08)
(-10 -3.16353e-06 -9.41888e-10)
(-10 -3.79527e-06 -1.05136e-08)
(-10 2.50127e-07 6.58225e-09)
(-10 4.41905e-07 -3.49221e-08)
(-10 2.71375e-07 -2.25515e-08)
(-10 1.11528e-07 1.49251e-08)
(-10 -1.40985e-09 3.9393e-09)
(-10 -1.41135e-07 1.8536e-08)
(-10 -3.02842e-07 4.94708e-08)
(-10 -4.67584e-07 5.8197e-08)
(-10 -6.5135e-07 2.8965e-08)
(-10 -8.57092e-07 2.82842e-08)
(-10 -1.09761e-06 3.72865e-08)
(-10 -1.37447e-06 3.58895e-08)
(-10 -1.69265e-06 2.26744e-08)
(-10 -2.05804e-06 9.31043e-09)
(-10 -2.48146e-06 -7.23306e-10)
(-10 -2.97392e-06 -1.24022e-08)
(-10 1.96778e-07 7.95462e-09)
(-10 3.00885e-07 -4.37946e-08)
(-10 1.80588e-07 -2.90934e-08)
(-10 1.14876e-07 -3.63123e-08)
(-10 -3.84835e-08 4.14782e-09)
(-10 -1.36223e-07 3.13604e-08)
(-10 -2.28565e-07 2.71596e-08)
(-10 -3.47574e-07 1.8271e-08)
(-10 -4.80702e-07 2.78663e-08)
(-10 -6.3273e-07 4.08287e-08)
(-10 -7.98999e-07 3.02606e-08)
(-10 -9.95373e-07 2.1809e-08)
(-10 -1.22093e-06 1.33114e-08)
(-10 -1.47979e-06 3.83363e-09)
(-10 -1.77572e-06 -7.63357e-09)
(-10 -2.12129e-06 -1.79239e-08)
(-10 1.23696e-07 7.57816e-09)
(-10 2.95318e-08 -4.60543e-08)
(-10 -9.33233e-09 -5.302e-08)
(-10 -1.15517e-07 -2.36762e-08)
(-10 -1.45981e-07 -8.94959e-09)
(-10 -1.779e-07 -1.49683e-08)
(-10 -2.53929e-07 1.2355e-08)
(-10 -3.07442e-07 1.52701e-08)
(-10 -3.76096e-07 2.36758e-08)
(-10 -4.52059e-07 1.40378e-08)
(-10 -5.48912e-07 1.72866e-08)
(-10 -6.59239e-07 1.43502e-08)
(-10 -7.83184e-07 3.50866e-09)
(-10 -9.21949e-07 -6.92444e-09)
(-10 -1.08802e-06 -1.41956e-08)
(-10 -1.28374e-06 -2.35539e-08)
(-10 6.01568e-08 5.45857e-09)
(-10 -2.73828e-08 -5.52397e-08)
(-10 -4.57456e-08 -4.03791e-08)
(-10 -4.39859e-08 -2.67348e-08)
(-10 -5.35859e-08 -2.81077e-08)
(-10 -7.05146e-08 9.1262e-09)
(-10 -7.13764e-08 1.45059e-08)
(-10 -8.70671e-08 1.66843e-08)
(-10 -1.03555e-07 2.38632e-08)
(-10 -1.29187e-07 2.81772e-08)
(-10 -1.547e-07 2.79169e-08)
(-10 -1.88572e-07 2.08813e-08)
(-10 -2.27481e-07 1.11857e-08)
(-10 -2.71872e-07 1.67487e-09)
(-10 -3.26389e-07 -8.56357e-09)
(-10 -3.88814e-07 -1.96536e-08)
(-10 1.27139e-08 5.88917e-09)
(-10 -1.26713e-07 -1.14269e-07)
(-10 -5.55078e-07 -1.82159e-07)
(-10 -1.00255e-06 -1.02273e-07)
(-10 -1.48243e-06 -2.99007e-08)
(-10 -2.12781e-06 -6.63341e-08)
(-10 -2.85398e-06 -4.85895e-08)
(-10 -3.65142e-06 -1.71834e-08)
(-10 -4.54087e-06 8.72953e-09)
(-10 -5.53651e-06 4.2859e-08)
(-10 -6.6472e-06 2.58628e-08)
(-10 4.28372e-07 -1.17352e-08)
(-10 1.14287e-06 2.27826e-07)
(-10 1.14207e-06 2.40944e-07)
(-10 1.03374e-06 2.206e-07)
(-10 9.14085e-07 -1.61131e-08)
(-10 7.03506e-07 -1.92594e-08)
(-10 3.00685e-07 -9.73793e-08)
(-10 -1.12826e-07 -2.09196e-07)
(-10 -5.20277e-07 -7.58353e-08)
(-10 -9.85651e-07 -7.12252e-08)
(-10 -1.57996e-06 -1.24187e-07)
(-10 -2.26151e-06 -4.74159e-08)
(-10 -3.01633e-06 -9.44583e-09)
(-10 -3.87788e-06 3.96609e-09)
(-10 -4.84614e-06 1.44563e-08)
(-10 -5.91466e-06 5.21585e-09)
(-10 -7.11224e-06 2.75403e-08)
(-10 4.95731e-07 -8.17239e-09)
(-10 1.51865e-06 2.64521e-07)
(-10 1.39829e-06 2.01471e-07)
(-10 1.25789e-06 1.62838e-07)
(-10 1.01421e-06 2.17465e-07)
(-10 6.76972e-07 -6.02316e-08)
(-10 2.8484e-07 -8.74493e-08)
(-10 -1.19973e-07 -4.46812e-08)
(-10 -5.83238e-07 -7.21313e-08)
(-10 -1.08782e-06 -1.28435e-07)
(-10 -1.69476e-06 -3.07225e-08)
(-10 -2.40736e-06 -1.21209e-08)
(-10 -3.21207e-06 -4.82756e-08)
(-10 -4.10841e-06 -1.52391e-08)
(-10 -5.13577e-06 -8.8828e-09)
(-10 -6.29252e-06 3.52809e-08)
(-10 -7.5864e-06 2.19953e-08)
(-10 5.38698e-07 -8.25452e-09)
(-10 1.54985e-06 1.56965e-07)
(-10 1.42767e-06 2.40896e-07)
(-10 1.23553e-06 1.46611e-07)
(-10 9.81373e-07 2.43023e-09)
(-10 6.4392e-07 5.4823e-08)
(-10 2.23056e-07 9.56385e-09)
(-10 -1.83428e-07 -1.32034e-07)
(-10 -6.51356e-07 -6.955e-08)
(-10 -1.19803e-06 -2.21702e-08)
(-10 -1.83961e-06 -7.26825e-08)
(-10 -2.55976e-06 -2.10958e-08)
(-10 -3.39446e-06 4.10538e-09)
(-10 -4.33762e-06 2.09903e-09)
(-10 -5.41864e-06 3.07081e-09)
(-10 -6.63584e-06 -7.95358e-09)
(-10 -8.01205e-06 1.56037e-08)
(-10 5.75812e-07 -3.06468e-09)
(-10 1.54233e-06 2.20858e-07)
(-10 1.43551e-06 5.48374e-08)
(-10 1.24342e-06 9.69083e-08)
(-10 9.36685e-07 1.4049e-07)
(-10 5.86715e-07 -5.70695e-08)
(-10 1.89644e-07 -6.4022e-08)
(-10 -2.57676e-07 5.55519e-09)
(-10 -7.55888e-07 -1.28295e-09)
(-10 -1.31421e-06 -9.98292e-08)
(-10 -1.96242e-06 -7.09433e-09)
(-10 -2.70901e-06 2.76917e-09)
(-10 -3.57596e-06 -4.54837e-08)
(-10 -4.55243e-06 -2.0211e-08)
(-10 -5.67315e-06 -4.6078e-09)
(-10 -6.9451e-06 2.44109e-08)
(-10 -8.39252e-06 1.06008e-08)
(-10 6.1199e-07 -2.87872e-09)
(-10 1.54767e-06 2.51717e-08)
(-10 1.38492e-06 1.25197e-07)
(-10 1.13671e-06 7.89501e-08)
(-10 8.58131e-07 -3.5262e-08)
(-10 4.9692e-07 6.13099e-08)
(-10 9.19389e-08 5.39231e-08)
(-10 -3.47768e-07 -1.03709e-07)
(-10 -8.46981e-07 -2.61878e-08)
(-10 -1.41377e-06 4.8514e-10)
(-10 -2.08204e-06 -5.01326e-08)
(-10 -2.8558e-06 -2.02497e-08)
(-10 -3.73645e-06 8.16355e-09)
(-10 -4.74195e-06 8.10009e-10)
(-10 -5.89524e-06 2.56179e-09)
(-10 -7.20906e-06 -1.98358e-08)
(-10 -8.71394e-06 2.66351e-09)
(-10 6.40644e-07 8.14077e-10)
(-10 1.22177e-06 1.33048e-07)
(-10 1.29414e-06 -2.93244e-08)
(-10 1.0225e-06 2.84426e-08)
(-10 7.02797e-07 1.07293e-07)
(-10 3.72553e-07 -4.45974e-08)
(-10 -2.28141e-09 -3.88153e-08)
(-10 -4.42402e-07 3.36488e-08)
(-10 -9.34411e-07 1.36663e-08)
(-10 -1.53187e-06 -6.05478e-08)
(-10 -2.19172e-06 -2.40981e-09)
(-10 -2.97521e-06 -9.21041e-11)
(-10 -3.87362e-06 -2.99208e-08)
(-10 -4.89832e-06 -2.27959e-08)
(-10 -6.07572e-06 -7.30274e-09)
(-10 -7.4224e-06 1.65636e-08)
(-10 -8.96961e-06 4.19494e-09)
(-10 6.6174e-07 -1.27631e-09)
(-10 1.27459e-06 2.49703e-08)
(-10 1.01993e-06 1.32902e-07)
(-10 8.04207e-07 9.48541e-08)
(-10 5.4106e-07 1.85778e-08)
(-10 2.41266e-07 1.23004e-07)
(-10 -1.10051e-07 2.91649e-08)
(-10 -5.33324e-07 -7.31774e-08)
(-10 -1.03489e-06 -2.11317e-08)
(-10 -1.62539e-06 2.2331e-08)
(-10 -2.29989e-06 -2.8953e-08)
(-10 -3.0832e-06 -2.2987e-08)
(-10 -3.98489e-06 1.31221e-08)
(-10 -5.02179e-06 2.26164e-09)
(-10 -6.21194e-06 2.24078e-10)
(-10 -7.57713e-06 -2.62935e-08)
(-10 -9.15196e-06 -5.51498e-09)
(-10 6.76441e-07 1.41342e-09)
(-10 7.25813e-07 6.76806e-08)
(-10 5.9243e-07 1.48444e-08)
(-10 4.09901e-07 4.29263e-08)
(-10 1.6168e-07 -2.31805e-08)
(-10 -1.96815e-07 -2.92923e-08)
(-10 -6.23562e-07 5.73874e-08)
(-10 -1.12e-06 -4.76754e-11)
(-10 -1.70978e-06 -5.90591e-08)
(-10 -2.3812e-06 -9.59976e-10)
(-10 -3.16394e-06 1.97586e-09)
(-10 -4.06354e-06 -3.47779e-08)
(-10 -5.10199e-06 -1.90316e-08)
(-10 -6.29659e-06 -7.02269e-09)
(-10 -7.67058e-06 1.4783e-08)
(-10 -9.25716e-06 -1.34643e-10)
(-10 6.78623e-07 -1.18841e-08)
(-10 5.98914e-07 1.88914e-08)
(-10 4.54044e-07 -1.05444e-07)
(-10 3.02297e-07 -2.02155e-07)
(-10 5.73875e-08 1.51977e-08)
(-10 -2.89653e-07 1.84619e-08)
(-10 -7.01241e-07 -7.6225e-08)
(-10 -1.19908e-06 -4.45347e-08)
(-10 -1.77853e-06 3.67487e-08)
(-10 -2.44458e-06 -1.78565e-08)
(-10 -3.21937e-06 -2.08415e-08)
(-10 -4.11208e-06 9.97396e-09)
(-10 -5.14248e-06 6.52069e-09)
(-10 -6.33021e-06 1.79588e-09)
(-10 -7.69872e-06 -2.60659e-08)
(-10 -9.28215e-06 -9.16128e-09)
(-10 6.84093e-07 -2.41527e-09)
(-10 5.9218e-07 -2.19177e-08)
(-10 4.68955e-07 -2.25469e-07)
(-10 2.8176e-07 -3.77926e-08)
(-10 4.56429e-09 -1.07306e-07)
(-10 -3.42369e-07 -8.96153e-08)
(-10 -7.62257e-07 6.70687e-08)
(-10 -1.25288e-06 -2.02533e-08)
(-10 -1.82493e-06 -4.40985e-08)
(-10 -2.48572e-06 8.64889e-09)
(-10 -3.24198e-06 4.57526e-09)
(-10 -4.11828e-06 -2.64191e-08)
(-10 -5.13362e-06 -1.40841e-08)
(-10 -6.30431e-06 -3.89769e-09)
(-10 -7.6557e-06 1.5563e-08)
(-10 -9.223e-06 -6.96332e-10)
(-10 6.67306e-07 -6.76577e-09)
(-10 8.16151e-07 -2.15931e-07)
(-10 5.90984e-07 -1.32969e-07)
(-10 3.26174e-07 -2.73728e-07)
(-10 -7.36394e-11 4.94294e-09)
(-10 -3.74534e-07 2.17327e-08)
(-10 -8.08012e-07 -5.93892e-08)
(-10 -1.29642e-06 -5.29803e-08)
(-10 -1.85482e-06 3.85887e-08)
(-10 -2.49194e-06 -1.32928e-08)
(-10 -3.23555e-06 -1.34922e-08)
(-10 -4.09178e-06 4.50532e-09)
(-10 -5.08028e-06 1.10428e-08)
(-10 -6.22393e-06 6.01311e-09)
(-10 -7.54562e-06 -2.12967e-08)
(-10 -9.08126e-06 -8.24719e-09)
(-10 6.54965e-07 5.46243e-09)
(-10 8.70236e-07 -2.59427e-07)
(-10 6.11689e-07 -2.48946e-07)
(-10 3.12016e-07 2.47689e-08)
(-10 -2.70657e-08 -7.03044e-08)
(-10 -3.95138e-07 -2.81155e-08)
(-10 -8.35666e-07 8.18456e-08)
(-10 -1.31313e-06 -2.52497e-08)
(-10 -1.8575e-06 -2.65501e-08)
(-10 -2.48332e-06 3.11419e-08)
(-10 -3.19366e-06 1.04065e-08)
(-10 -4.01846e-06 -1.83462e-08)
(-10 -4.97681e-06 -8.18224e-09)
(-10 -6.0837e-06 1.24589e-09)
(-10 -7.36592e-06 2.00624e-08)
(-10 -8.85872e-06 1.41231e-09)
(-10 6.3201e-07 1.53165e-09)
(-10 9.17287e-07 -2.27263e-07)
(-10 5.60877e-07 -4.16925e-08)
(-10 2.89144e-07 -1.67284e-07)
(-10 -5.4435e-08 4.78406e-08)
(-10 -4.37321e-07 4.45043e-08)
(-10 -8.61983e-07 -3.86868e-08)
(-10 -1.32327e-06 -8.51924e-09)
(-10 -1.84553e-06 5.41746e-08)
(-10 -2.43068e-06 -7.66289e-09)
(-10 -3.11954e-06 -8.73627e-09)
(-10 -3.91155e-06 2.56821e-08)
(-10 -4.82721e-06 1.42589e-08)
(-10 -5.89005e-06 8.47971e-09)
(-10 -7.1226e-06 -1.2278e-08)
(-10 -8.55798e-06 -1.70789e-09)
(-10 6.07093e-07 3.78258e-09)
(-10 8.45509e-07 -1.78618e-07)
(-10 5.34549e-07 -1.85638e-07)
(-10 2.34038e-07 6.40633e-08)
(-10 -1.02546e-07 -3.77996e-08)
(-10 -4.71051e-07 -1.06114e-08)
(-10 -8.71316e-07 8.68042e-08)
(-10 -1.30907e-06 -1.49302e-08)
(-10 -1.80269e-06 -1.33191e-08)
(-10 -2.37126e-06 3.73547e-08)
(-10 -3.01053e-06 1.34046e-08)
(-10 -3.75826e-06 -1.49932e-08)
(-10 -4.62975e-06 -2.71855e-09)
(-10 -5.64121e-06 1.19605e-09)
(-10 -6.816e-06 2.63653e-08)
(-10 -8.18501e-06 1.85863e-09)
(-10 5.7694e-07 9.8579e-10)
(-10 8.62027e-07 -1.37864e-07)
(-10 4.88406e-07 -4.32555e-08)
(-10 1.88818e-07 -1.40828e-07)
(-10 -1.36951e-07 3.51088e-08)
(-10 -4.86577e-07 3.42666e-08)
(-10 -8.69645e-07 -3.36927e-08)
(-10 -1.28123e-06 5.30389e-09)
(-10 -1.7414e-06 5.63127e-08)
(-10 -2.25728e-06 -1.07133e-08)
(-10 -2.86938e-06 -1.41911e-08)
(-10 -3.57298e-06 2.14598e-08)
(-10 -4.38906e-06 1.5794e-08)
(-10 -5.34385e-06 4.30864e-09)
(-10 -6.45283e-06 -4.85643e-09)
(-10 -7.7433e-06 3.05054e-09)
(-10 5.4226e-07 7.56852e-10)
(-10 8.56843e-07 -2.0051e-07)
(-10 4.60594e-07 -1.36673e-07)
(-10 1.52021e-07 1.39817e-08)
(-10 -1.59054e-07 -6.47517e-08)
(-10 -4.96741e-07 -6.35012e-08)
(-10 -8.39126e-07 6.18194e-08)
(-10 -1.21729e-06 2.70429e-08)
(-10 -1.64471e-06 -1.30232e-08)
(-10 -2.14119e-06 3.50813e-08)
(-10 -2.69397e-06 6.59469e-09)
(-10 -3.34283e-06 -1.25602e-08)
(-10 -4.10693e-06 1.25233e-09)
(-10 -4.99783e-06 3.72553e-09)
(-10 -6.035e-06 2.60576e-08)
(-10 -7.23948e-06 -3.7166e-09)
(-10 5.04629e-07 -6.19204e-10)
(-10 7.8303e-07 -9.40006e-08)
(-10 4.12722e-07 -9.44846e-08)
(-10 1.14804e-07 -9.56253e-08)
(-10 -1.70696e-07 -2.84861e-08)
(-10 -4.65102e-07 3.09029e-09)
(-10 -7.89602e-07 -3.98402e-08)
(-10 -1.13316e-06 1.54553e-09)
(-10 -1.52977e-06 4.72165e-08)
(-10 -1.96716e-06 -1.36588e-08)
(-10 -2.48821e-06 -1.38334e-08)
(-10 -3.08777e-06 2.09685e-08)
(-10 -3.78787e-06 1.75765e-08)
(-10 -4.61162e-06 3.67834e-09)
(-10 -5.56719e-06 -6.0829e-09)
(-10 -6.67403e-06 -3.47648e-09)
(-10 4.61025e-07 3.27859e-10)
(-10 6.6941e-07 -1.3211e-07)
(-10 3.52514e-07 -9.242e-08)
(-10 9.60784e-08 -4.23588e-08)
(-10 -1.5951e-07 -9.44987e-08)
(-10 -4.33565e-07 -5.54051e-08)
(-10 -7.09449e-07 4.22871e-08)
(-10 -1.02199e-06 2.36032e-08)
(-10 -1.37664e-06 -9.12225e-09)
(-10 -1.79947e-06 3.30746e-08)
(-10 -2.25588e-06 1.20328e-08)
(-10 -2.79572e-06 -1.87572e-09)
(-10 -3.43567e-06 6.69837e-09)
(-10 -4.18262e-06 9.09478e-09)
(-10 -5.04921e-06 1.38345e-08)
(-10 -6.05102e-06 -1.11529e-08)
(-10 4.14908e-07 1.75259e-09)
(-10 5.83598e-07 -9.77734e-08)
(-10 3.33892e-07 -1.1309e-07)
(-10 8.67917e-08 -1.20982e-07)
(-10 -1.32167e-07 -6.75108e-08)
(-10 -3.59639e-07 -1.27359e-08)
(-10 -6.20729e-07 -3.11269e-08)
(-10 -8.92626e-07 7.1139e-09)
(-10 -1.22684e-06 4.68146e-08)
(-10 -1.57917e-06 5.47265e-09)
(-10 -1.99961e-06 5.83613e-09)
(-10 -2.48841e-06 3.11437e-08)
(-10 -3.05427e-06 2.12248e-08)
(-10 -3.71731e-06 8.92853e-09)
(-10 -4.48445e-06 -1.52954e-08)
(-10 -5.36874e-06 -2.13937e-08)
(-10 3.63865e-07 4.7354e-09)
(-10 5.92804e-07 -1.28278e-07)
(-10 2.97249e-07 -9.23876e-08)
(-10 1.05726e-07 -7.40136e-08)
(-10 -8.89045e-08 -9.02155e-08)
(-10 -3.03473e-07 -4.9764e-08)
(-10 -5.07406e-07 3.44758e-08)
(-10 -7.64367e-07 3.41087e-08)
(-10 -1.03646e-06 1.1653e-08)
(-10 -1.37802e-06 4.96111e-08)
(-10 -1.72883e-06 4.69726e-08)
(-10 -2.14529e-06 2.36706e-08)
(-10 -2.64037e-06 1.57483e-08)
(-10 -3.21187e-06 3.99415e-09)
(-10 -3.87137e-06 -3.9579e-09)
(-10 -4.63228e-06 -2.90923e-08)
(-10 3.11059e-07 9.12712e-09)
(-10 5.34519e-07 -1.31033e-07)
(-10 2.84619e-07 -1.30464e-07)
(-10 1.06248e-07 -1.12805e-07)
(-10 -5.48033e-08 -7.3913e-08)
(-10 -2.14658e-07 -8.23456e-09)
(-10 -4.21452e-07 -4.18974e-09)
(-10 -6.19377e-07 1.90186e-08)
(-10 -8.72988e-07 6.20044e-08)
(-10 -1.12463e-06 4.12435e-08)
(-10 -1.43111e-06 3.70196e-08)
(-10 -1.79061e-06 4.84058e-08)
(-10 -2.19806e-06 2.72605e-08)
(-10 -2.67208e-06 3.07672e-09)
(-10 -3.21463e-06 -2.62607e-08)
(-10 -3.84158e-06 -4.18557e-08)
(-10 2.54681e-07 1.27183e-08)
(-10 4.66707e-07 -1.50229e-07)
(-10 2.5051e-07 -1.20992e-07)
(-10 1.15429e-07 -8.5504e-08)
(-10 -1.85926e-08 -6.70055e-08)
(-10 -1.73932e-07 -1.83851e-08)
(-10 -3.1733e-07 3.49515e-08)
(-10 -4.84854e-07 5.09692e-08)
(-10 -6.67452e-07 4.15401e-08)
(-10 -8.95881e-07 6.91105e-08)
(-10 -1.12539e-06 7.20789e-08)
(-10 -1.39943e-06 4.67816e-08)
(-10 -1.72549e-06 2.10291e-08)
(-10 -2.09251e-06 -2.2976e-09)
(-10 -2.51517e-06 -2.18263e-08)
(-10 -3.0069e-06 -4.78303e-08)
(-10 1.92946e-07 1.62966e-08)
(-10 3.27883e-07 -1.4329e-07)
(-10 2.03757e-07 -1.141e-07)
(-10 9.66509e-08 -1.11369e-07)
(-10 -1.90246e-08 -6.7363e-08)
(-10 -1.2137e-07 -5.26734e-09)
(-10 -2.37522e-07 1.30305e-08)
(-10 -3.56181e-07 2.94981e-08)
(-10 -4.93773e-07 6.46993e-08)
(-10 -6.29164e-07 6.34145e-08)
(-10 -8.07008e-07 5.85834e-08)
(-10 -1.00992e-06 5.19777e-08)
(-10 -1.23678e-06 2.44989e-08)
(-10 -1.49613e-06 -4.39452e-09)
(-10 -1.79432e-06 -3.52423e-08)
(-10 -2.14052e-06 -5.61419e-08)
(-10 1.25673e-07 1.74725e-08)
(-10 5.67621e-08 -1.09555e-07)
(-10 -1.51433e-08 -9.7464e-08)
(-10 -7.37972e-08 -7.90155e-08)
(-10 -1.3341e-07 -4.44435e-08)
(-10 -2.01228e-07 -5.83398e-09)
(-10 -2.55383e-07 3.14317e-08)
(-10 -3.12516e-07 5.0576e-08)
(-10 -3.80058e-07 5.75507e-08)
(-10 -4.6936e-07 6.58666e-08)
(-10 -5.56139e-07 6.95892e-08)
(-10 -6.65969e-07 3.94762e-08)
(-10 -7.92305e-07 1.53346e-08)
(-10 -9.33709e-07 -1.25697e-08)
(-10 -1.09984e-06 -3.36695e-08)
(-10 -1.29483e-06 -5.80047e-08)
(-10 5.79641e-08 1.76892e-08)
(-10 -3.3664e-08 -1.50078e-07)
(-10 -3.01426e-08 -1.03933e-07)
(-10 -4.73386e-08 -8.1533e-08)
(-10 -5.9468e-08 -5.93152e-08)
(-10 -6.64301e-08 -4.97843e-09)
(-10 -8.05024e-08 1.31652e-08)
(-10 -9.67031e-08 4.27747e-08)
(-10 -1.18282e-07 5.56403e-08)
(-10 -1.30717e-07 7.53311e-08)
(-10 -1.59629e-07 7.03749e-08)
(-10 -1.97298e-07 4.3445e-08)
(-10 -2.33562e-07 2.30493e-08)
(-10 -2.77923e-07 5.26623e-09)
(-10 -3.31408e-07 -2.29754e-08)
(-10 -3.93641e-07 -4.81176e-08)
(-10 1.2263e-08 1.75182e-08)
(-10 -1.53879e-06 -1.43772e-07)
(-10 -2.1967e-06 -1.66041e-08)
(-10 -2.84732e-06 -1.61797e-08)
(-10 -3.6373e-06 -1.11999e-08)
(-10 -4.5248e-06 2.07643e-08)
(-10 -5.53274e-06 -1.5874e-09)
(-10 -6.64322e-06 4.12086e-08)
(-10 4.26247e-07 -1.83037e-08)
(-10 1.17643e-06 2.10408e-07)
(-10 1.15298e-06 1.88378e-07)
(-10 1.03525e-06 1.7625e-07)
(-10 8.7164e-07 1.09699e-07)
(-10 6.17357e-07 4.52897e-08)
(-10 3.58901e-07 -1.08661e-07)
(-10 -2.80698e-09 -1.22313e-07)
(-10 -4.43229e-07 -1.23999e-07)
(-10 -1.00575e-06 -1.44639e-07)
(-10 -1.59511e-06 -1.7159e-08)
(-10 -2.2196e-06 -4.38834e-08)
(-10 -2.99385e-06 -2.48097e-08)
(-10 -3.88706e-06 -2.33486e-08)
(-10 -4.84729e-06 -2.55094e-08)
(-10 -5.91516e-06 5.99434e-08)
(-10 -7.11581e-06 5.49166e-08)
(-10 4.97559e-07 -1.11413e-08)
(-10 1.47652e-06 2.41485e-07)
(-10 1.37013e-06 1.76691e-07)
(-10 1.23364e-06 1.45714e-07)
(-10 1.00916e-06 7.90171e-08)
(-10 7.16801e-07 4.45643e-08)
(-10 3.43001e-07 1.7013e-08)
(-10 -3.80979e-08 -6.96482e-08)
(-10 -5.18168e-07 -1.0021e-07)
(-10 -1.06218e-06 -8.19601e-08)
(-10 -1.70339e-06 -2.01905e-08)
(-10 -2.38701e-06 -7.98781e-08)
(-10 -3.193e-06 -3.37866e-08)
(-10 -4.09168e-06 -1.73466e-09)
(-10 -5.14337e-06 4.36276e-09)
(-10 -6.30715e-06 1.57311e-08)
(-10 -7.5971e-06 3.64278e-08)
(-10 5.35297e-07 -1.28073e-08)
(-10 1.482e-06 2.12019e-07)
(-10 1.37968e-06 1.46073e-07)
(-10 1.20326e-06 1.05229e-07)
(-10 9.57037e-07 8.88948e-08)
(-10 6.41711e-07 5.59672e-08)
(-10 2.71799e-07 -4.96415e-08)
(-10 -1.48794e-07 -4.09634e-08)
(-10 -6.23189e-07 -4.87851e-08)
(-10 -1.19872e-06 -2.46829e-08)
(-10 -1.81055e-06 -6.28696e-09)
(-10 -2.54264e-06 3.05415e-09)
(-10 -3.39367e-06 -2.85017e-08)
(-10 -4.34181e-06 -3.78286e-09)
(-10 -5.43105e-06 -8.82194e-09)
(-10 -6.6453e-06 3.9068e-08)
(-10 -8.02172e-06 3.11078e-08)
(-10 5.72598e-07 -2.12003e-09)
(-10 1.49374e-06 1.6033e-07)
(-10 1.39044e-06 1.08624e-07)
(-10 1.18846e-06 9.2691e-08)
(-10 9.16863e-07 3.35049e-08)
(-10 5.84139e-07 2.42509e-08)
(-10 1.9914e-07 4.06229e-08)
(-10 -2.34729e-07 -4.86846e-08)
(-10 -7.40865e-07 -5.41345e-08)
(-10 -1.2891e-06 -1.73098e-08)
(-10 -1.95486e-06 9.23027e-09)
(-10 -2.70843e-06 -3.95871e-08)
(-10 -3.5572e-06 -1.95538e-08)
(-10 -4.55223e-06 3.16477e-09)
(-10 -5.67838e-06 1.60954e-08)
(-10 -6.9564e-06 -6.39657e-09)
(-10 -8.40335e-06 1.57569e-08)
(-10 6.10151e-07 -5.82397e-09)
(-10 1.44651e-06 1.51272e-07)
(-10 1.33856e-06 7.89149e-08)
(-10 1.11178e-06 3.76651e-08)
(-10 8.34992e-07 5.61643e-08)
(-10 4.97687e-07 4.26297e-08)
(-10 1.09917e-07 1.79941e-09)
(-10 -3.29829e-07 -1.90905e-08)
(-10 -8.28064e-07 -1.40363e-08)
(-10 -1.41433e-06 8.44873e-09)
(-10 -2.06795e-06 -1.15962e-08)
(-10 -2.8359e-06 8.8977e-10)
(-10 -3.73469e-06 -1.80191e-08)
(-10 -4.74179e-06 -4.66878e-09)
(-10 -5.90075e-06 -9.0959e-09)
(-10 -7.21602e-06 2.286e-08)
(-10 -8.72381e-06 1.09459e-08)
(-10 6.40584e-07 2.18428e-09)
(-10 1.34333e-06 7.37092e-08)
(-10 1.22847e-06 4.58468e-08)
(-10 9.90813e-07 5.3641e-08)
(-10 6.93046e-07 -1.1317e-10)
(-10 3.75463e-07 4.67586e-08)
(-10 6.68649e-09 3.93929e-08)
(-10 -4.2932e-07 -2.56116e-08)
(-10 -9.34442e-07 -9.66677e-09)
(-10 -1.50002e-06 -3.02706e-09)
(-10 -2.18317e-06 1.15732e-08)
(-10 -2.97424e-06 -5.17774e-08)
(-10 -3.85903e-06 -1.6805e-08)
(-10 -4.89746e-06 1.09217e-09)
(-10 -6.07842e-06 1.28289e-08)
(-10 -7.42853e-06 -1.67153e-08)
(-10 -8.97861e-06 -1.59173e-09)
(-10 6.62692e-07 -2.14859e-09)
(-10 1.25649e-06 1.53357e-07)
(-10 1.05009e-06 6.85451e-09)
(-10 7.40345e-07 -1.41855e-08)
(-10 5.13702e-07 4.1524e-08)
(-10 2.3392e-07 3.30412e-08)
(-10 -1.11136e-07 -3.77518e-09)
(-10 -5.38662e-07 4.36949e-09)
(-10 -1.00938e-06 -1.33201e-09)
(-10 -1.60725e-06 8.63426e-10)
(-10 -2.28739e-06 -1.56729e-08)
(-10 -3.07614e-06 1.56375e-08)
(-10 -3.97818e-06 -6.98624e-09)
(-10 -5.01998e-06 -6.41956e-09)
(-10 -6.21302e-06 -1.31774e-08)
(-10 -7.58062e-06 8.27145e-09)
(-10 -9.15795e-06 2.41304e-10)
(-10 6.77482e-07 4.14693e-09)
(-10 1.03864e-06 5.93668e-08)
(-10 7.55542e-07 3.78037e-08)
(-10 4.74621e-07 1.29346e-08)
(-10 2.7404e-07 -3.2313e-08)
(-10 8.5268e-08 -1.86061e-08)
(-10 -2.27636e-07 1.19262e-09)
(-10 -6.22975e-07 -1.35165e-08)
(-10 -1.09289e-06 -2.18777e-08)
(-10 -1.69583e-06 -1.38526e-08)
(-10 -2.36828e-06 4.68946e-09)
(-10 -3.15785e-06 -4.01538e-08)
(-10 -4.05837e-06 -1.20977e-08)
(-10 -5.10052e-06 -1.3608e-09)
(-10 -6.29618e-06 9.19076e-09)
(-10 -7.67146e-06 -9.54062e-09)
(-10 -9.26063e-06 -7.51271e-09)
(-10 6.79256e-07 -7.30614e-09)
(-10 8.70323e-07 1.52725e-07)
(-10 5.53844e-07 3.11741e-08)
(-10 3.23191e-07 -1.59587e-07)
(-10 1.47788e-07 -1.58005e-07)
(-10 -1.76249e-08 -1.0311e-07)
(-10 -2.95787e-07 -7.93352e-08)
(-10 -7.15531e-07 -4.41023e-09)
(-10 -1.17132e-06 9.54685e-09)
(-10 -1.7618e-06 -9.9814e-09)
(-10 -2.43896e-06 -1.99065e-08)
(-10 -3.2134e-06 -2.38949e-09)
(-10 -4.1046e-06 2.10974e-09)
(-10 -5.13946e-06 -5.78878e-09)
(-10 -6.32861e-06 -1.31909e-08)
(-10 -7.69803e-06 -2.37905e-09)
(-10 -9.28309e-06 -6.26319e-09)
(-10 6.80439e-07 6.20457e-09)
(-10 4.88617e-07 -4.06192e-08)
(-10 4.39326e-07 -1.08595e-07)
(-10 2.37976e-07 -2.32788e-07)
(-10 4.8977e-10 -1.83361e-07)
(-10 -3.58045e-07 -6.90995e-08)
(-10 -7.52786e-07 -2.86185e-08)
(-10 -1.24536e-06 -3.41229e-08)
(-10 -1.82021e-06 -2.83435e-08)
(-10 -2.47132e-06 -2.4143e-09)
(-10 -3.23541e-06 -2.87884e-08)
(-10 -4.11864e-06 -5.45048e-09)
(-10 -5.13282e-06 2.02005e-11)
(-10 -6.30189e-06 1.0895e-08)
(-10 -7.65262e-06 -2.10531e-08)
(-10 -9.22176e-06 -8.75925e-09)
(-10 6.67197e-07 -6.06972e-09)
(-10 6.48692e-07 -1.19322e-07)
(-10 5.79149e-07 -2.09593e-07)
(-10 3.88033e-07 -2.25804e-07)
(-10 1.42942e-08 -2.10675e-07)
(-10 -3.49852e-07 -1.0589e-07)
(-10 -8.03044e-07 -1.50282e-08)
(-10 -1.27483e-06 1.81752e-08)
(-10 -1.83811e-06 -2.20354e-08)
(-10 -2.49558e-06 -2.58556e-08)
(-10 -3.23399e-06 -7.77872e-09)
(-10 -4.08636e-06 6.16104e-09)
(-10 -5.07783e-06 -5.11262e-09)
(-10 -6.2211e-06 -1.19766e-08)
(-10 -7.54375e-06 -1.82942e-10)
(-10 -9.07877e-06 -5.87113e-09)
(-10 6.55041e-07 6.34603e-09)
(-10 8.81163e-07 -3.05965e-07)
(-10 6.88607e-07 -1.5926e-07)
(-10 4.16236e-07 -1.96844e-07)
(-10 4.24227e-08 -1.13217e-07)
(-10 -3.90264e-07 -2.70074e-08)
(-10 -8.23531e-07 -1.7112e-08)
(-10 -1.31246e-06 -2.42709e-08)
(-10 -1.8603e-06 -3.63313e-08)
(-10 -2.47236e-06 -8.08982e-09)
(-10 -3.19344e-06 -2.43937e-08)
(-10 -4.02663e-06 -5.62557e-09)
(-10 -4.97893e-06 -6.32879e-10)
(-10 -6.08047e-06 9.41731e-09)
(-10 -7.36082e-06 -1.67231e-08)
(-10 -8.85441e-06 -8.47831e-09)
(-10 6.33008e-07 -6.15555e-10)
(-10 9.38636e-07 -2.32214e-07)
(-10 6.66304e-07 -1.68807e-07)
(-10 3.34328e-07 -7.5904e-08)
(-10 -3.72262e-08 -8.78489e-08)
(-10 -4.20356e-07 -6.01788e-08)
(-10 -8.5748e-07 -4.07648e-09)
(-10 -1.31786e-06 2.93162e-08)
(-10 -1.83614e-06 -2.02311e-08)
(-10 -2.44569e-06 -2.71804e-08)
(-10 -3.12781e-06 -1.2462e-08)
(-10 -3.91117e-06 1.34599e-09)
(-10 -4.82529e-06 -1.15339e-08)
(-10 -5.88675e-06 -1.60893e-08)
(-10 -7.12005e-06 1.72729e-08)
(-10 -8.55371e-06 8.13669e-10)
(-10 6.09016e-07 2.44309e-09)
(-10 9.40546e-07 -2.09244e-07)
(-10 5.32586e-07 -4.93634e-08)
(-10 2.32724e-07 -7.36991e-08)
(-10 -8.93614e-08 -3.62539e-08)
(-10 -4.73623e-07 5.27283e-10)
(-10 -8.71738e-07 -6.265e-09)
(-10 -1.31827e-06 -1.93842e-08)
(-10 -1.81486e-06 -3.74563e-08)
(-10 -2.36657e-06 -1.3458e-08)
(-10 -3.01792e-06 -3.2049e-08)
(-10 -3.76926e-06 -1.03208e-08)
(-10 -4.63207e-06 -7.16825e-09)
(-10 -5.63673e-06 1.89263e-09)
(-10 -6.81063e-06 -6.8174e-09)
(-10 -8.18148e-06 -9.70186e-10)
(-10 5.79128e-07 -3.16355e-09)
(-10 8.70292e-07 -1.18604e-07)
(-10 4.81957e-07 -8.92153e-08)
(-10 1.65185e-07 -3.46981e-08)
(-10 -1.60669e-07 -5.09599e-08)
(-10 -5.02701e-07 -8.51653e-08)
(-10 -8.79692e-07 -9.929e-09)
(-10 -1.28404e-06 1.74394e-08)
(-10 -1.73907e-06 -1.88904e-08)
(-10 -2.2802e-06 -4.1442e-08)
(-10 -2.8786e-06 1.00918e-08)
(-10 -3.56794e-06 -3.03895e-10)
(-10 -4.38534e-06 -1.80634e-08)
(-10 -5.34097e-06 -2.27867e-08)
(-10 -6.45436e-06 2.19679e-08)
(-10 -7.74383e-06 5.5414e-09)
(-10 5.44563e-07 -1.34507e-09)
(-10 9.11937e-07 -1.02213e-07)
(-10 4.25343e-07 -5.3586e-08)
(-10 1.1096e-07 -8.4721e-08)
(-10 -1.92688e-07 -9.79202e-08)
(-10 -5.12741e-07 -3.5225e-08)
(-10 -8.49154e-07 -2.32506e-08)
(-10 -1.23053e-06 -2.9726e-08)
(-10 -1.66083e-06 -4.19591e-08)
(-10 -2.13113e-06 7.26998e-09)
(-10 -2.69204e-06 -3.34624e-08)
(-10 -3.34718e-06 -6.94305e-09)
(-10 -4.10588e-06 -6.31811e-09)
(-10 -4.99734e-06 -7.76824e-09)
(-10 -6.03182e-06 -3.33054e-09)
(-10 -7.24401e-06 -1.00498e-09)
(-10 5.05593e-07 -4.93363e-09)
(-10 7.89985e-07 -9.59351e-08)
(-10 3.99023e-07 -1.21593e-07)
(-10 8.19237e-08 -8.2285e-08)
(-10 -2.02606e-07 -7.95629e-08)
(-10 -4.89542e-07 -8.00252e-08)
(-10 -8.00061e-07 -2.66436e-08)
(-10 -1.13514e-06 -1.05993e-08)
(-10 -1.52064e-06 -2.20693e-08)
(-10 -1.97867e-06 -4.03632e-08)
(-10 -2.48314e-06 1.33171e-08)
(-10 -3.06807e-06 8.30528e-09)
(-10 -3.78034e-06 -1.03794e-08)
(-10 -4.61153e-06 -2.79444e-08)
(-10 -5.57662e-06 1.54841e-08)
(-10 -6.6847e-06 -3.54184e-09)
(-10 4.61654e-07 -1.10896e-09)
(-10 6.77538e-07 -1.29904e-07)
(-10 3.20729e-07 -1.08956e-07)
(-10 6.77968e-08 -1.37471e-07)
(-10 -1.83379e-07 -8.57397e-08)
(-10 -4.40618e-07 -4.45352e-08)
(-10 -7.10737e-07 -3.62255e-08)
(-10 -1.03099e-06 -3.63196e-08)
(-10 -1.38985e-06 -4.8666e-08)
(-10 -1.7702e-06 1.70799e-08)
(-10 -2.2289e-06 -1.38841e-08)
(-10 -2.79164e-06 1.14262e-08)
(-10 -3.41843e-06 2.23476e-08)
(-10 -4.18551e-06 -5.22202e-09)
(-10 -5.05549e-06 -1.0264e-08)
(-10 -6.06404e-06 -1.6922e-08)
(-10 4.13136e-07 -8.20978e-10)
(-10 5.75604e-07 -1.04008e-07)
(-10 3.15803e-07 -1.5348e-07)
(-10 7.41097e-08 -1.25618e-07)
(-10 -1.44497e-07 -1.12166e-07)
(-10 -3.66596e-07 -8.37405e-08)
(-10 -6.19433e-07 -3.88971e-08)
(-10 -8.92336e-07 -1.09039e-08)
(-10 -1.20121e-06 -5.23647e-09)
(-10 -1.56942e-06 -2.069e-08)
(-10 -1.9825e-06 4.18041e-08)
(-10 -2.45408e-06 3.32065e-08)
(-10 -3.04517e-06 1.18199e-08)
(-10 -3.71881e-06 -2.08583e-08)
(-10 -4.49916e-06 -2.72546e-09)
(-10 -5.3855e-06 -2.7674e-08)
(-10 3.62458e-07 4.98999e-09)
(-10 5.6557e-07 -1.40091e-07)
(-10 2.79886e-07 -1.44638e-07)
(-10 9.53176e-08 -1.60378e-07)
(-10 -9.18684e-08 -1.03673e-07)
(-10 -2.91833e-07 -6.09134e-08)
(-10 -5.06734e-07 -3.7865e-08)
(-10 -7.55431e-07 -2.44767e-08)
(-10 -1.04496e-06 -1.18327e-08)
(-10 -1.33442e-06 5.17746e-08)
(-10 -1.6887e-06 2.72026e-08)
(-10 -2.13746e-06 4.08472e-08)
(-10 -2.62993e-06 3.68799e-08)
(-10 -3.21662e-06 1.21649e-08)
(-10 -3.87901e-06 -2.59636e-08)
(-10 -4.64715e-06 -4.30421e-08)
(-10 3.07248e-07 8.41903e-09)
(-10 4.85894e-07 -1.35816e-07)
(-10 2.9463e-07 -1.65827e-07)
(-10 1.16161e-07 -1.42773e-07)
(-10 -4.91999e-08 -1.17057e-07)
(-10 -2.20855e-07 -8.88184e-08)
(-10 -4.09925e-07 -3.82665e-08)
(-10 -6.11143e-07 6.46386e-09)
(-10 -8.41108e-07 3.11163e-08)
(-10 -1.10544e-06 2.85689e-08)
(-10 -1.41635e-06 7.98507e-08)
(-10 -1.76429e-06 6.60398e-08)
(-10 -2.18892e-06 2.272e-08)
(-10 -2.67621e-06 -1.12366e-08)
(-10 -3.22931e-06 -2.55516e-08)
(-10 -3.85616e-06 -5.5364e-08)
(-10 2.53149e-07 1.53014e-08)
(-10 4.55366e-07 -1.67192e-07)
(-10 2.56648e-07 -1.47887e-07)
(-10 1.26084e-07 -1.50819e-07)
(-10 -1.026e-08 -1.16868e-07)
(-10 -1.64918e-07 -5.91832e-08)
(-10 -3.03083e-07 -3.10074e-08)
(-10 -4.83915e-07 1.45899e-09)
(-10 -6.65702e-07 3.3853e-08)
(-10 -8.5983e-07 8.87327e-08)
(-10 -1.10344e-06 7.61817e-08)
(-10 -1.40168e-06 6.43129e-08)
(-10 -1.72671e-06 3.90841e-08)
(-10 -2.09845e-06 1.74735e-09)
(-10 -2.51949e-06 -3.94955e-08)
(-10 -3.01627e-06 -6.50252e-08)
(-10 1.90544e-07 1.82352e-08)
(-10 3.40235e-07 -1.35284e-07)
(-10 2.3561e-07 -1.425e-07)
(-10 1.28117e-07 -1.36296e-07)
(-10 2.57879e-10 -1.02553e-07)
(-10 -1.08301e-07 -8.2672e-08)
(-10 -2.32312e-07 -2.71052e-08)
(-10 -3.43503e-07 1.39838e-08)
(-10 -4.72906e-07 6.13292e-08)
(-10 -6.34484e-07 6.81496e-08)
(-10 -8.08974e-07 9.53249e-08)
(-10 -1.00278e-06 7.28983e-08)
(-10 -1.23655e-06 5.29489e-09)
(-10 -1.50364e-06 -1.2182e-08)
(-10 -1.80409e-06 -4.03976e-08)
(-10 -2.14812e-06 -7.17563e-08)
(-10 1.25065e-07 2.01912e-08)
(-10 8.80791e-08 -1.24457e-07)
(-10 1.7195e-08 -1.05548e-07)
(-10 -4.85302e-08 -1.03916e-07)
(-10 -1.13196e-07 -1.03161e-07)
(-10 -1.8895e-07 -3.62702e-08)
(-10 -2.41293e-07 -1.66062e-08)
(-10 -3.19153e-07 3.60381e-08)
(-10 -3.93196e-07 5.31749e-08)
(-10 -4.6353e-07 9.72384e-08)
(-10 -5.62773e-07 8.86619e-08)
(-10 -6.81728e-07 5.94349e-08)
(-10 -8.06566e-07 1.46356e-08)
(-10 -9.41393e-07 9.7587e-10)
(-10 -1.1029e-06 -4.59187e-08)
(-10 -1.29755e-06 -7.26737e-08)
(-10 5.80097e-08 1.98328e-08)
(-10 -1.30459e-08 -1.65322e-07)
(-10 -1.45011e-08 -1.30101e-07)
(-10 -3.48483e-08 -1.29048e-07)
(-10 -5.02712e-08 -8.28964e-08)
(-10 -6.71432e-08 -6.40872e-08)
(-10 -8.914e-08 -8.07107e-09)
(-10 -1.04576e-07 1.6514e-08)
(-10 -1.16208e-07 7.17645e-08)
(-10 -1.42679e-07 9.00508e-08)
(-10 -1.77865e-07 9.21443e-08)
(-10 -2.0247e-07 7.01273e-08)
(-10 -2.40904e-07 2.69341e-08)
(-10 -2.81669e-07 9.63564e-11)
(-10 -3.36044e-07 -3.1623e-08)
(-10 -3.94545e-07 -6.14215e-08)
(-10 8.88674e-09 1.72683e-08)
(-10 -2.85608e-06 -4.58545e-09)
(-10 -3.68594e-06 -3.88346e-08)
(-10 -4.59059e-06 2.86556e-09)
(-10 -5.50127e-06 7.00986e-08)
(-10 -6.63681e-06 2.09652e-08)
(-10 4.21279e-07 -8.90789e-09)
(-10 1.23362e-06 2.06044e-07)
(-10 1.12219e-06 1.75411e-07)
(-10 1.00852e-06 1.60226e-07)
(-10 8.4376e-07 1.31726e-07)
(-10 6.11284e-07 9.87745e-08)
(-10 3.20315e-07 7.20185e-08)
(-10 -4.10452e-08 5.15474e-08)
(-10 -4.78194e-07 4.23981e-08)
(-10 -9.22722e-07 -9.32209e-08)
(-10 -1.49069e-06 -3.21349e-08)
(-10 -2.2337e-06 -4.97819e-08)
(-10 -3.04296e-06 -9.49539e-08)
(-10 -3.86878e-06 -1.29613e-09)
(-10 -4.82314e-06 8.90359e-08)
(-10 -5.91306e-06 4.08136e-08)
(-10 -7.11672e-06 7.35384e-08)
(-10 5.02587e-07 -5.57709e-09)
(-10 1.37829e-06 1.90938e-07)
(-10 1.37494e-06 1.69239e-07)
(-10 1.21713e-06 1.49637e-07)
(-10 9.95258e-07 1.27983e-07)
(-10 7.11529e-07 9.27253e-08)
(-10 3.67369e-07 7.04079e-08)
(-10 -3.04021e-08 3.0769e-08)
(-10 -4.66947e-07 3.47633e-08)
(-10 -9.92771e-07 5.89689e-08)
(-10 -1.62968e-06 -6.39115e-08)
(-10 -2.37687e-06 -4.86397e-08)
(-10 -3.18069e-06 3.15142e-08)
(-10 -4.07893e-06 3.42222e-08)
(-10 -5.15451e-06 8.49028e-09)
(-10 -6.31711e-06 5.04935e-08)
(-10 -7.61091e-06 2.77605e-08)
(-10 5.34941e-07 -2.55693e-09)
(-10 1.41625e-06 1.83451e-07)
(-10 1.35469e-06 1.42341e-07)
(-10 1.18174e-06 1.19677e-07)
(-10 9.38384e-07 9.6178e-08)
(-10 6.31912e-07 7.48796e-08)
(-10 2.68911e-07 4.29891e-08)
(-10 -1.41385e-07 4.61276e-08)
(-10 -6.10858e-07 4.21258e-08)
(-10 -1.14421e-06 -5.51124e-08)
(-10 -1.78381e-06 1.17682e-08)
(-10 -2.53769e-06 2.75621e-08)
(-10 -3.37868e-06 -7.16821e-08)
(-10 -4.33572e-06 4.09539e-09)
(-10 -5.43004e-06 5.20395e-08)
(-10 -6.66151e-06 2.91919e-08)
(-10 -8.03588e-06 5.46578e-08)
(-10 5.68619e-07 1.64976e-09)
(-10 1.42299e-06 1.44356e-07)
(-10 1.35989e-06 1.16677e-07)
(-10 1.16242e-06 9.70507e-08)
(-10 8.98539e-07 7.88473e-08)
(-10 5.75144e-07 5.36592e-08)
(-10 1.97082e-07 4.11058e-08)
(-10 -2.30551e-07 -1.8808e-09)
(-10 -7.13431e-07 1.7378e-08)
(-10 -1.27575e-06 5.37672e-08)
(-10 -1.93216e-06 -5.07075e-08)
(-10 -2.68812e-06 1.00988e-08)
(-10 -3.54407e-06 3.18116e-08)
(-10 -4.51821e-06 2.33853e-08)
(-10 -5.68925e-06 -1.61268e-08)
(-10 -6.96378e-06 2.43335e-08)
(-10 -8.41557e-06 1.80561e-08)
(-10 6.0854e-07 1.46687e-09)
(-10 1.41005e-06 1.3315e-07)
(-10 1.30836e-06 8.74195e-08)
(-10 1.09034e-06 6.88019e-08)
(-10 8.17738e-07 5.40047e-08)
(-10 4.906e-07 4.46117e-08)
(-10 1.13025e-07 2.30299e-08)
(-10 -3.20697e-07 3.33943e-08)
(-10 -8.17156e-07 4.35373e-08)
(-10 -1.38644e-06 -4.71993e-08)
(-10 -2.06061e-06 1.77214e-08)
(-10 -2.82514e-06 2.0954e-08)
(-10 -3.71259e-06 -5.89082e-08)
(-10 -4.73743e-06 -1.05005e-08)
(-10 -5.90018e-06 3.54098e-08)
(-10 -7.22496e-06 1.31785e-08)
(-10 -8.73454e-06 3.27093e-08)
(-10 6.38151e-07 2.45083e-09)
(-10 1.37237e-06 9.67113e-08)
(-10 1.20115e-06 6.79481e-08)
(-10 9.54149e-07 5.26995e-08)
(-10 6.79378e-07 3.93885e-08)
(-10 3.6923e-07 2.71851e-08)
(-10 5.11195e-09 2.56401e-08)
(-10 -4.28249e-07 -9.6733e-09)
(-10 -9.2058e-07 1.71025e-08)
(-10 -1.5024e-06 2.93886e-08)
(-10 -2.17178e-06 -3.46685e-08)
(-10 -2.95014e-06 2.23863e-09)
(-10 -3.84672e-06 4.6167e-08)
(-10 -4.8799e-06 1.61448e-08)
(-10 -6.08017e-06 -2.91552e-08)
(-10 -7.43201e-06 6.50596e-09)
(-10 -8.98634e-06 2.91687e-09)
(-10 6.62464e-07 1.62215e-09)
(-10 1.23926e-06 1.11922e-07)
(-10 1.00882e-06 3.78811e-08)
(-10 7.3964e-07 1.25163e-08)
(-10 4.8473e-07 1.79346e-08)
(-10 2.15987e-07 1.7545e-08)
(-10 -1.18702e-07 2.45705e-09)
(-10 -5.31908e-07 2.2251e-08)
(-10 -1.0234e-06 1.06282e-08)
(-10 -1.6049e-06 -7.08401e-09)
(-10 -2.2638e-06 2.226e-08)
(-10 -3.06121e-06 9.21732e-09)
(-10 -3.96113e-06 -6.18884e-08)
(-10 -5.01468e-06 -1.55957e-08)
(-10 -6.21091e-06 2.88108e-08)
(-10 -7.58276e-06 6.03795e-11)
(-10 -9.16329e-06 7.21973e-09)
(-10 6.7598e-07 -1.0724e-09)
(-10 1.14235e-06 6.0525e-08)
(-10 7.62293e-07 1.38265e-08)
(-10 3.8968e-07 1.07807e-08)
(-10 2.00224e-07 -1.74656e-08)
(-10 3.41154e-08 -1.52878e-08)
(-10 -2.4838e-07 -3.02663e-09)
(-10 -6.3435e-07 -5.14107e-09)
(-10 -1.11135e-06 -7.28459e-09)
(-10 -1.68668e-06 6.04415e-09)
(-10 -2.35234e-06 -4.47902e-08)
(-10 -3.14641e-06 -1.37716e-08)
(-10 -4.04011e-06 5.15118e-08)
(-10 -5.09401e-06 1.01553e-08)
(-10 -6.29449e-06 -3.48069e-08)
(-10 -7.67298e-06 -1.55707e-09)
(-10 -9.26498e-06 -1.79743e-08)
(-10 6.8116e-07 -3.94155e-11)
(-10 8.97956e-07 1.26032e-07)
(-10 5.63774e-07 -3.37585e-09)
(-10 2.99115e-07 -7.79695e-08)
(-10 3.10896e-08 -8.6848e-08)
(-10 -1.35572e-07 -6.15223e-08)
(-10 -3.56234e-07 -4.05556e-08)
(-10 -7.04749e-07 -2.2648e-08)
(-10 -1.19121e-06 -2.67489e-08)
(-10 -1.76131e-06 -3.40382e-08)
(-10 -2.4207e-06 2.32974e-08)
(-10 -3.20007e-06 -7.49476e-09)
(-10 -4.09557e-06 -7.02587e-08)
(-10 -5.136e-06 -2.03073e-08)
(-10 -6.32642e-06 2.25879e-08)
(-10 -7.69433e-06 -7.31047e-09)
(-10 -9.28399e-06 -1.06369e-09)
(-10 6.79582e-07 -8.4088e-09)
(-10 6.59195e-07 7.32639e-08)
(-10 4.71246e-07 -2.9877e-08)
(-10 4.05877e-07 -9.04024e-08)
(-10 1.59104e-07 -1.63294e-07)
(-10 -1.14923e-07 -1.57126e-07)
(-10 -3.82925e-07 -7.36279e-08)
(-10 -7.72298e-07 -6.24481e-08)
(-10 -1.24823e-06 -5.1405e-08)
(-10 -1.81279e-06 -2.59061e-08)
(-10 -2.46077e-06 -5.99955e-08)
(-10 -3.23586e-06 -3.28875e-08)
(-10 -4.10435e-06 4.76261e-08)
(-10 -5.12761e-06 3.85289e-10)
(-10 -6.2983e-06 -3.81232e-08)
(-10 -7.65309e-06 -1.06635e-08)
(-10 -9.22232e-06 -2.59336e-08)
(-10 6.68099e-07 -6.52299e-10)
(-10 5.33892e-07 3.24987e-08)
(-10 5.31605e-07 -1.10221e-07)
(-10 3.64112e-07 -2.20141e-07)
(-10 5.32324e-08 -1.99031e-07)
(-10 -3.68215e-07 -1.08501e-07)
(-10 -7.86409e-07 -4.81922e-08)
(-10 -1.28528e-06 -7.44087e-08)
(-10 -1.84451e-06 -7.02326e-08)
(-10 -2.48562e-06 9.81184e-09)
(-10 -3.22908e-06 -2.88191e-09)
(-10 -4.09118e-06 -8.20163e-08)
(-10 -5.08087e-06 -3.07542e-08)
(-10 -6.22047e-06 1.47381e-08)
(-10 -7.5376e-06 -1.22983e-08)
(-10 -9.07568e-06 -8.3966e-10)
(-10 6.5597e-07 -1.69604e-09)
(-10 7.47902e-07 -1.64378e-07)
(-10 6.42652e-07 -1.34174e-07)
(-10 4.92192e-07 -2.6109e-07)
(-10 1.07089e-07 -2.08941e-07)
(-10 -3.66099e-07 -1.01193e-07)
(-10 -8.21251e-07 -8.68009e-08)
(-10 -1.31047e-06 -8.80562e-08)
(-10 -1.85455e-06 -3.86061e-08)
(-10 -2.47761e-06 -7.56453e-08)
(-10 -3.20489e-06 -5.32628e-08)
(-10 -4.02358e-06 3.41269e-08)
(-10 -4.9729e-06 -4.45201e-09)
(-10 -6.07465e-06 -3.88575e-08)
(-10 -7.36039e-06 -1.15722e-08)
(-10 -8.85067e-06 -2.126e-08)
(-10 6.32417e-07 -5.0158e-09)
(-10 9.72653e-07 -2.12089e-07)
(-10 7.05759e-07 -2.14484e-07)
(-10 4.33537e-07 -2.19131e-07)
(-10 2.07767e-08 -1.4127e-07)
(-10 -4.07508e-07 -1.02685e-07)
(-10 -8.468e-07 -5.40681e-08)
(-10 -1.32027e-06 -7.44366e-08)
(-10 -1.85093e-06 -8.82543e-08)
(-10 -2.44729e-06 -1.1031e-08)
(-10 -3.13063e-06 -1.7867e-08)
(-10 -3.9193e-06 -8.45287e-08)
(-10 -4.82932e-06 -4.68598e-08)
(-10 -5.88432e-06 1.36813e-08)
(-10 -7.11066e-06 -2.11308e-08)
(-10 -8.54849e-06 -7.10395e-11)
(-10 6.12652e-07 -5.31688e-09)
(-10 1.02152e-06 -1.81802e-07)
(-10 6.21223e-07 -1.23968e-07)
(-10 2.8294e-07 -1.25932e-07)
(-10 -8.0912e-08 -1.08956e-07)
(-10 -4.64446e-07 -8.17727e-08)
(-10 -8.74153e-07 -9.10052e-08)
(-10 -1.31948e-06 -9.97397e-08)
(-10 -1.81446e-06 -2.26786e-08)
(-10 -2.38499e-06 -9.11473e-08)
(-10 -3.03397e-06 -6.69054e-08)
(-10 -3.76314e-06 2.19178e-08)
(-10 -4.6204e-06 -4.0338e-09)
(-10 -5.62727e-06 -3.23429e-08)
(-10 -6.8112e-06 -9.8067e-09)
(-10 -8.17936e-06 -1.89211e-08)
(-10 5.7756e-07 -1.01524e-08)
(-10 1.00078e-06 -1.5852e-07)
(-10 4.83981e-07 -1.17125e-07)
(-10 1.67938e-07 -1.10775e-07)
(-10 -1.60111e-07 -9.68936e-08)
(-10 -5.07817e-07 -9.01555e-08)
(-10 -8.80915e-07 -6.71065e-08)
(-10 -1.29081e-06 -8.14957e-08)
(-10 -1.75974e-06 -8.97893e-08)
(-10 -2.27966e-06 -3.65302e-08)
(-10 -2.87249e-06 -2.53325e-08)
(-10 -3.57047e-06 -7.48943e-08)
(-10 -4.38407e-06 -5.38631e-08)
(-10 -5.33958e-06 1.41548e-08)
(-10 -6.4475e-06 -2.03031e-08)
(-10 -7.74397e-06 -8.8412e-10)
(-10 5.48717e-07 -9.77743e-09)
(-10 9.30213e-07 -1.59626e-07)
(-10 4.30214e-07 -1.23466e-07)
(-10 9.57839e-08 -1.13268e-07)
(-10 -2.1137e-07 -1.05054e-07)
(-10 -5.26897e-07 -9.87954e-08)
(-10 -8.62426e-07 -9.63007e-08)
(-10 -1.23639e-06 -9.09823e-08)
(-10 -1.65657e-06 -3.76298e-08)
(-10 -2.14008e-06 -8.90699e-08)
(-10 -2.6927e-06 -7.10288e-08)
(-10 -3.32413e-06 1.52235e-08)
(-10 -4.09006e-06 3.87034e-09)
(-10 -4.97732e-06 -3.30408e-08)
(-10 -6.04225e-06 -1.12873e-08)
(-10 -7.25021e-06 -2.37672e-08)
(-10 5.02174e-07 -1.20352e-08)
(-10 8.09826e-07 -1.43473e-07)
(-10 3.51413e-07 -1.39432e-07)
(-10 6.04751e-08 -1.25188e-07)
(-10 -2.23311e-07 -1.11426e-07)
(-10 -5.0502e-07 -1.00733e-07)
(-10 -8.05616e-07 -8.74681e-08)
(-10 -1.14417e-06 -8.85241e-08)
(-10 -1.52916e-06 -8.76712e-08)
(-10 -1.9558e-06 -4.56283e-08)
(-10 -2.45672e-06 -1.59047e-08)
(-10 -3.06064e-06 -5.30915e-08)
(-10 -3.76938e-06 -5.64486e-08)
(-10 -4.61568e-06 9.72666e-09)
(-10 -5.57397e-06 -1.8459e-08)
(-10 -6.69356e-06 -1.33948e-08)
(-10 4.64227e-07 -8.39023e-09)
(-10 6.65175e-07 -1.49656e-07)
(-10 3.20874e-07 -1.49005e-07)
(-10 4.52933e-08 -1.35372e-07)
(-10 -2.02222e-07 -1.27914e-07)
(-10 -4.53116e-07 -1.0529e-07)
(-10 -7.23722e-07 -1.03239e-07)
(-10 -1.02802e-06 -9.05581e-08)
(-10 -1.3623e-06 -3.81048e-08)
(-10 -1.758e-06 -6.68994e-08)
(-10 -2.21932e-06 -7.27353e-08)
(-10 -2.75188e-06 1.83436e-08)
(-10 -3.41525e-06 7.24701e-09)
(-10 -4.16235e-06 -2.93704e-08)
(-10 -5.07001e-06 -2.35901e-08)
(-10 -6.07923e-06 -3.82545e-08)
(-10 4.06893e-07 -7.81145e-09)
(-10 5.95962e-07 -1.4818e-07)
(-10 2.82825e-07 -1.65243e-07)
(-10 6.30422e-08 -1.52735e-07)
(-10 -1.54147e-07 -1.32361e-07)
(-10 -3.75019e-07 -1.205e-07)
(-10 -6.17099e-07 -9.62268e-08)
(-10 -8.85608e-07 -8.98965e-08)
(-10 -1.19553e-06 -9.84133e-08)
(-10 -1.53152e-06 -1.85638e-08)
(-10 -1.9373e-06 3.95458e-09)
(-10 -2.44723e-06 -3.08682e-08)
(-10 -3.02028e-06 -3.48077e-08)
(-10 -3.73083e-06 -4.19342e-09)
(-10 -4.50275e-06 -3.05273e-08)
(-10 -5.39994e-06 -3.78252e-08)
(-10 3.63049e-07 -4.01979e-09)
(-10 5.19551e-07 -1.64719e-07)
(-10 2.90755e-07 -1.72668e-07)
(-10 8.70143e-08 -1.62541e-07)
(-10 -9.93e-08 -1.49193e-07)
(-10 -2.93769e-07 -1.24162e-07)
(-10 -5.07813e-07 -1.14528e-07)
(-10 -7.45907e-07 -1.09339e-07)
(-10 -1.00261e-06 -3.23772e-08)
(-10 -1.30949e-06 -3.70508e-08)
(-10 -1.67126e-06 -1.70004e-08)
(-10 -2.1023e-06 2.77555e-08)
(-10 -2.62179e-06 -2.65957e-08)
(-10 -3.20209e-06 -3.47075e-08)
(-10 -3.89729e-06 -4.2219e-08)
(-10 -4.6641e-06 -6.34628e-08)
(-10 2.99965e-07 -2.64503e-09)
(-10 4.95327e-07 -1.73156e-07)
(-10 2.7847e-07 -1.84426e-07)
(-10 1.18975e-07 -1.71608e-07)
(-10 -4.51538e-08 -1.55339e-07)
(-10 -2.15706e-07 -1.37749e-07)
(-10 -3.998e-07 -1.18571e-07)
(-10 -6.01209e-07 -8.51281e-08)
(-10 -8.21003e-07 -7.79317e-08)
(-10 -1.07124e-06 -1.22332e-08)
(-10 -1.38215e-06 1.659e-08)
(-10 -1.76073e-06 -1.57507e-08)
(-10 -2.18062e-06 -2.71456e-08)
(-10 -2.68949e-06 -2.53293e-08)
(-10 -3.23021e-06 -4.86226e-08)
(-10 -3.86766e-06 -6.42696e-08)
(-10 2.54968e-07 9.74356e-10)
(-10 4.32773e-07 -1.87859e-07)
(-10 2.86546e-07 -1.88898e-07)
(-10 1.32567e-07 -1.80762e-07)
(-10 -3.30618e-09 -1.66351e-07)
(-10 -1.54172e-07 -1.45501e-07)
(-10 -3.01537e-07 -1.34882e-07)
(-10 -4.66288e-07 -1.04987e-07)
(-10 -6.36507e-07 -3.02685e-08)
(-10 -8.52008e-07 -1.97084e-08)
(-10 -1.10695e-06 -1.81306e-09)
(-10 -1.39116e-06 1.1891e-08)
(-10 -1.72011e-06 -1.09619e-08)
(-10 -2.09259e-06 -4.31039e-08)
(-10 -2.53205e-06 -5.64971e-08)
(-10 -3.02562e-06 -8.04673e-08)
(-10 1.83938e-07 1.66189e-09)
(-10 3.68854e-07 -1.82678e-07)
(-10 2.53771e-07 -1.81663e-07)
(-10 1.53567e-07 -1.82278e-07)
(-10 2.61425e-08 -1.64834e-07)
(-10 -8.03451e-08 -1.48565e-07)
(-10 -2.08122e-07 -1.40017e-07)
(-10 -3.23885e-07 -7.96385e-08)
(-10 -4.59544e-07 -6.08261e-08)
(-10 -6.17978e-07 -6.96342e-09)
(-10 -7.96769e-07 5.82208e-09)
(-10 -1.00929e-06 -1.68593e-08)
(-10 -1.25106e-06 -3.44111e-08)
(-10 -1.51233e-06 -4.16531e-08)
(-10 -1.80244e-06 -6.07208e-08)
(-10 -2.14926e-06 -7.94305e-08)
(-10 1.28159e-07 2.68778e-09)
(-10 1.08765e-07 -1.80656e-07)
(-10 5.4572e-08 -1.75484e-07)
(-10 -1.56581e-08 -1.74203e-07)
(-10 -8.92957e-08 -1.55406e-07)
(-10 -1.6223e-07 -1.52679e-07)
(-10 -2.32311e-07 -1.06248e-07)
(-10 -2.97414e-07 -8.34389e-08)
(-10 -3.79348e-07 -2.80108e-08)
(-10 -4.76002e-07 -6.5076e-09)
(-10 -5.84713e-07 -2.33926e-09)
(-10 -6.9402e-07 -7.93508e-09)
(-10 -8.09473e-07 -2.58238e-08)
(-10 -9.41475e-07 -4.8413e-08)
(-10 -1.10742e-06 -6.07647e-08)
(-10 -1.29741e-06 -7.65924e-08)
(-10 4.85531e-08 7.78446e-10)
(-10 7.34666e-09 -2.31492e-07)
(-10 -5.51591e-09 -2.12875e-07)
(-10 -1.80815e-08 -2.03147e-07)
(-10 -4.08449e-08 -1.84372e-07)
(-10 -6.20723e-08 -1.55647e-07)
(-10 -8.15491e-08 -1.23347e-07)
(-10 -1.0325e-07 -8.02216e-08)
(-10 -1.29736e-07 -4.20241e-08)
(-10 -1.59729e-07 -1.38834e-08)
(-10 -1.81467e-07 -5.0645e-09)
(-10 -2.1769e-07 -1.72991e-08)
(-10 -2.51493e-07 -3.28364e-08)
(-10 -2.95271e-07 -4.43102e-08)
(-10 -3.37023e-07 -5.4398e-08)
(-10 -3.97177e-07 -7.26324e-08)
(-10 6.4197e-09 -3.76331e-09)
(-10 -4.91222e-06 6.10929e-08)
(-10 -6.10255e-06 2.2795e-08)
(-10 4.76989e-07 3.9137e-09)
(-10 1.70372e-06 1.02701e-07)
(-10 1.73734e-06 1.23536e-07)
(-10 1.61691e-06 1.09687e-07)
(-10 1.46105e-06 9.47926e-08)
(-10 1.2452e-06 8.05534e-08)
(-10 9.7367e-07 5.85762e-08)
(-10 6.35877e-07 4.86746e-08)
(-10 2.25881e-07 3.85107e-08)
(-10 -2.60861e-07 6.09381e-08)
(-10 -8.35082e-07 6.54072e-08)
(-10 -1.47846e-06 1.65114e-08)
(-10 -2.2388e-06 -3.26678e-08)
(-10 -3.18738e-06 1.96213e-08)
(-10 -4.16515e-06 2.81462e-08)
(-10 -5.29984e-06 2.60007e-09)
(-10 -6.52147e-06 2.78974e-08)
(-10 5.41268e-07 -5.16646e-10)
(-10 2.08233e-06 1.27184e-07)
(-10 2.03076e-06 1.15819e-07)
(-10 1.90371e-06 1.04797e-07)
(-10 1.707e-06 9.23607e-08)
(-10 1.44465e-06 7.89892e-08)
(-10 1.12318e-06 6.65737e-08)
(-10 7.42286e-07 5.78578e-08)
(-10 2.98168e-07 5.00268e-08)
(-10 -2.16166e-07 1.57366e-08)
(-10 -8.27296e-07 3.48652e-08)
(-10 -1.55128e-06 5.25393e-08)
(-10 -2.38103e-06 1.24102e-08)
(-10 -3.33088e-06 2.71585e-08)
(-10 -4.47749e-06 -5.08247e-09)
(-10 -5.64999e-06 2.70876e-08)
(-10 -6.97299e-06 2.37912e-08)
(-10 5.85754e-07 4.74061e-09)
(-10 2.1299e-06 1.05356e-07)
(-10 2.09316e-06 9.27661e-08)
(-10 1.94262e-06 8.06236e-08)
(-10 1.72057e-06 6.94714e-08)
(-10 1.43319e-06 5.87015e-08)
(-10 1.08636e-06 4.46049e-08)
(-10 6.82909e-07 3.29347e-08)
(-10 2.16956e-07 2.25094e-08)
(-10 -3.24443e-07 4.36399e-08)
(-10 -9.57477e-07 3.98554e-08)
(-10 -1.7005e-06 1.76038e-08)
(-10 -2.55262e-06 2.29275e-08)
(-10 -3.51567e-06 1.6808e-08)
(-10 -4.69359e-06 3.99942e-08)
(-10 -5.94701e-06 -1.0634e-08)
(-10 -7.36634e-06 1.90068e-08)
(-10 6.32832e-07 8.30973e-10)
(-10 2.22102e-06 9.71495e-08)
(-10 2.16715e-06 8.1088e-08)
(-10 1.99436e-06 6.89544e-08)
(-10 1.75156e-06 5.85345e-08)
(-10 1.44597e-06 4.92356e-08)
(-10 1.08148e-06 4.23426e-08)
(-10 6.59656e-07 3.51296e-08)
(-10 1.73971e-07 2.89235e-08)
(-10 -3.91344e-07 -6.21906e-09)
(-10 -1.04312e-06 2.62682e-08)
(-10 -1.80847e-06 2.93426e-08)
(-10 -2.68797e-06 1.67799e-08)
(-10 -3.71488e-06 1.82345e-08)
(-10 -4.88587e-06 -1.7449e-09)
(-10 -6.21846e-06 1.65701e-08)
(-10 -7.71046e-06 1.21855e-08)
(-10 6.74241e-07 5.02505e-09)
(-10 2.25599e-06 8.18266e-08)
(-10 2.18346e-06 5.85454e-08)
(-10 1.98345e-06 4.80005e-08)
(-10 1.72728e-06 4.00103e-08)
(-10 1.41533e-06 3.41099e-08)
(-10 1.04543e-06 2.54276e-08)
(-10 6.14353e-07 1.51089e-08)
(-10 1.15791e-07 6.28281e-09)
(-10 -4.61485e-07 3.24246e-08)
(-10 -1.13632e-06 1.90632e-08)
(-10 -1.91704e-06 2.37749e-09)
(-10 -2.80376e-06 1.26886e-08)
(-10 -3.8608e-06 7.75039e-09)
(-10 -5.0803e-06 2.94785e-08)
(-10 -6.44251e-06 -7.88914e-10)
(-10 -8.00156e-06 1.14055e-08)
(-10 7.09778e-07 4.99355e-10)
(-10 2.27301e-06 7.0707e-08)
(-10 2.13262e-06 5.26876e-08)
(-10 1.90418e-06 3.86254e-08)
(-10 1.64278e-06 2.99266e-08)
(-10 1.34122e-06 2.58371e-08)
(-10 9.80937e-07 2.24433e-08)
(-10 5.52879e-07 1.82357e-08)
(-10 5.19358e-08 1.84387e-08)
(-10 -5.46526e-07 5.66932e-09)
(-10 -1.2162e-06 1.08717e-08)
(-10 -2.01322e-06 1.85842e-08)
(-10 -2.91969e-06 1.1916e-08)
(-10 -4.00427e-06 1.1479e-08)
(-10 -5.2264e-06 -1.07301e-08)
(-10 -6.62621e-06 8.51978e-09)
(-10 -8.22803e-06 3.6718e-09)
(-10 7.3517e-07 4.10867e-09)
(-10 2.2436e-06 5.19601e-08)
(-10 2.00072e-06 2.99949e-08)
(-10 1.72094e-06 2.09435e-08)
(-10 1.48099e-06 1.56742e-08)
(-10 1.21828e-06 1.34146e-08)
(-10 8.85415e-07 8.57987e-09)
(-10 4.70429e-07 1.95665e-09)
(-10 -2.85061e-08 -7.97502e-10)
(-10 -6.02595e-07 6.73166e-09)
(-10 -1.30151e-06 5.48816e-09)
(-10 -2.10429e-06 -7.60277e-09)
(-10 -3.0055e-06 -1.09489e-08)
(-10 -4.10504e-06 -2.40689e-09)
(-10 -5.34351e-06 2.03899e-08)
(-10 -6.75959e-06 3.47106e-10)
(-10 -8.3895e-06 5.3064e-09)
(-10 7.50516e-07 -6.7469e-10)
(-10 2.1006e-06 7.01695e-08)
(-10 1.7374e-06 3.77699e-08)
(-10 1.44208e-06 -4.15625e-09)
(-10 1.22343e-06 -4.83637e-09)
(-10 1.0568e-06 -2.59951e-09)
(-10 7.77376e-07 1.66588e-10)
(-10 3.84887e-07 1.57361e-09)
(-10 -9.38607e-08 1.69624e-09)
(-10 -6.72781e-07 -1.71961e-08)
(-10 -1.37362e-06 -4.20236e-09)
(-10 -2.17476e-06 6.1683e-09)
(-10 -3.1039e-06 -4.41861e-09)
(-10 -4.18012e-06 1.38746e-09)
(-10 -5.41779e-06 -2.06213e-08)
(-10 -6.83753e-06 1.50719e-08)
(-10 -8.48173e-06 -2.85244e-09)
(-10 7.57157e-07 2.41795e-09)
(-10 1.94266e-06 -2.61368e-08)
(-10 1.59797e-06 -9.11634e-09)
(-10 1.29012e-06 -7.62033e-09)
(-10 1.07831e-06 -3.41402e-08)
(-10 8.95913e-07 -2.88406e-08)
(-10 6.77631e-07 -2.2299e-08)
(-10 3.20242e-07 -2.01675e-08)
(-10 -1.6899e-07 -2.02579e-08)
(-10 -7.44715e-07 4.73052e-09)
(-10 -1.43933e-06 -1.13472e-08)
(-10 -2.23527e-06 -2.13096e-08)
(-10 -3.13923e-06 -2.73858e-08)
(-10 -4.21922e-06 -1.31096e-08)
(-10 -5.44486e-06 1.10863e-08)
(-10 -6.86092e-06 -7.61333e-09)
(-10 -8.49829e-06 1.93758e-09)
(-10 7.53675e-07 -2.36716e-09)
(-10 1.61717e-06 2.11591e-10)
(-10 1.65377e-06 -5.49496e-08)
(-10 1.51693e-06 -9.1368e-08)
(-10 1.1869e-06 -5.41812e-08)
(-10 9.01255e-07 -5.33162e-08)
(-10 6.576e-07 -4.35386e-08)
(-10 2.61433e-07 -2.53954e-08)
(-10 -2.2913e-07 -1.97061e-08)
(-10 -8.04006e-07 -4.46948e-08)
(-10 -1.48786e-06 -2.38638e-08)
(-10 -2.27294e-06 -1.00702e-08)
(-10 -3.17654e-06 -1.75397e-08)
(-10 -4.22422e-06 -9.66109e-09)
(-10 -5.4298e-06 -2.97743e-08)
(-10 -6.81948e-06 1.63539e-08)
(-10 -8.44224e-06 -8.50245e-09)
(-10 7.44879e-07 -9.80243e-11)
(-10 1.73323e-06 -6.46489e-08)
(-10 1.66679e-06 -3.12791e-08)
(-10 1.63202e-06 -2.21367e-08)
(-10 1.36907e-06 -1.1883e-07)
(-10 1.05344e-06 -9.97015e-08)
(-10 6.6279e-07 -6.52454e-08)
(-10 2.21829e-07 -4.89191e-08)
(-10 -2.8228e-07 -4.3469e-08)
(-10 -8.55113e-07 -1.11203e-08)
(-10 -1.52541e-06 -3.13104e-08)
(-10 -2.29174e-06 -3.79826e-08)
(-10 -3.16937e-06 -4.04812e-08)
(-10 -4.18598e-06 -2.40601e-08)
(-10 -5.35768e-06 1.05484e-09)
(-10 -6.72243e-06 -1.4489e-08)
(-10 -8.3058e-06 -2.76267e-09)
(-10 7.27423e-07 -5.30052e-09)
(-10 1.69525e-06 -5.27519e-09)
(-10 1.69473e-06 -1.1176e-07)
(-10 1.49336e-06 -1.3636e-07)
(-10 1.14482e-06 -1.32479e-07)
(-10 6.56184e-07 -7.26802e-08)
(-10 1.80176e-07 -4.90431e-08)
(-10 -3.29646e-07 -3.81673e-08)
(-10 -8.97108e-07 -6.441e-08)
(-10 -1.54407e-06 -4.33216e-08)
(-10 -2.28561e-06 -1.69353e-08)
(-10 -3.12859e-06 -2.17757e-08)
(-10 -4.10894e-06 -1.91193e-08)
(-10 -5.24442e-06 -3.5357e-08)
(-10 -6.55873e-06 -4.73654e-09)
(-10 -8.10141e-06 -1.27449e-08)
(-10 7.06576e-07 -1.80454e-09)
(-10 1.99294e-06 -8.95624e-08)
(-10 1.73369e-06 -8.3179e-08)
(-10 1.53261e-06 -1.5551e-07)
(-10 1.1071e-06 -1.0531e-07)
(-10 6.00216e-07 -7.6123e-08)
(-10 1.24869e-07 -6.33379e-08)
(-10 -3.73453e-07 -5.97525e-08)
(-10 -9.24732e-07 -2.66615e-08)
(-10 -1.54568e-06 -5.24477e-08)
(-10 -2.24915e-06 -4.99753e-08)
(-10 -3.05794e-06 -4.66637e-08)
(-10 -3.98464e-06 -3.22697e-08)
(-10 -5.07112e-06 -7.43368e-09)
(-10 -6.3485e-06 -2.23159e-08)
(-10 -7.82432e-06 -5.12949e-09)
(-10 6.78131e-07 -8.18157e-09)
(-10 2.0509e-06 -9.18826e-08)
(-10 1.6721e-06 -1.27724e-07)
(-10 1.35881e-06 -8.68678e-08)
(-10 9.239e-07 -8.0649e-08)
(-10 4.93236e-07 -7.02718e-08)
(-10 5.52436e-08 -6.08123e-08)
(-10 -4.13952e-07 -5.42311e-08)
(-10 -9.35138e-07 -7.8241e-08)
(-10 -1.51725e-06 -5.75548e-08)
(-10 -2.17769e-06 -1.96037e-08)
(-10 -2.93167e-06 -8.9063e-09)
(-10 -3.82237e-06 -2.7641e-08)
(-10 -4.86566e-06 -4.18398e-08)
(-10 -6.0733e-06 1.42568e-08)
(-10 -7.49022e-06 -1.60061e-08)
(-10 6.47309e-07 -5.22886e-09)
(-10 1.93727e-06 -1.20663e-07)
(-10 1.44091e-06 -4.92816e-08)
(-10 1.11909e-06 -9.03215e-08)
(-10 7.62973e-07 -8.02579e-08)
(-10 3.89749e-07 -7.3006e-08)
(-10 -5.52898e-09 -6.73033e-08)
(-10 -4.38052e-07 -6.50381e-08)
(-10 -9.18706e-07 -3.85934e-08)
(-10 -1.45762e-06 -5.82064e-08)
(-10 -2.06897e-06 -5.36936e-08)
(-10 -2.78584e-06 -4.35084e-08)
(-10 -3.60624e-06 -1.93286e-08)
(-10 -4.59505e-06 -1.23855e-08)
(-10 -5.76075e-06 -3.35285e-08)
(-10 -7.0916e-06 -7.81539e-09)
(-10 6.06741e-07 -9.78139e-09)
(-10 1.895e-06 -1.39032e-07)
(-10 1.30305e-06 -1.33504e-07)
(-10 9.74487e-07 -7.8568e-08)
(-10 6.47363e-07 -7.68121e-08)
(-10 3.13126e-07 -7.04627e-08)
(-10 -4.15021e-08 -6.33488e-08)
(-10 -4.34868e-07 -5.97706e-08)
(-10 -8.69394e-07 -8.03814e-08)
(-10 -1.36e-06 -4.75681e-08)
(-10 -1.92737e-06 -1.42925e-08)
(-10 -2.56622e-06 -1.58853e-08)
(-10 -3.37193e-06 -2.95314e-08)
(-10 -4.31652e-06 -4.12872e-08)
(-10 -5.39068e-06 7.13897e-09)
(-10 -6.64537e-06 -1.91492e-08)
(-10 5.64835e-07 -6.38427e-09)
(-10 1.70059e-06 -1.18517e-07)
(-10 1.20398e-06 -6.62104e-08)
(-10 8.66795e-07 -9.17463e-08)
(-10 5.67966e-07 -8.07686e-08)
(-10 2.69223e-07 -7.31816e-08)
(-10 -4.93394e-08 -6.83777e-08)
(-10 -3.99258e-07 -6.79507e-08)
(-10 -7.90373e-07 -3.93829e-08)
(-10 -1.23617e-06 -5.06831e-08)
(-10 -1.75102e-06 -4.95993e-08)
(-10 -2.37944e-06 -3.42839e-08)
(-10 -3.09491e-06 -2.27258e-08)
(-10 -3.95902e-06 -1.65356e-08)
(-10 -4.98718e-06 -3.20188e-08)
(-10 -6.13575e-06 -1.42901e-08)
(-10 5.11527e-07 -9.40697e-09)
(-10 1.476e-06 -9.67904e-08)
(-10 1.05588e-06 -1.26438e-07)
(-10 7.83269e-07 -8.49068e-08)
(-10 5.18581e-07 -8.01453e-08)
(-10 2.53054e-07 -7.35181e-08)
(-10 -3.16033e-08 -6.78335e-08)
(-10 -3.43016e-07 -6.09718e-08)
(-10 -6.92092e-07 -7.41691e-08)
(-10 -1.09068e-06 -4.1446e-08)
(-10 -1.56581e-06 -7.90836e-09)
(-10 -2.11415e-06 -1.97334e-08)
(-10 -2.79405e-06 -3.16593e-08)
(-10 -3.62245e-06 -4.06842e-08)
(-10 -4.52605e-06 -4.51099e-09)
(-10 -5.57778e-06 -2.14003e-08)
(-10 4.61268e-07 -5.77327e-09)
(-10 1.26294e-06 -1.13856e-07)
(-10 9.69843e-07 -7.99244e-08)
(-10 7.16314e-07 -9.707e-08)
(-10 4.86952e-07 -8.68748e-08)
(-10 2.53229e-07 -7.90948e-08)
(-10 2.8398e-09 -7.42362e-08)
(-10 -2.73745e-07 -6.84449e-08)
(-10 -5.8193e-07 -4.05237e-08)
(-10 -9.38776e-07 -4.18984e-08)
(-10 -1.36371e-06 -4.64639e-08)
(-10 -1.88298e-06 -3.53378e-08)
(-10 -2.50481e-06 -3.91701e-08)
(-10 -3.19534e-06 -2.32895e-08)
(-10 -4.03191e-06 -2.72378e-08)
(-10 -4.95263e-06 -2.46716e-08)
(-10 3.99421e-07 -7.60983e-09)
(-10 1.13328e-06 -1.08238e-07)
(-10 8.52497e-07 -1.30178e-07)
(-10 6.57906e-07 -9.79586e-08)
(-10 4.58739e-07 -9.22202e-08)
(-10 2.53209e-07 -8.58872e-08)
(-10 3.25273e-08 -7.70067e-08)
(-10 -2.1031e-07 -6.67177e-08)
(-10 -4.77928e-07 -6.80884e-08)
(-10 -7.77016e-07 -4.9677e-08)
(-10 -1.17511e-06 -1.54296e-08)
(-10 -1.61761e-06 -2.87969e-08)
(-10 -2.15106e-06 -3.25043e-08)
(-10 -2.79463e-06 -4.19784e-08)
(-10 -3.47771e-06 -1.86035e-08)
(-10 -4.28295e-06 -3.05471e-08)
(-10 3.44438e-07 -5.25769e-09)
(-10 9.5149e-07 -1.25313e-07)
(-10 7.77002e-07 -1.03656e-07)
(-10 5.8972e-07 -1.09417e-07)
(-10 4.17459e-07 -1.01212e-07)
(-10 2.39705e-07 -9.39743e-08)
(-10 5.07937e-08 -8.59639e-08)
(-10 -1.53781e-07 -7.50597e-08)
(-10 -3.73293e-07 -5.29537e-08)
(-10 -6.55204e-07 -4.21736e-08)
(-10 -9.68668e-07 -6.30486e-08)
(-10 -1.36547e-06 -4.24253e-08)
(-10 -1.81935e-06 -5.01152e-08)
(-10 -2.31397e-06 -1.44492e-08)
(-10 -2.89524e-06 -3.34861e-08)
(-10 -3.54748e-06 -3.54718e-08)
(-10 2.78664e-07 -6.02744e-09)
(-10 8.14274e-07 -1.24316e-07)
(-10 6.53173e-07 -1.35527e-07)
(-10 5.14294e-07 -1.1723e-07)
(-10 3.58403e-07 -1.10734e-07)
(-10 2.14629e-07 -1.03949e-07)
(-10 5.16603e-08 -9.13091e-08)
(-10 -1.07311e-07 -7.86387e-08)
(-10 -3.02692e-07 -6.85985e-08)
(-10 -5.08283e-07 -6.64023e-08)
(-10 -7.89534e-07 -3.24644e-08)
(-10 -1.07952e-06 -2.99606e-08)
(-10 -1.43227e-06 -3.80182e-08)
(-10 -1.82989e-06 -4.60081e-08)
(-10 -2.26108e-06 -3.16595e-08)
(-10 -2.7815e-06 -3.93461e-08)
(-10 2.12531e-07 -5.62015e-09)
(-10 6.36214e-07 -1.35155e-07)
(-10 5.31769e-07 -1.17684e-07)
(-10 4.07828e-07 -1.18906e-07)
(-10 3.02986e-07 -1.17513e-07)
(-10 1.66067e-07 -1.04782e-07)
(-10 5.83931e-08 -9.77496e-08)
(-10 -7.91837e-08 -8.08102e-08)
(-10 -2.01341e-07 -7.26375e-08)
(-10 -3.90442e-07 -4.98004e-08)
(-10 -5.71879e-07 -6.01644e-08)
(-10 -8.08612e-07 -4.74487e-08)
(-10 -1.0442e-06 -5.7451e-08)
(-10 -1.3086e-06 -2.91469e-08)
(-10 -1.62095e-06 -3.98937e-08)
(-10 -1.96983e-06 -4.07329e-08)
(-10 1.36112e-07 -6.49293e-09)
(-10 2.56445e-07 -1.28921e-07)
(-10 1.96829e-07 -1.31512e-07)
(-10 1.35135e-07 -1.19328e-07)
(-10 5.92898e-08 -1.14397e-07)
(-10 -4.25212e-09 -1.15906e-07)
(-10 -8.96062e-08 -9.21372e-08)
(-10 -1.53091e-07 -8.64892e-08)
(-10 -2.53696e-07 -6.32684e-08)
(-10 -3.50813e-07 -7.86812e-08)
(-10 -4.63483e-07 -4.06968e-08)
(-10 -5.75363e-07 -4.79135e-08)
(-10 -7.00995e-07 -3.89277e-08)
(-10 -8.43537e-07 -4.58523e-08)
(-10 -9.9966e-07 -3.84277e-08)
(-10 -1.19926e-06 -4.49102e-08)
(-10 6.32672e-08 -7.67567e-09)
(-10 3.43037e-08 -1.61404e-07)
(-10 3.46666e-08 -1.48659e-07)
(-10 2.05342e-08 -1.37597e-07)
(-10 -4.52723e-09 -1.3655e-07)
(-10 -2.51316e-08 -1.17628e-07)
(-10 -4.55094e-08 -1.12766e-07)
(-10 -7.30298e-08 -8.79537e-08)
(-10 -9.94873e-08 -7.88795e-08)
(-10 -1.30122e-07 -5.94886e-08)
(-10 -1.63167e-07 -5.29862e-08)
(-10 -1.97869e-07 -4.9371e-08)
(-10 -2.33737e-07 -5.20866e-08)
(-10 -2.61453e-07 -3.94633e-08)
(-10 -3.12417e-07 -4.10619e-08)
(-10 -3.69654e-07 -4.32807e-08)
(-10 1.45863e-08 -1.0695e-08)
)
;

boundaryField
{
    frontAndBack
    {
        type            slip;
    }
    inlet
    {
        type            fixedValue;
        value           uniform (-10 0 0);
    }
    outlet
    {
        type            inletOutlet;
        inletValue      nonuniform List<vector> 0();
        value           nonuniform List<vector> 0();
    }
    lowerWall
    {
        type            fixedValue;
        value           uniform (-10 0 0);
    }
    upperWall
    {
        type            slip;
    }
    procBoundary5to2
    {
        type            processor;
        value           nonuniform List<vector> 
100
(
(-10 3.46322e-07 7.15363e-08)
(-10 7.46734e-08 -2.21259e-08)
(-10 -2.42245e-07 -6.28984e-08)
(-10 -6.00985e-07 -4.34124e-08)
(-10 -1.02079e-06 -9.70657e-09)
(-10 -1.51824e-06 -1.96806e-09)
(-10 -2.09262e-06 -1.91325e-08)
(-10 -2.73934e-06 -1.52887e-08)
(-10 -3.46236e-06 -4.40183e-09)
(-10 -4.26689e-06 1.12645e-09)
(-10 -5.1673e-06 2.00833e-10)
(-10 -6.16934e-06 5.12621e-09)
(-10 3.6335e-07 -2.30897e-10)
(-10 6.83059e-07 2.1983e-07)
(-10 6.53336e-07 3.06821e-08)
(-10 5.11092e-07 8.41627e-08)
(-10 6.75204e-07 4.27567e-08)
(-10 6.75204e-07 4.27567e-08)
(-10 2.88726e-07 -1.17897e-08)
(-10 2.09934e-07 -1.41295e-07)
(-10 -1.07475e-07 -8.82683e-08)
(-10 -4.64372e-07 -8.06473e-08)
(-10 -9.25995e-07 -7.93744e-08)
(-10 -1.46796e-06 -9.21972e-08)
(-10 -2.00767e-06 -3.7451e-08)
(-10 -2.67057e-06 -3.73391e-09)
(-10 -3.42421e-06 -1.55669e-09)
(-10 -4.24143e-06 3.07358e-09)
(-10 -5.16177e-06 4.02522e-09)
(-10 -6.18602e-06 2.69092e-08)
(-10 3.63973e-07 -4.41433e-09)
(-10 6.42454e-07 2.36529e-07)
(-10 6.73208e-07 1.58342e-07)
(-10 5.5854e-07 1.82527e-07)
(-10 4.79888e-07 1.89803e-07)
(-10 2.88726e-07 -1.17897e-08)
(-10 2.09934e-07 -1.41295e-07)
(-10 2.09934e-07 -1.41295e-07)
(-10 -2.38153e-07 -1.29929e-07)
(-10 -6.18274e-07 -1.15227e-07)
(-10 -9.34861e-07 -1.36651e-07)
(-10 -1.40433e-06 -6.84516e-08)
(-10 -2.03459e-06 -4.51739e-08)
(-10 -2.73206e-06 -4.25721e-08)
(-10 -3.4322e-06 -1.29314e-08)
(-10 -4.23108e-06 4.00226e-09)
(-10 -5.13236e-06 3.19496e-08)
(-10 -6.17244e-06 4.67658e-08)
(-10 3.61772e-07 -5.4471e-09)
(-10 6.92281e-07 1.87811e-07)
(-10 6.75956e-07 1.87479e-07)
(-10 5.61084e-07 1.70195e-07)
(-10 4.54315e-07 1.63118e-07)
(-10 2.89613e-07 1.19235e-07)
(-10 4.38143e-08 3.75048e-08)
(-10 -2.38153e-07 -1.29929e-07)
(-10 -6.18274e-07 -1.15227e-07)
(-10 -9.34861e-07 -1.36651e-07)
(-10 -9.34861e-07 -1.36651e-07)
(-10 -1.60678e-06 -6.2869e-08)
(-10 -2.11861e-06 -6.90492e-08)
(-10 -2.69232e-06 -4.71684e-08)
(-10 -3.43779e-06 -5.23823e-10)
(-10 -4.2163e-06 1.20438e-08)
(-10 -5.16152e-06 2.78287e-08)
(-10 -6.1546e-06 6.86543e-08)
(-10 3.51011e-07 -3.37643e-09)
(-10 7.40187e-07 1.93626e-07)
(-10 6.7254e-07 1.72626e-07)
(-10 5.54956e-07 1.6965e-07)
(-10 4.31329e-07 1.54722e-07)
(-10 2.59761e-07 1.23377e-07)
(-10 3.84179e-08 1.0482e-07)
(-10 -2.56274e-07 1.02452e-07)
(-10 -6.26563e-07 4.96355e-08)
(-10 -1.09764e-06 9.38341e-08)
(-10 -1.60678e-06 -6.2869e-08)
(-10 -2.11861e-06 -6.90492e-08)
(-10 -2.11861e-06 -6.90492e-08)
(-10 -2.30781e-06 -6.96779e-08)
(-10 -3.15075e-06 1.36557e-09)
(-10 -3.82976e-06 -1.17498e-08)
(-10 -4.54334e-06 -1.63357e-09)
(-10 -5.63834e-06 2.94017e-08)
(-10 3.9556e-07 -2.6003e-09)
(-10 1.29083e-06 1.43713e-07)
(-10 1.21378e-06 1.05539e-07)
(-10 1.11681e-06 1.07119e-07)
(-10 1.00357e-06 1.0184e-07)
(-10 8.43691e-07 8.897e-08)
(-10 6.27436e-07 7.5494e-08)
(-10 3.40632e-07 5.78512e-08)
(-10 -2.338e-08 5.53911e-08)
(-10 -4.64256e-07 4.46793e-08)
(-10 -9.98912e-07 7.05237e-08)
(-10 -1.60062e-06 6.7137e-08)
(-10 -2.30781e-06 -6.96779e-08)
(-10 -3.15075e-06 1.36557e-09)
(-10 -3.82976e-06 -1.17498e-08)
(-10 -3.82976e-06 -1.17498e-08)
)
;
    }
    procBoundary5to4
    {
        type            processor;
        value           nonuniform List<vector> 
135
(
(-10 1.27909e-06 1.49685e-07)
(-10 1.4939e-06 1.66611e-07)
(-10 1.4418e-06 1.37538e-07)
(-10 1.44644e-06 1.37152e-07)
(-10 1.4462e-06 1.0389e-07)
(-10 1.31671e-06 2.73328e-08)
(-10 1.10098e-06 -3.25791e-08)
(-10 1.10098e-06 -3.25791e-08)
(-10 1.10098e-06 -3.25791e-08)
(-10 8.15559e-07 5.9433e-08)
(-10 5.72156e-07 -4.047e-08)
(-10 5.78023e-07 6.19964e-09)
(-10 7.49416e-07 -1.0775e-07)
(-10 8.68376e-07 -5.85552e-08)
(-10 9.41543e-07 -1.3793e-07)
(-10 9.90115e-07 -7.18366e-08)
(-10 1.06012e-06 -1.36375e-07)
(-10 1.04744e-06 -8.73083e-08)
(-10 9.34411e-07 -8.26765e-08)
(-10 8.61604e-07 -5.32757e-09)
(-10 8.23787e-07 -4.29569e-08)
(-10 8.42718e-07 -1.00397e-08)
(-10 7.73187e-07 -8.00526e-08)
(-10 5.62776e-07 -2.32431e-08)
(-10 3.71692e-07 -3.42297e-08)
(-10 2.51929e-08 -5.05645e-08)
(-10 -4.57186e-08 -5.8543e-08)
(-10 1.33194e-06 2.46397e-07)
(-10 1.52716e-06 3.51132e-07)
(-10 1.59132e-06 1.96177e-07)
(-10 1.57339e-06 2.7553e-07)
(-10 1.53035e-06 1.41429e-07)
(-10 1.47676e-06 1.33194e-07)
(-10 1.46862e-06 1.12402e-07)
(-10 1.19198e-06 1.33084e-07)
(-10 1.19198e-06 1.33084e-07)
(-10 1.19198e-06 1.33084e-07)
(-10 8.35706e-07 -4.11813e-08)
(-10 8.35706e-07 -4.11813e-08)
(-10 7.71761e-07 1.11927e-07)
(-10 8.98121e-07 -1.79044e-07)
(-10 1.0019e-06 -1.05151e-07)
(-10 1.02719e-06 -3.40322e-07)
(-10 1.04798e-06 -1.57503e-07)
(-10 1.00895e-06 -3.15206e-07)
(-10 1.0319e-06 -1.3345e-07)
(-10 9.63232e-07 -2.11552e-07)
(-10 8.36388e-07 -3.33467e-08)
(-10 8.00263e-07 -1.34836e-07)
(-10 7.56458e-07 -5.58989e-08)
(-10 7.66388e-07 -2.00277e-07)
(-10 6.28267e-07 -1.51876e-07)
(-10 3.99135e-07 -1.33787e-07)
(-10 5.3314e-08 -9.6205e-08)
(-10 -2.77532e-08 -1.27454e-07)
(-10 1.30436e-06 3.45045e-07)
(-10 1.5026e-06 2.9697e-07)
(-10 1.51114e-06 2.61418e-07)
(-10 1.52296e-06 2.13689e-07)
(-10 1.52454e-06 1.77545e-07)
(-10 1.48928e-06 1.5409e-07)
(-10 1.41839e-06 1.95622e-07)
(-10 1.31015e-06 1.3781e-07)
(-10 1.09538e-06 1.09318e-07)
(-10 6.44955e-07 1.24322e-07)
(-10 6.44955e-07 1.24322e-07)
(-10 6.44955e-07 1.24322e-07)
(-10 7.28349e-07 7.49801e-08)
(-10 8.32797e-07 -1.74006e-07)
(-10 9.97714e-07 -1.67376e-07)
(-10 1.05481e-06 -2.44424e-07)
(-10 1.08179e-06 -1.70515e-07)
(-10 1.12087e-06 -1.47906e-07)
(-10 1.02972e-06 -1.11472e-07)
(-10 8.92153e-07 -1.21688e-07)
(-10 7.7918e-07 -7.98129e-08)
(-10 7.37001e-07 -1.23698e-07)
(-10 6.57927e-07 -1.17814e-07)
(-10 6.33148e-07 -1.7246e-07)
(-10 4.52036e-07 -1.22615e-07)
(-10 1.03155e-07 -9.56115e-08)
(-10 -1.46976e-08 -1.40344e-07)
(-10 1.26715e-06 2.40743e-07)
(-10 1.48739e-06 2.25407e-07)
(-10 1.4784e-06 2.19882e-07)
(-10 1.48323e-06 1.69643e-07)
(-10 1.4746e-06 1.69597e-07)
(-10 1.46073e-06 1.25385e-07)
(-10 1.43034e-06 1.45069e-07)
(-10 1.35542e-06 1.3152e-07)
(-10 1.19284e-06 1.79658e-07)
(-10 8.38308e-07 1.62064e-07)
(-10 5.48331e-07 1.00087e-07)
(-10 5.48331e-07 1.00087e-07)
(-10 5.48331e-07 1.00087e-07)
(-10 7.04037e-07 -2.92764e-08)
(-10 9.4496e-07 -1.02214e-07)
(-10 1.05733e-06 -2.12762e-07)
(-10 1.20681e-06 -1.78191e-07)
(-10 1.15611e-06 -2.11876e-07)
(-10 1.02607e-06 -1.56767e-07)
(-10 8.84588e-07 -1.79021e-07)
(-10 7.94896e-07 -1.39222e-07)
(-10 7.00331e-07 -1.73499e-07)
(-10 6.43125e-07 -1.55211e-07)
(-10 6.049e-07 -1.95871e-07)
(-10 4.89726e-07 -1.85817e-07)
(-10 1.17261e-07 -1.93166e-07)
(-10 2.20972e-09 -2.31925e-07)
(-10 1.8275e-06 1.46004e-07)
(-10 2.04184e-06 1.19441e-07)
(-10 2.14507e-06 1.27523e-07)
(-10 2.22954e-06 9.78368e-08)
(-10 2.30886e-06 1.07415e-07)
(-10 2.36091e-06 7.86192e-08)
(-10 2.38824e-06 8.76879e-08)
(-10 2.37359e-06 6.18668e-08)
(-10 2.15516e-06 6.44052e-08)
(-10 1.96667e-06 2.70356e-09)
(-10 1.76398e-06 9.45329e-08)
(-10 1.80499e-06 7.48908e-08)
(-10 1.80499e-06 7.48908e-08)
(-10 1.915e-06 -9.7917e-08)
(-10 2.08312e-06 -9.936e-08)
(-10 2.13735e-06 -1.43966e-07)
(-10 2.12708e-06 -1.38461e-07)
(-10 1.95998e-06 -1.59076e-07)
(-10 1.70597e-06 -1.03974e-07)
(-10 1.49332e-06 -1.46281e-07)
(-10 1.30552e-06 -1.16028e-07)
(-10 1.12602e-06 -1.51719e-07)
(-10 9.96169e-07 -1.37264e-07)
(-10 7.51646e-07 -1.53811e-07)
(-10 2.78509e-07 -1.47448e-07)
(-10 3.86652e-08 -1.75707e-07)
)
;
    }
}


// ************************************************************************* //
