/*--------------------------------*- C++ -*----------------------------------*\
  =========                 |
  \\      /  F ield         | OpenFOAM: The Open Source CFD Toolbox
   \\    /   O peration     | Website:  https://openfoam.org
    \\  /    A nd           | Version:  10
     \\/     M anipulation  |
\*---------------------------------------------------------------------------*/
FoamFile
{
    format      ascii;
    class       surfaceScalarField;
    location    "0";
    object      phi;
}
// * * * * * * * * * * * * * * * * * * * * * * * * * * * * * * * * * * * * * //

dimensions      [0 3 -1 0 0 0 0];

internalField   nonuniform List<scalar> 
5620
(
-200
1.87673e-05
2.02822e-05
-200
1.90968e-05
1.98845e-05
-200
2.07273e-05
2.00993e-05
-200
2.07365e-05
1.95159e-05
-200
2.19366e-05
1.91444e-05
-200
2.17193e-05
1.76522e-05
-200
2.21233e-05
1.60336e-05
-200
2.17221e-05
1.35098e-05
-200
2.12319e-05
1.08419e-05
-200
2.04292e-05
8.20254e-06
-200
1.95227e-05
6.03714e-06
-200
1.86871e-05
4.54346e-06
-200
1.80058e-05
3.79079e-06
-200
1.77073e-05
3.7333e-06
-200
1.72081e-05
4.27121e-06
-200
1.76528e-05
5.33994e-06
1.71265e-05
6.08951e-06
-200
3.85274e-05
1.94408e-05
-200
4.0581e-05
1.97096e-05
-200
4.29289e-05
1.95257e-05
-200
4.39488e-05
1.93797e-05
-200
4.54484e-05
1.85641e-05
-200
4.5516e-05
1.73895e-05
-200
4.588e-05
1.55356e-05
-200
4.49673e-05
1.31207e-05
-200
4.38086e-05
1.0462e-05
-200
4.20365e-05
7.89778e-06
-200
4.01813e-05
5.81906e-06
-200
3.84686e-05
4.39326e-06
-200
3.72057e-05
3.69314e-06
-200
3.63345e-05
3.59452e-06
-200
3.59727e-05
4.27234e-06
-200
3.60852e-05
5.00923e-06
3.55213e-05
6.15152e-06
-200
5.70114e-05
1.88591e-05
-200
6.15086e-05
1.91573e-05
-200
6.32271e-05
1.86269e-05
-200
6.62841e-05
1.86663e-05
-200
6.67812e-05
1.75171e-05
-200
6.81388e-05
1.65936e-05
-200
6.75134e-05
1.449e-05
-200
6.65925e-05
1.22935e-05
-200
6.44824e-05
9.68338e-06
-200
6.1809e-05
7.31373e-06
-200
5.90029e-05
5.40807e-06
-200
5.64402e-05
4.13188e-06
-200
5.46082e-05
3.48719e-06
-200
5.31672e-05
3.44568e-06
-200
5.31199e-05
4.04612e-06
-200
5.20686e-05
4.63791e-06
5.30654e-05
5.78583e-06
-200
7.55005e-05
1.85318e-05
-200
8.02084e-05
1.78309e-05
-200
8.30142e-05
1.77765e-05
-200
8.58841e-05
1.70734e-05
-200
8.69921e-05
1.64199e-05
-200
8.81526e-05
1.4997e-05
-200
8.73615e-05
1.31909e-05
-200
8.59712e-05
1.09721e-05
-200
8.29445e-05
8.59552e-06
-200
7.93538e-05
6.49607e-06
-200
7.54495e-05
4.85365e-06
-200
7.21072e-05
3.79893e-06
-200
6.94465e-05
3.22326e-06
-200
6.80097e-05
3.32917e-06
-200
6.71671e-05
3.56906e-06
-200
6.67914e-05
4.63053e-06
6.64806e-05
5.2253e-06
-200
9.66544e-05
1.76144e-05
-200
9.84802e-05
1.64159e-05
-200
0.000102863
1.64288e-05
-200
0.0001041
1.53372e-05
-200
0.000106795
1.48765e-05
-200
0.000106542
1.30967e-05
-200
0.000106347
1.15698e-05
-200
0.00010375
9.31631e-06
-200
0.000100012
7.3085e-06
-200
9.51805e-05
5.53537e-06
-200
9.01948e-05
4.28581e-06
-200
8.59279e-05
3.46522e-06
-200
8.27244e-05
3.10343e-06
-200
8.1249e-05
3.14124e-06
-200
7.98644e-05
3.44987e-06
-200
8.08241e-05
4.44371e-06
8.0472e-05
4.80701e-06
-200
0.000109416
1.48763e-05
-200
0.000114044
1.48953e-05
-200
0.000118021
1.41398e-05
-200
0.000120175
1.37469e-05
-200
0.000122263
1.2502e-05
-200
0.000122363
1.11955e-05
-200
0.00012159
9.36754e-06
-200
0.000118259
7.4682e-06
-200
0.000113473
5.78224e-06
-200
0.000107187
4.50798e-06
-200
0.000101275
3.72309e-06
-200
9.61136e-05
3.24545e-06
-200
9.29841e-05
3.12563e-06
-200
9.10986e-05
3.03995e-06
-200
9.08683e-05
3.66034e-06
-200
9.13998e-05
3.90185e-06
9.15253e-05
5.03858e-06
-200
0.000124714
1.313e-05
-200
0.000130519
1.30604e-05
-200
0.000132578
1.19197e-05
-200
0.00013644
1.16613e-05
-200
0.000136901
1.00231e-05
-200
0.000138007
8.89925e-06
-200
0.000135732
6.89627e-06
-200
0.000131912
5.41511e-06
-200
0.000125425
4.13523e-06
-200
0.000118183
3.57439e-06
-200
0.000111178
3.26992e-06
-200
0.000106014
3.31959e-06
-200
0.000103025
3.28391e-06
-200
0.000101498
3.34191e-06
-200
0.000102349
3.69315e-06
-200
0.000101878
3.73422e-06
0.000104568
4.54099e-06
-200
0.000135603
1.17071e-05
-200
0.000140727
1.03342e-05
-200
0.000143704
9.92179e-06
-200
0.000146456
8.70426e-06
-200
0.000147504
7.64372e-06
-200
0.00014754
5.91138e-06
-200
0.000144766
4.34327e-06
-200
0.000139658
3.0805e-06
-200
0.000131981
2.5751e-06
-200
0.000124301
2.69258e-06
-200
0.000117092
3.16305e-06
-200
0.000112731
3.60922e-06
-200
0.000110129
3.68659e-06
-200
0.000109804
3.85035e-06
-200
0.000110074
3.54903e-06
-200
0.000110971
4.15095e-06
0.000111362
4.05182e-06
-200
0.000150625
9.29216e-06
-200
0.000151364
7.61625e-06
-200
0.000155279
7.33329e-06
-200
0.000156001
5.79524e-06
-200
0.000157841
4.85186e-06
-200
0.000156052
2.92419e-06
-200
0.000152727
1.71081e-06
-200
0.000145873
9.10525e-07
-200
0.00013824
1.34769e-06
-200
0.000130074
2.16291e-06
-200
0.000124533
3.5296e-06
-200
0.000120826
4.12882e-06
-200
0.000119372
4.39801e-06
-200
0.000119685
4.22217e-06
-200
0.000119492
3.87386e-06
-200
0.00012178
4.18237e-06
0.000122126
3.71227e-06
-200
0.000151277
4.73334e-06
-200
0.00015554
4.7236e-06
-200
0.000158769
3.79906e-06
-200
0.00016032
3.09255e-06
-200
0.000160845
1.54373e-06
-200
0.000158669
1.72055e-07
-200
0.000153946
-8.65158e-07
-200
0.00014672
-6.93181e-07
-200
0.000139454
4.16992e-07
-200
0.000132751
2.38268e-06
-200
0.00012912
4.02518e-06
-200
0.000126861
4.93467e-06
-200
0.0001267
5.12247e-06
-200
0.000126637
4.52259e-06
-200
0.000127564
4.41592e-06
-200
0.000128621
3.67078e-06
0.000129106
4.15519e-06
-200
0.000155884
1.36314e-06
-200
0.00016073
1.55156e-06
-200
0.000162279
5.303e-07
-200
0.000164954
1.09525e-07
-200
0.000163881
-1.46206e-06
-200
0.000161371
-2.39252e-06
-200
0.000155351
-2.83045e-06
-200
0.000149013
-1.68832e-06
-200
0.000142082
1.94093e-07
-200
0.000138682
3.04462e-06
-200
0.00013614
4.67519e-06
-200
0.000136037
5.78252e-06
-200
0.000136264
5.58295e-06
-200
0.00013619
4.95228e-06
-200
0.00013755
4.4255e-06
-200
0.000136866
3.47752e-06
0.00013966
3.41291e-06
-200
0.00015188
-1.3161e-06
-200
0.000156902
-2.18452e-06
-200
0.000159933
-2.30884e-06
-200
0.000161903
-3.20921e-06
-200
0.000161159
-4.02216e-06
-200
0.000157802
-4.64846e-06
-200
0.000152131
-4.00139e-06
-200
0.000146635
-2.24024e-06
-200
0.000142232
8.73303e-07
-200
0.000140909
3.5449e-06
-200
0.000140446
5.55567e-06
-200
0.000141474
6.25237e-06
-200
0.000141522
5.78631e-06
-200
0.000141944
5.197e-06
-200
0.000141783
3.99124e-06
-200
0.000142042
3.73804e-06
0.000141411
2.71844e-06
-200
0.000154534
-4.43505e-06
-200
0.000154493
-5.43841e-06
-200
0.000158994
-5.18012e-06
-200
0.000160256
-5.98453e-06
-200
0.00016005
-6.24266e-06
-200
0.000156182
-6.15991e-06
-200
0.000152051
-4.51289e-06
-200
0.00014732
-1.96961e-06
-200
0.000146664
1.78445e-06
-200
0.000145985
4.21094e-06
-200
0.000147986
6.27803e-06
-200
0.0001486
6.38652e-06
-200
0.000148631
5.92381e-06
-200
0.000148607
5.034e-06
-200
0.000147219
3.9623e-06
-200
0.000148126
3.47211e-06
0.000147517
2.16309e-06
-200
-9.88171e-06
-200
0.000148363
-8.12168e-06
-200
0.000151949
-8.1788e-06
-200
0.000154036
-8.17364e-06
-200
0.000153687
-8.08886e-06
-200
0.000150923
-6.87782e-06
-200
0.000148104
-4.63553e-06
-200
0.000146477
-8.976e-07
-200
0.000147569
2.31983e-06
-200
0.000149193
5.19562e-06
-200
0.00015162
6.41992e-06
-200
0.000151783
6.42884e-06
-200
0.000151491
5.9013e-06
-200
0.000149778
4.78237e-06
-200
0.000148569
4.16914e-06
-200
0.000147683
2.77863e-06
0.000146954
2.4861e-06
-200
0.000145347
-1.09911e-05
-200
0.000148513
-1.07909e-05
-200
0.000151502
-1.01586e-05
-200
0.000151135
-9.31167e-06
-200
0.000150368
-7.11648e-06
-200
0.000148767
-4.12712e-06
-200
0.00015115
4.48458e-08
-200
0.000152679
2.91662e-06
-200
0.000156979
5.66711e-06
-200
0.000157991
6.1342e-06
-200
0.000158093
6.27415e-06
-200
0.000156262
5.57053e-06
-200
0.000153122
4.75785e-06
-200
0.000151243
4.00056e-06
-200
0.000148261
2.57371e-06
0.000149261
1.6609e-06
-200
0.000135054
-1.66344e-05
-200
0.000142478
-1.35536e-05
-200
0.000145973
-1.20632e-05
-200
0.000146743
-9.95108e-06
-200
0.000147156
-7.20425e-06
-200
0.00014876
-3.15963e-06
-200
0.000152457
2.20135e-07
-200
0.000156528
3.52757e-06
-200
0.000160358
4.99459e-06
-200
0.000160817
5.61675e-06
-200
0.000159739
5.5516e-06
-200
0.00015581
5.03024e-06
-200
0.000151598
4.69754e-06
-200
0.0001473
3.63013e-06
-200
0.000144276
2.9482e-06
0.000141385
1.2518e-06
-200
0.000141842
-1.60185e-05
-200
0.000145245
-1.55221e-05
-200
0.000146812
-1.32753e-05
-200
0.000148388
-1.02569e-05
-200
0.0001495
-6.92906e-06
-200
0.000154519
-2.75361e-06
-200
0.000158443
1.53697e-07
-200
0.000164961
3.02255e-06
-200
0.000166727
3.65923e-06
-200
0.000167469
4.47115e-06
-200
0.000163975
4.26572e-06
-200
0.000158646
4.39064e-06
-200
0.000152813
4.30682e-06
-200
0.000146221
3.67955e-06
-200
0.000142591
3.03033e-06
0.000138878
1.12075e-06
-200
0.000144392
-1.80936e-05
-200
0.000146991
-1.48337e-05
-200
0.000146947
-1.27464e-05
-200
0.000147796
-1.01254e-05
-200
0.000151056
-6.36594e-06
-200
0.000156598
-3.34058e-06
-200
0.000163027
-2.5307e-07
-200
0.000168565
9.88221e-07
-200
0.00017078
1.97271e-06
-200
0.000170399
2.26794e-06
-200
0.000165859
2.70707e-06
-200
0.000159695
3.42295e-06
-200
0.000151809
3.69998e-06
-200
0.000144305
3.97737e-06
-200
0.000137859
2.91083e-06
0.000131918
2.00582e-06
-200
0.000153053
-1.40252e-05
-200
0.000149991
-1.44776e-05
-200
0.000149843
-1.21792e-05
-200
0.000150832
-9.62038e-06
-200
0.0001565
-6.35264e-06
-200
0.000162064
-4.14334e-06
-200
0.000170533
-1.90342e-06
-200
0.00017452
-1.55315e-06
-200
0.000178132
-6.25329e-07
-200
0.000176243
-5.33138e-07
-200
0.000172528
7.27806e-07
-200
0.000165621
1.86026e-06
-200
0.000156617
3.00174e-06
-200
0.000148164
3.82281e-06
-200
0.000138181
3.1741e-06
0.000131412
2.29737e-06
-200
0.000146681
-1.29762e-05
-200
0.000147403
-1.08634e-05
-200
0.000146971
-1.03135e-05
-200
0.000149827
-8.37822e-06
-200
0.000155326
-6.84565e-06
-200
0.00016297
-4.90067e-06
-200
0.000169952
-4.59347e-06
-200
0.000175383
-4.0131e-06
-200
0.000178212
-4.15583e-06
-200
0.000178007
-3.26819e-06
-200
0.000175104
-1.92999e-06
-200
0.00016893
-7.84421e-08
-200
0.000160436
2.06565e-06
-200
0.000149966
3.28304e-06
-200
0.000138956
4.20842e-06
0.000127295
3.76652e-06
-200
0.000144266
-5.90471e-06
-200
0.000142487
-8.15356e-06
-200
0.000143411
-7.98564e-06
-200
0.000148426
-6.99637e-06
-200
0.000153857
-6.40842e-06
-200
0.000162218
-5.6977e-06
-200
0.00016781
-6.19979e-06
-200
0.000174161
-6.21607e-06
-200
0.000176868
-6.58035e-06
-200
0.000178833
-5.56257e-06
-200
0.00017761
-4.0622e-06
-200
0.000172606
-1.62762e-06
-200
0.000165706
1.30418e-06
-200
0.000154079
3.68432e-06
-200
0.000141875
5.80201e-06
0.000130197
6.43111e-06
-200
0.000123128
-2.62255e-06
-200
0.000125172
-3.22247e-06
-200
0.000128858
-4.0308e-06
-200
0.000133153
-4.73473e-06
-200
0.000139913
-4.54687e-06
-200
0.000145596
-5.45204e-06
-200
0.000151772
-5.91802e-06
-200
0.000156864
-6.97914e-06
-200
0.000161394
-7.04372e-06
-200
0.00016546
-6.48523e-06
-200
0.000165656
-4.91764e-06
-200
0.000165072
-1.82962e-06
-200
0.000158126
1.36209e-06
-200
0.000148001
5.47075e-06
-200
0.000135199
8.77752e-06
0.000126337
1.11938e-05
-200
9.81756e-05
4.364e-06
-200
0.000101039
1.10498e-06
-200
0.000106361
2.45602e-07
-200
0.000111405
-6.53927e-07
-200
0.000116841
-1.19005e-06
-200
0.000120807
-2.44579e-06
-200
0.000126131
-3.23544e-06
-200
0.00013041
-4.53313e-06
-200
0.000136904
-4.76974e-06
-200
0.000140738
-4.75325e-06
-200
0.000145681
-3.01412e-06
-200
0.00014557
-1.71915e-07
-200
0.00014192
3.82025e-06
-200
0.000135355
9.54845e-06
-200
0.000131902
1.40197e-05
0.000111295
1.61438e-05
-200
6.45672e-05
6.01932e-06
-200
7.40137e-05
6.56976e-06
-200
7.99467e-05
4.82403e-06
-200
8.54887e-05
4.74665e-06
-200
8.88451e-05
3.17119e-06
-200
9.30049e-05
2.93955e-06
-200
9.6382e-05
1.29176e-06
-200
0.000102203
5.30686e-07
-200
0.00010759
-5.11558e-07
-200
0.000115287
-8.05429e-07
-200
0.000120616
7.02262e-07
-200
0.000125287
2.64476e-06
-200
0.000128737
8.58556e-06
-200
0.000131419
1.32778e-05
-200
0.000109342
1.69917e-05
2.69704e-05
-200
1.16001e-05
-200
9.85035e-06
-200
9.79212e-06
-200
8.68159e-06
-200
8.76407e-06
-200
7.75026e-06
-200
7.15915e-06
-200
5.82462e-06
-200
4.46136e-06
-200
3.98844e-06
-200
3.93197e-06
-200
7.19281e-06
-200
1.00808e-05
-200
1.49847e-05
2.84001e-05
-200
1.74526e-05
2.72718e-05
-200
1.88236e-05
2.72254e-05
-200
1.9831e-05
2.71266e-05
-200
2.05237e-05
2.66163e-05
-200
2.10298e-05
2.56442e-05
-200
2.13089e-05
2.39442e-05
-200
2.13451e-05
2.15025e-05
-200
2.11141e-05
1.8358e-05
-200
2.06382e-05
1.48681e-05
-200
1.9953e-05
1.15044e-05
-200
1.91819e-05
8.72401e-06
-200
1.84524e-05
6.77453e-06
-200
1.78532e-05
5.76194e-06
-200
1.74904e-05
5.65237e-06
-200
1.72098e-05
6.27204e-06
-200
1.71361e-05
7.43914e-06
1.72234e-05
8.58412e-06
-200
3.76185e-05
2.68034e-05
-200
3.9718e-05
2.67239e-05
-200
4.15246e-05
2.6561e-05
-200
4.28341e-05
2.60394e-05
-200
4.38126e-05
2.50199e-05
-200
4.42724e-05
2.33028e-05
-200
4.42463e-05
2.08563e-05
-200
4.36748e-05
1.77479e-05
-200
4.2592e-05
1.43252e-05
-200
4.11239e-05
1.10642e-05
-200
3.95391e-05
8.39586e-06
-200
3.80601e-05
6.53674e-06
-200
3.68839e-05
5.5809e-06
-200
3.6102e-05
5.46943e-06
-200
3.56192e-05
6.09405e-06
-200
3.5505e-05
7.19309e-06
3.49499e-05
8.31849e-06
-200
5.65e-05
2.5998e-05
-200
5.94361e-05
2.58305e-05
-200
6.18983e-05
2.55283e-05
-200
6.37952e-05
2.49545e-05
-200
6.50669e-05
2.3838e-05
-200
6.56442e-05
2.21057e-05
-200
6.54835e-05
1.96665e-05
-200
6.45278e-05
1.66485e-05
-200
6.27826e-05
1.33812e-05
-200
6.05314e-05
1.0342e-05
-200
5.81367e-05
7.88768e-06
-200
5.592e-05
6.20503e-06
-200
5.41958e-05
5.34225e-06
-200
5.29851e-05
5.24657e-06
-200
5.23745e-05
5.85685e-06
-200
5.20571e-05
6.83069e-06
5.21896e-05
7.90852e-06
-200
7.4067e-05
2.47529e-05
-200
7.79975e-05
2.43611e-05
-200
8.09085e-05
2.39142e-05
-200
8.31714e-05
2.3187e-05
-200
8.45804e-05
2.19817e-05
-200
8.51835e-05
2.02001e-05
-200
8.48286e-05
1.77949e-05
-200
8.33841e-05
1.49036e-05
-200
8.09336e-05
1.18966e-05
-200
7.78527e-05
9.18476e-06
-200
7.45623e-05
7.05161e-06
-200
7.15857e-05
5.62824e-06
-200
6.92593e-05
4.90504e-06
-200
6.77161e-05
4.87444e-06
-200
6.69809e-05
5.41007e-06
-200
6.64995e-05
6.31711e-06
6.5827e-05
7.40228e-06
-200
9.23762e-05
2.33374e-05
-200
9.61041e-05
2.26636e-05
-200
9.92868e-05
2.20577e-05
-200
0.000101615
2.11466e-05
-200
0.000103085
1.98581e-05
-200
0.000103572
1.80079e-05
-200
0.000102906
1.56399e-05
-200
0.000100863
1.29328e-05
-200
9.76277e-05
1.02742e-05
-200
9.35752e-05
7.98826e-06
-200
8.93156e-05
6.29325e-06
-200
8.55845e-05
5.21429e-06
-200
8.27591e-05
4.70362e-06
-200
8.10908e-05
4.73887e-06
-200
8.01933e-05
5.20349e-06
-200
7.99774e-05
6.08849e-06
8.08338e-05
7.02639e-06
-200
0.000106687
2.11284e-05
-200
0.000111177
2.02921e-05
-200
0.000114552
1.94955e-05
-200
0.000116917
1.84716e-05
-200
0.00011839
1.70521e-05
-200
0.000118775
1.51458e-05
-200
0.000117728
1.28197e-05
-200
0.000115051
1.03778e-05
-200
0.0001109
8.16268e-06
-200
0.000105729
6.44987e-06
-200
0.000100567
5.34772e-06
-200
9.62294e-05
4.72372e-06
-200
9.32315e-05
4.49198e-06
-200
9.15704e-05
4.57224e-06
-200
9.09196e-05
5.00965e-06
-200
9.11379e-05
5.74917e-06
9.07478e-05
6.54086e-06
-200
0.000122491
1.87735e-05
-200
0.000126259
1.77918e-05
-200
0.000129457
1.68065e-05
-200
0.000131819
1.56701e-05
-200
0.000133183
1.41006e-05
-200
0.000133338
1.21143e-05
-200
0.000131742
9.86751e-06
-200
0.000128264
7.76531e-06
-200
0.000122987
6.12972e-06
-200
0.000116805
5.20282e-06
-200
0.000111011
4.83271e-06
-200
0.000106466
4.75587e-06
-200
0.000103655
4.78494e-06
-200
0.000102292
4.89162e-06
-200
0.000102124
5.23552e-06
-200
0.000102529
5.69942e-06
0.000103803
6.24158e-06
-200
0.00013183
1.5704e-05
-200
0.000136481
1.45204e-05
-200
0.000139659
1.34337e-05
-200
0.000141911
1.21345e-05
-200
0.000143142
1.04412e-05
-200
0.000142872
8.36446e-06
-200
0.000140653
6.29314e-06
-200
0.000136267
4.65163e-06
-200
0.000130064
3.84504e-06
-200
0.000123474
3.9082e-06
-200
0.000117665
4.39012e-06
-200
0.000113543
4.87836e-06
-200
0.00011124
5.10634e-06
-200
0.000110385
5.1848e-06
-200
0.000110582
5.26891e-06
-200
0.00011102
5.46966e-06
0.000110831
5.86488e-06
-200
0.000143501
1.23865e-05
-200
0.000146845
1.1106e-05
-200
0.000149756
9.98724e-06
-200
0.000151778
8.59009e-06
-200
0.000152672
6.79838e-06
-200
0.000151752
4.74787e-06
-200
0.000148702
2.97657e-06
-200
0.000143367
2.01793e-06
-200
0.000136786
2.27977e-06
-200
0.000130417
3.39499e-06
-200
0.000125307
4.72545e-06
-200
0.000122085
5.66191e-06
-200
0.000120504
5.97794e-06
-200
0.000120154
5.88915e-06
-200
0.000120339
5.6642e-06
-200
0.000120981
5.64626e-06
0.000122818
5.69778e-06
-200
0.000146011
8.05588e-06
-200
0.000150583
6.86208e-06
-200
0.000153661
5.7874e-06
-200
0.000155659
4.4318e-06
-200
0.000156148
2.64119e-06
-200
0.000154662
8.20866e-07
-200
0.000150875
-4.29487e-07
-200
0.000145165
-4.02866e-07
-200
0.000139106
1.02127e-06
-200
0.000133785
3.15676e-06
-200
0.000130135
5.17997e-06
-200
0.000128186
6.37702e-06
-200
0.000127419
6.63574e-06
-200
0.000127309
6.29032e-06
-200
0.000127579
5.82378e-06
-200
0.000128319
5.48888e-06
0.000127947
5.26639e-06
-200
0.000151698
3.757e-06
-200
0.000154892
2.70624e-06
-200
0.000157843
1.76351e-06
-200
0.000159768
5.31772e-07
-200
0.000159881
-1.04309e-06
-200
0.000157846
-2.41704e-06
-200
0.000153522
-2.84869e-06
-200
0.000148151
-1.64968e-06
-200
0.000143144
8.39707e-07
-200
0.000139464
3.81059e-06
-200
0.000137516
6.20927e-06
-200
0.000136771
7.40883e-06
-200
0.000136582
7.46662e-06
-200
0.000136572
6.8818e-06
-200
0.000136871
6.19163e-06
-200
0.000137273
5.4977e-06
0.000138575
4.92407e-06
-200
0.000147006
-1.17142e-06
-200
0.000151818
-1.93841e-06
-200
0.000155446
-2.62915e-06
-200
0.000157566
-3.64397e-06
-200
0.00015769
-4.78199e-06
-200
0.00015544
-5.46462e-06
-200
0.000151332
-4.78401e-06
-200
0.000147058
-2.43767e-06
-200
0.000143656
9.70187e-07
-200
0.00014195
4.43171e-06
-200
0.000141575
6.86888e-06
-200
0.000141684
7.84922e-06
-200
0.000141737
7.66135e-06
-200
0.000141689
6.90123e-06
-200
0.000141738
5.94409e-06
-200
0.000141627
5.0078e-06
0.000140543
4.30644e-06
-200
0.000146023
-5.41477e-06
-200
0.000150301
-5.83479e-06
-200
0.000154309
-6.34591e-06
-200
0.000156836
-7.03663e-06
-200
0.000157165
-7.5985e-06
-200
0.00015506
-7.3325e-06
-200
0.000151859
-5.43388e-06
-200
0.000148995
-2.09261e-06
-200
0.000147501
1.97078e-06
-200
0.000147524
5.52409e-06
-200
0.000148208
7.71652e-06
-200
0.000148666
8.3884e-06
-200
0.000148596
7.99635e-06
-200
0.000148214
7.07375e-06
-200
0.000147542
5.92853e-06
-200
0.000147043
4.87995e-06
0.000148022
3.89e-06
-200
0.000138098
-8.91621e-06
-200
0.00014388
-9.34766e-06
-200
0.000147868
-9.9743e-06
-200
0.000150934
-1.03195e-05
-200
0.000151776
-1.01587e-05
-200
0.00015055
-8.74543e-06
-200
0.000148898
-5.7328e-06
-200
0.00014795
-1.57323e-06
-200
0.000148501
2.752e-06
-200
0.000149929
6.09887e-06
-200
0.000151174
7.89525e-06
-200
0.000151541
8.29009e-06
-200
0.000150974
7.77113e-06
-200
0.00014974
6.76208e-06
-200
0.000148305
5.59491e-06
-200
0.000147362
4.40507e-06
0.000145664
3.21036e-06
-200
0.000135063
-1.29802e-05
-200
0.000136529
-1.41417e-05
-200
0.000144196
-1.32125e-05
-200
0.000148526
-1.28296e-05
-200
0.000150136
-1.16728e-05
-200
0.000150231
-9.0749e-06
-200
0.000150278
-5.15684e-06
-200
0.000151424
-5.17997e-07
-200
0.000153634
3.66552e-06
-200
0.000155928
6.57601e-06
-200
0.000157182
7.9531e-06
-200
0.000156964
8.15603e-06
-200
0.000155418
7.62517e-06
-200
0.000153028
6.71144e-06
-200
0.000150665
5.64542e-06
-200
0.000148846
4.3069e-06
0.000148621
2.78278e-06
-200
-1.77046e-05
-200
0.000136017
-1.51573e-05
-200
0.000139402
-1.66593e-05
-200
0.000144079
-1.52794e-05
-200
0.000146265
-1.29249e-05
-200
0.000147586
-9.34486e-06
-200
0.000149394
-4.82095e-06
-200
0.000152353
-1.98908e-07
-200
0.000155739
3.54166e-06
-200
0.000158271
5.86242e-06
-200
0.000159027
6.89527e-06
-200
0.00015773
7.04732e-06
-200
0.000154811
6.71279e-06
-200
0.000150988
6.12885e-06
-200
0.000147377
5.22817e-06
-200
0.000144405
3.87831e-06
0.00014118
2.26495e-06
-200
0.0001386
-2.09283e-05
-200
0.000146321
-1.74047e-05
-200
0.000147638
-1.58563e-05
-200
0.000148594
-1.30351e-05
-200
0.00015038
-9.02236e-06
-200
0.000153602
-4.43253e-06
-200
0.000157807
-2.71624e-07
-200
0.000161782
2.76541e-06
-200
0.000164092
4.50598e-06
-200
0.000164027
5.32735e-06
-200
0.000161539
5.66824e-06
-200
0.000157134
5.78841e-06
-200
0.000151865
5.7342e-06
-200
0.000146686
5.1768e-06
-200
0.000142404
4.01663e-06
0.00014026
2.29418e-06
-200
0.000150749
-1.95139e-05
-200
0.000147548
-1.93941e-05
-200
0.000147833
-1.67646e-05
-200
0.000148585
-1.33392e-05
-200
0.000151077
-9.24152e-06
-200
0.000155343
-5.12801e-06
-200
0.000160448
-1.77601e-06
-200
0.000164594
4.00359e-07
-200
0.00016672
1.65243e-06
-200
0.000166022
2.45049e-06
-200
0.000162766
3.21039e-06
-200
0.000157254
4.0441e-06
-200
0.000150718
4.71299e-06
-200
0.000144063
4.78374e-06
-200
0.00013827
4.00566e-06
0.000132374
2.47555e-06
-200
0.000154692
-2.24594e-05
-200
0.000155639
-1.76323e-05
-200
0.000152758
-1.56652e-05
-200
0.000152773
-1.27055e-05
-200
0.00015573
-9.28888e-06
-200
0.000160881
-6.13219e-06
-200
0.00016633
-3.93513e-06
-200
0.000170677
-2.60498e-06
-200
0.000172616
-1.80844e-06
-200
0.00017197
-8.66234e-07
-200
0.000168376
3.98233e-07
-200
0.000162592
2.11189e-06
-200
0.000155155
3.63273e-06
-200
0.000147321
4.64009e-06
-200
0.000139797
4.57264e-06
0.000133707
3.39087e-06
-200
0.000157731
-1.49184e-05
-200
0.000151637
-1.65924e-05
-200
0.000150609
-1.44911e-05
-200
0.000151986
-1.21088e-05
-200
0.00015601
-9.69563e-06
-200
0.000161725
-7.9266e-06
-200
0.000167442
-6.90429e-06
-200
0.000171941
-6.4982e-06
-200
0.000174423
-5.99037e-06
-200
0.000174422
-5.00976e-06
-200
0.000171773
-3.12144e-06
-200
0.000166509
-6.82685e-07
-200
0.000159246
1.99564e-06
-200
0.000150593
4.14127e-06
-200
0.000141446
5.08675e-06
0.000131458
5.01965e-06
-200
0.000149394
-1.1806e-05
-200
0.000150191
-1.03896e-05
-200
0.00014959
-1.04508e-05
-200
0.00015196
-9.7539e-06
-200
0.000156766
-8.86489e-06
-200
0.000162602
-8.53576e-06
-200
0.00016825
-8.66483e-06
-200
0.000172969
-8.97949e-06
-200
0.000176144
-8.85395e-06
-200
0.000177391
-7.80226e-06
-200
0.000176273
-5.62915e-06
-200
0.00017229
-2.43441e-06
-200
0.000165796
1.24159e-06
-200
0.00015687
4.64685e-06
-200
0.000146524
6.95338e-06
0.000137639
8.07507e-06
-200
0.000134044
1.04999e-06
-200
0.000131934
-4.75058e-06
-200
0.00013554
-5.99635e-06
-200
0.000139529
-6.45371e-06
-200
0.000145158
-6.8769e-06
-200
0.000150293
-7.68509e-06
-200
0.000155963
-8.63969e-06
-200
0.000160685
-9.58276e-06
-200
0.000164947
-9.74674e-06
-200
0.000168166
-8.91689e-06
-200
0.00016863
-6.64994e-06
-200
0.000167662
-2.9612e-06
-200
0.000161967
1.57634e-06
-200
0.000154372
6.32606e-06
-200
0.00014339
1.00574e-05
0.000134071
1.23707e-05
-200
0.000100762
-2.19217e-07
-200
0.000109578
1.49559e-06
-200
0.000113515
-2.95182e-07
-200
0.000119844
-8.93255e-07
-200
0.000123656
-2.5241e-06
-200
0.000129222
-3.44328e-06
-200
0.000133205
-5.23103e-06
-200
0.000138322
-6.24748e-06
-200
0.000143558
-6.88502e-06
-200
0.000146906
-6.6212e-06
-200
0.000151488
-4.06415e-06
-200
0.000149971
-9.57927e-07
-200
0.000149366
5.20494e-06
-200
0.000141182
1.05423e-05
-200
0.000136546
1.62854e-05
0.000128211
1.95619e-05
-200
7.32872e-05
1.10767e-05
-200
7.91396e-05
6.95199e-06
-200
8.77093e-05
6.81424e-06
-200
9.1637e-05
4.52989e-06
-200
9.7584e-05
4.2285e-06
-200
0.000100522
2.13779e-06
-200
0.00010555
1.17376e-06
-200
0.000110475
-3.75598e-07
-200
0.000115361
-1.81245e-06
-200
0.000122778
-9.64601e-07
-200
0.000125663
-8.33424e-07
-200
0.000132394
4.70514e-06
-200
0.000131073
8.72856e-06
-200
0.000134086
1.78723e-05
-200
0.000127167
2.23277e-05
0.000116275
2.9604e-05
-200
1.09933e-05
-200
1.30005e-05
-200
1.11729e-05
-200
1.14551e-05
-200
9.82373e-06
-200
9.59274e-06
-200
7.97217e-06
-200
6.39882e-06
-200
5.38477e-06
-200
3.62816e-06
-200
5.98991e-06
-200
7.39537e-06
-200
1.50744e-05
-200
2.03772e-05
-200
3.04104e-05
3.99268e-05
-200
1.67207e-05
2.30081e-05
-200
1.804e-05
2.30268e-05
-200
1.89473e-05
2.28324e-05
-200
1.96223e-05
2.23255e-05
-200
2.00543e-05
2.13853e-05
-200
2.03066e-05
1.99365e-05
-200
2.03355e-05
1.79137e-05
-200
2.01609e-05
1.54129e-05
-200
1.979e-05
1.26667e-05
-200
1.92652e-05
1.00376e-05
-200
1.86692e-05
7.84568e-06
-200
1.80809e-05
6.29933e-06
-200
1.75703e-05
5.47543e-06
-200
1.72046e-05
5.34732e-06
-200
1.69317e-05
5.79829e-06
-200
1.67516e-05
6.62333e-06
1.68083e-05
7.52759e-06
-200
3.636e-05
2.26489e-05
-200
3.83221e-05
2.26573e-05
-200
3.9911e-05
2.24443e-05
-200
4.1139e-05
2.19012e-05
-200
4.19658e-05
2.09452e-05
-200
4.2402e-05
1.94803e-05
-200
4.23873e-05
1.74658e-05
-200
4.1957e-05
1.49968e-05
-200
4.11171e-05
1.23048e-05
-200
3.99954e-05
9.75585e-06
-200
3.87451e-05
7.64091e-06
-200
3.75418e-05
6.16082e-06
-200
3.6511e-05
5.37789e-06
-200
3.57537e-05
5.263e-06
-200
3.52486e-05
5.69163e-06
-200
3.49387e-05
6.50209e-06
3.43093e-05
7.39001e-06
-200
5.45546e-05
2.21185e-05
-200
5.71401e-05
2.19397e-05
-200
5.93764e-05
2.16146e-05
-200
6.10334e-05
2.09957e-05
-200
6.21665e-05
1.99942e-05
-200
6.26667e-05
1.85002e-05
-200
6.25591e-05
1.6512e-05
-200
6.18015e-05
1.4105e-05
-200
6.04629e-05
1.15405e-05
-200
5.87233e-05
9.14463e-06
-200
5.68303e-05
7.19089e-06
-200
5.50188e-05
5.83586e-06
-200
5.35127e-05
5.13723e-06
-200
5.24037e-05
5.04062e-06
-200
5.16764e-05
5.46221e-06
-200
5.12546e-05
6.20963e-06
5.13986e-05
7.05153e-06
-200
7.18553e-05
2.09428e-05
-200
7.53453e-05
2.07247e-05
-200
7.80076e-05
2.02826e-05
-200
7.99833e-05
1.95767e-05
-200
8.12622e-05
1.84934e-05
-200
8.17581e-05
1.69787e-05
-200
8.14614e-05
1.50155e-05
-200
8.03047e-05
1.27168e-05
-200
7.83985e-05
1.03391e-05
-200
7.59832e-05
8.17741e-06
-200
7.33773e-05
6.45603e-06
-200
7.09389e-05
5.2989e-06
-200
6.89445e-05
4.71898e-06
-200
6.75042e-05
4.67503e-06
-200
6.66581e-05
5.06689e-06
-200
6.61422e-05
5.76958e-06
6.52397e-05
6.60132e-06
-200
8.89246e-05
1.99784e-05
-200
9.23986e-05
1.94158e-05
-200
9.52833e-05
1.87872e-05
-200
9.74356e-05
1.79579e-05
-200
9.87009e-05
1.6788e-05
-200
9.90997e-05
1.52436e-05
-200
9.84996e-05
1.33132e-05
-200
9.68706e-05
1.11586e-05
-200
9.43285e-05
9.02768e-06
-200
9.11715e-05
7.17519e-06
-200
8.78382e-05
5.7784e-06
-200
8.4818e-05
4.89094e-06
-200
8.24284e-05
4.48382e-06
-200
8.08304e-05
4.5087e-06
-200
7.98904e-05
4.88309e-06
-200
7.94473e-05
5.52963e-06
8.00752e-05
6.26753e-06
-200
0.000103008
1.80088e-05
-200
0.00010727
1.73969e-05
-200
0.00011035
1.66644e-05
-200
0.000112539
1.57127e-05
-200
0.000113778
1.44718e-05
-200
0.000114038
1.2889e-05
-200
0.000113116
1.10185e-05
-200
0.000110969
9.05726e-06
-200
0.000107723
7.25424e-06
-200
0.00010378
5.82809e-06
-200
9.97626e-05
4.87359e-06
-200
9.62796e-05
4.34263e-06
-200
9.36892e-05
4.16367e-06
-200
9.20694e-05
4.2651e-06
-200
9.12725e-05
4.60782e-06
-200
9.10601e-05
5.17702e-06
9.02802e-05
5.80826e-06
-200
0.000117695
1.64346e-05
-200
0.000121148
1.54514e-05
-200
0.000124187
1.45392e-05
-200
0.000126295
1.34663e-05
-200
0.000127465
1.21461e-05
-200
0.000127479
1.05172e-05
-200
0.000126157
8.72774e-06
-200
0.000123399
7.01617e-06
-200
0.000119418
5.65179e-06
-200
0.000114782
4.79267e-06
-200
0.000110319
4.39738e-06
-200
0.000106658
4.29205e-06
-200
0.000104157
4.34731e-06
-200
0.00010275
4.49442e-06
-200
0.000102176
4.77781e-06
-200
0.00010217
5.17348e-06
0.000103215
5.60989e-06
-200
0.000126646
1.35199e-05
-200
0.000131146
1.26205e-05
-200
0.000134274
1.16339e-05
-200
0.000136373
1.04935e-05
-200
0.00013745
9.09006e-06
-200
0.000137221
7.45185e-06
-200
0.000135471
5.80201e-06
-200
0.000132152
4.46562e-06
-200
0.000127618
3.70958e-06
-200
0.000122672
3.58065e-06
-200
0.000118189
3.83848e-06
-200
0.000114768
4.19057e-06
-200
0.000112602
4.43849e-06
-200
0.000111485
4.58426e-06
-200
0.0001112
4.71144e-06
-200
0.000111296
4.9155e-06
0.00011057
5.21191e-06
-200
0.000136735
1.12252e-05
-200
0.000140214
9.99117e-06
-200
0.000143194
8.8949e-06
-200
0.00014528
7.70424e-06
-200
0.000146176
6.25271e-06
-200
0.000145616
4.6667e-06
-200
0.00014338
3.26633e-06
-200
0.000139585
2.4526e-06
-200
0.000134819
2.4558e-06
-200
0.000130045
3.12856e-06
-200
0.000126017
4.0367e-06
-200
0.000123203
4.77022e-06
-200
0.000121532
5.12308e-06
-200
0.000120781
5.18408e-06
-200
0.000120588
5.12331e-06
-200
0.000120735
5.10295e-06
0.000122144
5.14973e-06
-200
0.000139294
7.44599e-06
-200
0.00014409
6.39269e-06
-200
0.000147374
5.36988e-06
-200
0.000149566
4.19747e-06
-200
0.000150392
2.80217e-06
-200
0.000149603
1.40583e-06
-200
0.000147095
4.40977e-07
-200
0.000143217
3.40635e-07
-200
0.000138822
1.21368e-06
-200
0.000134806
2.6766e-06
-200
0.000131743
4.14628e-06
-200
0.000129798
5.12688e-06
-200
0.000128718
5.495e-06
-200
0.000128233
5.41812e-06
-200
0.000128154
5.14821e-06
-200
0.000128333
4.91341e-06
0.000127412
4.75241e-06
-200
0.000143997
4.54973e-06
-200
0.000147635
3.26258e-06
-200
0.00015098
2.26705e-06
-200
0.000153244
1.17442e-06
-200
0.000154039
-4.06458e-08
-200
0.000153085
-1.08125e-06
-200
0.000150498
-1.43015e-06
-200
0.000146919
-6.98496e-07
-200
0.000143347
1.01074e-06
-200
0.000140434
3.11338e-06
-200
0.000138547
4.93065e-06
-200
0.000137459
5.97917e-06
-200
0.000136886
6.25706e-06
-200
0.000136603
6.00937e-06
-200
0.000136484
5.55717e-06
-200
0.000136507
5.07137e-06
0.00013761
4.64403e-06
-200
0.000140376
3.45894e-07
-200
0.00014573
-6.34515e-07
-200
0.000149639
-1.45218e-06
-200
0.000152265
-2.33298e-06
-200
0.000153289
-3.21478e-06
-200
0.000152522
-3.69809e-06
-200
0.000150317
-3.25553e-06
-200
0.000147597
-1.64271e-06
-200
0.000145219
7.76731e-07
-200
0.000143657
3.31487e-06
-200
0.0001429
5.24056e-06
-200
0.000142526
6.21431e-06
-200
0.00014226
6.33863e-06
-200
0.000141959
5.9326e-06
-200
0.000141714
5.27992e-06
-200
0.000141427
4.60162e-06
0.000139893
4.04735e-06
-200
0.000140552
-2.43927e-06
-200
0.000144812
-3.64228e-06
-200
0.00014864
-4.35321e-06
-200
0.000151706
-4.96691e-06
-200
0.000153165
-5.39296e-06
-200
0.000152853
-5.17865e-06
-200
0.000151392
-3.86689e-06
-200
0.000149806
-1.47276e-06
-200
0.000148721
1.45595e-06
-200
0.000148422
4.16373e-06
-200
0.000148487
5.99291e-06
-200
0.000148513
6.79149e-06
-200
0.000148244
6.74868e-06
-200
0.000147727
6.20003e-06
-200
0.000147021
5.41038e-06
-200
0.000146301
4.57642e-06
0.00014696
3.81207e-06
-200
0.000131748
-6.29047e-06
-200
0.000136389
-7.17876e-06
-200
0.000142808
-7.50005e-06
-200
0.000147012
-7.76024e-06
-200
0.00014941
-7.64312e-06
-200
0.000150036
-6.64593e-06
-200
0.000149798
-4.49846e-06
-200
0.000149599
-1.49374e-06
-200
0.000149929
1.7192e-06
-200
0.000150675
4.35778e-06
-200
0.000151264
5.9778e-06
-200
0.000151332
6.57349e-06
-200
0.000150746
6.41117e-06
-200
0.000149661
5.78707e-06
-200
0.000148384
4.92681e-06
-200
0.000147209
4.00201e-06
0.000144996
3.09712e-06
-200
0.000127681
-7.76065e-06
-200
0.000134942
-8.1669e-06
-200
0.00013881
-9.26963e-06
-200
0.000144698
-9.33033e-06
-200
0.000148179
-8.71342e-06
-200
0.000149809
-6.99167e-06
-200
0.000150803
-4.19734e-06
-200
0.000151922
-8.30798e-07
-200
0.000153441
2.37883e-06
-200
0.000154813
4.76135e-06
-200
0.00015553
6.11153e-06
-200
0.000155231
6.54166e-06
-200
0.000153992
6.34377e-06
-200
0.000152117
5.75301e-06
-200
0.000150013
4.93568e-06
-200
0.000148177
3.9362e-06
0.000147812
2.81498e-06
-200
0.000120933
-8.83047e-06
-200
0.000127
-1.08399e-05
-200
0.000138238
-1.04964e-05
-200
0.000143178
-1.07394e-05
-200
0.000146093
-9.81176e-06
-200
0.00014809
-7.56947e-06
-200
0.000150001
-4.40639e-06
-200
0.000152239
-9.87551e-07
-200
0.000154526
1.94453e-06
-200
0.000156152
3.96626e-06
-200
0.000156577
5.05428e-06
-200
0.000155575
5.42483e-06
-200
0.000153367
5.33274e-06
-200
0.000150371
4.92811e-06
-200
0.000147297
4.25219e-06
-200
0.000144621
3.28565e-06
0.000141226
2.11288e-06
-200
-6.4012e-06
-200
0.00014081
-7.72225e-06
-200
0.000143212
-1.10463e-05
-200
0.000146219
-1.14577e-05
-200
0.000148118
-1.0125e-05
-200
0.000150037
-7.5323e-06
-200
0.000152515
-4.29581e-06
-200
0.000155456
-1.15608e-06
-200
0.000158087
1.30809e-06
-200
0.000159634
2.92361e-06
-200
0.000159532
3.83054e-06
-200
0.000157699
4.29146e-06
-200
0.000154408
4.48007e-06
-200
0.000150269
4.44735e-06
-200
0.000146072
4.1106e-06
-200
0.000142387
3.28193e-06
0.000140544
2.08792e-06
-200
0.000146147
-1.37073e-05
-200
0.0001503
-1.3136e-05
-200
0.000149551
-1.27688e-05
-200
0.000149575
-1.09206e-05
-200
0.000151003
-8.17613e-06
-200
0.000153774
-5.2179e-06
-200
0.000157075
-2.63623e-06
-200
0.000159898
-7.64689e-07
-200
0.000161313
4.70337e-07
-200
0.00016084
1.3153e-06
-200
0.000158372
2.03396e-06
-200
0.000154235
2.71255e-06
-200
0.000149031
3.27826e-06
-200
0.000143839
3.44063e-06
-200
0.000139156
3.03563e-06
0.000133804
1.98347e-06
-200
0.000166475
-1.47852e-05
-200
0.000157263
-1.5983e-05
-200
0.000154593
-1.34815e-05
-200
0.000153705
-1.09024e-05
-200
0.000155094
-8.27028e-06
-200
0.000158077
-5.94752e-06
-200
0.000161691
-4.13257e-06
-200
0.000164594
-2.94392e-06
-200
0.000166082
-2.05305e-06
-200
0.000165496
-1.21188e-06
-200
0.000162876
-1.19549e-07
-200
0.000158225
1.14394e-06
-200
0.000152597
2.49102e-06
-200
0.000146542
3.42786e-06
-200
0.000140601
3.49147e-06
0.000136252
2.77589e-06
-200
0.000162594
-1.89669e-05
-200
0.000161329
-1.38209e-05
-200
0.000156922
-1.21858e-05
-200
0.000155666
-1.03398e-05
-200
0.000157308
-8.63056e-06
-200
0.000160773
-7.21995e-06
-200
0.000164691
-6.38783e-06
-200
0.000168064
-5.81416e-06
-200
0.000169949
-5.3101e-06
-200
0.000170059
-4.3631e-06
-200
0.000167854
-2.95812e-06
-200
0.000163772
-9.22594e-07
-200
0.000158068
1.27102e-06
-200
0.000151383
2.96578e-06
-200
0.000144362
3.71707e-06
0.000136233
3.761e-06
-200
0.000169482
-4.31722e-06
-200
0.000159002
-9.08536e-06
-200
0.00015655
-8.89576e-06
-200
0.000157116
-8.0658e-06
-200
0.000159872
-7.41144e-06
-200
0.000163931
-7.08189e-06
-200
0.000168289
-7.11091e-06
-200
0.000172026
-7.20917e-06
-200
0.000174749
-6.96588e-06
-200
0.00017565
-6.11672e-06
-200
0.000174679
-4.34147e-06
-200
0.000171467
-1.78921e-06
-200
0.00016632
1.1109e-06
-200
0.000159494
3.60826e-06
-200
0.000151374
4.94574e-06
0.000144351
5.00161e-06
-200
0.000132061
-8.68548e-06
-200
0.000141694
-5.02068e-06
-200
0.000144448
-5.18442e-06
-200
0.000148217
-5.38788e-06
-200
0.000151959
-5.73515e-06
-200
0.000156921
-6.29119e-06
-200
0.000161289
-7.06795e-06
-200
0.000165897
-7.60043e-06
-200
0.000169419
-7.75804e-06
-200
0.000171753
-6.94002e-06
-200
0.000172671
-5.11557e-06
-200
0.000170792
-2.13585e-06
-200
0.000167637
1.37521e-06
-200
0.00016096
4.43559e-06
-200
0.000153121
5.10401e-06
0.000145308
7.46148e-06
-200
0.000118412
4.71031e-06
-200
0.000118104
-8.1418e-08
-200
0.000124624
-1.26091e-07
-200
0.000128317
-1.35042e-06
-200
0.000134207
-1.73423e-06
-200
0.000137942
-3.23452e-06
-200
0.000143213
-4.00958e-06
-200
0.000147497
-5.16692e-06
-200
0.000151484
-5.53968e-06
-200
0.000155745
-4.87718e-06
-200
0.000156536
-3.48472e-06
-200
0.00015882
2.33623e-07
-200
0.000154871
3.6149e-06
-200
0.000152635
7.4342e-06
-200
0.000145987
9.39823e-06
0.000143902
1.39098e-05
-200
7.31568e-05
1.2027e-06
-200
8.85904e-05
4.51336e-06
-200
9.45198e-05
2.84657e-06
-200
0.000102458
3.15245e-06
-200
0.000106326
1.23583e-06
-200
0.00011217
7.82142e-07
-200
0.000116172
-8.9575e-07
-200
0.00012106
-1.98434e-06
-200
0.000126606
-2.39569e-06
-200
0.000129954
-3.11407e-06
-200
0.000136324
-3.41659e-07
-200
0.000136597
1.22214e-06
-200
0.000140989
7.57895e-06
-200
0.000137999
1.02465e-05
-200
0.000139796
1.87485e-05
0.000132404
1.98997e-05
-200
1.03607e-05
-200
7.83323e-06
-200
8.40609e-06
-200
6.79203e-06
-200
6.85713e-06
-200
5.36646e-06
-200
4.59972e-06
-200
3.36075e-06
-200
1.89722e-06
-200
2.40389e-06
-200
2.18811e-06
-200
6.68227e-06
-200
9.69482e-06
-200
1.80732e-05
-200
2.2141e-05
3.10877e-05
-200
1.61595e-05
1.37334e-05
-200
1.74625e-05
1.38087e-05
-200
1.83409e-05
1.37182e-05
-200
1.89593e-05
1.34185e-05
-200
1.93666e-05
1.28638e-05
-200
1.95937e-05
1.20257e-05
-200
1.96356e-05
1.09004e-05
-200
1.95108e-05
9.54294e-06
-200
1.92245e-05
8.07891e-06
-200
1.88249e-05
6.68833e-06
-200
1.83492e-05
5.53161e-06
-200
1.78645e-05
4.72341e-06
-200
1.74179e-05
4.29209e-06
-200
1.70728e-05
4.22761e-06
-200
1.67651e-05
4.45143e-06
-200
1.65622e-05
4.90286e-06
1.65933e-05
5.3776e-06
-200
3.55313e-05
1.37755e-05
-200
3.72009e-05
1.38215e-05
-200
3.86145e-05
1.37219e-05
-200
3.97242e-05
1.34119e-05
-200
4.048e-05
1.28532e-05
-200
4.08706e-05
1.20078e-05
-200
4.08971e-05
1.08892e-05
-200
4.05635e-05
9.54038e-06
-200
3.99229e-05
8.10432e-06
-200
3.90404e-05
6.73974e-06
-200
3.80419e-05
5.61896e-06
-200
3.70341e-05
4.83559e-06
-200
3.6135e-05
4.43061e-06
-200
3.54063e-05
4.35883e-06
-200
3.48901e-05
4.57775e-06
-200
3.44818e-05
5.0541e-06
3.37805e-05
5.42122e-06
-200
5.27175e-05
1.34727e-05
-200
5.52417e-05
1.33827e-05
-200
5.72951e-05
1.31973e-05
-200
5.88161e-05
1.28316e-05
-200
5.98215e-05
1.22359e-05
-200
6.02894e-05
1.13758e-05
-200
6.02207e-05
1.02584e-05
-200
5.96324e-05
8.94354e-06
-200
5.85858e-05
7.55814e-06
-200
5.7212e-05
6.26929e-06
-200
5.56821e-05
5.22165e-06
-200
5.41798e-05
4.50901e-06
-200
5.28592e-05
4.14785e-06
-200
5.18325e-05
4.10176e-06
-200
5.10587e-05
4.32099e-06
-200
5.0567e-05
4.75372e-06
5.06951e-05
5.18729e-06
-200
7.03484e-05
1.28122e-05
-200
7.33001e-05
1.27572e-05
-200
7.5671e-05
1.25428e-05
-200
7.7454e-05
1.21397e-05
-200
7.85975e-05
1.15093e-05
-200
7.90471e-05
1.06335e-05
-200
7.88017e-05
9.52904e-06
-200
7.78698e-05
8.2604e-06
-200
7.63494e-05
6.95893e-06
-200
7.44172e-05
5.77713e-06
-200
7.23185e-05
4.84287e-06
-200
7.03015e-05
4.22577e-06
-200
6.85771e-05
3.93467e-06
-200
6.72443e-05
3.91254e-06
-200
6.63709e-05
4.12545e-06
-200
6.57673e-05
4.56407e-06
6.47182e-05
4.87861e-06
-200
8.58471e-05
1.22468e-05
-200
8.9244e-05
1.19304e-05
-200
9.19665e-05
1.15731e-05
-200
9.39273e-05
1.10831e-05
-200
9.5082e-05
1.03945e-05
-200
9.54205e-05
9.49699e-06
-200
9.49141e-05
8.40602e-06
-200
9.35873e-05
7.20413e-06
-200
9.15575e-05
6.02071e-06
-200
8.90666e-05
4.99594e-06
-200
8.64244e-05
4.22622e-06
-200
8.39613e-05
3.75565e-06
-200
8.19281e-05
3.56448e-06
-200
8.04498e-05
3.5979e-06
-200
7.94603e-05
3.81559e-06
-200
7.88963e-05
4.18697e-06
7.93576e-05
4.59959e-06
-200
0.000100548
1.10293e-05
-200
0.00010423
1.07958e-05
-200
0.00010703
1.04242e-05
-200
0.000109029
9.88932e-06
-200
0.000110144
9.16875e-06
-200
0.000110332
8.25996e-06
-200
0.000109536
7.2025e-06
-200
0.000107779
6.09756e-06
-200
0.00010522
5.0806e-06
-200
0.000102162
4.26677e-06
-200
9.90185e-05
3.71966e-06
-200
9.62006e-05
3.43825e-06
-200
9.39762e-05
3.37283e-06
-200
9.24277e-05
3.45311e-06
-200
9.15381e-05
3.65232e-06
-200
9.10546e-05
4.0263e-06
8.99702e-05
4.2319e-06
-200
0.00011314
1.01703e-05
-200
0.000116724
9.59626e-06
-200
0.000119647
9.06947e-06
-200
0.00012165
8.44716e-06
-200
0.00012269
7.67986e-06
-200
0.000122689
6.7559e-06
-200
0.000121586
5.74572e-06
-200
0.000119413
4.77729e-06
-200
0.000116383
3.98705e-06
-200
0.000112889
3.46247e-06
-200
0.000109446
3.21054e-06
-200
0.000106499
3.16397e-06
-200
0.000104299
3.23606e-06
-200
0.000102891
3.3649e-06
-200
0.000102072
3.54531e-06
-200
0.000101767
3.79345e-06
0.000102593
4.08152e-06
-200
0.000123061
8.30009e-06
-200
0.000127037
7.93243e-06
-200
0.000129994
7.43723e-06
-200
0.000132014
6.80871e-06
-200
0.000133017
6.02729e-06
-200
0.000132869
5.12066e-06
-200
0.000131509
4.20445e-06
-200
0.000129007
3.43895e-06
-200
0.000125659
2.95848e-06
-200
0.000121965
2.80513e-06
-200
0.000118498
2.89777e-06
-200
0.000115673
3.09698e-06
-200
0.000113672
3.29291e-06
-200
0.000112422
3.42569e-06
-200
0.000111843
3.53536e-06
-200
0.000111589
3.72273e-06
0.000110473
3.74109e-06
-200
0.00013083
7.08405e-06
-200
0.000134591
6.36495e-06
-200
0.000137686
5.74174e-06
-200
0.000139801
5.0668e-06
-200
0.000140785
4.26969e-06
-200
0.00014052
3.40759e-06
-200
0.000138966
2.63554e-06
-200
0.000136285
2.14433e-06
-200
0.000132878
2.04961e-06
-200
0.000129339
2.31644e-06
-200
0.000126189
2.75973e-06
-200
0.00012376
3.18291e-06
-200
0.000122113
3.45942e-06
-200
0.000121147
3.57614e-06
-200
0.000120627
3.60106e-06
-200
0.000120439
3.61003e-06
0.000121523
3.71533e-06
-200
0.000134768
4.73455e-06
-200
0.000139199
4.28913e-06
-200
0.000142526
3.76396e-06
-200
0.000144842
3.13435e-06
-200
0.00014595
2.39588e-06
-200
0.000145717
1.65719e-06
-200
0.000144171
1.12498e-06
-200
0.000141593
1.00119e-06
-200
0.000138505
1.35555e-06
-200
0.000135489
2.04177e-06
-200
0.000132969
2.79672e-06
-200
0.00013113
3.38185e-06
-200
0.000129908
3.6916e-06
-200
0.000129157
3.74654e-06
-200
0.000128793
3.65183e-06
-200
0.00012858
3.60306e-06
0.000127242
3.37419e-06
-200
0.000137428
3.37334e-06
-200
0.000141546
2.55768e-06
-200
0.000145168
1.94285e-06
-200
0.000147763
1.3207e-06
-200
0.000149079
6.66906e-07
-200
0.000148996
1.13908e-07
-200
0.000147646
-1.05858e-07
-200
0.000145444
1.89815e-07
-200
0.000142982
9.78424e-07
-200
0.000140749
2.0159e-06
-200
0.000139031
2.98472e-06
-200
0.000137826
3.64051e-06
-200
0.000137013
3.92149e-06
-200
0.000136483
3.90056e-06
-200
0.000136051
3.71248e-06
-200
0.000135773
3.47523e-06
0.000136678
3.3495e-06
-200
0.000136024
8.88064e-07
-200
0.00014103
4.07383e-07
-200
0.000145106
-7.0499e-08
-200
0.00014815
-5.7764e-07
-200
0.000149886
-1.0581e-06
-200
0.000150208
-1.3275e-06
-200
0.000149362
-1.14701e-06
-200
0.000147862
-4.03512e-07
-200
0.00014628
7.70827e-07
-200
0.000144983
2.06405e-06
-200
0.000144075
3.13234e-06
-200
0.000143428
3.77561e-06
-200
0.000142901
3.99107e-06
-200
0.000142377
3.87109e-06
-200
0.000141918
3.5699e-06
-200
0.000141387
3.2757e-06
0.000139525
2.84113e-06
-200
0.000134535
-2.70917e-07
-200
0.000139286
-1.0961e-06
-200
0.000143723
-1.65739e-06
-200
0.000147342
-2.1e-06
-200
0.000149649
-2.3953e-06
-200
0.00015056
-2.3416e-06
-200
0.000150405
-1.75003e-06
-200
0.000149774
-6.10273e-07
-200
0.000149133
8.43441e-07
-200
0.000148725
2.25842e-06
-200
0.000148463
3.31123e-06
-200
0.000148172
3.87801e-06
-200
0.000147716
3.99862e-06
-200
0.000147082
3.7992e-06
-200
0.000146265
3.42357e-06
-200
0.000145403
2.97339e-06
0.000145843
2.68381e-06
-200
0.000129451
-2.15495e-06
-200
0.000134845
-2.73987e-06
-200
0.000140043
-3.19444e-06
-200
0.000144559
-3.54833e-06
-200
0.000147738
-3.63275e-06
-200
0.000149495
-3.23212e-06
-200
0.000150269
-2.24102e-06
-200
0.000150635
-7.78732e-07
-200
0.000150959
8.47105e-07
-200
0.000151305
2.26796e-06
-200
0.000151473
3.23508e-06
-200
0.000151282
3.69853e-06
-200
0.000150641
3.73849e-06
-200
0.000149607
3.47747e-06
-200
0.000148398
3.03434e-06
-200
0.000147106
2.59259e-06
0.000144555
1.98992e-06
-200
0.000126009
-2.10142e-06
-200
0.000130766
-3.08809e-06
-200
0.000136893
-3.83011e-06
-200
0.000142496
-4.32586e-06
-200
0.000146463
-4.3172e-06
-200
0.000148907
-3.66201e-06
-200
0.000150477
-2.38463e-06
-200
0.000151678
-7.46874e-07
-200
0.000152762
9.01866e-07
-200
0.000153571
2.21626e-06
-200
0.000153878
3.05214e-06
-200
0.000153486
3.41318e-06
-200
0.000152413
3.4077e-06
-200
0.000150828
3.14558e-06
-200
0.000148945
2.72426e-06
-200
0.00014716
2.19275e-06
0.000146715
1.75598e-06
-200
0.000124729
-2.16057e-06
-200
0.000131871
-2.56579e-06
-200
0.000137378
-3.97445e-06
-200
0.000142055
-4.89935e-06
-200
0.000145604
-4.91876e-06
-200
0.000148148
-4.08812e-06
-200
0.000150174
-2.6565e-06
-200
0.000151976
-9.84853e-07
-200
0.000153532
5.50339e-07
-200
0.000154523
1.69712e-06
-200
0.000154665
2.39143e-06
-200
0.000153804
2.69231e-06
-200
0.000152034
2.70869e-06
-200
0.00014962
2.51348e-06
-200
0.000147075
2.15987e-06
-200
0.000144615
1.7001e-06
0.000141187
1.00425e-06
-200
0.000126862
-2.68467e-06
-200
0.000131458
-5.15066e-06
-200
0.000139947
-5.00867e-06
-200
0.00014417
-5.56393e-06
-200
0.000146875
-5.32656e-06
-200
0.000149031
-4.2987e-06
-200
0.000151074
-2.84378e-06
-200
0.000153144
-1.28213e-06
-200
0.000154848
2.30611e-08
-200
0.0001558
9.74744e-07
-200
0.000155601
1.54813e-06
-200
0.000154172
1.86901e-06
-200
0.000151646
2.00485e-06
-200
0.000148442
2.00884e-06
-200
0.000145025
1.83196e-06
-200
0.000142002
1.42586e-06
0.000140381
9.49652e-07
-200
-3.92872e-06
-200
0.000144462
-3.76657e-06
-200
0.000145852
-7.20571e-06
-200
0.000148437
-6.70423e-06
-200
0.000149603
-5.78834e-06
-200
0.000150856
-4.58237e-06
-200
0.000152634
-3.20181e-06
-200
0.000154737
-1.90911e-06
-200
0.000156493
-8.74792e-07
-200
0.00015737
-1.34469e-07
-200
0.000156891
3.91585e-07
-200
0.000155007
8.21653e-07
-200
0.000151784
1.19594e-06
-200
0.0001478
1.48898e-06
-200
0.000143819
1.6179e-06
-200
0.000139868
1.37678e-06
0.000135042
7.23277e-07
-200
0.000159941
-8.71563e-06
-200
0.000160642
-6.2196e-06
-200
0.000156618
-6.12705e-06
-200
0.000154585
-5.45372e-06
-200
0.000154531
-4.49333e-06
-200
0.000156089
-3.39186e-06
-200
0.000158167
-2.50686e-06
-200
0.000160109
-1.77392e-06
-200
0.000160993
-1.26191e-06
-200
0.000160572
-7.13901e-07
-200
0.000158441
-1.49238e-07
-200
0.000154996
5.754e-07
-200
0.00015069
1.31108e-06
-200
0.00014582
1.71682e-06
-200
0.000140953
1.55628e-06
0.000137792
1.40643e-06
-200
0.000185484
-3.90558e-06
-200
0.000168729
-6.06247e-06
-200
0.000162062
-5.53642e-06
-200
0.000159219
-4.86768e-06
-200
0.000159213
-4.08268e-06
-200
0.000160989
-3.44817e-06
-200
0.000163561
-2.91862e-06
-200
0.000165884
-2.57498e-06
-200
0.000167362
-2.16355e-06
-200
0.000167319
-1.64849e-06
-200
0.000165693
-8.05299e-07
-200
0.000162418
2.91905e-07
-200
0.000157818
1.36042e-06
-200
0.000152387
2.02974e-06
-200
0.000146282
2.24688e-06
0.000138171
1.4244e-06
-200
0.000162656
-1.19628e-05
-200
0.000165353
-5.12713e-06
-200
0.000162349
-4.01022e-06
-200
0.000161301
-3.55801e-06
-200
0.000162491
-3.1813e-06
-200
0.000165167
-2.99818e-06
-200
0.000168356
-2.9238e-06
-200
0.000171415
-2.87922e-06
-200
0.000173511
-2.68635e-06
-200
0.000174363
-2.14272e-06
-200
0.000173469
-1.17289e-06
-200
0.000170925
1.96434e-07
-200
0.000166732
1.59798e-06
-200
0.000160787
2.39727e-06
-200
0.000151621
1.22577e-06
0.000148194
2.53452e-06
-200
0.000152992
9.71815e-07
-200
0.000149411
-3.29506e-06
-200
0.000152352
-2.83739e-06
-200
0.000154526
-2.55459e-06
-200
0.000158211
-2.43898e-06
-200
0.000161697
-2.67651e-06
-200
0.000166068
-2.8947e-06
-200
0.000169699
-3.17691e-06
-200
0.000172885
-3.09841e-06
-200
0.000174976
-2.63511e-06
-200
0.000175219
-1.5527e-06
-200
0.000174494
5.69935e-08
-200
0.000171136
1.61596e-06
-200
0.000165645
1.21592e-06
-200
0.000159831
2.30136e-06
0.000155383
3.69046e-06
-200
0.000112931
-6.08599e-06
-200
0.000125283
-1.86329e-06
-200
0.000129268
-2.02726e-06
-200
0.000135353
-1.37477e-06
-200
0.000138847
-2.09368e-06
-200
0.000144218
-2.16499e-06
-200
0.000148078
-3.01708e-06
-200
0.00015247
-3.34594e-06
-200
0.000156396
-3.51773e-06
-200
0.0001585
-3.40935e-06
-200
0.000161447
-1.97044e-06
-200
0.000160365
-7.9558e-07
-200
0.000161065
1.13689e-06
-200
0.000157029
1.33292e-06
-200
0.000160597
6.63398e-06
0.000153261
5.48295e-06
-200
8.74662e-05
-1.03994e-07
-200
9.37777e-05
-2.0307e-06
-200
0.000103206
-1.06558e-06
-200
0.000108144
-2.04235e-06
-200
0.00011511
-1.7399e-06
-200
0.000119333
-2.82899e-06
-200
0.000124759
-3.25486e-06
-200
0.000129412
-3.91297e-06
-200
0.000133314
-4.64816e-06
-200
0.000138576
-3.84327e-06
-200
0.000140277
-3.84562e-06
-200
0.000145128
-8.32612e-07
-200
0.000144295
-3.68129e-07
-200
0.000150229
5.96784e-06
-200
0.000145097
4.99653e-06
0.000149886
1.20354e-05
-200
7.43423e-07
-200
2.64133e-06
-200
1.78715e-06
-200
2.51145e-06
-200
1.6156e-06
-200
1.62558e-06
-200
7.76077e-07
-200
1.16339e-07
-200
-4.49718e-08
-200
-6.58736e-07
-200
1.12373e-06
-200
1.7917e-06
-200
6.32955e-06
-200
7.72007e-06
-200
1.55433e-05
1.43211e-05
-200
1.62254e-05
-200
1.74825e-05
-200
1.83466e-05
-200
1.8949e-05
-200
1.935e-05
-200
1.95656e-05
-200
1.96181e-05
-200
1.95068e-05
-200
1.92642e-05
-200
1.89052e-05
-200
1.84857e-05
-200
1.80397e-05
-200
1.76344e-05
-200
1.72778e-05
-200
1.69624e-05
-200
1.67985e-05
1.66615e-05
-200
3.50582e-05
-200
3.65154e-05
-200
3.77949e-05
-200
3.88174e-05
-200
3.95155e-05
-200
3.98832e-05
-200
3.99115e-05
-200
3.9631e-05
-200
3.90694e-05
-200
3.83053e-05
-200
3.74211e-05
-200
3.65238e-05
-200
3.56931e-05
-200
3.50046e-05
-200
3.44889e-05
-200
3.40124e-05
3.3415e-05
-200
5.16854e-05
-200
5.42644e-05
-200
5.62725e-05
-200
5.77351e-05
-200
5.86861e-05
-200
5.91295e-05
-200
5.90811e-05
-200
5.8565e-05
-200
5.76495e-05
-200
5.6443e-05
-200
5.50902e-05
-200
5.37372e-05
-200
5.25261e-05
-200
5.15368e-05
-200
5.07531e-05
-200
5.02707e-05
5.02128e-05
-200
6.9465e-05
-200
7.2008e-05
-200
7.41558e-05
-200
7.58032e-05
-200
7.68556e-05
-200
7.72712e-05
-200
7.7047e-05
-200
7.62194e-05
-200
7.48834e-05
-200
7.31966e-05
-200
7.1355e-05
-200
6.95669e-05
-200
6.79987e-05
-200
6.67527e-05
-200
6.58867e-05
-200
6.51781e-05
6.42822e-05
-200
8.39448e-05
-200
8.74713e-05
-200
9.01714e-05
-200
9.2062e-05
-200
9.31668e-05
-200
9.34877e-05
-200
9.30336e-05
-200
9.18583e-05
-200
9.00885e-05
-200
8.79273e-05
-200
8.56329e-05
-200
8.34653e-05
-200
8.16287e-05
-200
8.02236e-05
-200
7.92052e-05
-200
7.86453e-05
7.87831e-05
-200
9.92059e-05
-200
0.000102356
-200
0.000104913
-200
0.000106776
-200
0.000107818
-200
0.000107982
-200
0.00010726
-200
0.000105716
-200
0.000103511
-200
0.000100906
-200
9.8223e-05
-200
9.5772e-05
-200
9.37625e-05
-200
9.22899e-05
-200
9.13709e-05
-200
9.06908e-05
8.97353e-05
-200
0.000110218
-200
0.000114125
-200
0.000117097
-200
0.00011909
-200
0.000120108
-200
0.000120134
-200
0.000119178
-200
0.000117322
-200
0.000114776
-200
0.000111861
-200
0.000108957
-200
0.000106394
-200
0.000104388
-200
0.000102986
-200
0.000102056
-200
0.000101656
0.000102061
-200
0.000121161
-200
0.000124588
-200
0.000127345
-200
0.000129293
-200
0.00013027
-200
0.000130193
-200
0.000129058
-200
0.000126984
-200
0.000124239
-200
0.000121202
-200
0.000118283
-200
0.000115808
-200
0.000113932
-200
0.000112658
-200
0.000111946
-200
0.000111413
0.000110433
-200
0.000127159
-200
0.000131347
-200
0.000134596
-200
0.000136782
-200
0.000137857
-200
0.000137785
-200
0.000136605
-200
0.000134499
-200
0.000131794
-200
0.00012891
-200
0.000126246
-200
0.000124071
-200
0.000122475
-200
0.000121413
-200
0.000120706
-200
0.000120428
0.00012099
-200
0.000132641
-200
0.000136494
-200
0.00013968
-200
0.000142008
-200
0.000143248
-200
0.000143305
-200
0.000142248
-200
0.000140325
-200
0.000137915
-200
0.000135448
-200
0.000133263
-200
0.000131534
-200
0.000130268
-200
0.000129397
-200
0.000128888
-200
0.00012838
0.000127204
-200
0.000133545
-200
0.000138186
-200
0.000142022
-200
0.000144797
-200
0.000146384
-200
0.000146744
-200
0.000146019
-200
0.000144517
-200
0.000142657
-200
0.000140824
-200
0.000139262
-200
0.000138037
-200
0.000137122
-200
0.000136437
-200
0.000135828
-200
0.000135461
0.000135884
-200
0.000134213
-200
0.000138681
-200
0.000142627
-200
0.000145771
-200
0.000147796
-200
0.000148624
-200
0.000148419
-200
0.000147539
-200
0.000146394
-200
0.000145287
-200
0.000144355
-200
0.000143588
-200
0.000142913
-200
0.000142265
-200
0.000141689
-200
0.000140915
0.000139279
-200
0.000131591
-200
0.000136718
-200
0.000141321
-200
0.000145078
-200
0.000147716
-200
0.000149169
-200
0.000149638
-200
0.00014951
-200
0.000149138
-200
0.00014874
-200
0.000148344
-200
0.000147892
-200
0.00014731
-200
0.000146579
-200
0.000145657
-200
0.000144808
0.000144759
-200
0.000129535
-200
0.000134301
-200
0.00013905
-200
0.000143344
-200
0.000146668
-200
0.000148824
-200
0.000150044
-200
0.000150684
-200
0.000151045
-200
0.000151225
-200
0.000151187
-200
0.000150836
-200
0.000150124
-200
0.000149089
-200
0.000147914
-200
0.000146481
0.00014419
-200
0.000125917
-200
0.000131582
-200
0.000136668
-200
0.0001416
-200
0.000145523
-200
0.000148241
-200
0.000150052
-200
0.000151306
-200
0.000152213
-200
0.00015276
-200
0.000152845
-200
0.00015236
-200
0.000151321
-200
0.000149841
-200
0.000148063
-200
0.000146391
0.000145541
-200
0.00012391
-200
0.000127832
-200
0.000135762
-200
0.000141017
-200
0.000144966
-200
0.000147819
-200
0.000149881
-200
0.000151512
-200
0.000152708
-200
0.000153394
-200
0.000153347
-200
0.000152518
-200
0.000150935
-200
0.000148831
-200
0.000146563
-200
0.000144187
0.000141101
-200
0.000124919
-200
0.000133621
-200
0.000136514
-200
0.000142389
-200
0.000146154
-200
0.000148588
-200
0.000150515
-200
0.000152164
-200
0.000153445
-200
0.000154067
-200
0.000153794
-200
0.000152535
-200
0.000150382
-200
0.00014763
-200
0.000144691
-200
0.000141926
0.000140027
-200
0.000132917
-200
0.000136729
-200
0.000147393
-200
0.000149339
-200
0.000150126
-200
0.000150995
-200
0.000152337
-200
0.000153803
-200
0.000155089
-200
0.000155608
-200
0.000155164
-200
0.00015349
-200
0.000150814
-200
0.000147522
-200
0.000143974
-200
0.000140149
0.00013611
-200
-200
0.000167457
-200
0.000160887
-200
0.00015754
-200
0.0001555
-200
0.000155173
-200
0.000156001
-200
0.000157523
-200
0.000158857
-200
0.000159584
-200
0.000159112
-200
0.000157416
-200
0.000154553
-200
0.000150767
-200
0.000146308
-200
0.000142032
0.00013782
-200
0.000172894
-200
0.00017019
-200
0.000164447
-200
0.000161265
-200
0.000160621
-200
0.000161692
-200
0.000163553
-200
0.000165409
-200
0.000166545
-200
0.000166547
-200
0.000165118
-200
0.000162269
-200
0.000158189
-200
0.000152961
-200
0.000144686
0.000139906
-200
0.000182867
-200
0.000168216
-200
0.000164182
-200
0.000162869
-200
0.000163651
-200
0.000165669
-200
0.000168402
-200
0.000170949
-200
0.000172867
-200
0.000173594
-200
0.000172876
-200
0.000170707
-200
0.000166761
-200
0.000158941
-200
0.000153302
0.00015
-200
0.000141964
-200
0.000151648
-200
0.000153618
-200
0.000156369
-200
0.00015875
-200
0.000162496
-200
0.000165877
-200
0.000169435
-200
0.00017223
-200
0.000173766
-200
0.000174566
-200
0.000173162
-200
0.000170388
-200
0.000165828
-200
0.000166601
0.000158184
-200
0.000122278
-200
0.000125021
-200
0.000130771
-200
0.00013431
-200
0.0001394
-200
0.000143181
-200
0.000147706
-200
0.000151584
-200
0.00015463
-200
0.000157822
-200
0.000158517
-200
0.000160307
-200
0.000158714
-200
0.000164271
-200
0.000158038
0.000163499
-200
8.87903e-05
-200
0.000101078
-200
0.000107664
-200
0.00011526
-200
0.000120353
-200
0.000126293
-200
0.000131057
-200
0.000135708
-200
0.000140506
-200
0.000143552
-200
0.000148042
-200
0.000149229
-200
0.00015476
-200
0.000152966
-200
0.000161576
0.000153457
-200
-200
-200
-200
-200
-200
-200
-200
-200
-200
-200
-200
-200
-200
-200
)
;

boundaryField
{
    frontAndBack
    {
        type            calculated;
        value           uniform 0;
    }
    inlet
    {
        type            calculated;
        value           nonuniform List<scalar> 0();
    }
    outlet
    {
        type            calculated;
        value           nonuniform List<scalar> 0();
    }
    lowerWall
    {
        type            calculated;
        value           uniform 0;
    }
    upperWall
    {
        type            calculated;
        value           uniform 0;
    }
    procBoundary1to0
    {
        type            processor;
        value           nonuniform List<scalar> 
135
(
200
200
200
200
200
200
200
200
200
200
200
200
200
200
0.000138458
200
1.01119e-05
200
1.12862e-05
200
200
200
200
200
200
200
200
200
200
200
200
200
200
200
200
200
200
200
200
200
200
200
200
200
0.00012562
200
2.0704e-05
200
200
200
200
200
200
200
200
200
200
200
200
200
200
200
200
200
200
200
200
200
200
200
200
200
0.000136848
200
1.27919e-05
200
200
200
200
200
200
200
200
200
200
200
200
200
200
200
200
200
200
200
200
200
200
200
200
200
0.00014412
200
1.10986e-05
200
200
200
200
200
200
200
200
200
200
200
200
200
200
200
200
200
200
200
200
200
200
200
200
200
0.000161889
200
200
200
200
200
200
)
;
    }
    procBoundary1to2
    {
        type            processor;
        value           nonuniform List<scalar> 
124
(
-200
-200
-200
-200
-200
-200
-200
-200
-200
-200
-200
-200
-200
-200
-200
-200
-200
-200
-200
-200
-200
-200
-200
-200
-200
-200
-200
-200
-200
-200
-200
-200
-200
-200
-200
-200
-200
-200
-200
-200
-200
-200
-200
-200
-200
-200
-200
-200
-200
-200
-200
-200
-200
-200
-200
-200
-200
-200
-200
-200
-200
-200
-200
-200
-200
-200
-200
-200
-200
-200
-200
-200
-200
-200
-200
-200
-200
-200
-200
-200
-200
-200
-200
-200
-200
-200
-200
-200
-200
-200
-200
-200
-200
-200
-200
-200
-200
-200
-200
-200
-200
-200
-200
-200
-200
-200
-200
-200
-200
-200
-200
-200
-200
-200
-200
-200
-200
-200
-200
-200
-200
-200
-200
-200
)
;
    }
    procBoundary1to4
    {
        type            processor;
        value           nonuniform List<scalar> 
82
(
0.000129592
6.91447e-05
7.99784e-05
8.74967e-05
9.36108e-05
9.80674e-05
0.000102974
0.000108442
0.000114904
0.000123314
0.0001308
0.000140179
0.000148868
0.000154887
0.000148872
-200
0.00018052
-1.84473e-05
7.10325e-05
8.48646e-05
9.1431e-05
9.97985e-05
0.000103976
0.000110471
0.000115527
0.00012209
0.000130012
0.000135991
0.00014607
0.000150447
0.000159611
0.000158279
0.000163179
0.000168086
8.30849e-05
8.896e-05
9.95087e-05
0.000105371
0.000113452
0.000118463
0.000125246
0.000131422
0.00013733
0.000145417
0.000149744
0.000158458
0.000160112
0.000165953
0.000165101
0.000168465
8.22065e-05
9.56281e-05
0.000102923
0.000112706
0.000118696
0.000126348
0.0001321
0.000138332
0.000144978
0.000149753
0.000157139
0.000159687
0.00016632
0.000166382
0.000175374
0.000168606
9.1386e-05
9.82587e-05
0.000108291
0.000115431
0.000123695
0.000129962
0.000136666
0.00014284
0.000148256
0.000154662
0.000158467
0.000164447
0.000166325
0.000175499
0.000171133
0.000178426
)
;
    }
}


// ************************************************************************* //
