/*--------------------------------*- C++ -*----------------------------------*\
  =========                 |
  \\      /  F ield         | OpenFOAM: The Open Source CFD Toolbox
   \\    /   O peration     | Website:  https://openfoam.org
    \\  /    A nd           | Version:  10
     \\/     M anipulation  |
\*---------------------------------------------------------------------------*/
FoamFile
{
    format      ascii;
    class       volVectorField;
    location    "0";
    object      U;
}
// * * * * * * * * * * * * * * * * * * * * * * * * * * * * * * * * * * * * * //

dimensions      [0 1 -1 0 0 0 0];

internalField   nonuniform List<vector> 
2083
(
(-10 4.69182e-07 6.3382e-07)
(-10 4.7742e-07 6.2139e-07)
(-10 5.18183e-07 6.28102e-07)
(-10 5.18413e-07 6.09872e-07)
(-10 5.48414e-07 5.98261e-07)
(-10 5.42982e-07 5.5163e-07)
(-10 5.53083e-07 5.01051e-07)
(-10 5.43052e-07 4.2218e-07)
(-10 5.30797e-07 3.3881e-07)
(-10 5.10729e-07 2.56329e-07)
(-10 4.88067e-07 1.88661e-07)
(-10 4.67178e-07 1.41983e-07)
(-10 4.50144e-07 1.18462e-07)
(-10 4.42682e-07 1.16666e-07)
(-10 4.30202e-07 1.33475e-07)
(-10 4.41321e-07 1.66873e-07)
(-10 4.28162e-07 1.90297e-07)
(-10 1.43237e-06 6.07526e-07)
(-10 1.49195e-06 6.15925e-07)
(-10 1.59141e-06 6.10177e-07)
(-10 1.61713e-06 6.05616e-07)
(-10 1.68462e-06 5.80127e-07)
(-10 1.68088e-06 5.43422e-07)
(-10 1.70008e-06 4.85487e-07)
(-10 1.66723e-06 4.1002e-07)
(-10 1.62601e-06 3.26936e-07)
(-10 1.56164e-06 2.46806e-07)
(-10 1.4926e-06 1.81846e-07)
(-10 1.42889e-06 1.37289e-07)
(-10 1.38029e-06 1.15411e-07)
(-10 1.35104e-06 1.12329e-07)
(-10 1.32952e-06 1.33511e-07)
(-10 1.34345e-06 1.56538e-07)
(-10 1.31619e-06 1.92235e-07)
(-10 2.38847e-06 5.89347e-07)
(-10 2.55224e-06 5.98665e-07)
(-10 2.6539e-06 5.82091e-07)
(-10 2.75582e-06 5.83323e-07)
(-10 2.80574e-06 5.4741e-07)
(-10 2.84137e-06 5.18549e-07)
(-10 2.83484e-06 4.52812e-07)
(-10 2.78899e-06 3.84171e-07)
(-10 2.70727e-06 3.02606e-07)
(-10 2.59614e-06 2.28554e-07)
(-10 2.47961e-06 1.69002e-07)
(-10 2.37272e-06 1.29121e-07)
(-10 2.29535e-06 1.08975e-07)
(-10 2.23754e-06 1.07677e-07)
(-10 2.22731e-06 1.26441e-07)
(-10 2.20384e-06 1.44935e-07)
(-10 2.21467e-06 1.80807e-07)
(-10 3.3128e-06 5.79119e-07)
(-10 3.54292e-06 5.57215e-07)
(-10 3.65603e-06 5.55515e-07)
(-10 3.80421e-06 5.33544e-07)
(-10 3.84433e-06 5.13123e-07)
(-10 3.90729e-06 4.68656e-07)
(-10 3.87187e-06 4.12215e-07)
(-10 3.81409e-06 3.42878e-07)
(-10 3.68567e-06 2.6861e-07)
(-10 3.52907e-06 2.03002e-07)
(-10 3.36131e-06 1.51677e-07)
(-10 3.21368e-06 1.18717e-07)
(-10 3.10137e-06 1.00727e-07)
(-10 3.02942e-06 1.04037e-07)
(-10 3.00717e-06 1.11533e-07)
(-10 2.9715e-06 1.44704e-07)
(-10 2.98865e-06 1.6329e-07)
(-10 4.30387e-06 5.50449e-07)
(-10 4.46721e-06 5.12998e-07)
(-10 4.64694e-06 5.134e-07)
(-10 4.74961e-06 4.79289e-07)
(-10 4.84469e-06 4.6489e-07)
(-10 4.86737e-06 4.09273e-07)
(-10 4.84272e-06 3.61557e-07)
(-10 4.74304e-06 2.91135e-07)
(-10 4.57393e-06 2.28391e-07)
(-10 4.36336e-06 1.7298e-07)
(-10 4.14111e-06 1.33932e-07)
(-10 3.95088e-06 1.08288e-07)
(-10 3.80427e-06 9.69823e-08)
(-10 3.73147e-06 9.81636e-08)
(-10 3.67579e-06 1.07809e-07)
(-10 3.69039e-06 1.38866e-07)
(-10 3.67381e-06 1.50219e-07)
(-10 5.15176e-06 4.64885e-07)
(-10 5.3131e-06 4.65477e-07)
(-10 5.5221e-06 4.41869e-07)
(-10 5.60689e-06 4.29591e-07)
(-10 5.72647e-06 3.90686e-07)
(-10 5.72262e-06 3.4986e-07)
(-10 5.69842e-06 2.92736e-07)
(-10 5.55022e-06 2.33381e-07)
(-10 5.33715e-06 1.80695e-07)
(-10 5.0592e-06 1.40874e-07)
(-10 4.78675e-06 1.16347e-07)
(-10 4.55104e-06 1.0142e-07)
(-10 4.39271e-06 9.76758e-08)
(-10 4.30869e-06 9.49985e-08)
(-10 4.26832e-06 1.14386e-07)
(-10 4.3056e-06 1.21933e-07)
(-10 4.29993e-06 1.57456e-07)
(-10 5.85325e-06 4.10312e-07)
(-10 6.11406e-06 4.08139e-07)
(-10 6.26497e-06 3.7249e-07)
(-10 6.41537e-06 3.64415e-07)
(-10 6.4791e-06 3.13221e-07)
(-10 6.50924e-06 2.78102e-07)
(-10 6.43303e-06 2.15509e-07)
(-10 6.25425e-06 1.69222e-07)
(-10 5.97246e-06 1.29226e-07)
(-10 5.63426e-06 1.117e-07)
(-10 5.31133e-06 1.02185e-07)
(-10 5.05318e-06 1.03737e-07)
(-10 4.90024e-06 1.02622e-07)
(-10 4.81491e-06 1.04435e-07)
(-10 4.83042e-06 1.15411e-07)
(-10 4.83193e-06 1.16694e-07)
(-10 4.90233e-06 1.41906e-07)
(-10 6.50793e-06 3.65847e-07)
(-10 6.78116e-06 3.22942e-07)
(-10 6.90705e-06 3.10056e-07)
(-10 7.07239e-06 2.72008e-07)
(-10 7.11013e-06 2.38866e-07)
(-10 7.13866e-06 1.8473e-07)
(-10 7.01244e-06 1.35727e-07)
(-10 6.78923e-06 9.62656e-08)
(-10 6.43516e-06 8.04719e-08)
(-10 6.06211e-06 8.4143e-08)
(-10 5.70674e-06 9.88454e-08)
(-10 5.46863e-06 1.12788e-07)
(-10 5.32885e-06 1.15206e-07)
(-10 5.28254e-06 1.20323e-07)
(-10 5.31058e-06 1.10907e-07)
(-10 5.32122e-06 1.29717e-07)
(-10 5.39824e-06 1.26619e-07)
(-10 7.1557e-06 2.9038e-07)
(-10 7.3023e-06 2.38008e-07)
(-10 7.47456e-06 2.29165e-07)
(-10 7.56142e-06 1.81101e-07)
(-10 7.63363e-06 1.51621e-07)
(-10 7.58978e-06 9.13808e-08)
(-10 7.43734e-06 5.3463e-08)
(-10 7.13828e-06 2.84539e-08)
(-10 6.75553e-06 4.21153e-08)
(-10 6.35938e-06 6.75908e-08)
(-10 6.04062e-06 1.103e-07)
(-10 5.83894e-06 1.29026e-07)
(-10 5.73751e-06 1.37438e-07)
(-10 5.73722e-06 1.31943e-07)
(-10 5.73916e-06 1.21058e-07)
(-10 5.81879e-06 1.30699e-07)
(-10 5.8372e-06 1.16009e-07)
(-10 7.54753e-06 1.47917e-07)
(-10 7.67261e-06 1.47613e-07)
(-10 7.85119e-06 1.18721e-07)
(-10 7.90802e-06 9.66423e-08)
(-10 7.96714e-06 4.82416e-08)
(-10 7.86802e-06 5.37671e-09)
(-10 7.66682e-06 -2.70362e-08)
(-10 7.31482e-06 -2.16619e-08)
(-10 6.94234e-06 1.3031e-08)
(-10 6.57061e-06 7.44586e-08)
(-10 6.34131e-06 1.25787e-07)
(-10 6.19218e-06 1.54208e-07)
(-10 6.15179e-06 1.60077e-07)
(-10 6.15806e-06 1.41331e-07)
(-10 6.17641e-06 1.37997e-07)
(-10 6.26005e-06 1.14712e-07)
(-10 6.28081e-06 1.2985e-07)
(-10 7.67901e-06 4.25983e-08)
(-10 7.90674e-06 4.84862e-08)
(-10 8.0262e-06 1.65719e-08)
(-10 8.13185e-06 3.42266e-09)
(-10 8.11814e-06 -4.56892e-08)
(-10 8.00101e-06 -7.47661e-08)
(-10 7.73243e-06 -8.84515e-08)
(-10 7.39331e-06 -5.27601e-08)
(-10 7.0384e-06 6.06542e-09)
(-10 6.78582e-06 9.51443e-08)
(-10 6.6315e-06 1.461e-07)
(-10 6.57244e-06 1.80704e-07)
(-10 6.57409e-06 1.74467e-07)
(-10 6.57068e-06 1.54759e-07)
(-10 6.62785e-06 1.38297e-07)
(-10 6.63717e-06 1.08673e-07)
(-10 6.71917e-06 1.06653e-07)
(-10 7.69408e-06 -4.11281e-08)
(-10 7.9408e-06 -6.82662e-08)
(-10 8.0553e-06 -7.21513e-08)
(-10 8.17141e-06 -1.00288e-07)
(-10 8.12601e-06 -1.25692e-07)
(-10 7.97933e-06 -1.45264e-07)
(-10 7.68707e-06 -1.25043e-07)
(-10 7.39119e-06 -7.00075e-08)
(-10 7.10786e-06 2.72907e-08)
(-10 6.98979e-06 1.10778e-07)
(-10 6.91467e-06 1.73615e-07)
(-10 6.93776e-06 1.95387e-07)
(-10 6.94465e-06 1.80822e-07)
(-10 6.95336e-06 1.62406e-07)
(-10 6.98332e-06 1.24726e-07)
(-10 6.97269e-06 1.16814e-07)
(-10 7.02679e-06 8.49512e-08)
(-10 7.66033e-06 -1.38595e-07)
(-10 7.78489e-06 -1.6995e-07)
(-10 7.97318e-06 -1.61879e-07)
(-10 8.05397e-06 -1.87016e-07)
(-10 8.03024e-06 -1.95083e-07)
(-10 7.8496e-06 -1.92497e-07)
(-10 7.60456e-06 -1.41028e-07)
(-10 7.34887e-06 -6.15504e-08)
(-10 7.2224e-06 5.5764e-08)
(-10 7.17237e-06 1.31592e-07)
(-10 7.21081e-06 1.96188e-07)
(-10 7.25185e-06 1.99579e-07)
(-10 7.25382e-06 1.85119e-07)
(-10 7.26378e-06 1.57313e-07)
(-10 7.22505e-06 1.23822e-07)
(-10 7.25421e-06 1.08503e-07)
(-10 7.22322e-06 6.75965e-08)
(-10 7.3248e-06 -3.08803e-07)
(-10 7.57142e-06 -2.53802e-07)
(-10 7.77359e-06 -2.55587e-07)
(-10 7.85729e-06 -2.55426e-07)
(-10 7.84342e-06 -2.52777e-07)
(-10 7.67764e-06 -2.14932e-07)
(-10 7.50387e-06 -1.4486e-07)
(-10 7.34493e-06 -2.805e-08)
(-10 7.35583e-06 7.24947e-08)
(-10 7.37945e-06 1.62363e-07)
(-10 7.49016e-06 2.00622e-07)
(-10 7.50958e-06 2.00901e-07)
(-10 7.50305e-06 1.84416e-07)
(-10 7.45963e-06 1.49449e-07)
(-10 7.39469e-06 1.30285e-07)
(-10 7.39523e-06 8.68322e-08)
(-10 7.36178e-06 7.76908e-08)
(-10 7.34275e-06 -3.43472e-07)
(-10 7.51154e-06 -3.37215e-07)
(-10 7.63844e-06 -3.17457e-07)
(-10 7.62053e-06 -2.9099e-07)
(-10 7.53229e-06 -2.2239e-07)
(-10 7.42177e-06 -1.28972e-07)
(-10 7.44068e-06 1.40143e-09)
(-10 7.50621e-06 9.11445e-08)
(-10 7.6543e-06 1.77097e-07)
(-10 7.74028e-06 1.91694e-07)
(-10 7.74689e-06 1.96067e-07)
(-10 7.69383e-06 1.74079e-07)
(-10 7.5725e-06 1.48683e-07)
(-10 7.4953e-06 1.25017e-07)
(-10 7.3986e-06 8.04285e-08)
(-10 7.40536e-06 5.1903e-08)
(-10 7.01003e-06 -5.19826e-07)
(-10 7.27476e-06 -4.23551e-07)
(-10 7.43687e-06 -3.76976e-07)
(-10 7.44694e-06 -3.10971e-07)
(-10 7.43811e-06 -2.25133e-07)
(-10 7.43816e-06 -9.87385e-08)
(-10 7.59017e-06 6.87923e-09)
(-10 7.73019e-06 1.10237e-07)
(-10 7.93342e-06 1.56081e-07)
(-10 7.97019e-06 1.75524e-07)
(-10 7.9458e-06 1.73487e-07)
(-10 7.80182e-06 1.57195e-07)
(-10 7.618e-06 1.46798e-07)
(-10 7.46358e-06 1.13441e-07)
(-10 7.31344e-06 9.21313e-08)
(-10 7.26613e-06 3.91188e-08)
(-10 6.92241e-06 -5.00579e-07)
(-10 7.19308e-06 -4.85067e-07)
(-10 7.31962e-06 -4.14854e-07)
(-10 7.37828e-06 -3.20527e-07)
(-10 7.41639e-06 -2.16533e-07)
(-10 7.58197e-06 -8.60504e-08)
(-10 7.77248e-06 4.80303e-09)
(-10 8.03723e-06 9.44547e-08)
(-10 8.17713e-06 1.14351e-07)
(-10 8.20715e-06 1.39723e-07)
(-10 8.09285e-06 1.33304e-07)
(-10 7.8614e-06 1.37208e-07)
(-10 7.61027e-06 1.34588e-07)
(-10 7.33802e-06 1.14986e-07)
(-10 7.17169e-06 9.46978e-08)
(-10 7.00655e-06 3.50236e-08)
(-10 7.15585e-06 -5.65425e-07)
(-10 7.30591e-06 -4.63553e-07)
(-10 7.34396e-06 -3.98326e-07)
(-10 7.40459e-06 -3.16418e-07)
(-10 7.51391e-06 -1.98936e-07)
(-10 7.77791e-06 -1.04393e-07)
(-10 8.03674e-06 -7.90844e-09)
(-10 8.33816e-06 3.08819e-08)
(-10 8.43768e-06 6.16471e-08)
(-10 8.4467e-06 7.08732e-08)
(-10 8.24584e-06 8.45959e-08)
(-10 7.95852e-06 1.06967e-07)
(-10 7.61555e-06 1.15624e-07)
(-10 7.26315e-06 1.24293e-07)
(-10 7.01125e-06 9.09635e-08)
(-10 6.7699e-06 6.26818e-08)
(-10 7.43613e-06 -4.38288e-07)
(-10 7.42456e-06 -4.52426e-07)
(-10 7.41975e-06 -3.80599e-07)
(-10 7.46569e-06 -3.00637e-07)
(-10 7.68891e-06 -1.9852e-07)
(-10 7.96655e-06 -1.29479e-07)
(-10 8.339e-06 -5.9482e-08)
(-10 8.57714e-06 -4.85358e-08)
(-10 8.7228e-06 -1.95415e-08)
(-10 8.66606e-06 -1.66606e-08)
(-10 8.45968e-06 2.27439e-08)
(-10 8.13291e-06 5.81333e-08)
(-10 7.71067e-06 9.38045e-08)
(-10 7.31173e-06 1.19463e-07)
(-10 6.901e-06 9.91905e-08)
(-10 6.58326e-06 7.1793e-08)
(-10 7.49336e-06 -4.05508e-07)
(-10 7.43487e-06 -3.39481e-07)
(-10 7.42037e-06 -3.22296e-07)
(-10 7.51648e-06 -2.61819e-07)
(-10 7.79566e-06 -2.13927e-07)
(-10 8.12587e-06 -1.53146e-07)
(-10 8.51212e-06 -1.43546e-07)
(-10 8.74758e-06 -1.2541e-07)
(-10 8.9086e-06 -1.2987e-07)
(-10 8.85626e-06 -1.02131e-07)
(-10 8.69081e-06 -6.03123e-08)
(-10 8.36377e-06 -2.45132e-09)
(-10 7.92633e-06 6.45515e-08)
(-10 7.45326e-06 1.02595e-07)
(-10 6.92842e-06 1.31513e-07)
(-10 6.46767e-06 1.17704e-07)
(-10 7.27369e-06 -1.84522e-07)
(-10 7.24725e-06 -2.54799e-07)
(-10 7.25956e-06 -2.49551e-07)
(-10 7.45633e-06 -2.18637e-07)
(-10 7.72959e-06 -2.00263e-07)
(-10 8.12972e-06 -1.78053e-07)
(-10 8.44403e-06 -1.93743e-07)
(-10 8.73859e-06 -1.94252e-07)
(-10 8.87698e-06 -2.05636e-07)
(-10 8.921e-06 -1.7383e-07)
(-10 8.81786e-06 -1.26944e-07)
(-10 8.53839e-06 -5.0863e-08)
(-10 8.15355e-06 4.07557e-08)
(-10 7.60113e-06 1.15135e-07)
(-10 7.02075e-06 1.81313e-07)
(-10 6.4373e-06 2.00972e-07)
(-10 6.68484e-06 -8.19547e-08)
(-10 6.69148e-06 -1.00702e-07)
(-10 6.80673e-06 -1.25962e-07)
(-10 7.03948e-06 -1.4796e-07)
(-10 7.34426e-06 -1.4209e-07)
(-10 7.69536e-06 -1.70376e-07)
(-10 7.98953e-06 -1.84938e-07)
(-10 8.27561e-06 -2.18098e-07)
(-10 8.45654e-06 -2.20116e-07)
(-10 8.60731e-06 -2.02663e-07)
(-10 8.58165e-06 -1.53676e-07)
(-10 8.44193e-06 -5.71756e-08)
(-10 8.0958e-06 4.25652e-08)
(-10 7.55199e-06 1.70961e-07)
(-10 6.92685e-06 2.74297e-07)
(-10 6.41335e-06 3.49805e-07)
(-10 5.53258e-06 1.36375e-07)
(-10 5.65529e-06 3.45306e-08)
(-10 5.88049e-06 7.67506e-09)
(-10 6.11395e-06 -2.04352e-08)
(-10 6.41886e-06 -3.7189e-08)
(-10 6.66008e-06 -7.64308e-08)
(-10 6.94757e-06 -1.01107e-07)
(-10 7.18184e-06 -1.4166e-07)
(-10 7.45746e-06 -1.49054e-07)
(-10 7.65494e-06 -1.48539e-07)
(-10 7.78343e-06 -9.41914e-08)
(-10 7.76605e-06 -5.37236e-09)
(-10 7.50115e-06 1.19383e-07)
(-10 7.08388e-06 2.98389e-07)
(-10 6.67753e-06 4.38114e-07)
(-10 5.94079e-06 5.04495e-07)
(-10 4.06857e-06 1.88104e-07)
(-10 4.37632e-06 2.05305e-07)
(-10 4.6577e-06 1.50751e-07)
(-10 4.92235e-06 1.48333e-07)
(-10 5.14216e-06 9.90998e-08)
(-10 5.3453e-06 9.18609e-08)
(-10 5.56283e-06 4.03676e-08)
(-10 5.81533e-06 1.65839e-08)
(-10 6.11237e-06 -1.59862e-08)
(-10 6.40063e-06 -2.51697e-08)
(-10 6.65744e-06 2.19457e-08)
(-10 6.77144e-06 8.26487e-08)
(-10 6.76642e-06 2.68299e-07)
(-10 6.66933e-06 4.14932e-07)
(-10 6.03108e-06 5.30991e-07)
(-10 6.02217e-06 8.42824e-07)
(-10 3.3428e-06 3.62505e-07)
(-10 3.8498e-06 3.07823e-07)
(-10 4.18608e-06 3.06004e-07)
(-10 4.47749e-06 2.713e-07)
(-10 4.67281e-06 2.73877e-07)
(-10 4.89946e-06 2.42196e-07)
(-10 5.1206e-06 2.23723e-07)
(-10 5.42769e-06 1.82019e-07)
(-10 5.77261e-06 1.39418e-07)
(-10 6.15218e-06 1.24639e-07)
(-10 6.51989e-06 1.22874e-07)
(-10 6.85387e-06 2.24775e-07)
(-10 7.0906e-06 3.15025e-07)
(-10 7.00726e-06 4.68272e-07)
(-10 7.24654e-06 8.87503e-07)
(-10 4.36314e-07 1.48606e-06)
(-10 4.70589e-07 1.47218e-06)
(-10 4.95776e-07 1.47581e-06)
(-10 5.13093e-07 1.44163e-06)
(-10 5.25746e-07 1.39964e-06)
(-10 5.32721e-07 1.29989e-06)
(-10 5.33628e-07 1.173e-06)
(-10 5.27852e-07 9.95866e-07)
(-10 5.15956e-07 8.03438e-07)
(-10 4.98825e-07 6.15842e-07)
(-10 4.79548e-07 4.61286e-07)
(-10 4.6131e-07 3.53687e-07)
(-10 4.4633e-07 2.98523e-07)
(-10 4.3726e-07 2.93302e-07)
(-10 4.30246e-07 3.29477e-07)
(-10 4.28402e-07 3.99347e-07)
(-10 4.30584e-07 4.58551e-07)
(-10 1.37678e-06 1.44513e-06)
(-10 1.46354e-06 1.45105e-06)
(-10 1.53389e-06 1.44021e-06)
(-10 1.58395e-06 1.41935e-06)
(-10 1.62106e-06 1.362e-06)
(-10 1.63953e-06 1.27163e-06)
(-10 1.63979e-06 1.13725e-06)
(-10 1.61972e-06 9.64643e-07)
(-10 1.58076e-06 7.74599e-07)
(-10 1.52692e-06 5.92562e-07)
(-10 1.46803e-06 4.44216e-07)
(-10 1.41281e-06 3.41563e-07)
(-10 1.36843e-06 2.89814e-07)
(-10 1.33981e-06 2.83248e-07)
(-10 1.32073e-06 3.2395e-07)
(-10 1.31603e-06 3.81322e-07)
(-10 1.30433e-06 4.52188e-07)
(-10 2.35296e-06 1.40178e-06)
(-10 2.47885e-06 1.40587e-06)
(-10 2.58557e-06 1.37985e-06)
(-10 2.66573e-06 1.36315e-06)
(-10 2.72199e-06 1.29235e-06)
(-10 2.74791e-06 1.20935e-06)
(-10 2.74325e-06 1.06739e-06)
(-10 2.70507e-06 9.04437e-07)
(-10 2.63437e-06 7.2077e-07)
(-10 2.54138e-06 5.51741e-07)
(-10 2.44189e-06 4.15492e-07)
(-10 2.3495e-06 3.23028e-07)
(-10 2.27699e-06 2.7592e-07)
(-10 2.22718e-06 2.71633e-07)
(-10 2.19984e-06 3.09468e-07)
(-10 2.18905e-06 3.58394e-07)
(-10 2.17849e-06 4.27948e-07)
(-10 3.26417e-06 1.35265e-06)
(-10 3.43584e-06 1.3185e-06)
(-10 3.57017e-06 1.30284e-06)
(-10 3.67416e-06 1.25814e-06)
(-10 3.74118e-06 1.20005e-06)
(-10 3.77069e-06 1.09991e-06)
(-10 3.7578e-06 9.68305e-07)
(-10 3.6978e-06 8.08616e-07)
(-10 3.5929e-06 6.4038e-07)
(-10 3.4596e-06 4.90026e-07)
(-10 3.31747e-06 3.72039e-07)
(-10 3.18764e-06 2.94599e-07)
(-10 3.08638e-06 2.5401e-07)
(-10 3.01753e-06 2.56363e-07)
(-10 2.98388e-06 2.80598e-07)
(-10 2.96391e-06 3.42114e-07)
(-10 2.95042e-06 3.94612e-07)
(-10 4.16108e-06 1.27974e-06)
(-10 4.35254e-06 1.22124e-06)
(-10 4.50488e-06 1.2027e-06)
(-10 4.61966e-06 1.14012e-06)
(-10 4.69164e-06 1.08546e-06)
(-10 4.71888e-06 9.72019e-07)
(-10 4.69337e-06 8.50302e-07)
(-10 4.60617e-06 6.95284e-07)
(-10 4.46403e-06 5.49459e-07)
(-10 4.2857e-06 4.22613e-07)
(-10 4.09695e-06 3.30596e-07)
(-10 3.92926e-06 2.71235e-07)
(-10 3.80046e-06 2.4397e-07)
(-10 3.72017e-06 2.46253e-07)
(-10 3.67935e-06 2.70418e-07)
(-10 3.66192e-06 3.29131e-07)
(-10 3.66652e-06 3.69794e-07)
(-10 4.97659e-06 1.12515e-06)
(-10 5.18202e-06 1.0996e-06)
(-10 5.34596e-06 1.0511e-06)
(-10 5.46329e-06 1.00683e-06)
(-10 5.53688e-06 9.23565e-07)
(-10 5.55866e-06 8.23167e-07)
(-10 5.51586e-06 6.93351e-07)
(-10 5.39783e-06 5.57688e-07)
(-10 5.21319e-06 4.35779e-07)
(-10 4.9826e-06 3.42433e-07)
(-10 4.74707e-06 2.83463e-07)
(-10 4.54535e-06 2.49037e-07)
(-10 4.39976e-06 2.3805e-07)
(-10 4.31653e-06 2.37881e-07)
(-10 4.27782e-06 2.70937e-07)
(-10 4.27788e-06 3.01594e-07)
(-10 4.28954e-06 3.61858e-07)
(-10 5.72945e-06 9.96984e-07)
(-10 5.9359e-06 9.64132e-07)
(-10 6.10021e-06 8.97693e-07)
(-10 6.21839e-06 8.54106e-07)
(-10 6.28933e-06 7.53864e-07)
(-10 6.30282e-06 6.56675e-07)
(-10 6.23677e-06 5.23868e-07)
(-10 6.08286e-06 4.11888e-07)
(-10 5.84718e-06 3.2078e-07)
(-10 5.56335e-06 2.74288e-07)
(-10 5.28945e-06 2.53207e-07)
(-10 5.06739e-06 2.52358e-07)
(-10 4.92215e-06 2.52152e-07)
(-10 4.84657e-06 2.57298e-07)
(-10 4.82608e-06 2.79021e-07)
(-10 4.84166e-06 2.94801e-07)
(-10 4.86378e-06 3.36955e-07)
(-10 6.35802e-06 8.56597e-07)
(-10 6.56849e-06 7.76706e-07)
(-10 6.72789e-06 7.29861e-07)
(-10 6.84325e-06 6.51211e-07)
(-10 6.90812e-06 5.65153e-07)
(-10 6.90526e-06 4.4612e-07)
(-10 6.80989e-06 3.32388e-07)
(-10 6.61327e-06 2.41629e-07)
(-10 6.32627e-06 2.0063e-07)
(-10 6.00697e-06 2.06274e-07)
(-10 5.71689e-06 2.36037e-07)
(-10 5.50024e-06 2.65237e-07)
(-10 5.37237e-06 2.74779e-07)
(-10 5.31693e-06 2.82349e-07)
(-10 5.31764e-06 2.75561e-07)
(-10 5.33873e-06 3.00644e-07)
(-10 5.36587e-06 3.09897e-07)
(-10 6.88329e-06 6.77459e-07)
(-10 7.08313e-06 5.8507e-07)
(-10 7.23539e-06 5.41267e-07)
(-10 7.34221e-06 4.49541e-07)
(-10 7.39535e-06 3.6407e-07)
(-10 7.36559e-06 2.39752e-07)
(-10 7.23388e-06 1.46481e-07)
(-10 6.99087e-06 9.15143e-08)
(-10 6.67123e-06 1.13358e-07)
(-10 6.34727e-06 1.73684e-07)
(-10 6.0743e-06 2.5797e-07)
(-10 5.89071e-06 3.0596e-07)
(-10 5.7936e-06 3.24249e-07)
(-10 5.76348e-06 3.15979e-07)
(-10 5.77302e-06 2.98064e-07)
(-10 5.80004e-06 3.07145e-07)
(-10 5.84123e-06 2.94064e-07)
(-10 7.23781e-06 3.99663e-07)
(-10 7.4357e-06 3.62053e-07)
(-10 7.58544e-06 2.99577e-07)
(-10 7.68592e-06 2.35136e-07)
(-10 7.72051e-06 1.30779e-07)
(-10 7.66034e-06 3.10288e-08)
(-10 7.48943e-06 -4.04577e-08)
(-10 7.21331e-06 -3.42515e-08)
(-10 6.89728e-06 4.49456e-08)
(-10 6.60505e-06 1.73107e-07)
(-10 6.38606e-06 2.87661e-07)
(-10 6.25677e-06 3.5349e-07)
(-10 6.19808e-06 3.67444e-07)
(-10 6.18658e-06 3.37903e-07)
(-10 6.19796e-06 3.1999e-07)
(-10 6.23251e-06 2.86239e-07)
(-10 6.26911e-06 2.94425e-07)
(-10 7.44271e-06 1.60005e-07)
(-10 7.63689e-06 1.33056e-07)
(-10 7.78761e-06 7.16814e-08)
(-10 7.88569e-06 2.00405e-08)
(-10 7.90072e-06 -7.82859e-08)
(-10 7.81271e-06 -1.50299e-07)
(-10 7.60992e-06 -1.77473e-07)
(-10 7.33288e-06 -1.04313e-07)
(-10 7.05623e-06 3.23063e-08)
(-10 6.83122e-06 2.14225e-07)
(-10 6.69128e-06 3.40139e-07)
(-10 6.62391e-06 4.1223e-07)
(-10 6.60002e-06 4.07799e-07)
(-10 6.59703e-06 3.69815e-07)
(-10 6.61126e-06 3.31785e-07)
(-10 6.6398e-06 2.80476e-07)
(-10 6.66305e-06 2.60531e-07)
(-10 7.46759e-06 -7.77351e-08)
(-10 7.66775e-06 -1.28842e-07)
(-10 7.83224e-06 -1.54312e-07)
(-10 7.93336e-06 -2.14162e-07)
(-10 7.93926e-06 -2.7513e-07)
(-10 7.83217e-06 -3.16034e-07)
(-10 7.62135e-06 -2.74544e-07)
(-10 7.38021e-06 -1.46185e-07)
(-10 7.16998e-06 5.76091e-08)
(-10 7.03535e-06 2.49269e-07)
(-10 6.97728e-06 3.88267e-07)
(-10 6.96136e-06 4.40675e-07)
(-10 6.95796e-06 4.20239e-07)
(-10 6.95655e-06 3.7807e-07)
(-10 6.96523e-06 3.10479e-07)
(-10 6.97248e-06 2.73308e-07)
(-10 6.97797e-06 2.19528e-07)
(-10 7.32574e-06 -3.07807e-07)
(-10 7.55297e-06 -3.52287e-07)
(-10 7.74389e-06 -3.60188e-07)
(-10 7.86005e-06 -4.06911e-07)
(-10 7.87138e-06 -4.32536e-07)
(-10 7.76252e-06 -4.21638e-07)
(-10 7.57979e-06 -3.10836e-07)
(-10 7.40131e-06 -1.26944e-07)
(-10 7.27891e-06 1.17351e-07)
(-10 7.23685e-06 3.0422e-07)
(-10 7.24457e-06 4.37329e-07)
(-10 7.25875e-06 4.61716e-07)
(-10 7.25831e-06 4.35005e-07)
(-10 7.24758e-06 3.78367e-07)
(-10 7.232e-06 3.09088e-07)
(-10 7.21674e-06 2.61002e-07)
(-10 7.21414e-06 1.89159e-07)
(-10 7.10304e-06 -5.87435e-07)
(-10 7.35452e-06 -5.45917e-07)
(-10 7.55442e-06 -5.67284e-07)
(-10 7.69424e-06 -5.77909e-07)
(-10 7.72354e-06 -5.70235e-07)
(-10 7.64027e-06 -4.88226e-07)
(-10 7.51894e-06 -3.2401e-07)
(-10 7.42362e-06 -7.72134e-08)
(-10 7.40006e-06 1.58495e-07)
(-10 7.43633e-06 3.52953e-07)
(-10 7.48454e-06 4.47349e-07)
(-10 7.50519e-06 4.59967e-07)
(-10 7.48925e-06 4.27263e-07)
(-10 7.44884e-06 3.60764e-07)
(-10 7.39618e-06 3.05126e-07)
(-10 7.36013e-06 2.24491e-07)
(-10 7.34216e-06 1.78015e-07)
(-10 6.82903e-06 -7.2163e-07)
(-10 7.01022e-06 -7.85401e-07)
(-10 7.30159e-06 -7.50106e-07)
(-10 7.4865e-06 -7.18383e-07)
(-10 7.54779e-06 -6.55764e-07)
(-10 7.51954e-06 -5.05981e-07)
(-10 7.47942e-06 -2.90124e-07)
(-10 7.48434e-06 -1.4786e-08)
(-10 7.55339e-06 2.05692e-07)
(-10 7.64644e-06 3.82597e-07)
(-10 7.70891e-06 4.40228e-07)
(-10 7.71262e-06 4.50943e-07)
(-10 7.65981e-06 4.12366e-07)
(-10 7.56919e-06 3.58415e-07)
(-10 7.47425e-06 3.01437e-07)
(-10 7.40522e-06 2.15019e-07)
(-10 7.35714e-06 1.38865e-07)
(-10 6.51706e-06 -9.05962e-07)
(-10 6.81365e-06 -9.93492e-07)
(-10 7.08995e-06 -9.44155e-07)
(-10 7.31512e-06 -8.54458e-07)
(-10 7.41002e-06 -7.14875e-07)
(-10 7.44543e-06 -5.1716e-07)
(-10 7.49182e-06 -2.49393e-07)
(-10 7.59442e-06 6.63363e-10)
(-10 7.73432e-06 2.20914e-07)
(-10 7.85499e-06 3.39281e-07)
(-10 7.90523e-06 3.91001e-07)
(-10 7.86735e-06 3.93716e-07)
(-10 7.75573e-06 3.6697e-07)
(-10 7.60038e-06 3.38325e-07)
(-10 7.45104e-06 2.76822e-07)
(-10 7.33128e-06 2.13328e-07)
(-10 7.24504e-06 1.09898e-07)
(-10 6.86541e-06 -1.15459e-06)
(-10 7.14307e-06 -1.02896e-06)
(-10 7.29293e-06 -9.10365e-07)
(-10 7.37147e-06 -7.27874e-07)
(-10 7.44914e-06 -4.98482e-07)
(-10 7.5749e-06 -2.24567e-07)
(-10 7.754e-06 -3.68523e-09)
(-10 7.93803e-06 1.80874e-07)
(-10 8.05908e-06 2.55163e-07)
(-10 8.07633e-06 3.06203e-07)
(-10 7.98174e-06 3.10436e-07)
(-10 7.79861e-06 3.18095e-07)
(-10 7.5713e-06 3.13782e-07)
(-10 7.35159e-06 2.76761e-07)
(-10 7.17023e-06 2.20217e-07)
(-10 7.03601e-06 1.06717e-07)
(-10 7.23372e-06 -1.17523e-06)
(-10 7.34671e-06 -1.06962e-06)
(-10 7.38678e-06 -9.2222e-07)
(-10 7.42946e-06 -7.33269e-07)
(-10 7.53643e-06 -4.87733e-07)
(-10 7.72363e-06 -2.64643e-07)
(-10 7.95638e-06 -6.34088e-08)
(-10 8.15942e-06 4.33931e-08)
(-10 8.27031e-06 1.13286e-07)
(-10 8.25122e-06 1.47451e-07)
(-10 8.10764e-06 1.8492e-07)
(-10 7.85968e-06 2.33345e-07)
(-10 7.56457e-06 2.62905e-07)
(-10 7.26875e-06 2.73785e-07)
(-10 7.01686e-06 2.1614e-07)
(-10 6.81586e-06 1.40043e-07)
(-10 7.63602e-06 -1.14014e-06)
(-10 7.57965e-06 -1.00344e-06)
(-10 7.51479e-06 -8.70136e-07)
(-10 7.53394e-06 -6.97683e-07)
(-10 7.67017e-06 -4.88798e-07)
(-10 7.90561e-06 -3.21111e-07)
(-10 8.16945e-06 -1.82455e-07)
(-10 8.38177e-06 -1.29941e-07)
(-10 8.48341e-06 -7.60553e-08)
(-10 8.4498e-06 -4.37304e-08)
(-10 8.27854e-06 3.51887e-08)
(-10 7.99614e-06 1.2413e-07)
(-10 7.64683e-06 2.07327e-07)
(-10 7.28461e-06 2.64466e-07)
(-10 6.95169e-06 2.42086e-07)
(-10 6.65203e-06 1.77758e-07)
(-10 7.81056e-06 -8.71708e-07)
(-10 7.6819e-06 -8.57995e-07)
(-10 7.58418e-06 -7.75144e-07)
(-10 7.61898e-06 -6.40218e-07)
(-10 7.79348e-06 -5.16915e-07)
(-10 8.06515e-06 -4.00852e-07)
(-10 8.34429e-06 -3.59305e-07)
(-10 8.56544e-06 -3.28478e-07)
(-10 8.67598e-06 -3.17069e-07)
(-10 8.6598e-06 -2.58686e-07)
(-10 8.5037e-06 -1.57857e-07)
(-10 8.22753e-06 -2.37852e-08)
(-10 7.86002e-06 1.26915e-07)
(-10 7.44785e-06 2.3201e-07)
(-10 7.03107e-06 2.90474e-07)
(-10 6.62915e-06 2.74568e-07)
(-10 7.67813e-06 -5.53458e-07)
(-10 7.54572e-06 -5.79473e-07)
(-10 7.50498e-06 -5.76139e-07)
(-10 7.59865e-06 -5.23446e-07)
(-10 7.81939e-06 -4.77291e-07)
(-10 8.10818e-06 -4.44796e-07)
(-10 8.39229e-06 -4.64519e-07)
(-10 8.62273e-06 -4.74861e-07)
(-10 8.76417e-06 -4.82322e-07)
(-10 8.79533e-06 -4.17651e-07)
(-10 8.70115e-06 -3.02855e-07)
(-10 8.46998e-06 -1.26938e-07)
(-10 8.12606e-06 7.95554e-08)
(-10 7.68659e-06 2.60349e-07)
(-10 7.19923e-06 3.98606e-07)
(-10 6.72743e-06 4.53318e-07)
(-10 7.08596e-06 -4.91426e-08)
(-10 7.05314e-06 -2.49158e-07)
(-10 7.12827e-06 -3.13348e-07)
(-10 7.28723e-06 -3.49639e-07)
(-10 7.5481e-06 -3.56993e-07)
(-10 7.82239e-06 -4.10535e-07)
(-10 8.10532e-06 -4.54929e-07)
(-10 8.34135e-06 -5.17559e-07)
(-10 8.52727e-06 -5.24702e-07)
(-10 8.63893e-06 -4.81316e-07)
(-10 8.62259e-06 -3.61487e-07)
(-10 8.49879e-06 -1.49713e-07)
(-10 8.19408e-06 9.18259e-08)
(-10 7.78106e-06 3.6865e-07)
(-10 7.24785e-06 5.8859e-07)
(-10 6.79275e-06 7.3639e-07)
(-10 5.87015e-06 1.29524e-07)
(-10 6.0378e-06 8.12678e-08)
(-10 6.22639e-06 -1.54937e-09)
(-10 6.48432e-06 -4.83494e-08)
(-10 6.72035e-06 -1.16067e-07)
(-10 6.98788e-06 -1.84033e-07)
(-10 7.2292e-06 -2.64577e-07)
(-10 7.47519e-06 -3.36894e-07)
(-10 7.71262e-06 -3.64211e-07)
(-10 7.8768e-06 -3.55452e-07)
(-10 8.00296e-06 -2.21196e-07)
(-10 7.94083e-06 -3.53076e-08)
(-10 7.78332e-06 2.82037e-07)
(-10 7.38885e-06 6.27835e-07)
(-10 6.9984e-06 9.47032e-07)
(-10 6.55707e-06 1.1158e-06)
(-10 4.35123e-06 5.34251e-07)
(-10 4.71794e-06 4.22555e-07)
(-10 5.03061e-06 3.63696e-07)
(-10 5.28702e-06 2.89892e-07)
(-10 5.53099e-06 2.31241e-07)
(-10 5.74359e-06 1.58667e-07)
(-10 5.96887e-06 7.70477e-08)
(-10 6.21993e-06 4.8465e-09)
(-10 6.47296e-06 -7.26252e-08)
(-10 6.74211e-06 -5.53135e-08)
(-10 6.92878e-06 -4.09881e-09)
(-10 7.05913e-06 2.29684e-07)
(-10 7.01098e-06 5.41066e-07)
(-10 6.88169e-06 9.7344e-07)
(-10 6.59282e-06 1.22873e-06)
(-10 6.11216e-06 1.76795e-06)
(-10 3.60799e-06 7.06044e-07)
(-10 4.1001e-06 7.14089e-07)
(-10 4.47851e-06 6.55158e-07)
(-10 4.78589e-06 6.2927e-07)
(-10 5.03899e-06 5.80869e-07)
(-10 5.27481e-06 5.41969e-07)
(-10 5.52691e-06 4.72854e-07)
(-10 5.81414e-06 3.81983e-07)
(-10 6.13432e-06 3.07692e-07)
(-10 6.46923e-06 2.38019e-07)
(-10 6.79333e-06 3.10059e-07)
(-10 7.07102e-06 4.5588e-07)
(-10 7.26711e-06 7.86099e-07)
(-10 7.30911e-06 1.10506e-06)
(-10 7.25864e-06 1.83783e-06)
(-10 7.10902e-06 1.82419e-06)
(-10 4.18018e-07 1.57125e-06)
(-10 4.50999e-07 1.57038e-06)
(-10 4.73682e-07 1.56122e-06)
(-10 4.90557e-07 1.52943e-06)
(-10 5.01358e-07 1.46967e-06)
(-10 5.07664e-07 1.37127e-06)
(-10 5.08387e-07 1.23175e-06)
(-10 5.04023e-07 1.05534e-06)
(-10 4.94749e-07 8.60462e-07)
(-10 4.8163e-07 6.73188e-07)
(-10 4.6673e-07 5.17803e-07)
(-10 4.52022e-07 4.08558e-07)
(-10 4.39258e-07 3.51168e-07)
(-10 4.30114e-07 3.4374e-07)
(-10 4.23293e-07 3.77198e-07)
(-10 4.18791e-07 4.39452e-07)
(-10 4.20208e-07 5.03491e-07)
(-10 1.32702e-06 1.54539e-06)
(-10 1.40905e-06 1.54316e-06)
(-10 1.47146e-06 1.53142e-06)
(-10 1.51903e-06 1.49814e-06)
(-10 1.5505e-06 1.43641e-06)
(-10 1.56771e-06 1.33697e-06)
(-10 1.56807e-06 1.19756e-06)
(-10 1.55295e-06 1.02327e-06)
(-10 1.52268e-06 8.32188e-07)
(-10 1.48152e-06 6.50627e-07)
(-10 1.43536e-06 5.01149e-07)
(-10 1.39057e-06 3.96799e-07)
(-10 1.35203e-06 3.42462e-07)
(-10 1.32396e-06 3.35388e-07)
(-10 1.30451e-06 3.68303e-07)
(-10 1.29226e-06 4.27974e-07)
(-10 1.27794e-06 4.90891e-07)
(-10 2.27286e-06 1.50364e-06)
(-10 2.38655e-06 1.49282e-06)
(-10 2.48218e-06 1.47321e-06)
(-10 2.55431e-06 1.43594e-06)
(-10 2.60331e-06 1.36976e-06)
(-10 2.62672e-06 1.26893e-06)
(-10 2.62366e-06 1.13058e-06)
(-10 2.59396e-06 9.61047e-07)
(-10 2.5395e-06 7.78804e-07)
(-10 2.46797e-06 6.08957e-07)
(-10 2.38938e-06 4.71205e-07)
(-10 2.31402e-06 3.76278e-07)
(-10 2.25059e-06 3.27484e-07)
(-10 2.20394e-06 3.21474e-07)
(-10 2.17312e-06 3.53721e-07)
(-10 2.15483e-06 4.0751e-07)
(-10 2.1427e-06 4.67502e-07)
(-10 3.16025e-06 1.42799e-06)
(-10 3.31213e-06 1.40893e-06)
(-10 3.4346e-06 1.38115e-06)
(-10 3.52542e-06 1.33636e-06)
(-10 3.58572e-06 1.26485e-06)
(-10 3.61062e-06 1.16184e-06)
(-10 3.60051e-06 1.02532e-06)
(-10 3.55265e-06 8.63139e-07)
(-10 3.47154e-06 6.94867e-07)
(-10 3.36766e-06 5.42568e-07)
(-10 3.25519e-06 4.22114e-07)
(-10 3.14894e-06 3.41473e-07)
(-10 3.06143e-06 3.00751e-07)
(-10 2.9977e-06 2.98421e-07)
(-10 2.95836e-06 3.27405e-07)
(-10 2.93492e-06 3.77709e-07)
(-10 2.91596e-06 4.37612e-07)
(-10 4.0195e-06 1.35362e-06)
(-10 4.1936e-06 1.31498e-06)
(-10 4.33227e-06 1.2764e-06)
(-10 4.43547e-06 1.22202e-06)
(-10 4.49908e-06 1.14519e-06)
(-10 4.52145e-06 1.03911e-06)
(-10 4.49902e-06 9.04784e-07)
(-10 4.42938e-06 7.52855e-07)
(-10 4.31817e-06 6.03183e-07)
(-10 4.17887e-06 4.73858e-07)
(-10 4.03039e-06 3.77239e-07)
(-10 3.89392e-06 3.15789e-07)
(-10 3.78432e-06 2.87107e-07)
(-10 3.70837e-06 2.88986e-07)
(-10 3.66371e-06 3.15206e-07)
(-10 3.63974e-06 3.63066e-07)
(-10 3.63287e-06 4.15435e-07)
(-10 4.79831e-06 1.22304e-06)
(-10 4.99172e-06 1.17778e-06)
(-10 5.14084e-06 1.13e-06)
(-10 5.24937e-06 1.06826e-06)
(-10 5.31198e-06 9.85124e-07)
(-10 5.32844e-06 8.76087e-07)
(-10 5.29038e-06 7.44945e-07)
(-10 5.19598e-06 6.07347e-07)
(-10 5.0513e-06 4.81779e-07)
(-10 4.87379e-06 3.83686e-07)
(-10 4.69002e-06 3.19416e-07)
(-10 4.52744e-06 2.83324e-07)
(-10 4.40294e-06 2.70489e-07)
(-10 4.3225e-06 2.76167e-07)
(-10 4.27907e-06 3.00546e-07)
(-10 4.26268e-06 3.41444e-07)
(-10 4.25888e-06 3.8591e-07)
(-10 5.51756e-06 1.10025e-06)
(-10 5.71044e-06 1.03885e-06)
(-10 5.86342e-06 9.79552e-07)
(-10 5.97085e-06 9.10515e-07)
(-10 6.03109e-06 8.20208e-07)
(-10 6.03793e-06 7.07235e-07)
(-10 5.98183e-06 5.81102e-07)
(-10 5.85918e-06 4.61921e-07)
(-10 5.67853e-06 3.68172e-07)
(-10 5.46406e-06 3.12359e-07)
(-10 5.25204e-06 2.8844e-07)
(-10 5.07343e-06 2.82748e-07)
(-10 4.94615e-06 2.85383e-07)
(-10 4.8705e-06 2.93313e-07)
(-10 4.8362e-06 3.12917e-07)
(-10 4.83074e-06 3.39778e-07)
(-10 4.83738e-06 3.70358e-07)
(-10 6.10853e-06 9.13247e-07)
(-10 6.30733e-06 8.48153e-07)
(-10 6.46151e-06 7.83364e-07)
(-10 6.56668e-06 7.07124e-07)
(-10 6.62288e-06 6.10351e-07)
(-10 6.6175e-06 4.9426e-07)
(-10 6.54071e-06 3.77974e-07)
(-10 6.38877e-06 2.84914e-07)
(-10 6.17588e-06 2.36082e-07)
(-10 5.93635e-06 2.34027e-07)
(-10 5.7127e-06 2.57144e-07)
(-10 5.53563e-06 2.83404e-07)
(-10 5.41897e-06 2.98276e-07)
(-10 5.35589e-06 3.05283e-07)
(-10 5.33438e-06 3.11886e-07)
(-10 5.33665e-06 3.24536e-07)
(-10 5.34463e-06 3.4615e-07)
(-10 6.58453e-06 7.37868e-07)
(-10 6.78398e-06 6.59286e-07)
(-10 6.9367e-06 5.90067e-07)
(-10 7.04132e-06 5.09198e-07)
(-10 7.09066e-06 4.07847e-07)
(-10 7.07092e-06 2.94205e-07)
(-10 6.97128e-06 1.95091e-07)
(-10 6.79343e-06 1.39704e-07)
(-10 6.56092e-06 1.47987e-07)
(-10 6.31792e-06 2.03861e-07)
(-10 6.10515e-06 2.73817e-07)
(-10 5.94926e-06 3.26004e-07)
(-10 5.85334e-06 3.46907e-07)
(-10 5.80666e-06 3.46038e-07)
(-10 5.79469e-06 3.3711e-07)
(-10 5.80079e-06 3.35913e-07)
(-10 5.81786e-06 3.38985e-07)
(-10 6.90071e-06 4.84433e-07)
(-10 7.10759e-06 4.14212e-07)
(-10 7.2642e-06 3.48665e-07)
(-10 7.37115e-06 2.69665e-07)
(-10 7.4142e-06 1.70105e-07)
(-10 7.38046e-06 6.95844e-08)
(-10 7.26188e-06 3.59051e-10)
(-10 7.07004e-06 -1.9447e-09)
(-10 6.84102e-06 6.98421e-08)
(-10 6.62128e-06 1.82293e-07)
(-10 6.44402e-06 2.91445e-07)
(-10 6.32501e-06 3.59497e-07)
(-10 6.25623e-06 3.79086e-07)
(-10 6.22535e-06 3.65889e-07)
(-10 6.21856e-06 3.42875e-07)
(-10 6.22671e-06 3.25072e-07)
(-10 6.23889e-06 3.13088e-07)
(-10 7.08227e-06 2.59585e-07)
(-10 7.29312e-06 1.86525e-07)
(-10 7.45884e-06 1.25955e-07)
(-10 7.57023e-06 5.33183e-08)
(-10 7.61076e-06 -3.38669e-08)
(-10 7.56718e-06 -1.09322e-07)
(-10 7.43982e-06 -1.33714e-07)
(-10 7.2534e-06 -7.33805e-08)
(-10 7.05423e-06 5.78266e-08)
(-10 6.88102e-06 2.16374e-07)
(-10 6.75726e-06 3.48123e-07)
(-10 6.68142e-06 4.18375e-07)
(-10 6.64009e-06 4.28865e-07)
(-10 6.62089e-06 4.02849e-07)
(-10 6.61596e-06 3.6715e-07)
(-10 6.62101e-06 3.30283e-07)
(-10 6.62555e-06 2.99003e-07)
(-10 7.10932e-06 -2.57978e-08)
(-10 7.33412e-06 -8.0404e-08)
(-10 7.51547e-06 -1.27542e-07)
(-10 7.63772e-06 -1.8678e-07)
(-10 7.68319e-06 -2.49899e-07)
(-10 7.64016e-06 -2.86335e-07)
(-10 7.52036e-06 -2.51236e-07)
(-10 7.3629e-06 -1.27512e-07)
(-10 7.21416e-06 5.45912e-08)
(-10 7.10228e-06 2.42081e-07)
(-10 7.03616e-06 3.7842e-07)
(-10 6.99962e-06 4.39485e-07)
(-10 6.97865e-06 4.37499e-07)
(-10 6.96405e-06 4.01057e-07)
(-10 6.95495e-06 3.5075e-07)
(-10 6.94835e-06 3.00295e-07)
(-10 6.93758e-06 2.61056e-07)
(-10 7.02321e-06 -2.45439e-07)
(-10 7.26355e-06 -2.96158e-07)
(-10 7.45697e-06 -3.34348e-07)
(-10 7.59928e-06 -3.7511e-07)
(-10 7.66136e-06 -4.05983e-07)
(-10 7.63436e-06 -3.90973e-07)
(-10 7.54273e-06 -2.90649e-07)
(-10 7.43508e-06 -1.11418e-07)
(-10 7.34851e-06 1.07085e-07)
(-10 7.30197e-06 3.02744e-07)
(-10 7.28467e-06 4.28419e-07)
(-10 7.27597e-06 4.74372e-07)
(-10 7.2626e-06 4.60782e-07)
(-10 7.24215e-06 4.14805e-07)
(-10 7.21836e-06 3.54341e-07)
(-10 7.19319e-06 2.95511e-07)
(-10 7.17133e-06 2.40689e-07)
(-10 6.80752e-06 -4.75209e-07)
(-10 7.03003e-06 -5.16451e-07)
(-10 7.28619e-06 -5.46073e-07)
(-10 7.46795e-06 -5.64991e-07)
(-10 7.56438e-06 -5.56306e-07)
(-10 7.57221e-06 -4.8098e-07)
(-10 7.52976e-06 -3.19727e-07)
(-10 7.48513e-06 -9.58427e-08)
(-10 7.46626e-06 1.39725e-07)
(-10 7.47742e-06 3.2677e-07)
(-10 7.49378e-06 4.33533e-07)
(-10 7.49611e-06 4.64487e-07)
(-10 7.47475e-06 4.43197e-07)
(-10 7.43469e-06 3.92161e-07)
(-10 7.38512e-06 3.28804e-07)
(-10 7.33775e-06 2.62721e-07)
(-10 7.29891e-06 1.97109e-07)
(-10 6.48573e-06 -6.48152e-07)
(-10 6.78329e-06 -6.97144e-07)
(-10 7.04046e-06 -7.02568e-07)
(-10 7.29275e-06 -6.92499e-07)
(-10 7.43974e-06 -6.37069e-07)
(-10 7.49613e-06 -5.0208e-07)
(-10 7.51504e-06 -2.92318e-07)
(-10 7.53803e-06 -4.21498e-08)
(-10 7.58423e-06 1.88886e-07)
(-10 7.63721e-06 3.54292e-07)
(-10 7.66984e-06 4.3952e-07)
(-10 7.66408e-06 4.59303e-07)
(-10 7.61847e-06 4.3653e-07)
(-10 7.54445e-06 3.89514e-07)
(-10 7.45992e-06 3.30659e-07)
(-10 7.38464e-06 2.57597e-07)
(-10 7.32021e-06 1.7493e-07)
(-10 6.21535e-06 -8.29221e-07)
(-10 6.54855e-06 -8.12411e-07)
(-10 6.92619e-06 -8.48616e-07)
(-10 7.19689e-06 -8.1309e-07)
(-10 7.3568e-06 -7.10521e-07)
(-10 7.44748e-06 -5.28573e-07)
(-10 7.52011e-06 -2.88354e-07)
(-10 7.60405e-06 -3.70768e-08)
(-10 7.69916e-06 1.71444e-07)
(-10 7.77413e-06 3.07146e-07)
(-10 7.80266e-06 3.73423e-07)
(-10 7.77017e-06 3.89755e-07)
(-10 7.68398e-06 3.76423e-07)
(-10 7.56221e-06 3.4553e-07)
(-10 7.43273e-06 2.96262e-07)
(-10 7.31994e-06 2.23874e-07)
(-10 7.22595e-06 1.36807e-07)
(-10 6.44453e-06 -8.47037e-07)
(-10 6.69523e-06 -8.95329e-07)
(-10 7.03625e-06 -8.89093e-07)
(-10 7.23492e-06 -8.53563e-07)
(-10 7.35529e-06 -7.23753e-07)
(-10 7.45318e-06 -5.17333e-07)
(-10 7.5629e-06 -2.7276e-07)
(-10 7.69239e-06 -4.46158e-08)
(-10 7.81533e-06 1.27297e-07)
(-10 7.89463e-06 2.32175e-07)
(-10 7.90271e-06 2.86184e-07)
(-10 7.83186e-06 3.1124e-07)
(-10 7.69437e-06 3.2089e-07)
(-10 7.516e-06 3.18173e-07)
(-10 7.33422e-06 2.90231e-07)
(-10 7.1752e-06 2.2808e-07)
(-10 7.04423e-06 1.36941e-07)
(-10 7.17391e-06 -1.03816e-06)
(-10 7.33782e-06 -1.01657e-06)
(-10 7.39425e-06 -9.2292e-07)
(-10 7.44233e-06 -7.58118e-07)
(-10 7.52601e-06 -5.44301e-07)
(-10 7.65723e-06 -3.2331e-07)
(-10 7.81327e-06 -1.37883e-07)
(-10 7.94964e-06 -1.13853e-08)
(-10 8.02365e-06 6.63365e-08)
(-10 8.00928e-06 1.17681e-07)
(-10 7.90178e-06 1.63886e-07)
(-10 7.71607e-06 2.11145e-07)
(-10 7.48249e-06 2.49727e-07)
(-10 7.24778e-06 2.57012e-07)
(-10 7.03858e-06 2.2004e-07)
(-10 6.8587e-06 1.39344e-07)
(-10 7.81553e-06 -1.1639e-06)
(-10 7.68909e-06 -1.05048e-06)
(-10 7.60359e-06 -9.10835e-07)
(-10 7.58201e-06 -7.37747e-07)
(-10 7.65243e-06 -5.48724e-07)
(-10 7.79629e-06 -3.77491e-07)
(-10 7.96913e-06 -2.52116e-07)
(-10 8.1123e-06 -1.73403e-07)
(-10 8.18486e-06 -1.20671e-07)
(-10 8.15839e-06 -6.4941e-08)
(-10 8.03121e-06 8.70887e-09)
(-10 7.8115e-06 1.01744e-07)
(-10 7.54068e-06 1.91367e-07)
(-10 7.25951e-06 2.52123e-07)
(-10 6.99392e-06 2.52004e-07)
(-10 6.75141e-06 1.92711e-07)
(-10 8.22671e-06 -1.05891e-06)
(-10 7.96482e-06 -9.50416e-07)
(-10 7.78787e-06 -8.33653e-07)
(-10 7.73428e-06 -7.01518e-07)
(-10 7.81004e-06 -5.72693e-07)
(-10 7.97126e-06 -4.73329e-07)
(-10 8.15954e-06 -4.15379e-07)
(-10 8.31643e-06 -3.84761e-07)
(-10 8.40077e-06 -3.5314e-07)
(-10 8.38886e-06 -2.92902e-07)
(-10 8.26826e-06 -1.89986e-07)
(-10 8.04994e-06 -5.0165e-08)
(-10 7.76661e-06 1.02083e-07)
(-10 7.44811e-06 2.22096e-07)
(-10 7.12407e-06 2.75119e-07)
(-10 6.81212e-06 2.74395e-07)
(-10 8.30189e-06 -5.03849e-07)
(-10 8.0083e-06 -6.08592e-07)
(-10 7.8368e-06 -6.0458e-07)
(-10 7.81955e-06 -5.56866e-07)
(-10 7.92949e-06 -5.08635e-07)
(-10 8.11761e-06 -4.88052e-07)
(-10 8.3245e-06 -4.92992e-07)
(-10 8.50224e-06 -5.05895e-07)
(-10 8.61744e-06 -4.9437e-07)
(-10 8.64271e-06 -4.34968e-07)
(-10 8.56332e-06 -3.11582e-07)
(-10 8.38098e-06 -1.31988e-07)
(-10 8.10969e-06 7.35153e-08)
(-10 7.77193e-06 2.57972e-07)
(-10 7.3934e-06 3.71848e-07)
(-10 7.01458e-06 4.08646e-07)
(-10 7.53857e-06 -2.38609e-07)
(-10 7.5174e-06 -3.05352e-07)
(-10 7.52497e-06 -3.49399e-07)
(-10 7.63335e-06 -3.7005e-07)
(-10 7.79579e-06 -3.94127e-07)
(-10 8.02131e-06 -4.36759e-07)
(-10 8.23946e-06 -4.90864e-07)
(-10 8.44807e-06 -5.36975e-07)
(-10 8.60418e-06 -5.47025e-07)
(-10 8.68506e-06 -4.95529e-07)
(-10 8.68373e-06 -3.67672e-07)
(-10 8.55647e-06 -1.59283e-07)
(-10 8.3489e-06 9.22358e-08)
(-10 8.01135e-06 3.36302e-07)
(-10 7.61238e-06 4.73793e-07)
(-10 7.24146e-06 6.19756e-07)
(-10 6.26182e-06 1.40347e-07)
(-10 6.49493e-06 4.41929e-08)
(-10 6.7268e-06 -1.31648e-08)
(-10 6.91337e-06 -7.01148e-08)
(-10 7.15415e-06 -1.33073e-07)
(-10 7.37158e-06 -2.08681e-07)
(-10 7.61254e-06 -2.88769e-07)
(-10 7.83484e-06 -3.567e-07)
(-10 8.02256e-06 -3.88272e-07)
(-10 8.18744e-06 -3.59324e-07)
(-10 8.23017e-06 -2.35902e-07)
(-10 8.2403e-06 -2.26345e-08)
(-10 8.0627e-06 2.7562e-07)
(-10 7.83987e-06 5.61765e-07)
(-10 7.47771e-06 8.02613e-07)
(-10 7.23024e-06 1.04599e-06)
(-10 4.78922e-06 3.83732e-07)
(-10 5.16735e-06 3.58292e-07)
(-10 5.47858e-06 3.019e-07)
(-10 5.76937e-06 2.40073e-07)
(-10 6.01333e-06 1.7076e-07)
(-10 6.25281e-06 9.12478e-08)
(-10 6.48462e-06 8.68789e-09)
(-10 6.71393e-06 -7.37482e-08)
(-10 6.95225e-06 -1.31504e-07)
(-10 7.14247e-06 -1.27458e-07)
(-10 7.32151e-06 -3.67213e-08)
(-10 7.38543e-06 1.85228e-07)
(-10 7.3965e-06 5.0961e-07)
(-10 7.26586e-06 8.78712e-07)
(-10 7.14458e-06 1.28363e-06)
(-10 6.90766e-06 1.54699e-06)
(-10 3.90604e-06 6.67313e-07)
(-10 4.43876e-06 6.51053e-07)
(-10 4.85071e-06 6.11844e-07)
(-10 5.19572e-06 5.70221e-07)
(-10 5.49446e-06 5.21277e-07)
(-10 5.76583e-06 4.67475e-07)
(-10 6.03546e-06 3.92872e-07)
(-10 6.31206e-06 3.04987e-07)
(-10 6.59839e-06 2.27562e-07)
(-10 6.88428e-06 1.88502e-07)
(-10 7.15172e-06 2.55563e-07)
(-10 7.37637e-06 4.39926e-07)
(-10 7.52752e-06 7.74037e-07)
(-10 7.5988e-06 1.20157e-06)
(-10 7.62244e-06 1.64223e-06)
(-10 7.52174e-06 2.2192e-06)
(-10 4.03988e-07 1.14817e-06)
(-10 4.36562e-07 1.15111e-06)
(-10 4.58522e-07 1.14221e-06)
(-10 4.73983e-07 1.117e-06)
(-10 4.84165e-07 1.07028e-06)
(-10 4.89842e-07 9.98819e-07)
(-10 4.9089e-07 9.00439e-07)
(-10 4.87771e-07 7.7987e-07)
(-10 4.80613e-07 6.483e-07)
(-10 4.70623e-07 5.22686e-07)
(-10 4.58731e-07 4.1804e-07)
(-10 4.46612e-07 3.4446e-07)
(-10 4.35448e-07 3.05235e-07)
(-10 4.2682e-07 2.99217e-07)
(-10 4.19127e-07 3.20304e-07)
(-10 4.14055e-07 3.60194e-07)
(-10 4.14834e-07 4.03287e-07)
(-10 1.29227e-06 1.13826e-06)
(-10 1.36659e-06 1.13996e-06)
(-10 1.42389e-06 1.13019e-06)
(-10 1.46709e-06 1.10354e-06)
(-10 1.49617e-06 1.0562e-06)
(-10 1.51161e-06 9.84001e-07)
(-10 1.51332e-06 8.86091e-07)
(-10 1.50186e-06 7.66788e-07)
(-10 1.47868e-06 6.37785e-07)
(-10 1.44663e-06 5.15487e-07)
(-10 1.40978e-06 4.14371e-07)
(-10 1.37246e-06 3.43638e-07)
(-10 1.33882e-06 3.06516e-07)
(-10 1.31198e-06 3.00682e-07)
(-10 1.29138e-06 3.20918e-07)
(-10 1.2761e-06 3.61131e-07)
(-10 1.25935e-06 4.00351e-07)
(-10 2.20622e-06 1.11223e-06)
(-10 2.31107e-06 1.10382e-06)
(-10 2.39774e-06 1.08787e-06)
(-10 2.46351e-06 1.0571e-06)
(-10 2.50754e-06 1.00719e-06)
(-10 2.529e-06 9.33626e-07)
(-10 2.52794e-06 8.36575e-07)
(-10 2.5049e-06 7.20268e-07)
(-10 2.46272e-06 5.96832e-07)
(-10 2.40631e-06 4.81685e-07)
(-10 2.3431e-06 3.87892e-07)
(-10 2.28035e-06 3.23277e-07)
(-10 2.22485e-06 2.90158e-07)
(-10 2.18097e-06 2.85699e-07)
(-10 2.14872e-06 3.05725e-07)
(-10 2.12622e-06 3.42605e-07)
(-10 2.11189e-06 3.82463e-07)
(-10 3.07665e-06 1.05484e-06)
(-10 3.21354e-06 1.04631e-06)
(-10 3.32415e-06 1.02579e-06)
(-10 3.40675e-06 9.91137e-07)
(-10 3.46047e-06 9.37585e-07)
(-10 3.48341e-06 8.62882e-07)
(-10 3.47556e-06 7.67016e-07)
(-10 3.43756e-06 6.55539e-07)
(-10 3.37338e-06 5.40564e-07)
(-10 3.29073e-06 4.36079e-07)
(-10 3.20002e-06 3.53091e-07)
(-10 3.11203e-06 2.97646e-07)
(-10 3.03591e-06 2.70427e-07)
(-10 2.97692e-06 2.68362e-07)
(-10 2.93574e-06 2.87261e-07)
(-10 2.90836e-06 3.22927e-07)
(-10 2.88533e-06 3.58748e-07)
(-10 3.90489e-06 1.00704e-06)
(-10 4.0636e-06 9.79568e-07)
(-10 4.19094e-06 9.48758e-07)
(-10 4.28453e-06 9.07534e-07)
(-10 4.34199e-06 8.49452e-07)
(-10 4.36169e-06 7.73144e-07)
(-10 4.3429e-06 6.78727e-07)
(-10 4.28643e-06 5.73834e-07)
(-10 4.19767e-06 4.70262e-07)
(-10 4.0871e-06 3.80348e-07)
(-10 3.96857e-06 3.12644e-07)
(-10 3.85657e-06 2.70206e-07)
(-10 3.76263e-06 2.51509e-07)
(-10 3.69235e-06 2.53331e-07)
(-10 3.64578e-06 2.71834e-07)
(-10 3.61659e-06 3.03644e-07)
(-10 3.60189e-06 3.39598e-07)
(-10 4.65988e-06 9.0744e-07)
(-10 4.83686e-06 8.81021e-07)
(-10 4.9749e-06 8.4652e-07)
(-10 5.07392e-06 8.00062e-07)
(-10 5.13065e-06 7.38769e-07)
(-10 5.14382e-06 6.60904e-07)
(-10 5.11126e-06 5.69408e-07)
(-10 5.03417e-06 4.73588e-07)
(-10 4.91943e-06 3.85464e-07)
(-10 4.78072e-06 3.15465e-07)
(-10 4.63607e-06 2.68539e-07)
(-10 4.50405e-06 2.43153e-07)
(-10 4.39761e-06 2.35515e-07)
(-10 4.32194e-06 2.41194e-07)
(-10 4.27496e-06 2.58129e-07)
(-10 4.24877e-06 2.87604e-07)
(-10 4.23319e-06 3.13755e-07)
(-10 5.34221e-06 8.31403e-07)
(-10 5.52386e-06 7.82739e-07)
(-10 5.66692e-06 7.37771e-07)
(-10 5.76698e-06 6.84797e-07)
(-10 5.82086e-06 6.19561e-07)
(-10 5.82554e-06 5.39783e-07)
(-10 5.77806e-06 4.52296e-07)
(-10 5.67982e-06 3.68546e-07)
(-10 5.54006e-06 3.01214e-07)
(-10 5.37627e-06 2.57973e-07)
(-10 5.21161e-06 2.37748e-07)
(-10 5.06749e-06 2.33e-07)
(-10 4.95688e-06 2.3698e-07)
(-10 4.88296e-06 2.45604e-07)
(-10 4.84025e-06 2.60098e-07)
(-10 4.82053e-06 2.80217e-07)
(-10 4.81408e-06 3.02856e-07)
(-10 5.90504e-06 6.81875e-07)
(-10 6.09404e-06 6.42278e-07)
(-10 6.24103e-06 5.95973e-07)
(-10 6.3416e-06 5.40693e-07)
(-10 6.39267e-06 4.72417e-07)
(-10 6.38897e-06 3.92891e-07)
(-10 6.32737e-06 3.12702e-07)
(-10 6.2105e-06 2.47018e-07)
(-10 6.05104e-06 2.08377e-07)
(-10 5.87135e-06 1.99556e-07)
(-10 5.69861e-06 2.10508e-07)
(-10 5.55431e-06 2.27736e-07)
(-10 5.44927e-06 2.41606e-07)
(-10 5.38283e-06 2.50311e-07)
(-10 5.34788e-06 2.57712e-07)
(-10 5.33389e-06 2.69944e-07)
(-10 5.32665e-06 2.79781e-07)
(-10 6.34727e-06 5.72165e-07)
(-10 6.54071e-06 5.11129e-07)
(-10 6.69201e-06 4.57395e-07)
(-10 6.79539e-06 3.99095e-07)
(-10 6.84504e-06 3.28825e-07)
(-10 6.83475e-06 2.52322e-07)
(-10 6.76186e-06 1.84434e-07)
(-10 6.63229e-06 1.43654e-07)
(-10 6.46343e-06 1.40794e-07)
(-10 6.2826e-06 1.70156e-07)
(-10 6.11718e-06 2.12389e-07)
(-10 5.98583e-06 2.48535e-07)
(-10 5.89461e-06 2.68203e-07)
(-10 5.83924e-06 2.73757e-07)
(-10 5.81176e-06 2.72637e-07)
(-10 5.80071e-06 2.7228e-07)
(-10 5.79991e-06 2.77033e-07)
(-10 6.63995e-06 3.80642e-07)
(-10 6.84475e-06 3.33807e-07)
(-10 7.0053e-06 2.85432e-07)
(-10 7.11608e-06 2.29119e-07)
(-10 7.16836e-06 1.62439e-07)
(-10 7.15593e-06 9.57195e-08)
(-10 7.07842e-06 4.89363e-08)
(-10 6.94695e-06 4.19321e-08)
(-10 6.78458e-06 8.02885e-08)
(-10 6.62069e-06 1.47449e-07)
(-10 6.47894e-06 2.16969e-07)
(-10 6.37224e-06 2.65898e-07)
(-10 6.30052e-06 2.87081e-07)
(-10 6.25759e-06 2.86396e-07)
(-10 6.23551e-06 2.75001e-07)
(-10 6.22548e-06 2.6614e-07)
(-10 6.21914e-06 2.53956e-07)
(-10 6.80492e-06 2.47596e-07)
(-10 7.01862e-06 1.81883e-07)
(-10 7.19235e-06 1.31559e-07)
(-10 7.31513e-06 7.79725e-08)
(-10 7.37572e-06 1.95706e-08)
(-10 7.36781e-06 -3.02296e-08)
(-10 7.29542e-06 -4.80002e-08)
(-10 7.17592e-06 -1.58963e-08)
(-10 7.03716e-06 6.21615e-08)
(-10 6.90595e-06 1.6029e-07)
(-10 6.8e-06 2.47355e-07)
(-10 6.7239e-06 3.00615e-07)
(-10 6.67304e-06 3.1808e-07)
(-10 6.64099e-06 3.09685e-07)
(-10 6.62111e-06 2.89677e-07)
(-10 6.60883e-06 2.67081e-07)
(-10 6.59801e-06 2.49798e-07)
(-10 6.83631e-06 3.85612e-08)
(-10 7.0644e-06 -7.09788e-09)
(-10 7.25686e-06 -4.75838e-08)
(-10 7.39783e-06 -9.09569e-08)
(-10 7.47412e-06 -1.33528e-07)
(-10 7.48011e-06 -1.5705e-07)
(-10 7.42518e-06 -1.37579e-07)
(-10 7.33266e-06 -6.39446e-08)
(-10 7.23155e-06 4.83612e-08)
(-10 7.14331e-06 1.68091e-07)
(-10 7.07765e-06 2.61653e-07)
(-10 7.03135e-06 3.12185e-07)
(-10 6.99786e-06 3.22803e-07)
(-10 6.97149e-06 3.06365e-07)
(-10 6.94922e-06 2.76557e-07)
(-10 6.92902e-06 2.46166e-07)
(-10 6.90508e-06 2.15265e-07)
(-10 6.76397e-06 -8.46933e-08)
(-10 7.00791e-06 -1.48074e-07)
(-10 7.22072e-06 -1.87831e-07)
(-10 7.38728e-06 -2.20841e-07)
(-10 7.48837e-06 -2.43383e-07)
(-10 7.51921e-06 -2.35008e-07)
(-10 7.49417e-06 -1.75529e-07)
(-10 7.4409e-06 -6.50949e-08)
(-10 7.38533e-06 7.18558e-08)
(-10 7.34271e-06 2.00692e-07)
(-10 7.31346e-06 2.90754e-07)
(-10 7.29e-06 3.33422e-07)
(-10 7.26543e-06 3.35853e-07)
(-10 7.23646e-06 3.12476e-07)
(-10 7.20457e-06 2.76061e-07)
(-10 7.16977e-06 2.35931e-07)
(-10 7.13421e-06 2.02996e-07)
(-10 6.59965e-06 -2.63919e-07)
(-10 6.85329e-06 -3.09957e-07)
(-10 7.09415e-06 -3.34203e-07)
(-10 7.29751e-06 -3.53393e-07)
(-10 7.43468e-06 -3.52371e-07)
(-10 7.50139e-06 -3.08689e-07)
(-10 7.51685e-06 -2.10609e-07)
(-10 7.51021e-06 -7.10147e-08)
(-10 7.50231e-06 8.01971e-08)
(-10 7.50077e-06 2.07054e-07)
(-10 7.49841e-06 2.87902e-07)
(-10 7.48635e-06 3.21001e-07)
(-10 7.45893e-06 3.17177e-07)
(-10 7.41723e-06 2.89517e-07)
(-10 7.36658e-06 2.48786e-07)
(-10 7.31274e-06 2.06081e-07)
(-10 7.25996e-06 1.5897e-07)
(-10 6.38651e-06 -3.0819e-07)
(-10 6.64027e-06 -3.51718e-07)
(-10 6.92341e-06 -4.09367e-07)
(-10 7.17638e-06 -4.26756e-07)
(-10 7.35502e-06 -4.07207e-07)
(-10 7.46005e-06 -3.32927e-07)
(-10 7.51863e-06 -2.05687e-07)
(-10 7.5578e-06 -4.93022e-08)
(-10 7.59304e-06 1.02522e-07)
(-10 7.62191e-06 2.1805e-07)
(-10 7.63377e-06 2.86365e-07)
(-10 7.61921e-06 3.11089e-07)
(-10 7.57634e-06 3.04734e-07)
(-10 7.5109e-06 2.78081e-07)
(-10 7.43357e-06 2.39373e-07)
(-10 7.35666e-06 1.91529e-07)
(-10 7.28177e-06 1.42842e-07)
(-10 6.26845e-06 -3.4347e-07)
(-10 6.56591e-06 -4.18927e-07)
(-10 6.85679e-06 -4.52213e-07)
(-10 7.11379e-06 -4.88712e-07)
(-10 7.30166e-06 -4.60329e-07)
(-10 7.42636e-06 -3.643e-07)
(-10 7.51626e-06 -2.20715e-07)
(-10 7.59134e-06 -6.16376e-08)
(-10 7.65734e-06 7.79648e-08)
(-10 7.70234e-06 1.76981e-07)
(-10 7.71356e-06 2.32678e-07)
(-10 7.68227e-06 2.53661e-07)
(-10 7.61118e-06 2.51295e-07)
(-10 7.5112e-06 2.3255e-07)
(-10 7.4005e-06 2.00377e-07)
(-10 7.29438e-06 1.55805e-07)
(-10 7.19755e-06 9.74106e-08)
(-10 6.28979e-06 -2.83934e-07)
(-10 6.58322e-06 -4.02279e-07)
(-10 6.93314e-06 -5.01718e-07)
(-10 7.15564e-06 -5.31925e-07)
(-10 7.31197e-06 -4.82861e-07)
(-10 7.42948e-06 -3.69719e-07)
(-10 7.5312e-06 -2.23112e-07)
(-10 7.62799e-06 -7.61942e-08)
(-10 7.7095e-06 4.15986e-08)
(-10 7.75807e-06 1.21823e-07)
(-10 7.75666e-06 1.68083e-07)
(-10 7.6994e-06 1.92515e-07)
(-10 7.59202e-06 2.02654e-07)
(-10 7.45155e-06 2.01756e-07)
(-10 7.30252e-06 1.85705e-07)
(-10 7.16544e-06 1.47118e-07)
(-10 7.03918e-06 9.49241e-08)
(-10 6.77457e-06 -5.22519e-07)
(-10 6.89801e-06 -5.46057e-07)
(-10 7.14498e-06 -6.3568e-07)
(-10 7.31519e-06 -6.08533e-07)
(-10 7.41196e-06 -5.22153e-07)
(-10 7.49719e-06 -3.98703e-07)
(-10 7.59272e-06 -2.63116e-07)
(-10 7.697e-06 -1.42042e-07)
(-10 7.78354e-06 -5.12338e-08)
(-10 7.82925e-06 1.04959e-08)
(-10 7.81231e-06 5.33402e-08)
(-10 7.72948e-06 8.9238e-08)
(-10 7.58575e-06 1.2214e-07)
(-10 7.40607e-06 1.48976e-07)
(-10 7.22111e-06 1.58079e-07)
(-10 7.04677e-06 1.37888e-07)
(-10 6.88557e-06 8.45858e-08)
(-10 7.61008e-06 -7.34402e-07)
(-10 7.66234e-06 -6.9383e-07)
(-10 7.62637e-06 -6.12768e-07)
(-10 7.60469e-06 -5.1113e-07)
(-10 7.63468e-06 -3.98863e-07)
(-10 7.71809e-06 -2.91855e-07)
(-10 7.82258e-06 -2.07482e-07)
(-10 7.91505e-06 -1.47433e-07)
(-10 7.95906e-06 -1.03592e-07)
(-10 7.93657e-06 -6.01806e-08)
(-10 7.8362e-06 -8.39958e-09)
(-10 7.6695e-06 5.37292e-08)
(-10 7.46227e-06 1.18816e-07)
(-10 7.24096e-06 1.60771e-07)
(-10 7.02054e-06 1.57742e-07)
(-10 6.82085e-06 1.30698e-07)
(-10 8.63562e-06 -7.14763e-07)
(-10 8.23426e-06 -6.21355e-07)
(-10 7.967e-06 -5.53819e-07)
(-10 7.84508e-06 -4.75234e-07)
(-10 7.84359e-06 -3.97289e-07)
(-10 7.92695e-06 -3.33379e-07)
(-10 8.0432e-06 -2.90826e-07)
(-10 8.14982e-06 -2.62161e-07)
(-10 8.20886e-06 -2.33552e-07)
(-10 8.19727e-06 -1.87862e-07)
(-10 8.10334e-06 -1.17607e-07)
(-10 7.93536e-06 -1.9709e-08)
(-10 7.7127e-06 8.22325e-08)
(-10 7.45516e-06 1.5611e-07)
(-10 7.18088e-06 1.86373e-07)
(-10 6.89906e-06 1.62044e-07)
(-10 8.70351e-06 -5.08751e-07)
(-10 8.35205e-06 -4.4414e-07)
(-10 8.11029e-06 -4.03312e-07)
(-10 8.01299e-06 -3.63244e-07)
(-10 8.04259e-06 -3.31023e-07)
(-10 8.15389e-06 -3.15002e-07)
(-10 8.29793e-06 -3.13585e-07)
(-10 8.43247e-06 -3.15262e-07)
(-10 8.52182e-06 -3.01632e-07)
(-10 8.54205e-06 -2.58108e-07)
(-10 8.47904e-06 -1.72324e-07)
(-10 8.33358e-06 -4.97741e-08)
(-10 8.11376e-06 8.46525e-08)
(-10 7.82934e-06 1.87673e-07)
(-10 7.44758e-06 1.9286e-07)
(-10 7.15913e-06 2.35504e-07)
(-10 7.89121e-06 -2.41052e-07)
(-10 7.86912e-06 -2.59867e-07)
(-10 7.86754e-06 -2.50681e-07)
(-10 7.89567e-06 -2.48202e-07)
(-10 8.01755e-06 -2.55441e-07)
(-10 8.1716e-06 -2.80241e-07)
(-10 8.3606e-06 -3.11333e-07)
(-10 8.52785e-06 -3.36792e-07)
(-10 8.65989e-06 -3.39264e-07)
(-10 8.73348e-06 -2.99223e-07)
(-10 8.71719e-06 -2.08383e-07)
(-10 8.63548e-06 -6.49642e-08)
(-10 8.44671e-06 9.34738e-08)
(-10 8.1608e-06 1.76609e-07)
(-10 7.78631e-06 2.31418e-07)
(-10 7.58943e-06 3.48498e-07)
(-10 6.64808e-06 -4.29897e-08)
(-10 6.86736e-06 -6.07722e-08)
(-10 7.04051e-06 -6.72923e-08)
(-10 7.24697e-06 -8.51621e-08)
(-10 7.42646e-06 -1.19622e-07)
(-10 7.64789e-06 -1.68735e-07)
(-10 7.85364e-06 -2.19583e-07)
(-10 8.05422e-06 -2.66027e-07)
(-10 8.23202e-06 -2.83044e-07)
(-10 8.33689e-06 -2.58954e-07)
(-10 8.41665e-06 -1.70474e-07)
(-10 8.37147e-06 -1.75612e-08)
(-10 8.30503e-06 1.48494e-07)
(-10 8.06686e-06 2.73972e-07)
(-10 8.01069e-06 5.01007e-07)
(-10 7.71611e-06 6.06022e-07)
(-10 5.00994e-06 3.43347e-08)
(-10 5.47652e-06 7.75833e-08)
(-10 5.81187e-06 5.5656e-08)
(-10 6.08744e-06 3.46906e-08)
(-10 6.34893e-06 -1.57522e-08)
(-10 6.58878e-06 -6.39639e-08)
(-10 6.82092e-06 -1.29707e-07)
(-10 7.04704e-06 -1.84291e-07)
(-10 7.24275e-06 -2.2012e-07)
(-10 7.42689e-06 -2.17417e-07)
(-10 7.54311e-06 -1.30852e-07)
(-10 7.63733e-06 1.21727e-08)
(-10 7.634e-06 2.25338e-07)
(-10 7.68145e-06 5.06698e-07)
(-10 7.64234e-06 7.42032e-07)
(-10 7.57867e-06 9.97971e-07)
(-10 4.24182e-06 3.47005e-07)
(-10 4.73514e-06 3.2733e-07)
(-10 5.15325e-06 3.18539e-07)
(-10 5.52127e-06 2.90734e-07)
(-10 5.84514e-06 2.64773e-07)
(-10 6.14203e-06 2.18501e-07)
(-10 6.42148e-06 1.67994e-07)
(-10 6.6936e-06 1.08659e-07)
(-10 6.9573e-06 5.78827e-08)
(-10 7.20822e-06 5.45362e-08)
(-10 7.4354e-06 1.03495e-07)
(-10 7.62038e-06 2.64812e-07)
(-10 7.76538e-06 5.00762e-07)
(-10 7.91527e-06 8.06039e-07)
(-10 8.01177e-06 1.17763e-06)
(-10 7.96228e-06 1.41903e-06)
(-10 4.05635e-07 4.29167e-07)
(-10 4.37062e-07 4.31521e-07)
(-10 4.58665e-07 4.28694e-07)
(-10 4.73726e-07 4.19328e-07)
(-10 4.83751e-07 4.01994e-07)
(-10 4.89141e-07 3.75803e-07)
(-10 4.90453e-07 3.40636e-07)
(-10 4.87671e-07 2.98217e-07)
(-10 4.81606e-07 2.52466e-07)
(-10 4.72631e-07 2.0901e-07)
(-10 4.62143e-07 1.72863e-07)
(-10 4.50994e-07 1.47606e-07)
(-10 4.40859e-07 1.34128e-07)
(-10 4.31946e-07 1.32113e-07)
(-10 4.24061e-07 1.39107e-07)
(-10 4.19962e-07 1.53214e-07)
(-10 4.16538e-07 1.6805e-07)
(-10 1.28209e-06 4.30485e-07)
(-10 1.34995e-06 4.3192e-07)
(-10 1.40354e-06 4.28808e-07)
(-10 1.44416e-06 4.19122e-07)
(-10 1.47164e-06 4.01663e-07)
(-10 1.48622e-06 3.75242e-07)
(-10 1.48824e-06 3.40286e-07)
(-10 1.47844e-06 2.98137e-07)
(-10 1.45834e-06 2.5326e-07)
(-10 1.43026e-06 2.10617e-07)
(-10 1.39767e-06 1.75592e-07)
(-10 1.36409e-06 1.51112e-07)
(-10 1.33319e-06 1.38457e-07)
(-10 1.30706e-06 1.36213e-07)
(-10 1.28628e-06 1.43055e-07)
(-10 1.27027e-06 1.57941e-07)
(-10 1.25191e-06 1.69413e-07)
(-10 2.16859e-06 4.21023e-07)
(-10 2.26949e-06 4.18209e-07)
(-10 2.35168e-06 4.12416e-07)
(-10 2.41381e-06 4.00986e-07)
(-10 2.45504e-06 3.82373e-07)
(-10 2.47532e-06 3.55495e-07)
(-10 2.47482e-06 3.20574e-07)
(-10 2.4549e-06 2.79486e-07)
(-10 2.41797e-06 2.36192e-07)
(-10 2.36871e-06 1.95915e-07)
(-10 2.31278e-06 1.63177e-07)
(-10 2.25653e-06 1.40906e-07)
(-10 2.20548e-06 1.2962e-07)
(-10 2.16353e-06 1.2818e-07)
(-10 2.13105e-06 1.35031e-07)
(-10 2.10708e-06 1.48554e-07)
(-10 2.09069e-06 1.62103e-07)
(-10 3.02876e-06 4.0038e-07)
(-10 3.15681e-06 3.98664e-07)
(-10 3.26071e-06 3.91963e-07)
(-10 3.33846e-06 3.79366e-07)
(-10 3.38854e-06 3.59664e-07)
(-10 3.41002e-06 3.32298e-07)
(-10 3.4032e-06 2.97782e-07)
(-10 3.36961e-06 2.58138e-07)
(-10 3.31332e-06 2.17467e-07)
(-10 3.24099e-06 1.80535e-07)
(-10 3.16113e-06 1.5134e-07)
(-10 3.0826e-06 1.32055e-07)
(-10 3.01312e-06 1.22959e-07)
(-10 2.95724e-06 1.22267e-07)
(-10 2.916e-06 1.2892e-07)
(-10 2.88622e-06 1.42627e-07)
(-10 2.86238e-06 1.52457e-07)
(-10 3.83524e-06 3.82712e-07)
(-10 3.98698e-06 3.72824e-07)
(-10 4.10818e-06 3.61659e-07)
(-10 4.19663e-06 3.46348e-07)
(-10 4.25056e-06 3.24827e-07)
(-10 4.26897e-06 2.96781e-07)
(-10 4.25201e-06 2.62688e-07)
(-10 4.20194e-06 2.25129e-07)
(-10 4.1243e-06 1.88147e-07)
(-10 4.0281e-06 1.56123e-07)
(-10 3.9247e-06 1.32069e-07)
(-10 3.82581e-06 1.17364e-07)
(-10 3.74068e-06 1.1139e-07)
(-10 3.67441e-06 1.12435e-07)
(-10 3.6273e-06 1.19237e-07)
(-10 3.59558e-06 1.30843e-07)
(-10 3.57663e-06 1.43737e-07)
(-10 4.57877e-06 3.44665e-07)
(-10 4.74568e-06 3.37368e-07)
(-10 4.8771e-06 3.25757e-07)
(-10 4.97095e-06 3.09041e-07)
(-10 5.02461e-06 2.86524e-07)
(-10 5.03674e-06 2.58124e-07)
(-10 5.00734e-06 2.25078e-07)
(-10 4.93937e-06 1.90549e-07)
(-10 4.83999e-06 1.58769e-07)
(-10 4.72082e-06 1.33337e-07)
(-10 4.5964e-06 1.1624e-07)
(-10 4.48093e-06 1.07445e-07)
(-10 4.38478e-06 1.05401e-07)
(-10 4.31284e-06 1.0791e-07)
(-10 4.2644e-06 1.14135e-07)
(-10 4.2334e-06 1.25822e-07)
(-10 4.21296e-06 1.32247e-07)
(-10 5.2356e-06 3.17822e-07)
(-10 5.41201e-06 2.99883e-07)
(-10 5.55024e-06 2.83421e-07)
(-10 5.64664e-06 2.63974e-07)
(-10 5.69815e-06 2.39996e-07)
(-10 5.70291e-06 2.11122e-07)
(-10 5.66094e-06 1.79554e-07)
(-10 5.57597e-06 1.4929e-07)
(-10 5.45717e-06 1.24595e-07)
(-10 5.31917e-06 1.08202e-07)
(-10 5.1795e-06 1.00329e-07)
(-10 5.05416e-06 9.88739e-08)
(-10 4.95376e-06 1.01127e-07)
(-10 4.88189e-06 1.05153e-07)
(-10 4.83568e-06 1.10791e-07)
(-10 4.80867e-06 1.18545e-07)
(-10 4.79491e-06 1.27547e-07)
(-10 5.78448e-06 2.59378e-07)
(-10 5.96782e-06 2.47888e-07)
(-10 6.11105e-06 2.32413e-07)
(-10 6.20956e-06 2.12772e-07)
(-10 6.25946e-06 1.88353e-07)
(-10 6.25818e-06 1.60021e-07)
(-10 6.20588e-06 1.31389e-07)
(-10 6.10765e-06 1.07467e-07)
(-10 5.97536e-06 9.24524e-08)
(-10 5.82658e-06 8.76602e-08)
(-10 5.681e-06 9.05552e-08)
(-10 5.55505e-06 9.67808e-08)
(-10 5.458e-06 1.02904e-07)
(-10 5.39108e-06 1.07053e-07)
(-10 5.35005e-06 1.1048e-07)
(-10 5.32673e-06 1.16335e-07)
(-10 5.31235e-06 1.16909e-07)
(-10 6.20799e-06 2.21376e-07)
(-10 6.39839e-06 1.98905e-07)
(-10 6.54853e-06 1.79429e-07)
(-10 6.65186e-06 1.58338e-07)
(-10 6.70319e-06 1.33428e-07)
(-10 6.69945e-06 1.06487e-07)
(-10 6.64157e-06 8.23607e-08)
(-10 6.53707e-06 6.70103e-08)
(-10 6.40081e-06 6.40503e-08)
(-10 6.25278e-06 7.23888e-08)
(-10 6.11323e-06 8.62417e-08)
(-10 5.99696e-06 9.94659e-08)
(-10 5.91018e-06 1.08107e-07)
(-10 5.85177e-06 1.11754e-07)
(-10 5.81631e-06 1.12533e-07)
(-10 5.79603e-06 1.12813e-07)
(-10 5.78557e-06 1.16104e-07)
(-10 6.495e-06 1.47955e-07)
(-10 6.69603e-06 1.34035e-07)
(-10 6.85691e-06 1.17624e-07)
(-10 6.96974e-06 9.79485e-08)
(-10 7.02763e-06 7.48712e-08)
(-10 7.02727e-06 5.17872e-08)
(-10 6.97134e-06 3.51558e-08)
(-10 6.8706e-06 3.12872e-08)
(-10 6.74273e-06 4.2361e-08)
(-10 6.60895e-06 6.38053e-08)
(-10 6.48773e-06 8.73976e-08)
(-10 6.39011e-06 1.05683e-07)
(-10 6.31857e-06 1.15362e-07)
(-10 6.27026e-06 1.17079e-07)
(-10 6.23986e-06 1.1412e-07)
(-10 6.22021e-06 1.12596e-07)
(-10 6.20484e-06 1.05443e-07)
(-10 6.65467e-06 1.05417e-07)
(-10 6.86699e-06 7.99276e-08)
(-10 7.04257e-06 6.07139e-08)
(-10 7.17013e-06 4.1272e-08)
(-10 7.2408e-06 2.08408e-08)
(-10 7.25122e-06 3.55963e-09)
(-10 7.20668e-06 -3.30807e-09)
(-10 7.12105e-06 5.93172e-09)
(-10 7.01432e-06 3.05757e-08)
(-10 6.90682e-06 6.29968e-08)
(-10 6.81311e-06 9.32723e-08)
(-10 6.73928e-06 1.13766e-07)
(-10 6.68474e-06 1.22546e-07)
(-10 6.64585e-06 1.21892e-07)
(-10 6.61791e-06 1.16015e-07)
(-10 6.59604e-06 1.08601e-07)
(-10 6.57718e-06 1.04672e-07)
(-10 6.69396e-06 2.7752e-08)
(-10 6.92167e-06 1.27307e-08)
(-10 7.11623e-06 -2.20309e-09)
(-10 7.2642e-06 -1.80513e-08)
(-10 7.3545e-06 -3.30657e-08)
(-10 7.38419e-06 -4.14844e-08)
(-10 7.36095e-06 -3.58441e-08)
(-10 7.30141e-06 -1.26098e-08)
(-10 7.22628e-06 2.40884e-08)
(-10 7.15279e-06 6.45016e-08)
(-10 7.09041e-06 9.78855e-08)
(-10 7.04063e-06 1.17988e-07)
(-10 7.00087e-06 1.24721e-07)
(-10 6.96753e-06 1.20971e-07)
(-10 6.93793e-06 1.1156e-07)
(-10 6.90941e-06 1.02366e-07)
(-10 6.87907e-06 8.87854e-08)
(-10 6.64511e-06 -8.46616e-09)
(-10 6.88497e-06 -3.4253e-08)
(-10 7.09869e-06 -5.17934e-08)
(-10 7.27124e-06 -6.5625e-08)
(-10 7.3878e-06 -7.48532e-08)
(-10 7.44481e-06 -7.31749e-08)
(-10 7.45144e-06 -5.46885e-08)
(-10 7.42624e-06 -1.9071e-08)
(-10 7.38831e-06 2.63575e-08)
(-10 7.35068e-06 7.05757e-08)
(-10 7.31748e-06 1.03476e-07)
(-10 7.28699e-06 1.21188e-07)
(-10 7.25557e-06 1.24957e-07)
(-10 7.22109e-06 1.18725e-07)
(-10 7.18365e-06 1.06986e-07)
(-10 7.14309e-06 9.29184e-08)
(-10 7.10096e-06 8.38689e-08)
(-10 6.52815e-06 -6.73421e-08)
(-10 6.77548e-06 -8.56208e-08)
(-10 7.00927e-06 -9.98264e-08)
(-10 7.21056e-06 -1.10885e-07)
(-10 7.3596e-06 -1.13523e-07)
(-10 7.44981e-06 -1.01004e-07)
(-10 7.49206e-06 -7.00318e-08)
(-10 7.50487e-06 -2.43354e-08)
(-10 7.50459e-06 2.6472e-08)
(-10 7.49912e-06 7.08738e-08)
(-10 7.48829e-06 1.01096e-07)
(-10 7.46819e-06 1.15579e-07)
(-10 7.43585e-06 1.16828e-07)
(-10 7.3917e-06 1.08671e-07)
(-10 7.33926e-06 9.48231e-08)
(-10 7.28224e-06 8.10183e-08)
(-10 7.22372e-06 6.21851e-08)
(-10 6.38629e-06 -6.56694e-08)
(-10 6.64707e-06 -9.65029e-08)
(-10 6.89294e-06 -1.19691e-07)
(-10 7.1236e-06 -1.35183e-07)
(-10 7.30479e-06 -1.34912e-07)
(-10 7.42661e-06 -1.14438e-07)
(-10 7.5024e-06 -7.45197e-08)
(-10 7.54975e-06 -2.33398e-08)
(-10 7.58144e-06 2.81833e-08)
(-10 7.59962e-06 6.92582e-08)
(-10 7.60081e-06 9.53795e-08)
(-10 7.5799e-06 1.06662e-07)
(-10 7.53611e-06 1.06491e-07)
(-10 7.47324e-06 9.82995e-08)
(-10 7.39941e-06 8.51333e-08)
(-10 7.3218e-06 6.85233e-08)
(-10 7.24326e-06 5.48742e-08)
(-10 6.24567e-06 -6.75177e-08)
(-10 6.48534e-06 -8.01811e-08)
(-10 6.81075e-06 -1.24202e-07)
(-10 7.06543e-06 -1.53105e-07)
(-10 7.26224e-06 -1.53711e-07)
(-10 7.40149e-06 -1.27754e-07)
(-10 7.49833e-06 -8.30157e-08)
(-10 7.57043e-06 -3.07766e-08)
(-10 7.62301e-06 1.71981e-08)
(-10 7.65384e-06 5.30351e-08)
(-10 7.65481e-06 7.4732e-08)
(-10 7.62195e-06 8.41348e-08)
(-10 7.55638e-06 8.46466e-08)
(-10 7.4668e-06 7.85461e-08)
(-10 7.36565e-06 6.74959e-08)
(-10 7.26443e-06 5.31281e-08)
(-10 7.16605e-06 3.1383e-08)
(-10 6.22072e-06 -8.3896e-08)
(-10 6.53632e-06 -1.60958e-07)
(-10 6.80691e-06 -1.56521e-07)
(-10 7.08514e-06 -1.73873e-07)
(-10 7.278e-06 -1.66455e-07)
(-10 7.41017e-06 -1.34334e-07)
(-10 7.5099e-06 -8.88682e-08)
(-10 7.59189e-06 -4.00667e-08)
(-10 7.65383e-06 7.20661e-10)
(-10 7.68653e-06 3.04608e-08)
(-10 7.67854e-06 4.83792e-08)
(-10 7.62633e-06 5.84065e-08)
(-10 7.53293e-06 6.26516e-08)
(-10 7.41153e-06 6.27763e-08)
(-10 7.28135e-06 5.72487e-08)
(-10 7.15281e-06 4.45581e-08)
(-10 7.0282e-06 2.96766e-08)
(-10 6.4459e-06 -1.22772e-07)
(-10 6.75875e-06 -1.17705e-07)
(-10 7.09768e-06 -2.25178e-07)
(-10 7.29319e-06 -2.09507e-07)
(-10 7.407e-06 -1.80886e-07)
(-10 7.48958e-06 -1.43199e-07)
(-10 7.57131e-06 -1.00056e-07)
(-10 7.64916e-06 -5.96598e-08)
(-10 7.71335e-06 -2.73372e-08)
(-10 7.74189e-06 -4.20215e-09)
(-10 7.72395e-06 1.2237e-08)
(-10 7.65064e-06 2.56766e-08)
(-10 7.52991e-06 3.73732e-08)
(-10 7.37881e-06 4.65307e-08)
(-10 7.21661e-06 5.05594e-08)
(-10 7.05186e-06 4.30245e-08)
(-10 6.90342e-06 2.26024e-08)
(-10 7.37017e-06 -3.46831e-07)
(-10 7.60465e-06 -2.72364e-07)
(-10 7.707e-06 -1.94362e-07)
(-10 7.67199e-06 -1.9147e-07)
(-10 7.64065e-06 -1.70429e-07)
(-10 7.6542e-06 -1.40416e-07)
(-10 7.70846e-06 -1.05996e-07)
(-10 7.78315e-06 -7.83395e-08)
(-10 7.84864e-06 -5.54351e-08)
(-10 7.8798e-06 -3.94347e-08)
(-10 7.85688e-06 -2.23094e-08)
(-10 7.77265e-06 -4.66368e-09)
(-10 7.63419e-06 1.79813e-08)
(-10 7.45725e-06 4.09713e-08)
(-10 7.25705e-06 5.36505e-08)
(-10 7.05453e-06 4.86336e-08)
(-10 6.84823e-06 4.3951e-08)
(-10 8.50878e-06 -1.22049e-07)
(-10 8.27693e-06 -1.89452e-07)
(-10 8.04969e-06 -1.73013e-07)
(-10 7.91914e-06 -1.52115e-07)
(-10 7.89484e-06 -1.27584e-07)
(-10 7.94233e-06 -1.07755e-07)
(-10 8.02691e-06 -9.12068e-08)
(-10 8.10664e-06 -8.04683e-08)
(-10 8.15322e-06 -6.7611e-08)
(-10 8.14145e-06 -5.15152e-08)
(-10 8.06335e-06 -2.51656e-08)
(-10 7.92056e-06 9.12203e-09)
(-10 7.72391e-06 4.2513e-08)
(-10 7.48174e-06 6.34293e-08)
(-10 7.16797e-06 7.0215e-08)
(-10 6.94313e-06 4.45125e-08)
(-10 8.89403e-06 -3.73838e-07)
(-10 8.46016e-06 -1.60223e-07)
(-10 8.21573e-06 -1.2532e-07)
(-10 8.10334e-06 -1.11188e-07)
(-10 8.1068e-06 -9.94158e-08)
(-10 8.18404e-06 -9.36932e-08)
(-10 8.29887e-06 -9.13688e-08)
(-10 8.40895e-06 -8.99757e-08)
(-10 8.4853e-06 -8.39486e-08)
(-10 8.50351e-06 -6.69601e-08)
(-10 8.44985e-06 -3.66529e-08)
(-10 8.32441e-06 6.13855e-09)
(-10 8.12374e-06 4.99369e-08)
(-10 7.79755e-06 7.49147e-08)
(-10 7.4497e-06 3.83052e-08)
(-10 7.24765e-06 7.92036e-08)
(-10 8.12077e-06 3.03692e-08)
(-10 7.99661e-06 -1.02971e-07)
(-10 7.945e-06 -8.86683e-08)
(-10 7.98095e-06 -7.98308e-08)
(-10 8.06004e-06 -7.62181e-08)
(-10 8.20415e-06 -8.36411e-08)
(-10 8.35696e-06 -9.04593e-08)
(-10 8.50961e-06 -9.92785e-08)
(-10 8.62742e-06 -9.68252e-08)
(-10 8.684e-06 -8.23472e-08)
(-10 8.68604e-06 -4.85218e-08)
(-10 8.59673e-06 1.78105e-09)
(-10 8.4287e-06 5.04987e-08)
(-10 8.11922e-06 3.79974e-08)
(-10 7.99757e-06 7.19174e-08)
(-10 7.7046e-06 1.15327e-07)
(-10 6.60605e-06 -1.90187e-07)
(-10 6.91674e-06 -5.82279e-08)
(-10 7.10972e-06 -6.33519e-08)
(-10 7.26698e-06 -4.29615e-08)
(-10 7.45376e-06 -6.54276e-08)
(-10 7.64193e-06 -6.76558e-08)
(-10 7.83958e-06 -9.42836e-08)
(-10 8.02547e-06 -1.04561e-07)
(-10 8.17149e-06 -1.09929e-07)
(-10 8.2897e-06 -1.06542e-07)
(-10 8.32708e-06 -6.15764e-08)
(-10 8.33672e-06 -2.48619e-08)
(-10 8.22753e-06 3.55279e-08)
(-10 8.25248e-06 4.16536e-08)
(-10 8.11597e-06 2.07312e-07)
(-10 8.04208e-06 1.71342e-07)
(-10 5.27671e-06 -3.24982e-09)
(-10 5.65248e-06 -6.34594e-08)
(-10 5.96087e-06 -3.32994e-08)
(-10 6.23924e-06 -6.38234e-08)
(-10 6.49382e-06 -5.43718e-08)
(-10 6.73685e-06 -8.84058e-08)
(-10 6.96909e-06 -1.01714e-07)
(-10 7.18229e-06 -1.2228e-07)
(-10 7.37841e-06 -1.45255e-07)
(-10 7.53434e-06 -1.20102e-07)
(-10 7.66397e-06 -1.20176e-07)
(-10 7.73839e-06 -2.60191e-08)
(-10 7.83684e-06 -1.1504e-08)
(-10 7.93095e-06 1.86495e-07)
(-10 7.99036e-06 1.56141e-07)
(-10 7.92391e-06 3.76107e-07)
(-10 4.50441e-06 2.3232e-08)
(-10 4.98341e-06 8.25414e-08)
(-10 5.39888e-06 5.58485e-08)
(-10 5.76726e-06 7.84829e-08)
(-10 6.1012e-06 5.04876e-08)
(-10 6.40638e-06 5.07993e-08)
(-10 6.69308e-06 2.42524e-08)
(-10 6.9637e-06 3.63559e-09)
(-10 7.21907e-06 -1.40537e-09)
(-10 7.45534e-06 -2.05855e-08)
(-10 7.66271e-06 3.51165e-08)
(-10 7.84191e-06 5.59907e-08)
(-10 8.02712e-06 1.97798e-07)
(-10 8.21163e-06 2.41252e-07)
(-10 8.31775e-06 4.85728e-07)
(-10 8.29706e-06 4.47534e-07)
)
;

boundaryField
{
    frontAndBack
    {
        type            slip;
    }
    inlet
    {
        type            fixedValue;
        value           nonuniform List<vector> 0();
    }
    outlet
    {
        type            inletOutlet;
        inletValue      nonuniform List<vector> 0();
        value           nonuniform List<vector> 0();
    }
    lowerWall
    {
        type            fixedValue;
        value           uniform (-10 0 0);
    }
    upperWall
    {
        type            slip;
    }
    procBoundary1to0
    {
        type            processor;
        value           nonuniform List<vector> 
135
(
(-10 4.02289e-07 5.58934e-07)
(-10 1.28088e-06 5.6509e-07)
(-10 2.23851e-06 5.48434e-07)
(-10 3.11532e-06 5.1805e-07)
(-10 3.95237e-06 4.87896e-07)
(-10 4.77223e-06 4.69737e-07)
(-10 5.57788e-06 4.09479e-07)
(-10 6.21348e-06 3.37279e-07)
(-10 6.71069e-06 2.62141e-07)
(-10 7.11084e-06 1.99778e-07)
(-10 7.38674e-06 8.6814e-08)
(-10 7.40387e-06 -3.23197e-08)
(-10 7.20546e-06 -1.35196e-07)
(-10 6.9901e-06 -1.8488e-07)
(-10 6.88389e-06 -3.15998e-07)
(-10 6.88389e-06 -3.15998e-07)
(-10 6.88389e-06 -3.15998e-07)
(-10 6.71647e-06 -3.52693e-07)
(-10 6.71647e-06 -3.52693e-07)
(-10 6.76516e-06 -4.75522e-07)
(-10 6.99818e-06 -5.20259e-07)
(-10 7.2667e-06 -4.40401e-07)
(-10 7.39026e-06 -3.03359e-07)
(-10 7.18247e-06 -1.73078e-07)
(-10 6.53058e-06 1.52736e-08)
(-10 5.32832e-06 7.9665e-08)
(-10 3.91566e-06 2.36232e-07)
(-10 3.24209e-06 2.84121e-07)
(-10 4.09984e-07 1.33409e-06)
(-10 1.26775e-06 1.33259e-06)
(-10 2.17971e-06 1.29867e-06)
(-10 3.03965e-06 1.23915e-06)
(-10 3.89198e-06 1.17316e-06)
(-10 4.67421e-06 1.10266e-06)
(-10 5.41231e-06 9.80479e-07)
(-10 6.02931e-06 8.2433e-07)
(-10 6.53882e-06 6.5611e-07)
(-10 6.89168e-06 4.76306e-07)
(-10 7.09661e-06 2.37875e-07)
(-10 7.12636e-06 -1.75116e-08)
(-10 7.01476e-06 -2.4035e-07)
(-10 6.78938e-06 -4.05967e-07)
(-10 6.55694e-06 -5.84515e-07)
(-10 6.36089e-06 -7.60864e-07)
(-10 6.5557e-06 -1.12252e-06)
(-10 6.5557e-06 -1.12252e-06)
(-10 6.5557e-06 -1.12252e-06)
(-10 7.04208e-06 -1.16247e-06)
(-10 7.53783e-06 -9.9732e-07)
(-10 7.72441e-06 -7.98179e-07)
(-10 7.58076e-06 -3.45323e-07)
(-10 6.84651e-06 -8.60507e-08)
(-10 5.60452e-06 2.74907e-07)
(-10 4.17123e-06 3.88467e-07)
(-10 3.39948e-06 6.79113e-07)
(-10 4.00408e-07 1.44139e-06)
(-10 1.2366e-06 1.42909e-06)
(-10 2.12171e-06 1.39805e-06)
(-10 2.95843e-06 1.34532e-06)
(-10 3.78175e-06 1.28149e-06)
(-10 4.53139e-06 1.18453e-06)
(-10 5.22997e-06 1.07441e-06)
(-10 5.80802e-06 9.18477e-07)
(-10 6.27566e-06 7.52674e-07)
(-10 6.58805e-06 5.37516e-07)
(-10 6.76947e-06 3.21388e-07)
(-10 6.80609e-06 7.36559e-08)
(-10 6.71989e-06 -1.36896e-07)
(-10 6.55989e-06 -3.42986e-07)
(-10 6.29014e-06 -4.73485e-07)
(-10 6.19169e-06 -6.24555e-07)
(-10 6.28164e-06 -6.91253e-07)
(-10 7.15468e-06 -1.04196e-06)
(-10 7.15468e-06 -1.04196e-06)
(-10 7.15468e-06 -1.04196e-06)
(-10 7.72206e-06 -1.06105e-06)
(-10 8.20525e-06 -8.91479e-07)
(-10 8.07263e-06 -5.35781e-07)
(-10 7.30587e-06 -5.49358e-08)
(-10 5.92147e-06 9.52998e-08)
(-10 4.42092e-06 3.11253e-07)
(-10 3.70622e-06 5.91544e-07)
(-10 3.94619e-07 1.07707e-06)
(-10 1.21358e-06 1.07388e-06)
(-10 2.07499e-06 1.05231e-06)
(-10 2.89396e-06 1.01469e-06)
(-10 3.691e-06 9.69646e-07)
(-10 4.41536e-06 8.96271e-07)
(-10 5.07974e-06 8.19248e-07)
(-10 5.62714e-06 7.00453e-07)
(-10 6.06262e-06 5.85873e-07)
(-10 6.35258e-06 4.27251e-07)
(-10 6.51679e-06 2.88845e-07)
(-10 6.55351e-06 1.13849e-07)
(-10 6.49395e-06 -1.66435e-08)
(-10 6.36865e-06 -1.54837e-07)
(-10 6.20497e-06 -2.32901e-07)
(-10 6.08868e-06 -2.43472e-07)
(-10 6.29008e-06 -2.81086e-07)
(-10 6.5778e-06 -4.20446e-07)
(-10 7.72592e-06 -8.50957e-07)
(-10 7.72592e-06 -8.50957e-07)
(-10 7.72592e-06 -8.50957e-07)
(-10 8.38099e-06 -8.04036e-07)
(-10 8.62644e-06 -3.65469e-07)
(-10 7.63536e-06 -2.57745e-07)
(-10 6.06226e-06 -1.31354e-07)
(-10 4.79154e-06 5.71853e-08)
(-10 3.97097e-06 2.68616e-07)
(-10 3.96428e-07 4.10844e-07)
(-10 1.20565e-06 4.12291e-07)
(-10 2.04772e-06 4.04502e-07)
(-10 2.8551e-06 3.90477e-07)
(-10 3.63373e-06 3.73414e-07)
(-10 4.34339e-06 3.4466e-07)
(-10 4.9852e-06 3.15838e-07)
(-10 5.5163e-06 2.69027e-07)
(-10 5.93416e-06 2.27168e-07)
(-10 6.21676e-06 1.66262e-07)
(-10 6.37771e-06 1.18519e-07)
(-10 6.42423e-06 5.50015e-08)
(-10 6.38403e-06 1.50975e-08)
(-10 6.28957e-06 -3.29375e-08)
(-10 6.17935e-06 -4.81632e-08)
(-10 6.13146e-06 -5.34375e-08)
(-10 6.06042e-06 -1.39397e-08)
(-10 6.4154e-06 -2.37168e-07)
(-10 7.29068e-06 -1.43862e-07)
(-10 8.81211e-06 -4.07377e-07)
(-10 8.81211e-06 -4.07377e-07)
(-10 8.75549e-06 -1.93363e-09)
(-10 7.59852e-06 -3.04134e-07)
(-10 6.31513e-06 -3.14117e-08)
(-10 4.92088e-06 -1.01832e-07)
(-10 4.23786e-06 7.20635e-08)
)
;
    }
    procBoundary1to2
    {
        type            processor;
        value           nonuniform List<vector> 
124
(
(-10 4.41471e-07 2.24926e-07)
(-10 1.3349e-06 2.04039e-07)
(-10 2.18242e-06 1.90871e-07)
(-10 2.94076e-06 1.91763e-07)
(-10 3.71772e-06 1.92957e-07)
(-10 4.37078e-06 1.52841e-07)
(-10 4.89074e-06 1.38079e-07)
(-10 5.37669e-06 1.45926e-07)
(-10 5.92824e-06 1.49285e-07)
(-10 6.37848e-06 9.96334e-08)
(-10 6.69415e-06 8.08913e-08)
(-10 6.98186e-06 8.38261e-08)
(-10 7.28545e-06 7.90804e-08)
(-10 7.41502e-06 2.36509e-08)
(-10 7.33496e-06 4.41099e-09)
(-10 7.16624e-06 7.76799e-09)
(-10 6.94123e-06 1.27206e-08)
(-10 6.61335e-06 -6.43263e-09)
(-10 6.24388e-06 2.56908e-08)
(-10 6.04477e-06 1.00925e-07)
(-10 6.02412e-06 2.2015e-07)
(-10 5.93043e-06 3.75542e-07)
(-10 5.78729e-06 6.16153e-07)
(-10 5.15504e-06 7.63336e-07)
(-10 4.15361e-07 5.21606e-07)
(-10 1.29233e-06 4.90118e-07)
(-10 2.16708e-06 4.6393e-07)
(-10 2.94336e-06 4.47186e-07)
(-10 3.66907e-06 4.3644e-07)
(-10 4.30218e-06 3.74587e-07)
(-10 4.8821e-06 3.46949e-07)
(-10 5.39069e-06 3.36525e-07)
(-10 5.87038e-06 3.30463e-07)
(-10 6.29299e-06 2.56662e-07)
(-10 6.67439e-06 2.22609e-07)
(-10 6.9796e-06 1.99264e-07)
(-10 7.21023e-06 1.76785e-07)
(-10 7.32168e-06 8.82326e-08)
(-10 7.3151e-06 4.93546e-08)
(-10 7.17662e-06 2.80535e-08)
(-10 6.92348e-06 2.90378e-08)
(-10 6.62956e-06 1.24751e-08)
(-10 6.37807e-06 9.0037e-08)
(-10 6.28785e-06 2.38158e-07)
(-10 6.36739e-06 4.90546e-07)
(-10 6.42543e-06 8.27076e-07)
(-10 6.27203e-06 1.33264e-06)
(-10 5.88742e-06 1.76844e-06)
(-10 6.8832e-06 2.52266e-06)
(-10 4.0211e-07 5.51463e-07)
(-10 1.2628e-06 5.33017e-07)
(-10 2.12876e-06 5.1289e-07)
(-10 2.9064e-06 4.74969e-07)
(-10 3.62697e-06 4.57179e-07)
(-10 4.25891e-06 4.10771e-07)
(-10 4.84316e-06 3.96781e-07)
(-10 5.35608e-06 3.52112e-07)
(-10 5.82841e-06 3.45731e-07)
(-10 6.24366e-06 2.92996e-07)
(-10 6.6224e-06 2.81391e-07)
(-10 6.92458e-06 2.20023e-07)
(-10 7.14666e-06 2.01988e-07)
(-10 7.25573e-06 1.28572e-07)
(-10 7.25973e-06 1.07333e-07)
(-10 7.14084e-06 4.30378e-08)
(-10 6.92175e-06 4.65691e-08)
(-10 6.6896e-06 3.68304e-08)
(-10 6.52598e-06 1.30122e-07)
(-10 6.54541e-06 2.39829e-07)
(-10 6.76027e-06 4.76463e-07)
(-10 6.98304e-06 7.10473e-07)
(-10 6.964e-06 1.19273e-06)
(-10 6.64257e-06 1.83087e-06)
(-10 7.38406e-06 2.30512e-06)
(-10 3.92303e-07 4.29778e-07)
(-10 1.24411e-06 4.24336e-07)
(-10 2.09452e-06 4.11466e-07)
(-10 2.87373e-06 3.77991e-07)
(-10 3.58882e-06 3.66607e-07)
(-10 4.22669e-06 3.24172e-07)
(-10 4.80877e-06 3.22487e-07)
(-10 5.32688e-06 2.76312e-07)
(-10 5.79648e-06 2.8303e-07)
(-10 6.21256e-06 2.33383e-07)
(-10 6.58317e-06 2.42763e-07)
(-10 6.88035e-06 1.80098e-07)
(-10 7.09592e-06 1.82114e-07)
(-10 7.20337e-06 1.08099e-07)
(-10 7.20818e-06 1.06228e-07)
(-10 7.10067e-06 3.12664e-08)
(-10 6.91572e-06 4.44785e-08)
(-10 6.734e-06 1.69195e-08)
(-10 6.63182e-06 9.60735e-08)
(-10 6.72077e-06 1.56458e-07)
(-10 6.95569e-06 2.7665e-07)
(-10 7.32076e-06 3.81693e-07)
(-10 7.67254e-06 8.00863e-07)
(-10 7.27791e-06 1.10939e-06)
(-10 7.86098e-06 1.61582e-06)
(-10 3.95308e-07 1.74995e-07)
(-10 1.23991e-06 1.77398e-07)
(-10 2.07083e-06 1.71634e-07)
(-10 2.85032e-06 1.58446e-07)
(-10 3.5597e-06 1.52911e-07)
(-10 4.20377e-06 1.35147e-07)
(-10 4.78334e-06 1.34575e-07)
(-10 5.30676e-06 1.14799e-07)
(-10 5.77475e-06 1.18477e-07)
(-10 6.19333e-06 9.74157e-08)
(-10 6.55579e-06 1.0309e-07)
(-10 6.84877e-06 7.55135e-08)
(-10 7.05666e-06 7.783e-08)
(-10 7.16088e-06 4.41086e-08)
(-10 7.16369e-06 4.38385e-08)
(-10 7.06365e-06 8.51406e-09)
(-10 6.90382e-06 1.42266e-08)
(-10 6.75409e-06 -1.00312e-09)
(-10 6.7004e-06 3.02977e-08)
(-10 6.77113e-06 5.38624e-08)
(-10 7.04181e-06 7.05823e-08)
(-10 7.63831e-06 1.22755e-07)
(-10 7.87362e-06 3.24619e-07)
(-10 7.66127e-06 2.83626e-07)
(-10 8.24819e-06 6.31304e-07)
)
;
    }
    procBoundary1to4
    {
        type            processor;
        value           nonuniform List<vector> 
82
(
(-10 6.92099e-06 5.76479e-07)
(-10 4.06114e-06 4.00261e-07)
(-10 4.5289e-06 4.05547e-07)
(-10 4.93962e-06 3.84691e-07)
(-10 5.24223e-06 3.95053e-07)
(-10 5.53118e-06 3.92042e-07)
(-10 5.79726e-06 3.9214e-07)
(-10 6.11857e-06 3.65418e-07)
(-10 6.45582e-06 3.2574e-07)
(-10 6.83242e-06 2.73384e-07)
(-10 7.21069e-06 2.28468e-07)
(-10 7.65008e-06 2.40694e-07)
(-10 8.12083e-06 2.56367e-07)
(-10 8.6026e-06 4.09506e-07)
(-10 9.1017e-06 6.56416e-07)
(-10 6.92099e-06 5.76479e-07)
(-10 9.45653e-06 5.40673e-07)
(-10 6.92099e-06 5.76479e-07)
(-10 4.03194e-06 9.84848e-07)
(-10 4.59923e-06 8.93721e-07)
(-10 5.0198e-06 8.95399e-07)
(-10 5.41584e-06 8.64478e-07)
(-10 5.71309e-06 8.8856e-07)
(-10 6.03789e-06 8.51762e-07)
(-10 6.35211e-06 8.08939e-07)
(-10 6.68964e-06 7.12344e-07)
(-10 7.05969e-06 5.88001e-07)
(-10 7.405e-06 5.30367e-07)
(-10 7.8443e-06 5.01362e-07)
(-10 8.22871e-06 6.47683e-07)
(-10 8.71167e-06 8.90601e-07)
(-10 9.04525e-06 1.44668e-06)
(-10 9.39376e-06 1.52945e-06)
(-10 9.843e-06 2.24855e-06)
(-10 4.20638e-06 8.90792e-07)
(-10 4.66952e-06 8.66323e-07)
(-10 5.18723e-06 8.4169e-07)
(-10 5.59239e-06 8.28375e-07)
(-10 5.98779e-06 8.15679e-07)
(-10 6.31805e-06 7.85024e-07)
(-10 6.66272e-06 7.24348e-07)
(-10 7.00012e-06 6.29819e-07)
(-10 7.33079e-06 5.2688e-07)
(-10 7.70578e-06 4.63736e-07)
(-10 8.03324e-06 4.76935e-07)
(-10 8.44555e-06 6.24715e-07)
(-10 8.74957e-06 9.08227e-07)
(-10 9.10556e-06 1.36364e-06)
(-10 9.32441e-06 1.88613e-06)
(-10 9.65504e-06 2.2296e-06)
(-10 4.2216e-06 5.13028e-07)
(-10 4.80398e-06 5.13302e-07)
(-10 5.29844e-06 4.94188e-07)
(-10 5.78904e-06 4.91925e-07)
(-10 6.18489e-06 4.69641e-07)
(-10 6.57133e-06 4.48479e-07)
(-10 6.91425e-06 3.96388e-07)
(-10 7.25081e-06 3.37015e-07)
(-10 7.59375e-06 2.76419e-07)
(-10 7.90621e-06 2.39432e-07)
(-10 8.26257e-06 2.77941e-07)
(-10 8.54077e-06 3.84605e-07)
(-10 8.87267e-06 6.25022e-07)
(-10 9.07325e-06 9.96957e-07)
(-10 9.40055e-06 1.29828e-06)
(-10 9.54569e-06 1.61823e-06)
(-10 4.4198e-06 2.06823e-07)
(-10 4.90776e-06 1.35153e-07)
(-10 5.44536e-06 1.63206e-07)
(-10 5.90618e-06 1.32976e-07)
(-10 6.34462e-06 1.5048e-07)
(-10 6.7214e-06 1.23076e-07)
(-10 7.08209e-06 1.15562e-07)
(-10 7.42193e-06 9.38004e-08)
(-10 7.74269e-06 6.41559e-08)
(-10 8.07439e-06 7.7595e-08)
(-10 8.36113e-06 6.1675e-08)
(-10 8.67157e-06 1.51205e-07)
(-10 8.89779e-06 1.9789e-07)
(-10 9.21106e-06 4.23581e-07)
(-10 9.32321e-06 4.00923e-07)
(-10 9.65411e-06 6.43932e-07)
)
;
    }
}


// ************************************************************************* //
