/*--------------------------------*- C++ -*----------------------------------*\
  =========                 |
  \\      /  F ield         | OpenFOAM: The Open Source CFD Toolbox
   \\    /   O peration     | Website:  https://openfoam.org
    \\  /    A nd           | Version:  10
     \\/     M anipulation  |
\*---------------------------------------------------------------------------*/
FoamFile
{
    format      ascii;
    class       surfaceScalarField;
    location    "0";
    object      phi;
}
// * * * * * * * * * * * * * * * * * * * * * * * * * * * * * * * * * * * * * //

dimensions      [0 3 -1 0 0 0 0];

internalField   nonuniform List<scalar> 
5617
(
-200
2.22206e-06
-200
5.81234e-06
-200
4.43595e-06
-200
1.60659e-05
1.69991e-05
-200
2.42558e-05
1.47001e-05
-200
2.87503e-05
7.84228e-06
-200
3.62099e-05
6.05572e-06
-200
4.1356e-05
3.5195e-06
-200
4.97561e-05
5.13504e-06
-200
5.45012e-05
4.70432e-06
-200
6.26539e-05
7.02541e-06
-200
6.69118e-05
7.46702e-06
-200
7.54577e-05
9.99626e-06
8.2341e-05
1.15888e-05
-200
-1.25452e-06
4.22564e-06
-200
6.13961e-06
1.66719e-05
-200
6.53738e-07
2.0957e-05
-200
3.92803e-06
2.50342e-05
-200
4.83118e-06
2.27149e-05
-200
1.67536e-05
2.535e-05
-200
2.15351e-05
2.09057e-05
-200
2.97289e-05
1.50209e-05
-200
3.90575e-05
1.22164e-05
-200
4.79651e-05
9.64343e-06
-200
5.50015e-05
8.40986e-06
-200
6.28052e-05
7.53843e-06
-200
6.90235e-05
7.47892e-06
-200
7.6491e-05
7.92014e-06
-200
8.34945e-05
8.52462e-06
-200
9.19742e-05
9.06796e-06
0.000100669
1.08064e-05
-200
2.39859e-07
5.01805e-06
-200
-2.98587e-06
1.3973e-05
-200
4.33957e-06
2.30842e-05
-200
4.12103e-06
2.62352e-05
-200
1.22596e-05
2.87275e-05
-200
1.5245e-05
2.44807e-05
-200
2.89366e-05
2.25311e-05
-200
3.97429e-05
1.9399e-05
-200
4.95281e-05
1.45587e-05
-200
5.82564e-05
1.14785e-05
-200
6.82303e-05
9.91683e-06
-200
7.59871e-05
9.20616e-06
-200
8.4301e-05
9.14293e-06
-200
9.15999e-05
8.63402e-06
-200
0.000100532
8.36931e-06
-200
0.00010805
7.84435e-06
0.000119547
8.49089e-06
-200
-1.38055e-06
4.56923e-06
-200
3.70394e-06
1.58136e-05
-200
8.22101e-07
2.17921e-05
-200
8.06966e-06
2.79079e-05
-200
1.38994e-05
2.75911e-05
-200
2.80971e-05
2.91712e-05
-200
3.61342e-05
2.42187e-05
-200
4.65931e-05
1.84787e-05
-200
5.96543e-05
1.55739e-05
-200
7.03763e-05
1.3087e-05
-200
8.04994e-05
1.12703e-05
-200
8.8583e-05
9.90381e-06
-200
9.70211e-05
9.07637e-06
-200
0.000104899
8.48315e-06
-200
0.000112713
7.23245e-06
-200
0.000121447
6.89328e-06
0.00012867
5.8836e-06
-200
8.35807e-07
5.31837e-06
-200
-8.15202e-07
1.41692e-05
-200
8.22372e-06
2.39523e-05
-200
1.36108e-05
2.84653e-05
-200
2.35463e-05
3.11827e-05
-200
3.04279e-05
2.69869e-05
-200
4.56875e-05
2.43386e-05
-200
6.05262e-05
2.17222e-05
-200
7.04773e-05
1.59229e-05
-200
8.30111e-05
1.32246e-05
-200
9.24222e-05
1.04945e-05
-200
0.000103001
1.02967e-05
-200
0.000110787
9.1731e-06
-200
0.00011906
8.24339e-06
-200
0.000126021
6.6323e-06
-200
0.00013461
5.48861e-06
0.000140805
4.27366e-06
-200
3.22635e-07
4.88566e-06
-200
7.60699e-06
1.60476e-05
-200
8.38896e-06
2.31651e-05
-200
1.93379e-05
2.91261e-05
-200
2.79859e-05
2.94341e-05
-200
4.6313e-05
3.0859e-05
-200
5.56708e-05
2.56668e-05
-200
6.82644e-05
1.88716e-05
-200
8.27065e-05
1.64138e-05
-200
9.53607e-05
1.3073e-05
-200
0.000105558
1.15718e-05
-200
0.000115299
9.58561e-06
-200
0.000122848
8.66816e-06
-200
0.000130159
7.46055e-06
-200
0.000136888
6.21485e-06
-200
0.000142546
4.19372e-06
0.000149105
4.37238e-06
-200
2.64372e-06
5.32859e-06
-200
3.55771e-06
1.45067e-05
-200
1.81555e-05
2.50554e-05
-200
2.53595e-05
2.92279e-05
-200
4.11465e-05
3.30561e-05
-200
4.84136e-05
2.74147e-05
-200
6.8228e-05
2.52437e-05
-200
8.295e-05
2.18835e-05
-200
9.61408e-05
1.62471e-05
-200
0.000107087
1.23378e-05
-200
0.000119918
1.04767e-05
-200
0.000128734
9.27906e-06
-200
0.000137625
8.91651e-06
-200
0.000143937
7.51277e-06
-200
0.000150127
5.98783e-06
-200
0.000154637
4.36258e-06
0.000162743
3.71161e-06
-200
1.86361e-06
4.81813e-06
-200
1.40053e-05
1.67818e-05
-200
1.80445e-05
2.34195e-05
-200
3.32271e-05
3.03612e-05
-200
4.60368e-05
2.99154e-05
-200
6.75175e-05
3.20444e-05
-200
7.88929e-05
2.58012e-05
-200
9.24423e-05
1.88453e-05
-200
0.000108687
1.56696e-05
-200
0.000121659
1.29119e-05
-200
0.000133482
1.07133e-05
-200
0.00014223
9.02244e-06
-200
0.000150836
8.09659e-06
-200
0.000157123
7.31206e-06
-200
0.000162619
5.9743e-06
-200
0.000168045
5.28568e-06
0.000172488
3.93753e-06
-200
4.73604e-06
5.49558e-06
-200
1.06552e-05
1.47901e-05
-200
2.85336e-05
2.53917e-05
-200
4.23583e-05
3.0349e-05
-200
5.96652e-05
3.34474e-05
-200
7.1087e-05
2.78396e-05
-200
9.17416e-05
2.48409e-05
-200
0.000110407
2.22313e-05
-200
0.000121744
1.52472e-05
-200
0.000136404
1.21935e-05
-200
0.00014694
8.95803e-06
-200
0.000159005
9.11651e-06
-200
0.000166964
8.1517e-06
-200
0.000174783
7.64144e-06
-200
0.000180633
6.52712e-06
-200
0.000187668
5.75099e-06
0.000193382
4.62357e-06
-200
4.67568e-06
4.95219e-06
-200
2.10814e-05
1.65985e-05
-200
3.01553e-05
2.40355e-05
-200
4.92229e-05
3.01818e-05
-200
6.482e-05
3.00071e-05
-200
9.05596e-05
3.19642e-05
-200
0.000102952
2.57528e-05
-200
0.000117983
1.75783e-05
-200
0.000135035
1.53029e-05
-200
0.00014948
1.15861e-05
-200
0.000161182
1.00981e-05
-200
0.000172359
7.89853e-06
-200
0.000181022
7.33415e-06
-200
0.000189614
6.92752e-06
-200
0.00019713
6.5404e-06
-200
0.000204606
5.40917e-06
0.000211905
5.79564e-06
-200
7.18315e-06
5.2848e-06
-200
1.67086e-05
1.45132e-05
-200
4.06243e-05
2.53998e-05
-200
5.60881e-05
2.95833e-05
-200
7.95734e-05
3.3752e-05
-200
9.06895e-05
2.6616e-05
-200
0.0001159
2.43755e-05
-200
0.000133442
2.11498e-05
-200
0.000148372
1.47882e-05
-200
0.000160589
1.04102e-05
-200
0.000175713
8.35377e-06
-200
0.000186372
7.25793e-06
-200
0.000197837
7.38478e-06
-200
0.000206708
6.61018e-06
-200
0.00021684
6.08744e-06
-200
0.000224756
4.94811e-06
0.000237622
4.53236e-06
-200
6.38362e-06
4.62673e-06
-200
2.77056e-05
1.65995e-05
-200
3.99343e-05
2.30718e-05
-200
6.28628e-05
2.9953e-05
-200
8.17887e-05
2.87563e-05
-200
0.000109999
3.15238e-05
-200
0.000124023
2.45245e-05
-200
0.000139718
1.67574e-05
-200
0.000157962
1.37026e-05
-200
0.00017282
1.08719e-05
-200
0.00018644
8.38391e-06
-200
0.000197506
6.41634e-06
-200
0.000208964
5.59365e-06
-200
0.000219287
5.42827e-06
-200
0.000229761
4.61882e-06
-200
0.000240927
4.29952e-06
0.000250464
2.56268e-06
-200
8.98433e-06
5.18616e-06
-200
2.28843e-05
1.40709e-05
-200
4.85689e-05
2.44589e-05
-200
6.97785e-05
2.91348e-05
-200
9.34548e-05
3.23579e-05
-200
0.000108624
2.57567e-05
-200
0.000133064
2.26827e-05
-200
0.000154221
2.04885e-05
-200
0.000166612
1.30627e-05
-200
0.000182906
9.73654e-06
-200
0.000195231
5.90881e-06
-200
0.00020993
5.93784e-06
-200
0.000220922
4.9406e-06
-200
0.00023304
4.61715e-06
-200
0.00024396
3.53086e-06
-200
0.000257368
2.53383e-06
0.000268541
2.76674e-07
-200
8.3745e-06
4.48904e-06
-200
3.17335e-05
1.55836e-05
-200
4.7915e-05
2.25837e-05
-200
7.21666e-05
2.81847e-05
-200
9.25725e-05
2.74091e-05
-200
0.000122236
2.94837e-05
-200
0.00013709
2.32076e-05
-200
0.000153137
1.46208e-05
-200
0.000171564
1.26096e-05
-200
0.000187051
8.60168e-06
-200
0.00020055
6.739e-06
-200
0.000213608
3.87327e-06
-200
0.000225059
3.09652e-06
-200
0.000236949
2.56057e-06
-200
0.000248837
1.98057e-06
-200
0.000260772
-1.0321e-07
0.000272652
-8.92328e-07
-200
9.93683e-06
4.72218e-06
-200
2.53791e-05
1.32301e-05
-200
5.28541e-05
2.31286e-05
-200
7.32883e-05
2.69377e-05
-200
9.9789e-05
3.06596e-05
-200
0.000113577
2.33804e-05
-200
0.000139628
2.07828e-05
-200
0.000158126
1.79751e-05
-200
0.000173571
1.16398e-05
-200
0.000186881
7.05433e-06
-200
0.000203412
4.25813e-06
-200
0.000216011
2.73567e-06
-200
0.000229581
2.50687e-06
-200
0.000240673
1.513e-06
-200
0.000253137
4.39207e-07
-200
0.000263464
-1.76297e-06
0.00027812
-3.80523e-06
-200
8.38205e-06
4.00495e-06
-200
3.18703e-05
1.46966e-05
-200
4.80535e-05
2.07309e-05
-200
7.18436e-05
2.64811e-05
-200
9.17566e-05
2.49076e-05
-200
0.000119602
2.69301e-05
-200
0.000134231
2.04447e-05
-200
0.000149793
1.29037e-05
-200
0.000167704
9.92123e-06
-200
0.000183661
6.8731e-06
-200
0.000198332
3.88019e-06
-200
0.000211286
1.33575e-06
-200
0.000224125
1.8781e-07
-200
0.000235484
-1.10017e-07
-200
0.000246492
-1.3524e-06
-200
0.000257353
-2.61785e-06
0.000265812
-5.60773e-06
-200
9.25018e-06
4.37803e-06
-200
2.44925e-05
1.23852e-05
-200
4.77829e-05
2.11873e-05
-200
6.85276e-05
2.51271e-05
-200
9.08246e-05
2.75546e-05
-200
0.000105788
2.1474e-05
-200
0.000127153
1.78523e-05
-200
0.00014661
1.56218e-05
-200
0.000159706
9.08873e-06
-200
0.000176559
5.42232e-06
-200
0.000190675
1.23562e-06
-200
0.000206825
5.17164e-07
-200
0.000219035
-6.01425e-07
-200
0.000231541
-8.95368e-07
-200
0.000241234
-2.22737e-06
-200
0.000252093
-3.71943e-06
0.000260187
-6.64279e-06
-200
7.48082e-06
3.74049e-06
-200
2.62981e-05
1.32196e-05
-200
4.15086e-05
1.96387e-05
-200
6.02957e-05
2.39074e-05
-200
7.7554e-05
2.28501e-05
-200
9.98651e-05
2.31161e-05
-200
0.000113875
1.78482e-05
-200
0.000127478
1.03513e-05
-200
0.000145637
8.03801e-06
-200
0.000161162
3.98295e-06
-200
0.000177121
1.5852e-06
-200
0.000191171
-1.64032e-06
-200
0.00020402
-2.44257e-06
-200
0.000215134
-2.90506e-06
-200
0.000224659
-3.29708e-06
-200
0.000232402
-5.3215e-06
0.000239243
-6.38718e-06
-200
6.79001e-06
3.88178e-06
-200
1.87237e-05
1.17539e-05
-200
3.50179e-05
1.93904e-05
-200
5.04757e-05
2.27774e-05
-200
6.78925e-05
2.44467e-05
-200
8.02451e-05
1.92105e-05
-200
9.657e-05
1.50873e-05
-200
0.000113757
1.26222e-05
-200
0.000127736
6.89672e-06
-200
0.000144103
3.0363e-06
-200
0.000160437
-8.19114e-07
-200
0.000175252
-2.51081e-06
-200
0.000188459
-3.20386e-06
-200
0.00019833
-3.85336e-06
-200
0.000207156
-4.50379e-06
-200
0.000212428
-6.22191e-06
0.000220107
-7.77751e-06
-200
4.97982e-06
3.57426e-06
-200
1.60076e-05
1.22952e-05
-200
2.62666e-05
1.86667e-05
-200
3.76056e-05
2.23067e-05
-200
5.05919e-05
2.1271e-05
-200
6.3362e-05
1.95579e-05
-200
7.66714e-05
1.53745e-05
-200
8.80536e-05
8.67882e-06
-200
0.000105698
5.93003e-06
-200
0.000121063
2.08217e-06
-200
0.000137275
-9.24313e-07
-200
0.000150231
-3.91708e-06
-200
0.000162717
-5.15176e-06
-200
0.000171634
-5.29117e-06
-200
0.000178698
-6.07443e-06
-200
0.000183969
-6.55394e-06
0.000186254
-8.44659e-06
-200
3.4278e-06
3.85585e-06
-200
9.98339e-06
1.22763e-05
-200
1.53709e-05
1.91467e-05
-200
2.40256e-05
2.25258e-05
-200
3.32636e-05
2.19182e-05
-200
4.30598e-05
1.82581e-05
-200
5.29053e-05
1.29944e-05
-200
6.87722e-05
1.00277e-05
-200
8.22583e-05
5.2209e-06
-200
9.84123e-05
1.42785e-06
-200
0.000111948
-2.69651e-06
-200
0.000126106
-4.5856e-06
-200
0.000136725
-5.87097e-06
-200
0.000146204
-6.14863e-06
-200
0.00015282
-6.69012e-06
-200
0.000157122
-7.35771e-06
0.000159512
-8.75735e-06
-200
2.49886e-06
4.28428e-06
-200
3.72905e-06
1.33199e-05
-200
3.55558e-06
2.11689e-05
-200
1.35177e-05
2.37368e-05
-200
1.24374e-05
2.16064e-05
-200
2.33928e-05
1.74838e-05
-200
2.60567e-05
1.24891e-05
-200
4.47888e-05
7.81239e-06
-200
5.16708e-05
3.42713e-06
-200
7.22281e-05
5.91851e-07
-200
7.68417e-05
-3.79145e-06
-200
9.57371e-05
-5.57831e-06
-200
9.84567e-05
-7.77494e-06
-200
0.00011539
-6.89638e-06
-200
0.000114255
-8.06226e-06
-200
0.000125031
-7.85298e-06
0.000120426
-8.31868e-06
-200
8.0547e-07
4.74037e-06
-200
-5.59306e-07
1.63732e-05
-200
1.12809e-05
2.5131e-05
-200
-3.19543e-06
2.40593e-05
-200
1.36197e-05
2.42665e-05
-200
-3.594e-06
1.46295e-05
-200
2.46675e-05
1.53991e-05
-200
9.34225e-06
3.48898e-06
-200
4.1664e-05
5.39494e-06
-200
2.90801e-05
-4.39975e-06
-200
5.9981e-05
-1.92605e-06
-200
4.69611e-05
-1.04447e-05
-200
7.78641e-05
-4.71837e-06
-200
6.53122e-05
-1.11938e-05
-200
9.11562e-05
-5.26491e-06
-200
7.77931e-05
-9.92361e-06
8.85462e-05
-8.66027e-06
-200
5.29126e-06
6.31757e-06
-200
2.51576e-05
2.05862e-05
-200
1.70933e-05
2.3355e-05
-200
3.04399e-05
3.13678e-05
-200
4.38689e-06
1.87129e-05
-200
2.29908e-05
2.47213e-05
-200
-5.39132e-06
5.08061e-06
-200
1.90754e-05
1.13368e-05
-200
-2.65443e-06
-3.38465e-06
-200
1.97779e-05
1.61345e-06
-200
8.29172e-07
-1.06907e-05
-200
2.42609e-05
-4.62458e-06
-200
1.00646e-05
-1.26498e-05
-200
3.27662e-05
-5.30107e-06
-200
2.13494e-05
-1.05292e-05
-200
3.12447e-05
-7.51748e-06
2.29099e-05
-1.07908e-05
-200
8.18554e-06
-200
1.75093e-05
-200
2.89592e-05
-200
2.44861e-05
-200
2.74626e-05
-200
1.46493e-05
-200
1.55887e-05
-200
4.57364e-06
-200
3.3197e-06
-200
-4.22497e-06
-200
-5.88676e-06
-200
-8.86454e-06
-200
-8.63576e-06
-200
-8.46952e-06
-200
-9.40926e-06
-200
-8.37002e-06
-6.86503e-06
-200
2.217e-05
-200
2.4757e-05
-200
3.55848e-05
1.86779e-05
-200
4.18157e-05
1.31618e-05
-200
4.89972e-05
1.04376e-05
-200
5.35114e-05
8.1529e-06
-200
5.88365e-05
6.81788e-06
-200
6.4052e-05
8.9226e-06
-200
6.85643e-05
9.47281e-06
-200
7.40072e-05
1.29035e-05
8.11186e-05
1.27239e-05
-200
-1.63865e-08
1.07072e-05
-200
1.92259e-06
2.91094e-05
-200
3.97757e-06
4.14439e-05
-200
5.80455e-06
4.64001e-05
-200
1.42259e-05
4.82577e-05
-200
1.53953e-05
4.21e-05
-200
2.40747e-05
3.43652e-05
-200
3.65698e-05
3.06562e-05
-200
4.27174e-05
2.27621e-05
-200
5.08324e-05
1.82597e-05
-200
5.73561e-05
1.27754e-05
-200
6.5411e-05
1.25433e-05
-200
7.16235e-05
1.15952e-05
-200
7.76064e-05
1.1968e-05
-200
8.32518e-05
1.13151e-05
-200
9.00623e-05
1.24286e-05
9.70508e-05
1.29721e-05
-200
-4.6142e-07
1.11942e-05
-200
-1.09846e-07
2.95589e-05
-200
2.32068e-06
4.19553e-05
-200
6.7346e-06
4.75104e-05
-200
1.0484e-05
4.72305e-05
-200
2.25739e-05
4.45952e-05
-200
3.15735e-05
3.91908e-05
-200
3.8305e-05
3.01657e-05
-200
5.11143e-05
2.53974e-05
-200
6.07697e-05
1.99574e-05
-200
7.03452e-05
1.78179e-05
-200
7.70771e-05
1.45853e-05
-200
8.4197e-05
1.31935e-05
-200
9.13642e-05
1.19829e-05
-200
9.87557e-05
1.15201e-05
-200
0.000106564
1.11988e-05
0.000115473
1.11928e-05
-200
-2.10022e-07
1.1371e-05
-200
1.13457e-06
3.04367e-05
-200
4.19739e-06
4.29274e-05
-200
8.94065e-06
4.86322e-05
-200
1.95113e-05
5.00137e-05
-200
2.4684e-05
4.5372e-05
-200
3.63215e-05
3.86413e-05
-200
5.16611e-05
3.44444e-05
-200
6.01996e-05
2.65583e-05
-200
7.05913e-05
2.18537e-05
-200
7.92871e-05
1.6535e-05
-200
8.91969e-05
1.56912e-05
-200
9.71723e-05
1.42307e-05
-200
0.000104525
1.28879e-05
-200
0.000111776
1.06205e-05
-200
0.000119252
9.22488e-06
0.000126155
8.66906e-06
-200
1.59698e-07
1.17825e-05
-200
2.11982e-06
3.11712e-05
-200
6.99363e-06
4.41559e-05
-200
1.46433e-05
5.04287e-05
-200
2.08141e-05
5.00026e-05
-200
3.64781e-05
4.7655e-05
-200
4.77628e-05
4.2216e-05
-200
5.60723e-05
3.22717e-05
-200
7.12442e-05
2.72436e-05
-200
8.27742e-05
2.14208e-05
-200
9.41055e-05
1.93667e-05
-200
0.00010189
1.54712e-05
-200
0.000109998
1.35086e-05
-200
0.000117837
1.12433e-05
-200
0.000125369
9.57644e-06
-200
0.000132586
7.67377e-06
0.000140959
6.64013e-06
-200
1.01471e-06
1.19773e-05
-200
5.19936e-06
3.19842e-05
-200
1.13427e-05
4.51589e-05
-200
1.9497e-05
5.13424e-05
-200
3.36453e-05
5.28812e-05
-200
4.09314e-05
4.77481e-05
-200
5.50098e-05
4.03812e-05
-200
7.29704e-05
3.59692e-05
-200
8.2446e-05
2.72305e-05
-200
9.4212e-05
2.21469e-05
-200
0.000103847
1.62364e-05
-200
0.00011482
1.53834e-05
-200
0.000123236
1.36419e-05
-200
0.000130241
1.17591e-05
-200
0.000136533
8.63304e-06
-200
0.00014281
6.45746e-06
0.000148073
5.18853e-06
-200
1.84614e-06
1.23082e-05
-200
7.11241e-06
3.25159e-05
-200
1.55993e-05
4.6153e-05
-200
2.71302e-05
5.27863e-05
-200
3.62392e-05
5.21609e-05
-200
5.56476e-05
4.96093e-05
-200
6.90991e-05
4.37109e-05
-200
7.82029e-05
3.24929e-05
-200
9.52385e-05
2.72406e-05
-200
0.000107984
2.09127e-05
-200
0.000120288
1.89787e-05
-200
0.000128333
1.46408e-05
-200
0.000136344
1.25428e-05
-200
0.000143624
1.01203e-05
-200
0.000150106
8.40675e-06
-200
0.000156079
6.34812e-06
0.000163096
5.02514e-06
-200
2.92212e-06
1.24068e-05
-200
1.08934e-05
3.31994e-05
-200
2.11261e-05
4.69177e-05
-200
3.3208e-05
5.32731e-05
-200
5.15556e-05
5.48491e-05
-200
6.09474e-05
4.90101e-05
-200
7.73924e-05
4.08358e-05
-200
9.77329e-05
3.63977e-05
-200
0.000108027
2.69168e-05
-200
0.000120536
2.15302e-05
-200
0.00013074
1.5086e-05
-200
0.000142377
1.44978e-05
-200
0.000150922
1.29596e-05
-200
0.000157638
1.13731e-05
-200
0.000163483
8.48993e-06
-200
0.000168772
6.50023e-06
0.00017356
5.43016e-06
-200
3.887e-06
1.27102e-05
-200
1.34808e-05
3.36475e-05
-200
2.64146e-05
4.76772e-05
-200
4.20971e-05
5.4384e-05
-200
5.42896e-05
5.32991e-05
-200
7.75317e-05
5.05276e-05
-200
9.31665e-05
4.42415e-05
-200
0.000103137
3.20114e-05
-200
0.000121831
2.66313e-05
-200
0.000135455
1.99861e-05
-200
0.000148721
1.82736e-05
-200
0.000157102
1.37023e-05
-200
0.000165687
1.18355e-05
-200
0.000173668
9.81745e-06
-200
0.000180654
8.78016e-06
-200
0.000187134
7.17158e-06
0.000195214
6.09323e-06
-200
5.19539e-06
1.27697e-05
-200
1.78232e-05
3.41004e-05
-200
3.2287e-05
4.7991e-05
-200
4.82877e-05
5.42464e-05
-200
7.06714e-05
5.56823e-05
-200
8.22032e-05
4.9153e-05
-200
0.0001008
4.02982e-05
-200
0.000123564
3.60621e-05
-200
0.000134231
2.60146e-05
-200
0.000147643
2.05545e-05
-200
0.000158456
1.35926e-05
-200
0.000171358
1.33861e-05
-200
0.000181102
1.21246e-05
-200
0.000189119
1.09971e-05
-200
0.000196422
8.47709e-06
-200
0.000203886
6.86572e-06
0.000209931
5.86351e-06
-200
6.15492e-06
1.29746e-05
-200
1.99683e-05
3.4196e-05
-200
3.69868e-05
4.83185e-05
-200
5.66657e-05
5.4856e-05
-200
7.17676e-05
5.32472e-05
-200
9.83579e-05
5.02054e-05
-200
0.000116133
4.37887e-05
-200
0.000126579
3.07303e-05
-200
0.000146675
2.55032e-05
-200
0.000161311
1.85916e-05
-200
0.00017576
1.71457e-05
-200
0.000185057
1.22295e-05
-200
0.000195039
1.03961e-05
-200
0.000204861
8.53201e-06
-200
0.000214545
7.83873e-06
-200
0.000223742
6.24045e-06
0.000234545
4.92596e-06
-200
7.25772e-06
1.29012e-05
-200
2.37548e-05
3.44305e-05
-200
4.21016e-05
4.82681e-05
-200
6.15844e-05
5.41824e-05
-200
8.74163e-05
5.53434e-05
-200
0.000100988
4.82669e-05
-200
0.000121145
3.88824e-05
-200
0.000145548
3.49607e-05
-200
0.000156963
2.47474e-05
-200
0.000171046
1.92186e-05
-200
0.000182573
1.17168e-05
-200
0.000196758
1.15429e-05
-200
0.000207944
1.02237e-05
-200
0.000218019
9.14348e-06
-200
0.000228061
6.27678e-06
-200
0.000238168
4.38354e-06
0.000246892
2.64922e-06
-200
7.89509e-06
1.3059e-05
-200
2.52479e-05
3.43919e-05
-200
4.56389e-05
4.82899e-05
-200
6.82941e-05
5.43928e-05
-200
8.57222e-05
5.21492e-05
-200
0.000114448
4.87407e-05
-200
0.000133884
4.227e-05
-200
0.000145052
2.90251e-05
-200
0.000165904
2.38651e-05
-200
0.000181133
1.67854e-05
-200
0.000196528
1.53336e-05
-200
0.000206704
1.00048e-05
-200
0.00021804
7.95023e-06
-200
0.000229827
5.7454e-06
-200
0.000241538
4.58346e-06
-200
0.000253248
2.36052e-06
0.000266714
2.70219e-07
-200
8.73878e-06
1.29278e-05
-200
2.80561e-05
3.43391e-05
-200
4.87664e-05
4.77366e-05
-200
7.02181e-05
5.30207e-05
-200
9.76514e-05
5.35867e-05
-200
0.000112699
4.60597e-05
-200
0.000133301
3.63301e-05
-200
0.000158378
3.25984e-05
-200
0.000170048
2.25214e-05
-200
0.000184633
1.70403e-05
-200
0.000196673
9.11505e-06
-200
0.00021183
8.80542e-06
-200
0.000224137
7.26212e-06
-200
0.000235312
5.79443e-06
-200
0.000246429
2.29316e-06
-200
0.000258178
-4.441e-07
0.000268101
-2.92209e-06
-200
8.81616e-06
1.29695e-05
-200
2.76706e-05
3.39501e-05
-200
4.91077e-05
4.72538e-05
-200
7.25749e-05
5.25979e-05
-200
9.08014e-05
4.96702e-05
-200
0.000119124
4.55681e-05
-200
0.0001391
3.9104e-05
-200
0.000150202
2.60559e-05
-200
0.000170885
2.10681e-05
-200
0.000186598
1.39661e-05
-200
0.000202821
1.25089e-05
-200
0.000213824
6.95702e-06
-200
0.000225958
4.70082e-06
-200
0.000238137
2.10276e-06
-200
0.000250338
5.51286e-07
-200
0.000262128
-2.46794e-06
0.000275303
-5.3279e-06
-200
8.96498e-06
1.27264e-05
-200
2.82586e-05
3.36251e-05
-200
4.87666e-05
4.62969e-05
-200
6.9728e-05
5.06901e-05
-200
9.58926e-05
5.031e-05
-200
0.000111077
4.25178e-05
-200
0.00013018
3.2553e-05
-200
0.00015404
2.88212e-05
-200
0.000166403
1.94226e-05
-200
0.000181395
1.4086e-05
-200
0.0001942
6.09067e-06
-200
0.000210007
5.55569e-06
-200
0.000222891
3.9134e-06
-200
0.000234257
2.40181e-06
-200
0.000245125
-1.32176e-06
-200
0.000255632
-4.54621e-06
0.000264195
-7.32449e-06
-200
8.25404e-06
1.26986e-05
-200
2.57963e-05
3.3102e-05
-200
4.53632e-05
4.55126e-05
-200
6.66218e-05
4.98298e-05
-200
8.34739e-05
4.61944e-05
-200
0.000108354
4.11583e-05
-200
0.000127146
3.4655e-05
-200
0.000138374
2.269e-05
-200
0.000158064
1.7651e-05
-200
0.00017431
1.08097e-05
-200
0.000191221
9.08736e-06
-200
0.000203454
3.75892e-06
-200
0.000216158
1.5094e-06
-200
0.000228401
-9.77067e-07
-200
0.000239562
-2.64681e-06
-200
0.00024959
-5.65712e-06
0.000260587
-8.36799e-06
-200
7.70158e-06
1.24228e-05
-200
2.40079e-05
3.25685e-05
-200
4.11206e-05
4.42683e-05
-200
5.853e-05
4.75955e-05
-200
8.00486e-05
4.59552e-05
-200
9.37626e-05
3.80806e-05
-200
0.000109561
2.82988e-05
-200
0.000131026
2.4215e-05
-200
0.000143854
1.58589e-05
-200
0.000159682
1.06748e-05
-200
0.000173364
3.02412e-06
-200
0.000189811
2.05831e-06
-200
0.000202831
3.8867e-07
-200
0.000213652
-1.05084e-06
-200
0.000222774
-4.52818e-06
-200
0.000230995
-7.35767e-06
0.000237071
-9.70799e-06
-200
6.30951e-06
1.23365e-05
-200
1.95695e-05
3.19684e-05
-200
3.38872e-05
4.33583e-05
-200
4.97403e-05
4.65365e-05
-200
6.29306e-05
4.23136e-05
-200
8.07879e-05
3.61829e-05
-200
9.70188e-05
2.98068e-05
-200
0.000107595
1.91862e-05
-200
0.000126226
1.42352e-05
-200
0.000142612
7.45903e-06
-200
0.000160272
5.41503e-06
-200
0.000173055
2.11162e-07
-200
0.000185415
-1.97137e-06
-200
0.000196083
-4.43238e-06
-200
0.000204702
-5.95204e-06
-200
0.000211909
-8.43003e-06
0.000219062
-1.04574e-05
-200
5.41981e-06
1.21666e-05
-200
1.59781e-05
3.14854e-05
-200
2.70166e-05
4.25337e-05
-200
3.79478e-05
4.47932e-05
-200
5.16031e-05
4.18518e-05
-200
6.13312e-05
3.43409e-05
-200
7.29524e-05
2.49352e-05
-200
9.01612e-05
2.01509e-05
-200
0.00010459
1.27666e-05
-200
0.00012004
7.58568e-06
-200
0.000134506
3.14558e-07
-200
0.000149187
-1.5816e-06
-200
0.000161593
-3.42508e-06
-200
0.000170294
-4.96693e-06
-200
0.000177736
-7.63027e-06
-200
0.000182713
-9.90193e-06
0.000185769
-1.10826e-05
-200
4.09722e-06
1.20816e-05
-200
1.16139e-05
3.16669e-05
-200
1.85307e-05
4.24048e-05
-200
2.59179e-05
4.48843e-05
-200
3.27764e-05
4.0265e-05
-200
4.18499e-05
3.35234e-05
-200
5.21158e-05
2.62543e-05
-200
6.53109e-05
1.77149e-05
-200
7.94555e-05
1.12627e-05
-200
9.7106e-05
5.08485e-06
-200
0.000110237
9.78456e-07
-200
0.000124555
-3.11272e-06
-200
0.00013375
-5.90129e-06
-200
0.000145036
-7.61839e-06
-200
0.000150676
-9.21329e-06
-200
0.000156348
-1.06392e-05
0.000160197
-1.15539e-05
-200
3.21151e-06
1.22134e-05
-200
8.49996e-06
3.24773e-05
-200
9.74636e-06
4.32065e-05
-200
1.40215e-05
4.57172e-05
-200
1.65938e-05
4.11279e-05
-200
1.8933e-05
3.38888e-05
-200
3.06035e-05
2.51864e-05
-200
3.80335e-05
1.72231e-05
-200
5.47455e-05
1.00151e-05
-200
6.44287e-05
3.46005e-06
-200
7.97564e-05
-2.92201e-06
-200
8.81335e-05
-6.41132e-06
-200
0.000103233
-7.55717e-06
-200
0.000108675
-9.56405e-06
-200
0.000118626
-1.09821e-05
-200
0.000121795
-1.21078e-05
0.000119892
-1.25815e-05
-200
3.26984e-06
1.32275e-05
-200
6.02346e-06
3.34517e-05
-200
8.50583e-06
4.64679e-05
-200
8.22418e-06
4.75627e-05
-200
4.94208e-06
4.36112e-05
-200
1.21745e-05
3.66646e-05
-200
8.54492e-06
2.57729e-05
-200
2.16045e-05
1.66074e-05
-200
2.79459e-05
9.23663e-06
-200
3.84757e-05
-8.548e-08
-200
4.62862e-05
-4.25522e-06
-200
5.6055e-05
-1.0029e-05
-200
6.54713e-05
-9.95715e-06
-200
7.45197e-05
-1.3359e-05
-200
8.29307e-05
-1.22217e-05
-200
8.15527e-05
-1.42225e-05
8.52172e-05
-1.2892e-05
-200
8.20996e-06
1.375e-05
-200
2.035e-05
3.57701e-05
-200
2.58498e-05
4.84095e-05
-200
1.96873e-05
4.97505e-05
-200
1.80584e-05
4.6881e-05
-200
7.25332e-06
3.57959e-05
-200
1.10276e-05
2.78417e-05
-200
8.50796e-06
1.79252e-05
-200
7.82112e-06
5.78336e-06
-200
1.06553e-05
9.33505e-07
-200
8.33536e-06
-1.18459e-05
-200
1.76359e-05
-8.11348e-06
-200
1.63365e-05
-1.75293e-05
-200
2.78155e-05
-1.11183e-05
-200
2.30993e-05
-1.87763e-05
-200
2.99126e-05
-1.21117e-05
2.90439e-05
-1.42526e-05
-200
1.33657e-05
-200
3.54784e-05
-200
4.56221e-05
-200
4.86319e-05
-200
4.27843e-05
-200
3.68367e-05
-200
2.69855e-05
-200
1.54452e-05
-200
8.44275e-06
-200
-4.47183e-06
-200
-5.40679e-06
-200
-1.51477e-05
-200
-1.08386e-05
-200
-1.8895e-05
-200
-1.2465e-05
-200
-1.54855e-05
-1.14936e-05
-200
4.19665e-05
-200
4.97812e-05
-200
5.265e-05
-200
6.03714e-05
9.52192e-06
-200
6.6301e-05
9.30745e-06
-200
6.88104e-05
8.13781e-06
-200
7.14429e-05
8.1869e-06
-200
7.32651e-05
8.32519e-06
8.15063e-05
1.18662e-05
-200
7.44488e-07
1.41544e-05
-200
2.62501e-06
3.5114e-05
-200
4.77673e-06
4.62159e-05
-200
7.53953e-06
4.92741e-05
-200
1.26209e-05
4.7585e-05
-200
1.92942e-05
4.34798e-05
-200
3.16147e-05
3.9628e-05
-200
3.58033e-05
3.13732e-05
-200
4.6835e-05
2.63066e-05
-200
5.34851e-05
1.83772e-05
-200
6.52349e-05
1.79771e-05
-200
6.86016e-05
1.32219e-05
-200
7.41209e-05
1.20904e-05
-200
7.76296e-05
8.15838e-06
-200
8.35722e-05
9.55723e-06
-200
8.81408e-05
9.7273e-06
9.42707e-05
1.09097e-05
-200
-1.8514e-07
1.43337e-05
-200
1.26167e-06
3.55078e-05
-200
3.83951e-06
4.67534e-05
-200
8.48728e-06
5.02881e-05
-200
1.48327e-05
4.87016e-05
-200
2.37877e-05
4.47926e-05
-200
3.07149e-05
3.8488e-05
-200
4.49904e-05
3.35715e-05
-200
5.29282e-05
2.66883e-05
-200
6.37325e-05
2.25347e-05
-200
6.83406e-05
1.60268e-05
-200
7.88051e-05
1.48681e-05
-200
8.58176e-05
1.25092e-05
-200
9.27782e-05
1.24082e-05
-200
9.73501e-05
9.73999e-06
-200
0.00010348
9.35511e-06
0.000111529
9.51003e-06
-200
4.32886e-07
1.48317e-05
-200
2.28217e-06
3.63574e-05
-200
6.11691e-06
4.80926e-05
-200
1.17478e-05
5.17193e-05
-200
1.94939e-05
5.03149e-05
-200
2.82511e-05
4.58456e-05
-200
4.1907e-05
4.09823e-05
-200
4.82662e-05
3.31205e-05
-200
6.12705e-05
2.78049e-05
-200
6.9915e-05
2.08443e-05
-200
8.37117e-05
1.99011e-05
-200
8.88531e-05
1.54062e-05
-200
9.60439e-05
1.36903e-05
-200
0.000101955
9.52107e-06
-200
0.000110144
9.5301e-06
-200
0.000116828
8.2368e-06
0.000122985
7.63806e-06
-200
4.64158e-07
1.51499e-05
-200
3.39021e-06
3.72497e-05
-200
8.56082e-06
4.92998e-05
-200
1.60709e-05
5.32149e-05
-200
2.5312e-05
5.17712e-05
-200
3.66237e-05
4.74416e-05
-200
4.4896e-05
4.03084e-05
-200
6.18496e-05
3.51083e-05
-200
7.12238e-05
2.76323e-05
-200
8.39087e-05
2.3678e-05
-200
8.92145e-05
1.6255e-05
-200
0.000101753
1.52644e-05
-200
0.000110206
1.24561e-05
-200
0.000118643
1.24135e-05
-200
0.000123895
8.43695e-06
-200
0.000130686
6.9382e-06
0.000138691
6.07173e-06
-200
1.53168e-06
1.56087e-05
-200
6.03001e-06
3.82671e-05
-200
1.2896e-05
5.06604e-05
-200
2.17531e-05
5.46112e-05
-200
3.25198e-05
5.31279e-05
-200
4.38395e-05
4.82447e-05
-200
6.02125e-05
4.28656e-05
-200
6.75388e-05
3.4076e-05
-200
8.24618e-05
2.83077e-05
-200
9.22836e-05
2.07196e-05
-200
0.000108132
1.99981e-05
-200
0.00011366
1.49405e-05
-200
0.000121518
1.30207e-05
-200
0.00012768
8.19242e-06
-200
0.000136179
7.97879e-06
-200
0.000142639
6.03081e-06
0.000147817
4.77045e-06
-200
2.00013e-06
1.59361e-05
-200
8.18048e-06
3.9104e-05
-200
1.67942e-05
5.17385e-05
-200
2.78909e-05
5.58421e-05
-200
4.04396e-05
5.42287e-05
-200
5.47112e-05
4.94619e-05
-200
6.46067e-05
4.14817e-05
-200
8.43041e-05
3.59069e-05
-200
9.47325e-05
2.77021e-05
-200
0.000108949
2.36371e-05
-200
0.000114206
1.52487e-05
-200
0.00012811
1.44448e-05
-200
0.000136995
1.14457e-05
-200
0.000145581
1.17195e-05
-200
0.000150236
7.25232e-06
-200
0.000156317
5.50424e-06
0.000163729
4.39456e-06
-200
3.39617e-06
1.63593e-05
-200
1.15935e-05
4.00356e-05
-200
2.23128e-05
5.29394e-05
-200
3.49438e-05
5.69334e-05
-200
4.91336e-05
5.51734e-05
-200
6.33186e-05
4.9759e-05
-200
8.27138e-05
4.39698e-05
-200
9.08792e-05
3.42871e-05
-200
0.000107581
2.82053e-05
-200
0.000118123
1.9907e-05
-200
0.00013572
1.96537e-05
-200
0.000141134
1.41437e-05
-200
0.000149165
1.23277e-05
-200
0.000155207
7.18525e-06
-200
0.000163936
7.51366e-06
-200
0.000169821
5.4807e-06
0.000174596
4.40597e-06
-200
3.98e-06
1.66423e-05
-200
1.41885e-05
4.07753e-05
-200
2.69048e-05
5.3802e-05
-200
4.18822e-05
5.78315e-05
-200
5.80135e-05
5.58665e-05
-200
7.53839e-05
5.05779e-05
-200
8.7005e-05
4.18166e-05
-200
0.000109466
3.60507e-05
-200
0.000120867
2.7276e-05
-200
0.000136343
2.32771e-05
-200
0.000141407
1.40527e-05
-200
0.000156608
1.36076e-05
-200
0.000166139
1.06535e-05
-200
0.000175511
1.1658e-05
-200
0.00018018
7.00417e-06
-200
0.000186656
5.52194e-06
0.000194855
4.60797e-06
-200
5.51563e-06
1.70351e-05
-200
1.79726e-05
4.15831e-05
-200
3.27988e-05
5.47401e-05
-200
4.92401e-05
5.85513e-05
-200
6.68665e-05
5.63334e-05
-200
8.38475e-05
5.03332e-05
-200
0.000106254
4.4219e-05
-200
0.000115233
3.3803e-05
-200
0.000133432
2.75801e-05
-200
0.000144576
1.87474e-05
-200
0.000164008
1.90963e-05
-200
0.000169551
1.32583e-05
-200
0.000178401
1.16613e-05
-200
0.000185267
6.25983e-06
-200
0.000195425
7.02906e-06
-200
0.000202909
5.4284e-06
0.000208466
3.90786e-06
-200
6.04017e-06
1.72638e-05
-200
2.03347e-05
4.21204e-05
-200
3.6908e-05
5.52766e-05
-200
5.56132e-05
5.90447e-05
-200
7.50429e-05
5.65639e-05
-200
9.53289e-05
5.07292e-05
-200
0.000108467
4.12316e-05
-200
0.000133189
3.53857e-05
-200
0.000145494
2.62848e-05
-200
0.000162291
2.2521e-05
-200
0.000167278
1.25763e-05
-200
0.000183984
1.2436e-05
-200
0.000194769
9.42796e-06
-200
0.000205817
1.08892e-05
-200
0.000212105
5.91122e-06
-200
0.000220841
4.39904e-06
0.000230987
3.2753e-06
-200
7.50432e-06
1.75943e-05
-200
2.36945e-05
4.27366e-05
-200
4.21356e-05
5.59418e-05
-200
6.19132e-05
5.93504e-05
-200
8.24253e-05
5.6529e-05
-200
0.000101728
4.98673e-05
-200
0.000126439
4.34435e-05
-200
0.000136274
3.25816e-05
-200
0.000155584
2.63693e-05
-200
0.000167244
1.71538e-05
-200
0.000188224
1.80038e-05
-200
0.000194355
1.18945e-05
-200
0.000204392
1.03411e-05
-200
0.00021271
4.26753e-06
-200
0.000225415
5.26264e-06
-200
0.000235007
2.88507e-06
0.000243175
1.75259e-06
-200
7.69013e-06
1.77411e-05
-200
2.51654e-05
4.30829e-05
-200
4.47743e-05
5.61323e-05
-200
6.615e-05
5.93616e-05
-200
8.79682e-05
5.61884e-05
-200
0.000110259
4.96887e-05
-200
0.000124603
3.96057e-05
-200
0.000150635
3.37008e-05
-200
0.000163804
2.45338e-05
-200
0.000181531
2.10415e-05
-200
0.000186812
1.06921e-05
-200
0.00020483
1.06732e-05
-200
0.000216965
7.4199e-06
-200
0.000229903
8.94855e-06
-200
0.000237959
3.1704e-06
-200
0.000248866
1.208e-06
0.000261726
-2.60895e-07
-200
8.80387e-06
1.79967e-05
-200
2.74483e-05
4.3461e-05
-200
4.80121e-05
5.63711e-05
-200
6.95575e-05
5.90954e-05
-200
9.1532e-05
5.54272e-05
-200
0.000111931
4.7987e-05
-200
0.000137635
4.1159e-05
-200
0.000148155
3.01381e-05
-200
0.000167778
2.4013e-05
-200
0.00017983
1.4744e-05
-200
0.000201976
1.59488e-05
-200
0.000208942
9.79202e-06
-200
0.000220135
8.20323e-06
-200
0.000229544
1.5239e-06
-200
0.000243707
1.99914e-06
-200
0.000255016
-7.76251e-07
0.000264342
-2.6745e-06
-200
8.43625e-06
1.80441e-05
-200
2.71627e-05
4.34855e-05
-200
4.76125e-05
5.6052e-05
-200
6.9594e-05
5.84535e-05
-200
9.1801e-05
5.43281e-05
-200
0.000114358
4.70232e-05
-200
0.000128864
3.64418e-05
-200
0.000154523
3.04124e-05
-200
0.000168314
2.15233e-05
-200
0.000186786
1.84053e-05
-200
0.000192793
8.16132e-06
-200
0.000211634
8.21852e-06
-200
0.000224727
4.84629e-06
-200
0.000238604
6.25815e-06
-200
0.000247411
-2.4633e-08
-200
0.000258881
-2.56192e-06
0.000272183
-4.35444e-06
-200
8.92163e-06
1.81769e-05
-200
2.74412e-05
4.35216e-05
-200
4.75411e-05
5.5803e-05
-200
6.83837e-05
5.75533e-05
-200
8.9462e-05
5.28294e-05
-200
0.000108952
4.45186e-05
-200
0.000133465
3.72039e-05
-200
0.00014446
2.6469e-05
-200
0.000163635
2.05585e-05
-200
0.000176275
1.1638e-05
-200
0.000198882
1.29743e-05
-200
0.0002072
7.24082e-06
-200
0.000219135
5.77832e-06
-200
0.000228978
-9.83307e-07
-200
0.000243054
-9.08036e-07
-200
0.000253896
-4.04797e-06
0.000262564
-6.11577e-06
-200
7.82302e-06
1.80953e-05
-200
2.49627e-05
4.32354e-05
-200
4.34191e-05
5.501e-05
-200
6.31307e-05
5.63156e-05
-200
8.31002e-05
5.10947e-05
-200
0.000103545
4.29521e-05
-200
0.000117215
3.2211e-05
-200
0.000140757
2.60228e-05
-200
0.000155264
1.77809e-05
-200
0.000174099
1.49375e-05
-200
0.000181747
5.50712e-06
-200
0.000200796
5.49011e-06
-200
0.000214407
2.30383e-06
-200
0.000228285
3.57023e-06
-200
0.000236623
-2.61877e-06
-200
0.000246933
-5.24213e-06
0.000258493
-6.96807e-06
-200
7.56678e-06
1.81067e-05
-200
2.30703e-05
4.29345e-05
-200
3.96987e-05
5.43275e-05
-200
5.68753e-05
5.49266e-05
-200
7.43585e-05
4.91225e-05
-200
9.07974e-05
4.00537e-05
-200
0.000111917
3.22738e-05
-200
0.000123169
2.22765e-05
-200
0.000141317
1.65544e-05
-200
0.000154658
8.35833e-06
-200
0.0001771
9.33869e-06
-200
0.000186924
4.34746e-06
-200
0.000199143
3.04996e-06
-200
0.000208368
-3.29976e-06
-200
0.000220549
-3.57513e-06
-200
0.000229319
-6.58269e-06
0.0002359
-8.28878e-06
-200
6.04413e-06
1.79138e-05
-200
1.88147e-05
4.24203e-05
-200
3.25988e-05
5.32627e-05
-200
4.70165e-05
5.34627e-05
-200
6.22092e-05
4.72555e-05
-200
7.79099e-05
3.84402e-05
-200
8.9407e-05
2.79572e-05
-200
0.000109103
2.15325e-05
-200
0.000123931
1.40143e-05
-200
0.00014281
1.11597e-05
-200
0.000152303
2.86929e-06
-200
0.000170254
2.38381e-06
-200
0.000183144
-6.62979e-07
-200
0.000195248
1.32915e-07
-200
0.000202079
-5.21727e-06
-200
0.000209609
-7.61355e-06
0.000218085
-8.79325e-06
-200
5.287e-06
1.77427e-05
-200
1.62618e-05
4.2123e-05
-200
2.68152e-05
5.24366e-05
-200
3.80902e-05
5.23377e-05
-200
4.91236e-05
4.55232e-05
-200
6.00538e-05
3.63056e-05
-200
7.50134e-05
2.8082e-05
-200
8.63548e-05
1.91497e-05
-200
0.00010224
1.32032e-05
-200
0.000116133
5.64527e-06
-200
0.000135543
5.16229e-06
-200
0.000146794
1.0332e-06
-200
0.000157724
-3.99418e-07
-200
0.000166151
-5.57711e-06
-200
0.000175262
-6.35637e-06
-200
0.000181561
-8.62451e-06
0.000185032
-9.73076e-06
-200
4.30304e-06
1.7716e-05
-200
1.28801e-05
4.15065e-05
-200
1.97833e-05
5.19239e-05
-200
2.72192e-05
5.13366e-05
-200
3.41247e-05
4.47904e-05
-200
4.24208e-05
3.58655e-05
-200
5.04472e-05
2.62577e-05
-200
6.45424e-05
1.88695e-05
-200
7.75062e-05
1.16416e-05
-200
9.45673e-05
7.19525e-06
-200
0.000104143
3.63899e-07
-200
0.000119401
-1.61667e-06
-200
0.000131163
-4.00922e-06
-200
0.000141995
-4.27445e-06
-200
0.000147912
-7.97139e-06
-200
0.000154053
-9.48656e-06
0.000158591
-1.00416e-05
-200
4.79604e-06
1.77683e-05
-200
1.00224e-05
4.10699e-05
-200
1.48423e-05
5.20567e-05
-200
1.69051e-05
5.10944e-05
-200
2.0474e-05
4.5113e-05
-200
2.32703e-05
3.59791e-05
-200
3.15198e-05
2.76751e-05
-200
3.70715e-05
1.83999e-05
-200
5.35291e-05
1.16171e-05
-200
5.88888e-05
2.77235e-06
-200
7.76732e-05
2.40102e-08
-200
8.24809e-05
-4.40474e-06
-200
9.94826e-05
-5.34762e-06
-200
0.000102745
-9.96481e-06
-200
0.000116689
-9.71221e-06
-200
0.000118491
-1.19275e-05
0.000119407
-1.07434e-05
-200
4.08626e-06
1.70482e-05
-200
9.64592e-06
4.17184e-05
-200
1.15396e-05
5.18906e-05
-200
1.16426e-05
5.24909e-05
-200
1.00512e-05
4.61768e-05
-200
1.08171e-05
3.86859e-05
-200
1.17774e-05
2.88229e-05
-200
2.36636e-05
2.12532e-05
-200
2.25502e-05
9.45246e-06
-200
4.00678e-05
4.65039e-06
-200
3.44257e-05
-6.4861e-06
-200
5.9048e-05
-4.53364e-06
-200
5.36399e-05
-1.34331e-05
-200
7.80208e-05
-8.79186e-06
-200
7.26891e-05
-1.67572e-05
-200
8.48508e-05
-1.09143e-05
8.30913e-05
-1.2382e-05
-200
7.60957e-06
1.69843e-05
-200
1.98942e-05
4.1529e-05
-200
2.14946e-05
5.1905e-05
-200
1.79396e-05
5.2871e-05
-200
1.16572e-05
4.76773e-05
-200
8.87957e-06
4.06584e-05
-200
9.68972e-06
3.18135e-05
-200
4.63292e-06
1.9399e-05
-200
1.19764e-05
1.25647e-05
-200
2.20948e-06
-2.54278e-06
-200
1.83965e-05
-1.14726e-06
-200
6.64489e-06
-1.51787e-05
-200
2.67907e-05
-8.11721e-06
-200
1.56644e-05
-2.27141e-05
-200
3.29607e-05
-1.07029e-05
-200
2.46411e-05
-1.73255e-05
3.33548e-05
-1.16747e-05
-200
1.63904e-05
-200
3.7509e-05
-200
4.82215e-05
-200
4.88494e-05
-200
4.55438e-05
-200
3.80852e-05
-200
2.82783e-05
-200
1.9875e-05
-200
7.45031e-06
-200
2.25574e-06
-200
-9.10839e-06
-200
-8.07483e-06
-200
-1.90256e-05
-200
-1.30954e-05
-200
-1.8118e-05
-200
-1.4153e-05
-1.36602e-05
-200
6.61527e-05
-200
7.06495e-05
-200
6.88426e-05
-200
7.3584e-05
5.38526e-06
-200
7.54559e-05
4.49953e-06
8.00118e-05
3.57381e-06
-200
1.02462e-06
1.03312e-05
-200
3.24038e-06
2.38939e-05
-200
5.61649e-06
2.95591e-05
-200
9.12396e-06
2.9572e-05
-200
1.43657e-05
2.71193e-05
-200
2.13454e-05
2.38924e-05
-200
2.98335e-05
2.09222e-05
-200
3.92381e-05
1.81164e-05
-200
4.74314e-05
1.51261e-05
-200
5.99812e-05
1.41344e-05
-200
6.21876e-05
9.29658e-06
-200
7.11737e-05
8.67742e-06
-200
7.47752e-05
3.56126e-06
-200
8.42699e-05
7.73156e-06
-200
8.38577e-05
5.49506e-06
-200
8.75592e-05
5.34806e-06
9.20837e-05
4.94747e-06
-200
5.93101e-07
1.04089e-05
-200
2.58917e-06
2.4004e-05
-200
5.93195e-06
2.9893e-05
-200
1.07236e-05
3.02169e-05
-200
1.73534e-05
2.79811e-05
-200
2.5433e-05
2.47768e-05
-200
3.46122e-05
2.15572e-05
-200
4.42858e-05
1.83707e-05
-200
5.46728e-05
1.55441e-05
-200
6.10913e-05
1.20706e-05
-200
7.43942e-05
1.12837e-05
-200
7.96458e-05
8.60982e-06
-200
8.76631e-05
8.68649e-06
-200
8.82672e-05
4.36139e-06
-200
9.70221e-05
6.24405e-06
-200
0.000101732
5.70365e-06
0.000108604
5.33621e-06
-200
9.30076e-07
1.06297e-05
-200
3.67648e-06
2.46534e-05
-200
8.00319e-06
3.07468e-05
-200
1.40846e-05
3.12853e-05
-200
2.17695e-05
2.90146e-05
-200
3.07448e-05
2.57021e-05
-200
4.0854e-05
2.22388e-05
-200
5.13722e-05
1.88149e-05
-200
6.10009e-05
1.5442e-05
-200
7.43427e-05
1.37037e-05
-200
7.80148e-05
9.76186e-06
-200
8.86315e-05
9.14697e-06
-200
9.41154e-05
5.39761e-06
-200
0.000106474
8.47531e-06
-200
0.000108436
5.36909e-06
-200
0.000114799
5.03129e-06
0.000120537
4.5909e-06
-200
1.18091e-06
1.08853e-05
-200
4.97978e-06
2.52709e-05
-200
1.06867e-05
3.16088e-05
-200
1.82526e-05
3.22629e-05
-200
2.74317e-05
3.00067e-05
-200
3.78785e-05
2.66243e-05
-200
4.88916e-05
2.29114e-05
-200
6.02366e-05
1.92783e-05
-200
7.2279e-05
1.6031e-05
-200
7.92862e-05
1.19598e-05
-200
9.5063e-05
1.15458e-05
-200
0.000101247
8.6299e-06
-200
0.000111089
9.59232e-06
-200
0.000112047
4.01077e-06
-200
0.000123179
5.78242e-06
-200
0.000129268
4.87762e-06
0.000136658
4.19057e-06
-200
2.04329e-06
1.1216e-05
-200
7.33776e-06
2.6066e-05
-200
1.45807e-05
3.26118e-05
-200
2.36764e-05
3.33053e-05
-200
3.42397e-05
3.0951e-05
-200
4.57414e-05
2.73578e-05
-200
5.80501e-05
2.34937e-05
-200
7.03997e-05
1.96232e-05
-200
8.15155e-05
1.58273e-05
-200
9.68422e-05
1.39312e-05
-200
0.000100711
9.4693e-06
-200
0.000112885
8.93839e-06
-200
0.000119057
4.85105e-06
-200
0.000133191
8.46726e-06
-200
0.000135044
4.61294e-06
-200
0.000141817
3.99236e-06
0.00014723
3.37092e-06
-200
2.66141e-06
1.15082e-05
-200
9.63602e-06
2.67285e-05
-200
1.86706e-05
3.34461e-05
-200
2.95961e-05
3.4166e-05
-200
4.19158e-05
3.17429e-05
-200
5.51754e-05
2.80605e-05
-200
6.84944e-05
2.39379e-05
-200
8.17732e-05
1.9906e-05
-200
9.55189e-05
1.63049e-05
-200
0.000103121
1.17082e-05
-200
0.000121089
1.14338e-05
-200
0.000127639
8.18376e-06
-200
0.000138373
9.53889e-06
-200
0.000138496
3.06732e-06
-200
0.000150644
5.25067e-06
-200
0.00015628
4.06464e-06
0.000163747
3.49478e-06
-200
3.83838e-06
1.18532e-05
-200
1.27493e-05
2.7511e-05
-200
2.36606e-05
3.438e-05
-200
3.6347e-05
3.50442e-05
-200
5.02166e-05
3.24511e-05
-200
6.45981e-05
2.85009e-05
-200
7.93494e-05
2.42516e-05
-200
9.36347e-05
1.99969e-05
-200
0.000106129
1.58514e-05
-200
0.000123389
1.39114e-05
-200
0.000126969
8.87897e-06
-200
0.000140296
8.4665e-06
-200
0.000146549
3.90135e-06
-200
0.000162195
8.49034e-06
-200
0.00016314
4.03205e-06
-200
0.000169886
3.68287e-06
0.000174912
2.91595e-06
-200
4.5937e-06
1.21289e-05
-200
1.54507e-05
2.81126e-05
-200
2.83706e-05
3.50829e-05
-200
4.30068e-05
3.56888e-05
-200
5.8743e-05
3.29662e-05
-200
7.50015e-05
2.89024e-05
-200
9.07587e-05
2.43821e-05
-200
0.000105954
2.00112e-05
-200
0.000121342
1.61537e-05
-200
0.000129265
1.10895e-05
-200
0.000149288
1.10795e-05
-200
0.000156062
7.55873e-06
-200
0.000167713
9.47905e-06
-200
0.000167076
2.21288e-06
-200
0.000180219
4.94288e-06
-200
0.00018651
4.10436e-06
0.000193761
3.32793e-06
-200
5.87291e-06
1.24582e-05
-200
1.88122e-05
2.88339e-05
-200
3.3637e-05
3.58747e-05
-200
5.00111e-05
3.63494e-05
-200
6.72268e-05
3.33836e-05
-200
8.44664e-05
2.89974e-05
-200
0.000101586
2.43521e-05
-200
0.000117706
1.97708e-05
-200
0.000131408
1.53462e-05
-200
0.000150472
1.34954e-05
-200
0.000153821
7.99315e-06
-200
0.000168266
7.78096e-06
-200
0.000174911
2.81501e-06
-200
0.0001925
8.28054e-06
-200
0.000193678
3.67782e-06
-200
0.000201301
3.13583e-06
0.000207478
3.12587e-06
-200
6.55667e-06
1.27012e-05
-200
2.12975e-05
2.93146e-05
-200
3.79475e-05
3.63705e-05
-200
5.60909e-05
3.6708e-05
-200
7.49884e-05
3.35489e-05
-200
9.39821e-05
2.90225e-05
-200
0.000111923
2.40849e-05
-200
0.000128808
1.9415e-05
-200
0.000145626
1.53881e-05
-200
0.000153905
9.97224e-06
-200
0.000175758
1.02519e-05
-200
0.000183138
6.58658e-06
-200
0.000196196
9.06928e-06
-200
0.000195471
9.95373e-07
-200
0.000211091
4.29599e-06
-200
0.000218476
3.27166e-06
0.000228608
2.97447e-06
-200
7.7337e-06
1.29978e-05
-200
2.42356e-05
2.99224e-05
-200
4.24333e-05
3.69679e-05
-200
6.19307e-05
3.7087e-05
-200
8.18932e-05
3.36048e-05
-200
0.000101449
2.86873e-05
-200
0.000120442
2.3611e-05
-200
0.000138023
1.87422e-05
-200
0.000152716
1.41328e-05
-200
0.000173319
1.24204e-05
-200
0.0001768
6.64232e-06
-200
0.000192447
6.65913e-06
-200
0.000199827
1.21657e-06
-200
0.000220024
7.55428e-06
-200
0.000222146
2.19922e-06
-200
0.000232386
2.13071e-06
0.000240029
1.58514e-06
-200
8.0894e-06
1.31809e-05
-200
2.57562e-05
3.02341e-05
-200
4.51474e-05
3.71877e-05
-200
6.5734e-05
3.70571e-05
-200
8.67788e-05
3.32992e-05
-200
0.0001076
2.8187e-05
-200
0.00012703
2.28003e-05
-200
0.000145069
1.7867e-05
-200
0.000162991
1.37574e-05
-200
0.000171691
8.15049e-06
-200
0.000195025
8.72379e-06
-200
0.000203453
5.04069e-06
-200
0.000218189
8.0082e-06
-200
0.000218302
-7.07346e-07
-200
0.000236129
2.70832e-06
-200
0.000245765
1.62809e-06
0.000257955
1.37273e-06
-200
8.87801e-06
1.34189e-05
-200
2.74866e-05
3.06699e-05
-200
4.75134e-05
3.7487e-05
-200
6.85547e-05
3.70365e-05
-200
8.98147e-05
3.28595e-05
-200
0.000110425
2.72851e-05
-200
0.000130265
2.17279e-05
-200
0.000148584
1.66124e-05
-200
0.000163887
1.19089e-05
-200
0.000185551
1.03942e-05
-200
0.000189808
4.6406e-06
-200
0.000206484
4.8804e-06
-200
0.00021489
-7.48828e-07
-200
0.000236941
5.82152e-06
-200
0.000240545
2.7571e-07
-200
0.000252226
-1.59035e-07
0.000261717
-3.77814e-07
-200
8.64371e-06
1.35185e-05
-200
2.72191e-05
3.07384e-05
-200
4.72236e-05
3.73306e-05
-200
6.81874e-05
3.6521e-05
-200
8.94594e-05
3.19842e-05
-200
0.000110444
2.61741e-05
-200
0.000130054
2.03089e-05
-200
0.000148362
1.51639e-05
-200
0.000166807
1.10725e-05
-200
0.000176212
5.53917e-06
-200
0.000200313
6.33271e-06
-200
0.000210107
2.90039e-06
-200
0.000226184
6.19969e-06
-200
0.00022729
-2.63411e-06
-200
0.000246031
5.51929e-07
-200
0.000256559
-6.97517e-07
0.000269431
-1.04179e-06
-200
8.79415e-06
1.3669e-05
-200
2.6994e-05
3.09345e-05
-200
4.63019e-05
3.7283e-05
-200
6.64498e-05
3.60785e-05
-200
8.67514e-05
3.10763e-05
-200
0.000106505
2.47874e-05
-200
0.000125664
1.87647e-05
-200
0.000143763
1.34935e-05
-200
0.000159295
8.84193e-06
-200
0.000181431
7.51088e-06
-200
0.000187215
2.16014e-06
-200
0.000204464
2.62021e-06
-200
0.000213706
-2.81091e-06
-200
0.000236093
3.59311e-06
-200
0.000240381
-1.88561e-06
-200
0.000252031
-2.52525e-06
0.000261233
-2.79084e-06
-200
7.84086e-06
1.36666e-05
-200
2.44926e-05
3.07451e-05
-200
4.23527e-05
3.67836e-05
-200
6.09604e-05
3.51544e-05
-200
8.00187e-05
2.97849e-05
-200
9.90163e-05
2.32745e-05
-200
0.000117313
1.70316e-05
-200
0.000134904
1.17722e-05
-200
0.000153348
7.79308e-06
-200
0.000163819
2.55393e-06
-200
0.000187734
3.3919e-06
-200
0.000199011
4.59442e-07
-200
0.000215572
3.84312e-06
-200
0.000217551
-4.37046e-06
-200
0.000235128
-1.68238e-06
-200
0.000244838
-3.00732e-06
0.000256429
-3.27852e-06
-200
7.26543e-06
1.37014e-05
-200
2.22669e-05
3.07401e-05
-200
3.80349e-05
3.64498e-05
-200
5.4588e-05
3.44825e-05
-200
7.14412e-05
2.86706e-05
-200
8.82763e-05
2.18051e-05
-200
0.000105172
1.5415e-05
-200
0.000122006
1.01105e-05
-200
0.000137348
5.54433e-06
-200
0.000159035
4.22054e-06
-200
0.000166991
-4.49375e-07
-200
0.000183856
2.13738e-08
-200
0.000193342
-4.81997e-06
-200
0.000213732
7.58586e-07
-200
0.000217983
-4.07295e-06
-200
0.000227709
-4.81789e-06
0.000235112
-4.96651e-06
-200
5.77673e-06
1.36262e-05
-200
1.83501e-05
3.04035e-05
-200
3.1308e-05
3.58206e-05
-200
4.52587e-05
3.34872e-05
-200
5.95025e-05
2.74176e-05
-200
7.45746e-05
2.04229e-05
-200
8.96021e-05
1.39328e-05
-200
0.00010538
8.64299e-06
-200
0.000122664
4.63649e-06
-200
0.000134194
-2.32541e-07
-200
0.000155886
9.12648e-08
-200
0.000168144
-2.27321e-06
-200
0.000183556
6.85157e-07
-200
0.000186326
-6.01182e-06
-200
0.000200299
-4.20384e-06
-200
0.00020803
-5.3153e-06
0.00021662
-5.37677e-06
-200
5.2452e-06
1.36893e-05
-200
1.52985e-05
3.01594e-05
-200
2.6014e-05
3.56058e-05
-200
3.6526e-05
3.28823e-05
-200
4.79787e-05
2.67746e-05
-200
5.93661e-05
1.94232e-05
-200
7.2163e-05
1.30655e-05
-200
8.5917e-05
7.53894e-06
-200
9.97999e-05
3.01141e-06
-200
0.000118555
9.79304e-07
-200
0.000128046
-2.88561e-06
-200
0.000142654
-2.9747e-06
-200
0.000152084
-6.75499e-06
-200
0.000168187
-2.87966e-06
-200
0.000172739
-6.31432e-06
-200
0.000180214
-6.90348e-06
0.000184547
-6.78128e-06
-200
4.38491e-06
1.34195e-05
-200
1.2198e-05
2.99717e-05
-200
1.99909e-05
3.50129e-05
-200
2.68407e-05
3.24221e-05
-200
3.46287e-05
2.60522e-05
-200
4.25983e-05
1.90527e-05
-200
5.26619e-05
1.25404e-05
-200
6.38086e-05
7.0708e-06
-200
7.74679e-05
2.58056e-06
-200
8.76565e-05
-2.27212e-06
-200
0.000103612
-3.27795e-06
-200
0.000115044
-5.33794e-06
-200
0.000129072
-3.65543e-06
-200
0.000133104
-8.26816e-06
-200
0.000145192
-7.02222e-06
-200
0.000150239
-7.99516e-06
0.000157495
-7.00032e-06
-200
3.67087e-06
1.31573e-05
-200
1.10356e-05
2.99492e-05
-200
1.45827e-05
3.46136e-05
-200
1.90872e-05
3.25192e-05
-200
2.21363e-05
2.60432e-05
-200
2.74997e-05
1.96018e-05
-200
3.33133e-05
1.28047e-05
-200
4.15298e-05
7.41517e-06
-200
5.01469e-05
1.84434e-06
-200
6.18232e-05
-1.47295e-06
-200
6.75012e-05
-5.19423e-06
-200
8.22795e-05
-6.27096e-06
-200
8.6849e-05
-1.01426e-05
-200
0.000104578
-7.84832e-06
-200
0.000105681
-1.07971e-05
-200
0.000120074
-9.1123e-06
0.000116847
-8.95078e-06
-200
3.98635e-06
1.33153e-05
-200
9.34999e-06
2.90051e-05
-200
1.1562e-05
3.46468e-05
-200
1.22364e-05
3.2214e-05
-200
1.23956e-05
2.6955e-05
-200
1.38991e-05
2.03455e-05
-200
1.64502e-05
1.43356e-05
-200
2.07665e-05
8.39057e-06
-200
2.74131e-05
2.85271e-06
-200
2.88285e-05
-2.57182e-06
-200
4.27677e-05
-4.64369e-06
-200
4.24152e-05
-9.83606e-06
-200
6.1946e-05
-8.34212e-06
-200
5.62673e-05
-1.5382e-05
-200
8.2149e-05
-8.74839e-06
-200
7.48332e-05
-1.28135e-05
8.41966e-05
-9.50543e-06
-200
6.68156e-06
1.27779e-05
-200
1.36131e-05
2.80957e-05
-200
1.57392e-05
3.40783e-05
-200
1.16559e-05
3.20339e-05
-200
8.32368e-06
2.74574e-05
-200
4.85901e-06
2.1142e-05
-200
4.16602e-06
1.54356e-05
-200
5.37661e-06
9.2132e-06
-200
3.98519e-06
2.97278e-06
-200
9.70717e-06
-1.15129e-06
-200
5.95724e-06
-8.14212e-06
-200
1.77446e-05
-7.71783e-06
-200
9.74638e-06
-1.78491e-05
-200
3.06936e-05
-9.32892e-06
-200
2.13746e-05
-1.70911e-05
-200
2.95981e-05
-1.30282e-05
3.02524e-05
-9.9091e-06
-200
1.10568e-05
-200
2.55867e-05
-200
3.05287e-05
-200
2.97781e-05
-200
2.52522e-05
-200
1.99931e-05
-200
1.40576e-05
-200
8.03743e-06
-200
2.27428e-06
-200
-4.1506e-06
-200
-6.23573e-06
-200
-1.35877e-05
-200
-1.15588e-05
-200
-1.58836e-05
-200
-1.47671e-05
-200
-1.37428e-05
-1.11535e-05
-200
7.37556e-05
-200
7.67817e-05
8.21582e-05
-200
1.14597e-06
-200
3.41234e-06
-200
6.13822e-06
-200
1.01317e-05
-200
1.57124e-05
-200
2.27273e-05
-200
3.08257e-05
-200
3.96355e-05
-200
4.80846e-05
-200
5.67566e-05
-200
6.52924e-05
-200
7.10681e-05
-200
8.27834e-05
-200
7.9004e-05
-200
8.5028e-05
-200
8.81148e-05
9.26911e-05
-200
9.38175e-07
-200
3.60387e-06
-200
7.26601e-06
-200
1.23929e-05
-200
1.89681e-05
-200
2.68787e-05
-200
3.56773e-05
-200
4.49798e-05
-200
5.45132e-05
-200
6.3643e-05
-200
7.20164e-05
-200
8.04851e-05
-200
8.25242e-05
-200
9.46952e-05
-200
9.5655e-05
-200
0.000100682
0.00010744
-200
1.32938e-06
-200
4.6414e-06
-200
9.3501e-06
-200
1.56121e-05
-200
2.33197e-05
-200
3.21858e-05
-200
4.19048e-05
-200
5.20962e-05
-200
6.19212e-05
-200
7.16179e-05
-200
8.08021e-05
-200
8.78236e-05
-200
0.00010067
-200
9.94986e-05
-200
0.000109082
-200
0.000114559
0.000119912
-200
1.6977e-06
-200
6.22208e-06
-200
1.22538e-05
-200
1.98814e-05
-200
2.89073e-05
-200
3.90246e-05
-200
4.98015e-05
-200
6.07755e-05
-200
7.19607e-05
-200
8.23665e-05
-200
9.18185e-05
-200
0.000101729
-200
0.00010368
-200
0.000119011
-200
0.000121352
-200
0.000127885
0.000135377
-200
2.49979e-06
-200
8.37288e-06
-200
1.58843e-05
-200
2.50211e-05
-200
3.54771e-05
-200
4.68393e-05
-200
5.87442e-05
-200
7.08416e-05
-200
8.22617e-05
-200
9.33688e-05
-200
0.00010378
-200
0.000111706
-200
0.000126382
-200
0.000124754
-200
0.000136041
-200
0.00014193
0.000147423
-200
3.20047e-06
-200
1.08588e-05
-200
2.01298e-05
-200
3.09684e-05
-200
4.30223e-05
-200
5.58636e-05
-200
6.89845e-05
-200
8.19151e-05
-200
9.48102e-05
-200
0.000106563
-200
0.000117097
-200
0.000128081
-200
0.000129565
-200
0.00014697
-200
0.00014874
-200
0.000155684
0.000162842
-200
4.2693e-06
-200
1.36892e-05
-200
2.47589e-05
-200
3.73542e-05
-200
5.10214e-05
-200
6.52255e-05
-200
7.95534e-05
-200
9.36572e-05
-200
0.000106601
-200
0.00011898
-200
0.000130407
-200
0.000138878
-200
0.000155265
-200
0.000152387
-200
0.000164563
-200
0.000170544
0.000175555
-200
5.10818e-06
-200
1.65778e-05
-200
2.96077e-05
-200
4.4039e-05
-200
5.93952e-05
-200
7.51499e-05
-200
9.07118e-05
-200
0.000105579
-200
0.00012008
-200
0.000133025
-200
0.000144465
-200
0.000156409
-200
0.000157301
-200
0.000176557
-200
0.000178242
-200
0.000184997
0.000193445
-200
6.25264e-06
-200
1.95632e-05
-200
3.44117e-05
-200
5.05714e-05
-200
6.7485e-05
-200
8.45055e-05
-200
0.000101169
-200
0.00011715
-200
0.000131473
-200
0.000144967
-200
0.00015735
-200
0.0001664
-200
0.000184683
-200
0.000181117
-200
0.000194644
-200
0.000201513
0.000207241
-200
7.02005e-06
-200
2.22472e-05
-200
3.88809e-05
-200
5.66831e-05
-200
7.50757e-05
-200
9.34585e-05
-200
0.000111183
-200
0.000127756
-200
0.000143665
-200
0.00015773
-200
0.000170118
-200
0.000183251
-200
0.000183926
-200
0.000205719
-200
0.000207815
-200
0.000216693
0.000226437
-200
8.01982e-06
-200
2.47225e-05
-200
4.27767e-05
-200
6.1884e-05
-200
8.14158e-05
-200
0.000100667
-200
0.000119175
-200
0.000136655
-200
0.00015213
-200
0.000166647
-200
0.000180052
-200
0.000189918
-200
0.000210439
-200
0.000207115
-200
0.000222941
-200
0.000231601
0.000239697
-200
8.46129e-06
-200
2.64371e-05
-200
4.56152e-05
-200
6.57019e-05
-200
8.60917e-05
-200
0.000106191
-200
0.000125354
-200
0.000143108
-200
0.000160102
-200
0.000175197
-200
0.000188645
-200
0.000203203
-200
0.000204506
-200
0.000228504
-200
0.000232328
-200
0.000242973
0.00025522
-200
9.03352e-06
-200
2.75937e-05
-200
4.7269e-05
-200
6.77491e-05
-200
8.8447e-05
-200
0.000108689
-200
0.000128047
-200
0.000146321
-200
0.000162581
-200
0.000177965
-200
0.000192452
-200
0.00020339
-200
0.000225747
-200
0.000223729
-200
0.000240977
-200
0.000251385
0.000260679
-200
8.87888e-06
-200
2.75256e-05
-200
4.71493e-05
-200
6.74961e-05
-200
8.80409e-05
-200
0.000108277
-200
0.000127642
-200
0.000145752
-200
0.000163321
-200
0.000179293
-200
0.000193794
-200
0.000209669
-200
0.000212104
-200
0.00023702
-200
0.000242222
-200
0.000253703
0.000266698
-200
8.79051e-06
-200
2.6698e-05
-200
4.55217e-05
-200
6.50059e-05
-200
8.47335e-05
-200
0.000104141
-200
0.000122956
-200
0.000141074
-200
0.000157656
-200
0.000173686
-200
0.000189139
-200
0.000201088
-200
0.000224103
-200
0.000223649
-200
0.000240699
-200
0.000251277
0.000260471
-200
7.89509e-06
-200
2.44847e-05
-200
4.18311e-05
-200
5.99105e-05
-200
7.82777e-05
-200
9.67204e-05
-200
0.000114787
-200
0.000132307
-200
0.000149834
-200
0.000166423
-200
0.000181732
-200
0.000198326
-200
0.000202036
-200
0.000225565
-200
0.000231393
-200
0.000242009
0.000253792
-200
7.14794e-06
-200
2.1741e-05
-200
3.70517e-05
-200
5.30328e-05
-200
6.94833e-05
-200
8.61166e-05
-200
0.000102856
-200
0.000119713
-200
0.000135929
-200
0.000152077
-200
0.000167836
-200
0.000180271
-200
0.000201943
-200
0.000203153
-200
0.000217779
-200
0.000226931
0.000234471
-200
5.87539e-06
-200
1.79687e-05
-200
3.09725e-05
-200
4.43136e-05
-200
5.84979e-05
-200
7.30125e-05
-200
8.8247e-05
-200
0.000103655
-200
0.000120125
-200
0.000136087
-200
0.000151234
-200
0.000167048
-200
0.00017193
-200
0.00019122
-200
0.000197002
-200
0.000205548
0.000214426
-200
4.82356e-06
-200
1.50053e-05
-200
2.50875e-05
-200
3.58069e-05
-200
4.68499e-05
-200
5.87873e-05
-200
7.13425e-05
-200
8.51856e-05
-200
9.91267e-05
-200
0.000113474
-200
0.000127433
-200
0.000138961
-200
0.000156927
-200
0.000159767
-200
0.000171633
-200
0.000178508
0.000184205
-200
3.97529e-06
-200
1.21627e-05
-200
1.9367e-05
-200
2.69924e-05
-200
3.46146e-05
-200
4.34562e-05
-200
5.30749e-05
-200
6.43466e-05
-200
7.63175e-05
-200
8.89052e-05
-200
0.000100618
-200
0.000113586
-200
0.000118936
-200
0.00013376
-200
0.000139294
-200
0.000148494
0.000154447
-200
3.91782e-06
-200
9.56051e-06
-200
1.46346e-05
-200
1.86104e-05
-200
2.35609e-05
-200
2.86617e-05
-200
3.57053e-05
-200
4.30539e-05
-200
5.17225e-05
-200
6.01063e-05
-200
6.83614e-05
-200
7.6709e-05
-200
8.96623e-05
-200
9.28069e-05
-200
0.000108882
-200
0.000114291
0.00011598
-200
3.14656e-06
-200
7.92901e-06
-200
1.06738e-05
-200
1.1955e-05
-200
1.31807e-05
-200
1.51438e-05
-200
1.8169e-05
-200
2.20518e-05
-200
2.76007e-05
-200
3.10481e-05
-200
3.73014e-05
-200
4.57249e-05
-200
4.70913e-05
-200
6.57252e-05
-200
6.91136e-05
-200
7.44977e-05
8.35659e-05
-200
3.99245e-06
-200
9.69287e-06
-200
1.01928e-05
-200
8.13128e-06
-200
4.87795e-06
-200
3.06373e-06
-200
2.0129e-06
-200
3.53948e-06
-200
2.89379e-06
-200
5.02075e-06
-200
8.93597e-06
-200
8.57294e-06
-200
1.9575e-05
-200
2.04519e-05
-200
2.50058e-05
-200
2.84816e-05
2.83081e-05
-200
-200
-200
-200
-200
-200
-200
-200
-200
-200
-200
-200
-200
-200
-200
-200
)
;

boundaryField
{
    frontAndBack
    {
        type            calculated;
        value           uniform 0;
    }
    inlet
    {
        type            calculated;
        value           nonuniform List<scalar> 0();
    }
    outlet
    {
        type            calculated;
        value           nonuniform List<scalar> 
120
(
200
200
200
200
200
200
200
200
200
200
200
200
200
200
200
200
200
200
200
200
200
200
200
200
200
200
200
200
200
200
200
200
200
200
200
200
200
200
200
200
200
200
200
200
200
200
200
200
200
200
200
200
200
200
200
200
200
200
200
200
200
200
200
200
200
200
200
200
200
200
200
200
200
200
200
200
200
200
200
200
200
200
200
200
200
200
200
200
200
200
200
200
200
200
200
200
200
200
200
200
200
200
200
200
200
200
200
200
200
200
200
200
200
200
200
200
200
200
200
200
)
;
    }
    lowerWall
    {
        type            calculated;
        value           uniform 0;
    }
    upperWall
    {
        type            calculated;
        value           uniform 0;
    }
    procBoundary3to0
    {
        type            processor;
        value           nonuniform List<scalar> 
101
(
2.06291e-05
1.27599e-05
-2.15927e-07
-3.1318e-06
-9.85936e-06
-2.08638e-05
-2.66129e-05
-3.5761e-05
-3.79368e-05
-4.70212e-05
-4.87862e-05
-5.73176e-05
-6.00164e-05
-6.62409e-05
5.78895e-06
2.22102e-05
200
9.63735e-06
2.83219e-05
2.69512e-05
1.77385e-05
-1.00451e-05
-2.1779e-05
-2.50875e-05
-3.23759e-05
-3.83523e-05
-4.47542e-05
-5.03861e-05
-5.44647e-05
-5.96109e-05
-6.36099e-05
-7.01423e-05
7.29936e-06
1.61461e-05
1.58e-05
2.91488e-06
8.06964e-07
200
-1.63289e-05
3.32878e-05
2.14484e-05
-3.52793e-05
-4.20561e-05
-4.85706e-05
-5.34162e-05
-5.37964e-05
-6.09912e-05
-6.24421e-05
-7.05792e-05
-7.02739e-05
6.01913e-06
1.19961e-05
9.95407e-06
2.19184e-06
-6.61453e-06
-1.62717e-05
-2.38534e-05
200
-3.91443e-05
2.15456e-05
1.67572e-05
9.73539e-06
-5.9955e-05
-6.40744e-05
-6.7822e-05
-6.93832e-05
-7.32784e-05
-7.89872e-05
3.42599e-06
5.11844e-06
1.5451e-06
-6.0802e-06
-1.47142e-05
-2.36425e-05
-3.19906e-05
-3.97244e-05
-4.94056e-05
-5.23124e-05
200
-6.55277e-05
6.19004e-06
5.36116e-06
3.15749e-07
-7.70692e-05
-7.87641e-05
-8.09681e-05
1.07331e-06
2.2489e-07
-4.44601e-06
-1.14977e-05
-1.96986e-05
-2.78649e-05
-3.58492e-05
-4.316e-05
-5.10173e-05
-5.75694e-05
-6.27177e-05
-7.00392e-05
-6.78371e-05
200
-8.04298e-05
)
;
    }
    procBoundary3to4
    {
        type            processor;
        value           nonuniform List<scalar> 
125
(
-200
-200
-200
-200
-200
-200
-200
-200
-200
-200
-200
-200
-200
-200
-200
-200
-200
-200
-200
-200
-200
-200
-200
-200
-200
-200
-200
-200
-200
-200
-200
-200
-200
-200
-200
-200
-200
-200
-200
-200
-200
-200
-200
-200
-200
-200
-200
-200
-200
-200
-200
-200
-200
-200
-200
-200
-200
-200
-200
-200
-200
-200
-200
-200
-200
-200
-200
-200
-200
-200
-200
-200
-200
-200
-200
-200
-200
-200
-200
-200
-200
-200
-200
-200
-200
-200
-200
-200
-200
-200
-200
-200
-200
-200
-200
-200
-200
-200
-200
-200
-200
-200
-200
-200
-200
-200
-200
-200
-200
-200
-200
-200
-200
-200
-200
-200
-200
-200
-200
-200
-200
-200
-200
-200
-200
)
;
    }
}


// ************************************************************************* //
