/*--------------------------------*- C++ -*----------------------------------*\
  =========                 |
  \\      /  F ield         | OpenFOAM: The Open Source CFD Toolbox
   \\    /   O peration     | Website:  https://openfoam.org
    \\  /    A nd           | Version:  10
     \\/     M anipulation  |
\*---------------------------------------------------------------------------*/
FoamFile
{
    format      ascii;
    class       volVectorField;
    location    "0";
    object      U;
}
// * * * * * * * * * * * * * * * * * * * * * * * * * * * * * * * * * * * * * //

dimensions      [0 1 -1 0 0 0 0];

internalField   nonuniform List<vector> 
2083
(
(-10 -4.60176e-07 8.85058e-07)
(-10 -1.73689e-07 8.42226e-07)
(-10 1.16297e-07 5.54328e-07)
(-10 4.79943e-07 5.31223e-07)
(-10 8.52878e-07 4.59377e-07)
(-10 1.24035e-06 2.45071e-07)
(-10 1.57057e-06 1.89241e-07)
(-10 1.92792e-06 1.09984e-07)
(-10 2.19232e-06 1.6047e-07)
(-10 2.53806e-06 1.4701e-07)
(-10 2.786e-06 2.19544e-07)
(-10 3.10574e-06 2.33345e-07)
(-10 3.38685e-06 3.12383e-07)
(-10 3.71455e-06 3.62149e-07)
(-10 -1.76087e-07 1.32051e-07)
(-10 -4.01764e-07 5.20995e-07)
(-10 -2.2459e-07 6.54905e-07)
(-10 1.53752e-07 7.82319e-07)
(-10 2.66088e-07 7.0984e-07)
(-10 5.29738e-07 7.92188e-07)
(-10 9.40025e-07 6.53304e-07)
(-10 1.34962e-06 4.69402e-07)
(-10 1.6952e-06 3.81761e-07)
(-10 2.10438e-06 3.01357e-07)
(-10 2.40894e-06 2.62808e-07)
(-10 2.81403e-06 2.35576e-07)
(-10 3.08812e-06 2.33716e-07)
(-10 3.47862e-06 2.47505e-07)
(-10 3.76016e-06 2.66394e-07)
(-10 4.1858e-06 2.83374e-07)
(-10 4.57525e-06 3.377e-07)
(-10 -2.53664e-08 1.56814e-07)
(-10 7.88435e-08 4.36655e-07)
(-10 1.24833e-07 7.21382e-07)
(-10 2.01227e-07 8.1985e-07)
(-10 4.27269e-07 8.97735e-07)
(-10 7.99965e-07 7.65023e-07)
(-9.99999 1.26179e-06 7.04096e-07)
(-9.99999 1.7368e-06 6.06219e-07)
(-9.99999 2.21464e-06 4.54959e-07)
(-10 2.65554e-06 3.58703e-07)
(-10 3.08079e-06 3.09901e-07)
(-10 3.46981e-06 2.87692e-07)
(-10 3.83311e-06 2.85716e-07)
(-10 4.20227e-06 2.69813e-07)
(-10 4.60066e-06 2.61541e-07)
(-10 5.00061e-06 2.45136e-07)
(-10 5.50538e-06 2.6534e-07)
(-10 -2.85173e-08 1.42788e-07)
(-10 1.79517e-08 4.94175e-07)
(-10 1.29042e-07 6.81004e-07)
(-10 3.04767e-07 8.72121e-07)
(-10 6.53975e-07 8.62222e-07)
(-9.99999 1.08355e-06 9.11601e-07)
(-9.99999 1.62677e-06 7.56834e-07)
(-9.99999 2.1584e-06 5.77459e-07)
(-9.99999 2.72956e-06 4.86684e-07)
(-9.99999 3.21582e-06 4.08969e-07)
(-10 3.71824e-06 3.52198e-07)
(-10 4.11425e-06 3.09494e-07)
(-10 4.53305e-06 2.83636e-07)
(-10 4.91248e-06 2.65099e-07)
(-10 5.33114e-06 2.26014e-07)
(-10 5.73741e-06 2.15415e-07)
(-10 6.20542e-06 1.83863e-07)
(-10 -1.36187e-08 1.66199e-07)
(-10 7.22183e-08 4.42788e-07)
(-10 2.26145e-07 7.4851e-07)
(-10 5.42012e-07 8.89541e-07)
(-10 9.36143e-07 9.7446e-07)
(-9.99999 1.46313e-06 8.43339e-07)
(-9.99999 2.04554e-06 7.60581e-07)
(-9.99999 2.67798e-06 6.78817e-07)
(-9.99999 3.25329e-06 4.97591e-07)
(-9.99999 3.83468e-06 4.13268e-07)
(-9.99999 4.32304e-06 3.27954e-07)
(-10 4.78961e-06 3.21771e-07)
(-10 5.1952e-06 2.86659e-07)
(-10 5.59898e-06 2.57606e-07)
(-10 5.96837e-06 2.07259e-07)
(-10 6.40141e-06 1.71519e-07)
(-10 6.73688e-06 1.33552e-07)
(-10 2.89611e-08 1.52677e-07)
(-10 1.69795e-07 5.01488e-07)
(-10 4.15317e-07 7.23908e-07)
(-10 8.23719e-07 9.10191e-07)
(-9.99999 1.28831e-06 9.19816e-07)
(-9.99999 1.91852e-06 9.64343e-07)
(-9.99999 2.53396e-06 8.02086e-07)
(-9.99999 3.21977e-06 5.89738e-07)
(-9.99999 3.82959e-06 5.1293e-07)
(-9.99999 4.4593e-06 4.0853e-07)
(-9.99999 4.94951e-06 3.6162e-07)
(-9.99999 5.45751e-06 2.9955e-07)
(-10 5.84086e-06 2.7088e-07)
(-10 6.23048e-06 2.33142e-07)
(-10 6.57272e-06 1.94214e-07)
(-10 6.9289e-06 1.31054e-07)
(-10 7.24775e-06 1.36637e-07)
(-10 7.4159e-08 1.66518e-07)
(-10 2.79117e-07 4.53336e-07)
(-10 6.63611e-07 7.82983e-07)
(-10 1.11744e-06 9.13372e-07)
(-9.99999 1.72831e-06 1.033e-06)
(-9.99999 2.36817e-06 8.56709e-07)
(-9.99999 3.09747e-06 7.88866e-07)
(-9.99999 3.78036e-06 6.83859e-07)
(-9.99999 4.47118e-06 5.07722e-07)
(-9.99999 5.0612e-06 3.85557e-07)
(-9.99999 5.63691e-06 3.27396e-07)
(-9.99999 6.10083e-06 2.89971e-07)
(-9.99999 6.51182e-06 2.78641e-07)
(-9.99999 6.85241e-06 2.34774e-07)
(-9.99999 7.17536e-06 1.8712e-07)
(-10 7.42959e-06 1.36331e-07)
(-10 7.7962e-06 1.15988e-07)
(-10 1.12683e-07 1.50567e-07)
(-10 4.39075e-07 5.2443e-07)
(-10 9.04999e-07 7.3186e-07)
(-10 1.46466e-06 9.48788e-07)
(-9.99999 2.17958e-06 9.34858e-07)
(-9.99999 2.89828e-06 1.00139e-06)
(-9.99999 3.67802e-06 8.06288e-07)
(-9.99999 4.38481e-06 5.88916e-07)
(-9.99999 5.12069e-06 4.89675e-07)
(-9.99999 5.71865e-06 4.03497e-07)
(-9.99999 6.33502e-06 3.34791e-07)
(-9.99999 6.7741e-06 2.81951e-07)
(-9.99999 7.21152e-06 2.53019e-07)
(-9.99999 7.52651e-06 2.28502e-07)
(-9.99999 7.81865e-06 1.86697e-07)
(-9.99999 8.06706e-06 1.65178e-07)
(-10 8.38078e-06 1.23048e-07)
(-10 1.64991e-07 1.71737e-07)
(-10 6.16514e-07 4.62192e-07)
(-10 1.16445e-06 7.93492e-07)
(-10 1.88963e-06 9.48406e-07)
(-9.99999 2.64255e-06 1.04523e-06)
(-9.99999 3.46511e-06 8.69986e-07)
(-9.99999 4.26586e-06 7.76278e-07)
(-9.99999 5.07124e-06 6.94728e-07)
(-9.99999 5.76076e-06 4.76475e-07)
(-9.99999 6.45156e-06 3.81047e-07)
(-9.99999 7.01056e-06 2.79939e-07)
(-9.99999 7.53087e-06 2.84891e-07)
(-9.99999 7.945e-06 2.54741e-07)
(-9.99999 8.29765e-06 2.38795e-07)
(-9.99999 8.58129e-06 2.03972e-07)
(-9.99999 8.89284e-06 1.79718e-07)
(-9.99999 9.14676e-06 1.44487e-07)
(-10 2.35293e-07 1.54756e-07)
(-10 7.93417e-07 5.18703e-07)
(-10 1.46722e-06 7.5111e-07)
(-9.99999 2.28953e-06 9.43182e-07)
(-9.99999 3.11213e-06 9.37722e-07)
(-9.99999 4.04117e-06 9.9888e-07)
(-9.99999 4.86733e-06 8.04775e-07)
(-9.99999 5.70977e-06 5.49321e-07)
(-9.99999 6.41946e-06 4.78216e-07)
(-9.99999 7.14711e-06 3.62067e-07)
(-9.99999 7.70305e-06 3.15565e-07)
(-9.99999 8.2841e-06 2.46829e-07)
(-9.99999 8.69967e-06 2.29192e-07)
(-9.99999 9.10994e-06 2.16485e-07)
(-9.99999 9.44408e-06 2.04388e-07)
(-9.99999 9.80686e-06 1.69037e-07)
(-9.99999 1.01322e-05 1.81114e-07)
(-10 2.96471e-07 1.6515e-07)
(-10 9.4475e-07 4.53538e-07)
(-10 1.76949e-06 7.93744e-07)
(-9.99999 2.63278e-06 9.24479e-07)
(-9.99999 3.60983e-06 1.05475e-06)
(-9.99999 4.53123e-06 8.31751e-07)
(-9.99999 5.4713e-06 7.61734e-07)
(-9.99999 6.28564e-06 6.6093e-07)
(-9.99999 7.08516e-06 4.62131e-07)
(-9.99999 7.75175e-06 3.25317e-07)
(-9.99999 8.42238e-06 2.61055e-07)
(-9.99999 8.96828e-06 2.2681e-07)
(-9.99999 9.47149e-06 2.30774e-07)
(-9.99999 9.90807e-06 2.06568e-07)
(-9.99999 1.03493e-05 1.90232e-07)
(-9.99999 1.07341e-05 1.54628e-07)
(-9.99999 1.12382e-05 1.41636e-07)
(-10 3.39169e-07 1.44585e-07)
(-10 1.11035e-06 5.18733e-07)
(-10 2.01396e-06 7.20994e-07)
(-9.99999 2.97377e-06 9.3603e-07)
(-9.99999 4.03405e-06 8.98635e-07)
(-9.99999 5.01721e-06 9.85118e-07)
(-9.99999 5.99809e-06 7.66392e-07)
(-9.99999 6.82901e-06 5.23668e-07)
(-9.99999 7.65835e-06 4.28208e-07)
(-9.99999 8.33524e-06 3.39748e-07)
(-9.99999 9.05384e-06 2.61997e-07)
(-9.99999 9.59695e-06 2.0051e-07)
(-9.99999 1.017e-05 1.74802e-07)
(-9.99999 1.06499e-05 1.69634e-07)
(-9.99999 1.1165e-05 1.44338e-07)
(-9.99999 1.16421e-05 1.3436e-07)
(-9.99999 1.22022e-05 8.00837e-08)
(-10 3.84199e-07 1.62067e-07)
(-10 1.26475e-06 4.39716e-07)
(-10 2.21258e-06 7.6434e-07)
(-9.99999 3.31603e-06 9.10462e-07)
(-9.99999 4.38109e-06 1.01119e-06)
(-9.99999 5.46558e-06 8.04897e-07)
(-9.99999 6.42718e-06 7.08833e-07)
(-9.99999 7.34847e-06 6.40266e-07)
(-9.99999 8.11435e-06 4.08211e-07)
(-9.99999 8.89315e-06 3.04267e-07)
(-9.99999 9.54179e-06 1.8465e-07)
(-9.99999 1.01859e-05 1.85557e-07)
(-9.99999 1.07471e-05 1.54394e-07)
(-9.99999 1.13082e-05 1.44286e-07)
(-9.99999 1.1843e-05 1.10339e-07)
(-9.99999 1.24574e-05 7.91821e-08)
(-9.99999 1.29751e-05 8.64608e-09)
(-10 4.33971e-07 1.40283e-07)
(-10 1.36545e-06 4.86988e-07)
(-9.99999 2.4121e-06 7.0574e-07)
(-9.99999 3.54863e-06 8.80772e-07)
(-9.99999 4.65068e-06 8.56534e-07)
(-9.99999 5.7715e-06 9.21366e-07)
(-9.99999 6.75385e-06 7.25237e-07)
(-9.99999 7.68394e-06 4.56901e-07)
(-9.99999 8.45439e-06 3.94051e-07)
(-9.99999 9.24893e-06 2.68803e-07)
(-9.99999 9.89452e-06 2.10594e-07)
(-9.99999 1.05884e-05 1.2104e-07)
(-9.99999 1.11495e-05 9.67662e-08)
(-9.99999 1.17497e-05 8.00179e-08)
(-9.99999 1.23199e-05 6.18928e-08)
(-9.99999 1.29535e-05 -3.22532e-09)
(-9.99999 1.35298e-05 -2.78852e-08)
(-10 4.57783e-07 1.47568e-07)
(-10 1.42782e-06 4.1344e-07)
(-9.99999 2.51923e-06 7.22769e-07)
(-9.99999 3.63637e-06 8.41802e-07)
(-9.99999 4.80904e-06 9.58113e-07)
(-9.99999 5.89533e-06 7.30639e-07)
(-9.99999 6.91794e-06 6.49461e-07)
(-9.99999 7.78158e-06 5.61721e-07)
(-9.99999 8.62836e-06 3.63742e-07)
(-9.99999 9.34831e-06 2.20448e-07)
(-9.99999 1.0099e-05 1.33067e-07)
(-9.99999 1.07405e-05 8.54895e-08)
(-9.99999 1.1366e-05 7.83396e-08)
(-9.99999 1.19405e-05 4.72814e-08)
(-9.99999 1.25494e-05 1.37252e-08)
(-9.99999 1.31059e-05 -5.50927e-08)
(-9.99999 1.37693e-05 -1.18913e-07)
(-10 4.57972e-07 1.25155e-07)
(-10 1.43124e-06 4.5927e-07)
(-9.99999 2.52269e-06 6.4784e-07)
(-9.99999 3.6283e-06 8.27534e-07)
(-9.99999 4.78864e-06 7.78362e-07)
(-9.99998 5.82948e-06 8.41566e-07)
(-9.99998 6.84647e-06 6.38897e-07)
(-9.99999 7.69799e-06 4.03242e-07)
(-9.99999 8.53187e-06 3.10038e-07)
(-9.99999 9.26357e-06 2.14785e-07)
(-9.99999 1.00436e-05 1.21256e-07)
(-9.99999 1.06824e-05 4.17422e-08)
(-9.99999 1.13426e-05 5.86906e-09)
(-9.99999 1.19039e-05 -3.43805e-09)
(-9.99999 1.24907e-05 -4.22624e-08)
(-9.99999 1.30204e-05 -8.18079e-08)
(-9.99999 1.35983e-05 -1.75242e-07)
(-10 4.40806e-07 1.36813e-07)
(-10 1.40907e-06 3.87036e-07)
(-9.99999 2.39591e-06 6.62102e-07)
(-9.99999 3.50928e-06 7.85222e-07)
(-9.99998 4.56453e-06 8.61082e-07)
(-9.99998 5.63475e-06 6.71062e-07)
(-9.99998 6.5346e-06 5.57884e-07)
(-9.99998 7.41008e-06 4.8818e-07)
(-9.99999 8.18525e-06 2.84023e-07)
(-9.99999 9.00551e-06 1.69447e-07)
(-9.99999 9.72518e-06 3.86133e-08)
(-9.99999 1.04528e-05 1.61614e-08)
(-9.99999 1.1079e-05 -1.87945e-08)
(-9.99999 1.16756e-05 -2.79803e-08)
(-9.99999 1.21931e-05 -6.96053e-08)
(-9.99999 1.27362e-05 -1.16232e-07)
(-9.99999 1.315e-05 -2.07587e-07)
(-10 4.18275e-07 1.1689e-07)
(-9.99999 1.26976e-06 4.13112e-07)
(-9.99999 2.23229e-06 6.13709e-07)
(-9.99999 3.22058e-06 7.47105e-07)
(-9.99998 4.20947e-06 7.14067e-07)
(-9.99998 5.14133e-06 7.22377e-07)
(-9.99998 6.02569e-06 5.57757e-07)
(-9.99998 6.85219e-06 3.23477e-07)
(-9.99998 7.63357e-06 2.51188e-07)
(-9.99999 8.44301e-06 1.24467e-07)
(-9.99999 9.19489e-06 4.95377e-08)
(-9.99999 9.94988e-06 -5.12599e-08)
(-9.99999 1.05764e-05 -7.63302e-08)
(-9.99999 1.11669e-05 -9.07833e-08)
(-9.99999 1.16473e-05 -1.03034e-07)
(-9.99999 1.21124e-05 -1.66297e-07)
(-9.99999 1.24858e-05 -1.99599e-07)
(-10 3.56771e-07 1.21306e-07)
(-9.99999 1.12554e-06 3.67308e-07)
(-9.99999 1.91316e-06 6.05949e-07)
(-9.99999 2.76928e-06 7.11792e-07)
(-9.99998 3.63616e-06 7.63958e-07)
(-9.99998 4.50275e-06 6.00327e-07)
(-9.99998 5.26112e-06 4.71477e-07)
(-9.99998 6.03087e-06 3.94445e-07)
(-9.99998 6.83432e-06 2.15523e-07)
(-9.99998 7.63162e-06 9.48843e-08)
(-9.99999 8.43893e-06 -2.55973e-08)
(-9.99999 9.16058e-06 -7.84629e-08)
(-9.99999 9.81198e-06 -1.00121e-07)
(-9.99999 1.03366e-05 -1.20418e-07)
(-9.99999 1.07954e-05 -1.40743e-07)
(-9.99999 1.11207e-05 -1.94435e-07)
(-9.99999 1.14838e-05 -2.43047e-07)
(-10 2.94246e-07 1.11696e-07)
(-9.99999 8.68281e-07 3.84224e-07)
(-9.99999 1.53211e-06 5.83334e-07)
(-9.99998 2.20203e-06 6.97086e-07)
(-9.99998 2.96211e-06 6.6472e-07)
(-9.99998 3.59018e-06 6.11183e-07)
(-9.99998 4.33103e-06 4.80454e-07)
(-9.99998 5.04527e-06 2.71213e-07)
(-9.99998 5.83585e-06 1.85313e-07)
(-9.99998 6.62915e-06 6.50677e-08)
(-9.99999 7.44279e-06 -2.88848e-08)
(-9.99999 8.13709e-06 -1.22409e-07)
(-9.99999 8.7794e-06 -1.60993e-07)
(-9.99999 9.24909e-06 -1.65349e-07)
(-9.99999 9.64633e-06 -1.89826e-07)
(-9.99999 9.90992e-06 -2.04811e-07)
(-9.99999 1.0159e-05 -2.63956e-07)
(-10 2.10191e-07 1.20495e-07)
(-9.99999 6.49774e-07 3.83636e-07)
(-9.99999 1.04094e-06 5.98333e-07)
(-9.99998 1.54078e-06 7.0393e-07)
(-9.99998 2.09639e-06 6.84944e-07)
(-9.99998 2.66054e-06 5.70567e-07)
(-9.99998 3.23942e-06 4.06074e-07)
(-9.99998 3.92065e-06 3.13365e-07)
(-9.99998 4.6989e-06 1.63153e-07)
(-9.99998 5.48688e-06 4.46202e-08)
(-9.99998 6.23057e-06 -8.42658e-08)
(-9.99999 6.90842e-06 -1.433e-07)
(-9.99999 7.48606e-06 -1.83468e-07)
(-9.99999 7.94594e-06 -1.92145e-07)
(-9.99999 8.28794e-06 -2.09066e-07)
(-9.99999 8.52726e-06 -2.29929e-07)
(-9.99999 8.64415e-06 -2.73667e-07)
(-10 1.48167e-07 1.33884e-07)
(-9.99999 3.42811e-07 4.16246e-07)
(-9.99999 4.73163e-07 6.61528e-07)
(-9.99998 9.38583e-07 7.41776e-07)
(-9.99998 1.14252e-06 6.75201e-07)
(-9.99998 1.66132e-06 5.46368e-07)
(-9.99998 1.97405e-06 3.90285e-07)
(-9.99998 2.83903e-06 2.44137e-07)
(-9.99998 3.34823e-06 1.07098e-07)
(-9.99998 4.26601e-06 1.84954e-08)
(-9.99998 4.71974e-06 -1.18483e-07)
(-9.99999 5.54607e-06 -1.74322e-07)
(-9.99999 5.87955e-06 -2.42967e-07)
(-9.99999 6.53984e-06 -2.15512e-07)
(-9.99999 6.67687e-06 -2.51946e-07)
(-9.99999 7.05381e-06 -2.45406e-07)
(-9.99999 6.99844e-06 -2.59959e-07)
(-10 8.26082e-08 1.48137e-07)
(-9.99999 7.92437e-08 5.11664e-07)
(-9.99999 3.70912e-07 7.85344e-07)
(-9.99998 2.58058e-07 7.51852e-07)
(-9.99998 6.51427e-07 7.58329e-07)
(-9.99998 4.9497e-07 4.57171e-07)
(-9.99998 1.2681e-06 4.81221e-07)
(-9.99998 1.35328e-06 1.09031e-07)
(-9.99998 2.33337e-06 1.68592e-07)
(-9.99998 2.5327e-06 -1.37492e-07)
(-9.99998 3.42057e-06 -6.0189e-08)
(-9.99999 3.56746e-06 -3.26396e-07)
(-9.99999 4.40802e-06 -1.47449e-07)
(-9.99999 4.51755e-06 -3.49807e-07)
(-9.99999 5.13527e-06 -1.64528e-07)
(-9.99999 5.0706e-06 -3.10113e-07)
(-9.99999 5.2243e-06 -2.70633e-07)
(-10 1.52418e-07 1.97424e-07)
(-9.99999 6.14958e-07 6.43319e-07)
(-9.99999 7.09354e-07 7.29843e-07)
(-9.99998 6.81112e-07 9.80244e-07)
(-9.99998 4.50164e-07 5.84778e-07)
(-9.99998 4.8492e-07 7.72541e-07)
(-9.99998 4.81904e-07 1.58769e-07)
(-9.99998 7.10442e-07 3.54276e-07)
(-9.99998 9.7524e-07 -1.0577e-07)
(-9.99998 1.22145e-06 5.04204e-08)
(-9.99998 1.52025e-06 -3.34085e-07)
(-9.99998 1.78055e-06 -1.44518e-07)
(-9.99999 2.19822e-06 -3.95305e-07)
(-9.99999 2.45196e-06 -1.65658e-07)
(-9.99999 2.81264e-06 -3.29038e-07)
(-9.99999 2.72595e-06 -2.34921e-07)
(-9.99999 2.7864e-06 -3.37213e-07)
(-10 1.32281e-07 2.55798e-07)
(-9.99999 6.2894e-07 5.47167e-07)
(-9.99999 4.27332e-07 9.04974e-07)
(-9.99998 7.60998e-07 7.65192e-07)
(-9.99998 1.09672e-07 8.58207e-07)
(-9.99998 5.7477e-07 4.57791e-07)
(-9.99998 -1.34783e-07 4.87147e-07)
(-9.99998 4.76886e-07 1.42926e-07)
(-9.99998 -6.63607e-08 1.03741e-07)
(-9.99998 4.94446e-07 -1.3203e-07)
(-9.99998 2.07293e-08 -1.83961e-07)
(-9.99998 6.06521e-07 -2.77017e-07)
(-9.99999 2.51615e-07 -2.69868e-07)
(-9.99999 8.19156e-07 -2.64673e-07)
(-9.99999 5.33735e-07 -2.94039e-07)
(-9.99999 7.81117e-07 -2.61563e-07)
(-9.99999 5.72748e-07 -2.14532e-07)
(-10 8.05377e-07 1.57147e-06)
(-10 1.1634e-06 1.12964e-06)
(-10 1.51681e-06 8.28754e-07)
(-10 1.85479e-06 6.00548e-07)
(-10 2.18374e-06 4.36159e-07)
(-10 2.45664e-06 4.15248e-07)
(-10 2.73056e-06 3.60069e-07)
(-10 2.96292e-06 4.98375e-07)
(-10 3.20438e-06 5.2937e-07)
(-10 3.44043e-06 7.15619e-07)
(-10 3.78152e-06 7.59772e-07)
(-10 -1.82894e-07 4.66653e-07)
(-10 -3.55587e-07 1.43066e-06)
(-10 -2.9556e-07 1.95003e-06)
(-10 7.22416e-08 2.23232e-06)
(-10 3.35474e-07 2.21789e-06)
(-10 7.93106e-07 2.10781e-06)
(-10 1.15612e-06 1.72721e-06)
(-10 1.53317e-06 1.42741e-06)
(-10 1.95756e-06 1.09308e-06)
(-10 2.3162e-06 8.71973e-07)
(-10 2.65883e-06 6.6204e-07)
(-10 2.97306e-06 6.27555e-07)
(-10 3.2615e-06 5.96066e-07)
(-10 3.54146e-06 6.21505e-07)
(-10 3.7954e-06 6.19991e-07)
(-10 4.10174e-06 6.71766e-07)
(-10 4.45423e-06 7.43078e-07)
(-10 -1.19452e-08 5.06633e-07)
(-10 4.53187e-08 1.36037e-06)
(-10 1.57456e-07 2.03249e-06)
(-10 3.13479e-07 2.30455e-06)
(-10 6.17746e-07 2.37369e-06)
(-10 9.49232e-07 2.15862e-06)
(-10 1.3912e-06 1.92881e-06)
(-10 1.87187e-06 1.5489e-06)
(-10 2.34579e-06 1.24863e-06)
(-10 2.79005e-06 9.82373e-07)
(-10 3.19253e-06 8.66709e-07)
(-10 3.5622e-06 7.43484e-07)
(-10 3.89551e-06 6.98014e-07)
(-10 4.22427e-06 6.44278e-07)
(-10 4.55019e-06 6.21544e-07)
(-10 4.91566e-06 5.95098e-07)
(-10 5.31309e-06 6.15116e-07)
(-10 -1.6786e-08 4.98133e-07)
(-10 2.5618e-08 1.44532e-06)
(-10 1.62952e-07 2.02248e-06)
(-10 3.91881e-07 2.39188e-06)
(-10 7.49882e-07 2.42515e-06)
(-9.99999 1.18145e-06 2.32948e-06)
(-9.99999 1.69738e-06 1.96437e-06)
(-9.99999 2.24915e-06 1.65385e-06)
(-9.99999 2.78285e-06 1.31663e-06)
(-10 3.28402e-06 1.0919e-06)
(-10 3.74081e-06 8.68916e-07)
(-10 4.15685e-06 7.99844e-07)
(-10 4.53423e-06 7.28347e-07)
(-10 4.89722e-06 6.67844e-07)
(-10 5.26329e-06 5.57905e-07)
(-10 5.64539e-06 5.03693e-07)
(-10 6.04069e-06 4.54771e-07)
(-10 -1.2581e-09 5.34402e-07)
(-10 8.13596e-08 1.41689e-06)
(-10 2.79775e-07 2.12838e-06)
(-10 5.89599e-07 2.46544e-06)
(-10 1.00814e-06 2.53704e-06)
(-9.99999 1.52905e-06 2.33256e-06)
(-9.99999 2.10211e-06 2.07983e-06)
(-9.99999 2.69333e-06 1.68731e-06)
(-9.99999 3.2861e-06 1.34895e-06)
(-9.99999 3.83414e-06 1.08267e-06)
(-10 4.33482e-06 9.33162e-07)
(-10 4.77718e-06 8.05246e-07)
(-10 5.17925e-06 7.08802e-07)
(-10 5.55904e-06 6.08958e-07)
(-10 5.92862e-06 5.06523e-07)
(-10 6.29595e-06 4.11324e-07)
(-10 6.67785e-06 3.41056e-07)
(-10 2.93603e-08 5.26969e-07)
(-10 1.82979e-07 1.501e-06)
(-10 4.58408e-07 2.13512e-06)
(-10 8.53508e-07 2.51464e-06)
(-9.99999 1.36149e-06 2.57235e-06)
(-9.99999 1.93524e-06 2.45647e-06)
(-9.99999 2.56931e-06 2.064e-06)
(-9.99999 3.22607e-06 1.71377e-06)
(-9.99999 3.84226e-06 1.36388e-06)
(-9.99999 4.42466e-06 1.10062e-06)
(-9.99999 4.94881e-06 8.69009e-07)
(-9.99999 5.41776e-06 7.80281e-07)
(-10 5.83084e-06 6.9719e-07)
(-10 6.20194e-06 6.00615e-07)
(-10 6.54755e-06 4.63997e-07)
(-10 6.88492e-06 3.32849e-07)
(-10 7.2258e-06 2.98779e-07)
(-10 7.15212e-08 5.5115e-07)
(-10 3.07794e-07 1.46946e-06)
(-10 6.73551e-07 2.22526e-06)
(-10 1.16568e-06 2.56294e-06)
(-9.99999 1.74711e-06 2.66303e-06)
(-9.99999 2.41447e-06 2.407e-06)
(-9.99999 3.10272e-06 2.15483e-06)
(-9.99999 3.77933e-06 1.69926e-06)
(-9.99999 4.44211e-06 1.35899e-06)
(-9.99999 5.05491e-06 1.03908e-06)
(-9.99999 5.60338e-06 9.20479e-07)
(-9.99999 6.07884e-06 7.47495e-07)
(-9.99999 6.48949e-06 6.70603e-07)
(-9.99999 6.84661e-06 5.51034e-07)
(-10 7.16596e-06 4.49831e-07)
(-10 7.47224e-06 3.34709e-07)
(-10 7.77922e-06 2.73023e-07)
(-10 1.19206e-07 5.38278e-07)
(-10 4.50145e-07 1.56191e-06)
(-10 9.18135e-07 2.19804e-06)
(-10 1.50846e-06 2.61357e-06)
(-9.99999 2.19487e-06 2.64889e-06)
(-9.99999 2.91487e-06 2.53295e-06)
(-9.99999 3.66229e-06 2.08241e-06)
(-9.99999 4.39839e-06 1.72634e-06)
(-9.99999 5.08163e-06 1.33082e-06)
(-9.99999 5.71301e-06 1.07632e-06)
(-9.99999 6.2757e-06 8.0623e-07)
(-9.99999 6.76775e-06 7.35007e-07)
(-9.99999 7.18165e-06 6.58006e-07)
(-9.99999 7.53153e-06 5.83912e-07)
(-9.99999 7.83971e-06 4.52007e-07)
(-9.99999 8.1213e-06 3.6831e-07)
(-10 8.4164e-06 2.92741e-07)
(-10 1.70228e-07 5.68929e-07)
(-10 6.09356e-07 1.51368e-06)
(-10 1.18852e-06 2.2834e-06)
(-9.99999 1.88263e-06 2.6479e-06)
(-9.99999 2.64613e-06 2.71083e-06)
(-9.99999 3.46198e-06 2.44897e-06)
(-9.99999 4.26397e-06 2.15883e-06)
(-9.99999 5.02175e-06 1.69508e-06)
(-9.99999 5.74644e-06 1.3087e-06)
(-9.99999 6.39978e-06 1.00561e-06)
(-9.99999 6.98653e-06 8.5099e-07)
(-9.99999 7.48697e-06 7.13087e-07)
(-9.99999 7.91522e-06 6.246e-07)
(-9.99999 8.28263e-06 5.4559e-07)
(-9.99999 8.60341e-06 4.78352e-07)
(-9.99999 8.89766e-06 4.0383e-07)
(-9.99999 9.21934e-06 3.349e-07)
(-10 2.2706e-07 5.53808e-07)
(-10 7.826e-07 1.58434e-06)
(-10 1.46754e-06 2.25083e-06)
(-9.99999 2.25962e-06 2.63838e-06)
(-9.99999 3.12403e-06 2.6778e-06)
(-9.99999 3.99337e-06 2.53491e-06)
(-9.99999 4.84915e-06 2.06409e-06)
(-9.99999 5.66752e-06 1.67626e-06)
(-9.99999 6.40153e-06 1.29117e-06)
(-9.99999 7.07744e-06 1.00439e-06)
(-9.99999 7.67945e-06 7.40333e-07)
(-9.99999 8.2115e-06 6.65143e-07)
(-9.99999 8.66971e-06 6.08087e-07)
(-9.99999 9.06965e-06 5.60146e-07)
(-9.99999 9.4269e-06 4.69297e-07)
(-9.99999 9.7755e-06 3.83591e-07)
(-9.99999 1.01286e-05 3.64349e-07)
(-10 2.83758e-07 5.70607e-07)
(-10 9.44788e-07 1.52216e-06)
(-10 1.73184e-06 2.3037e-06)
(-9.99999 2.62383e-06 2.63873e-06)
(-9.99999 3.56098e-06 2.71873e-06)
(-9.99999 4.51403e-06 2.40067e-06)
(-9.99999 5.42332e-06 2.13013e-06)
(-9.99999 6.25358e-06 1.62125e-06)
(-9.99999 7.02265e-06 1.25911e-06)
(-9.99999 7.72385e-06 9.06304e-07)
(-9.99999 8.35542e-06 7.96858e-07)
(-9.99999 8.91038e-06 6.08984e-07)
(-9.99999 9.4035e-06 5.55652e-07)
(-9.99999 9.8495e-06 4.73193e-07)
(-9.99999 1.02742e-05 4.35193e-07)
(-9.99999 1.06907e-05 3.49642e-07)
(-9.99999 1.11119e-05 2.95572e-07)
(-10 3.35316e-07 5.47748e-07)
(-10 1.09308e-06 1.59469e-06)
(-10 1.97721e-06 2.22937e-06)
(-9.99999 2.95625e-06 2.62923e-06)
(-9.99999 3.9796e-06 2.62812e-06)
(-9.99999 4.98364e-06 2.49346e-06)
(-9.99999 5.93196e-06 1.98147e-06)
(-9.99999 6.80318e-06 1.61619e-06)
(-9.99999 7.59095e-06 1.20156e-06)
(-9.99999 8.30893e-06 9.40331e-07)
(-9.99999 8.95833e-06 6.28146e-07)
(-9.99999 9.54539e-06 5.61225e-07)
(-9.99999 1.00746e-05 4.94293e-07)
(-9.99999 1.0572e-05 4.55367e-07)
(-9.99999 1.10652e-05 3.40487e-07)
(-9.99999 1.15478e-05 2.71346e-07)
(-9.99999 1.20359e-05 1.62872e-07)
(-10 3.7882e-07 5.70161e-07)
(-10 1.22507e-06 1.51446e-06)
(-9.99999 2.19351e-06 2.2734e-06)
(-9.99999 3.24696e-06 2.61024e-06)
(-9.99999 4.32846e-06 2.64085e-06)
(-9.99999 5.38589e-06 2.32804e-06)
(-9.99999 6.37574e-06 2.02977e-06)
(-9.99999 7.26501e-06 1.5473e-06)
(-9.99999 8.07166e-06 1.15399e-06)
(-9.99999 8.80447e-06 8.28812e-07)
(-9.99999 9.47754e-06 6.63826e-07)
(-9.99999 1.00866e-05 4.98207e-07)
(-9.99999 1.06496e-05 4.02838e-07)
(-9.99999 1.11962e-05 3.2383e-07)
(-9.99999 1.174e-05 2.53573e-07)
(-9.99999 1.22854e-05 1.52948e-07)
(-9.99999 1.28402e-05 1.70904e-08)
(-10 4.15847e-07 5.44278e-07)
(-10 1.3326e-06 1.56009e-06)
(-9.99999 2.36013e-06 2.19751e-06)
(-9.99999 3.46281e-06 2.53767e-06)
(-9.99999 4.58434e-06 2.53112e-06)
(-9.99999 5.67868e-06 2.36073e-06)
(-9.99999 6.67963e-06 1.86055e-06)
(-9.99999 7.58575e-06 1.4756e-06)
(-9.99999 8.39881e-06 1.09784e-06)
(-9.99999 9.14415e-06 8.01313e-07)
(-9.99999 9.83004e-06 4.95439e-07)
(-9.99999 1.04634e-05 3.96209e-07)
(-9.99999 1.10544e-05 3.23708e-07)
(-9.99999 1.16285e-05 2.61094e-07)
(-9.99999 1.21992e-05 1.33554e-07)
(-9.99999 1.27857e-05 -1.71034e-08)
(-9.99999 1.33704e-05 -1.19201e-07)
(-10 4.38873e-07 5.52865e-07)
(-10 1.39317e-06 1.47438e-06)
(-9.99999 2.44685e-06 2.19945e-06)
(-9.99999 3.56983e-06 2.48549e-06)
(-9.99999 4.71132e-06 2.51031e-06)
(-9.99999 5.79558e-06 2.15464e-06)
(-9.99999 6.81002e-06 1.87146e-06)
(-9.99999 7.71451e-06 1.37597e-06)
(-9.99999 8.52334e-06 1.02212e-06)
(-9.99999 9.28079e-06 6.56887e-07)
(-9.99999 9.98737e-06 5.23969e-07)
(-9.99999 1.06414e-05 3.02897e-07)
(-9.99999 1.12524e-05 2.2524e-07)
(-9.99999 1.18362e-05 1.12992e-07)
(-9.99999 1.24192e-05 3.09529e-08)
(-9.99999 1.30077e-05 -1.32216e-07)
(-9.99999 1.35851e-05 -2.8541e-07)
(-10 4.44528e-07 5.22853e-07)
(-10 1.39823e-06 1.51005e-06)
(-9.99999 2.44686e-06 2.09462e-06)
(-9.99999 3.55757e-06 2.4116e-06)
(-9.99999 4.66735e-06 2.35055e-06)
(-9.99998 5.75501e-06 2.17025e-06)
(-9.99999 6.732e-06 1.65618e-06)
(-9.99999 7.60607e-06 1.30391e-06)
(-9.99999 8.43222e-06 9.16994e-07)
(-9.99999 9.19982e-06 6.54973e-07)
(-9.99999 9.92553e-06 3.1159e-07)
(-9.99999 1.05958e-05 2.15358e-07)
(-9.99999 1.12212e-05 1.28163e-07)
(-9.99999 1.18099e-05 7.16186e-08)
(-9.99999 1.23866e-05 -8.35675e-08)
(-9.99999 1.2944e-05 -2.23877e-07)
(-9.99999 1.34874e-05 -4.04132e-07)
(-10 4.30476e-07 5.33645e-07)
(-10 1.35137e-06 1.42147e-06)
(-9.99999 2.35325e-06 2.08437e-06)
(-9.99999 3.40874e-06 2.3424e-06)
(-9.99998 4.48416e-06 2.30466e-06)
(-9.99998 5.48577e-06 1.95726e-06)
(-9.99998 6.43317e-06 1.64085e-06)
(-9.99998 7.31037e-06 1.19724e-06)
(-9.99999 8.11169e-06 8.35616e-07)
(-9.99999 8.89261e-06 5.07252e-07)
(-9.99999 9.63553e-06 3.22593e-07)
(-9.99999 1.03365e-05 1.33628e-07)
(-9.99999 1.09762e-05 2.83741e-08)
(-9.99999 1.15664e-05 -5.85136e-08)
(-9.99999 1.21172e-05 -1.52318e-07)
(-9.99999 1.26306e-05 -2.93017e-07)
(-9.99999 1.31195e-05 -4.69087e-07)
(-10 3.98891e-07 5.05102e-07)
(-9.99999 1.24511e-06 1.43088e-06)
(-9.99999 2.1621e-06 1.9971e-06)
(-9.99999 3.12879e-06 2.23447e-06)
(-9.99998 4.08806e-06 2.15017e-06)
(-9.99998 5.05291e-06 1.9124e-06)
(-9.99998 5.91768e-06 1.44209e-06)
(-9.99998 6.73502e-06 1.0802e-06)
(-9.99998 7.54795e-06 7.46778e-07)
(-9.99999 8.34981e-06 4.58053e-07)
(-9.99999 9.11463e-06 1.44041e-07)
(-9.99999 9.8316e-06 1.30625e-08)
(-9.99999 1.04747e-05 -6.41842e-08)
(-9.99999 1.10513e-05 -1.23622e-07)
(-9.99999 1.15584e-05 -2.44539e-07)
(-9.99999 1.20146e-05 -3.96224e-07)
(-9.99999 1.24414e-05 -5.02974e-07)
(-10 3.50277e-07 5.06821e-07)
(-9.99999 1.08944e-06 1.36632e-06)
(-9.99999 1.87519e-06 1.9609e-06)
(-9.99998 2.70676e-06 2.16606e-06)
(-9.99998 3.57448e-06 2.08626e-06)
(-9.99998 4.36376e-06 1.73104e-06)
(-9.99998 5.16449e-06 1.40294e-06)
(-9.99998 5.96554e-06 9.94014e-07)
(-9.99998 6.75198e-06 6.60371e-07)
(-9.99999 7.55737e-06 3.27979e-07)
(-9.99999 8.34091e-06 1.43622e-07)
(-9.99999 9.07165e-06 -7.18641e-08)
(-9.99999 9.70615e-06 -1.61726e-07)
(-9.99999 1.02434e-05 -2.5893e-07)
(-9.99999 1.06869e-05 -3.26745e-07)
(-9.99999 1.10726e-05 -4.57873e-07)
(-9.99999 1.14033e-05 -5.69841e-07)
(-10 2.93233e-07 4.91903e-07)
(-9.99999 8.8869e-07 1.36814e-06)
(-9.99999 1.52259e-06 1.91251e-06)
(-9.99998 2.1922e-06 2.09687e-06)
(-9.99998 2.86334e-06 1.97259e-06)
(-9.99998 3.55298e-06 1.68434e-06)
(-9.99998 4.24928e-06 1.25968e-06)
(-9.99998 4.94392e-06 9.00929e-07)
(-9.99998 5.77038e-06 5.8427e-07)
(-9.99998 6.56632e-06 3.0212e-07)
(-9.99999 7.36945e-06 -1.90549e-08)
(-9.99999 8.05604e-06 -1.71834e-07)
(-9.99999 8.67521e-06 -2.68026e-07)
(-9.99999 9.15943e-06 -3.20565e-07)
(-9.99999 9.56093e-06 -4.28272e-07)
(-9.99999 9.86555e-06 -5.14246e-07)
(-9.99999 1.01208e-05 -6.10288e-07)
(-10 2.37926e-07 4.98047e-07)
(-9.99999 6.898e-07 1.37323e-06)
(-9.99999 1.13868e-06 1.92348e-06)
(-9.99998 1.59664e-06 2.10657e-06)
(-9.99998 2.10949e-06 1.94322e-06)
(-9.99998 2.57953e-06 1.61817e-06)
(-9.99998 3.12671e-06 1.22652e-06)
(-9.99998 3.8868e-06 8.66954e-07)
(-9.99998 4.60113e-06 5.15111e-07)
(-9.99998 5.42866e-06 2.03522e-07)
(-9.99998 6.11858e-06 -5.36891e-08)
(-9.99999 6.84353e-06 -2.40572e-07)
(-9.99999 7.38359e-06 -3.67883e-07)
(-9.99999 7.88324e-06 -4.30219e-07)
(-9.99999 8.21029e-06 -4.96982e-07)
(-9.99999 8.47651e-06 -5.62404e-07)
(-9.99999 8.64915e-06 -6.34727e-07)
(-10 1.82718e-07 5.15552e-07)
(-9.99999 5.02846e-07 1.43116e-06)
(-9.99999 7.06926e-07 2.01173e-06)
(-9.99998 9.98486e-07 2.17044e-06)
(-9.99998 1.23426e-06 1.96045e-06)
(-9.99998 1.51957e-06 1.60539e-06)
(-9.99998 2.06798e-06 1.17736e-06)
(-9.99998 2.58361e-06 7.82359e-07)
(-9.99998 3.35503e-06 4.20069e-07)
(-9.99998 4.03837e-06 1.26622e-07)
(-9.99998 4.74984e-06 -2.09796e-07)
(-9.99999 5.3172e-06 -3.74676e-07)
(-9.99999 5.92457e-06 -4.79129e-07)
(-9.99999 6.34276e-06 -5.14388e-07)
(-9.99999 6.73254e-06 -5.95137e-07)
(-9.99999 6.95358e-06 -6.23774e-07)
(-9.99999 7.00223e-06 -6.53132e-07)
(-10 1.62034e-07 5.61495e-07)
(-9.99999 3.63086e-07 1.55703e-06)
(-9.99999 4.56305e-07 2.23747e-06)
(-9.99998 5.56143e-07 2.23819e-06)
(-9.99998 5.38398e-07 2.12118e-06)
(-9.99998 7.77686e-07 1.60294e-06)
(-9.99998 9.7871e-07 1.28662e-06)
(-9.99998 1.49095e-06 6.28012e-07)
(-9.99998 2.06729e-06 4.57236e-07)
(-9.99998 2.57261e-06 -1.40163e-07)
(-9.99998 3.15106e-06 -1.93165e-07)
(-9.99999 3.60471e-06 -6.39801e-07)
(-9.99999 4.2176e-06 -4.5861e-07)
(-9.99999 4.57987e-06 -7.67275e-07)
(-9.99999 5.03891e-06 -5.46456e-07)
(-9.99999 5.08371e-06 -7.54566e-07)
(-9.99999 5.12773e-06 -6.73509e-07)
(-10 2.86995e-07 6.27111e-07)
(-9.99999 6.59336e-07 1.76113e-06)
(-9.99999 8.58892e-07 2.24264e-06)
(-9.99998 6.97787e-07 2.53495e-06)
(-9.99998 5.75011e-07 2.04981e-06)
(-9.99998 4.85695e-07 1.89116e-06)
(-9.99998 4.89312e-07 1.02882e-06)
(-9.99998 7.52812e-07 9.1444e-07)
(-9.99998 8.94177e-07 7.49596e-08)
(-9.99998 1.22827e-06 7.95924e-08)
(-9.99998 1.36554e-06 -7.0427e-07)
(-9.99998 1.84227e-06 -3.98064e-07)
(-9.99999 2.0452e-06 -9.43095e-07)
(-9.99999 2.55838e-06 -5.13104e-07)
(-9.99999 2.65075e-06 -9.15797e-07)
(-9.99999 2.78663e-06 -6.13413e-07)
(-9.99999 2.85653e-06 -7.82606e-07)
(-10 2.05249e-07 6.73477e-07)
(-9.99999 5.0875e-07 1.65587e-06)
(-9.99999 6.46246e-07 2.33067e-06)
(-9.99998 4.92182e-07 2.28494e-06)
(-9.99998 4.51459e-07 2.19522e-06)
(-9.99998 1.81333e-07 1.60894e-06)
(-9.99998 2.75689e-07 1.33044e-06)
(-9.99998 2.12699e-07 6.25589e-07)
(-9.99998 1.95528e-07 3.67577e-07)
(-9.99998 2.66383e-07 -2.71775e-07)
(-9.99998 2.08384e-07 -3.52923e-07)
(-9.99998 4.40898e-07 -7.50384e-07)
(-9.99999 4.08412e-07 -6.08572e-07)
(-9.99999 6.95388e-07 -8.5514e-07)
(-9.99999 5.77483e-07 -6.83571e-07)
(-9.99999 7.47815e-07 -7.45485e-07)
(-9.99999 7.26098e-07 -5.73707e-07)
(-10 1.93115e-06 1.25698e-06)
(-10 2.29593e-06 9.3497e-07)
(-10 2.53051e-06 6.30406e-07)
(-10 2.84469e-06 5.52338e-07)
(-10 3.00244e-06 5.03917e-07)
(-10 3.24504e-06 5.33138e-07)
(-10 3.34712e-06 5.51866e-07)
(-10 3.59611e-06 6.63398e-07)
(-10 3.7945e-06 7.68441e-07)
(-10 -1.31866e-07 7.76926e-07)
(-10 -2.34278e-07 2.00698e-06)
(-10 -1.29434e-07 2.73937e-06)
(-10 1.33692e-07 2.98982e-06)
(-10 4.80887e-07 2.99508e-06)
(-10 8.89146e-07 2.67437e-06)
(-10 1.3867e-06 2.31228e-06)
(-10 1.87369e-06 1.93842e-06)
(-10 2.22004e-06 1.5334e-06)
(-10 2.58166e-06 1.1449e-06)
(-10 2.94712e-06 9.61016e-07)
(-10 3.22432e-06 8.05164e-07)
(-10 3.51055e-06 7.40176e-07)
(-10 3.661e-06 6.2895e-07)
(-10 3.87538e-06 6.5226e-07)
(-10 4.03515e-06 6.92371e-07)
(-10 4.39443e-06 7.46306e-07)
(-10 1.39837e-08 7.97746e-07)
(-10 9.71671e-08 2.03334e-06)
(-10 2.15406e-07 2.77215e-06)
(-10 4.0067e-07 3.0562e-06)
(-10 6.86341e-07 2.99788e-06)
(-10 1.07705e-06 2.79337e-06)
(-10 1.55824e-06 2.42746e-06)
(-10 2.01984e-06 1.99179e-06)
(-10 2.49408e-06 1.62768e-06)
(-10 2.93044e-06 1.32788e-06)
(-10 3.33939e-06 1.05765e-06)
(-10 3.68517e-06 9.20419e-07)
(-10 3.99846e-06 8.03209e-07)
(-10 4.2602e-06 7.6222e-07)
(-10 4.52306e-06 6.64378e-07)
(-10 4.79051e-06 6.42309e-07)
(-10 5.145e-06 6.46964e-07)
(-10 6.19364e-09 8.18837e-07)
(-10 8.85962e-08 2.08732e-06)
(-10 2.4891e-07 2.84437e-06)
(-10 5.05877e-07 3.13598e-06)
(-10 8.58165e-07 3.13527e-06)
(-10 1.30097e-06 2.85055e-06)
(-10 1.81555e-06 2.48824e-06)
(-10 2.33141e-06 2.1114e-06)
(-10 2.85497e-06 1.69885e-06)
(-10 3.34119e-06 1.33431e-06)
(-10 3.80131e-06 1.13863e-06)
(-10 4.19146e-06 9.71794e-07)
(-10 4.54654e-06 8.72531e-07)
(-10 4.86833e-06 7.00279e-07)
(-10 5.18736e-06 6.29706e-07)
(-10 5.5077e-06 5.45678e-07)
(-10 5.86285e-06 5.09598e-07)
(-10 2.24261e-08 8.41638e-07)
(-10 1.4181e-07 2.13815e-06)
(-10 3.66943e-07 2.92049e-06)
(-10 6.95466e-07 3.23886e-06)
(-10 1.12015e-06 3.18043e-06)
(-9.99999 1.62187e-06 2.97177e-06)
(-9.99999 2.17007e-06 2.57889e-06)
(-9.99999 2.7529e-06 2.10562e-06)
(-9.99999 3.31236e-06 1.71487e-06)
(-9.99999 3.84559e-06 1.40934e-06)
(-10 4.32316e-06 1.11318e-06)
(-10 4.76516e-06 9.60486e-07)
(-10 5.15625e-06 8.11395e-07)
(-10 5.51495e-06 7.39272e-07)
(-10 5.85099e-06 5.62918e-07)
(-10 6.18785e-06 4.56624e-07)
(-10 6.54189e-06 3.97246e-07)
(-10 4.98961e-08 8.62063e-07)
(-10 2.35506e-07 2.19535e-06)
(-10 5.36421e-07 2.99435e-06)
(-10 9.456e-07 3.31105e-06)
(-9.99999 1.44579e-06 3.31278e-06)
(-9.99999 2.01158e-06 2.99978e-06)
(-9.99999 2.62771e-06 2.60146e-06)
(-9.99999 3.23471e-06 2.18891e-06)
(-9.99999 3.84214e-06 1.73557e-06)
(-9.99999 4.40481e-06 1.33958e-06)
(-9.99999 4.93365e-06 1.13233e-06)
(-10 5.38533e-06 9.47622e-07)
(-10 5.79311e-06 8.33208e-07)
(-10 6.15807e-06 6.23486e-07)
(-10 6.50186e-06 5.1912e-07)
(-10 6.83313e-06 3.90258e-07)
(-10 7.16271e-06 3.11218e-07)
(-10 8.82954e-08 8.82634e-07)
(-10 3.55262e-07 2.23812e-06)
(-10 7.42256e-07 3.05911e-06)
(-10 1.2411e-06 3.39464e-06)
(-9.99999 1.82399e-06 3.32467e-06)
(-9.99999 2.46377e-06 3.09598e-06)
(-9.99999 3.12048e-06 2.66227e-06)
(-9.99999 3.79607e-06 2.1375e-06)
(-9.99999 4.42986e-06 1.71696e-06)
(-9.99999 5.03081e-06 1.39218e-06)
(-9.99999 5.55844e-06 1.0696e-06)
(-9.99999 6.04424e-06 9.08925e-07)
(-9.99999 6.46284e-06 7.49641e-07)
(-10 6.83153e-06 6.82496e-07)
(-10 7.16037e-06 4.89346e-07)
(-10 7.47391e-06 3.70386e-07)
(-10 7.78865e-06 2.94366e-07)
(-10 1.34908e-07 8.9894e-07)
(-10 4.94349e-07 2.28859e-06)
(-10 9.77675e-07 3.12054e-06)
(-10 1.57087e-06 3.44395e-06)
(-9.99999 2.23933e-06 3.4382e-06)
(-9.99999 2.95075e-06 3.08653e-06)
(-9.99999 3.68301e-06 2.65018e-06)
(-9.99999 4.37958e-06 2.2089e-06)
(-9.99999 5.05783e-06 1.72257e-06)
(-9.99999 5.67681e-06 1.29491e-06)
(-9.99999 6.24816e-06 1.08562e-06)
(-9.99999 6.73109e-06 8.95048e-07)
(-9.99999 7.15402e-06 7.90228e-07)
(-9.99999 7.5197e-06 5.79949e-07)
(-9.99999 7.8543e-06 5.00112e-07)
(-10 8.15346e-06 3.74404e-07)
(-10 8.45812e-06 3.07379e-07)
(-10 1.84404e-07 9.17265e-07)
(-10 6.44549e-07 2.32571e-06)
(-10 1.23044e-06 3.17123e-06)
(-9.99999 1.92065e-06 3.50673e-06)
(-9.99999 2.67868e-06 3.41142e-06)
(-9.99999 3.46756e-06 3.15955e-06)
(-9.99999 4.24297e-06 2.68932e-06)
(-9.99999 5.00864e-06 2.12694e-06)
(-9.99999 5.71119e-06 1.6846e-06)
(-9.99999 6.36166e-06 1.35197e-06)
(-9.99999 6.92819e-06 1.0102e-06)
(-9.99999 7.44354e-06 8.53434e-07)
(-9.99999 7.8826e-06 7.0278e-07)
(-9.99999 8.26794e-06 6.71107e-07)
(-9.99999 8.60291e-06 4.9326e-07)
(-9.99999 8.91194e-06 3.96672e-07)
(-9.99999 9.23627e-06 3.34413e-07)
(-10 2.37391e-07 9.31399e-07)
(-10 8.04027e-07 2.36511e-06)
(-10 1.49259e-06 3.21035e-06)
(-9.99999 2.27806e-06 3.52493e-06)
(-9.99999 3.122e-06 3.50049e-06)
(-9.99999 3.98078e-06 3.10894e-06)
(-9.99999 4.83147e-06 2.64116e-06)
(-9.99999 5.61748e-06 2.18328e-06)
(-9.99999 6.35746e-06 1.67483e-06)
(-9.99999 7.02297e-06 1.22818e-06)
(-9.99999 7.63538e-06 1.02153e-06)
(-9.99999 8.15397e-06 8.32636e-07)
(-9.99999 8.61348e-06 7.4331e-07)
(-9.99999 9.01944e-06 5.39281e-07)
(-9.99999 9.39013e-06 4.84567e-07)
(-9.99999 9.73912e-06 3.84191e-07)
(-9.99999 1.0083e-05 3.05355e-07)
(-10 2.88895e-07 9.44949e-07)
(-10 9.57684e-07 2.38489e-06)
(-10 1.74267e-06 3.23735e-06)
(-9.99999 2.62133e-06 3.5594e-06)
(-9.99999 3.54774e-06 3.4316e-06)
(-9.99999 4.47941e-06 3.15421e-06)
(-9.99999 5.36802e-06 2.65688e-06)
(-9.99999 6.21055e-06 2.06612e-06)
(-9.99999 6.97315e-06 1.61838e-06)
(-9.99999 7.67167e-06 1.28477e-06)
(-9.99999 8.28214e-06 9.28812e-07)
(-9.99999 8.83838e-06 7.70799e-07)
(-9.99999 9.32925e-06 6.19501e-07)
(-9.99999 9.77709e-06 6.06913e-07)
(-9.99999 1.01882e-05 4.29686e-07)
(-9.99999 1.05937e-05 3.32484e-07)
(-9.99999 1.09863e-05 2.56289e-07)
(-10 3.38612e-07 9.52985e-07)
(-10 1.10073e-06 2.41147e-06)
(-9.99999 1.97609e-06 3.25656e-06)
(-9.99999 2.93816e-06 3.5479e-06)
(-9.99999 3.93671e-06 3.49601e-06)
(-9.99999 4.92643e-06 3.06669e-06)
(-9.99999 5.87264e-06 2.57268e-06)
(-9.99999 6.73658e-06 2.1107e-06)
(-9.99999 7.52696e-06 1.59739e-06)
(-9.99999 8.23838e-06 1.13664e-06)
(-9.99999 8.88755e-06 9.28766e-07)
(-9.99999 9.45848e-06 7.32417e-07)
(-9.99999 9.97902e-06 6.4265e-07)
(-9.99999 1.04632e-05 4.19094e-07)
(-9.99999 1.0938e-05 3.60607e-07)
(-9.99999 1.13962e-05 2.27144e-07)
(-9.99999 1.18541e-05 1.37557e-07)
(-10 3.79861e-07 9.62504e-07)
(-10 1.2215e-06 2.42109e-06)
(-9.99999 2.17275e-06 3.2632e-06)
(-9.99999 3.20158e-06 3.55483e-06)
(-9.99999 4.25984e-06 3.38555e-06)
(-9.99999 5.29968e-06 3.07592e-06)
(-9.99999 6.27604e-06 2.55862e-06)
(-9.99999 7.17273e-06 1.96018e-06)
(-9.99999 7.98471e-06 1.51247e-06)
(-9.99999 8.71938e-06 1.18209e-06)
(-9.99999 9.37591e-06 8.13303e-07)
(-9.99999 9.97962e-06 6.46188e-07)
(-9.99999 1.05339e-05 4.80316e-07)
(-9.99999 1.10653e-05 4.59186e-07)
(-9.99999 1.15844e-05 2.42308e-07)
(-9.99999 1.20968e-05 1.11516e-07)
(-9.99999 1.26225e-05 2.91358e-10)
(-10 4.1235e-07 9.6639e-07)
(-10 1.31534e-06 2.43125e-06)
(-9.99999 2.31966e-06 3.25337e-06)
(-9.99999 3.39269e-06 3.50363e-06)
(-9.99999 4.48751e-06 3.40668e-06)
(-9.99999 5.55475e-06 2.93896e-06)
(-9.99999 6.55596e-06 2.42153e-06)
(-9.99999 7.46977e-06 1.96051e-06)
(-9.99999 8.28955e-06 1.4542e-06)
(-9.99999 9.03402e-06 9.93261e-07)
(-9.99999 9.7197e-06 7.83244e-07)
(-9.99999 1.03443e-05 5.8117e-07)
(-9.99999 1.09275e-05 4.83292e-07)
(-9.99999 1.14862e-05 2.28698e-07)
(-9.99999 1.20417e-05 1.34135e-07)
(-9.99999 1.2597e-05 -3.8136e-08)
(-9.99999 1.31517e-05 -1.74894e-07)
(-10 4.31003e-07 9.69175e-07)
(-10 1.36528e-06 2.41986e-06)
(-9.99999 2.39062e-06 3.22831e-06)
(-9.99999 3.47879e-06 3.47036e-06)
(-9.99999 4.58333e-06 3.24995e-06)
(-9.99999 5.65722e-06 2.89348e-06)
(-9.99999 6.66247e-06 2.36081e-06)
(-9.99999 7.56696e-06 1.76464e-06)
(-9.99999 8.4023e-06 1.33098e-06)
(-9.99999 9.16539e-06 1.01161e-06)
(-9.99999 9.86923e-06 6.45944e-07)
(-9.99999 1.05144e-05 4.74236e-07)
(-9.99999 1.11216e-05 2.98347e-07)
(-9.99999 1.17037e-05 2.61278e-07)
(-9.99999 1.2278e-05 1.64579e-08)
(-9.99999 1.28474e-05 -1.57183e-07)
(-9.99999 1.34131e-05 -3.02573e-07)
(-10 4.33947e-07 9.65726e-07)
(-9.99999 1.3651e-06 2.41083e-06)
(-9.99999 2.37884e-06 3.19062e-06)
(-9.99999 3.44944e-06 3.38261e-06)
(-9.99999 4.53157e-06 3.22311e-06)
(-9.99999 5.58275e-06 2.71989e-06)
(-9.99999 6.55821e-06 2.1799e-06)
(-9.99999 7.47459e-06 1.72782e-06)
(-9.99999 8.29874e-06 1.24941e-06)
(-9.99999 9.07653e-06 8.03876e-07)
(-9.99999 9.79188e-06 5.95782e-07)
(-9.99999 1.04709e-05 3.99891e-07)
(-9.99999 1.10966e-05 3.02866e-07)
(-9.99999 1.16895e-05 4.43283e-08)
(-9.99999 1.22616e-05 -6.96812e-08)
(-9.99999 1.28194e-05 -2.68568e-07)
(-9.99999 1.33687e-05 -4.20008e-07)
(-10 4.18616e-07 9.62309e-07)
(-9.99999 1.3101e-06 2.38554e-06)
(-9.99999 2.274e-06 3.14133e-06)
(-9.99999 3.28786e-06 3.31704e-06)
(-9.99999 4.31405e-06 3.04028e-06)
(-9.99998 5.31244e-06 2.62845e-06)
(-9.99998 6.26699e-06 2.08957e-06)
(-9.99999 7.13044e-06 1.52227e-06)
(-9.99999 7.97248e-06 1.10725e-06)
(-9.99999 8.75936e-06 8.04601e-07)
(-9.99999 9.51574e-06 4.56078e-07)
(-9.99999 1.01999e-05 2.89032e-07)
(-9.99999 1.08385e-05 1.19163e-07)
(-9.99999 1.14316e-05 8.10363e-08)
(-9.99999 1.19919e-05 -1.64549e-07)
(-9.99999 1.25207e-05 -3.40601e-07)
(-9.99999 1.30264e-05 -4.79252e-07)
(-10 3.84745e-07 9.54046e-07)
(-9.99999 1.20083e-06 2.35947e-06)
(-9.99999 2.07794e-06 3.08112e-06)
(-9.99999 3.00015e-06 3.20381e-06)
(-9.99998 3.93647e-06 2.97118e-06)
(-9.99998 4.85856e-06 2.4417e-06)
(-9.99998 5.72829e-06 1.89289e-06)
(-9.99998 6.59815e-06 1.45286e-06)
(-9.99999 7.41452e-06 1.01291e-06)
(-9.99999 8.21892e-06 5.94784e-07)
(-9.99999 8.97118e-06 3.86338e-07)
(-9.99999 9.69302e-06 2.0018e-07)
(-9.99999 1.03387e-05 1.07457e-07)
(-9.99999 1.09163e-05 -1.35956e-07)
(-9.99999 1.14293e-05 -2.53228e-07)
(-9.99999 1.19063e-05 -4.35636e-07)
(-9.99999 1.23598e-05 -5.62399e-07)
(-10 3.40273e-07 9.45323e-07)
(-9.99999 1.04713e-06 2.32465e-06)
(-9.99999 1.80744e-06 3.01941e-06)
(-9.99998 2.59729e-06 3.12497e-06)
(-9.99998 3.41419e-06 2.79903e-06)
(-9.99998 4.21768e-06 2.33197e-06)
(-9.99998 5.0331e-06 1.80512e-06)
(-9.99998 5.80679e-06 1.27246e-06)
(-9.99998 6.63119e-06 8.82794e-07)
(-9.99999 7.4367e-06 5.81836e-07)
(-9.99999 8.23506e-06 2.58885e-07)
(-9.99999 8.92946e-06 8.10928e-08)
(-9.99999 9.55717e-06 -8.23234e-08)
(-9.99999 1.00904e-05 -1.34358e-07)
(-9.99999 1.05657e-05 -3.49041e-07)
(-9.99999 1.09732e-05 -5.01362e-07)
(-9.99999 1.13496e-05 -6.01583e-07)
(-10 2.83278e-07 9.34667e-07)
(-9.99999 8.76913e-07 2.30026e-06)
(-9.99999 1.48535e-06 2.96782e-06)
(-9.99998 2.12767e-06 3.03534e-06)
(-9.99998 2.78332e-06 2.73047e-06)
(-9.99998 3.44909e-06 2.2077e-06)
(-9.99998 4.11051e-06 1.65679e-06)
(-9.99998 4.88644e-06 1.22815e-06)
(-9.99998 5.65427e-06 8.11556e-07)
(-9.99998 6.47358e-06 4.13467e-07)
(-9.99999 7.19615e-06 1.71152e-07)
(-9.99999 7.9262e-06 -1.71377e-08)
(-9.99999 8.5217e-06 -1.19515e-07)
(-9.99999 9.03498e-06 -3.29501e-07)
(-9.99999 9.43353e-06 -4.37083e-07)
(-9.99999 9.77925e-06 -5.78951e-07)
(-9.99999 1.00779e-05 -6.50418e-07)
(-10 2.39751e-07 9.31175e-07)
(-9.99999 7.28548e-07 2.28667e-06)
(-9.99999 1.16496e-06 2.94777e-06)
(-9.99998 1.63273e-06 3.0069e-06)
(-9.99998 2.08121e-06 2.65798e-06)
(-9.99998 2.56186e-06 2.1684e-06)
(-9.99998 3.13652e-06 1.641e-06)
(-9.99998 3.77243e-06 1.14326e-06)
(-9.99998 4.49365e-06 7.15759e-07)
(-9.99998 5.2675e-06 3.83753e-07)
(-9.99999 5.99215e-06 4.19486e-08)
(-9.99999 6.65487e-06 -1.47793e-07)
(-9.99999 7.22218e-06 -3.09703e-07)
(-9.99999 7.70366e-06 -3.71651e-07)
(-9.99999 8.07936e-06 -5.37021e-07)
(-9.99999 8.39035e-06 -6.2893e-07)
(-9.99999 8.5906e-06 -6.74858e-07)
(-9.99999 2.27477e-07 9.36929e-07)
(-9.99999 5.72563e-07 2.29835e-06)
(-9.99999 8.65641e-07 2.97698e-06)
(-9.99998 1.10311e-06 3.02536e-06)
(-9.99998 1.36497e-06 2.69503e-06)
(-9.99998 1.64228e-06 2.18337e-06)
(-9.99998 2.04918e-06 1.65192e-06)
(-9.99998 2.54035e-06 1.11322e-06)
(-9.99998 3.27588e-06 6.76005e-07)
(-9.99998 3.8364e-06 1.94762e-07)
(-9.99998 4.5454e-06 -9.05624e-08)
(-9.99999 5.04704e-06 -3.38002e-07)
(-9.99999 5.76614e-06 -4.03275e-07)
(-9.99999 6.11852e-06 -6.10277e-07)
(-9.99999 6.61503e-06 -6.46698e-07)
(-9.99999 6.81361e-06 -7.51102e-07)
(-9.99999 6.94996e-06 -7.28904e-07)
(-9.99999 2.22057e-07 9.46116e-07)
(-9.99999 4.91708e-07 2.34906e-06)
(-9.99999 6.59547e-07 3.0737e-06)
(-9.99998 7.13693e-07 3.12668e-06)
(-9.99998 7.6313e-07 2.80588e-06)
(-9.99998 8.52185e-07 2.3547e-06)
(-9.99998 1.08243e-06 1.70612e-06)
(-9.99998 1.51838e-06 1.18314e-06)
(-9.99998 1.90198e-06 5.84034e-07)
(-9.99998 2.47392e-06 1.42654e-07)
(-9.99998 2.80247e-06 -3.35666e-07)
(-9.99999 3.53822e-06 -4.55082e-07)
(-9.99999 3.82806e-06 -7.30946e-07)
(-9.99999 4.51916e-06 -6.92213e-07)
(-9.99999 4.73445e-06 -9.0559e-07)
(-9.99999 5.08355e-06 -7.85524e-07)
(-9.99999 5.06246e-06 -7.89815e-07)
(-9.99999 2.92396e-07 9.60446e-07)
(-9.99999 7.38504e-07 2.41559e-06)
(-9.99999 8.25854e-07 3.13483e-06)
(-9.99998 7.39555e-07 3.20692e-06)
(-9.99998 5.42708e-07 2.95495e-06)
(-9.99998 4.92417e-07 2.3892e-06)
(-9.99998 5.36678e-07 1.86422e-06)
(-9.99998 7.07414e-07 1.16638e-06)
(-9.99998 8.63166e-07 5.73377e-07)
(-9.99998 1.05693e-06 -5.02897e-08)
(-9.99998 1.32056e-06 -4.06037e-07)
(-9.99998 1.64232e-06 -7.27879e-07)
(-9.99999 2.01077e-06 -8.01452e-07)
(-9.99999 2.34213e-06 -1.05726e-06)
(-9.99999 2.64125e-06 -9.21224e-07)
(-9.99999 2.7373e-06 -9.19913e-07)
(-9.99999 2.91115e-06 -8.10227e-07)
(-9.99999 1.90239e-07 9.29878e-07)
(-9.99999 4.97356e-07 2.28086e-06)
(-9.99999 5.37364e-07 2.93261e-06)
(-9.99998 4.48489e-07 3.04629e-06)
(-9.99998 2.91429e-07 2.76025e-06)
(-9.99998 2.21989e-07 2.34131e-06)
(-9.99998 2.42243e-07 1.72699e-06)
(-9.99998 1.15823e-07 1.10376e-06)
(-9.99998 2.99411e-07 4.96658e-07)
(-9.99998 5.52371e-08 -6.92526e-08)
(-9.99998 4.59913e-07 -4.53599e-07)
(-9.99998 1.66122e-07 -7.25705e-07)
(-9.99999 6.69768e-07 -9.33255e-07)
(-9.99999 3.91611e-07 -9.997e-07)
(-9.99999 8.24017e-07 -9.55718e-07)
(-9.99999 6.16028e-07 -9.26203e-07)
(-9.99999 8.33871e-07 -7.86057e-07)
(-10 3.15269e-06 4.90999e-07)
(-10 3.3681e-06 4.58394e-07)
(-10 3.41661e-06 2.64174e-07)
(-10 3.57418e-06 4.2413e-07)
(-10 3.71836e-06 4.00773e-07)
(-10 3.97498e-06 4.825e-07)
(-10 -6.00343e-08 7.65174e-07)
(-10 -4.69515e-08 1.844e-06)
(-10 1.01785e-07 2.36797e-06)
(-10 3.80104e-07 2.46394e-06)
(-10 7.26997e-07 2.33451e-06)
(-10 1.1247e-06 2.10538e-06)
(-10 1.5456e-06 1.89219e-06)
(-10 1.97406e-06 1.54655e-06)
(-10 2.42093e-06 1.29477e-06)
(-10 2.80734e-06 1.01599e-06)
(-10 3.19288e-06 8.52302e-07)
(-10 3.43316e-06 6.84355e-07)
(-10 3.63562e-06 4.89115e-07)
(-10 3.82781e-06 4.96561e-07)
(-10 3.93604e-06 4.70384e-07)
(-10 4.07538e-06 4.71105e-07)
(-10 4.30239e-06 4.95537e-07)
(-10 4.04429e-08 7.73204e-07)
(-10 1.45739e-07 1.85974e-06)
(-10 2.88711e-07 2.3952e-06)
(-10 4.96189e-07 2.51578e-06)
(-10 7.92978e-07 2.39634e-06)
(-10 1.16946e-06 2.17404e-06)
(-10 1.61114e-06 1.87641e-06)
(-10 2.0881e-06 1.62319e-06)
(-10 2.55261e-06 1.31976e-06)
(-10 3.02681e-06 1.08142e-06)
(-10 3.41454e-06 8.53453e-07)
(-10 3.77049e-06 7.33685e-07)
(-10 4.06096e-06 6.62365e-07)
(-10 4.31343e-06 5.24049e-07)
(-10 4.522e-06 4.99501e-07)
(-10 4.73229e-06 4.70586e-07)
(-10 5.0172e-06 4.63945e-07)
(-10 3.80794e-08 7.9567e-07)
(-10 1.56641e-07 1.90659e-06)
(-10 3.48379e-07 2.46373e-06)
(-10 6.20204e-07 2.59389e-06)
(-10 9.78074e-07 2.47904e-06)
(-10 1.40444e-06 2.23587e-06)
(-10 1.88666e-06 1.97566e-06)
(-10 2.39145e-06 1.62298e-06)
(-10 2.89184e-06 1.35147e-06)
(-10 3.38585e-06 1.07963e-06)
(-10 3.81022e-06 9.26967e-07)
(-10 4.20693e-06 7.67286e-07)
(-10 4.54446e-06 5.96496e-07)
(-10 4.86854e-06 5.62387e-07)
(-10 5.13646e-06 4.656e-07)
(-10 5.41329e-06 4.14628e-07)
(-10 5.72854e-06 3.82155e-07)
(-10 5.27746e-08 8.136e-07)
(-10 2.16407e-07 1.95377e-06)
(-10 4.67248e-07 2.52839e-06)
(-10 8.0843e-07 2.67118e-06)
(-10 1.23003e-06 2.55556e-06)
(-10 1.71558e-06 2.31456e-06)
(-10 2.24364e-06 1.97562e-06)
(-10 2.79022e-06 1.69958e-06)
(-10 3.332e-06 1.36448e-06)
(-10 3.84072e-06 1.11368e-06)
(-10 4.32694e-06 8.68776e-07)
(-10 4.74697e-06 7.46695e-07)
(-10 5.1301e-06 6.89012e-07)
(-10 5.46305e-06 5.13257e-07)
(-10 5.79039e-06 4.44355e-07)
(-10 6.10168e-06 3.69244e-07)
(-10 6.42988e-06 3.20697e-07)
(-10 8.0605e-08 8.38271e-07)
(-10 3.07938e-07 2.01041e-06)
(-10 6.31685e-07 2.60225e-06)
(-10 1.04823e-06 2.74739e-06)
(-10 1.54179e-06 2.62747e-06)
(-9.99999 2.0905e-06 2.36258e-06)
(-9.99999 2.67354e-06 2.07373e-06)
(-9.99999 3.26591e-06 1.6781e-06)
(-9.99999 3.84486e-06 1.37922e-06)
(-9.99999 4.40321e-06 1.08284e-06)
(-10 4.89434e-06 9.20855e-07)
(-10 5.35331e-06 7.46216e-07)
(-10 5.75365e-06 5.58493e-07)
(-10 6.13097e-06 5.20615e-07)
(-10 6.45558e-06 3.93491e-07)
(-10 6.77712e-06 3.13224e-07)
(-10 7.0972e-06 2.54418e-07)
(-10 1.17617e-07 8.57633e-07)
(-10 4.24344e-07 2.05727e-06)
(-10 8.31283e-07 2.66202e-06)
(-10 1.33181e-06 2.81275e-06)
(-9.99999 1.90389e-06 2.68661e-06)
(-9.99999 2.52292e-06 2.42258e-06)
(-9.99999 3.16361e-06 2.04436e-06)
(-9.99999 3.80432e-06 1.74416e-06)
(-9.99999 4.42586e-06 1.37522e-06)
(-9.99999 4.99907e-06 1.10454e-06)
(-9.99999 5.54499e-06 8.33826e-07)
(-9.99999 6.01312e-06 7.07143e-07)
(-10 6.43577e-06 6.55769e-07)
(-10 6.79219e-06 4.6209e-07)
(-10 7.1422e-06 3.90718e-07)
(-10 7.45242e-06 2.99028e-07)
(-10 7.77442e-06 2.46542e-07)
(-10 1.62495e-07 8.8164e-07)
(-10 5.59634e-07 2.11083e-06)
(-10 1.05828e-06 2.72873e-06)
(-10 1.64858e-06 2.8743e-06)
(-9.99999 2.30331e-06 2.73827e-06)
(-9.99999 2.99434e-06 2.44562e-06)
(-9.99999 3.69609e-06 2.13192e-06)
(-9.99999 4.3852e-06 1.69638e-06)
(-9.99999 5.04119e-06 1.37677e-06)
(-9.99999 5.66275e-06 1.05682e-06)
(-9.99999 6.20144e-06 8.91647e-07)
(-9.99999 6.69838e-06 7.0657e-07)
(-9.99999 7.12307e-06 5.07157e-07)
(-9.99999 7.5173e-06 4.89862e-07)
(-10 7.84461e-06 3.60803e-07)
(-10 8.15415e-06 2.86362e-07)
(-10 8.46646e-06 2.2881e-07)
(-10 2.10802e-07 8.99102e-07)
(-10 7.05e-07 2.15275e-06)
(-10 1.30078e-06 2.77766e-06)
(-9.99999 1.98385e-06 2.92251e-06)
(-9.99999 2.72399e-06 2.77602e-06)
(-9.99999 3.48999e-06 2.48376e-06)
(-9.99999 4.2527e-06 2.06871e-06)
(-9.99999 4.98972e-06 1.75193e-06)
(-9.99999 5.68677e-06 1.35718e-06)
(-9.99999 6.31636e-06 1.07396e-06)
(-9.99999 6.90642e-06 7.85381e-07)
(-9.99999 7.40896e-06 6.61448e-07)
(-9.99999 7.85657e-06 6.29142e-07)
(-9.99999 8.23179e-06 4.33464e-07)
(-9.99999 8.58398e-06 3.73345e-07)
(-9.99999 8.9099e-06 3.00822e-07)
(-9.99999 9.21681e-06 2.47997e-07)
(-10 2.61665e-07 9.21666e-07)
(-10 8.56571e-07 2.20053e-06)
(-10 1.55019e-06 2.83171e-06)
(-9.99999 2.32545e-06 2.96565e-06)
(-9.99999 3.14924e-06 2.80366e-06)
(-9.99999 3.9867e-06 2.47908e-06)
(-9.99999 4.80861e-06 2.14284e-06)
(-9.99999 5.5915e-06 1.67418e-06)
(-9.99999 6.31874e-06 1.34145e-06)
(-9.99999 6.99344e-06 1.00759e-06)
(-9.99999 7.57771e-06 8.46544e-07)
(-9.99999 8.10821e-06 6.57477e-07)
(-9.99999 8.56561e-06 4.52384e-07)
(-9.99999 8.98941e-06 4.54387e-07)
(-9.99999 9.34743e-06 3.3459e-07)
(-9.99999 9.69526e-06 2.67632e-07)
(-9.99999 1.0031e-05 2.19804e-07)
(-10 3.10739e-07 9.36406e-07)
(-10 1.00274e-06 2.23234e-06)
(-10 1.78961e-06 2.86397e-06)
(-9.99999 2.65255e-06 2.99227e-06)
(-9.99999 3.55538e-06 2.81602e-06)
(-9.99999 4.46121e-06 2.49224e-06)
(-9.99999 5.33772e-06 2.04114e-06)
(-9.99999 6.16284e-06 1.71252e-06)
(-9.99999 6.92585e-06 1.30228e-06)
(-9.99999 7.60942e-06 1.01541e-06)
(-9.99999 8.23947e-06 7.13381e-07)
(-9.99999 8.7851e-06 5.94456e-07)
(-9.99999 9.27768e-06 5.78039e-07)
(-9.99999 9.69927e-06 3.71393e-07)
(-9.99999 1.01192e-05 3.18975e-07)
(-9.99999 1.04944e-05 2.39709e-07)
(-9.99999 1.09022e-05 1.95305e-07)
(-10 3.57259e-07 9.56004e-07)
(-10 1.13833e-06 2.27059e-06)
(-9.99999 2.00952e-06 2.90343e-06)
(-9.99999 2.95054e-06 3.01367e-06)
(-9.99999 3.92204e-06 2.81668e-06)
(-9.99999 4.88578e-06 2.45483e-06)
(-9.99999 5.80913e-06 2.09545e-06)
(-9.99999 6.67076e-06 1.60387e-06)
(-9.99999 7.45856e-06 1.26569e-06)
(-9.99999 8.18058e-06 9.24194e-07)
(-9.99999 8.81395e-06 7.7019e-07)
(-9.99999 9.38962e-06 5.798e-07)
(-9.99999 9.90058e-06 3.61177e-07)
(-9.99999 1.03874e-05 3.69432e-07)
(-9.99999 1.08309e-05 2.33183e-07)
(-9.99999 1.12715e-05 1.56743e-07)
(-9.99999 1.17159e-05 1.04304e-07)
(-10 3.95578e-07 9.66314e-07)
(-10 1.24979e-06 2.29116e-06)
(-9.99999 2.18952e-06 2.91625e-06)
(-9.99999 3.19162e-06 3.01308e-06)
(-9.99999 4.2168e-06 2.79649e-06)
(-9.99999 5.22623e-06 2.43361e-06)
(-9.99999 6.1868e-06 1.95019e-06)
(-9.99999 7.07728e-06 1.61149e-06)
(-9.99999 7.89267e-06 1.1966e-06)
(-9.99999 8.62525e-06 9.12249e-07)
(-9.99999 9.29563e-06 6.06747e-07)
(-9.99999 9.8975e-06 4.9106e-07)
(-9.99999 1.04504e-05 4.82128e-07)
(-9.99999 1.09582e-05 2.57538e-07)
(-9.99999 1.14569e-05 1.8371e-07)
(-9.99999 1.19538e-05 8.86279e-08)
(-9.99999 1.24496e-05 3.47449e-08)
(-10 4.24185e-07 9.81737e-07)
(-10 1.33107e-06 2.31659e-06)
(-9.99999 2.31652e-06 2.93307e-06)
(-9.99999 3.35722e-06 3.00412e-06)
(-9.99999 4.41484e-06 2.75896e-06)
(-9.99999 5.45063e-06 2.35225e-06)
(-9.99999 6.43237e-06 1.96522e-06)
(-9.99999 7.34132e-06 1.46095e-06)
(-9.99999 8.17195e-06 1.12256e-06)
(-9.99999 8.93105e-06 7.85569e-07)
(-9.99999 9.62084e-06 6.43417e-07)
(-9.99999 1.02484e-05 4.58513e-07)
(-9.99999 1.0827e-05 2.3295e-07)
(-9.99999 1.13811e-05 2.29545e-07)
(-9.99999 1.19168e-05 7.10891e-08)
(-9.99999 1.24498e-05 -2.92277e-08)
(-9.99999 1.29918e-05 -9.53849e-08)
(-10 4.38043e-07 9.8633e-07)
(-9.99999 1.36764e-06 2.3195e-06)
(-9.99999 2.36843e-06 2.9182e-06)
(-9.99999 3.41855e-06 2.96795e-06)
(-9.99999 4.48185e-06 2.69726e-06)
(-9.99999 5.52174e-06 2.28742e-06)
(-9.99999 6.50798e-06 1.77346e-06)
(-9.99999 7.42364e-06 1.42426e-06)
(-9.99999 8.26736e-06 1.01862e-06)
(-9.99999 9.04406e-06 7.48265e-07)
(-9.99999 9.75304e-06 4.52938e-07)
(-9.99999 1.04148e-05 3.47466e-07)
(-9.99999 1.10268e-05 3.45187e-07)
(-9.99999 1.16058e-05 1.13251e-07)
(-9.99999 1.21644e-05 1.6478e-08)
(-9.99999 1.27196e-05 -1.01857e-07)
(-9.99999 1.32787e-05 -1.68632e-07)
(-10 4.35947e-07 9.95183e-07)
(-9.99999 1.35533e-06 2.32676e-06)
(-9.99999 2.33814e-06 2.90894e-06)
(-9.99999 3.36593e-06 2.92599e-06)
(-9.99999 4.40527e-06 2.62206e-06)
(-9.99999 5.42372e-06 2.16581e-06)
(-9.99999 6.39295e-06 1.74902e-06)
(-9.99999 7.30311e-06 1.24883e-06)
(-9.99999 8.15255e-06 9.18765e-07)
(-9.99999 8.94107e-06 5.98403e-07)
(-9.99999 9.6882e-06 4.72953e-07)
(-9.99999 1.03643e-05 3.08157e-07)
(-9.99999 1.09972e-05 9.27316e-08)
(-9.99999 1.15846e-05 8.15563e-08)
(-9.99999 1.21603e-05 -8.73014e-08)
(-9.99999 1.27147e-05 -2.05413e-07)
(-9.99999 1.32666e-05 -2.78332e-07)
(-10 4.15875e-07 9.9256e-07)
(-9.99999 1.28716e-06 2.31189e-06)
(-9.99999 2.21637e-06 2.86855e-06)
(-9.99999 3.18525e-06 2.85844e-06)
(-9.99999 4.16925e-06 2.52749e-06)
(-9.99999 5.13803e-06 2.06958e-06)
(-9.99999 6.07441e-06 1.53883e-06)
(-9.99999 6.96667e-06 1.18109e-06)
(-9.99999 7.81607e-06 7.99188e-07)
(-9.99999 8.63125e-06 5.46608e-07)
(-9.99999 9.37372e-06 2.78095e-07)
(-9.99999 1.00869e-05 1.85923e-07)
(-9.99999 1.0732e-05 1.92092e-07)
(-9.99999 1.13411e-05 -2.50073e-08)
(-9.99999 1.18877e-05 -1.34411e-07)
(-9.99999 1.24217e-05 -2.57795e-07)
(-9.99999 1.29415e-05 -3.20206e-07)
(-9.99999 3.77657e-07 9.94002e-07)
(-9.99999 1.16899e-06 2.30233e-06)
(-9.99999 2.00969e-06 2.83679e-06)
(-9.99999 2.88871e-06 2.79403e-06)
(-9.99998 3.7865e-06 2.43104e-06)
(-9.99998 4.68232e-06 1.93308e-06)
(-9.99998 5.56213e-06 1.49028e-06)
(-9.99998 6.42275e-06 1.0121e-06)
(-9.99999 7.26738e-06 6.90585e-07)
(-9.99999 8.07135e-06 3.9309e-07)
(-9.99999 8.86814e-06 2.77791e-07)
(-9.99999 9.57168e-06 1.36526e-07)
(-9.99999 1.02229e-05 -5.53126e-08)
(-9.99999 1.07821e-05 -7.94117e-08)
(-9.99999 1.13278e-05 -2.39002e-07)
(-9.99999 1.18137e-05 -3.56268e-07)
(-9.99999 1.22885e-05 -4.14228e-07)
(-9.99999 3.26054e-07 9.85625e-07)
(-9.99999 1.01543e-06 2.27574e-06)
(-9.99999 1.73357e-06 2.78385e-06)
(-9.99999 2.49617e-06 2.71718e-06)
(-9.99998 3.27359e-06 2.33353e-06)
(-9.99998 4.07127e-06 1.83947e-06)
(-9.99998 4.86936e-06 1.30906e-06)
(-9.99998 5.68465e-06 9.42985e-07)
(-9.99998 6.50028e-06 5.82836e-07)
(-9.99999 7.33072e-06 3.41474e-07)
(-9.99999 8.07192e-06 9.25172e-08)
(-9.99999 8.8e-06 3.45606e-09)
(-9.99999 9.42243e-06 6.93078e-10)
(-9.99999 1.00014e-05 -1.83716e-07)
(-9.99999 1.04571e-05 -2.9441e-07)
(-9.99999 1.08935e-05 -4.04027e-07)
(-9.99999 1.12933e-05 -4.42813e-07)
(-9.99999 2.75548e-07 9.8225e-07)
(-9.99999 8.41216e-07 2.25882e-06)
(-9.99999 1.43305e-06 2.75133e-06)
(-9.99998 2.04462e-06 2.66312e-06)
(-9.99998 2.68703e-06 2.25931e-06)
(-9.99998 3.34852e-06 1.74152e-06)
(-9.99998 4.04413e-06 1.28586e-06)
(-9.99998 4.78242e-06 8.34021e-07)
(-9.99998 5.56159e-06 5.06705e-07)
(-9.99999 6.31872e-06 2.07018e-07)
(-9.99999 7.09828e-06 7.11464e-08)
(-9.99999 7.76993e-06 -6.06719e-08)
(-9.99999 8.39099e-06 -2.23575e-07)
(-9.99999 8.86281e-06 -2.64274e-07)
(-9.99999 9.32595e-06 -3.95959e-07)
(-9.99999 9.70609e-06 -4.8525e-07)
(-9.99999 1.00292e-05 -5.16001e-07)
(-9.99999 2.40753e-07 9.72981e-07)
(-9.99999 6.87412e-07 2.23369e-06)
(-9.99999 1.15012e-06 2.71677e-06)
(-9.99998 1.58417e-06 2.61746e-06)
(-9.99998 2.06518e-06 2.21383e-06)
(-9.99998 2.54911e-06 1.71619e-06)
(-9.99998 3.12062e-06 1.21244e-06)
(-9.99998 3.74314e-06 8.10636e-07)
(-9.99998 4.43169e-06 4.44444e-07)
(-9.99998 5.15528e-06 1.53848e-07)
(-9.99999 5.79143e-06 -9.10641e-08)
(-9.99999 6.44245e-06 -2.17332e-07)
(-9.99999 7.02889e-06 -2.3952e-07)
(-9.99999 7.53227e-06 -3.91956e-07)
(-9.99999 7.94827e-06 -4.6855e-07)
(-9.99999 8.26133e-06 -5.46304e-07)
(-9.99999 8.55104e-06 -5.32559e-07)
(-9.99999 2.01395e-07 9.66426e-07)
(-9.99999 5.8084e-07 2.21935e-06)
(-9.99999 8.64341e-07 2.70845e-06)
(-9.99998 1.1482e-06 2.61292e-06)
(-9.99998 1.41913e-06 2.22363e-06)
(-9.99998 1.75245e-06 1.7369e-06)
(-9.99998 2.14938e-06 1.265e-06)
(-9.99998 2.63346e-06 8.0672e-07)
(-9.99998 3.19037e-06 4.2067e-07)
(-9.99998 3.73699e-06 4.06061e-08)
(-9.99998 4.27782e-06 -1.61569e-07)
(-9.99999 4.93309e-06 -3.33616e-07)
(-9.99999 5.39802e-06 -4.8407e-07)
(-9.99999 5.94206e-06 -5.5666e-07)
(-9.99999 6.27183e-06 -6.40918e-07)
(-9.99999 6.75784e-06 -6.57493e-07)
(-9.99999 6.85853e-06 -6.15443e-07)
(-9.99999 1.9143e-07 9.48862e-07)
(-9.99999 5.09641e-07 2.21011e-06)
(-9.99999 6.53618e-07 2.70429e-06)
(-9.99998 7.83091e-07 2.64703e-06)
(-9.99998 8.63299e-07 2.28537e-06)
(-9.99998 1.03497e-06 1.84473e-06)
(-9.99998 1.24409e-06 1.3487e-06)
(-9.99998 1.55741e-06 9.26368e-07)
(-9.99998 1.939e-06 3.84537e-07)
(-9.99998 2.26629e-06 6.49554e-08)
(-9.99998 2.75672e-06 -3.47806e-07)
(-9.99999 3.11737e-06 -4.49053e-07)
(-9.99999 3.71988e-06 -6.80476e-07)
(-9.99999 4.02114e-06 -7.55432e-07)
(-9.99999 4.69575e-06 -7.9705e-07)
(-9.99999 4.87269e-06 -7.41493e-07)
(-9.99999 5.02608e-06 -6.83984e-07)
(-9.99999 2.66698e-07 9.30068e-07)
(-9.99999 5.74076e-07 2.17577e-06)
(-9.99999 6.8253e-07 2.68698e-06)
(-9.99998 5.97308e-07 2.65328e-06)
(-9.99998 5.17982e-07 2.34796e-06)
(-9.99998 4.68954e-07 1.93126e-06)
(-9.99998 5.15405e-07 1.47654e-06)
(-9.99998 6.53577e-07 8.94132e-07)
(-9.99998 7.84957e-07 4.85546e-07)
(-9.99998 9.63392e-07 -1.1544e-07)
(-9.99998 1.21812e-06 -2.90293e-07)
(-9.99999 1.50399e-06 -7.15515e-07)
(-9.99999 1.79231e-06 -8.11449e-07)
(-9.99999 2.17402e-06 -1.00134e-06)
(-9.99999 2.58809e-06 -8.68561e-07)
(-9.99999 2.61078e-06 -9.48553e-07)
(-9.99999 2.86123e-06 -6.74493e-07)
(-9.99999 1.67039e-07 8.57725e-07)
(-9.99999 3.40327e-07 1.97174e-06)
(-9.99999 3.93479e-07 2.46094e-06)
(-9.99998 2.91398e-07 2.45711e-06)
(-9.99998 2.08092e-07 2.21237e-06)
(-9.99998 1.21475e-07 1.81495e-06)
(-9.99998 1.0415e-07 1.323e-06)
(-9.99998 1.34415e-07 8.72263e-07)
(-9.99998 9.96298e-08 3.03894e-07)
(-9.99998 2.42679e-07 -5.92142e-08)
(-9.99998 1.48931e-07 -4.79504e-07)
(-9.99999 4.43616e-07 -6.76954e-07)
(-9.99999 2.43659e-07 -9.55763e-07)
(-9.99999 7.67339e-07 -9.05594e-07)
(-9.99999 5.34366e-07 -1.02766e-06)
(-9.99999 7.39953e-07 -8.71743e-07)
(-9.99999 7.5631e-07 -7.75428e-07)
(-10 3.77062e-06 1.6829e-07)
(-10 3.88864e-06 1.4061e-07)
(-10 4.07816e-06 1.11682e-07)
(-10 1.81635e-09 3.2285e-07)
(-10 7.96863e-08 7.46685e-07)
(-10 2.64606e-07 9.23722e-07)
(-10 5.40734e-07 9.24124e-07)
(-10 8.85276e-07 8.47477e-07)
(-10 1.26481e-06 7.46637e-07)
(-10 1.66687e-06 6.53819e-07)
(-10 2.06989e-06 5.66139e-07)
(-10 2.47755e-06 4.7269e-07)
(-10 2.85815e-06 4.417e-07)
(-10 3.20025e-06 2.90518e-07)
(-10 3.52768e-06 2.71169e-07)
(-10 3.76551e-06 1.11289e-07)
(-10 3.98585e-06 2.41611e-07)
(-10 3.96959e-06 1.71721e-07)
(-10 4.12241e-06 1.67127e-07)
(-10 4.37123e-06 1.54609e-07)
(-10 5.21035e-08 3.25277e-07)
(-10 1.75405e-07 7.50124e-07)
(-10 3.35106e-07 9.34157e-07)
(-10 5.63115e-07 9.44278e-07)
(-10 8.67013e-07 8.74411e-07)
(-10 1.24015e-06 7.74275e-07)
(-10 1.66257e-06 6.73662e-07)
(-10 2.11538e-06 5.74085e-07)
(-10 2.56495e-06 4.85754e-07)
(-10 3.00999e-06 3.77207e-07)
(-10 3.43272e-06 3.52615e-07)
(-10 3.78883e-06 2.69057e-07)
(-10 4.13269e-06 2.71453e-07)
(-10 4.34248e-06 1.36293e-07)
(-10 4.51708e-06 1.95126e-07)
(-10 4.71992e-06 1.78239e-07)
(-10 5.00327e-06 1.66757e-07)
(-10 5.66888e-08 3.32178e-07)
(-10 2.06132e-07 7.70418e-07)
(-10 4.15403e-07 9.60838e-07)
(-10 7.00125e-07 9.77665e-07)
(-10 1.0572e-06 9.06705e-07)
(-10 1.47661e-06 8.03189e-07)
(-10 1.93955e-06 6.94963e-07)
(-10 2.4269e-06 5.87966e-07)
(-10 2.91086e-06 4.82563e-07)
(-10 3.38152e-06 4.28242e-07)
(-10 3.82046e-06 3.05058e-07)
(-10 4.20772e-06 2.85843e-07)
(-10 4.57985e-06 1.68675e-07)
(-10 4.85484e-06 2.64854e-07)
(-10 5.11843e-06 1.67784e-07)
(-10 5.38102e-06 1.57228e-07)
(-10 5.68379e-06 1.43466e-07)
(-10 7.56769e-08 3.40164e-07)
(-10 2.71587e-07 7.89717e-07)
(-10 5.40098e-07 9.87776e-07)
(-10 8.87339e-07 1.00822e-06)
(-10 1.30567e-06 9.37709e-07)
(-10 1.78026e-06 8.3201e-07)
(-10 2.29266e-06 7.1598e-07)
(-10 2.82179e-06 6.02446e-07)
(-10 3.34705e-06 5.0097e-07)
(-10 3.84961e-06 3.73745e-07)
(-10 4.31552e-06 3.60806e-07)
(-10 4.73882e-06 2.69684e-07)
(-10 5.10875e-06 2.9976e-07)
(-10 5.46273e-06 1.25336e-07)
(-10 5.76085e-06 1.80701e-07)
(-10 6.0611e-06 1.52426e-07)
(-10 6.38222e-06 1.30955e-07)
(-10 1.04937e-07 3.505e-07)
(-10 3.64874e-07 8.14563e-07)
(-10 7.03455e-07 1.01912e-06)
(-10 1.12256e-06 1.04079e-06)
(-10 1.60961e-06 9.67219e-07)
(-9.99999 2.1466e-06 8.54931e-07)
(-9.99999 2.71364e-06 7.34177e-07)
(-9.99999 3.29043e-06 6.13226e-07)
(-9.99999 3.85556e-06 4.94604e-07)
(-10 4.39338e-06 4.3535e-07)
(-10 4.88997e-06 2.95916e-07)
(-10 5.33588e-06 2.79325e-07)
(-10 5.75156e-06 1.51595e-07)
(-10 6.09411e-06 2.64602e-07)
(-10 6.43481e-06 1.44154e-07)
(-10 6.74536e-06 1.24761e-07)
(-10 7.07002e-06 1.05341e-07)
(-10 1.42506e-07 3.5963e-07)
(-10 4.80791e-07 8.35265e-07)
(-10 9.00354e-07 1.04519e-06)
(-10 1.39974e-06 1.06769e-06)
(-9.99999 1.96249e-06 9.91966e-07)
(-9.99999 2.56757e-06 8.7689e-07)
(-9.99999 3.19322e-06 7.48059e-07)
(-9.99999 3.81892e-06 6.22064e-07)
(-9.99999 4.4268e-06 5.09529e-07)
(-9.99999 4.9983e-06 3.65883e-07)
(-9.99999 5.52193e-06 3.57305e-07)
(-9.99999 5.99468e-06 2.55743e-07)
(-10 6.39867e-06 2.9809e-07)
(-10 6.79309e-06 9.58538e-08)
(-10 7.11951e-06 1.64083e-07)
(-10 7.44033e-06 1.2702e-07)
(-10 7.75664e-06 1.09212e-07)
(-10 1.86744e-07 3.70411e-07)
(-10 6.13699e-07 8.5972e-07)
(-10 1.12222e-06 1.07438e-06)
(-10 1.70806e-06 1.09513e-06)
(-9.99999 2.35109e-06 1.0141e-06)
(-9.99999 3.02723e-06 8.90653e-07)
(-9.99999 3.71345e-06 7.57861e-07)
(-9.99999 4.38931e-06 6.24903e-07)
(-9.99999 5.03528e-06 4.95356e-07)
(-9.99999 5.63858e-06 4.3473e-07)
(-9.99999 6.1876e-06 2.77468e-07)
(-9.99999 6.67397e-06 2.64578e-07)
(-9.99999 7.12073e-06 1.21917e-07)
(-9.99999 7.48392e-06 2.65323e-07)
(-10 7.83258e-06 1.26001e-07)
(-10 8.15571e-06 1.1509e-07)
(-10 8.45994e-06 9.11235e-08)
(-10 2.34437e-07 3.79029e-07)
(-10 7.56675e-07 8.78517e-07)
(-10 1.35916e-06 1.09634e-06)
(-9.99999 2.03483e-06 1.11528e-06)
(-9.99999 2.76041e-06 1.03019e-06)
(-9.99999 3.50938e-06 9.032e-07)
(-9.99999 4.25663e-06 7.61941e-07)
(-9.99999 4.98089e-06 6.25351e-07)
(-9.99999 5.66704e-06 5.04803e-07)
(-9.99999 6.30011e-06 3.46547e-07)
(-9.99999 6.87181e-06 3.46234e-07)
(-9.99999 7.38218e-06 2.3621e-07)
(-9.99999 7.81414e-06 2.9622e-07)
(-9.99999 8.2236e-06 6.91527e-08)
(-9.99999 8.57014e-06 1.54465e-07)
(-9.99999 8.88853e-06 1.28261e-07)
(-9.99999 9.22501e-06 1.03998e-07)
(-10 2.8402e-07 3.89319e-07)
(-10 9.03524e-07 9.0106e-07)
(-10 1.60048e-06 1.12108e-06)
(-9.99999 2.36526e-06 1.13592e-06)
(-9.99999 3.172e-06 1.04324e-06)
(-9.99999 3.99138e-06 9.06169e-07)
(-9.99999 4.79701e-06 7.61002e-07)
(-9.99999 5.56822e-06 6.17839e-07)
(-9.99999 6.28884e-06 4.7957e-07)
(-9.99999 6.94979e-06 4.21731e-07)
(-9.99999 7.54538e-06 2.49786e-07)
(-9.99999 8.07023e-06 2.43155e-07)
(-9.99999 8.54961e-06 8.79691e-08)
(-9.99999 8.94185e-06 2.58767e-07)
(-9.99999 9.32216e-06 1.14932e-07)
(-9.99999 9.66273e-06 9.79946e-08)
(-9.99999 1.00172e-05 9.76833e-08)
(-10 3.31817e-07 3.96914e-07)
(-10 1.04526e-06 9.1608e-07)
(-9.99999 1.83232e-06 1.13658e-06)
(-9.99999 2.68136e-06 1.14713e-06)
(-9.99999 3.56402e-06 1.0484e-06)
(-9.99999 4.4491e-06 9.06952e-07)
(-9.99999 5.30878e-06 7.52655e-07)
(-9.99999 6.12266e-06 6.0672e-07)
(-9.99999 6.87845e-06 4.80877e-07)
(-9.99999 7.56743e-06 3.11632e-07)
(-9.99999 8.1867e-06 3.20372e-07)
(-9.99999 8.74128e-06 2.05831e-07)
(-9.99999 9.21524e-06 2.83415e-07)
(-9.99999 9.6709e-06 3.11054e-08)
(-9.99999 1.00615e-05 1.3425e-07)
(-9.99999 1.04551e-05 1.02239e-07)
(-9.99999 1.0842e-05 9.29523e-08)
(-10 3.75997e-07 4.06181e-07)
(-10 1.17424e-06 9.35075e-07)
(-9.99999 2.04144e-06 1.15525e-06)
(-9.99999 2.96418e-06 1.15897e-06)
(-9.99999 3.91229e-06 1.05015e-06)
(-9.99999 4.85315e-06 8.96479e-07)
(-9.99999 5.75895e-06 7.37843e-07)
(-9.99999 6.61029e-06 5.85694e-07)
(-9.99999 7.39486e-06 4.41651e-07)
(-9.99999 8.10942e-06 3.88137e-07)
(-9.99999 8.75426e-06 2.07572e-07)
(-9.99999 9.32924e-06 2.08098e-07)
(-9.99999 9.85913e-06 3.80178e-08)
(-9.99999 1.03208e-05 2.36071e-07)
(-9.99999 1.07689e-05 6.87257e-08)
(-9.99999 1.12073e-05 6.65847e-08)
(-9.99999 1.16534e-05 4.95356e-08)
(-10 4.12028e-07 4.11904e-07)
(-10 1.27899e-06 9.44815e-07)
(-9.99999 2.2098e-06 1.16211e-06)
(-9.99999 3.18965e-06 1.15803e-06)
(-9.99999 4.18769e-06 1.0406e-06)
(-9.99999 5.17145e-06 8.80843e-07)
(-9.99999 6.11324e-06 7.12508e-07)
(-9.99999 6.99409e-06 5.58343e-07)
(-9.99999 7.8058e-06 4.2992e-07)
(-9.99999 8.5461e-06 2.54703e-07)
(-9.99999 9.21744e-06 2.72618e-07)
(-9.99999 9.82801e-06 1.57521e-07)
(-9.99999 1.03736e-05 2.50256e-07)
(-9.99999 1.08905e-05 -2.21046e-08)
(-9.99999 1.13817e-05 8.46351e-08)
(-9.99999 1.18644e-05 5.08779e-08)
(-9.99999 1.23729e-05 4.28979e-08)
(-10 4.3737e-07 4.19342e-07)
(-9.99999 1.35077e-06 9.58433e-07)
(-9.99999 2.3221e-06 1.17147e-06)
(-9.99999 3.33627e-06 1.15739e-06)
(-9.99999 4.36347e-06 1.02686e-06)
(-9.99999 5.372e-06 8.5266e-07)
(-9.99999 6.33505e-06 6.78997e-07)
(-9.99999 7.23573e-06 5.19136e-07)
(-9.99999 8.06707e-06 3.72154e-07)
(-9.99999 8.82904e-06 3.24818e-07)
(-9.99999 9.52744e-06 1.45019e-07)
(-9.99999 1.01648e-05 1.52512e-07)
(-9.99999 1.07563e-05 -2.34009e-08)
(-9.99999 1.13058e-05 1.81923e-07)
(-9.99999 1.18326e-05 8.61595e-09)
(-9.99999 1.23589e-05 -4.96986e-09)
(-9.99999 1.28975e-05 -1.18067e-08)
(-10 4.4781e-07 4.22452e-07)
(-9.99999 1.37798e-06 9.60574e-07)
(-9.99999 2.36046e-06 1.16658e-06)
(-9.99999 3.38113e-06 1.14128e-06)
(-9.99999 4.4122e-06 9.99506e-07)
(-9.99999 5.42417e-06 8.17942e-07)
(-9.99999 6.39223e-06 6.34653e-07)
(-9.99999 7.30181e-06 4.73871e-07)
(-9.99999 8.14755e-06 3.46017e-07)
(-9.99999 8.93143e-06 1.73099e-07)
(-9.99999 9.65615e-06 1.97897e-07)
(-9.99999 1.03265e-05 9.06371e-08)
(-9.99999 1.09463e-05 1.9374e-07)
(-9.99999 1.15187e-05 -8.2316e-08)
(-9.99999 1.208e-05 1.72478e-08)
(-9.99999 1.26272e-05 -2.17974e-08)
(-9.99999 1.31844e-05 -3.25559e-08)
(-9.99999 4.41735e-07 4.27155e-07)
(-9.99999 1.35559e-06 9.66704e-07)
(-9.99999 2.31677e-06 1.16509e-06)
(-9.99999 3.31255e-06 1.12745e-06)
(-9.99999 4.31936e-06 9.71136e-07)
(-9.99999 5.31046e-06 7.74606e-07)
(-9.99999 6.26493e-06 5.86398e-07)
(-9.99999 7.17063e-06 4.21673e-07)
(-9.99999 8.02445e-06 2.7631e-07)
(-9.99999 8.82446e-06 2.34715e-07)
(-9.99999 9.57332e-06 6.75044e-08)
(-9.99999 1.02689e-05 8.18817e-08)
(-9.99999 1.09052e-05 -8.78409e-08)
(-9.99999 1.15167e-05 1.12285e-07)
(-9.99999 1.2073e-05 -5.89253e-08)
(-9.99999 1.26245e-05 -7.8914e-08)
(-9.99999 1.31792e-05 -8.72138e-08)
(-9.99999 4.1714e-07 4.27083e-07)
(-9.99999 1.27957e-06 9.60785e-07)
(-9.99999 2.18382e-06 1.14949e-06)
(-9.99999 3.12291e-06 1.09858e-06)
(-9.99999 4.07528e-06 9.30778e-07)
(-9.99999 5.02153e-06 7.27327e-07)
(-9.99999 5.94356e-06 5.32238e-07)
(-9.99999 6.83452e-06 3.67883e-07)
(-9.99999 7.68726e-06 2.43534e-07)
(-9.99999 8.50272e-06 7.98102e-08)
(-9.99999 9.27179e-06 1.05997e-07)
(-9.99999 9.98536e-06 1.43576e-08)
(-9.99999 1.06535e-05 1.20098e-07)
(-9.99999 1.12304e-05 -1.36577e-07)
(-9.99999 1.18023e-05 -5.25744e-08)
(-9.99999 1.23322e-05 -9.39787e-08)
(-9.99999 1.28566e-05 -1.02454e-07)
(-9.99999 3.76076e-07 4.28167e-07)
(-9.99999 1.15564e-06 9.60627e-07)
(-9.99999 1.97207e-06 1.13906e-06)
(-9.99999 2.82358e-06 1.07758e-06)
(-9.99999 3.69403e-06 8.95957e-07)
(-9.99998 4.57093e-06 6.81408e-07)
(-9.99998 5.44108e-06 4.81719e-07)
(-9.99999 6.30052e-06 3.15954e-07)
(-9.99999 7.14408e-06 1.7326e-07)
(-9.99999 7.96251e-06 1.31892e-07)
(-9.99999 8.73921e-06 -1.4043e-08)
(-9.99999 9.46494e-06 6.67931e-10)
(-9.99999 1.00995e-05 -1.50624e-07)
(-9.99999 1.0718e-05 2.37058e-08)
(-9.99999 1.12293e-05 -1.2728e-07)
(-9.99999 1.17235e-05 -1.50559e-07)
(-9.99999 1.22066e-05 -1.55203e-07)
(-9.99999 3.25583e-07 4.25818e-07)
(-9.99999 9.92743e-07 9.50109e-07)
(-9.99999 1.70061e-06 1.11939e-06)
(-9.99999 2.43366e-06 1.04647e-06)
(-9.99998 3.19953e-06 8.56799e-07)
(-9.99998 3.97823e-06 6.38215e-07)
(-9.99998 4.77758e-06 4.35401e-07)
(-9.99998 5.5842e-06 2.70093e-07)
(-9.99999 6.40134e-06 1.4489e-07)
(-9.99999 7.20411e-06 -7.26692e-09)
(-9.99999 7.97676e-06 2.85203e-09)
(-9.99999 8.68296e-06 -7.10379e-08)
(-9.99999 9.34684e-06 2.14112e-08)
(-9.99999 9.85932e-06 -1.87869e-07)
(-9.99999 1.03695e-05 -1.3137e-07)
(-9.99999 1.0812e-05 -1.66103e-07)
(-9.99999 1.12224e-05 -1.68024e-07)
(-9.99999 2.67474e-07 4.27791e-07)
(-9.99999 8.2435e-07 9.4248e-07)
(-9.99999 1.4015e-06 1.11268e-06)
(-9.99998 2.00301e-06 1.02757e-06)
(-9.99998 2.63369e-06 8.36707e-07)
(-9.99998 3.29499e-06 6.06974e-07)
(-9.99998 3.98974e-06 4.08298e-07)
(-9.99998 4.72101e-06 2.35592e-07)
(-9.99998 5.48128e-06 9.41067e-08)
(-9.99999 6.23905e-06 3.06032e-08)
(-9.99999 6.96667e-06 -9.01753e-08)
(-9.99999 7.65022e-06 -9.29593e-08)
(-9.99999 8.22143e-06 -2.11093e-07)
(-9.99999 8.77467e-06 -8.99894e-08)
(-9.99999 9.21586e-06 -1.97322e-07)
(-9.99999 9.60141e-06 -2.15734e-07)
(-9.99999 9.96576e-06 -2.11915e-07)
(-9.99999 2.19971e-07 4.19358e-07)
(-9.99999 6.79201e-07 9.36617e-07)
(-9.99999 1.11136e-06 1.09415e-06)
(-9.99998 1.56998e-06 1.01319e-06)
(-9.99998 2.03661e-06 8.14132e-07)
(-9.99998 2.55609e-06 5.95398e-07)
(-9.99998 3.11043e-06 3.91888e-07)
(-9.99998 3.73831e-06 2.20963e-07)
(-9.99998 4.38611e-06 8.06425e-08)
(-9.99998 5.05949e-06 -7.10037e-08)
(-9.99999 5.70125e-06 -1.02436e-07)
(-9.99999 6.31369e-06 -1.66811e-07)
(-9.99999 6.89656e-06 -1.14232e-07)
(-9.99999 7.33818e-06 -2.5838e-07)
(-9.99999 7.77316e-06 -2.19444e-07)
(-9.99999 8.17504e-06 -2.49849e-07)
(-9.99999 8.4663e-06 -2.1876e-07)
(-9.99999 1.97328e-07 4.11165e-07)
(-9.99999 5.4308e-07 9.35912e-07)
(-9.99999 8.5004e-07 1.08167e-06)
(-9.99998 1.14007e-06 1.01622e-06)
(-9.99998 1.45439e-06 8.13851e-07)
(-9.99998 1.80295e-06 6.12555e-07)
(-9.99998 2.2195e-06 4.00148e-07)
(-9.99998 2.68501e-06 2.31724e-07)
(-9.99998 3.201e-06 5.76355e-08)
(-9.99998 3.72529e-06 -4.60297e-08)
(-9.99999 4.22447e-06 -1.6232e-07)
(-9.99999 4.75738e-06 -1.95968e-07)
(-9.99999 5.21495e-06 -3.16957e-07)
(-9.99999 5.66418e-06 -2.4526e-07)
(-9.99999 6.2044e-06 -3.37411e-07)
(-9.99999 6.56962e-06 -2.84759e-07)
(-9.99999 6.76068e-06 -2.79712e-07)
(-9.99999 1.7661e-07 4.16104e-07)
(-9.99999 4.37238e-07 9.06409e-07)
(-9.99999 6.3271e-07 1.08271e-06)
(-9.99998 7.64134e-07 1.00669e-06)
(-9.99998 9.18541e-07 8.42343e-07)
(-9.99998 1.09514e-06 6.35795e-07)
(-9.99998 1.34686e-06 4.47987e-07)
(-9.99998 1.62764e-06 2.62205e-07)
(-9.99998 1.98308e-06 8.91473e-08)
(-9.99998 2.27886e-06 -8.03693e-08)
(-9.99998 2.64157e-06 -1.45115e-07)
(-9.99999 3.06085e-06 -3.07377e-07)
(-9.99999 3.41884e-06 -2.60691e-07)
(-9.99999 3.9633e-06 -4.80687e-07)
(-9.99999 4.44989e-06 -2.73387e-07)
(-9.99999 4.71973e-06 -4.00422e-07)
(-9.99999 4.98864e-06 -2.97045e-07)
(-9.99999 1.78475e-07 3.99309e-07)
(-9.99999 4.40547e-07 8.77989e-07)
(-9.99999 5.21665e-07 1.06495e-06)
(-9.99998 5.02156e-07 1.00106e-06)
(-9.99998 4.51466e-07 8.58045e-07)
(-9.99998 4.55188e-07 6.60689e-07)
(-9.99998 5.04548e-07 4.82364e-07)
(-9.99998 6.39782e-07 2.87913e-07)
(-9.99998 7.62362e-07 9.28994e-08)
(-9.99998 9.01721e-07 -3.59778e-08)
(-9.99998 1.15593e-06 -2.54441e-07)
(-9.99999 1.35745e-06 -2.41182e-07)
(-9.99999 1.66666e-06 -5.57786e-07)
(-9.99999 2.15443e-06 -2.91529e-07)
(-9.99999 2.35298e-06 -5.34096e-07)
(-9.99999 2.57448e-06 -4.07132e-07)
(-9.99999 2.79685e-06 -3.09659e-07)
(-9.99999 9.98112e-08 3.45527e-07)
(-9.99999 2.42322e-07 7.99585e-07)
(-9.99999 2.5482e-07 9.54021e-07)
(-9.99998 2.03282e-07 9.30566e-07)
(-9.99998 1.21949e-07 7.8913e-07)
(-9.99998 7.65931e-08 6.24783e-07)
(-9.99998 5.03226e-08 4.39301e-07)
(-9.99998 8.84869e-08 2.5117e-07)
(-9.99998 7.23446e-08 7.10713e-08)
(-9.99998 1.25519e-07 -1.29706e-07)
(-9.99998 2.23399e-07 -1.94866e-07)
(-9.99999 2.14323e-07 -4.24616e-07)
(-9.99999 4.89375e-07 -3.61213e-07)
(-9.99999 5.11297e-07 -4.96362e-07)
(-9.99999 6.25145e-07 -4.61473e-07)
(-9.99999 7.1204e-07 -4.29462e-07)
(-9.99999 7.07702e-07 -3.48546e-07)
)
;

boundaryField
{
    frontAndBack
    {
        type            slip;
    }
    inlet
    {
        type            fixedValue;
        value           nonuniform List<vector> 0();
    }
    outlet
    {
        type            inletOutlet;
        inletValue      uniform (0 0 0);
        value           nonuniform List<vector> 
120
(
(-10 -1.76087e-07 1.32051e-07)
(-10 -2.53664e-08 1.56814e-07)
(-10 -2.85173e-08 1.42788e-07)
(-10 -1.36187e-08 1.66199e-07)
(-10 2.89611e-08 1.52677e-07)
(-10 7.4159e-08 1.66518e-07)
(-10 1.12683e-07 1.50567e-07)
(-10 1.64991e-07 1.71737e-07)
(-10 2.35293e-07 1.54756e-07)
(-10 2.96471e-07 1.6515e-07)
(-10 3.39169e-07 1.44585e-07)
(-10 3.84199e-07 1.62067e-07)
(-10 4.33971e-07 1.40283e-07)
(-10 4.57783e-07 1.47568e-07)
(-10 4.57972e-07 1.25155e-07)
(-10 4.40806e-07 1.36813e-07)
(-10 4.18275e-07 1.1689e-07)
(-10 3.56771e-07 1.21306e-07)
(-10 2.94246e-07 1.11696e-07)
(-10 2.10191e-07 1.20495e-07)
(-10 1.48167e-07 1.33884e-07)
(-10 8.26082e-08 1.48137e-07)
(-10 1.52418e-07 1.97424e-07)
(-10 1.32281e-07 2.55798e-07)
(-10 -1.82894e-07 4.66653e-07)
(-10 -1.19452e-08 5.06633e-07)
(-10 -1.6786e-08 4.98133e-07)
(-10 -1.2581e-09 5.34402e-07)
(-10 2.93603e-08 5.26969e-07)
(-10 7.15212e-08 5.5115e-07)
(-10 1.19206e-07 5.38278e-07)
(-10 1.70228e-07 5.68929e-07)
(-10 2.2706e-07 5.53808e-07)
(-10 2.83758e-07 5.70607e-07)
(-10 3.35316e-07 5.47748e-07)
(-10 3.7882e-07 5.70161e-07)
(-10 4.15847e-07 5.44278e-07)
(-10 4.38873e-07 5.52865e-07)
(-10 4.44528e-07 5.22853e-07)
(-10 4.30476e-07 5.33645e-07)
(-10 3.98891e-07 5.05102e-07)
(-10 3.50277e-07 5.06821e-07)
(-10 2.93233e-07 4.91903e-07)
(-10 2.37926e-07 4.98047e-07)
(-10 1.82718e-07 5.15552e-07)
(-10 1.62034e-07 5.61495e-07)
(-10 2.86995e-07 6.27111e-07)
(-10 2.05249e-07 6.73477e-07)
(-10 -1.31866e-07 7.76926e-07)
(-10 1.39837e-08 7.97746e-07)
(-10 6.19364e-09 8.18837e-07)
(-10 2.24261e-08 8.41638e-07)
(-10 4.98961e-08 8.62063e-07)
(-10 8.82954e-08 8.82634e-07)
(-10 1.34908e-07 8.9894e-07)
(-10 1.84404e-07 9.17265e-07)
(-10 2.37391e-07 9.31399e-07)
(-10 2.88895e-07 9.44949e-07)
(-10 3.38612e-07 9.52985e-07)
(-10 3.79861e-07 9.62504e-07)
(-10 4.1235e-07 9.6639e-07)
(-10 4.31003e-07 9.69175e-07)
(-10 4.33947e-07 9.65726e-07)
(-10 4.18616e-07 9.62309e-07)
(-10 3.84745e-07 9.54046e-07)
(-10 3.40273e-07 9.45323e-07)
(-10 2.83278e-07 9.34667e-07)
(-10 2.39751e-07 9.31175e-07)
(-9.99999 2.27477e-07 9.36929e-07)
(-9.99999 2.22057e-07 9.46116e-07)
(-9.99999 2.92396e-07 9.60446e-07)
(-9.99999 1.90239e-07 9.29878e-07)
(-10 -6.00343e-08 7.65174e-07)
(-10 4.04429e-08 7.73204e-07)
(-10 3.80794e-08 7.9567e-07)
(-10 5.27746e-08 8.136e-07)
(-10 8.0605e-08 8.38271e-07)
(-10 1.17617e-07 8.57633e-07)
(-10 1.62495e-07 8.8164e-07)
(-10 2.10802e-07 8.99102e-07)
(-10 2.61665e-07 9.21666e-07)
(-10 3.10739e-07 9.36406e-07)
(-10 3.57259e-07 9.56004e-07)
(-10 3.95578e-07 9.66314e-07)
(-10 4.24185e-07 9.81737e-07)
(-10 4.38043e-07 9.8633e-07)
(-10 4.35947e-07 9.95183e-07)
(-10 4.15875e-07 9.9256e-07)
(-9.99999 3.77657e-07 9.94002e-07)
(-9.99999 3.26054e-07 9.85625e-07)
(-9.99999 2.75548e-07 9.8225e-07)
(-9.99999 2.40753e-07 9.72981e-07)
(-9.99999 2.01395e-07 9.66426e-07)
(-9.99999 1.9143e-07 9.48862e-07)
(-9.99999 2.66698e-07 9.30068e-07)
(-9.99999 1.67039e-07 8.57725e-07)
(-10 1.81635e-09 3.2285e-07)
(-10 5.21035e-08 3.25277e-07)
(-10 5.66888e-08 3.32178e-07)
(-10 7.56769e-08 3.40164e-07)
(-10 1.04937e-07 3.505e-07)
(-10 1.42506e-07 3.5963e-07)
(-10 1.86744e-07 3.70411e-07)
(-10 2.34437e-07 3.79029e-07)
(-10 2.8402e-07 3.89319e-07)
(-10 3.31817e-07 3.96914e-07)
(-10 3.75997e-07 4.06181e-07)
(-10 4.12028e-07 4.11904e-07)
(-10 4.3737e-07 4.19342e-07)
(-10 4.4781e-07 4.22452e-07)
(-9.99999 4.41735e-07 4.27155e-07)
(-9.99999 4.1714e-07 4.27083e-07)
(-9.99999 3.76076e-07 4.28167e-07)
(-9.99999 3.25583e-07 4.25818e-07)
(-9.99999 2.67474e-07 4.27791e-07)
(-9.99999 2.19971e-07 4.19358e-07)
(-9.99999 1.97328e-07 4.11165e-07)
(-9.99999 1.7661e-07 4.16104e-07)
(-9.99999 1.78475e-07 3.99309e-07)
(-9.99999 9.98112e-08 3.45527e-07)
)
;
    }
    lowerWall
    {
        type            fixedValue;
        value           uniform (-10 0 0);
    }
    upperWall
    {
        type            slip;
    }
    procBoundary3to0
    {
        type            processor;
        value           nonuniform List<vector> 
101
(
(-10 -9.23315e-07 7.42124e-07)
(-10 -5.94047e-07 6.47969e-07)
(-10 -1.5856e-07 6.07963e-07)
(-10 1.4339e-07 3.92957e-07)
(-10 5.34611e-07 2.20984e-07)
(-10 9.48277e-07 1.60598e-07)
(-10 1.30725e-06 7.39805e-08)
(-10 1.64183e-06 5.81571e-08)
(-10 1.92582e-06 2.41233e-08)
(-10 2.22863e-06 7.9712e-08)
(-10 2.51497e-06 1.05974e-07)
(-10 2.78744e-06 1.87478e-07)
(-10 3.02019e-06 2.40514e-07)
(-10 3.24209e-06 2.84121e-07)
(-10 -2.94037e-07 1.6226e-07)
(-10 -7.64321e-07 3.99713e-07)
(-10 -7.73754e-07 7.78158e-07)
(-10 -7.73754e-07 7.78158e-07)
(-10 -4.09932e-07 2.3206e-06)
(-10 -9.63508e-08 2.20185e-06)
(-10 3.46577e-07 1.8711e-06)
(-10 4.90119e-07 1.21393e-06)
(-10 9.03196e-07 8.63055e-07)
(-10 1.21352e-06 5.40444e-07)
(-10 1.57016e-06 2.91684e-07)
(-10 1.87941e-06 1.79967e-07)
(-10 2.18621e-06 1.05661e-07)
(-10 2.46283e-06 2.24564e-07)
(-10 2.72231e-06 2.54275e-07)
(-10 2.96172e-06 4.26881e-07)
(-10 3.19719e-06 5.04364e-07)
(-10 3.39948e-06 6.79113e-07)
(-10 -2.9185e-07 4.71256e-07)
(-10 -6.51746e-07 1.22638e-06)
(-10 -6.70983e-07 1.95636e-06)
(-10 -4.09932e-07 2.3206e-06)
(-10 -9.63508e-08 2.20185e-06)
(-10 3.46577e-07 1.8711e-06)
(-10 3.46577e-07 1.8711e-06)
(-10 1.12155e-06 2.11587e-06)
(-10 1.55832e-06 1.63907e-06)
(-10 1.7042e-06 9.24112e-07)
(-10 2.00285e-06 5.7629e-07)
(-10 2.33942e-06 3.7238e-07)
(-10 2.55654e-06 2.48321e-07)
(-10 2.80268e-06 2.30151e-07)
(-10 3.01338e-06 2.65993e-07)
(-10 3.22478e-06 3.56421e-07)
(-10 3.44265e-06 4.70027e-07)
(-10 3.70622e-06 5.91544e-07)
(-10 -2.3002e-07 6.99459e-07)
(-10 -4.62366e-07 1.78643e-06)
(-10 -3.78799e-07 2.45427e-06)
(-10 -6.62271e-08 2.80991e-06)
(-10 3.34965e-07 2.68466e-06)
(-10 7.53807e-07 2.5281e-06)
(-10 1.12155e-06 2.11587e-06)
(-10 1.55832e-06 1.63907e-06)
(-10 1.55832e-06 1.63907e-06)
(-10 2.27842e-06 1.11376e-06)
(-10 2.56556e-06 8.60222e-07)
(-10 2.91953e-06 6.5095e-07)
(-10 2.98528e-06 3.05709e-07)
(-10 3.15994e-06 1.5872e-07)
(-10 3.37553e-06 2.01973e-07)
(-10 3.49657e-06 1.31588e-07)
(-10 3.73836e-06 2.37074e-07)
(-10 3.97097e-06 2.68616e-07)
(-10 -1.17949e-07 6.66258e-07)
(-10 -1.81985e-07 1.60857e-06)
(-10 -7.75721e-09 2.07997e-06)
(-10 3.30621e-07 2.19015e-06)
(-10 7.37712e-07 2.07282e-06)
(-10 1.1518e-06 1.87352e-06)
(-10 1.5442e-06 1.65228e-06)
(-10 1.91099e-06 1.46624e-06)
(-10 2.27842e-06 1.11376e-06)
(-10 2.56556e-06 8.60222e-07)
(-10 2.91953e-06 6.5095e-07)
(-10 2.91953e-06 6.5095e-07)
(-10 3.318e-06 1.93439e-07)
(-10 3.41543e-06 1.67536e-07)
(-10 3.61328e-06 9.86716e-09)
(-10 3.77681e-06 1.45691e-08)
(-10 3.9886e-06 3.08965e-08)
(-10 4.23786e-06 7.20635e-08)
(-10 -2.90556e-08 2.75796e-07)
(-10 2.54505e-08 6.48814e-07)
(-10 2.43366e-07 8.039e-07)
(-10 5.80716e-07 8.15774e-07)
(-10 9.71163e-07 7.47788e-07)
(-10 1.37007e-06 6.62188e-07)
(-10 1.75555e-06 5.76647e-07)
(-10 2.12158e-06 4.97427e-07)
(-10 2.47725e-06 4.40456e-07)
(-10 2.80285e-06 3.36559e-07)
(-10 3.07678e-06 3.46719e-07)
(-10 3.318e-06 1.93439e-07)
(-10 3.41543e-06 1.67536e-07)
(-10 3.61328e-06 9.86716e-09)
(-10 3.61328e-06 9.86716e-09)
)
;
    }
    procBoundary3to4
    {
        type            processor;
        value           nonuniform List<vector> 
125
(
(-10 4.06114e-06 4.00261e-07)
(-10 5.08586e-06 3.39142e-07)
(-10 5.90395e-06 2.66375e-07)
(-10 6.57723e-06 2.26001e-07)
(-10 7.23318e-06 1.75886e-07)
(-10 7.68944e-06 9.30101e-08)
(-10 8.06352e-06 1.02392e-07)
(-10 8.67543e-06 1.55926e-07)
(-9.99999 9.6316e-06 1.81266e-07)
(-9.99999 1.06566e-05 1.23499e-07)
(-9.99999 1.165e-05 9.61987e-08)
(-9.99999 1.26783e-05 6.95739e-08)
(-9.99999 1.36858e-05 2.64843e-09)
(-9.99999 1.42292e-05 -1.44657e-07)
(-9.99999 1.42639e-05 -2.09208e-07)
(-9.99999 1.40598e-05 -2.22058e-07)
(-9.99999 1.3708e-05 -2.36035e-07)
(-9.99999 1.29427e-05 -2.98738e-07)
(-9.99999 1.17199e-05 -3.00843e-07)
(-9.99999 1.03578e-05 -2.68607e-07)
(-9.99999 8.88354e-06 -2.67791e-07)
(-9.99999 7.26955e-06 -3.19363e-07)
(-9.99999 5.01801e-06 -3.48675e-07)
(-9.99999 2.922e-06 -1.75028e-07)
(-9.99999 1.04998e-06 -2.64216e-07)
(-10 4.03194e-06 9.84848e-07)
(-10 4.9185e-06 8.22236e-07)
(-10 5.76253e-06 6.52951e-07)
(-10 6.46412e-06 5.11545e-07)
(-10 7.06694e-06 3.89132e-07)
(-10 7.59757e-06 2.5682e-07)
(-10 8.14216e-06 2.59806e-07)
(-10 8.77402e-06 3.18124e-07)
(-9.99999 9.59107e-06 3.62414e-07)
(-9.99999 1.05502e-05 2.81492e-07)
(-9.99999 1.15826e-05 2.17554e-07)
(-9.99999 1.25614e-05 1.1459e-07)
(-9.99999 1.3418e-05 -4.62153e-08)
(-9.99999 1.39643e-05 -3.06389e-07)
(-9.99999 1.41672e-05 -4.48808e-07)
(-9.99999 1.40263e-05 -5.22256e-07)
(-9.99999 1.36122e-05 -5.58301e-07)
(-9.99999 1.28617e-05 -6.50314e-07)
(-9.99999 1.17576e-05 -6.57018e-07)
(-9.99999 1.03992e-05 -6.37434e-07)
(-9.99999 8.82009e-06 -6.31001e-07)
(-9.99999 7.16845e-06 -6.93734e-07)
(-9.99999 5.19843e-06 -7.44995e-07)
(-9.99999 3.02757e-06 -5.20442e-07)
(-9.99999 9.38493e-07 -6.81878e-07)
(-10 4.20638e-06 8.90792e-07)
(-10 4.67099e-06 8.19038e-07)
(-10 5.51559e-06 6.98555e-07)
(-10 6.24745e-06 5.20334e-07)
(-10 6.91477e-06 4.06513e-07)
(-10 7.52778e-06 2.99405e-07)
(-10 8.14015e-06 2.924e-07)
(-10 8.80369e-06 2.69799e-07)
(-9.99999 9.58581e-06 3.13659e-07)
(-9.99999 1.04755e-05 2.6514e-07)
(-9.99999 1.14413e-05 2.12916e-07)
(-9.99999 1.23486e-05 4.39534e-08)
(-9.99999 1.31595e-05 -7.54591e-08)
(-9.99999 1.37259e-05 -2.91364e-07)
(-9.99999 1.39941e-05 -3.97646e-07)
(-9.99999 1.39229e-05 -5.32293e-07)
(-9.99999 1.3548e-05 -5.49127e-07)
(-9.99999 1.28193e-05 -6.32813e-07)
(-9.99999 1.1736e-05 -6.23034e-07)
(-9.99999 1.03904e-05 -6.62362e-07)
(-9.99999 8.81316e-06 -6.3573e-07)
(-9.99999 7.12706e-06 -7.0227e-07)
(-9.99999 5.23462e-06 -6.83548e-07)
(-9.99999 3.00089e-06 -7.28397e-07)
(-9.99999 8.48183e-07 -7.51933e-07)
(-10 4.2216e-06 5.13028e-07)
(-10 4.67821e-06 5.17735e-07)
(-10 5.38915e-06 4.85147e-07)
(-10 6.09906e-06 3.72164e-07)
(-10 6.79078e-06 3.19917e-07)
(-10 7.45493e-06 2.26662e-07)
(-10 8.10515e-06 2.26838e-07)
(-10 8.80059e-06 1.95136e-07)
(-9.99999 9.58525e-06 2.41815e-07)
(-9.99999 1.04243e-05 1.7803e-07)
(-9.99999 1.13061e-05 1.78939e-07)
(-9.99999 1.22009e-05 5.87619e-08)
(-9.99999 1.29988e-05 2.30133e-08)
(-9.99999 1.35616e-05 -1.42656e-07)
(-9.99999 1.3866e-05 -1.78687e-07)
(-9.99999 1.38369e-05 -3.16349e-07)
(-9.99999 1.34865e-05 -3.10072e-07)
(-9.99999 1.27693e-05 -4.24416e-07)
(-9.99999 1.17206e-05 -4.03217e-07)
(-9.99999 1.03833e-05 -4.78426e-07)
(-9.99999 8.77021e-06 -4.62712e-07)
(-9.99999 7.10868e-06 -5.43884e-07)
(-9.99999 5.16577e-06 -4.89241e-07)
(-9.99999 2.94209e-06 -6.84659e-07)
(-9.99999 9.09073e-07 -5.66816e-07)
(-10 4.4198e-06 2.06823e-07)
(-10 4.63614e-06 1.81791e-07)
(-10 5.33363e-06 1.73167e-07)
(-10 6.04092e-06 1.37375e-07)
(-10 6.7329e-06 1.26651e-07)
(-10 7.41143e-06 9.10666e-08)
(-10 8.10074e-06 9.18523e-08)
(-10 8.82241e-06 8.75351e-08)
(-9.99999 9.56443e-06 1.09304e-07)
(-9.99999 1.03969e-05 7.08836e-08)
(-9.99999 1.12922e-05 8.73786e-08)
(-9.99999 1.21537e-05 5.98251e-08)
(-9.99999 1.29078e-05 4.96087e-08)
(-9.99999 1.34738e-05 -1.30237e-08)
(-9.99999 1.3777e-05 -2.06404e-08)
(-9.99999 1.37587e-05 -8.42544e-08)
(-9.99999 1.34129e-05 -8.32109e-08)
(-9.99999 1.27029e-05 -1.43179e-07)
(-9.99999 1.16685e-05 -1.36358e-07)
(-9.99999 1.0316e-05 -1.84892e-07)
(-9.99999 8.73134e-06 -1.90192e-07)
(-9.99999 7.0939e-06 -2.15984e-07)
(-9.99999 5.05865e-06 -2.02013e-07)
(-9.99999 2.90392e-06 -3.01676e-07)
(-9.99999 9.95487e-07 -2.32545e-07)
)
;
    }
}


// ************************************************************************* //
