/*--------------------------------*- C++ -*----------------------------------*\
  =========                 |
  \\      /  F ield         | OpenFOAM: The Open Source CFD Toolbox
   \\    /   O peration     | Website:  https://openfoam.org
    \\  /    A nd           | Version:  10
     \\/     M anipulation  |
\*---------------------------------------------------------------------------*/
FoamFile
{
    format      ascii;
    class       labelList;
    note        "nPoints: 2763 nCells: 2083 nFaces: 6880 nInternalFaces: 5618";
    location    "constant/polyMesh";
    object      neighbour;
}
// * * * * * * * * * * * * * * * * * * * * * * * * * * * * * * * * * * * * * //


5618
(
16
2
17
420
3
18
421
4
19
422
5
20
423
6
21
424
7
22
425
8
23
426
9
24
427
10
25
428
11
26
429
12
27
430
13
28
431
14
29
432
15
30
433
16
31
434
32
435
18
33
436
19
34
437
20
35
438
21
36
439
22
37
440
23
38
441
24
39
442
25
40
443
26
41
444
27
42
445
28
43
446
29
44
447
30
45
448
31
46
449
32
47
450
48
451
34
49
452
35
50
453
36
51
454
37
52
455
38
53
456
39
54
457
40
55
458
41
56
459
42
57
460
43
58
461
44
59
462
45
60
463
46
61
464
47
62
465
48
63
466
64
467
50
65
468
51
66
469
52
67
470
53
68
471
54
69
472
55
70
473
56
71
474
57
72
475
58
73
476
59
74
477
60
75
478
61
76
479
62
77
480
63
78
481
64
79
482
80
483
66
81
484
67
82
485
68
83
486
69
84
487
70
85
488
71
86
489
72
87
490
73
88
491
74
89
492
75
90
493
76
91
494
77
92
495
78
93
496
79
94
497
80
95
498
96
499
82
97
500
83
98
501
84
99
502
85
100
503
86
101
504
87
102
505
88
103
506
89
104
507
90
105
508
91
106
509
92
107
510
93
108
511
94
109
512
95
110
513
96
111
514
112
515
98
114
516
99
115
517
100
116
518
101
117
519
102
118
520
103
119
521
104
120
522
105
121
523
106
122
524
107
123
525
108
124
526
109
125
527
110
126
528
111
127
529
112
128
530
113
129
531
130
115
131
532
116
132
533
117
133
534
118
134
535
119
135
536
120
136
537
121
137
538
122
138
539
123
139
540
124
140
541
125
141
542
126
142
543
127
143
544
128
144
545
129
145
546
130
146
547
147
548
132
148
549
133
149
550
134
150
551
135
151
552
136
152
553
137
153
554
138
154
555
139
155
556
140
156
557
141
157
558
142
158
559
143
159
560
144
160
561
145
161
562
146
162
563
147
163
564
164
565
149
165
566
150
166
567
151
167
568
152
168
569
153
169
570
154
170
571
155
171
572
156
172
573
157
173
574
158
174
575
159
175
576
160
176
577
161
177
578
162
178
579
163
179
580
164
180
581
181
582
166
182
583
167
183
584
168
184
585
169
185
586
170
186
587
171
187
588
172
188
589
173
189
590
174
190
591
175
191
592
176
192
593
177
193
594
178
194
595
179
195
596
180
196
597
181
197
598
198
599
183
199
600
184
200
601
185
201
602
186
202
603
187
203
604
188
204
605
189
205
606
190
206
607
191
207
608
192
208
609
193
209
610
194
210
611
195
211
612
196
212
613
197
213
614
198
214
615
215
616
200
216
617
201
217
618
202
218
619
203
219
620
204
220
621
205
221
622
206
222
623
207
223
624
208
224
625
209
225
626
210
226
627
211
227
628
212
228
629
213
229
630
214
230
631
215
231
632
232
633
217
233
634
218
234
635
219
235
636
220
236
637
221
237
638
222
238
639
223
239
640
224
240
641
225
241
642
226
242
643
227
243
644
228
244
645
229
245
646
230
246
647
231
247
648
232
248
649
249
650
234
250
651
235
251
652
236
252
653
237
253
654
238
254
655
239
255
656
240
256
657
241
257
658
242
258
659
243
259
660
244
260
661
245
261
662
246
262
663
247
263
664
248
264
665
249
265
666
266
667
251
267
668
252
268
669
253
269
670
254
270
671
255
271
672
256
272
673
257
273
674
258
274
675
259
275
676
260
276
677
261
277
678
262
278
679
263
279
680
264
280
681
265
281
682
266
282
683
283
684
268
284
685
269
285
686
270
286
687
271
287
688
272
288
689
273
289
690
274
290
691
275
291
692
276
292
693
277
293
694
278
294
695
279
295
696
280
296
697
281
297
698
282
298
699
283
299
700
300
701
285
301
702
286
302
703
287
303
704
288
304
705
289
305
706
290
306
707
291
307
708
292
308
709
293
309
710
294
310
711
295
311
712
296
312
713
297
313
714
298
314
715
299
315
716
300
316
717
317
718
302
318
719
303
319
720
304
320
721
305
321
722
306
322
723
307
323
724
308
324
725
309
325
726
310
326
727
311
327
728
312
328
729
313
329
730
314
330
731
315
331
732
316
332
733
317
333
734
334
735
319
335
736
320
336
737
321
337
738
322
338
739
323
339
740
324
340
741
325
341
742
326
342
743
327
343
744
328
344
745
329
345
746
330
346
747
331
347
748
332
348
749
333
349
750
334
350
751
351
752
336
352
753
337
353
754
338
354
755
339
355
756
340
356
757
341
357
758
342
358
759
343
359
760
344
360
761
345
361
762
346
362
763
347
363
764
348
364
765
349
365
766
350
366
767
351
367
768
368
769
353
369
770
354
370
771
355
371
772
356
372
773
357
373
774
358
374
775
359
375
776
360
376
777
361
377
778
362
378
779
363
379
780
364
380
781
365
381
782
366
382
783
367
383
784
368
384
785
385
786
370
386
787
371
387
788
372
388
789
373
389
790
374
390
791
375
391
792
376
392
793
377
393
794
378
394
795
379
395
796
380
396
797
381
397
798
382
398
799
383
399
800
384
400
801
385
401
802
402
803
387
403
804
388
404
805
389
405
806
390
406
807
391
407
808
392
408
809
393
409
810
394
410
811
395
411
812
396
412
813
397
413
814
398
414
815
399
415
816
400
416
817
401
417
818
402
418
819
419
820
404
821
405
822
406
823
407
824
408
825
409
826
410
827
411
828
412
829
413
830
414
831
415
832
416
833
417
834
418
835
419
836
837
421
436
838
422
437
839
423
438
840
424
439
841
425
440
842
426
441
843
427
442
844
428
443
845
429
444
846
430
445
847
431
446
848
432
447
849
433
448
850
434
449
851
435
450
852
451
853
437
452
854
438
453
855
439
454
856
440
455
857
441
456
858
442
457
859
443
458
860
444
459
861
445
460
862
446
461
863
447
462
864
448
463
865
449
464
866
450
465
867
451
466
868
467
869
453
468
870
454
469
871
455
470
872
456
471
873
457
472
874
458
473
875
459
474
876
460
475
877
461
476
878
462
477
879
463
478
880
464
479
881
465
480
882
466
481
883
467
482
884
483
885
469
484
886
470
485
887
471
486
888
472
487
889
473
488
890
474
489
891
475
490
892
476
491
893
477
492
894
478
493
895
479
494
896
480
495
897
481
496
898
482
497
899
483
498
900
499
901
485
500
902
486
501
903
487
502
904
488
503
905
489
504
906
490
505
907
491
506
908
492
507
909
493
508
910
494
509
911
495
510
912
496
511
913
497
512
914
498
513
915
499
514
916
515
917
501
516
918
502
517
919
503
518
920
504
519
921
505
520
922
506
521
923
507
522
924
508
523
925
509
524
926
510
525
927
511
526
928
512
527
929
513
528
930
514
529
931
515
530
932
531
933
517
532
934
518
533
935
519
534
936
520
535
937
521
536
938
522
537
939
523
538
940
524
539
941
525
540
942
526
541
943
527
542
944
528
543
945
529
544
946
530
545
947
531
546
948
547
949
533
549
950
534
550
951
535
551
952
536
552
953
537
553
954
538
554
955
539
555
956
540
556
957
541
557
958
542
558
959
543
559
960
544
560
961
545
561
962
546
562
963
547
563
964
548
564
965
565
550
566
966
551
567
967
552
568
968
553
569
969
554
570
970
555
571
971
556
572
972
557
573
973
558
574
974
559
575
975
560
576
976
561
577
977
562
578
978
563
579
979
564
580
980
565
581
981
582
567
583
982
568
584
983
569
585
984
570
586
985
571
587
986
572
588
987
573
589
988
574
590
989
575
591
990
576
592
991
577
593
992
578
594
993
579
595
994
580
596
995
581
597
996
582
598
997
599
998
584
600
999
585
601
1000
586
602
1001
587
603
1002
588
604
1003
589
605
1004
590
606
1005
591
607
1006
592
608
1007
593
609
1008
594
610
1009
595
611
1010
596
612
1011
597
613
1012
598
614
1013
599
615
1014
616
1015
601
617
1016
602
618
1017
603
619
1018
604
620
1019
605
621
1020
606
622
1021
607
623
1022
608
624
1023
609
625
1024
610
626
1025
611
627
1026
612
628
1027
613
629
1028
614
630
1029
615
631
1030
616
632
1031
633
1032
618
634
1033
619
635
1034
620
636
1035
621
637
1036
622
638
1037
623
639
1038
624
640
1039
625
641
1040
626
642
1041
627
643
1042
628
644
1043
629
645
1044
630
646
1045
631
647
1046
632
648
1047
633
649
1048
650
1049
635
651
1050
636
652
1051
637
653
1052
638
654
1053
639
655
1054
640
656
1055
641
657
1056
642
658
1057
643
659
1058
644
660
1059
645
661
1060
646
662
1061
647
663
1062
648
664
1063
649
665
1064
650
666
1065
667
1066
652
668
1067
653
669
1068
654
670
1069
655
671
1070
656
672
1071
657
673
1072
658
674
1073
659
675
1074
660
676
1075
661
677
1076
662
678
1077
663
679
1078
664
680
1079
665
681
1080
666
682
1081
667
683
1082
684
1083
669
685
1084
670
686
1085
671
687
1086
672
688
1087
673
689
1088
674
690
1089
675
691
1090
676
692
1091
677
693
1092
678
694
1093
679
695
1094
680
696
1095
681
697
1096
682
698
1097
683
699
1098
684
700
1099
701
1100
686
702
1101
687
703
1102
688
704
1103
689
705
1104
690
706
1105
691
707
1106
692
708
1107
693
709
1108
694
710
1109
695
711
1110
696
712
1111
697
713
1112
698
714
1113
699
715
1114
700
716
1115
701
717
1116
718
1117
703
719
1118
704
720
1119
705
721
1120
706
722
1121
707
723
1122
708
724
1123
709
725
1124
710
726
1125
711
727
1126
712
728
1127
713
729
1128
714
730
1129
715
731
1130
716
732
1131
717
733
1132
718
734
1133
735
1134
720
736
1135
721
737
1136
722
738
1137
723
739
1138
724
740
1139
725
741
1140
726
742
1141
727
743
1142
728
744
1143
729
745
1144
730
746
1145
731
747
1146
732
748
1147
733
749
1148
734
750
1149
735
751
1150
752
1151
737
753
1152
738
754
1153
739
755
1154
740
756
1155
741
757
1156
742
758
1157
743
759
1158
744
760
1159
745
761
1160
746
762
1161
747
763
1162
748
764
1163
749
765
1164
750
766
1165
751
767
1166
752
768
1167
769
1168
754
770
1169
755
771
1170
756
772
1171
757
773
1172
758
774
1173
759
775
1174
760
776
1175
761
777
1176
762
778
1177
763
779
1178
764
780
1179
765
781
1180
766
782
1181
767
783
1182
768
784
1183
769
785
1184
786
1185
771
787
1186
772
788
1187
773
789
1188
774
790
1189
775
791
1190
776
792
1191
777
793
1192
778
794
1193
779
795
1194
780
796
1195
781
797
1196
782
798
1197
783
799
1198
784
800
1199
785
801
1200
786
802
1201
803
1202
788
804
1203
789
805
1204
790
806
1205
791
807
1206
792
808
1207
793
809
1208
794
810
1209
795
811
1210
796
812
1211
797
813
1212
798
814
1213
799
815
1214
800
816
1215
801
817
1216
802
818
1217
803
819
1218
820
1219
805
821
1220
806
822
1221
807
823
1222
808
824
1223
809
825
1224
810
826
1225
811
827
1226
812
828
1227
813
829
1228
814
830
1229
815
831
1230
816
832
1231
817
833
1232
818
834
1233
819
835
1234
820
836
1235
837
1236
822
1237
823
1238
824
1239
825
1240
826
1241
827
1242
828
1243
829
1244
830
1245
831
1246
832
1247
833
1248
834
1249
835
1250
836
1251
837
1252
1253
839
854
1254
840
855
1255
841
856
1256
842
857
1257
843
858
1258
844
859
1259
845
860
1260
846
861
1261
847
862
1262
848
863
1263
849
864
1264
850
865
1265
851
866
1266
852
867
1267
853
868
1268
869
1269
855
870
1270
856
871
1271
857
872
1272
858
873
1273
859
874
1274
860
875
1275
861
876
1276
862
877
1277
863
878
1278
864
879
1279
865
880
1280
866
881
1281
867
882
1282
868
883
1283
869
884
1284
885
1285
871
886
1286
872
887
1287
873
888
1288
874
889
1289
875
890
1290
876
891
1291
877
892
1292
878
893
1293
879
894
1294
880
895
1295
881
896
1296
882
897
1297
883
898
1298
884
899
1299
885
900
1300
901
1301
887
902
1302
888
903
1303
889
904
1304
890
905
1305
891
906
1306
892
907
1307
893
908
1308
894
909
1309
895
910
1310
896
911
1311
897
912
1312
898
913
1313
899
914
1314
900
915
1315
901
916
1316
917
1317
903
918
1318
904
919
1319
905
920
1320
906
921
1321
907
922
1322
908
923
1323
909
924
1324
910
925
1325
911
926
1326
912
927
1327
913
928
1328
914
929
1329
915
930
1330
916
931
1331
917
932
1332
933
1333
919
934
1334
920
935
1335
921
936
1336
922
937
1337
923
938
1338
924
939
1339
925
940
1340
926
941
1341
927
942
1342
928
943
1343
929
944
1344
930
945
1345
931
946
1346
932
947
1347
933
948
1348
949
1349
935
950
1350
936
951
1351
937
952
1352
938
953
1353
939
954
1354
940
955
1355
941
956
1356
942
957
1357
943
958
1358
944
959
1359
945
960
1360
946
961
1361
947
962
1362
948
963
1363
949
964
1364
965
1365
951
966
1366
952
967
1367
953
968
1368
954
969
1369
955
970
1370
956
971
1371
957
972
1372
958
973
1373
959
974
1374
960
975
1375
961
976
1376
962
977
1377
963
978
1378
964
979
1379
965
980
1380
981
1381
967
982
1382
968
983
1383
969
984
1384
970
985
1385
971
986
1386
972
987
1387
973
988
1388
974
989
1389
975
990
1390
976
991
1391
977
992
1392
978
993
1393
979
994
1394
980
995
1395
981
996
1396
997
1397
983
999
1398
984
1000
1399
985
1001
1400
986
1002
1401
987
1003
1402
988
1004
1403
989
1005
1404
990
1006
1405
991
1007
1406
992
1008
1407
993
1009
1408
994
1010
1409
995
1011
1410
996
1012
1411
997
1013
1412
998
1014
1413
1015
1000
1016
1414
1001
1017
1415
1002
1018
1416
1003
1019
1417
1004
1020
1418
1005
1021
1419
1006
1022
1420
1007
1023
1421
1008
1024
1422
1009
1025
1423
1010
1026
1424
1011
1027
1425
1012
1028
1426
1013
1029
1427
1014
1030
1428
1015
1031
1429
1032
1430
1017
1033
1431
1018
1034
1432
1019
1035
1433
1020
1036
1434
1021
1037
1435
1022
1038
1436
1023
1039
1437
1024
1040
1438
1025
1041
1439
1026
1042
1440
1027
1043
1441
1028
1044
1442
1029
1045
1443
1030
1046
1444
1031
1047
1445
1032
1048
1446
1049
1447
1034
1050
1448
1035
1051
1449
1036
1052
1450
1037
1053
1451
1038
1054
1452
1039
1055
1453
1040
1056
1454
1041
1057
1455
1042
1058
1456
1043
1059
1457
1044
1060
1458
1045
1061
1459
1046
1062
1460
1047
1063
1461
1048
1064
1462
1049
1065
1463
1066
1464
1051
1067
1465
1052
1068
1466
1053
1069
1467
1054
1070
1468
1055
1071
1469
1056
1072
1470
1057
1073
1471
1058
1074
1472
1059
1075
1473
1060
1076
1474
1061
1077
1475
1062
1078
1476
1063
1079
1477
1064
1080
1478
1065
1081
1479
1066
1082
1480
1083
1481
1068
1084
1482
1069
1085
1483
1070
1086
1484
1071
1087
1485
1072
1088
1486
1073
1089
1487
1074
1090
1488
1075
1091
1489
1076
1092
1490
1077
1093
1491
1078
1094
1492
1079
1095
1493
1080
1096
1494
1081
1097
1495
1082
1098
1496
1083
1099
1497
1100
1498
1085
1101
1499
1086
1102
1500
1087
1103
1501
1088
1104
1502
1089
1105
1503
1090
1106
1504
1091
1107
1505
1092
1108
1506
1093
1109
1507
1094
1110
1508
1095
1111
1509
1096
1112
1510
1097
1113
1511
1098
1114
1512
1099
1115
1513
1100
1116
1514
1117
1515
1102
1118
1516
1103
1119
1517
1104
1120
1518
1105
1121
1519
1106
1122
1520
1107
1123
1521
1108
1124
1522
1109
1125
1523
1110
1126
1524
1111
1127
1525
1112
1128
1526
1113
1129
1527
1114
1130
1528
1115
1131
1529
1116
1132
1530
1117
1133
1531
1134
1532
1119
1135
1533
1120
1136
1534
1121
1137
1535
1122
1138
1536
1123
1139
1537
1124
1140
1538
1125
1141
1539
1126
1142
1540
1127
1143
1541
1128
1144
1542
1129
1145
1543
1130
1146
1544
1131
1147
1545
1132
1148
1546
1133
1149
1547
1134
1150
1548
1151
1549
1136
1152
1550
1137
1153
1551
1138
1154
1552
1139
1155
1553
1140
1156
1554
1141
1157
1555
1142
1158
1556
1143
1159
1557
1144
1160
1558
1145
1161
1559
1146
1162
1560
1147
1163
1561
1148
1164
1562
1149
1165
1563
1150
1166
1564
1151
1167
1565
1168
1566
1153
1169
1567
1154
1170
1568
1155
1171
1569
1156
1172
1570
1157
1173
1571
1158
1174
1572
1159
1175
1573
1160
1176
1574
1161
1177
1575
1162
1178
1576
1163
1179
1577
1164
1180
1578
1165
1181
1579
1166
1182
1580
1167
1183
1581
1168
1184
1582
1185
1583
1170
1186
1584
1171
1187
1585
1172
1188
1586
1173
1189
1587
1174
1190
1588
1175
1191
1589
1176
1192
1590
1177
1193
1591
1178
1194
1592
1179
1195
1593
1180
1196
1594
1181
1197
1595
1182
1198
1596
1183
1199
1597
1184
1200
1598
1185
1201
1599
1202
1600
1187
1203
1601
1188
1204
1602
1189
1205
1603
1190
1206
1604
1191
1207
1605
1192
1208
1606
1193
1209
1607
1194
1210
1608
1195
1211
1609
1196
1212
1610
1197
1213
1611
1198
1214
1612
1199
1215
1613
1200
1216
1614
1201
1217
1615
1202
1218
1616
1219
1617
1204
1220
1618
1205
1221
1619
1206
1222
1620
1207
1223
1621
1208
1224
1622
1209
1225
1623
1210
1226
1624
1211
1227
1625
1212
1228
1626
1213
1229
1627
1214
1230
1628
1215
1231
1629
1216
1232
1630
1217
1233
1631
1218
1234
1632
1219
1235
1633
1236
1634
1221
1237
1635
1222
1238
1636
1223
1239
1637
1224
1240
1638
1225
1241
1639
1226
1242
1640
1227
1243
1641
1228
1244
1642
1229
1245
1643
1230
1246
1644
1231
1247
1645
1232
1248
1646
1233
1249
1647
1234
1250
1648
1235
1251
1649
1236
1252
1650
1253
1651
1238
1652
1239
1653
1240
1654
1241
1655
1242
1656
1243
1657
1244
1658
1245
1659
1246
1660
1247
1661
1248
1662
1249
1663
1250
1664
1251
1665
1252
1666
1253
1667
1668
1255
1270
1669
1256
1271
1670
1257
1272
1671
1258
1273
1672
1259
1274
1673
1260
1275
1674
1261
1276
1675
1262
1277
1676
1263
1278
1677
1264
1279
1678
1265
1280
1679
1266
1281
1680
1267
1282
1681
1268
1283
1682
1269
1284
1683
1285
1684
1271
1286
1685
1272
1287
1686
1273
1288
1687
1274
1289
1688
1275
1290
1689
1276
1291
1690
1277
1292
1691
1278
1293
1692
1279
1294
1693
1280
1295
1694
1281
1296
1695
1282
1297
1696
1283
1298
1697
1284
1299
1698
1285
1300
1699
1301
1700
1287
1302
1701
1288
1303
1702
1289
1304
1703
1290
1305
1704
1291
1306
1705
1292
1307
1706
1293
1308
1707
1294
1309
1708
1295
1310
1709
1296
1311
1710
1297
1312
1711
1298
1313
1712
1299
1314
1713
1300
1315
1714
1301
1316
1715
1317
1716
1303
1318
1717
1304
1319
1718
1305
1320
1719
1306
1321
1720
1307
1322
1721
1308
1323
1722
1309
1324
1723
1310
1325
1724
1311
1326
1725
1312
1327
1726
1313
1328
1727
1314
1329
1728
1315
1330
1729
1316
1331
1730
1317
1332
1731
1333
1732
1319
1334
1733
1320
1335
1734
1321
1336
1735
1322
1337
1736
1323
1338
1737
1324
1339
1738
1325
1340
1739
1326
1341
1740
1327
1342
1741
1328
1343
1742
1329
1344
1743
1330
1345
1744
1331
1346
1745
1332
1347
1746
1333
1348
1747
1349
1748
1335
1350
1749
1336
1351
1750
1337
1352
1751
1338
1353
1752
1339
1354
1753
1340
1355
1754
1341
1356
1755
1342
1357
1756
1343
1358
1757
1344
1359
1758
1345
1360
1759
1346
1361
1760
1347
1362
1761
1348
1363
1762
1349
1364
1763
1365
1764
1351
1366
1765
1352
1367
1766
1353
1368
1767
1354
1369
1768
1355
1370
1769
1356
1371
1770
1357
1372
1771
1358
1373
1772
1359
1374
1773
1360
1375
1774
1361
1376
1775
1362
1377
1776
1363
1378
1777
1364
1379
1778
1365
1380
1779
1381
1780
1367
1382
1781
1368
1383
1782
1369
1384
1783
1370
1385
1784
1371
1386
1785
1372
1387
1786
1373
1388
1787
1374
1389
1788
1375
1390
1789
1376
1391
1790
1377
1392
1791
1378
1393
1792
1379
1394
1793
1380
1395
1794
1381
1396
1795
1397
1796
1383
1398
1797
1384
1399
1798
1385
1400
1799
1386
1401
1800
1387
1402
1801
1388
1403
1802
1389
1404
1803
1390
1405
1804
1391
1406
1805
1392
1407
1806
1393
1408
1807
1394
1409
1808
1395
1410
1809
1396
1411
1810
1397
1412
1811
1413
1812
1399
1414
1813
1400
1415
1814
1401
1416
1815
1402
1417
1816
1403
1418
1817
1404
1419
1818
1405
1420
1819
1406
1421
1820
1407
1422
1821
1408
1423
1822
1409
1424
1823
1410
1425
1824
1411
1426
1825
1412
1427
1826
1413
1428
1827
1429
1828
1415
1431
1829
1416
1432
1830
1417
1433
1831
1418
1434
1832
1419
1435
1833
1420
1436
1834
1421
1437
1835
1422
1438
1836
1423
1439
1837
1424
1440
1838
1425
1441
1839
1426
1442
1840
1427
1443
1841
1428
1444
1842
1429
1445
1843
1430
1446
1844
1447
1432
1448
1845
1433
1449
1846
1434
1450
1847
1435
1451
1848
1436
1452
1849
1437
1453
1850
1438
1454
1851
1439
1455
1852
1440
1456
1853
1441
1457
1854
1442
1458
1855
1443
1459
1856
1444
1460
1857
1445
1461
1858
1446
1462
1859
1447
1463
1860
1464
1861
1449
1465
1862
1450
1466
1863
1451
1467
1864
1452
1468
1865
1453
1469
1866
1454
1470
1867
1455
1471
1868
1456
1472
1869
1457
1473
1870
1458
1474
1871
1459
1475
1872
1460
1476
1873
1461
1477
1874
1462
1478
1875
1463
1479
1876
1464
1480
1877
1481
1878
1466
1482
1879
1467
1483
1880
1468
1484
1881
1469
1485
1882
1470
1486
1883
1471
1487
1884
1472
1488
1885
1473
1489
1886
1474
1490
1887
1475
1491
1888
1476
1492
1889
1477
1493
1890
1478
1494
1891
1479
1495
1892
1480
1496
1893
1481
1497
1894
1498
1895
1483
1499
1896
1484
1500
1897
1485
1501
1898
1486
1502
1899
1487
1503
1900
1488
1504
1901
1489
1505
1902
1490
1506
1903
1491
1507
1904
1492
1508
1905
1493
1509
1906
1494
1510
1907
1495
1511
1908
1496
1512
1909
1497
1513
1910
1498
1514
1911
1515
1912
1500
1516
1913
1501
1517
1914
1502
1518
1915
1503
1519
1916
1504
1520
1917
1505
1521
1918
1506
1522
1919
1507
1523
1920
1508
1524
1921
1509
1525
1922
1510
1526
1923
1511
1527
1924
1512
1528
1925
1513
1529
1926
1514
1530
1927
1515
1531
1928
1532
1929
1517
1533
1930
1518
1534
1931
1519
1535
1932
1520
1536
1933
1521
1537
1934
1522
1538
1935
1523
1539
1936
1524
1540
1937
1525
1541
1938
1526
1542
1939
1527
1543
1940
1528
1544
1941
1529
1545
1942
1530
1546
1943
1531
1547
1944
1532
1548
1945
1549
1946
1534
1550
1947
1535
1551
1948
1536
1552
1949
1537
1553
1950
1538
1554
1951
1539
1555
1952
1540
1556
1953
1541
1557
1954
1542
1558
1955
1543
1559
1956
1544
1560
1957
1545
1561
1958
1546
1562
1959
1547
1563
1960
1548
1564
1961
1549
1565
1962
1566
1963
1551
1567
1964
1552
1568
1965
1553
1569
1966
1554
1570
1967
1555
1571
1968
1556
1572
1969
1557
1573
1970
1558
1574
1971
1559
1575
1972
1560
1576
1973
1561
1577
1974
1562
1578
1975
1563
1579
1976
1564
1580
1977
1565
1581
1978
1566
1582
1979
1583
1980
1568
1584
1981
1569
1585
1982
1570
1586
1983
1571
1587
1984
1572
1588
1985
1573
1589
1986
1574
1590
1987
1575
1591
1988
1576
1592
1989
1577
1593
1990
1578
1594
1991
1579
1595
1992
1580
1596
1993
1581
1597
1994
1582
1598
1995
1583
1599
1996
1600
1997
1585
1601
1998
1586
1602
1999
1587
1603
2000
1588
1604
2001
1589
1605
2002
1590
1606
2003
1591
1607
2004
1592
1608
2005
1593
1609
2006
1594
1610
2007
1595
1611
2008
1596
1612
2009
1597
1613
2010
1598
1614
2011
1599
1615
2012
1600
1616
2013
1617
2014
1602
1618
2015
1603
1619
2016
1604
1620
2017
1605
1621
2018
1606
1622
2019
1607
1623
2020
1608
1624
2021
1609
1625
2022
1610
1626
2023
1611
1627
2024
1612
1628
2025
1613
1629
2026
1614
1630
2027
1615
1631
2028
1616
1632
2029
1617
1633
2030
1634
2031
1619
1635
2032
1620
1636
2033
1621
1637
2034
1622
1638
2035
1623
1639
2036
1624
1640
2037
1625
1641
2038
1626
1642
2039
1627
1643
2040
1628
1644
2041
1629
1645
2042
1630
1646
2043
1631
1647
2044
1632
1648
2045
1633
1649
2046
1634
1650
2047
1651
2048
1636
1652
2049
1637
1653
2050
1638
1654
2051
1639
1655
2052
1640
1656
2053
1641
1657
2054
1642
1658
2055
1643
1659
2056
1644
1660
2057
1645
1661
2058
1646
1662
2059
1647
1663
2060
1648
1664
2061
1649
1665
2062
1650
1666
2063
1651
1667
2064
1668
2065
1653
2066
1654
2067
1655
2068
1656
2069
1657
2070
1658
2071
1659
2072
1660
2073
1661
2074
1662
2075
1663
2076
1664
2077
1665
2078
1666
2079
1667
2080
1668
2081
2082
1670
1685
1671
1686
1672
1687
1673
1688
1674
1689
1675
1690
1676
1691
1677
1692
1678
1693
1679
1694
1680
1695
1681
1696
1682
1697
1683
1698
1684
1699
1700
1686
1701
1687
1702
1688
1703
1689
1704
1690
1705
1691
1706
1692
1707
1693
1708
1694
1709
1695
1710
1696
1711
1697
1712
1698
1713
1699
1714
1700
1715
1716
1702
1717
1703
1718
1704
1719
1705
1720
1706
1721
1707
1722
1708
1723
1709
1724
1710
1725
1711
1726
1712
1727
1713
1728
1714
1729
1715
1730
1716
1731
1732
1718
1733
1719
1734
1720
1735
1721
1736
1722
1737
1723
1738
1724
1739
1725
1740
1726
1741
1727
1742
1728
1743
1729
1744
1730
1745
1731
1746
1732
1747
1748
1734
1749
1735
1750
1736
1751
1737
1752
1738
1753
1739
1754
1740
1755
1741
1756
1742
1757
1743
1758
1744
1759
1745
1760
1746
1761
1747
1762
1748
1763
1764
1750
1765
1751
1766
1752
1767
1753
1768
1754
1769
1755
1770
1756
1771
1757
1772
1758
1773
1759
1774
1760
1775
1761
1776
1762
1777
1763
1778
1764
1779
1780
1766
1781
1767
1782
1768
1783
1769
1784
1770
1785
1771
1786
1772
1787
1773
1788
1774
1789
1775
1790
1776
1791
1777
1792
1778
1793
1779
1794
1780
1795
1796
1782
1797
1783
1798
1784
1799
1785
1800
1786
1801
1787
1802
1788
1803
1789
1804
1790
1805
1791
1806
1792
1807
1793
1808
1794
1809
1795
1810
1796
1811
1812
1798
1813
1799
1814
1800
1815
1801
1816
1802
1817
1803
1818
1804
1819
1805
1820
1806
1821
1807
1822
1808
1823
1809
1824
1810
1825
1811
1826
1812
1827
1828
1814
1829
1815
1830
1816
1831
1817
1832
1818
1833
1819
1834
1820
1835
1821
1836
1822
1837
1823
1838
1824
1839
1825
1840
1826
1841
1827
1842
1828
1843
1844
1830
1845
1831
1846
1832
1847
1833
1848
1834
1849
1835
1850
1836
1851
1837
1852
1838
1853
1839
1854
1840
1855
1841
1856
1842
1857
1843
1858
1844
1859
1860
1846
1862
1847
1863
1848
1864
1849
1865
1850
1866
1851
1867
1852
1868
1853
1869
1854
1870
1855
1871
1856
1872
1857
1873
1858
1874
1859
1875
1860
1876
1861
1877
1878
1863
1879
1864
1880
1865
1881
1866
1882
1867
1883
1868
1884
1869
1885
1870
1886
1871
1887
1872
1888
1873
1889
1874
1890
1875
1891
1876
1892
1877
1893
1878
1894
1895
1880
1896
1881
1897
1882
1898
1883
1899
1884
1900
1885
1901
1886
1902
1887
1903
1888
1904
1889
1905
1890
1906
1891
1907
1892
1908
1893
1909
1894
1910
1895
1911
1912
1897
1913
1898
1914
1899
1915
1900
1916
1901
1917
1902
1918
1903
1919
1904
1920
1905
1921
1906
1922
1907
1923
1908
1924
1909
1925
1910
1926
1911
1927
1912
1928
1929
1914
1930
1915
1931
1916
1932
1917
1933
1918
1934
1919
1935
1920
1936
1921
1937
1922
1938
1923
1939
1924
1940
1925
1941
1926
1942
1927
1943
1928
1944
1929
1945
1946
1931
1947
1932
1948
1933
1949
1934
1950
1935
1951
1936
1952
1937
1953
1938
1954
1939
1955
1940
1956
1941
1957
1942
1958
1943
1959
1944
1960
1945
1961
1946
1962
1963
1948
1964
1949
1965
1950
1966
1951
1967
1952
1968
1953
1969
1954
1970
1955
1971
1956
1972
1957
1973
1958
1974
1959
1975
1960
1976
1961
1977
1962
1978
1963
1979
1980
1965
1981
1966
1982
1967
1983
1968
1984
1969
1985
1970
1986
1971
1987
1972
1988
1973
1989
1974
1990
1975
1991
1976
1992
1977
1993
1978
1994
1979
1995
1980
1996
1997
1982
1998
1983
1999
1984
2000
1985
2001
1986
2002
1987
2003
1988
2004
1989
2005
1990
2006
1991
2007
1992
2008
1993
2009
1994
2010
1995
2011
1996
2012
1997
2013
2014
1999
2015
2000
2016
2001
2017
2002
2018
2003
2019
2004
2020
2005
2021
2006
2022
2007
2023
2008
2024
2009
2025
2010
2026
2011
2027
2012
2028
2013
2029
2014
2030
2031
2016
2032
2017
2033
2018
2034
2019
2035
2020
2036
2021
2037
2022
2038
2023
2039
2024
2040
2025
2041
2026
2042
2027
2043
2028
2044
2029
2045
2030
2046
2031
2047
2048
2033
2049
2034
2050
2035
2051
2036
2052
2037
2053
2038
2054
2039
2055
2040
2056
2041
2057
2042
2058
2043
2059
2044
2060
2045
2061
2046
2062
2047
2063
2048
2064
2065
2050
2066
2051
2067
2052
2068
2053
2069
2054
2070
2055
2071
2056
2072
2057
2073
2058
2074
2059
2075
2060
2076
2061
2077
2062
2078
2063
2079
2064
2080
2065
2081
2082
2067
2068
2069
2070
2071
2072
2073
2074
2075
2076
2077
2078
2079
2080
2081
2082
)


// ************************************************************************* //
