/*--------------------------------*- C++ -*----------------------------------*\
  =========                 |
  \\      /  F ield         | OpenFOAM: The Open Source CFD Toolbox
   \\    /   O peration     | Website:  https://openfoam.org
    \\  /    A nd           | Version:  10
     \\/     M anipulation  |
\*---------------------------------------------------------------------------*/
FoamFile
{
    format      ascii;
    class       vectorField;
    location    "constant/polyMesh";
    object      points;
}
// * * * * * * * * * * * * * * * * * * * * * * * * * * * * * * * * * * * * * //


2763
(
(28 -4 0)
(32 -4 0)
(-32 0 0)
(-28 0 0)
(-24 0 0)
(-20 0 0)
(-16 1.184237893e-15 0)
(-12 1.184237893e-15 0)
(-8 0 0)
(-4 0 0)
(0 0 0)
(4 0 0)
(8 0 0)
(12 0 0)
(16 0 0)
(20 0 0)
(24 0 0)
(28 0 0)
(32 0 0)
(-32 4 0)
(-28 4 0)
(-24 4 0)
(-20 4 0)
(-16 4 0)
(-12 4 0)
(-8 4 0)
(-4 4 0)
(0 4 0)
(4 4 0)
(8 4 0)
(12 4 0)
(16 4 0)
(20 4 0)
(24 4 0)
(28 4 0)
(32 4 0)
(-32 8 0)
(-28 8 0)
(-24 8 0)
(-20 8 0)
(-16 8 0)
(-12 8 0)
(-8 8 0)
(-4 8 0)
(0 8 0)
(4 8 0)
(8 8 0)
(12 8 0)
(16 8 0)
(20 8 0)
(24 8 0)
(28 8 0)
(32 8 0)
(-32 12 0)
(-28 12 0)
(-24 12 0)
(-20 12 0)
(-16 12 0)
(-12 12 0)
(-8 12 0)
(-4 12 0)
(0 12 0)
(4 12 0)
(8 12 0)
(12 12 0)
(16 12 0)
(20 12 0)
(24 12 0)
(28 12 0)
(32 12 0)
(-32 16 0)
(-28 16 0)
(-24 16 0)
(-20 16 0)
(-16 16 0)
(-12 16 0)
(-8 16 0)
(-4 16 0)
(0 16 0)
(4 16 0)
(8 16 0)
(12 16 0)
(16 16 0)
(20 16 0)
(24 16 0)
(28 16 0)
(32 16 0)
(-32 20 0)
(-28 20 0)
(-24 20 0)
(-20 20 0)
(-16 20 0)
(-12 20 0)
(-8 20 0)
(-4 20 0)
(0 20 0)
(4 20 0)
(8 20 0)
(12 20 0)
(16 20 0)
(20 20 0)
(24 20 0)
(28 20 0)
(32 20 0)
(-32 24 0)
(-28 24 0)
(-24 24 0)
(-20 24 0)
(-16 24 0)
(-12 24 0)
(-8 24 0)
(-4 24 0)
(0 24 0)
(4 24 0)
(8 24 0)
(12 24 0)
(16 24 0)
(20 24 0)
(24 24 0)
(28 24 0)
(32 24 0)
(36 24 0)
(-32 28 0)
(-28 28 0)
(-24 28 0)
(-20 28 0)
(-16 28 0)
(-12 28 0)
(-8 28 0)
(-4 28 0)
(0 28 0)
(4 28 0)
(8 28 0)
(12 28 0)
(16 28 0)
(20 28 0)
(24 28 0)
(28 28 0)
(32 28 0)
(36 28 0)
(-32 32 0)
(-28 32 0)
(-24 32 0)
(-20 32 0)
(-16 32 0)
(-12 32 0)
(-8 32 0)
(-4 32 0)
(0 32 0)
(4 32 0)
(8 32 0)
(12 32 0)
(16 32 0)
(20 32 0)
(24 32 0)
(28 32 0)
(32 32 0)
(36 32 0)
(-32 36 0)
(-28 36 0)
(-24 36 0)
(-20 36 0)
(-16 36 0)
(-12 36 0)
(-8 36 0)
(-4 36 0)
(0 36 0)
(4 36 0)
(8 36 0)
(12 36 0)
(16 36 0)
(20 36 0)
(24 36 0)
(28 36 0)
(32 36 0)
(36 36 0)
(-32 40 0)
(-28 40 0)
(-24 40 0)
(-20 40 0)
(-16 40 0)
(-12 40 0)
(-8 40 0)
(-4 40 0)
(0 40 0)
(4 40 0)
(8 40 0)
(12 40 0)
(16 40 0)
(20 40 0)
(24 40 0)
(28 40 0)
(32 40 0)
(36 40 0)
(-32 44 0)
(-28 44 0)
(-24 44 0)
(-20 44 0)
(-16 44 0)
(-12 44 0)
(-8 44 0)
(-4 44 0)
(0 44 0)
(4 44 0)
(8 44 0)
(12 44 0)
(16 44 0)
(20 44 0)
(24 44 0)
(28 44 0)
(32 44 0)
(36 44 0)
(-32 48 0)
(-28 48 0)
(-24 48 0)
(-20 48 0)
(-16 48 0)
(-12 48 0)
(-8 48 0)
(-4 48 0)
(0 48 0)
(4 48 0)
(8 48 0)
(12 48 0)
(16 48 0)
(20 48 0)
(24 48 0)
(28 48 0)
(32 48 0)
(36 48 0)
(-32 52 0)
(-28 52 0)
(-24 52 0)
(-20 52 0)
(-16 52 0)
(-12 52 0)
(-8 52 0)
(-4 52 0)
(0 52 0)
(4 52 0)
(8 52 0)
(12 52 0)
(16 52 0)
(20 52 0)
(24 52 0)
(28 52 0)
(32 52 0)
(36 52 0)
(-32 56 0)
(-28 56 0)
(-24 56 0)
(-20 56 0)
(-16 56 0)
(-12 56 0)
(-8 56 0)
(-4 56 0)
(0 56 0)
(4 56 0)
(8 56 0)
(12 56 0)
(16 56 0)
(20 56 0)
(24 56 0)
(28 56 0)
(32 56 0)
(36 56 0)
(-32 60 0)
(-28 60 0)
(-24 60 0)
(-20 60 0)
(-16 60 0)
(-12 60 0)
(-8 60 0)
(-4 60 0)
(0 60 0)
(4 60 0)
(8 60 0)
(12 60 0)
(16 60 0)
(20 60 0)
(24 60 0)
(28 60 0)
(32 60 0)
(36 60 0)
(-32 64 0)
(-28 64 0)
(-24 64 0)
(-20 64 0)
(-16 64 0)
(-12 64 0)
(-8 64 0)
(-4 64 0)
(0 64 0)
(4 64 0)
(8 64 0)
(12 64 0)
(16 64 0)
(20 64 0)
(24 64 0)
(28 64 0)
(32 64 0)
(36 64 0)
(-32 68 0)
(-28 68 0)
(-24 68 0)
(-20 68 0)
(-16 68 0)
(-12 68 0)
(-8 68 0)
(-4 68 0)
(0 68 0)
(4 68 0)
(8 68 0)
(12 68 0)
(16 68 0)
(20 68 0)
(24 68 0)
(28 68 0)
(32 68 0)
(36 68 0)
(-32 72 0)
(-28 72 0)
(-24 72 0)
(-20 72 0)
(-16 72 0)
(-12 72 0)
(-8 72 0)
(-4 72 0)
(0 72 0)
(4 72 0)
(8 72 0)
(12 72 0)
(16 72 0)
(20 72 0)
(24 72 0)
(28 72 0)
(32 72 0)
(36 72 0)
(-32 76 0)
(-28 76 0)
(-24 76 0)
(-20 76 0)
(-16 76 0)
(-12 76 0)
(-8 76 0)
(-4 76 0)
(0 76 0)
(4 76 0)
(8 76 0)
(12 76 0)
(16 76 0)
(20 76 0)
(24 76 0)
(28 76 0)
(32 76 0)
(36 76 0)
(-32 80 0)
(-28 80 0)
(-24 80 0)
(-20 80 0)
(-16 80 0)
(-12 80 0)
(-8 80 0)
(-4 80 0)
(0 80 0)
(4 80 0)
(8 80 0)
(12 80 0)
(16 80 0)
(20 80 0)
(24 80 0)
(28 80 0)
(32 80 0)
(36 80 0)
(-32 84 0)
(-28 84 0)
(-24 84 0)
(-20 84 0)
(-16 84 0)
(-12 84 0)
(-8 84 0)
(-4 84 0)
(0 84 0)
(4 84 0)
(8 84 0)
(12 84 0)
(16 84 0)
(20 84 0)
(24 84 0)
(28 84 0)
(32 84 0)
(36 84 0)
(-32 88 0)
(-28 88 0)
(-24 88 0)
(-20 88 0)
(-16 88 0)
(-12 88 0)
(-8 88 0)
(-4 88 0)
(0 88 0)
(4 88 0)
(8 88 0)
(12 88 0)
(16 88 0)
(20 88 0)
(24 88 0)
(28 88 0)
(32 88 0)
(36 88 0)
(-32 92 0)
(-28 92 0)
(-24 92 0)
(-20 92 0)
(-16 92 0)
(-12 92 0)
(-8 92 0)
(-4 92 0)
(0 92 0)
(4 92 0)
(8 92 0)
(12 92 0)
(16 92 0)
(20 92 0)
(24 92 0)
(28 92 0)
(32 92 0)
(36 92 0)
(-32 96 0)
(-28 96 0)
(-24 96 0)
(-20 96 0)
(-16 96 0)
(-12 96 0)
(-8 96 0)
(-4 96 0)
(0 96 0)
(4 96 0)
(8 96 0)
(12 96 0)
(16 96 0)
(20 96 0)
(24 96 0)
(28 96 0)
(32 96 0)
(36 96 0)
(-32 100 0)
(-28 100 0)
(-24 100 0)
(-20 100 0)
(-16 100 0)
(-12 100 0)
(-8 100 0)
(-4 100 0)
(0 100 0)
(4 100 0)
(8 100 0)
(12 100 0)
(16 100 0)
(20 100 0)
(24 100 0)
(28 100 0)
(32 100 0)
(36 100 0)
(28 -4 5)
(32 -4 5)
(-32 0 5)
(-28 0 5)
(-24 1.184237893e-15 5)
(-20 1.184237893e-15 5)
(-16 0 5)
(-12 0 5)
(-8 1.184237893e-15 5)
(-4 0 5)
(0 0 5)
(4 0 5)
(8 0 5)
(12 0 5)
(16 0 5)
(20 1.184237893e-15 5)
(24 1.184237893e-15 5)
(28 0 5)
(32 0 5)
(-32 4 5)
(-28 4 5)
(-24 4 5)
(-20 4 5)
(-16 4 5)
(-12 4 5)
(-8 4 5)
(-4 4 5)
(0 4 5)
(4 4 5)
(8 4 5)
(12 4 5)
(16 4 5)
(20 4 5)
(24 4 5)
(28 4 5)
(32 4 5)
(-32 8 5)
(-28 8 5)
(-24 8 5)
(-20 8 5)
(-16 8 5)
(-12 8 5)
(-8 8 5)
(-4 8 5)
(0 8 5)
(4 8 5)
(8 8 5)
(12 8 5)
(16 8 5)
(20 8 5)
(24 8 5)
(28 8 5)
(32 8 5)
(-32 12 5)
(-28 12 5)
(-24 12 5)
(-20 12 5)
(-16 12 5)
(-12 12 5)
(-8 12 5)
(-4 12 5)
(0 12 5)
(4 12 5)
(8 12 5)
(12 12 5)
(16 12 5)
(20 12 5)
(24 12 5)
(28 12 5)
(32 12 5)
(-32 16 5)
(-28 16 5)
(-24 16 5)
(-20 16 5)
(-16 16 5)
(-12 16 5)
(-8 16 5)
(-4 16 5)
(0 16 5)
(4 16 5)
(8 16 5)
(12 16 5)
(16 16 5)
(20 16 5)
(24 16 5)
(28 16 5)
(32 16 5)
(-32 20 5)
(-28 20 5)
(-24 20 5)
(-20 20 5)
(-16 20 5)
(-12 20 5)
(-8 20 5)
(-4 20 5)
(0 20 5)
(4 20 5)
(8 20 5)
(12 20 5)
(16 20 5)
(20 20 5)
(24 20 5)
(28 20 5)
(32 20 5)
(-32 24 5)
(-28 24 5)
(-24 24 5)
(-20 24 5)
(-16 24 5)
(-12 24 5)
(-8 24 5)
(-4 24 5)
(0 24 5)
(4 24 5)
(8 24 5)
(12 24 5)
(16 24 5)
(20 24 5)
(24 24 5)
(28 24 5)
(32 24 5)
(36 24 5)
(-32 28 5)
(-28 28 5)
(-24 28 5)
(-20 28 5)
(-16 28 5)
(-12 28 5)
(-8 28 5)
(-4 28 5)
(0 28 5)
(4 28 5)
(8 28 5)
(12 28 5)
(16 28 5)
(20 28 5)
(24 28 5)
(28 28 5)
(32 28 5)
(36 28 5)
(-32 32 5)
(-28 32 5)
(-24 32 5)
(-20 32 5)
(-16 32 5)
(-12 32 5)
(-8 32 5)
(-4 32 5)
(0 32 5)
(4 32 5)
(8 32 5)
(12 32 5)
(16 32 5)
(20 32 5)
(24 32 5)
(28 32 5)
(32 32 5)
(36 32 5)
(-32 36 5)
(-28 36 5)
(-24 36 5)
(-20 36 5)
(-16 36 5)
(-12 36 5)
(-8 36 5)
(-4 36 5)
(0 36 5)
(4 36 5)
(8 36 5)
(12 36 5)
(16 36 5)
(20 36 5)
(24 36 5)
(28 36 5)
(32 36 5)
(36 36 5)
(-32 40 5)
(-28 40 5)
(-24 40 5)
(-20 40 5)
(-16 40 5)
(-12 40 5)
(-8 40 5)
(-4 40 5)
(0 40 5)
(4 40 5)
(8 40 5)
(12 40 5)
(16 40 5)
(20 40 5)
(24 40 5)
(28 40 5)
(32 40 5)
(36 40 5)
(-32 44 5)
(-28 44 5)
(-24 44 5)
(-20 44 5)
(-16 44 5)
(-12 44 5)
(-8 44 5)
(-4 44 5)
(0 44 5)
(4 44 5)
(8 44 5)
(12 44 5)
(16 44 5)
(20 44 5)
(24 44 5)
(28 44 5)
(32 44 5)
(36 44 5)
(-32 48 5)
(-28 48 5)
(-24 48 5)
(-20 48 5)
(-16 48 5)
(-12 48 5)
(-8 48 5)
(-4 48 5)
(0 48 5)
(4 48 5)
(8 48 5)
(12 48 5)
(16 48 5)
(20 48 5)
(24 48 5)
(28 48 5)
(32 48 5)
(36 48 5)
(-32 52 5)
(-28 52 5)
(-24 52 5)
(-20 52 5)
(-16 52 5)
(-12 52 5)
(-8 52 5)
(-4 52 5)
(0 52 5)
(4 52 5)
(8 52 5)
(12 52 5)
(16 52 5)
(20 52 5)
(24 52 5)
(28 52 5)
(32 52 5)
(36 52 5)
(-32 56 5)
(-28 56 5)
(-24 56 5)
(-20 56 5)
(-16 56 5)
(-12 56 5)
(-8 56 5)
(-4 56 5)
(0 56 5)
(4 56 5)
(8 56 5)
(12 56 5)
(16 56 5)
(20 56 5)
(24 56 5)
(28 56 5)
(32 56 5)
(36 56 5)
(-32 60 5)
(-28 60 5)
(-24 60 5)
(-20 60 5)
(-16 60 5)
(-12 60 5)
(-8 60 5)
(-4 60 5)
(0 60 5)
(4 60 5)
(8 60 5)
(12 60 5)
(16 60 5)
(20 60 5)
(24 60 5)
(28 60 5)
(32 60 5)
(36 60 5)
(-32 64 5)
(-28 64 5)
(-24 64 5)
(-20 64 5)
(-16 64 5)
(-12 64 5)
(-8 64 5)
(-4 64 5)
(0 64 5)
(4 64 5)
(8 64 5)
(12 64 5)
(16 64 5)
(20 64 5)
(24 64 5)
(28 64 5)
(32 64 5)
(36 64 5)
(-32 68 5)
(-28 68 5)
(-24 68 5)
(-20 68 5)
(-16 68 5)
(-12 68 5)
(-8 68 5)
(-4 68 5)
(0 68 5)
(4 68 5)
(8 68 5)
(12 68 5)
(16 68 5)
(20 68 5)
(24 68 5)
(28 68 5)
(32 68 5)
(36 68 5)
(-32 72 5)
(-28 72 5)
(-24 72 5)
(-20 72 5)
(-16 72 5)
(-12 72 5)
(-8 72 5)
(-4 72 5)
(0 72 5)
(4 72 5)
(8 72 5)
(12 72 5)
(16 72 5)
(20 72 5)
(24 72 5)
(28 72 5)
(32 72 5)
(36 72 5)
(-32 76 5)
(-28 76 5)
(-24 76 5)
(-20 76 5)
(-16 76 5)
(-12 76 5)
(-8 76 5)
(-4 76 5)
(0 76 5)
(4 76 5)
(8 76 5)
(12 76 5)
(16 76 5)
(20 76 5)
(24 76 5)
(28 76 5)
(32 76 5)
(36 76 5)
(-32 80 5)
(-28 80 5)
(-24 80 5)
(-20 80 5)
(-16 80 5)
(-12 80 5)
(-8 80 5)
(-4 80 5)
(0 80 5)
(4 80 5)
(8 80 5)
(12 80 5)
(16 80 5)
(20 80 5)
(24 80 5)
(28 80 5)
(32 80 5)
(36 80 5)
(-32 84 5)
(-28 84 5)
(-24 84 5)
(-20 84 5)
(-16 84 5)
(-12 84 5)
(-8 84 5)
(-4 84 5)
(0 84 5)
(4 84 5)
(8 84 5)
(12 84 5)
(16 84 5)
(20 84 5)
(24 84 5)
(28 84 5)
(32 84 5)
(36 84 5)
(-32 88 5)
(-28 88 5)
(-24 88 5)
(-20 88 5)
(-16 88 5)
(-12 88 5)
(-8 88 5)
(-4 88 5)
(0 88 5)
(4 88 5)
(8 88 5)
(12 88 5)
(16 88 5)
(20 88 5)
(24 88 5)
(28 88 5)
(32 88 5)
(36 88 5)
(-32 92 5)
(-28 92 5)
(-24 92 5)
(-20 92 5)
(-16 92 5)
(-12 92 5)
(-8 92 5)
(-4 92 5)
(0 92 5)
(4 92 5)
(8 92 5)
(12 92 5)
(16 92 5)
(20 92 5)
(24 92 5)
(28 92 5)
(32 92 5)
(36 92 5)
(-32 96 5)
(-28 96 5)
(-24 96 5)
(-20 96 5)
(-16 96 5)
(-12 96 5)
(-8 96 5)
(-4 96 5)
(0 96 5)
(4 96 5)
(8 96 5)
(12 96 5)
(16 96 5)
(20 96 5)
(24 96 5)
(28 96 5)
(32 96 5)
(36 96 5)
(-32 100 5)
(-28 100 5)
(-24 100 5)
(-20 100 5)
(-16 100 5)
(-12 100 5)
(-8 100 5)
(-4 100 5)
(0 100 5)
(4 100 5)
(8 100 5)
(12 100 5)
(16 100 5)
(20 100 5)
(24 100 5)
(28 100 5)
(32 100 5)
(36 100 5)
(-32 0 10)
(-28 0 10)
(-24 0 10)
(-20 0 10)
(-16 0 10)
(-12 0 10)
(-8 1.184237893e-15 10)
(-4 0 10)
(0 0 10)
(4 0 10)
(8 0 10)
(12 0 10)
(16 0 10)
(20 0 10)
(24 0 10)
(28 0 10)
(32 0 10)
(-32 4 10)
(-28 4 10)
(-24 4 10)
(-20 4 10)
(-16 4 10)
(-12 4 10)
(-8 4 10)
(-4 4 10)
(0 4 10)
(4 4 10)
(8 4 10)
(12 4 10)
(16 4 10)
(20 4 10)
(24 4 10)
(28 4 10)
(32 4 10)
(-32 8 10)
(-28 8 10)
(-24 8 10)
(-20 8 10)
(-16 8 10)
(-12 8 10)
(-8 8 10)
(-4 8 10)
(0 8 10)
(4 8 10)
(8 8 10)
(12 8 10)
(16 8 10)
(20 8 10)
(24 8 10)
(28 8 10)
(32 8 10)
(-32 12 10)
(-28 12 10)
(-24 12 10)
(-20 12 10)
(-16 12 10)
(-12 12 10)
(-8 12 10)
(-4 12 10)
(0 12 10)
(4 12 10)
(8 12 10)
(12 12 10)
(16 12 10)
(20 12 10)
(24 12 10)
(28 12 10)
(32 12 10)
(-32 16 10)
(-28 16 10)
(-24 16 10)
(-20 16 10)
(-16 16 10)
(-12 16 10)
(-8 16 10)
(-4 16 10)
(0 16 10)
(4 16 10)
(8 16 10)
(12 16 10)
(16 16 10)
(20 16 10)
(24 16 10)
(28 16 10)
(32 16 10)
(-32 20 10)
(-28 20 10)
(-24 20 10)
(-20 20 10)
(-16 20 10)
(-12 20 10)
(-8 20 10)
(-4 20 10)
(0 20 10)
(4 20 10)
(8 20 10)
(12 20 10)
(16 20 10)
(20 20 10)
(24 20 10)
(28 20 10)
(32 20 10)
(-32 24 10)
(-28 24 10)
(-24 24 10)
(-20 24 10)
(-16 24 10)
(-12 24 10)
(-8 24 10)
(-4 24 10)
(0 24 10)
(4 24 10)
(8 24 10)
(12 24 10)
(16 24 10)
(20 24 10)
(24 24 10)
(28 24 10)
(32 24 10)
(-32 28 10)
(-28 28 10)
(-24 28 10)
(-20 28 10)
(-16 28 10)
(-12 28 10)
(-8 28 10)
(-4 28 10)
(0 28 10)
(4 28 10)
(8 28 10)
(12 28 10)
(16 28 10)
(20 28 10)
(24 28 10)
(28 28 10)
(32 28 10)
(36 28 10)
(-32 32 10)
(-28 32 10)
(-24 32 10)
(-20 32 10)
(-16 32 10)
(-12 32 10)
(-8 32 10)
(-4 32 10)
(0 32 10)
(4 32 10)
(8 32 10)
(12 32 10)
(16 32 10)
(20 32 10)
(24 32 10)
(28 32 10)
(32 32 10)
(36 32 10)
(-32 36 10)
(-28 36 10)
(-24 36 10)
(-20 36 10)
(-16 36 10)
(-12 36 10)
(-8 36 10)
(-4 36 10)
(0 36 10)
(4 36 10)
(8 36 10)
(12 36 10)
(16 36 10)
(20 36 10)
(24 36 10)
(28 36 10)
(32 36 10)
(36 36 10)
(-32 40 10)
(-28 40 10)
(-24 40 10)
(-20 40 10)
(-16 40 10)
(-12 40 10)
(-8 40 10)
(-4 40 10)
(0 40 10)
(4 40 10)
(8 40 10)
(12 40 10)
(16 40 10)
(20 40 10)
(24 40 10)
(28 40 10)
(32 40 10)
(36 40 10)
(-32 44 10)
(-28 44 10)
(-24 44 10)
(-20 44 10)
(-16 44 10)
(-12 44 10)
(-8 44 10)
(-4 44 10)
(0 44 10)
(4 44 10)
(8 44 10)
(12 44 10)
(16 44 10)
(20 44 10)
(24 44 10)
(28 44 10)
(32 44 10)
(36 44 10)
(-32 48 10)
(-28 48 10)
(-24 48 10)
(-20 48 10)
(-16 48 10)
(-12 48 10)
(-8 48 10)
(-4 48 10)
(0 48 10)
(4 48 10)
(8 48 10)
(12 48 10)
(16 48 10)
(20 48 10)
(24 48 10)
(28 48 10)
(32 48 10)
(36 48 10)
(-32 52 10)
(-28 52 10)
(-24 52 10)
(-20 52 10)
(-16 52 10)
(-12 52 10)
(-8 52 10)
(-4 52 10)
(0 52 10)
(4 52 10)
(8 52 10)
(12 52 10)
(16 52 10)
(20 52 10)
(24 52 10)
(28 52 10)
(32 52 10)
(36 52 10)
(-32 56 10)
(-28 56 10)
(-24 56 10)
(-20 56 10)
(-16 56 10)
(-12 56 10)
(-8 56 10)
(-4 56 10)
(0 56 10)
(4 56 10)
(8 56 10)
(12 56 10)
(16 56 10)
(20 56 10)
(24 56 10)
(28 56 10)
(32 56 10)
(36 56 10)
(-32 60 10)
(-28 60 10)
(-24 60 10)
(-20 60 10)
(-16 60 10)
(-12 60 10)
(-8 60 10)
(-4 60 10)
(0 60 10)
(4 60 10)
(8 60 10)
(12 60 10)
(16 60 10)
(20 60 10)
(24 60 10)
(28 60 10)
(32 60 10)
(36 60 10)
(-32 64 10)
(-28 64 10)
(-24 64 10)
(-20 64 10)
(-16 64 10)
(-12 64 10)
(-8 64 10)
(-4 64 10)
(0 64 10)
(4 64 10)
(8 64 10)
(12 64 10)
(16 64 10)
(20 64 10)
(24 64 10)
(28 64 10)
(32 64 10)
(36 64 10)
(-32 68 10)
(-28 68 10)
(-24 68 10)
(-20 68 10)
(-16 68 10)
(-12 68 10)
(-8 68 10)
(-4 68 10)
(0 68 10)
(4 68 10)
(8 68 10)
(12 68 10)
(16 68 10)
(20 68 10)
(24 68 10)
(28 68 10)
(32 68 10)
(36 68 10)
(-32 72 10)
(-28 72 10)
(-24 72 10)
(-20 72 10)
(-16 72 10)
(-12 72 10)
(-8 72 10)
(-4 72 10)
(0 72 10)
(4 72 10)
(8 72 10)
(12 72 10)
(16 72 10)
(20 72 10)
(24 72 10)
(28 72 10)
(32 72 10)
(36 72 10)
(-32 76 10)
(-28 76 10)
(-24 76 10)
(-20 76 10)
(-16 76 10)
(-12 76 10)
(-8 76 10)
(-4 76 10)
(0 76 10)
(4 76 10)
(8 76 10)
(12 76 10)
(16 76 10)
(20 76 10)
(24 76 10)
(28 76 10)
(32 76 10)
(36 76 10)
(-32 80 10)
(-28 80 10)
(-24 80 10)
(-20 80 10)
(-16 80 10)
(-12 80 10)
(-8 80 10)
(-4 80 10)
(0 80 10)
(4 80 10)
(8 80 10)
(12 80 10)
(16 80 10)
(20 80 10)
(24 80 10)
(28 80 10)
(32 80 10)
(36 80 10)
(-32 84 10)
(-28 84 10)
(-24 84 10)
(-20 84 10)
(-16 84 10)
(-12 84 10)
(-8 84 10)
(-4 84 10)
(0 84 10)
(4 84 10)
(8 84 10)
(12 84 10)
(16 84 10)
(20 84 10)
(24 84 10)
(28 84 10)
(32 84 10)
(36 84 10)
(-32 88 10)
(-28 88 10)
(-24 88 10)
(-20 88 10)
(-16 88 10)
(-12 88 10)
(-8 88 10)
(-4 88 10)
(0 88 10)
(4 88 10)
(8 88 10)
(12 88 10)
(16 88 10)
(20 88 10)
(24 88 10)
(28 88 10)
(32 88 10)
(36 88 10)
(-32 92 10)
(-28 92 10)
(-24 92 10)
(-20 92 10)
(-16 92 10)
(-12 92 10)
(-8 92 10)
(-4 92 10)
(0 92 10)
(4 92 10)
(8 92 10)
(12 92 10)
(16 92 10)
(20 92 10)
(24 92 10)
(28 92 10)
(32 92 10)
(36 92 10)
(-32 96 10)
(-28 96 10)
(-24 96 10)
(-20 96 10)
(-16 96 10)
(-12 96 10)
(-8 96 10)
(-4 96 10)
(0 96 10)
(4 96 10)
(8 96 10)
(12 96 10)
(16 96 10)
(20 96 10)
(24 96 10)
(28 96 10)
(32 96 10)
(36 96 10)
(-32 100 10)
(-28 100 10)
(-24 100 10)
(-20 100 10)
(-16 100 10)
(-12 100 10)
(-8 100 10)
(-4 100 10)
(0 100 10)
(4 100 10)
(8 100 10)
(12 100 10)
(16 100 10)
(20 100 10)
(24 100 10)
(28 100 10)
(32 100 10)
(36 100 10)
(-32 0 15)
(-28 0 15)
(-24 0 15)
(-20 0 15)
(-16 0 15)
(-12 0 15)
(-8 1.184237893e-15 15)
(-4 0 15)
(0 0 15)
(4 0 15)
(8 0 15)
(12 0 15)
(16 0 15)
(20 0 15)
(24 0 15)
(28 0 15)
(32 0 15)
(-32 4 15)
(-28 4 15)
(-24 4 15)
(-20 4 15)
(-16 4 15)
(-12 4 15)
(-8 4 15)
(-4 4 15)
(0 4 15)
(4 4 15)
(8 4 15)
(12 4 15)
(16 4 15)
(20 4 15)
(24 4 15)
(28 4 15)
(32 4 15)
(-32 8 15)
(-28 8 15)
(-24 8 15)
(-20 8 15)
(-16 8 15)
(-12 8 15)
(-8 8 15)
(-4 8 15)
(0 8 15)
(4 8 15)
(8 8 15)
(12 8 15)
(16 8 15)
(20 8 15)
(24 8 15)
(28 8 15)
(32 8 15)
(-32 12 15)
(-28 12 15)
(-24 12 15)
(-20 12 15)
(-16 12 15)
(-12 12 15)
(-8 12 15)
(-4 12 15)
(0 12 15)
(4 12 15)
(8 12 15)
(12 12 15)
(16 12 15)
(20 12 15)
(24 12 15)
(28 12 15)
(32 12 15)
(-32 16 15)
(-28 16 15)
(-24 16 15)
(-20 16 15)
(-16 16 15)
(-12 16 15)
(-8 16 15)
(-4 16 15)
(0 16 15)
(4 16 15)
(8 16 15)
(12 16 15)
(16 16 15)
(20 16 15)
(24 16 15)
(28 16 15)
(32 16 15)
(-32 20 15)
(-28 20 15)
(-24 20 15)
(-20 20 15)
(-16 20 15)
(-12 20 15)
(-8 20 15)
(-4 20 15)
(0 20 15)
(4 20 15)
(8 20 15)
(12 20 15)
(16 20 15)
(20 20 15)
(24 20 15)
(28 20 15)
(32 20 15)
(-32 24 15)
(-28 24 15)
(-24 24 15)
(-20 24 15)
(-16 24 15)
(-12 24 15)
(-8 24 15)
(-4 24 15)
(0 24 15)
(4 24 15)
(8 24 15)
(12 24 15)
(16 24 15)
(20 24 15)
(24 24 15)
(28 24 15)
(32 24 15)
(-32 28 15)
(-28 28 15)
(-24 28 15)
(-20 28 15)
(-16 28 15)
(-12 28 15)
(-8 28 15)
(-4 28 15)
(0 28 15)
(4 28 15)
(8 28 15)
(12 28 15)
(16 28 15)
(20 28 15)
(24 28 15)
(28 28 15)
(32 28 15)
(-32 32 15)
(-28 32 15)
(-24 32 15)
(-20 32 15)
(-16 32 15)
(-12 32 15)
(-8 32 15)
(-4 32 15)
(0 32 15)
(4 32 15)
(8 32 15)
(12 32 15)
(16 32 15)
(20 32 15)
(24 32 15)
(28 32 15)
(32 32 15)
(-32 36 15)
(-28 36 15)
(-24 36 15)
(-20 36 15)
(-16 36 15)
(-12 36 15)
(-8 36 15)
(-4 36 15)
(0 36 15)
(4 36 15)
(8 36 15)
(12 36 15)
(16 36 15)
(20 36 15)
(24 36 15)
(28 36 15)
(32 36 15)
(36 36 15)
(-32 40 15)
(-28 40 15)
(-24 40 15)
(-20 40 15)
(-16 40 15)
(-12 40 15)
(-8 40 15)
(-4 40 15)
(0 40 15)
(4 40 15)
(8 40 15)
(12 40 15)
(16 40 15)
(20 40 15)
(24 40 15)
(28 40 15)
(32 40 15)
(36 40 15)
(-32 44 15)
(-28 44 15)
(-24 44 15)
(-20 44 15)
(-16 44 15)
(-12 44 15)
(-8 44 15)
(-4 44 15)
(0 44 15)
(4 44 15)
(8 44 15)
(12 44 15)
(16 44 15)
(20 44 15)
(24 44 15)
(28 44 15)
(32 44 15)
(36 44 15)
(-32 48 15)
(-28 48 15)
(-24 48 15)
(-20 48 15)
(-16 48 15)
(-12 48 15)
(-8 48 15)
(-4 48 15)
(0 48 15)
(4 48 15)
(8 48 15)
(12 48 15)
(16 48 15)
(20 48 15)
(24 48 15)
(28 48 15)
(32 48 15)
(36 48 15)
(-32 52 15)
(-28 52 15)
(-24 52 15)
(-20 52 15)
(-16 52 15)
(-12 52 15)
(-8 52 15)
(-4 52 15)
(0 52 15)
(4 52 15)
(8 52 15)
(12 52 15)
(16 52 15)
(20 52 15)
(24 52 15)
(28 52 15)
(32 52 15)
(36 52 15)
(-32 56 15)
(-28 56 15)
(-24 56 15)
(-20 56 15)
(-16 56 15)
(-12 56 15)
(-8 56 15)
(-4 56 15)
(0 56 15)
(4 56 15)
(8 56 15)
(12 56 15)
(16 56 15)
(20 56 15)
(24 56 15)
(28 56 15)
(32 56 15)
(36 56 15)
(-32 60 15)
(-28 60 15)
(-24 60 15)
(-20 60 15)
(-16 60 15)
(-12 60 15)
(-8 60 15)
(-4 60 15)
(0 60 15)
(4 60 15)
(8 60 15)
(12 60 15)
(16 60 15)
(20 60 15)
(24 60 15)
(28 60 15)
(32 60 15)
(36 60 15)
(-32 64 15)
(-28 64 15)
(-24 64 15)
(-20 64 15)
(-16 64 15)
(-12 64 15)
(-8 64 15)
(-4 64 15)
(0 64 15)
(4 64 15)
(8 64 15)
(12 64 15)
(16 64 15)
(20 64 15)
(24 64 15)
(28 64 15)
(32 64 15)
(36 64 15)
(-32 68 15)
(-28 68 15)
(-24 68 15)
(-20 68 15)
(-16 68 15)
(-12 68 15)
(-8 68 15)
(-4 68 15)
(0 68 15)
(4 68 15)
(8 68 15)
(12 68 15)
(16 68 15)
(20 68 15)
(24 68 15)
(28 68 15)
(32 68 15)
(36 68 15)
(-32 72 15)
(-28 72 15)
(-24 72 15)
(-20 72 15)
(-16 72 15)
(-12 72 15)
(-8 72 15)
(-4 72 15)
(0 72 15)
(4 72 15)
(8 72 15)
(12 72 15)
(16 72 15)
(20 72 15)
(24 72 15)
(28 72 15)
(32 72 15)
(36 72 15)
(-32 76 15)
(-28 76 15)
(-24 76 15)
(-20 76 15)
(-16 76 15)
(-12 76 15)
(-8 76 15)
(-4 76 15)
(0 76 15)
(4 76 15)
(8 76 15)
(12 76 15)
(16 76 15)
(20 76 15)
(24 76 15)
(28 76 15)
(32 76 15)
(36 76 15)
(-32 80 15)
(-28 80 15)
(-24 80 15)
(-20 80 15)
(-16 80 15)
(-12 80 15)
(-8 80 15)
(-4 80 15)
(0 80 15)
(4 80 15)
(8 80 15)
(12 80 15)
(16 80 15)
(20 80 15)
(24 80 15)
(28 80 15)
(32 80 15)
(36 80 15)
(-32 84 15)
(-28 84 15)
(-24 84 15)
(-20 84 15)
(-16 84 15)
(-12 84 15)
(-8 84 15)
(-4 84 15)
(0 84 15)
(4 84 15)
(8 84 15)
(12 84 15)
(16 84 15)
(20 84 15)
(24 84 15)
(28 84 15)
(32 84 15)
(36 84 15)
(-32 88 15)
(-28 88 15)
(-24 88 15)
(-20 88 15)
(-16 88 15)
(-12 88 15)
(-8 88 15)
(-4 88 15)
(0 88 15)
(4 88 15)
(8 88 15)
(12 88 15)
(16 88 15)
(20 88 15)
(24 88 15)
(28 88 15)
(32 88 15)
(36 88 15)
(-32 92 15)
(-28 92 15)
(-24 92 15)
(-20 92 15)
(-16 92 15)
(-12 92 15)
(-8 92 15)
(-4 92 15)
(0 92 15)
(4 92 15)
(8 92 15)
(12 92 15)
(16 92 15)
(20 92 15)
(24 92 15)
(28 92 15)
(32 92 15)
(36 92 15)
(-32 96 15)
(-28 96 15)
(-24 96 15)
(-20 96 15)
(-16 96 15)
(-12 96 15)
(-8 96 15)
(-4 96 15)
(0 96 15)
(4 96 15)
(8 96 15)
(12 96 15)
(16 96 15)
(20 96 15)
(24 96 15)
(28 96 15)
(32 96 15)
(36 96 15)
(-32 100 15)
(-28 100 15)
(-24 100 15)
(-20 100 15)
(-16 100 15)
(-12 100 15)
(-8 100 15)
(-4 100 15)
(0 100 15)
(4 100 15)
(8 100 15)
(12 100 15)
(16 100 15)
(20 100 15)
(24 100 15)
(28 100 15)
(32 100 15)
(36 100 15)
(-32 0 20)
(-28 0 20)
(-24 0 20)
(-20 0 20)
(-16 1.184237893e-15 20)
(-12 1.184237893e-15 20)
(-8 0 20)
(-4 0 20)
(0 0 20)
(4 0 20)
(8 0 20)
(12 0 20)
(16 0 20)
(20 0 20)
(24 0 20)
(28 0 20)
(32 0 20)
(-32 4 20)
(-28 4 20)
(-24 4 20)
(-20 4 20)
(-16 4 20)
(-12 4 20)
(-8 4 20)
(-4 4 20)
(0 4 20)
(4 4 20)
(8 4 20)
(12 4 20)
(16 4 20)
(20 4 20)
(24 4 20)
(28 4 20)
(32 4 20)
(-32 8 20)
(-28 8 20)
(-24 8 20)
(-20 8 20)
(-16 8 20)
(-12 8 20)
(-8 8 20)
(-4 8 20)
(0 8 20)
(4 8 20)
(8 8 20)
(12 8 20)
(16 8 20)
(20 8 20)
(24 8 20)
(28 8 20)
(32 8 20)
(-32 12 20)
(-28 12 20)
(-24 12 20)
(-20 12 20)
(-16 12 20)
(-12 12 20)
(-8 12 20)
(-4 12 20)
(0 12 20)
(4 12 20)
(8 12 20)
(12 12 20)
(16 12 20)
(20 12 20)
(24 12 20)
(28 12 20)
(32 12 20)
(-32 16 20)
(-28 16 20)
(-24 16 20)
(-20 16 20)
(-16 16 20)
(-12 16 20)
(-8 16 20)
(-4 16 20)
(0 16 20)
(4 16 20)
(8 16 20)
(12 16 20)
(16 16 20)
(20 16 20)
(24 16 20)
(28 16 20)
(32 16 20)
(-32 20 20)
(-28 20 20)
(-24 20 20)
(-20 20 20)
(-16 20 20)
(-12 20 20)
(-8 20 20)
(-4 20 20)
(0 20 20)
(4 20 20)
(8 20 20)
(12 20 20)
(16 20 20)
(20 20 20)
(24 20 20)
(28 20 20)
(32 20 20)
(-32 24 20)
(-28 24 20)
(-24 24 20)
(-20 24 20)
(-16 24 20)
(-12 24 20)
(-8 24 20)
(-4 24 20)
(0 24 20)
(4 24 20)
(8 24 20)
(12 24 20)
(16 24 20)
(20 24 20)
(24 24 20)
(28 24 20)
(32 24 20)
(-32 28 20)
(-28 28 20)
(-24 28 20)
(-20 28 20)
(-16 28 20)
(-12 28 20)
(-8 28 20)
(-4 28 20)
(0 28 20)
(4 28 20)
(8 28 20)
(12 28 20)
(16 28 20)
(20 28 20)
(24 28 20)
(28 28 20)
(32 28 20)
(-32 32 20)
(-28 32 20)
(-24 32 20)
(-20 32 20)
(-16 32 20)
(-12 32 20)
(-8 32 20)
(-4 32 20)
(0 32 20)
(4 32 20)
(8 32 20)
(12 32 20)
(16 32 20)
(20 32 20)
(24 32 20)
(28 32 20)
(32 32 20)
(-32 36 20)
(-28 36 20)
(-24 36 20)
(-20 36 20)
(-16 36 20)
(-12 36 20)
(-8 36 20)
(-4 36 20)
(0 36 20)
(4 36 20)
(8 36 20)
(12 36 20)
(16 36 20)
(20 36 20)
(24 36 20)
(28 36 20)
(32 36 20)
(-32 40 20)
(-28 40 20)
(-24 40 20)
(-20 40 20)
(-16 40 20)
(-12 40 20)
(-8 40 20)
(-4 40 20)
(0 40 20)
(4 40 20)
(8 40 20)
(12 40 20)
(16 40 20)
(20 40 20)
(24 40 20)
(28 40 20)
(32 40 20)
(36 40 20)
(-32 44 20)
(-28 44 20)
(-24 44 20)
(-20 44 20)
(-16 44 20)
(-12 44 20)
(-8 44 20)
(-4 44 20)
(0 44 20)
(4 44 20)
(8 44 20)
(12 44 20)
(16 44 20)
(20 44 20)
(24 44 20)
(28 44 20)
(32 44 20)
(36 44 20)
(-32 48 20)
(-28 48 20)
(-24 48 20)
(-20 48 20)
(-16 48 20)
(-12 48 20)
(-8 48 20)
(-4 48 20)
(0 48 20)
(4 48 20)
(8 48 20)
(12 48 20)
(16 48 20)
(20 48 20)
(24 48 20)
(28 48 20)
(32 48 20)
(36 48 20)
(-32 52 20)
(-28 52 20)
(-24 52 20)
(-20 52 20)
(-16 52 20)
(-12 52 20)
(-8 52 20)
(-4 52 20)
(0 52 20)
(4 52 20)
(8 52 20)
(12 52 20)
(16 52 20)
(20 52 20)
(24 52 20)
(28 52 20)
(32 52 20)
(36 52 20)
(-32 56 20)
(-28 56 20)
(-24 56 20)
(-20 56 20)
(-16 56 20)
(-12 56 20)
(-8 56 20)
(-4 56 20)
(0 56 20)
(4 56 20)
(8 56 20)
(12 56 20)
(16 56 20)
(20 56 20)
(24 56 20)
(28 56 20)
(32 56 20)
(36 56 20)
(-32 60 20)
(-28 60 20)
(-24 60 20)
(-20 60 20)
(-16 60 20)
(-12 60 20)
(-8 60 20)
(-4 60 20)
(0 60 20)
(4 60 20)
(8 60 20)
(12 60 20)
(16 60 20)
(20 60 20)
(24 60 20)
(28 60 20)
(32 60 20)
(36 60 20)
(-32 64 20)
(-28 64 20)
(-24 64 20)
(-20 64 20)
(-16 64 20)
(-12 64 20)
(-8 64 20)
(-4 64 20)
(0 64 20)
(4 64 20)
(8 64 20)
(12 64 20)
(16 64 20)
(20 64 20)
(24 64 20)
(28 64 20)
(32 64 20)
(36 64 20)
(-32 68 20)
(-28 68 20)
(-24 68 20)
(-20 68 20)
(-16 68 20)
(-12 68 20)
(-8 68 20)
(-4 68 20)
(0 68 20)
(4 68 20)
(8 68 20)
(12 68 20)
(16 68 20)
(20 68 20)
(24 68 20)
(28 68 20)
(32 68 20)
(36 68 20)
(-32 72 20)
(-28 72 20)
(-24 72 20)
(-20 72 20)
(-16 72 20)
(-12 72 20)
(-8 72 20)
(-4 72 20)
(0 72 20)
(4 72 20)
(8 72 20)
(12 72 20)
(16 72 20)
(20 72 20)
(24 72 20)
(28 72 20)
(32 72 20)
(36 72 20)
(-32 76 20)
(-28 76 20)
(-24 76 20)
(-20 76 20)
(-16 76 20)
(-12 76 20)
(-8 76 20)
(-4 76 20)
(0 76 20)
(4 76 20)
(8 76 20)
(12 76 20)
(16 76 20)
(20 76 20)
(24 76 20)
(28 76 20)
(32 76 20)
(36 76 20)
(-32 80 20)
(-28 80 20)
(-24 80 20)
(-20 80 20)
(-16 80 20)
(-12 80 20)
(-8 80 20)
(-4 80 20)
(0 80 20)
(4 80 20)
(8 80 20)
(12 80 20)
(16 80 20)
(20 80 20)
(24 80 20)
(28 80 20)
(32 80 20)
(36 80 20)
(-32 84 20)
(-28 84 20)
(-24 84 20)
(-20 84 20)
(-16 84 20)
(-12 84 20)
(-8 84 20)
(-4 84 20)
(0 84 20)
(4 84 20)
(8 84 20)
(12 84 20)
(16 84 20)
(20 84 20)
(24 84 20)
(28 84 20)
(32 84 20)
(36 84 20)
(-32 88 20)
(-28 88 20)
(-24 88 20)
(-20 88 20)
(-16 88 20)
(-12 88 20)
(-8 88 20)
(-4 88 20)
(0 88 20)
(4 88 20)
(8 88 20)
(12 88 20)
(16 88 20)
(20 88 20)
(24 88 20)
(28 88 20)
(32 88 20)
(36 88 20)
(-32 92 20)
(-28 92 20)
(-24 92 20)
(-20 92 20)
(-16 92 20)
(-12 92 20)
(-8 92 20)
(-4 92 20)
(0 92 20)
(4 92 20)
(8 92 20)
(12 92 20)
(16 92 20)
(20 92 20)
(24 92 20)
(28 92 20)
(32 92 20)
(36 92 20)
(-32 96 20)
(-28 96 20)
(-24 96 20)
(-20 96 20)
(-16 96 20)
(-12 96 20)
(-8 96 20)
(-4 96 20)
(0 96 20)
(4 96 20)
(8 96 20)
(12 96 20)
(16 96 20)
(20 96 20)
(24 96 20)
(28 96 20)
(32 96 20)
(36 96 20)
(-32 100 20)
(-28 100 20)
(-24 100 20)
(-20 100 20)
(-16 100 20)
(-12 100 20)
(-8 100 20)
(-4 100 20)
(0 100 20)
(4 100 20)
(8 100 20)
(12 100 20)
(16 100 20)
(20 100 20)
(24 100 20)
(28 100 20)
(32 100 20)
(36 100 20)
(-32 0 25)
(-28 0 25)
(-24 0 25)
(-20 0 25)
(-16 1.184237893e-15 25)
(-12 1.184237893e-15 25)
(-8 0 25)
(-4 0 25)
(0 0 25)
(4 0 25)
(8 0 25)
(12 0 25)
(16 0 25)
(20 0 25)
(24 0 25)
(28 0 25)
(32 0 25)
(-32 4 25)
(-28 4 25)
(-24 4 25)
(-20 4 25)
(-16 4 25)
(-12 4 25)
(-8 4 25)
(-4 4 25)
(0 4 25)
(4 4 25)
(8 4 25)
(12 4 25)
(16 4 25)
(20 4 25)
(24 4 25)
(28 4 25)
(32 4 25)
(-32 8 25)
(-28 8 25)
(-24 8 25)
(-20 8 25)
(-16 8 25)
(-12 8 25)
(-8 8 25)
(-4 8 25)
(0 8 25)
(4 8 25)
(8 8 25)
(12 8 25)
(16 8 25)
(20 8 25)
(24 8 25)
(28 8 25)
(32 8 25)
(-32 12 25)
(-28 12 25)
(-24 12 25)
(-20 12 25)
(-16 12 25)
(-12 12 25)
(-8 12 25)
(-4 12 25)
(0 12 25)
(4 12 25)
(8 12 25)
(12 12 25)
(16 12 25)
(20 12 25)
(24 12 25)
(28 12 25)
(32 12 25)
(-32 16 25)
(-28 16 25)
(-24 16 25)
(-20 16 25)
(-16 16 25)
(-12 16 25)
(-8 16 25)
(-4 16 25)
(0 16 25)
(4 16 25)
(8 16 25)
(12 16 25)
(16 16 25)
(20 16 25)
(24 16 25)
(28 16 25)
(32 16 25)
(-32 20 25)
(-28 20 25)
(-24 20 25)
(-20 20 25)
(-16 20 25)
(-12 20 25)
(-8 20 25)
(-4 20 25)
(0 20 25)
(4 20 25)
(8 20 25)
(12 20 25)
(16 20 25)
(20 20 25)
(24 20 25)
(28 20 25)
(32 20 25)
(-32 24 25)
(-28 24 25)
(-24 24 25)
(-20 24 25)
(-16 24 25)
(-12 24 25)
(-8 24 25)
(-4 24 25)
(0 24 25)
(4 24 25)
(8 24 25)
(12 24 25)
(16 24 25)
(20 24 25)
(24 24 25)
(28 24 25)
(32 24 25)
(-32 28 25)
(-28 28 25)
(-24 28 25)
(-20 28 25)
(-16 28 25)
(-12 28 25)
(-8 28 25)
(-4 28 25)
(0 28 25)
(4 28 25)
(8 28 25)
(12 28 25)
(16 28 25)
(20 28 25)
(24 28 25)
(28 28 25)
(32 28 25)
(-32 32 25)
(-28 32 25)
(-24 32 25)
(-20 32 25)
(-16 32 25)
(-12 32 25)
(-8 32 25)
(-4 32 25)
(0 32 25)
(4 32 25)
(8 32 25)
(12 32 25)
(16 32 25)
(20 32 25)
(24 32 25)
(28 32 25)
(32 32 25)
(-32 36 25)
(-28 36 25)
(-24 36 25)
(-20 36 25)
(-16 36 25)
(-12 36 25)
(-8 36 25)
(-4 36 25)
(0 36 25)
(4 36 25)
(8 36 25)
(12 36 25)
(16 36 25)
(20 36 25)
(24 36 25)
(28 36 25)
(32 36 25)
(-32 40 25)
(-28 40 25)
(-24 40 25)
(-20 40 25)
(-16 40 25)
(-12 40 25)
(-8 40 25)
(-4 40 25)
(0 40 25)
(4 40 25)
(8 40 25)
(12 40 25)
(16 40 25)
(20 40 25)
(24 40 25)
(28 40 25)
(32 40 25)
(-32 44 25)
(-28 44 25)
(-24 44 25)
(-20 44 25)
(-16 44 25)
(-12 44 25)
(-8 44 25)
(-4 44 25)
(0 44 25)
(4 44 25)
(8 44 25)
(12 44 25)
(16 44 25)
(20 44 25)
(24 44 25)
(28 44 25)
(32 44 25)
(36 44 25)
(-32 48 25)
(-28 48 25)
(-24 48 25)
(-20 48 25)
(-16 48 25)
(-12 48 25)
(-8 48 25)
(-4 48 25)
(0 48 25)
(4 48 25)
(8 48 25)
(12 48 25)
(16 48 25)
(20 48 25)
(24 48 25)
(28 48 25)
(32 48 25)
(36 48 25)
(-32 52 25)
(-28 52 25)
(-24 52 25)
(-20 52 25)
(-16 52 25)
(-12 52 25)
(-8 52 25)
(-4 52 25)
(0 52 25)
(4 52 25)
(8 52 25)
(12 52 25)
(16 52 25)
(20 52 25)
(24 52 25)
(28 52 25)
(32 52 25)
(36 52 25)
(-32 56 25)
(-28 56 25)
(-24 56 25)
(-20 56 25)
(-16 56 25)
(-12 56 25)
(-8 56 25)
(-4 56 25)
(0 56 25)
(4 56 25)
(8 56 25)
(12 56 25)
(16 56 25)
(20 56 25)
(24 56 25)
(28 56 25)
(32 56 25)
(36 56 25)
(-32 60 25)
(-28 60 25)
(-24 60 25)
(-20 60 25)
(-16 60 25)
(-12 60 25)
(-8 60 25)
(-4 60 25)
(0 60 25)
(4 60 25)
(8 60 25)
(12 60 25)
(16 60 25)
(20 60 25)
(24 60 25)
(28 60 25)
(32 60 25)
(36 60 25)
(-32 64 25)
(-28 64 25)
(-24 64 25)
(-20 64 25)
(-16 64 25)
(-12 64 25)
(-8 64 25)
(-4 64 25)
(0 64 25)
(4 64 25)
(8 64 25)
(12 64 25)
(16 64 25)
(20 64 25)
(24 64 25)
(28 64 25)
(32 64 25)
(36 64 25)
(-32 68 25)
(-28 68 25)
(-24 68 25)
(-20 68 25)
(-16 68 25)
(-12 68 25)
(-8 68 25)
(-4 68 25)
(0 68 25)
(4 68 25)
(8 68 25)
(12 68 25)
(16 68 25)
(20 68 25)
(24 68 25)
(28 68 25)
(32 68 25)
(36 68 25)
(-32 72 25)
(-28 72 25)
(-24 72 25)
(-20 72 25)
(-16 72 25)
(-12 72 25)
(-8 72 25)
(-4 72 25)
(0 72 25)
(4 72 25)
(8 72 25)
(12 72 25)
(16 72 25)
(20 72 25)
(24 72 25)
(28 72 25)
(32 72 25)
(36 72 25)
(-32 76 25)
(-28 76 25)
(-24 76 25)
(-20 76 25)
(-16 76 25)
(-12 76 25)
(-8 76 25)
(-4 76 25)
(0 76 25)
(4 76 25)
(8 76 25)
(12 76 25)
(16 76 25)
(20 76 25)
(24 76 25)
(28 76 25)
(32 76 25)
(36 76 25)
(-32 80 25)
(-28 80 25)
(-24 80 25)
(-20 80 25)
(-16 80 25)
(-12 80 25)
(-8 80 25)
(-4 80 25)
(0 80 25)
(4 80 25)
(8 80 25)
(12 80 25)
(16 80 25)
(20 80 25)
(24 80 25)
(28 80 25)
(32 80 25)
(36 80 25)
(-32 84 25)
(-28 84 25)
(-24 84 25)
(-20 84 25)
(-16 84 25)
(-12 84 25)
(-8 84 25)
(-4 84 25)
(0 84 25)
(4 84 25)
(8 84 25)
(12 84 25)
(16 84 25)
(20 84 25)
(24 84 25)
(28 84 25)
(32 84 25)
(36 84 25)
(-32 88 25)
(-28 88 25)
(-24 88 25)
(-20 88 25)
(-16 88 25)
(-12 88 25)
(-8 88 25)
(-4 88 25)
(0 88 25)
(4 88 25)
(8 88 25)
(12 88 25)
(16 88 25)
(20 88 25)
(24 88 25)
(28 88 25)
(32 88 25)
(36 88 25)
(-32 92 25)
(-28 92 25)
(-24 92 25)
(-20 92 25)
(-16 92 25)
(-12 92 25)
(-8 92 25)
(-4 92 25)
(0 92 25)
(4 92 25)
(8 92 25)
(12 92 25)
(16 92 25)
(20 92 25)
(24 92 25)
(28 92 25)
(32 92 25)
(36 92 25)
(-32 96 25)
(-28 96 25)
(-24 96 25)
(-20 96 25)
(-16 96 25)
(-12 96 25)
(-8 96 25)
(-4 96 25)
(0 96 25)
(4 96 25)
(8 96 25)
(12 96 25)
(16 96 25)
(20 96 25)
(24 96 25)
(28 96 25)
(32 96 25)
(36 96 25)
(-32 100 25)
(-28 100 25)
(-24 100 25)
(-20 100 25)
(-16 100 25)
(-12 100 25)
(-8 100 25)
(-4 100 25)
(0 100 25)
(4 100 25)
(8 100 25)
(12 100 25)
(16 100 25)
(20 100 25)
(24 100 25)
(28 100 25)
(32 100 25)
(36 100 25)
)


// ************************************************************************* //
