/*--------------------------------*- C++ -*----------------------------------*\
  =========                 |
  \\      /  F ield         | OpenFOAM: The Open Source CFD Toolbox
   \\    /   O peration     | Website:  https://openfoam.org
    \\  /    A nd           | Version:  10
     \\/     M anipulation  |
\*---------------------------------------------------------------------------*/
FoamFile
{
    format      ascii;
    class       volScalarField;
    location    "20";
    object      p;
}
// * * * * * * * * * * * * * * * * * * * * * * * * * * * * * * * * * * * * * //

dimensions      [0 2 -2 0 0 0 0];

internalField   nonuniform List<scalar> 
2083
(
-8.71222e-06
-9.4046e-06
-1.00428e-05
-1.06281e-05
-1.11697e-05
-1.16577e-05
-1.21123e-05
-1.25547e-05
-1.30069e-05
-1.34797e-05
-1.39918e-05
-1.45384e-05
-1.51023e-05
-1.56572e-05
-1.61509e-05
-1.66075e-05
-1.69914e-05
-8.51233e-06
-9.19055e-06
-9.81168e-06
-1.03875e-05
-1.09181e-05
-1.14039e-05
-1.1856e-05
-1.23032e-05
-1.27598e-05
-1.32384e-05
-1.37539e-05
-1.43021e-05
-1.48663e-05
-1.54216e-05
-1.59102e-05
-1.63674e-05
-1.67508e-05
-8.09376e-06
-8.73781e-06
-9.33153e-06
-9.88507e-06
-1.0399e-05
-1.08774e-05
-1.13264e-05
-1.17785e-05
-1.2242e-05
-1.27294e-05
-1.32509e-05
-1.38027e-05
-1.437e-05
-1.49265e-05
-1.54122e-05
-1.58725e-05
-1.62603e-05
-7.4407e-06
-8.03594e-06
-8.59321e-06
-9.11446e-06
-9.6095e-06
-1.00763e-05
-1.05265e-05
-1.09825e-05
-1.14574e-05
-1.19568e-05
-1.24878e-05
-1.30463e-05
-1.36182e-05
-1.41767e-05
-1.46644e-05
-1.51298e-05
-1.55235e-05
-6.58557e-06
-7.1271e-06
-7.63933e-06
-8.12537e-06
-8.59635e-06
-9.05262e-06
-9.50477e-06
-9.96727e-06
-1.04571e-05
-1.09735e-05
-1.15182e-05
-1.20856e-05
-1.26617e-05
-1.32217e-05
-1.37112e-05
-1.4177e-05
-1.4574e-05
-5.53373e-06
-6.0188e-06
-6.48379e-06
-6.93491e-06
-7.38142e-06
-7.83212e-06
-8.28696e-06
-8.7643e-06
-9.27433e-06
-9.81414e-06
-1.03763e-05
-1.09534e-05
-1.15313e-05
-1.20887e-05
-1.25734e-05
-1.30334e-05
-1.3429e-05
-4.30856e-06
-4.73275e-06
-5.1533e-06
-5.57225e-06
-5.99917e-06
-6.44698e-06
-6.91424e-06
-7.41472e-06
-7.95084e-06
-8.51857e-06
-9.10178e-06
-9.68665e-06
-1.02616e-05
-1.08091e-05
-1.12828e-05
-1.17337e-05
-1.21241e-05
-2.92206e-06
-3.28889e-06
-3.66988e-06
-4.0621e-06
-4.47754e-06
-4.92691e-06
-5.41814e-06
-5.94896e-06
-6.5184e-06
-7.11607e-06
-7.71898e-06
-8.30664e-06
-8.87111e-06
-9.40091e-06
-9.85937e-06
-1.02975e-05
-1.06773e-05
-1.40271e-06
-1.72276e-06
-2.07066e-06
-2.44578e-06
-2.85981e-06
-3.31972e-06
-3.83773e-06
-4.40587e-06
-5.01214e-06
-5.63446e-06
-6.24718e-06
-6.82709e-06
-7.3711e-06
-7.87632e-06
-8.31429e-06
-8.7332e-06
-9.10139e-06
2.19436e-07
-6.48914e-08
-3.88483e-07
-7.56464e-07
-1.17544e-06
-1.65617e-06
-2.2019e-06
-2.80706e-06
-3.44274e-06
-4.07669e-06
-4.68283e-06
-5.24331e-06
-5.75721e-06
-6.23242e-06
-6.64596e-06
-7.04314e-06
-7.39783e-06
1.89211e-06
1.63948e-06
1.33187e-06
9.6554e-07
5.35593e-07
3.28478e-08
-5.39448e-07
-1.16996e-06
-1.81763e-06
-2.4446e-06
-3.02788e-06
-3.55684e-06
-4.03702e-06
-4.47978e-06
-4.86803e-06
-5.24677e-06
-5.5927e-06
3.58584e-06
3.36101e-06
3.06601e-06
2.70081e-06
2.25761e-06
1.73869e-06
1.14751e-06
5.09851e-07
-1.28739e-07
-7.29387e-07
-1.27721e-06
-1.76663e-06
-2.21189e-06
-2.62469e-06
-2.99332e-06
-3.36031e-06
-3.70068e-06
5.26391e-06
5.06535e-06
4.78583e-06
4.42454e-06
3.97668e-06
3.44954e-06
2.85462e-06
2.22959e-06
1.621e-06
1.06039e-06
5.58961e-07
1.09477e-07
-3.01962e-07
-6.87955e-07
-1.04195e-06
-1.40043e-06
-1.74333e-06
6.9165e-06
6.74599e-06
6.49007e-06
6.13984e-06
5.70039e-06
5.17661e-06
4.59685e-06
4.00086e-06
3.436e-06
2.92235e-06
2.46739e-06
2.0543e-06
1.67293e-06
1.30762e-06
9.6432e-07
6.10665e-07
2.59251e-07
8.40712e-06
8.17874e-06
7.85127e-06
7.42948e-06
6.92855e-06
6.38063e-06
5.82736e-06
5.31036e-06
4.84195e-06
4.42278e-06
4.03617e-06
3.67278e-06
3.31725e-06
2.97832e-06
2.61984e-06
2.25121e-06
1.00686e-05
9.88355e-06
9.59188e-06
9.19983e-06
8.7355e-06
8.22849e-06
7.72337e-06
7.2498e-06
6.81305e-06
6.40871e-06
6.03075e-06
5.66441e-06
5.30176e-06
4.95402e-06
4.5786e-06
4.18479e-06
1.17556e-05
1.16298e-05
1.13845e-05
1.10342e-05
1.06121e-05
1.01511e-05
9.68697e-06
9.24148e-06
8.81252e-06
8.39785e-06
7.99752e-06
7.60278e-06
7.21291e-06
6.84141e-06
6.43897e-06
6.00919e-06
1.35391e-05
1.34674e-05
1.32692e-05
1.29633e-05
1.2584e-05
1.21639e-05
1.17271e-05
1.12867e-05
1.08366e-05
1.03817e-05
9.92403e-06
9.47105e-06
9.02864e-06
8.61653e-06
8.17526e-06
7.70114e-06
1.54442e-05
1.5415e-05
1.52566e-05
1.49948e-05
1.46582e-05
1.42698e-05
1.38434e-05
1.3383e-05
1.28865e-05
1.23609e-05
1.18141e-05
1.12702e-05
1.07456e-05
1.02725e-05
9.77125e-06
9.24045e-06
1.74562e-05
1.74633e-05
1.73484e-05
1.71285e-05
1.68315e-05
1.64681e-05
1.60375e-05
1.55392e-05
1.49777e-05
1.43614e-05
1.37046e-05
1.30386e-05
1.23994e-05
1.1837e-05
1.12542e-05
1.06606e-05
1.95242e-05
1.95716e-05
1.94969e-05
1.93235e-05
1.9065e-05
1.87203e-05
1.82787e-05
1.77373e-05
1.71031e-05
1.63899e-05
1.5618e-05
1.48149e-05
1.40344e-05
1.33583e-05
1.26768e-05
1.20123e-05
2.15336e-05
2.16223e-05
2.15925e-05
2.14665e-05
2.12459e-05
2.09165e-05
2.04651e-05
1.98852e-05
1.91859e-05
1.83825e-05
1.74983e-05
1.65649e-05
1.56378e-05
1.48247e-05
1.40402e-05
1.33134e-05
2.31992e-05
2.33182e-05
2.33392e-05
2.3262e-05
2.30805e-05
2.27717e-05
2.23204e-05
2.17215e-05
2.09804e-05
2.01068e-05
1.91283e-05
1.80867e-05
1.70304e-05
1.60955e-05
1.52285e-05
1.44482e-05
2.40802e-05
2.42425e-05
2.43148e-05
2.42893e-05
2.41416e-05
2.38671e-05
2.34519e-05
2.28768e-05
2.21388e-05
2.12448e-05
2.02173e-05
1.91008e-05
1.79768e-05
1.69705e-05
1.60544e-05
1.5277e-05
2.4199e-05
2.44298e-05
2.45614e-05
2.4582e-05
2.44978e-05
2.42989e-05
2.39543e-05
2.34587e-05
2.27977e-05
2.1961e-05
2.09656e-05
1.98607e-05
1.87499e-05
1.77749e-05
1.68823e-05
-8.13198e-06
-8.84862e-06
-9.51647e-06
-1.01382e-05
-1.07182e-05
-1.12611e-05
-1.17764e-05
-1.22793e-05
-1.2782e-05
-1.3298e-05
-1.38349e-05
-1.43907e-05
-1.4954e-05
-1.55085e-05
-1.59979e-05
-1.64545e-05
-1.68464e-05
-7.94313e-06
-8.63996e-06
-9.2929e-06
-9.90352e-06
-1.04747e-05
-1.10118e-05
-1.15248e-05
-1.20272e-05
-1.25316e-05
-1.30499e-05
-1.35893e-05
-1.41475e-05
-1.47131e-05
-1.52674e-05
-1.57555e-05
-1.62154e-05
-1.66085e-05
-7.56028e-06
-8.22361e-06
-8.84811e-06
-9.43629e-06
-9.99083e-06
-1.05171e-05
-1.1024e-05
-1.15239e-05
-1.20295e-05
-1.2551e-05
-1.30944e-05
-1.36569e-05
-1.42279e-05
-1.47834e-05
-1.52704e-05
-1.57341e-05
-1.61308e-05
-6.94835e-06
-7.56552e-06
-8.15225e-06
-8.71034e-06
-9.2435e-06
-9.75635e-06
-1.02557e-05
-1.07537e-05
-1.12621e-05
-1.17887e-05
-1.23388e-05
-1.2908e-05
-1.34858e-05
-1.40447e-05
-1.4532e-05
-1.50007e-05
-1.54026e-05
-6.13911e-06
-6.70276e-06
-7.24606e-06
-7.76977e-06
-8.27836e-06
-8.77588e-06
-9.26829e-06
-9.76662e-06
-1.02803e-05
-1.08159e-05
-1.13759e-05
-1.19537e-05
-1.25383e-05
-1.30988e-05
-1.35876e-05
-1.40578e-05
-1.44618e-05
-5.14154e-06
-5.64847e-06
-6.14612e-06
-6.6345e-06
-7.11835e-06
-7.60173e-06
-8.09073e-06
-8.59366e-06
-9.11752e-06
-9.66753e-06
-1.02409e-05
-1.0828e-05
-1.14171e-05
-1.19753e-05
-1.24605e-05
-1.29266e-05
-1.33291e-05
-3.97528e-06
-4.42513e-06
-4.87752e-06
-5.33237e-06
-5.79362e-06
-6.26698e-06
-6.75847e-06
-7.27206e-06
-7.81359e-06
-8.38364e-06
-8.97192e-06
-9.56572e-06
-1.01538e-05
-1.07031e-05
-1.11766e-05
-1.16362e-05
-1.2034e-05
-2.65364e-06
-3.04855e-06
-3.4591e-06
-3.88454e-06
-4.32833e-06
-4.79886e-06
-5.29908e-06
-5.83065e-06
-6.3965e-06
-6.98882e-06
-7.58933e-06
-8.18369e-06
-8.76252e-06
-9.29557e-06
-9.75281e-06
-1.0201e-05
-1.05919e-05
-1.21047e-06
-1.55599e-06
-1.93088e-06
-2.33246e-06
-2.76593e-06
-3.23989e-06
-3.7534e-06
-4.30917e-06
-4.90139e-06
-5.51074e-06
-6.11531e-06
-6.70024e-06
-7.26017e-06
-7.77036e-06
-8.20963e-06
-8.64249e-06
-9.02166e-06
3.28746e-07
2.50542e-08
-3.20539e-07
-7.04559e-07
-1.1349e-06
-1.61597e-06
-2.14576e-06
-2.72555e-06
-3.33718e-06
-3.9517e-06
-4.54758e-06
-5.112e-06
-5.64519e-06
-6.12841e-06
-6.54757e-06
-6.96199e-06
-7.32909e-06
1.91997e-06
1.65268e-06
1.33164e-06
9.60666e-07
5.30446e-07
4.26781e-08
-5.01608e-07
-1.09645e-06
-1.71142e-06
-2.31529e-06
-2.88807e-06
-3.42227e-06
-3.92391e-06
-4.37971e-06
-4.77877e-06
-5.17632e-06
-5.53572e-06
3.53933e-06
3.30498e-06
3.0072e-06
2.64748e-06
2.22006e-06
1.73076e-06
1.17967e-06
5.85842e-07
-1.42332e-08
-5.9077e-07
-1.12871e-06
-1.62737e-06
-2.09525e-06
-2.52529e-06
-2.90864e-06
-3.29414e-06
-3.65049e-06
5.14642e-06
4.95008e-06
4.678e-06
4.33391e-06
3.91746e-06
3.43343e-06
2.88717e-06
2.31267e-06
1.74414e-06
1.20798e-06
7.11982e-07
2.51435e-07
-1.84141e-07
-5.91796e-07
-9.64816e-07
-1.34395e-06
-1.70187e-06
6.73802e-06
6.58624e-06
6.3423e-06
6.02526e-06
5.62876e-06
5.15917e-06
4.63438e-06
4.09354e-06
3.5689e-06
3.07886e-06
2.62473e-06
2.19771e-06
1.79088e-06
1.40024e-06
1.03309e-06
6.54754e-07
2.88809e-07
8.29297e-06
8.18803e-06
8.00212e-06
7.72349e-06
7.35502e-06
6.91354e-06
6.42461e-06
5.92756e-06
5.45019e-06
5.00255e-06
4.5826e-06
4.18023e-06
3.79073e-06
3.40729e-06
3.03942e-06
2.65328e-06
2.2687e-06
9.81841e-06
9.79546e-06
9.69295e-06
9.46568e-06
9.13301e-06
8.72791e-06
8.28144e-06
7.82892e-06
7.39136e-06
6.97238e-06
6.56857e-06
6.17683e-06
5.78655e-06
5.39533e-06
5.01643e-06
4.6115e-06
4.19831e-06
1.14687e-05
1.14312e-05
1.12599e-05
1.09702e-05
1.06048e-05
1.01994e-05
9.78214e-06
9.36759e-06
8.95628e-06
8.54458e-06
8.13793e-06
7.72447e-06
7.30793e-06
6.90642e-06
6.47272e-06
6.02413e-06
1.32546e-05
1.32683e-05
1.31344e-05
1.2888e-05
1.25628e-05
1.219e-05
1.17926e-05
1.13793e-05
1.09492e-05
1.05032e-05
1.00508e-05
9.58667e-06
9.12427e-06
8.68731e-06
8.21493e-06
7.72229e-06
1.516e-05
1.51957e-05
1.50987e-05
1.48913e-05
1.46016e-05
1.42504e-05
1.38564e-05
1.34223e-05
1.29485e-05
1.24439e-05
1.19152e-05
1.13735e-05
1.08416e-05
1.03537e-05
9.82831e-06
9.2826e-06
1.71953e-05
1.7241e-05
1.71652e-05
1.69908e-05
1.673e-05
1.63952e-05
1.59914e-05
1.55198e-05
1.49844e-05
1.44027e-05
1.3776e-05
1.31349e-05
1.25104e-05
1.19515e-05
1.13573e-05
1.07506e-05
1.93064e-05
1.93646e-05
1.93121e-05
1.91694e-05
1.89369e-05
1.86164e-05
1.8196e-05
1.76809e-05
1.70778e-05
1.64075e-05
1.56772e-05
1.49239e-05
1.41895e-05
1.35385e-05
1.28608e-05
1.21911e-05
2.14154e-05
2.14866e-05
2.14663e-05
2.13608e-05
2.11621e-05
2.0849e-05
2.04145e-05
1.98578e-05
1.91931e-05
1.84356e-05
1.76105e-05
1.67428e-05
1.58867e-05
1.5125e-05
1.43567e-05
1.36298e-05
2.32418e-05
2.33395e-05
2.33643e-05
2.32982e-05
2.31257e-05
2.28248e-05
2.23862e-05
2.18076e-05
2.10998e-05
2.02776e-05
1.93721e-05
1.84034e-05
1.74347e-05
1.65659e-05
1.57172e-05
1.49471e-05
2.43131e-05
2.4459e-05
2.45331e-05
2.45086e-05
2.43688e-05
2.4094e-05
2.36727e-05
2.31107e-05
2.24037e-05
2.15659e-05
2.06136e-05
1.95882e-05
1.85565e-05
1.76188e-05
1.67263e-05
1.59397e-05
2.45916e-05
2.48137e-05
2.49458e-05
2.49749e-05
2.48779e-05
2.46451e-05
2.42972e-05
2.38048e-05
2.31639e-05
2.23752e-05
2.14549e-05
2.04352e-05
1.94113e-05
1.84926e-05
1.76122e-05
1.68905e-05
-7.31685e-06
-8.05037e-06
-8.75185e-06
-9.42377e-06
-1.00681e-05
-1.06893e-05
-1.1292e-05
-1.18801e-05
-1.24555e-05
-1.30264e-05
-1.35969e-05
-1.41672e-05
-1.47318e-05
-1.52814e-05
-1.57637e-05
-1.62194e-05
-1.66233e-05
-7.15762e-06
-7.87235e-06
-8.5596e-06
-9.219e-06
-9.85324e-06
-1.04663e-05
-1.10633e-05
-1.1646e-05
-1.22187e-05
-1.27886e-05
-1.33595e-05
-1.39316e-05
-1.4499e-05
-1.50486e-05
-1.5531e-05
-1.59912e-05
-1.63975e-05
-6.80647e-06
-7.49122e-06
-8.15197e-06
-8.78949e-06
-9.40593e-06
-1.00051e-05
-1.05916e-05
-1.11657e-05
-1.17339e-05
-1.23022e-05
-1.28742e-05
-1.34496e-05
-1.40228e-05
-1.45742e-05
-1.50565e-05
-1.55218e-05
-1.59307e-05
-6.24252e-06
-6.88563e-06
-7.51071e-06
-8.11924e-06
-8.71215e-06
-9.29344e-06
-9.86511e-06
-1.04297e-05
-1.09926e-05
-1.15595e-05
-1.21336e-05
-1.27138e-05
-1.32935e-05
-1.38487e-05
-1.43315e-05
-1.48013e-05
-1.52138e-05
-5.49216e-06
-6.08593e-06
-6.66978e-06
-7.24416e-06
-7.81038e-06
-8.37076e-06
-8.92605e-06
-9.48127e-06
-1.00395e-05
-1.06064e-05
-1.11843e-05
-1.17701e-05
-1.23561e-05
-1.29139e-05
-1.33992e-05
-1.38704e-05
-1.42847e-05
-4.56851e-06
-5.10948e-06
-5.6493e-06
-6.18754e-06
-6.72615e-06
-7.26444e-06
-7.80568e-06
-8.35241e-06
-8.90883e-06
-9.47867e-06
-1.00621e-05
-1.06534e-05
-1.12438e-05
-1.18005e-05
-1.22842e-05
-1.27538e-05
-1.31683e-05
-3.48566e-06
-3.9728e-06
-4.4681e-06
-4.97101e-06
-5.4821e-06
-6.00114e-06
-6.53161e-06
-7.07382e-06
-7.63232e-06
-8.20829e-06
-8.79806e-06
-9.39302e-06
-9.98307e-06
-1.05331e-05
-1.10082e-05
-1.14742e-05
-1.1885e-05
-2.26186e-06
-2.69642e-06
-3.14872e-06
-3.6186e-06
-4.10474e-06
-4.60903e-06
-5.1314e-06
-5.67374e-06
-6.23747e-06
-6.82087e-06
-7.415e-06
-8.00838e-06
-8.59133e-06
-9.12901e-06
-9.59229e-06
-1.00496e-05
-1.04542e-05
-9.2492e-07
-1.30866e-06
-1.72173e-06
-2.16108e-06
-2.62557e-06
-3.11822e-06
-3.63604e-06
-4.1806e-06
-4.75002e-06
-5.33768e-06
-5.93011e-06
-6.51533e-06
-7.08391e-06
-7.60376e-06
-8.05322e-06
-8.49879e-06
-8.8934e-06
4.97449e-07
1.61184e-07
-2.1523e-07
-6.26345e-07
-1.07235e-06
-1.55395e-06
-2.06795e-06
-2.61292e-06
-3.18389e-06
-3.76823e-06
-4.35046e-06
-4.91878e-06
-5.46642e-06
-5.96473e-06
-6.39897e-06
-6.83093e-06
-7.21633e-06
1.97314e-06
1.68269e-06
1.34227e-06
9.5866e-07
5.31388e-07
6.19016e-08
-4.43256e-07
-9.82691e-07
-1.54604e-06
-2.11602e-06
-2.67823e-06
-3.22228e-06
-3.74288e-06
-4.21911e-06
-4.63938e-06
-5.05832e-06
-5.43619e-06
3.47855e-06
3.23466e-06
2.93164e-06
2.57676e-06
2.17294e-06
1.72173e-06
1.23232e-06
7.07486e-07
1.63734e-07
-3.80477e-07
-9.13273e-07
-1.42661e-06
-1.91782e-06
-2.37383e-06
-2.78232e-06
-3.19115e-06
-3.56643e-06
4.99157e-06
4.7967e-06
4.53271e-06
4.21301e-06
3.83906e-06
3.41688e-06
2.94984e-06
2.4506e-06
1.93778e-06
1.42833e-06
9.29605e-07
4.5137e-07
-1.10574e-08
-4.49625e-07
-8.50859e-07
-1.25574e-06
-1.63375e-06
6.49528e-06
6.3552e-06
6.14313e-06
5.86755e-06
5.53086e-06
5.14451e-06
4.70993e-06
4.2464e-06
3.77314e-06
3.30264e-06
2.84038e-06
2.39367e-06
1.95552e-06
1.52997e-06
1.13082e-06
7.22764e-07
3.33196e-07
7.97005e-06
7.89901e-06
7.76093e-06
7.54742e-06
7.25988e-06
6.91112e-06
6.51536e-06
6.09163e-06
5.65914e-06
5.22528e-06
4.79482e-06
4.37167e-06
3.94886e-06
3.52805e-06
3.12275e-06
2.70244e-06
2.29196e-06
9.42511e-06
9.46248e-06
9.41314e-06
9.27521e-06
9.04017e-06
8.7317e-06
8.3748e-06
7.98845e-06
7.58835e-06
7.18086e-06
6.76931e-06
6.35558e-06
5.93422e-06
5.50696e-06
5.08771e-06
4.6455e-06
4.20434e-06
1.09292e-05
1.10971e-05
1.11381e-05
1.10596e-05
1.08712e-05
1.06018e-05
1.02776e-05
9.91837e-06
9.53625e-06
9.13715e-06
8.72317e-06
8.30148e-06
7.86376e-06
7.41496e-06
6.97384e-06
6.50123e-06
6.02266e-06
1.28384e-05
1.29546e-05
1.29153e-05
1.27641e-05
1.25265e-05
1.22241e-05
1.18761e-05
1.14936e-05
1.10818e-05
1.06439e-05
1.01905e-05
9.71549e-06
9.22914e-06
8.75849e-06
8.24886e-06
7.72589e-06
1.47246e-05
1.48696e-05
1.48531e-05
1.47246e-05
1.45064e-05
1.42131e-05
1.38611e-05
1.34602e-05
1.30152e-05
1.25335e-05
1.20251e-05
1.14925e-05
1.09533e-05
1.04432e-05
9.89043e-06
9.32033e-06
1.67835e-05
1.68973e-05
1.68834e-05
1.67667e-05
1.65583e-05
1.62664e-05
1.59005e-05
1.54681e-05
1.49753e-05
1.44341e-05
1.38531e-05
1.32464e-05
1.26414e-05
1.20841e-05
1.14786e-05
1.08574e-05
1.89673e-05
1.90382e-05
1.90194e-05
1.89121e-05
1.87155e-05
1.84237e-05
1.80412e-05
1.7572e-05
1.70257e-05
1.64137e-05
1.57502e-05
1.50605e-05
1.43763e-05
1.3757e-05
1.30895e-05
1.2423e-05
2.1187e-05
2.1239e-05
2.12333e-05
2.11462e-05
2.09641e-05
2.06771e-05
2.02765e-05
1.97699e-05
1.9164e-05
1.84833e-05
1.7745e-05
1.69671e-05
1.6195e-05
1.5494e-05
1.47616e-05
1.40563e-05
2.31843e-05
2.32768e-05
2.32994e-05
2.32392e-05
2.30763e-05
2.27931e-05
2.238e-05
2.18478e-05
2.12015e-05
2.04675e-05
1.96624e-05
1.88058e-05
1.79516e-05
1.71716e-05
1.63798e-05
1.56409e-05
2.45033e-05
2.46419e-05
2.47133e-05
2.46853e-05
2.45482e-05
2.42778e-05
2.38771e-05
2.33467e-05
2.27003e-05
2.19463e-05
2.11105e-05
2.02207e-05
1.93195e-05
1.84973e-05
1.76676e-05
1.68967e-05
2.50013e-05
2.52324e-05
2.53612e-05
2.53898e-05
2.52919e-05
2.50657e-05
2.47126e-05
2.42318e-05
2.36279e-05
2.29236e-05
2.21254e-05
2.12488e-05
2.03707e-05
1.9571e-05
1.87413e-05
1.80123e-05
-6.61594e-06
-7.36433e-06
-8.09315e-06
-8.80644e-06
-9.50551e-06
-1.01898e-05
-1.08589e-05
-1.15109e-05
-1.21438e-05
-1.27586e-05
-1.33575e-05
-1.39413e-05
-1.45082e-05
-1.5054e-05
-1.55318e-05
-1.59874e-05
-1.64008e-05
-6.47573e-06
-7.20689e-06
-7.92259e-06
-8.62336e-06
-9.31101e-06
-9.98489e-06
-1.06451e-05
-1.12895e-05
-1.19166e-05
-1.25284e-05
-1.31262e-05
-1.37111e-05
-1.42809e-05
-1.48276e-05
-1.53058e-05
-1.57659e-05
-1.61817e-05
-6.15138e-06
-6.85517e-06
-7.54645e-06
-8.22599e-06
-8.89438e-06
-9.55133e-06
-1.01975e-05
-1.08302e-05
-1.14489e-05
-1.20555e-05
-1.26518e-05
-1.32388e-05
-1.38142e-05
-1.4363e-05
-1.4841e-05
-1.53066e-05
-1.57247e-05
-5.62664e-06
-6.29298e-06
-6.95038e-06
-7.60067e-06
-8.24352e-06
-8.87863e-06
-9.50632e-06
-1.01242e-05
-1.07321e-05
-1.13327e-05
-1.19274e-05
-1.25169e-05
-1.30979e-05
-1.36502e-05
-1.41288e-05
-1.45992e-05
-1.50208e-05
-4.92521e-06
-5.54585e-06
-6.16321e-06
-6.77901e-06
-7.39248e-06
-8.00283e-06
-8.60938e-06
-9.21053e-06
-9.80698e-06
-1.04008e-05
-1.09942e-05
-1.1586e-05
-1.21719e-05
-1.27265e-05
-1.32076e-05
-1.36796e-05
-1.41035e-05
-4.06328e-06
-4.63349e-06
-5.20775e-06
-5.7867e-06
-6.36919e-06
-6.95349e-06
-7.53814e-06
-8.12215e-06
-8.70731e-06
-9.2953e-06
-9.88749e-06
-1.04809e-05
-1.10694e-05
-1.16231e-05
-1.21037e-05
-1.25759e-05
-1.30004e-05
-3.04956e-06
-3.56816e-06
-4.09853e-06
-4.64053e-06
-5.19205e-06
-5.75072e-06
-6.31432e-06
-6.88261e-06
-7.45746e-06
-8.04061e-06
-8.63128e-06
-9.22431e-06
-9.81195e-06
-1.03604e-05
-1.08356e-05
-1.13066e-05
-1.17285e-05
-1.90875e-06
-2.37594e-06
-2.86312e-06
-3.36891e-06
-3.89007e-06
-4.42399e-06
-4.96762e-06
-5.52135e-06
-6.08675e-06
-6.66481e-06
-7.25195e-06
-7.84092e-06
-8.42271e-06
-8.96192e-06
-9.42962e-06
-9.89479e-06
-1.03112e-05
-6.59282e-07
-1.07604e-06
-1.52091e-06
-1.99111e-06
-2.48252e-06
-2.99223e-06
-3.51651e-06
-4.05571e-06
-4.61098e-06
-5.18165e-06
-5.76128e-06
-6.34129e-06
-6.91189e-06
-7.43795e-06
-7.89612e-06
-8.35216e-06
-8.76071e-06
6.64826e-07
2.98973e-07
-1.03421e-07
-5.37296e-07
-9.9818e-07
-1.48247e-06
-1.98574e-06
-2.50797e-06
-3.04968e-06
-3.60804e-06
-4.17453e-06
-4.73959e-06
-5.29358e-06
-5.80326e-06
-6.25034e-06
-6.69599e-06
-7.09663e-06
2.04475e-06
1.73115e-06
1.37345e-06
9.78176e-07
5.50521e-07
9.55318e-08
-3.82195e-07
-8.82881e-07
-1.40542e-06
-1.94469e-06
-2.49146e-06
-3.0358e-06
-3.56821e-06
-4.06037e-06
-4.49713e-06
-4.9332e-06
-5.32739e-06
3.45228e-06
3.19433e-06
2.88531e-06
2.5332e-06
2.1445e-06
1.72599e-06
1.27922e-06
8.0625e-07
3.0984e-07
-2.0309e-07
-7.23493e-07
-1.24173e-06
-1.75052e-06
-2.22499e-06
-2.65323e-06
-3.08255e-06
-3.47509e-06
4.88028e-06
4.68198e-06
4.42697e-06
4.12491e-06
3.7825e-06
3.40555e-06
2.99758e-06
2.55896e-06
2.09517e-06
1.61419e-06
1.12408e-06
6.34155e-07
1.5031e-07
-3.09431e-07
-7.33447e-07
-1.16156e-06
-1.55875e-06
6.30929e-06
6.17699e-06
5.98499e-06
5.74331e-06
5.45548e-06
5.12565e-06
4.76123e-06
4.36227e-06
3.93508e-06
3.48828e-06
3.02929e-06
2.56731e-06
2.10456e-06
1.65475e-06
1.2301e-06
7.95806e-07
3.85093e-07
7.73224e-06
7.68001e-06
7.56958e-06
7.40083e-06
7.17561e-06
6.89752e-06
6.57622e-06
6.21575e-06
5.82396e-06
5.40877e-06
4.97671e-06
4.53631e-06
4.08743e-06
3.64003e-06
3.20738e-06
2.75818e-06
2.32462e-06
9.16751e-06
9.20752e-06
9.18865e-06
9.10099e-06
8.94101e-06
8.71306e-06
8.43079e-06
8.10271e-06
7.73866e-06
7.34653e-06
6.93216e-06
6.50183e-06
6.05557e-06
5.60119e-06
5.15376e-06
4.68138e-06
4.21583e-06
1.06506e-05
1.08101e-05
1.08786e-05
1.08652e-05
1.07591e-05
1.05718e-05
1.03182e-05
1.00107e-05
9.66105e-06
9.27691e-06
8.86385e-06
8.43073e-06
7.97357e-06
7.50129e-06
7.03317e-06
6.53138e-06
6.02714e-06
1.22398e-05
1.25121e-05
1.26678e-05
1.27034e-05
1.26318e-05
1.24666e-05
1.2225e-05
1.19223e-05
1.15708e-05
1.11778e-05
1.07495e-05
1.02965e-05
9.81353e-06
9.313e-06
8.82102e-06
8.28524e-06
7.73805e-06
1.43625e-05
1.45767e-05
1.46316e-05
1.45664e-05
1.44034e-05
1.41589e-05
1.3846e-05
1.34775e-05
1.306e-05
1.26012e-05
1.21106e-05
1.15877e-05
1.10497e-05
1.05297e-05
9.95811e-06
9.3681e-06
1.642e-05
1.66039e-05
1.66396e-05
1.65666e-05
1.63991e-05
1.61445e-05
1.58143e-05
1.54189e-05
1.49656e-05
1.44632e-05
1.39212e-05
1.33459e-05
1.27596e-05
1.22061e-05
1.15947e-05
1.09667e-05
1.86693e-05
1.87545e-05
1.87675e-05
1.86887e-05
1.85174e-05
1.82556e-05
1.79076e-05
1.74806e-05
1.69836e-05
1.64292e-05
1.58238e-05
1.51836e-05
1.45374e-05
1.39351e-05
1.32788e-05
1.26301e-05
2.09549e-05
2.10189e-05
2.10176e-05
2.09411e-05
2.07753e-05
2.05102e-05
2.01456e-05
1.96878e-05
1.91434e-05
1.85316e-05
1.78628e-05
1.71506e-05
1.64322e-05
1.57722e-05
1.50764e-05
1.44165e-05
2.30823e-05
2.31599e-05
2.31871e-05
2.31277e-05
2.29766e-05
2.27154e-05
2.23415e-05
2.18574e-05
2.12782e-05
2.06166e-05
1.98963e-05
1.91279e-05
1.83536e-05
1.76529e-05
1.69229e-05
1.62334e-05
2.45208e-05
2.46671e-05
2.47385e-05
2.47153e-05
2.45853e-05
2.43385e-05
2.39667e-05
2.3479e-05
2.28936e-05
2.2225e-05
2.14927e-05
2.07067e-05
1.99246e-05
1.92127e-05
1.84624e-05
1.77235e-05
2.51887e-05
2.54361e-05
2.55754e-05
2.56075e-05
2.55246e-05
2.53136e-05
2.49753e-05
2.45286e-05
2.3982e-05
2.33544e-05
2.26547e-05
2.19166e-05
2.11699e-05
2.0495e-05
1.97531e-05
1.90255e-05
-6.21081e-06
-6.97084e-06
-7.71675e-06
-8.45266e-06
-9.17962e-06
-9.89651e-06
-1.06003e-05
-1.1286e-05
-1.1949e-05
-1.25875e-05
-1.32022e-05
-1.37939e-05
-1.43621e-05
-1.49049e-05
-1.53804e-05
-1.58375e-05
-1.62574e-05
-6.07567e-06
-6.8176e-06
-7.54989e-06
-8.27355e-06
-8.98876e-06
-9.69447e-06
-1.03882e-05
-1.10656e-05
-1.17222e-05
-1.23564e-05
-1.29694e-05
-1.35619e-05
-1.41332e-05
-1.46782e-05
-1.51536e-05
-1.56153e-05
-1.60368e-05
-5.76706e-06
-6.48213e-06
-7.19031e-06
-7.89265e-06
-8.58853e-06
-9.27654e-06
-9.95436e-06
-1.06183e-05
-1.12646e-05
-1.18922e-05
-1.25023e-05
-1.3096e-05
-1.36724e-05
-1.42196e-05
-1.46947e-05
-1.51618e-05
-1.55855e-05
-5.26414e-06
-5.9423e-06
-6.61744e-06
-7.29051e-06
-7.96039e-06
-8.625e-06
-9.28231e-06
-9.92889e-06
-1.0562e-05
-1.11811e-05
-1.17877e-05
-1.23824e-05
-1.29637e-05
-1.35139e-05
-1.39896e-05
-1.44616e-05
-1.48887e-05
-4.5915e-06
-5.22602e-06
-5.86205e-06
-6.50064e-06
-7.14009e-06
-7.77764e-06
-8.41121e-06
-9.03772e-06
-9.65554e-06
-1.02649e-05
-1.08672e-05
-1.1462e-05
-1.20471e-05
-1.25986e-05
-1.3075e-05
-1.35504e-05
-1.398e-05
-3.76286e-06
-4.34862e-06
-4.94231e-06
-5.54371e-06
-6.15056e-06
-6.75932e-06
-7.36755e-06
-7.97289e-06
-8.5746e-06
-9.17354e-06
-9.7707e-06
-1.03645e-05
-1.09512e-05
-1.15016e-05
-1.19778e-05
-1.24543e-05
-1.28848e-05
-2.78855e-06
-3.32469e-06
-3.8749e-06
-4.4385e-06
-5.01217e-06
-5.5916e-06
-6.17413e-06
-6.75803e-06
-7.34328e-06
-7.93127e-06
-8.52212e-06
-9.11291e-06
-9.69783e-06
-1.02441e-05
-1.07179e-05
-1.11927e-05
-1.16212e-05
-1.69302e-06
-2.17823e-06
-2.68502e-06
-3.21059e-06
-3.75083e-06
-4.30059e-06
-4.85733e-06
-5.41943e-06
-5.98762e-06
-6.56363e-06
-7.14623e-06
-7.73099e-06
-8.31029e-06
-8.84911e-06
-9.31845e-06
-9.78843e-06
-1.0212e-05
-4.92918e-07
-9.28373e-07
-1.39136e-06
-1.87846e-06
-2.38444e-06
-2.90353e-06
-3.43352e-06
-3.97255e-06
-4.52201e-06
-5.08385e-06
-5.65517e-06
-6.22989e-06
-6.79921e-06
-7.32726e-06
-7.78995e-06
-8.25222e-06
-8.66911e-06
7.77354e-07
3.94499e-07
-2.30176e-08
-4.69561e-07
-9.38798e-07
-1.42437e-06
-1.92505e-06
-2.43814e-06
-2.96584e-06
-3.50977e-06
-4.0656e-06
-4.62568e-06
-5.18029e-06
-5.6946e-06
-6.14958e-06
-6.60321e-06
-7.01265e-06
2.10371e-06
1.77511e-06
1.40687e-06
1.00469e-06
5.76563e-07
1.29284e-07
-3.38051e-07
-8.20758e-07
-1.32245e-06
-1.84374e-06
-2.37902e-06
-2.91954e-06
-3.45529e-06
-3.95454e-06
-4.40198e-06
-4.84713e-06
-5.2512e-06
3.45678e-06
3.18841e-06
2.87467e-06
2.52303e-06
2.14181e-06
1.73783e-06
1.31109e-06
8.63736e-07
3.93037e-07
-1.00572e-07
-6.10466e-07
-1.12731e-06
-1.6416e-06
-2.12617e-06
-2.56773e-06
-3.00721e-06
-3.40978e-06
4.83607e-06
4.63172e-06
4.37911e-06
4.08518e-06
3.75795e-06
3.40261e-06
3.02286e-06
2.61588e-06
2.18e-06
1.71774e-06
1.23635e-06
7.45079e-07
2.52773e-07
-2.19405e-07
-6.58079e-07
-1.09704e-06
-1.50525e-06
6.2234e-06
6.08812e-06
5.90474e-06
5.67763e-06
5.41337e-06
5.11461e-06
4.78344e-06
4.41844e-06
4.01853e-06
3.58855e-06
3.13586e-06
2.66916e-06
2.1965e-06
1.73217e-06
1.29099e-06
8.45017e-07
4.23177e-07
7.63555e-06
7.5729e-06
7.46226e-06
7.31371e-06
7.11903e-06
6.8795e-06
6.59625e-06
6.27022e-06
5.90364e-06
5.50261e-06
5.07436e-06
4.62767e-06
4.16838e-06
3.70525e-06
3.25557e-06
2.79422e-06
2.34834e-06
9.05183e-06
9.07937e-06
9.06164e-06
8.99201e-06
8.86815e-06
8.6834e-06
8.44115e-06
8.14646e-06
7.80544e-06
7.42489e-06
7.01187e-06
6.57712e-06
6.12113e-06
5.65194e-06
5.18815e-06
4.70309e-06
4.22555e-06
1.05154e-05
1.06419e-05
1.07274e-05
1.07413e-05
1.06759e-05
1.05306e-05
1.03153e-05
1.00387e-05
9.71027e-06
9.33733e-06
8.92737e-06
8.49261e-06
8.02891e-06
7.54512e-06
7.06363e-06
6.5493e-06
6.03191e-06
1.2064e-05
1.23172e-05
1.24935e-05
1.25724e-05
1.2538e-05
1.24113e-05
1.22035e-05
1.19276e-05
1.15964e-05
1.12167e-05
1.07966e-05
1.03473e-05
9.86456e-06
9.35845e-06
8.85678e-06
8.31027e-06
7.75133e-06
1.38377e-05
1.41979e-05
1.44104e-05
1.44949e-05
1.4463e-05
1.43319e-05
1.41169e-05
1.38282e-05
1.34806e-05
1.30808e-05
1.26371e-05
1.21597e-05
1.16469e-05
1.11107e-05
1.05867e-05
1.00075e-05
9.40792e-06
1.62495e-05
1.6452e-05
1.65097e-05
1.64622e-05
1.63176e-05
1.60859e-05
1.57783e-05
1.54058e-05
1.4976e-05
1.44972e-05
1.39785e-05
1.34219e-05
1.28443e-05
1.22895e-05
1.16724e-05
1.10502e-05
1.84836e-05
1.86301e-05
1.8653e-05
1.85889e-05
1.84312e-05
1.81851e-05
1.78573e-05
1.74553e-05
1.69894e-05
1.64646e-05
1.58906e-05
1.52761e-05
1.46416e-05
1.40404e-05
1.33901e-05
1.27673e-05
2.08422e-05
2.09008e-05
2.0921e-05
2.08526e-05
2.06913e-05
2.04401e-05
2.00973e-05
1.96689e-05
1.9163e-05
1.85891e-05
1.7958e-05
1.72769e-05
1.6578e-05
1.59354e-05
1.52741e-05
1.46399e-05
2.2971e-05
2.30609e-05
2.30887e-05
2.30311e-05
2.28815e-05
2.26334e-05
2.22828e-05
2.18377e-05
2.13017e-05
2.06947e-05
2.00205e-05
1.92956e-05
1.8553e-05
1.78939e-05
1.72148e-05
1.65532e-05
2.44057e-05
2.45746e-05
2.46485e-05
2.46257e-05
2.45025e-05
2.42688e-05
2.39227e-05
2.34728e-05
2.2935e-05
2.23221e-05
2.1644e-05
2.09248e-05
2.01939e-05
1.95531e-05
1.8833e-05
1.81354e-05
2.52119e-05
2.5474e-05
2.56233e-05
2.56638e-05
2.55891e-05
2.53955e-05
2.50843e-05
2.46633e-05
2.41611e-05
2.35853e-05
2.29594e-05
2.22858e-05
2.16177e-05
2.09977e-05
2.03096e-05
1.95879e-05
)
;

boundaryField
{
    frontAndBack
    {
        type            slip;
    }
    inlet
    {
        type            zeroGradient;
    }
    outlet
    {
        type            fixedValue;
        value           nonuniform List<scalar> 0();
    }
    lowerWall
    {
        type            zeroGradient;
    }
    upperWall
    {
        type            slip;
    }
    procBoundary1to0
    {
        type            processor;
        value           nonuniform List<scalar> 
135
(
-7.95481e-06
-7.77591e-06
-7.39378e-06
-6.79669e-06
-6.00977e-06
-5.02715e-06
-3.87322e-06
-2.56012e-06
-1.10874e-06
4.592e-07
2.0856e-06
3.7343e-06
5.37015e-06
6.97722e-06
8.53145e-06
8.53145e-06
8.53145e-06
1.01284e-05
1.01284e-05
1.17448e-05
1.34712e-05
1.53337e-05
1.73096e-05
1.93339e-05
2.13079e-05
2.29508e-05
2.38138e-05
2.39009e-05
-7.37235e-06
-7.20317e-06
-6.85705e-06
-6.29627e-06
-5.54984e-06
-4.62051e-06
-3.52439e-06
-2.27093e-06
-8.92255e-07
5.88977e-07
2.12743e-06
3.69826e-06
5.25607e-06
6.7885e-06
8.27923e-06
9.73205e-06
1.13835e-05
1.13835e-05
1.13835e-05
1.30919e-05
1.49861e-05
1.70186e-05
1.91319e-05
2.12225e-05
2.3013e-05
2.40415e-05
2.42585e-05
-6.55021e-06
-6.41185e-06
-6.0963e-06
-5.57895e-06
-4.88599e-06
-4.02484e-06
-3.00685e-06
-1.84581e-06
-5.71388e-07
7.9083e-07
2.20697e-06
3.6549e-06
5.10578e-06
6.54686e-06
7.94373e-06
9.30275e-06
1.07044e-05
1.26044e-05
1.26044e-05
1.26044e-05
1.44795e-05
1.65675e-05
1.87907e-05
2.10278e-05
2.29822e-05
2.42152e-05
2.46396e-05
-5.84379e-06
-5.7241e-06
-5.43239e-06
-4.95157e-06
-4.3027e-06
-3.49844e-06
-2.54501e-06
-1.46424e-06
-2.75217e-07
9.88825e-07
2.307e-06
3.65085e-06
5.01044e-06
6.36739e-06
7.71021e-06
9.04697e-06
1.04365e-05
1.19381e-05
1.40594e-05
1.40594e-05
1.40594e-05
1.61529e-05
1.84699e-05
2.08009e-05
2.28673e-05
2.42045e-05
2.47928e-05
-5.44044e-06
-5.32366e-06
-5.04489e-06
-4.58336e-06
-3.95974e-06
-3.18652e-06
-2.26903e-06
-1.2326e-06
-9.08062e-08
1.11882e-06
2.3838e-06
3.67067e-06
4.98091e-06
6.29229e-06
7.62222e-06
8.96443e-06
1.03277e-05
1.17553e-05
1.34414e-05
1.59352e-05
1.59352e-05
1.82779e-05
2.06605e-05
2.27357e-05
2.40815e-05
2.47913e-05
)
;
    }
    procBoundary1to2
    {
        type            processor;
        value           nonuniform List<scalar> 
124
(
-1.72784e-05
-1.70401e-05
-1.65552e-05
-1.58277e-05
-1.48829e-05
-1.37411e-05
-1.24369e-05
-1.09885e-05
-9.40561e-06
-7.69666e-06
-5.89325e-06
-4.00983e-06
-2.06337e-06
-7.8589e-08
1.88115e-06
3.77351e-06
5.5546e-06
7.19795e-06
8.68586e-06
1.00587e-05
1.13767e-05
1.26476e-05
1.37838e-05
1.46572e-05
-1.7154e-05
-1.69171e-05
-1.64431e-05
-1.57209e-05
-1.47854e-05
-1.36567e-05
-1.2361e-05
-1.09164e-05
-9.3406e-06
-7.6446e-06
-5.85063e-06
-3.96991e-06
-2.02895e-06
-6.04402e-08
1.8863e-06
3.77736e-06
5.55941e-06
7.20671e-06
8.71655e-06
1.01412e-05
1.15468e-05
1.29563e-05
1.42549e-05
1.52858e-05
1.6373e-05
-1.696e-05
-1.67318e-05
-1.62674e-05
-1.55562e-05
-1.46319e-05
-1.3517e-05
-1.22323e-05
-1.07989e-05
-9.23388e-06
-7.55237e-06
-5.76917e-06
-3.90132e-06
-1.97866e-06
-3.33287e-08
1.8958e-06
3.76909e-06
5.54065e-06
7.19336e-06
8.74036e-06
1.02384e-05
1.17776e-05
1.33941e-05
1.49562e-05
1.62151e-05
1.74156e-05
-1.67613e-05
-1.65385e-05
-1.6083e-05
-1.53829e-05
-1.44696e-05
-1.33677e-05
-1.20947e-05
-1.06734e-05
-9.11743e-06
-7.44844e-06
-5.67653e-06
-3.82649e-06
-1.92062e-06
3.16471e-09
1.91244e-06
3.76442e-06
5.52789e-06
7.19034e-06
8.77453e-06
1.03451e-05
1.20035e-05
1.37916e-05
1.5583e-05
1.70415e-05
1.83682e-05
-1.66285e-05
-1.64053e-05
-1.59551e-05
-1.52616e-05
-1.43562e-05
-1.32621e-05
-1.19976e-05
-1.05842e-05
-9.0359e-06
-7.37466e-06
-5.61039e-06
-3.77177e-06
-1.87717e-06
3.09377e-08
1.92584e-06
3.76338e-06
5.52241e-06
7.19272e-06
8.80809e-06
1.04353e-05
1.2164e-05
1.40606e-05
1.59386e-05
1.74505e-05
1.89329e-05
)
;
    }
    procBoundary1to4
    {
        type            processor;
        value           nonuniform List<scalar> 
82
(
1.61585e-05
2.43729e-05
2.46736e-05
2.48705e-05
2.49762e-05
2.49769e-05
2.48687e-05
2.46503e-05
2.4293e-05
2.37682e-05
2.30704e-05
2.22151e-05
2.12374e-05
2.02371e-05
1.94023e-05
1.61585e-05
1.86203e-05
1.61585e-05
2.48318e-05
2.51674e-05
2.53808e-05
2.54766e-05
2.54535e-05
2.53285e-05
2.50826e-05
2.47117e-05
2.41953e-05
2.35407e-05
2.27425e-05
2.18317e-05
2.09195e-05
2.01e-05
1.93425e-05
1.87596e-05
2.53866e-05
2.57333e-05
2.59586e-05
2.60605e-05
2.60466e-05
2.59104e-05
2.56495e-05
2.52683e-05
2.47842e-05
2.41861e-05
2.34887e-05
2.27241e-05
2.19406e-05
2.12271e-05
2.05215e-05
1.99172e-05
2.56978e-05
2.60683e-05
2.63089e-05
2.64317e-05
2.64295e-05
2.6298e-05
2.60527e-05
2.56994e-05
2.52488e-05
2.47091e-05
2.41155e-05
2.34667e-05
2.28194e-05
2.22373e-05
2.16014e-05
2.09895e-05
2.58149e-05
2.61927e-05
2.64511e-05
2.6587e-05
2.65992e-05
2.64858e-05
2.62572e-05
2.5927e-05
2.5504e-05
2.50208e-05
2.44844e-05
2.3905e-05
2.33255e-05
2.28195e-05
2.22031e-05
2.16122e-05
)
;
    }
}


// ************************************************************************* //
