/*--------------------------------*- C++ -*----------------------------------*\
  =========                 |
  \\      /  F ield         | OpenFOAM: The Open Source CFD Toolbox
   \\    /   O peration     | Website:  https://openfoam.org
    \\  /    A nd           | Version:  10
     \\/     M anipulation  |
\*---------------------------------------------------------------------------*/
FoamFile
{
    format      ascii;
    class       surfaceScalarField;
    location    "20";
    object      phi;
}
// * * * * * * * * * * * * * * * * * * * * * * * * * * * * * * * * * * * * * //

dimensions      [0 3 -1 0 0 0 0];

internalField   nonuniform List<scalar> 
5620
(
-200
1.83724e-06
7.82109e-07
-200
1.61917e-06
7.74373e-07
-200
1.4217e-06
7.06824e-07
-200
1.16835e-06
5.20993e-07
-200
9.43761e-07
2.44081e-07
-200
6.84276e-07
4.48506e-08
-200
4.37901e-07
-1.08507e-07
-200
1.80145e-07
-2.05751e-07
-200
-5.27678e-08
-1.35278e-07
-200
-2.72789e-07
1.27549e-08
-200
-4.90459e-07
1.48202e-07
-200
-7.34779e-07
2.55211e-07
-200
-1.10044e-06
3.18219e-07
-200
-1.21004e-06
3.94639e-07
-200
-1.48283e-06
4.35407e-07
-200
-1.39494e-06
3.61908e-07
-1.46606e-06
2.53839e-07
-200
3.58776e-06
4.46205e-07
-200
3.16056e-06
4.18679e-07
-200
2.71012e-06
3.94818e-07
-200
2.20664e-06
2.29466e-07
-200
1.71136e-06
1.30707e-09
-200
1.19557e-06
-1.91065e-07
-200
6.93765e-07
-3.34051e-07
-200
1.77837e-07
-3.92761e-07
-200
-3.01711e-07
-3.19763e-07
-200
-7.55613e-07
-1.75343e-07
-200
-1.23087e-06
-2.86924e-08
-200
-1.76974e-06
8.56276e-08
-200
-2.53327e-06
1.71347e-07
-200
-2.64364e-06
2.52553e-07
-200
-3.28316e-06
2.77476e-07
-200
-3.04129e-06
2.11166e-07
-3.18808e-06
1.06553e-07
-200
5.34174e-06
3.83473e-07
-200
4.69821e-06
3.25024e-07
-200
4.01953e-06
3.1708e-07
-200
3.27953e-06
1.49605e-07
-200
2.52375e-06
-5.76571e-08
-200
1.78389e-06
-2.73201e-07
-200
1.03184e-06
-3.98271e-07
-200
2.6261e-07
-4.28149e-07
-200
-4.66134e-07
-3.56773e-07
-200
-1.16655e-06
-2.15657e-07
-200
-1.92604e-06
-7.18521e-08
-200
-2.79401e-06
5.8802e-08
-200
-3.9411e-06
1.67346e-07
-200
-3.95993e-06
2.14967e-07
-200
-5.08803e-06
2.3814e-07
-200
-4.65895e-06
1.94917e-07
-4.88059e-06
8.86809e-08
-200
7.02907e-06
2.78589e-07
-200
6.17467e-06
2.56093e-07
-200
5.30552e-06
2.30313e-07
-200
4.36172e-06
6.89543e-08
-200
3.38969e-06
-1.4295e-07
-200
2.42729e-06
-3.36187e-07
-200
1.43478e-06
-4.20063e-07
-200
4.19302e-07
-4.47508e-07
-200
-5.534e-07
-3.71203e-07
-200
-1.5056e-06
-2.54226e-07
-200
-2.55963e-06
-1.05959e-07
-200
-3.77056e-06
2.86474e-08
-200
-5.30593e-06
1.44681e-07
-200
-5.16662e-06
1.67775e-07
-200
-6.82856e-06
2.12153e-07
-200
-6.20364e-06
1.50031e-07
-6.48393e-06
6.98645e-08
-200
8.53484e-06
2.6371e-07
-200
7.52391e-06
2.38332e-07
-200
6.48905e-06
1.85824e-07
-200
5.36861e-06
5.95845e-08
-200
4.19382e-06
-1.33849e-07
-200
3.00961e-06
-2.74318e-07
-200
1.80234e-06
-3.40389e-07
-200
5.63603e-07
-3.64318e-07
-200
-6.47327e-07
-3.03371e-07
-200
-1.85287e-06
-2.02189e-07
-200
-3.18979e-06
-6.73943e-08
-200
-4.73304e-06
5.18472e-08
-200
-6.64225e-06
1.70922e-07
-200
-6.35638e-06
1.94556e-07
-200
-8.53353e-06
1.94717e-07
-200
-7.73077e-06
1.57205e-07
-8.05618e-06
8.20855e-08
-200
9.97808e-06
1.77992e-07
-200
8.82352e-06
1.21531e-07
-200
7.62611e-06
9.55581e-08
-200
6.35552e-06
-2.40337e-09
-200
4.97878e-06
-1.39578e-07
-200
3.571e-06
-2.53577e-07
-200
2.18153e-06
-3.0277e-07
-200
7.52965e-07
-2.67542e-07
-200
-7.11285e-07
-2.31334e-07
-200
-2.18706e-06
-1.63732e-07
-200
-3.77827e-06
-5.50825e-08
-200
-5.63521e-06
3.27613e-08
-200
-7.92011e-06
1.51965e-07
-200
-7.46808e-06
1.55574e-07
-200
-1.01744e-05
1.52474e-07
-200
-9.20776e-06
1.22329e-07
-9.54477e-06
3.35951e-08
-200
1.12608e-05
1.30194e-07
-200
9.97254e-06
7.17508e-08
-200
8.62555e-06
7.64889e-08
-200
7.20919e-06
-9.34139e-09
-200
5.66691e-06
-7.13869e-08
-200
4.07651e-06
-1.53632e-07
-200
2.50313e-06
-1.75116e-07
-200
8.86961e-07
-1.12618e-07
-200
-7.94554e-07
-6.52293e-08
-200
-2.52809e-06
-3.05829e-08
-200
-4.3825e-06
-2.624e-09
-200
-6.5343e-06
4.53897e-08
-200
-9.1842e-06
1.57317e-07
-200
-8.57297e-06
1.46173e-07
-200
-1.17687e-05
9.42224e-08
-200
-1.06666e-05
1.25091e-07
-1.10418e-05
6.39093e-08
-200
1.24523e-05
1.23823e-08
-200
1.10324e-05
5.19651e-09
-200
9.55592e-06
-5.09887e-09
-200
8.01785e-06
-6.9252e-08
-200
6.36845e-06
-9.4183e-08
-200
4.60419e-06
-1.00979e-07
-200
2.82174e-06
-5.80218e-08
-200
1.04335e-06
1.35886e-08
-200
-8.24105e-07
8.24822e-08
-200
-2.80672e-06
5.04904e-08
-200
-4.94107e-06
-1.48313e-08
-200
-7.38277e-06
-7.0302e-09
-200
-1.03792e-05
8.33935e-08
-200
-9.62377e-06
7.83972e-08
-200
-1.32824e-05
3.32011e-08
-200
-1.20502e-05
6.2791e-08
-1.24692e-05
3.19755e-08
-200
1.34384e-05
1.51911e-08
-200
1.19281e-05
2.49952e-08
-200
1.03493e-05
-2.06908e-08
-200
8.69512e-06
-4.30869e-08
-200
6.93468e-06
-2.63478e-08
-200
5.0602e-06
4.08547e-08
-200
3.1074e-06
1.51283e-07
-200
1.14252e-06
2.35076e-07
-200
-9.04323e-07
2.75872e-07
-200
-3.10687e-06
1.85269e-07
-200
-5.50729e-06
2.08937e-08
-200
-8.25038e-06
-4.70958e-08
-200
-1.15812e-05
4.59894e-08
-200
-1.06834e-05
5.7913e-08
-200
-1.47807e-05
-3.44979e-09
-200
-1.34361e-05
5.32485e-08
-1.38948e-05
4.4545e-08
-200
1.43678e-05
-6.81938e-09
-200
1.27832e-05
-4.40541e-08
-200
1.11134e-05
-7.06631e-08
-200
9.35267e-06
-8.33792e-08
-200
7.47465e-06
3.34352e-09
-200
5.50011e-06
1.53438e-07
-200
3.42129e-06
2.90856e-07
-200
1.27855e-06
3.91992e-07
-200
-9.4334e-07
3.6919e-07
-200
-3.3506e-06
1.94529e-07
-200
-6.03385e-06
-3.82897e-08
-200
-9.0795e-06
-1.54938e-07
-200
-1.27216e-05
-6.30589e-08
-200
-1.16876e-05
-2.6049e-08
-200
-1.62131e-05
-7.88888e-08
-200
-1.47425e-05
-2.99283e-08
-1.52101e-05
-6.27588e-08
-200
1.51148e-05
3.65443e-08
-200
1.34829e-05
7.00975e-10
-200
1.17318e-05
8.60692e-09
-200
9.88701e-06
1.19412e-08
-200
7.91426e-06
1.10699e-07
-200
5.82102e-06
3.23352e-07
-200
3.64798e-06
5.00598e-07
-200
1.37462e-06
5.79352e-07
-200
-1.03018e-06
4.65943e-07
-200
-3.64936e-06
2.08741e-07
-200
-6.6056e-06
-8.75291e-08
-200
-9.95323e-06
-1.92994e-07
-200
-1.38902e-05
-8.71549e-08
-200
-1.27172e-05
-6.29238e-08
-200
-1.76286e-05
-1.22863e-07
-200
-1.60574e-05
-2.97545e-08
-1.65474e-05
-2.75399e-08
-200
1.57941e-05
-1.18761e-08
-200
1.41219e-05
1.61466e-08
-200
1.23173e-05
-4.21459e-09
-200
1.04013e-05
4.78758e-08
-200
8.33639e-06
2.00492e-07
-200
6.16218e-06
3.92526e-07
-200
3.89291e-06
6.08641e-07
-200
1.49281e-06
6.2355e-07
-200
-1.10281e-06
4.09196e-07
-200
-3.94583e-06
1.06268e-07
-200
-7.16119e-06
-2.02127e-07
-200
-1.07822e-05
-2.90143e-07
-200
-1.49996e-05
-1.77814e-07
-200
-1.37014e-05
-1.46376e-07
-200
-1.89795e-05
-1.43175e-07
-200
-1.73125e-05
-8.40016e-08
-1.78051e-05
-5.23466e-08
-200
1.62601e-05
5.7861e-08
-200
1.45892e-05
1.12735e-07
-200
1.27595e-05
7.61342e-08
-200
1.07973e-05
1.57866e-07
-200
8.66061e-06
3.35406e-07
-200
6.42048e-06
5.68178e-07
-200
4.05238e-06
7.50485e-07
-200
1.52292e-06
6.57523e-07
-200
-1.25228e-06
3.42279e-07
-200
-4.33239e-06
1.83842e-08
-200
-7.78991e-06
-2.57698e-07
-200
-1.16733e-05
-2.56802e-07
-200
-1.61418e-05
-2.0557e-07
-200
-1.47133e-05
-1.60677e-07
-200
-2.03378e-05
-1.33081e-07
-200
-1.85945e-05
-5.86249e-08
-1.90957e-05
-7.57173e-09
-200
9.56197e-08
-200
1.49996e-05
8.41917e-08
-200
1.31762e-05
5.73049e-08
-200
1.11972e-05
1.64465e-07
-200
9.03282e-06
3.21973e-07
-200
6.70043e-06
6.71451e-07
-200
4.2265e-06
7.51436e-07
-200
1.54288e-06
5.26794e-07
-200
-1.41784e-06
2.36576e-07
-200
-4.71637e-06
-1.46723e-07
-200
-8.41492e-06
-3.29102e-07
-200
-1.25355e-05
-2.96546e-07
-200
-1.72292e-05
-2.93635e-07
-200
-1.56866e-05
-2.14364e-07
-200
-2.16339e-05
-1.87075e-07
-200
-1.98006e-05
-1.20719e-07
-2.02658e-05
-1.08237e-07
-200
1.52063e-05
1.72974e-07
-200
1.3401e-05
1.7995e-07
-200
1.14518e-05
2.66348e-07
-200
9.26881e-06
4.93802e-07
-200
6.88989e-06
7.44336e-07
-200
4.32022e-06
7.40205e-07
-200
1.48631e-06
4.43255e-07
-200
-1.67614e-06
1.86811e-07
-200
-5.19347e-06
-1.78245e-07
-200
-9.11736e-06
-3.01442e-07
-200
-1.34582e-05
-2.69353e-07
-200
-1.83686e-05
-2.56811e-07
-200
-1.67139e-05
-2.07777e-07
-200
-2.29308e-05
-2.13296e-07
-200
-2.10178e-05
-1.26768e-07
-2.14529e-05
-8.38914e-08
-200
1.53617e-05
1.06844e-07
-200
1.36035e-05
1.3767e-07
-200
1.16819e-05
2.56197e-07
-200
9.50677e-06
5.01091e-07
-200
7.10265e-06
6.79915e-07
-200
4.44032e-06
5.95562e-07
-200
1.45641e-06
3.23052e-07
-200
-1.89579e-06
3.47421e-08
-200
-5.64958e-06
-1.92713e-07
-200
-9.78701e-06
-3.04137e-07
-200
-1.43237e-05
-3.11547e-07
-200
-1.94635e-05
-2.62644e-07
-200
-1.77136e-05
-2.31758e-07
-200
-2.41639e-05
-2.50142e-07
-200
-2.21594e-05
-2.00592e-07
-2.25632e-05
-9.49206e-08
-200
1.53686e-05
-3.82428e-09
-200
1.36748e-05
1.56217e-07
-200
1.18065e-05
2.98529e-07
-200
9.67586e-06
5.10488e-07
-200
7.27817e-06
6.13086e-07
-200
4.53379e-06
4.76674e-07
-200
1.39898e-06
2.56841e-07
-200
-2.15452e-06
4.10894e-08
-200
-6.12756e-06
-1.18298e-07
-200
-1.04846e-05
-2.00786e-07
-200
-1.52305e-05
-2.04313e-07
-200
-2.06006e-05
-1.94283e-07
-200
-1.87439e-05
-1.79319e-07
-200
-2.54355e-05
-2.25933e-07
-200
-2.33403e-05
-1.5721e-07
-2.36898e-05
-6.689e-08
-200
1.54275e-05
-1.34942e-07
-200
1.37999e-05
2.77673e-08
-200
1.20052e-05
1.87282e-07
-200
9.93516e-06
3.64976e-07
-200
7.54041e-06
4.32496e-07
-200
4.71633e-06
3.16543e-07
-200
1.42975e-06
1.4465e-07
-200
-2.30282e-06
3.72664e-08
-200
-6.4905e-06
-6.99626e-08
-200
-1.10801e-05
-1.14799e-07
-200
-1.60596e-05
-1.3171e-07
-200
-2.1674e-05
-1.68171e-07
-200
-1.97063e-05
-1.61804e-07
-200
-2.66908e-05
-2.18823e-07
-200
-2.446e-05
-2.0077e-07
-2.47041e-05
-1.2493e-07
-200
1.53684e-05
-6.7027e-08
-200
1.38657e-05
3.1801e-08
-200
1.21485e-05
2.06058e-07
-200
1.01988e-05
2.42072e-07
-200
7.81075e-06
3.15012e-07
-200
4.91673e-06
2.41127e-07
-200
1.48953e-06
1.51658e-07
-200
-2.39213e-06
1.36075e-07
-200
-6.76356e-06
1.02298e-07
-200
-1.16105e-05
7.75168e-08
-200
-1.6881e-05
3.533e-08
-200
-2.27645e-05
-1.69841e-08
-200
-2.0682e-05
-5.48764e-08
-200
-2.80003e-05
-1.56955e-07
-200
-2.5658e-05
-5.77664e-08
-2.57869e-05
-9.98984e-09
-200
1.53556e-05
-1.26283e-08
-200
1.39947e-05
-3.06083e-08
-200
1.24386e-05
-7.98821e-09
-200
1.0531e-05
1.13961e-07
-200
8.17369e-06
1.26538e-07
-200
5.23321e-06
1.1374e-07
-200
1.70984e-06
1.33429e-07
-200
-2.31233e-06
1.66648e-07
-200
-6.83282e-06
1.94383e-07
-200
-1.18981e-05
2.13637e-07
-200
-1.75339e-05
2.1258e-07
-200
-2.38272e-05
1.57278e-07
-200
-2.15593e-05
7.19746e-08
-200
-2.93488e-05
-7.9702e-09
-200
-2.67879e-05
7.07927e-09
-2.68121e-05
4.56857e-08
-200
1.53316e-05
-6.11398e-08
-200
1.41303e-05
1.61968e-08
-200
1.264e-05
1.03832e-07
-200
1.07524e-05
1.30662e-07
-200
8.41177e-06
1.17625e-07
-200
5.45648e-06
1.669e-07
-200
1.92611e-06
2.64362e-07
-200
-2.17898e-06
3.13187e-07
-200
-6.85594e-06
3.83767e-07
-200
-1.21366e-05
4.40464e-07
-200
-1.8069e-05
4.95263e-07
-200
-2.48805e-05
4.86273e-07
-200
-2.23062e-05
2.94911e-07
-200
-3.07852e-05
2.16333e-07
-200
-2.79262e-05
2.22585e-07
-2.78596e-05
1.71825e-07
-200
1.52105e-05
7.35127e-08
-200
1.42024e-05
1.00494e-07
-200
1.2813e-05
1.58126e-07
-200
1.09791e-05
1.52306e-07
-200
8.62618e-06
1.7024e-07
-200
5.69342e-06
2.15018e-07
-200
2.19031e-06
2.76033e-07
-200
-1.93068e-06
4.05568e-07
-200
-6.72738e-06
4.71501e-07
-200
-1.22116e-05
5.5797e-07
-200
-1.84471e-05
6.64316e-07
-200
-2.57616e-05
7.17667e-07
-200
-2.28189e-05
5.53792e-07
-200
-3.20738e-05
4.72612e-07
-200
-2.89499e-05
3.38617e-07
-2.88097e-05
1.841e-07
-200
1.4817e-05
4.3559e-07
-200
1.39822e-05
4.17629e-07
-200
1.26109e-05
4.6951e-07
-200
1.08307e-05
4.84309e-07
-200
8.63085e-06
3.9299e-07
-200
5.77908e-06
4.3116e-07
-200
2.24779e-06
5.76243e-07
-200
-1.86258e-06
6.03625e-07
-200
-6.69197e-06
6.49382e-07
-200
-1.23154e-05
8.45406e-07
-200
-1.87972e-05
9.4683e-07
-200
-2.65029e-05
1.038e-06
-200
-2.34759e-05
1.04344e-06
-200
-3.33791e-05
8.2224e-07
-200
-3.01207e-05
6.05e-07
-2.97996e-05
4.66886e-07
-200
1.43919e-05
4.89145e-07
-200
1.35067e-05
6.56721e-07
-200
1.22047e-05
6.275e-07
-200
1.05834e-05
6.21547e-07
-200
8.39977e-06
7.67981e-07
-200
5.68339e-06
5.64684e-07
-200
2.37435e-06
3.08336e-07
-200
-1.72889e-06
4.35612e-07
-200
-6.59156e-06
6.22248e-07
-200
-1.23064e-05
7.85236e-07
-200
-1.89945e-05
1.01001e-06
-200
-2.70413e-05
1.343e-06
-200
-2.41903e-05
1.17963e-06
-200
-3.45793e-05
1.00688e-06
-200
-3.10736e-05
7.7231e-07
3.68056e-07
-200
1.02774e-06
-200
6.30542e-07
-200
7.51347e-07
-200
9.34934e-07
-200
3.65032e-07
-200
-3.46493e-08
-200
1.91973e-07
-200
1.51944e-07
-200
3.455e-07
-200
6.80897e-07
-200
1.02429e-06
-200
1.20647e-06
-200
9.78091e-07
-200
7.67383e-07
4.06199e-07
-200
1.99554e-06
8.52685e-07
-200
1.74331e-06
8.51795e-07
-200
1.49359e-06
6.93977e-07
-200
1.24661e-06
4.24632e-07
-200
9.82355e-07
1.3893e-07
-200
7.17105e-07
-9.06225e-08
-200
4.55858e-07
-2.57973e-07
-200
1.95145e-07
-2.96879e-07
-200
-4.07538e-08
-1.74532e-07
-200
-2.64309e-07
-6.08963e-10
-200
-4.87982e-07
1.68965e-07
-200
-7.2973e-07
3.16688e-07
-200
-1.11154e-06
4.04074e-07
-200
-1.09204e-06
4.59815e-07
-200
-1.43556e-06
4.88958e-07
-200
-1.33934e-06
3.72535e-07
-1.44576e-06
2.60263e-07
-200
3.90725e-06
4.52732e-07
-200
3.4079e-06
4.12975e-07
-200
2.90687e-06
3.08325e-07
-200
2.37722e-06
1.01151e-07
-200
1.83084e-06
-1.34103e-07
-200
1.2765e-06
-3.2818e-07
-200
7.30526e-07
-4.59516e-07
-200
1.93238e-07
-4.56251e-07
-200
-3.05032e-07
-2.9567e-07
-200
-7.51389e-07
-1.50517e-07
-200
-1.21017e-06
2.47255e-08
-200
-1.72297e-06
1.7456e-07
-200
-2.48397e-06
2.81495e-07
-200
-2.40759e-06
3.4082e-07
-200
-3.18237e-06
3.5132e-07
-200
-2.976e-06
2.63831e-07
-3.13314e-06
1.14323e-07
-200
5.71603e-06
4.31121e-07
-200
4.97624e-06
3.47801e-07
-200
4.23115e-06
2.64839e-07
-200
3.42884e-06
6.23062e-08
-200
2.60605e-06
-1.45507e-07
-200
1.76852e-06
-3.48039e-07
-200
9.43451e-07
-4.64552e-07
-200
1.38987e-07
-4.38311e-07
-200
-6.05695e-07
-2.89931e-07
-200
-1.27421e-06
-1.41148e-07
-200
-1.96222e-06
2.24253e-08
-200
-2.74614e-06
1.64925e-07
-200
-3.85908e-06
2.77459e-07
-200
-3.65927e-06
3.13727e-07
-200
-4.9113e-06
3.22603e-07
-200
-4.60611e-06
2.49873e-07
-4.80748e-06
1.11812e-07
-200
7.42054e-06
3.27932e-07
-200
6.454e-06
2.59775e-07
-200
5.47629e-06
1.81011e-07
-200
4.41583e-06
-1.66004e-08
-200
3.32173e-06
-2.0757e-07
-200
2.21663e-06
-3.84159e-07
-200
1.12285e-06
-4.61354e-07
-200
6.01046e-08
-4.32605e-07
-200
-9.20059e-07
-2.79187e-07
-200
-1.79623e-06
-1.6151e-07
-200
-2.69966e-06
-7.1898e-10
-200
-3.74705e-06
1.30139e-07
-200
-5.22209e-06
2.32646e-07
-200
-4.81138e-06
2.5015e-07
-200
-6.56335e-06
2.86292e-07
-200
-6.17847e-06
2.05634e-07
-6.43832e-06
1.02407e-07
-200
8.97054e-06
3.22846e-07
-200
7.79901e-06
2.5402e-07
-200
6.61032e-06
1.61497e-07
-200
5.3155e-06
-1.1709e-08
-200
3.9699e-06
-1.86288e-07
-200
2.61409e-06
-3.03968e-07
-200
1.26506e-06
-3.49109e-07
-200
-4.48025e-08
-3.1821e-07
-200
-1.24537e-06
-1.97709e-07
-200
-2.32163e-06
-6.35907e-08
-200
-3.41686e-06
5.93883e-08
-200
-4.72134e-06
1.62784e-07
-200
-6.57557e-06
2.48899e-07
-200
-5.9093e-06
2.56361e-07
-200
-8.08107e-06
2.71476e-07
-200
-7.72611e-06
2.22753e-07
-8.04618e-06
1.15665e-07
-200
1.04321e-05
1.74565e-07
-200
9.06881e-06
9.67614e-08
-200
7.68967e-06
3.9418e-08
-200
6.18315e-06
-1.07803e-07
-200
4.60678e-06
-2.36676e-07
-200
3.00558e-06
-3.01176e-07
-200
1.42172e-06
-3.17565e-07
-200
-1.11277e-07
-2.38967e-07
-200
-1.51412e-06
-1.50747e-07
-200
-2.75576e-06
-4.67177e-08
-200
-4.0379e-06
4.56712e-08
-200
-5.60722e-06
1.09036e-07
-200
-7.84492e-06
1.68622e-07
-200
-6.91317e-06
1.70868e-07
-200
-9.4946e-06
2.00957e-07
-200
-9.21128e-06
1.36694e-07
-9.58241e-06
4.38964e-08
-200
1.16935e-05
1.61652e-07
-200
1.01635e-05
9.54912e-08
-200
8.62628e-06
6.35762e-08
-200
6.92506e-06
-6.21054e-08
-200
5.14238e-06
-1.32074e-07
-200
3.33451e-06
-1.6243e-07
-200
1.54024e-06
-1.4203e-07
-200
-1.9235e-07
-3.95877e-08
-200
-1.74656e-06
4.70152e-08
-200
-3.12908e-06
1.08455e-07
-200
-4.62078e-06
1.28257e-07
-200
-6.47153e-06
1.38982e-07
-200
-9.10238e-06
1.73649e-07
-200
-7.89669e-06
1.71704e-07
-200
-1.09536e-05
1.67399e-07
-200
-1.06804e-05
1.56454e-07
-1.11032e-05
7.99095e-08
-200
1.28669e-05
4.6093e-09
-200
1.11866e-05
-1.68014e-08
-200
9.51281e-06
-4.72167e-08
-200
7.63382e-06
-1.46121e-07
-200
5.67087e-06
-1.80529e-07
-200
3.69607e-06
-1.37442e-07
-200
1.7228e-06
-4.8145e-08
-200
-1.66558e-07
6.14395e-08
-200
-1.80587e-06
1.39476e-07
-200
-3.34113e-06
1.277e-07
-200
-5.09325e-06
7.19131e-08
-200
-7.26667e-06
4.49894e-08
-200
-1.03128e-05
4.60294e-08
-200
-8.83177e-06
6.40095e-08
-200
-1.23866e-05
6.23468e-08
-200
-1.20762e-05
5.5251e-08
-1.25458e-05
2.34022e-08
-200
1.38421e-05
6.14574e-08
-200
1.20449e-05
5.40888e-08
-200
1.02447e-05
6.87761e-09
-200
8.21398e-06
-5.85735e-08
-200
6.11063e-06
-3.78522e-08
-200
4.00493e-06
6.20449e-08
-200
1.88863e-06
2.11574e-07
-200
-6.7355e-08
3.2745e-07
-200
-1.78036e-06
3.66004e-07
-200
-3.51723e-06
2.79981e-07
-200
-5.58633e-06
1.38565e-07
-200
-8.12105e-06
4.07743e-08
-200
-1.15813e-05
3.49222e-08
-200
-9.83865e-06
7.87683e-08
-200
-1.38757e-05
7.08354e-08
-200
-1.3512e-05
8.40812e-08
-1.40189e-05
5.73438e-08
-200
1.47955e-05
-3.71229e-08
-200
1.2881e-05
-6.12429e-08
-200
1.09687e-05
-1.04001e-07
-200
8.79723e-06
-1.26238e-07
-200
6.58278e-06
-1.0467e-08
-200
4.39997e-06
1.35146e-07
-200
2.18315e-06
3.0885e-07
-200
2.26552e-07
4.29181e-07
-200
-1.59943e-06
4.0395e-07
-200
-3.61021e-06
2.26777e-07
-200
-6.04069e-06
1.66357e-08
-200
-8.9666e-06
-1.12685e-07
-200
-1.28252e-05
-1.20133e-07
-200
-1.08517e-05
-3.95551e-08
-200
-1.5327e-05
-4.58738e-08
-200
-1.48947e-05
-5.23377e-08
-1.54311e-05
-6.37151e-08
-200
1.55781e-05
6.1803e-08
-200
1.35722e-05
5.12281e-08
-200
1.15711e-05
2.77133e-08
-200
9.28734e-06
3.81385e-08
-200
6.99093e-06
1.76641e-07
-200
4.73182e-06
4.01613e-07
-200
2.51979e-06
5.73253e-07
-200
5.54113e-07
6.64667e-07
-200
-1.4558e-06
5.44225e-07
-200
-3.79759e-06
2.85591e-07
-200
-6.61581e-06
1.88033e-09
-200
-9.92432e-06
-1.09799e-07
-200
-1.41407e-05
-8.66152e-08
-200
-1.19633e-05
-3.17801e-08
-200
-1.68616e-05
-7.02433e-08
-200
-1.63123e-05
-2.2339e-08
-1.68567e-05
-1.10557e-08
-200
1.6359e-05
-3.45493e-08
-200
1.42974e-05
-8.06233e-09
-200
1.21964e-05
-3.3188e-08
-200
9.82262e-06
4.477e-08
-200
7.51397e-06
1.87997e-07
-200
5.15735e-06
4.33065e-07
-200
3.00984e-06
6.27099e-07
-200
9.6209e-07
6.61178e-07
-200
-1.3139e-06
4.49272e-07
-200
-4.02432e-06
1.37442e-07
-200
-7.23853e-06
-1.46953e-07
-200
-1.08941e-05
-2.46645e-07
-200
-1.54279e-05
-2.28852e-07
-200
-1.30665e-05
-1.72548e-07
-200
-1.82929e-05
-1.78782e-07
-200
-1.7639e-05
-1.45083e-07
-1.81812e-05
-9.08678e-08
-200
1.69821e-05
8.801e-08
-200
1.48585e-05
1.50899e-07
-200
1.27062e-05
1.23963e-07
-200
1.02601e-05
2.28975e-07
-200
7.93934e-06
4.10665e-07
-200
5.61635e-06
6.36666e-07
-200
3.46448e-06
8.42069e-07
-200
1.23711e-06
7.65406e-07
-200
-1.35233e-06
4.44785e-07
-200
-4.45452e-06
1.24094e-07
-200
-8.02384e-06
-1.53238e-07
-200
-1.1986e-05
-1.64015e-07
-200
-1.68134e-05
-1.80678e-07
-200
-1.42655e-05
-1.52512e-07
-200
-1.97451e-05
-1.65675e-07
-200
-1.89895e-05
-9.54699e-08
-1.95183e-05
-3.21562e-08
-200
1.74889e-05
4.47857e-08
-200
1.54319e-05
5.62476e-08
-200
1.33136e-05
2.4656e-08
-200
1.07001e-05
2.07052e-07
-200
8.41731e-06
3.5945e-07
-200
6.20897e-06
6.60585e-07
-200
3.97914e-06
7.84449e-07
-200
1.49378e-06
5.81153e-07
-200
-1.46154e-06
2.81326e-07
-200
-4.94549e-06
-9.3015e-08
-200
-8.81848e-06
-2.74837e-07
-200
-1.3063e-05
-2.53522e-07
-200
-1.81775e-05
-3.07994e-07
-200
-1.54241e-05
-2.75042e-07
-200
-2.11485e-05
-2.78271e-07
-200
-2.02723e-05
-2.30515e-07
-2.07719e-05
-1.54037e-07
-200
1.77586e-05
8.05214e-08
-200
1.5877e-05
1.97993e-07
-200
1.36027e-05
2.22553e-07
-200
1.10717e-05
3.75306e-07
-200
8.83808e-06
6.10885e-07
-200
6.71721e-06
7.95704e-07
-200
4.35478e-06
8.25012e-07
-200
1.57397e-06
5.48594e-07
-200
-1.77171e-06
3.11959e-07
-200
-5.60838e-06
-5.02168e-08
-200
-9.7465e-06
-1.75837e-07
-200
-1.42611e-05
-1.54291e-07
-200
-1.96443e-05
-2.19906e-07
-200
-1.66759e-05
-2.14614e-07
-200
-2.26239e-05
-2.59773e-07
-200
-2.16032e-05
-1.89508e-07
-2.2065e-05
-1.06363e-07
-200
-1.68225e-08
-200
1.62455e-05
-6.80814e-08
-200
1.36819e-05
1.07769e-07
-200
1.14697e-05
2.69363e-07
-200
9.37685e-06
5.62176e-07
-200
7.2802e-06
6.69159e-07
-200
4.73494e-06
6.07911e-07
-200
1.60719e-06
3.756e-07
-200
-2.09805e-06
1.13462e-07
-200
-6.24412e-06
-8.55421e-08
-200
-1.06461e-05
-1.97509e-07
-200
-1.54384e-05
-2.37954e-07
-200
-2.10562e-05
-2.62566e-07
-200
-1.78787e-05
-2.74011e-07
-200
-2.40431e-05
-3.50359e-07
-200
-2.2857e-05
-3.17836e-07
-2.32368e-05
-1.62594e-07
-200
1.59034e-05
3.25053e-08
-200
1.35972e-05
1.84055e-07
-200
1.17407e-05
3.51859e-07
-200
9.86369e-06
5.88169e-07
-200
7.70279e-06
6.74729e-07
-200
4.95847e-06
5.52233e-07
-200
1.52249e-06
3.64187e-07
-200
-2.50529e-06
1.91903e-07
-200
-6.8986e-06
4.05196e-08
-200
-1.15416e-05
-3.01986e-08
-200
-1.66755e-05
-4.46612e-08
-200
-2.25168e-05
-1.18342e-07
-200
-1.91354e-05
-1.53454e-07
-200
-2.55519e-05
-2.67983e-07
-200
-2.41703e-05
-2.29908e-07
-2.44305e-05
-1.14606e-07
-200
1.523e-05
-1.92526e-07
-200
1.36382e-05
-5.83483e-08
-200
1.2085e-05
2.32837e-07
-200
1.03455e-05
3.76073e-07
-200
8.14462e-06
4.29318e-07
-200
5.20322e-06
3.33041e-07
-200
1.50727e-06
2.0323e-07
-200
-2.76097e-06
1.2778e-07
-200
-7.39103e-06
3.70801e-08
-200
-1.22461e-05
7.09455e-09
-200
-1.77212e-05
6.59436e-09
-200
-2.38661e-05
-9.60447e-08
-200
-2.03012e-05
-1.36086e-07
-200
-2.70853e-05
-2.60385e-07
-200
-2.54632e-05
-3.00537e-07
-2.55401e-05
-1.70854e-07
-200
1.45065e-05
1.69415e-07
-200
1.35387e-05
1.39538e-07
-200
1.22953e-05
2.31163e-07
-200
1.06449e-05
3.14424e-07
-200
8.46296e-06
3.93144e-07
-200
5.35633e-06
3.27493e-07
-200
1.4743e-06
2.70907e-07
-200
-2.92909e-06
2.81435e-07
-200
-7.76108e-06
2.52936e-07
-200
-1.285e-05
2.47434e-07
-200
-1.8602e-05
2.51656e-07
-200
-2.51747e-05
1.48282e-07
-200
-2.14527e-05
7.22952e-08
-200
-2.87453e-05
-9.29443e-08
-200
-2.68241e-05
-5.75276e-08
-2.66569e-05
-1.76921e-09
-200
1.41485e-05
2.68053e-08
-200
1.35331e-05
5.09436e-08
-200
1.24666e-05
7.64255e-08
-200
1.09321e-05
1.53015e-07
-200
8.75663e-06
1.73093e-07
-200
5.52715e-06
1.81016e-07
-200
1.60229e-06
2.0677e-07
-200
-2.84179e-06
2.6781e-07
-200
-7.82342e-06
2.91194e-07
-200
-1.31596e-05
2.87155e-07
-200
-1.91613e-05
3.90876e-07
-200
-2.63126e-05
3.53326e-07
-200
-2.2391e-05
2.34137e-07
-200
-3.03208e-05
8.36853e-08
-200
-2.80623e-05
1.96876e-09
-2.76423e-05
7.29365e-08
-200
1.40319e-05
6.21012e-08
-200
1.34616e-05
1.17952e-07
-200
1.25449e-05
2.3538e-07
-200
1.1027e-05
2.86494e-07
-200
8.81193e-06
3.29173e-07
-200
5.52031e-06
3.92683e-07
-200
1.75773e-06
4.4542e-07
-200
-2.66718e-06
5.09636e-07
-200
-7.72507e-06
5.63674e-07
-200
-1.33094e-05
6.2236e-07
-200
-1.95674e-05
7.63334e-07
-200
-2.73341e-05
7.98024e-07
-200
-2.31894e-05
6.0953e-07
-200
-3.17991e-05
4.47154e-07
-200
-2.92178e-05
3.26601e-07
-2.86128e-05
2.69916e-07
-200
1.4221e-05
-8.87822e-09
-200
1.35635e-05
2.29486e-07
-200
1.26305e-05
2.81267e-07
-200
1.10285e-05
2.85682e-07
-200
8.83274e-06
3.40413e-07
-200
5.70742e-06
3.86388e-07
-200
2.09812e-06
4.37068e-07
-200
-2.23534e-06
5.36554e-07
-200
-7.26215e-06
5.42038e-07
-200
-1.31284e-05
7.51543e-07
-200
-1.96803e-05
8.86141e-07
-200
-2.78846e-05
9.5503e-07
-200
-2.35216e-05
7.79564e-07
-200
-3.27947e-05
6.03941e-07
-200
-3.00638e-05
3.69524e-07
-2.93916e-05
2.34869e-07
-200
1.42992e-05
5.80317e-07
-200
1.36337e-05
6.25791e-07
-200
1.25106e-05
6.94929e-07
-200
1.08962e-05
7.2601e-07
-200
8.7681e-06
7.30533e-07
-200
5.86408e-06
7.44536e-07
-200
2.41723e-06
8.299e-07
-200
-1.79429e-06
8.17672e-07
-200
-6.8324e-06
9.18016e-07
-200
-1.27853e-05
1.14484e-06
-200
-1.9593e-05
1.21604e-06
-200
-2.81429e-05
1.35696e-06
-200
-2.34119e-05
1.22125e-06
-200
-3.3445e-05
1.01837e-06
-200
-3.08252e-05
7.01167e-07
-2.99431e-05
4.23084e-07
-200
1.41899e-05
7.17117e-07
-200
1.38531e-05
7.37483e-07
-200
1.24076e-05
8.19721e-07
-200
1.09193e-05
8.61826e-07
-200
8.90217e-06
9.20985e-07
-200
6.2513e-06
7.36674e-07
-200
2.90993e-06
4.94916e-07
-200
-1.18442e-06
5.00274e-07
-200
-6.16373e-06
6.14278e-07
-200
-1.21241e-05
7.58994e-07
-200
-1.90246e-05
1.1143e-06
-200
-2.79512e-05
1.3522e-06
-200
-2.28276e-05
1.19445e-06
-200
-3.3699e-05
1.09182e-06
-200
-3.10502e-05
6.84203e-07
-3.03358e-05
3.41756e-07
-200
1.25388e-06
-200
1.13186e-06
-200
1.22195e-06
-200
1.38244e-06
-200
1.09579e-06
-200
5.58686e-07
-200
2.26486e-07
-200
9.89747e-08
-200
3.45108e-07
-200
7.1066e-07
-200
1.00682e-06
-200
1.34222e-06
-200
1.05928e-06
-200
1.18359e-06
-200
6.35865e-07
3.0931e-07
-200
2.08712e-06
8.25864e-07
-200
1.85243e-06
7.96916e-07
-200
1.575e-06
6.59135e-07
-200
1.30606e-06
4.15548e-07
-200
1.02869e-06
1.7488e-07
-200
7.57014e-07
-8.65339e-09
-200
4.84242e-07
-1.22907e-07
-200
2.14517e-07
-1.3722e-07
-200
-2.81671e-08
-4.30428e-08
-200
-2.55962e-07
1.0508e-07
-200
-4.88896e-07
2.48475e-07
-200
-7.41158e-07
3.75226e-07
-200
-1.13743e-06
4.45053e-07
-200
-1.11365e-06
4.74884e-07
-200
-1.45619e-06
4.91013e-07
-200
-1.36069e-06
3.72296e-07
-1.45777e-06
2.87595e-07
-200
3.96242e-06
4.70788e-07
-200
3.4756e-06
4.38458e-07
-200
2.9536e-06
3.32991e-07
-200
2.41391e-06
1.42925e-07
-200
1.86246e-06
-5.68043e-08
-200
1.31701e-06
-1.99161e-07
-200
7.65351e-07
-2.8162e-07
-200
2.25383e-07
-2.70744e-07
-200
-2.68017e-07
-1.37269e-07
-200
-7.341e-07
-1.49971e-08
-200
-1.21435e-06
1.32395e-07
-200
-1.74429e-06
2.61223e-07
-200
-2.5224e-06
3.4343e-07
-200
-2.44107e-06
3.71218e-07
-200
-3.21724e-06
3.70023e-07
-200
-3.00876e-06
3.05101e-07
-3.16187e-06
1.68242e-07
-200
5.77847e-06
4.31459e-07
-200
5.0458e-06
3.82109e-07
-200
4.29196e-06
2.77706e-07
-200
3.48563e-06
1.03386e-07
-200
2.66415e-06
-6.60214e-08
-200
1.84241e-06
-2.01124e-07
-200
1.01566e-06
-2.7445e-07
-200
2.19361e-07
-2.55501e-07
-200
-5.1676e-07
-1.33354e-07
-200
-1.21726e-06
-1.32438e-09
-200
-1.94461e-06
1.35175e-07
-200
-2.75919e-06
2.53019e-07
-200
-3.89353e-06
3.33921e-07
-200
-3.69024e-06
3.49843e-07
-200
-4.95235e-06
3.52818e-07
-200
-4.63468e-06
2.76882e-07
-4.84374e-06
1.68618e-07
-200
7.46622e-06
3.69224e-07
-200
6.51437e-06
2.99291e-07
-200
5.53305e-06
2.15426e-07
-200
4.47285e-06
5.29577e-08
-200
3.39073e-06
-9.55835e-08
-200
2.30194e-06
-2.10366e-07
-200
1.21928e-06
-2.66945e-07
-200
1.75803e-07
-2.39394e-07
-200
-7.9379e-07
-1.06806e-07
-200
-1.71739e-06
-6.07664e-09
-200
-2.67883e-06
1.23766e-07
-200
-3.77323e-06
2.28221e-07
-200
-5.28083e-06
2.97929e-07
-200
-4.85185e-06
2.98281e-07
-200
-6.6169e-06
3.10928e-07
-200
-6.22559e-06
2.51017e-07
-6.47253e-06
1.45506e-07
-200
9.0462e-06
3.42163e-07
-200
7.88722e-06
2.83324e-07
-200
6.68491e-06
2.07352e-07
-200
5.39322e-06
5.6158e-08
-200
4.06431e-06
-7.03835e-08
-200
2.73135e-06
-1.53982e-07
-200
1.40945e-06
-1.87171e-07
-200
1.27876e-07
-1.46065e-07
-200
-1.06158e-06
-4.32114e-08
-200
-2.19268e-06
7.314e-08
-200
-3.37782e-06
1.7508e-07
-200
-4.74665e-06
2.49154e-07
-200
-6.64403e-06
3.00144e-07
-200
-5.94778e-06
2.91419e-07
-200
-8.14129e-06
3.11922e-07
-200
-7.77187e-06
2.40964e-07
-8.06285e-06
1.48153e-07
-200
1.04804e-05
2.17461e-07
-200
9.12583e-06
1.59335e-07
-200
7.73317e-06
1.01045e-07
-200
6.22988e-06
-2.442e-08
-200
4.68002e-06
-1.22386e-07
-200
3.12652e-06
-1.71871e-07
-200
1.58331e-06
-1.7555e-07
-200
9.00255e-08
-1.0281e-07
-200
-1.30395e-06
-1.94781e-08
-200
-2.62789e-06
7.63692e-08
-200
-4.0251e-06
1.46488e-07
-200
-5.67291e-06
1.89622e-07
-200
-7.96578e-06
2.22261e-07
-200
-6.99061e-06
2.12071e-07
-200
-9.58283e-06
2.28242e-07
-200
-9.29974e-06
1.75808e-07
-9.62142e-06
9.54014e-08
-200
1.17676e-05
2.06775e-07
-200
1.02422e-05
1.68406e-07
-200
8.68835e-06
1.26094e-07
-200
6.99666e-06
1.62879e-08
-200
5.25119e-06
-4.4897e-08
-200
3.49529e-06
-5.69063e-08
-200
1.75363e-06
-2.69766e-08
-200
7.75169e-08
5.60802e-08
-200
-1.49421e-06
1.42865e-07
-200
-2.99422e-06
1.99569e-07
-200
-4.61577e-06
2.17754e-07
-200
-6.55613e-06
2.19438e-07
-200
-9.2433e-06
2.28094e-07
-200
-7.97798e-06
2.16235e-07
-200
-1.1079e-05
2.2408e-07
-200
-1.07684e-05
1.83541e-07
-1.11471e-05
1.19483e-07
-200
1.29335e-05
6.3397e-08
-200
1.12636e-05
4.164e-08
-200
9.56995e-06
7.38744e-09
-200
7.70407e-06
-7.47513e-08
-200
5.77899e-06
-1.02211e-07
-200
3.85785e-06
-5.89911e-08
-200
1.95817e-06
1.20023e-08
-200
1.23375e-07
1.1179e-07
-200
-1.59495e-06
1.8425e-07
-200
-3.27775e-06
1.91206e-07
-200
-5.14968e-06
1.50818e-07
-200
-7.39986e-06
1.14533e-07
-200
-1.04897e-05
1.00654e-07
-200
-8.94422e-06
1.09252e-07
-200
-1.25731e-05
1.07835e-07
-200
-1.22013e-05
8.57398e-08
-1.2619e-05
6.29114e-08
-200
1.39658e-05
1.15363e-07
-200
1.2181e-05
1.03251e-07
-200
1.03571e-05
7.94146e-08
-200
8.3414e-06
1.11203e-08
-200
6.2619e-06
3.11026e-08
-200
4.2126e-06
1.20044e-07
-200
2.19149e-06
2.30667e-07
-200
2.30083e-07
3.35672e-07
-200
-1.61855e-06
3.74758e-07
-200
-3.49984e-06
3.124e-07
-200
-5.66689e-06
2.15069e-07
-200
-8.25955e-06
1.33976e-07
-200
-1.17424e-05
9.7937e-08
-200
-9.93619e-06
1.22603e-07
-200
-1.40465e-05
1.16033e-07
-200
-1.36139e-05
1.08086e-07
-1.4079e-05
7.65638e-08
-200
1.49175e-05
-1.40981e-08
-200
1.30236e-05
-1.615e-08
-200
1.10859e-05
-4.23982e-08
-200
8.9371e-06
-6.51167e-08
-200
6.75115e-06
1.95462e-08
-200
4.61283e-06
1.35669e-07
-200
2.48267e-06
2.77941e-07
-200
4.25991e-07
3.78657e-07
-200
-1.56215e-06
3.69882e-07
-200
-3.68943e-06
2.43546e-07
-200
-6.1816e-06
8.63843e-08
-200
-9.12955e-06
-2.20543e-08
-200
-1.29949e-05
-5.56785e-08
-200
-1.0957e-05
-5.18897e-10
-200
-1.54939e-05
-1.70546e-08
-200
-1.50082e-05
-1.71705e-08
-1.55104e-05
-1.0393e-08
-200
1.57346e-05
7.91735e-08
-200
1.37721e-05
9.83224e-08
-200
1.17335e-05
8.90859e-08
-200
9.47576e-06
8.88688e-08
-200
7.21327e-06
2.08063e-07
-200
5.02277e-06
3.7182e-07
-200
2.78964e-06
5.0828e-07
-200
6.5699e-07
5.89128e-07
-200
-1.50631e-06
5.06963e-07
-200
-3.92727e-06
3.14347e-07
-200
-6.76903e-06
1.07269e-07
-200
-1.00556e-05
-2.28685e-09
-200
-1.42618e-05
-1.96169e-08
-200
-1.20356e-05
2.5246e-08
-200
-1.69795e-05
-1.01559e-08
-200
-1.63936e-05
1.30605e-08
-1.69232e-05
1.91991e-08
-200
1.64796e-05
-3.64358e-08
-200
1.4476e-05
-5.41996e-09
-200
1.23624e-05
-1.15468e-08
-200
1.00206e-05
4.793e-08
-200
7.69925e-06
1.56785e-07
-200
5.46121e-06
3.54936e-07
-200
3.15353e-06
5.04492e-07
-200
9.23925e-07
5.51894e-07
-200
-1.46736e-06
4.00943e-07
-200
-4.21368e-06
1.56703e-07
-200
-7.40194e-06
-5.08373e-08
-200
-1.10194e-05
-1.51663e-07
-200
-1.5541e-05
-1.64385e-07
-200
-1.31276e-05
-1.19358e-07
-200
-1.84139e-05
-1.63377e-07
-200
-1.7738e-05
-1.25483e-07
-1.82682e-05
-7.37207e-08
-200
1.70494e-05
8.59276e-08
-200
1.51173e-05
1.37267e-07
-200
1.29414e-05
1.36218e-07
-200
1.04912e-05
2.33088e-07
-200
8.13207e-06
3.63353e-07
-200
5.85434e-06
5.31615e-07
-200
3.51805e-06
7.11603e-07
-200
1.12644e-06
6.74799e-07
-200
-1.55801e-06
4.52279e-07
-200
-4.63415e-06
1.93451e-07
-200
-8.14497e-06
-2.35138e-08
-200
-1.20511e-05
-8.53976e-08
-200
-1.68755e-05
-8.85051e-08
-200
-1.42688e-05
-8.41759e-08
-200
-1.9853e-05
-1.32773e-07
-200
-1.90706e-05
-7.72238e-08
-1.95995e-05
-2.96732e-08
-200
1.7624e-05
-4.28943e-08
-200
1.56887e-05
-1.76054e-09
-200
1.34094e-05
2.70613e-08
-200
1.09578e-05
1.74151e-07
-200
8.51345e-06
3.40831e-07
-200
6.25257e-06
5.02914e-07
-200
3.88888e-06
6.05634e-07
-200
1.2776e-06
5.00124e-07
-200
-1.71676e-06
2.51841e-07
-200
-5.13701e-06
-7.86694e-09
-200
-8.93157e-06
-1.69593e-07
-200
-1.31013e-05
-2.03469e-07
-200
-1.8216e-05
-2.2431e-07
-200
-1.541e-05
-2.21908e-07
-200
-2.12574e-05
-2.78504e-07
-200
-2.03598e-05
-2.27616e-07
-2.0868e-05
-1.29272e-07
-200
1.79325e-05
2.12819e-08
-200
1.61727e-05
8.09828e-08
-200
1.37424e-05
1.62983e-07
-200
1.12361e-05
3.45444e-07
-200
8.88922e-06
5.34983e-07
-200
6.6258e-06
6.56653e-07
-200
4.1671e-06
6.83401e-07
-200
1.30249e-06
5.17941e-07
-200
-1.99504e-06
2.95989e-07
-200
-5.73778e-06
5.85367e-08
-200
-9.79136e-06
-6.64583e-08
-200
-1.42143e-05
-9.1862e-08
-200
-1.95958e-05
-1.27591e-07
-200
-1.65926e-05
-1.47629e-07
-200
-2.26902e-05
-2.21141e-07
-200
-2.16379e-05
-1.73774e-07
-2.21138e-05
-9.54266e-08
-200
1.79292e-05
-1.22036e-07
-200
1.61764e-05
-1.09773e-07
-200
1.39494e-05
-5.72276e-08
-200
1.14235e-05
1.81331e-07
-200
9.27318e-06
4.39211e-07
-200
7.02785e-06
5.06879e-07
-200
4.41036e-06
4.73879e-07
-200
1.29263e-06
3.04624e-07
-200
-2.30413e-06
1.19541e-07
-200
-6.31457e-06
-3.06555e-08
-200
-1.06272e-05
-1.3604e-07
-200
-1.53223e-05
-1.83624e-07
-200
-2.09499e-05
-2.13352e-07
-200
-1.77435e-05
-2.37184e-07
-200
-2.40712e-05
-3.35751e-07
-200
-2.28703e-05
-2.98081e-07
-2.32592e-05
-1.7201e-07
-200
-3.38784e-08
-200
1.5618e-05
-6.44437e-08
-200
1.38855e-05
8.17582e-08
-200
1.15533e-05
2.9725e-07
-200
9.59439e-06
4.96666e-07
-200
7.33836e-06
5.56038e-07
-200
4.55604e-06
4.86033e-07
-200
1.21207e-06
3.41287e-07
-200
-2.6384e-06
2.23517e-07
-200
-6.87965e-06
1.02111e-07
-200
-1.1434e-05
3.49136e-08
-200
-1.64227e-05
5.16756e-09
-200
-2.23074e-05
-5.53932e-08
-200
-1.88936e-05
-1.02784e-07
-200
-2.54992e-05
-2.16785e-07
-200
-2.41074e-05
-2.01073e-07
-2.43828e-05
-1.17314e-07
-200
1.48176e-05
-2.03804e-07
-200
1.35008e-05
-8.97491e-08
-200
1.17126e-05
1.83357e-07
-200
9.88843e-06
2.87863e-07
-200
7.58751e-06
3.34846e-07
-200
4.69256e-06
2.8279e-07
-200
1.16892e-06
1.98419e-07
-200
-2.88244e-06
1.43003e-07
-200
-7.33308e-06
6.84172e-08
-200
-1.21052e-05
3.68642e-08
-200
-1.73987e-05
3.41757e-08
-200
-2.3604e-05
-3.12247e-08
-200
-1.99719e-05
-9.23076e-08
-200
-2.69362e-05
-2.36267e-07
-200
-2.53548e-05
-2.4217e-07
-2.54571e-05
-1.21953e-07
-200
1.38859e-05
1.36156e-07
-200
1.30646e-05
1.47108e-07
-200
1.18097e-05
2.44591e-07
-200
1.0056e-05
3.09795e-07
-200
7.75918e-06
3.63785e-07
-200
4.78121e-06
3.57202e-07
-200
1.14158e-06
3.22195e-07
-200
-3.04093e-06
3.24089e-07
-200
-7.66832e-06
2.92019e-07
-200
-1.26592e-05
2.82956e-07
-200
-1.82474e-05
3.10899e-07
-200
-2.48443e-05
2.46897e-07
-200
-2.10046e-05
1.62296e-07
-200
-2.84768e-05
-1.97657e-09
-200
-2.66066e-05
-9.30027e-10
-2.65046e-05
5.69268e-08
-200
1.33268e-05
1.37822e-07
-200
1.2757e-05
1.17875e-07
-200
1.18298e-05
1.3588e-07
-200
1.01325e-05
1.92936e-07
-200
7.87188e-06
2.11219e-07
-200
4.86349e-06
2.53239e-07
-200
1.19402e-06
2.76578e-07
-200
-3.03704e-06
3.12493e-07
-200
-7.81442e-06
3.27646e-07
-200
-1.30329e-05
3.2689e-07
-200
-1.88927e-05
4.52589e-07
-200
-2.59848e-05
4.37624e-07
-200
-2.19126e-05
3.14513e-07
-200
-2.99776e-05
1.48949e-07
-200
-2.78005e-05
8.76757e-08
-2.74885e-05
1.94577e-07
-200
1.31184e-05
1.94666e-07
-200
1.25565e-05
2.61394e-07
-200
1.17378e-05
3.64678e-07
-200
1.01199e-05
3.82702e-07
-200
7.87159e-06
4.55358e-07
-200
4.95792e-06
4.76031e-07
-200
1.3212e-06
5.17897e-07
-200
-2.91601e-06
5.88482e-07
-200
-7.79855e-06
6.23344e-07
-200
-1.31661e-05
6.74477e-07
-200
-1.93265e-05
8.5146e-07
-200
-2.70102e-05
8.80298e-07
-200
-2.26287e-05
6.75467e-07
-200
-3.13104e-05
5.04277e-07
-200
-2.88859e-05
4.09831e-07
-2.84501e-05
3.94557e-07
-200
1.34954e-05
3.82632e-08
-200
1.27033e-05
2.83265e-07
-200
1.16771e-05
3.28469e-07
-200
1.01333e-05
3.16201e-07
-200
7.93913e-06
3.58821e-07
-200
5.17066e-06
3.91577e-07
-200
1.68992e-06
4.27488e-07
-200
-2.45823e-06
4.98088e-07
-200
-7.39632e-06
5.35037e-07
-200
-1.30659e-05
7.76649e-07
-200
-1.94632e-05
9.28882e-07
-200
-2.76057e-05
9.78037e-07
-200
-2.29995e-05
7.48385e-07
-200
-3.23296e-05
5.64054e-07
-200
-2.97507e-05
3.97715e-07
-2.93409e-05
3.44188e-07
-200
1.37918e-05
5.29144e-07
-200
1.29302e-05
6.19856e-07
-200
1.1667e-05
7.03044e-07
-200
1.01665e-05
7.18135e-07
-200
8.04137e-06
7.45359e-07
-200
5.52551e-06
7.5391e-07
-200
2.2876e-06
7.20358e-07
-200
-1.90689e-06
8.03298e-07
-200
-6.85443e-06
1.00617e-06
-200
-1.26935e-05
1.19107e-06
-200
-1.93819e-05
1.2754e-06
-200
-2.79291e-05
1.42067e-06
-200
-2.29104e-05
1.08526e-06
-200
-3.29546e-05
8.72512e-07
-200
-3.04408e-05
7.06053e-07
-3.00572e-05
4.22112e-07
-200
1.40854e-05
6.27511e-07
-200
1.34067e-05
5.84389e-07
-200
1.19356e-05
5.98326e-07
-200
1.04238e-05
6.57314e-07
-200
8.58886e-06
6.34116e-07
-200
6.23777e-06
4.98014e-07
-200
2.96771e-06
5.12064e-07
-200
-1.19561e-06
5.10812e-07
-200
-6.16965e-06
5.53063e-07
-200
-1.20789e-05
8.13711e-07
-200
-1.89504e-05
1.0054e-06
-200
-2.78431e-05
1.00151e-06
-200
-2.23592e-05
8.6419e-07
-200
-3.32075e-05
8.2329e-07
-200
-3.08555e-05
5.33225e-07
-3.03848e-05
4.275e-07
-200
1.17935e-06
-200
1.14089e-06
-200
1.20853e-06
-200
1.27476e-06
-200
1.20473e-06
-200
1.04266e-06
-200
6.5169e-07
-200
5.69674e-07
-200
7.55053e-07
-200
7.44289e-07
-200
8.98945e-07
-200
1.30846e-06
-200
9.92095e-07
-200
1.26315e-06
-200
9.81876e-07
4.21867e-07
-200
2.18501e-06
7.01814e-07
-200
1.93798e-06
6.51661e-07
-200
1.65399e-06
5.75477e-07
-200
1.37577e-06
4.46535e-07
-200
1.09523e-06
3.09239e-07
-200
8.19064e-07
1.99004e-07
-200
5.4401e-07
1.36911e-07
-200
2.74911e-07
1.35888e-07
-200
2.22588e-08
1.83763e-07
-200
-2.08562e-07
2.59832e-07
-200
-4.51156e-07
3.34417e-07
-200
-7.14123e-07
4.02513e-07
-200
-1.12601e-06
4.39344e-07
-200
-1.10424e-06
4.37359e-07
-200
-1.44177e-06
4.28887e-07
-200
-1.3541e-06
3.4769e-07
-1.43985e-06
2.94342e-07
-200
4.05594e-06
4.92024e-07
-200
3.57565e-06
4.50797e-07
-200
3.04875e-06
3.87762e-07
-200
2.49751e-06
2.84567e-07
-200
1.93956e-06
1.7835e-07
-200
1.39628e-06
9.469e-08
-200
8.5316e-07
4.9084e-08
-200
3.22312e-07
5.36203e-08
-200
-1.76819e-07
1.12437e-07
-200
-6.61665e-07
1.88499e-07
-200
-1.16146e-06
2.64975e-07
-200
-1.71062e-06
3.32891e-07
-200
-2.50765e-06
3.69495e-07
-200
-2.43073e-06
3.68393e-07
-200
-3.20896e-06
3.51314e-07
-200
-2.98822e-06
3.01853e-07
-3.13536e-06
2.23485e-07
-200
5.87495e-06
4.40585e-07
-200
5.1598e-06
4.08498e-07
-200
4.39757e-06
3.42861e-07
-200
3.58958e-06
2.41312e-07
-200
2.76797e-06
1.46976e-07
-200
1.95795e-06
7.49335e-08
-200
1.15301e-06
4.08373e-08
-200
3.64759e-07
4.72325e-08
-200
-3.82748e-07
1.04674e-07
-200
-1.10521e-06
1.79401e-07
-200
-1.8632e-06
2.52214e-07
-200
-2.70759e-06
3.14995e-07
-200
-3.86458e-06
3.49693e-07
-200
-3.66604e-06
3.45757e-07
-200
-4.94198e-06
3.35564e-07
-200
-4.60786e-06
2.68631e-07
-4.79921e-06
2.15862e-07
-200
7.56206e-06
4.15589e-07
-200
6.62152e-06
3.75099e-07
-200
5.63748e-06
3.16951e-07
-200
4.58905e-06
2.20738e-07
-200
3.51833e-06
1.36592e-07
-200
2.45224e-06
8.00471e-08
-200
1.39728e-06
5.41205e-08
-200
3.65303e-07
6.25033e-08
-200
-6.12644e-07
1.20453e-07
-200
-1.57592e-06
1.88301e-07
-200
-2.58006e-06
2.52202e-07
-200
-3.71501e-06
3.07896e-07
-200
-5.25286e-06
3.35451e-07
-200
-4.82478e-06
3.2e-07
-200
-6.61955e-06
3.05997e-07
-200
-6.20599e-06
2.67539e-07
-6.43194e-06
2.03754e-07
-200
9.16764e-06
3.63151e-07
-200
8.01843e-06
3.35377e-07
-200
6.82418e-06
2.8399e-07
-200
5.54896e-06
1.94378e-07
-200
4.24455e-06
1.25917e-07
-200
2.94091e-06
8.69192e-08
-200
1.64906e-06
7.10912e-08
-200
3.84665e-07
8.83579e-08
-200
-8.19375e-07
1.4386e-07
-200
-1.99944e-06
2.05887e-07
-200
-3.24441e-06
2.63886e-07
-200
-4.66862e-06
3.01601e-07
-200
-6.60569e-06
3.19519e-07
-200
-5.90218e-06
2.96362e-07
-200
-8.12021e-06
2.72314e-07
-200
-7.74469e-06
2.28027e-07
-8.01903e-06
1.90468e-07
-200
1.05967e-05
2.95609e-07
-200
9.26193e-06
2.61359e-07
-200
7.8797e-06
2.20415e-07
-200
6.39669e-06
1.48039e-07
-200
4.87738e-06
9.89291e-08
-200
3.35819e-06
7.61808e-08
-200
1.85181e-06
6.89942e-08
-200
3.79455e-07
9.96113e-08
-200
-1.03699e-06
1.5268e-07
-200
-2.42393e-06
2.05593e-07
-200
-3.90074e-06
2.4497e-07
-200
-5.61248e-06
2.65457e-07
-200
-7.94626e-06
2.72987e-07
-200
-6.95629e-06
2.49684e-07
-200
-9.57048e-06
2.12823e-07
-200
-9.27631e-06
2.02408e-07
-9.57746e-06
1.58948e-07
-200
1.19388e-05
2.50711e-07
-200
1.04378e-05
2.36226e-07
-200
8.89017e-06
2.04869e-07
-200
7.21868e-06
1.42327e-07
-200
5.50417e-06
1.1529e-07
-200
3.79202e-06
1.10849e-07
-200
2.09314e-06
1.1895e-07
-200
4.29043e-07
1.63542e-07
-200
-1.17344e-06
2.12733e-07
-200
-2.75944e-06
2.48122e-07
-200
-4.47521e-06
2.62554e-07
-200
-6.48232e-06
2.61762e-07
-200
-9.20666e-06
2.57179e-07
-200
-7.92301e-06
2.35584e-07
-200
-1.10383e-05
2.22575e-07
-200
-1.07207e-05
1.82457e-07
-1.10821e-05
1.53419e-07
-200
1.31053e-05
1.69296e-07
-200
1.14646e-05
1.55074e-07
-200
9.7708e-06
1.31998e-07
-200
7.93085e-06
8.78867e-08
-200
6.04271e-06
7.69191e-08
-200
4.1712e-06
9.63724e-08
-200
2.30822e-06
1.25352e-07
-200
4.76701e-07
1.80397e-07
-200
-1.29379e-06
2.2333e-07
-200
-3.0791e-06
2.35065e-07
-200
-5.04935e-06
2.18673e-07
-200
-7.36005e-06
1.94975e-07
-200
-1.04699e-05
1.7928e-07
-200
-8.90863e-06
1.71186e-07
-200
-1.25363e-05
1.53559e-07
-200
-1.21676e-05
1.36996e-07
-1.25596e-05
1.17454e-07
-200
1.42117e-05
1.61946e-07
-200
1.24492e-05
1.6085e-07
-200
1.06257e-05
1.47514e-07
-200
8.63641e-06
1.13135e-07
-200
6.59648e-06
1.27248e-07
-200
4.59494e-06
1.71151e-07
-200
2.59443e-06
2.20435e-07
-200
6.13852e-07
2.79613e-07
-200
-1.31922e-06
3.1201e-07
-200
-3.31682e-06
2.84661e-07
-200
-5.56284e-06
2.34604e-07
-200
-8.19471e-06
1.90604e-07
-200
-1.16839e-05
1.58625e-07
-200
-9.86669e-06
1.59057e-07
-200
-1.39877e-05
1.50249e-07
-200
-1.35496e-05
1.22352e-07
-1.40026e-05
1.04327e-07
-200
1.51544e-05
8.09977e-08
-200
1.32988e-05
8.04181e-08
-200
1.13602e-05
6.94579e-08
-200
9.24711e-06
5.75586e-08
-200
7.08992e-06
1.01725e-07
-200
4.97763e-06
1.69081e-07
-200
2.86277e-06
2.3137e-07
-200
7.48446e-07
2.8904e-07
-200
-1.34944e-06
2.97561e-07
-200
-3.58229e-06
2.36644e-07
-200
-6.1272e-06
1.53535e-07
-200
-9.08649e-06
9.0991e-08
-200
-1.29402e-05
6.19636e-08
-200
-1.08798e-05
7.55409e-08
-200
-1.54626e-05
5.96763e-08
-200
-1.49537e-05
5.68984e-08
-1.54284e-05
5.50323e-08
-200
1.60356e-05
1.0183e-07
-200
1.41231e-05
1.21227e-07
-200
1.20842e-05
1.25998e-07
-200
9.86428e-06
1.23038e-07
-200
7.62288e-06
1.89008e-07
-200
5.42395e-06
2.65969e-07
-200
3.18868e-06
3.42132e-07
-200
9.49392e-07
3.96843e-07
-200
-1.33217e-06
3.6188e-07
-200
-3.82866e-06
2.61601e-07
-200
-6.69036e-06
1.55064e-07
-200
-9.97012e-06
8.28341e-08
-200
-1.41581e-05
4.8275e-08
-200
-1.18801e-05
6.7702e-08
-200
-1.68983e-05
6.55154e-08
-200
-1.62998e-05
5.12771e-08
-1.68157e-05
4.72301e-08
-200
1.67481e-05
2.22554e-08
-200
1.48164e-05
4.36895e-08
-200
1.2692e-05
5.21746e-08
-200
1.03893e-05
8.46105e-08
-200
8.05403e-06
1.56792e-07
-200
5.78755e-06
2.4276e-07
-200
3.47205e-06
3.24276e-07
-200
1.10364e-06
3.63704e-07
-200
-1.39095e-06
2.87717e-07
-200
-4.17719e-06
1.59337e-07
-200
-7.34973e-06
4.67517e-08
-200
-1.09347e-05
-2.3375e-08
-200
-1.54399e-05
-5.11779e-08
-200
-1.29624e-05
-2.38167e-08
-200
-1.83569e-05
-3.75453e-08
-200
-1.76645e-05
-2.89827e-08
-1.81803e-05
-6.75408e-09
-200
1.73786e-05
5.89272e-08
-200
1.54772e-05
1.08437e-07
-200
1.32712e-05
1.26585e-07
-200
1.09045e-05
1.74819e-07
-200
8.49275e-06
2.51899e-07
-200
6.16032e-06
3.28674e-07
-200
3.79374e-06
4.16579e-07
-200
1.26936e-06
4.221e-07
-200
-1.47687e-06
3.10965e-07
-200
-4.55973e-06
1.67648e-07
-200
-8.04226e-06
5.70114e-08
-200
-1.1903e-05
-4.31993e-09
-200
-1.66934e-05
-4.34546e-08
-200
-1.40503e-05
-1.02288e-08
-200
-1.97657e-05
-1.08928e-08
-200
-1.89645e-05
-1.86841e-08
-1.94933e-05
-1.50482e-09
-200
1.7815e-05
-3.17498e-08
-200
1.59638e-05
1.78762e-08
-200
1.37091e-05
4.13767e-08
-200
1.12761e-05
1.21033e-07
-200
8.83245e-06
2.25783e-07
-200
6.45367e-06
3.09051e-07
-200
4.00322e-06
3.49177e-07
-200
1.31419e-06
3.06259e-07
-200
-1.70136e-06
1.84128e-07
-200
-5.08221e-06
5.10993e-08
-200
-8.83874e-06
-4.51293e-08
-200
-1.29589e-05
-9.33352e-08
-200
-1.80247e-05
-1.33504e-07
-200
-1.5206e-05
-9.81873e-08
-200
-2.11934e-05
-1.10015e-07
-200
-2.02782e-05
-1.06495e-07
-2.07687e-05
-6.25875e-08
-200
1.81031e-05
-3.5845e-08
-200
1.63072e-05
1.71998e-08
-200
1.39848e-05
1.10267e-07
-200
1.15842e-05
2.07053e-07
-200
9.16394e-06
3.15608e-07
-200
6.75964e-06
3.83582e-07
-200
4.20055e-06
3.939e-07
-200
1.31379e-06
3.20865e-07
-200
-1.96261e-06
1.99252e-07
-200
-5.62568e-06
8.74963e-08
-200
-9.62904e-06
2.57622e-09
-200
-1.39997e-05
-4.53729e-08
-200
-1.93375e-05
-8.61657e-08
-200
-1.63345e-05
-6.248e-08
-200
-2.25733e-05
-6.87965e-08
-200
-2.15185e-05
-8.97167e-08
-2.19899e-05
-5.07729e-08
-200
1.8021e-05
-1.58903e-07
-200
1.63673e-05
-1.23758e-07
-200
1.39875e-05
-4.39751e-08
-200
1.16134e-05
1.14242e-07
-200
9.37765e-06
2.33927e-07
-200
6.97943e-06
2.83719e-07
-200
4.28719e-06
2.7382e-07
-200
1.19677e-06
1.94033e-07
-200
-2.31832e-06
9.72183e-08
-200
-6.21677e-06
1.27093e-08
-200
-1.04638e-05
-5.1759e-08
-200
-1.5103e-05
-9.2557e-08
-200
-2.06951e-05
-1.34651e-07
-200
-1.74883e-05
-1.21158e-07
-200
-2.39691e-05
-1.575e-07
-200
-2.27754e-05
-1.44241e-07
-2.31622e-05
-8.50789e-08
-200
1.75278e-05
-1.79926e-08
-200
1.60267e-05
-7.24107e-08
-200
1.39037e-05
2.76621e-09
-200
1.15926e-05
1.54836e-07
-200
9.57553e-06
2.62179e-07
-200
7.17776e-06
3.13295e-07
-200
4.3655e-06
2.92736e-07
-200
1.09948e-06
2.27154e-07
-200
-2.6212e-06
1.59506e-07
-200
-6.73347e-06
9.01695e-08
-200
-1.12119e-05
4.91198e-08
-200
-1.61369e-05
2.1066e-08
-200
-2.19942e-05
-3.25216e-08
-200
-1.85698e-05
-3.62507e-08
-200
-2.53367e-05
-7.03693e-08
-200
-2.39738e-05
-1.00082e-07
-2.42653e-05
-5.26027e-08
-200
-1.17566e-07
-200
1.51133e-05
-1.90949e-07
-200
1.34847e-05
-7.12298e-08
-200
1.15302e-05
1.09898e-07
-200
9.64871e-06
1.70545e-07
-200
7.25382e-06
2.11444e-07
-200
4.37433e-06
1.97098e-07
-200
9.77373e-07
1.66723e-07
-200
-2.91693e-06
1.32985e-07
-200
-7.22304e-06
8.64099e-08
-200
-1.19102e-05
6.1629e-08
-200
-1.71288e-05
5.71464e-08
-200
-2.32875e-05
6.47991e-09
-200
-1.9627e-05
-1.08645e-08
-200
-2.67608e-05
-8.19325e-08
-200
-2.52092e-05
-7.79518e-08
-2.53229e-05
-1.12162e-08
-200
1.3986e-05
1.28963e-07
-200
1.29827e-05
3.14724e-08
-200
1.15234e-05
1.46904e-07
-200
9.70117e-06
2.34081e-07
-200
7.36703e-06
2.45029e-07
-200
4.47031e-06
2.65354e-07
-200
9.85321e-07
2.51089e-07
-200
-3.04028e-06
2.46688e-07
-200
-7.52505e-06
2.25929e-07
-200
-1.24227e-05
2.19564e-07
-200
-1.79255e-05
2.42649e-07
-200
-2.44677e-05
1.9822e-07
-200
-2.05447e-05
1.58519e-07
-200
-2.81848e-05
9.7948e-08
-200
-2.63576e-05
5.66117e-08
-2.62728e-05
1.02927e-07
-200
1.30953e-05
8.56821e-08
-200
1.24719e-05
1.04491e-07
-200
1.13981e-05
2.03444e-07
-200
9.70447e-06
1.96237e-07
-200
7.39446e-06
2.08923e-07
-200
4.53832e-06
2.45207e-07
-200
1.02466e-06
2.62405e-07
-200
-3.08716e-06
2.86007e-07
-200
-7.72398e-06
2.89673e-07
-200
-1.28533e-05
3.17976e-07
-200
-1.85897e-05
3.78035e-07
-200
-2.55848e-05
3.65238e-07
-200
-2.1383e-05
2.95079e-07
-200
-2.96347e-05
2.19638e-07
-200
-2.74984e-05
1.89865e-07
-2.71671e-05
2.50254e-07
-200
1.30321e-05
2.62739e-07
-200
1.22397e-05
3.32325e-07
-200
1.14042e-05
2.47104e-07
-200
9.76006e-06
3.03547e-07
-200
7.57621e-06
3.36616e-07
-200
4.74905e-06
3.65431e-07
-200
1.24271e-06
3.99405e-07
-200
-2.87517e-06
4.55205e-07
-200
-7.62659e-06
4.72956e-07
-200
-1.30109e-05
5.54582e-07
-200
-1.89546e-05
6.73368e-07
-200
-2.64518e-05
6.65859e-07
-200
-2.1953e-05
5.17879e-07
-200
-3.07298e-05
4.01292e-07
-200
-2.84223e-05
3.75861e-07
-2.8109e-05
3.63868e-07
-200
1.32995e-05
-1.74041e-08
-200
1.233e-05
2.02251e-07
-200
1.13858e-05
2.81238e-07
-200
9.82987e-06
2.24439e-07
-200
7.7336e-06
2.58217e-07
-200
5.01037e-06
2.73748e-07
-200
1.57793e-06
3.06275e-07
-200
-2.52587e-06
3.58455e-07
-200
-7.35658e-06
4.72714e-07
-200
-1.28978e-05
6.04601e-07
-200
-1.91191e-05
7.17106e-07
-200
-2.70798e-05
7.09759e-07
-200
-2.21751e-05
5.24514e-07
-200
-3.14251e-05
3.74619e-07
-200
-2.9305e-05
3.50809e-07
-2.90889e-05
3.28519e-07
-200
1.36579e-05
5.4173e-07
-200
1.27325e-05
4.629e-07
-200
1.15582e-05
4.75965e-07
-200
1.00503e-05
5.25245e-07
-200
8.02252e-06
5.56444e-07
-200
5.4398e-06
5.72678e-07
-200
2.08103e-06
5.72811e-07
-200
-1.92049e-06
6.28995e-07
-200
-6.72454e-06
8.08643e-07
-200
-1.23899e-05
9.47886e-07
-200
-1.8944e-05
1.01963e-06
-200
-2.72857e-05
9.26823e-07
-200
-2.19365e-05
7.71468e-07
-200
-3.20585e-05
7.14544e-07
-200
-3.00754e-05
6.02793e-07
-2.99653e-05
4.3213e-07
-200
1.38544e-05
2.97401e-07
-200
1.33028e-05
3.56235e-07
-200
1.17853e-05
3.76519e-07
-200
1.0355e-05
4.13809e-07
-200
8.39378e-06
4.20281e-07
-200
5.88227e-06
4.08369e-07
-200
2.74684e-06
4.06301e-07
-200
-1.17727e-06
4.27885e-07
-200
-6.07003e-06
5.0144e-07
-200
-1.1868e-05
7.11263e-07
-200
-1.8617e-05
7.43457e-07
-200
-2.75276e-05
6.86173e-07
-200
-2.1616e-05
5.81626e-07
-200
-3.27901e-05
6.04686e-07
-200
-3.06125e-05
4.15347e-07
-3.03167e-05
4.01617e-07
-200
1.00469e-06
-200
9.09506e-07
-200
9.20749e-07
-200
9.57615e-07
-200
9.25557e-07
-200
8.71917e-07
-200
8.27421e-07
-200
8.79055e-07
-200
9.85018e-07
-200
9.66202e-07
-200
9.15845e-07
-200
9.55655e-07
-200
7.93303e-07
-200
8.66006e-07
-200
9.64505e-07
7.25328e-07
-200
2.77823e-06
-200
2.52255e-06
-200
2.24059e-06
-200
1.95825e-06
-200
1.66896e-06
-200
1.38289e-06
-200
1.10842e-06
-200
8.46264e-07
-200
5.95578e-07
-200
3.54758e-07
-200
1.07575e-07
-200
-1.54615e-07
-200
-5.58093e-07
-200
-5.92881e-07
-200
-9.49035e-07
-200
-8.83168e-07
-9.9371e-07
-200
5.21292e-06
-200
4.71599e-06
-200
4.19149e-06
-200
3.64457e-06
-200
3.0835e-06
-200
2.52804e-06
-200
1.98744e-06
-200
1.4611e-06
-200
9.54218e-07
-200
4.62632e-07
-200
-4.176e-08
-200
-5.9114e-07
-200
-1.37275e-06
-200
-1.40471e-06
-200
-2.2274e-06
-200
-2.04053e-06
-2.24335e-06
-200
7.54203e-06
-200
6.81742e-06
-200
6.05486e-06
-200
5.2498e-06
-200
4.42779e-06
-200
3.61415e-06
-200
2.81855e-06
-200
2.03566e-06
-200
1.27874e-06
-200
5.41808e-07
-200
-2.17797e-07
-200
-1.06017e-06
-200
-2.20201e-06
-200
-2.1527e-06
-200
-3.49531e-06
-200
-3.2198e-06
-3.48374e-06
-200
9.74918e-06
-200
8.80625e-06
-200
7.82098e-06
-200
6.77303e-06
-200
5.70258e-06
-200
4.64754e-06
-200
3.60825e-06
-200
2.57606e-06
-200
1.58233e-06
-200
6.09142e-07
-200
-4.00905e-07
-200
-1.53165e-06
-200
-3.05472e-06
-200
-2.82392e-06
-200
-4.73113e-06
-200
-4.36287e-06
-4.70084e-06
-200
1.18127e-05
-200
1.06676e-05
-200
9.47367e-06
-200
8.19843e-06
-200
6.89921e-06
-200
5.62105e-06
-200
4.35057e-06
-200
3.08431e-06
-200
1.8696e-06
-200
6.75334e-07
-200
-5.74074e-07
-200
-1.99145e-06
-200
-3.90513e-06
-200
-3.43703e-06
-200
-5.93297e-06
-200
-5.49069e-06
-5.90103e-06
-200
1.3681e-05
-200
1.23536e-05
-200
1.09753e-05
-200
9.49682e-06
-200
7.99435e-06
-200
6.50981e-06
-200
5.01959e-06
-200
3.54257e-06
-200
2.12466e-06
-200
7.23679e-07
-200
-7.5975e-07
-200
-2.46188e-06
-200
-4.76143e-06
-200
-4.03847e-06
-200
-7.12487e-06
-200
-6.60349e-06
-7.08706e-06
-200
1.5405e-05
-200
1.39169e-05
-200
1.23745e-05
-200
1.07112e-05
-200
9.02876e-06
-200
7.35727e-06
-200
5.66619e-06
-200
4.00416e-06
-200
2.40117e-06
-200
8.01798e-07
-200
-9.18085e-07
-200
-2.90714e-06
-200
-5.58459e-06
-200
-4.61303e-06
-200
-8.26038e-06
-200
-7.69278e-06
-8.25243e-06
-200
1.69168e-05
-200
1.52942e-05
-200
1.36121e-05
-200
1.17904e-05
-200
9.94631e-06
-200
8.11189e-06
-200
6.24725e-06
-200
4.42296e-06
-200
2.65085e-06
-200
8.55e-07
-200
-1.11149e-06
-200
-3.39313e-06
-200
-6.44101e-06
-200
-5.23401e-06
-200
-9.41145e-06
-200
-8.79418e-06
-9.41611e-06
-200
1.83214e-05
-200
1.65858e-05
-200
1.47779e-05
-200
1.28181e-05
-200
1.08324e-05
-200
8.86126e-06
-200
6.85263e-06
-200
4.88252e-06
-200
2.94954e-06
-200
9.44942e-07
-200
-1.28521e-06
-200
-3.86828e-06
-200
-7.28313e-06
-200
-5.86612e-06
-200
-1.05251e-05
-200
-9.88237e-06
-1.05748e-05
-200
1.95063e-05
-200
1.76919e-05
-200
1.57777e-05
-200
1.37067e-05
-200
1.16024e-05
-200
9.52251e-06
-200
7.39539e-06
-200
5.2877e-06
-200
3.19124e-06
-200
9.63391e-07
-200
-1.54694e-06
-200
-4.43751e-06
-200
-8.20358e-06
-200
-6.60255e-06
-200
-1.16803e-05
-200
-1.10097e-05
-1.175e-05
-200
2.05984e-05
-200
1.87404e-05
-200
1.67363e-05
-200
1.45694e-05
-200
1.23579e-05
-200
1.01886e-05
-200
7.97469e-06
-200
5.72823e-06
-200
3.44844e-06
-200
9.73457e-07
-200
-1.8284e-06
-200
-5.02545e-06
-200
-9.12428e-06
-200
-7.37249e-06
-200
-1.28025e-05
-200
-1.21235e-05
-1.29216e-05
-200
2.14542e-05
-200
1.95882e-05
-200
1.75155e-05
-200
1.52796e-05
-200
1.29806e-05
-200
1.07285e-05
-200
8.43868e-06
-200
6.06416e-06
-200
3.57506e-06
-200
8.35131e-07
-200
-2.25586e-06
-200
-5.74703e-06
-200
-1.01493e-05
-200
-8.25766e-06
-200
-1.39999e-05
-200
-1.32939e-05
-1.41098e-05
-200
2.22085e-05
-200
2.03824e-05
-200
1.82451e-05
-200
1.59507e-05
-200
1.35895e-05
-200
1.12551e-05
-200
8.88426e-06
-200
6.38287e-06
-200
3.66629e-06
-200
6.49826e-07
-200
-2.72173e-06
-200
-6.49056e-06
-200
-1.1182e-05
-200
-9.14719e-06
-200
-1.51607e-05
-200
-1.44295e-05
-1.52722e-05
-200
2.2675e-05
-200
2.09641e-05
-200
1.87416e-05
-200
1.64207e-05
-200
1.40309e-05
-200
1.16458e-05
-200
9.17704e-06
-200
6.51824e-06
-200
3.57327e-06
-200
2.89254e-07
-200
-3.34382e-06
-200
-7.36942e-06
-200
-1.23311e-05
-200
-1.01409e-05
-200
-1.64029e-05
-200
-1.56144e-05
-1.64354e-05
-200
2.29363e-05
-200
2.14065e-05
-200
1.91863e-05
-200
1.67569e-05
-200
1.44139e-05
-200
1.2008e-05
-200
9.44963e-06
-200
6.61964e-06
-200
3.44145e-06
-200
-8.34399e-08
-200
-3.9626e-06
-200
-8.24869e-06
-200
-1.34499e-05
-200
-1.11089e-05
-200
-1.76057e-05
-200
-1.67425e-05
-1.75434e-05
-200
2.29448e-05
-200
2.14732e-05
-200
1.92035e-05
-200
1.68441e-05
-200
1.45686e-05
-200
1.21968e-05
-200
9.57026e-06
-200
6.56904e-06
-200
3.18259e-06
-200
-5.5455e-07
-200
-4.65882e-06
-200
-9.22163e-06
-200
-1.46556e-05
-200
-1.21387e-05
-200
-1.88637e-05
-200
-1.78808e-05
-1.86061e-05
-200
2.27111e-05
-200
2.12838e-05
-200
1.89254e-05
-200
1.67878e-05
-200
1.46939e-05
-200
1.24104e-05
-200
9.71153e-06
-200
6.55943e-06
-200
2.99542e-06
-200
-9.43955e-07
-200
-5.25486e-06
-200
-1.00951e-05
-200
-1.5776e-05
-200
-1.30706e-05
-200
-2.00616e-05
-200
-1.89431e-05
-1.95732e-05
-200
2.17798e-05
-200
2.05328e-05
-200
1.83375e-05
-200
1.6573e-05
-200
1.47768e-05
-200
1.25367e-05
-200
9.79341e-06
-200
6.5507e-06
-200
2.83255e-06
-200
-1.28978e-06
-200
-5.80303e-06
-200
-1.09008e-05
-200
-1.68607e-05
-200
-1.39506e-05
-200
-2.13083e-05
-200
-1.99632e-05
-2.04121e-05
-200
-200
1.94704e-05
-200
1.78853e-05
-200
1.65874e-05
-200
1.49479e-05
-200
1.27147e-05
-200
9.99983e-06
-200
6.72661e-06
-200
2.88078e-06
-200
-1.40676e-06
-200
-6.12218e-06
-200
-1.14638e-05
-200
-1.77614e-05
-200
-1.46161e-05
-200
-2.24421e-05
-200
-2.08455e-05
-2.10804e-05
-200
1.86845e-05
-200
1.74672e-05
-200
1.67343e-05
-200
1.50928e-05
-200
1.29293e-05
-200
1.02767e-05
-200
6.9944e-06
-200
3.08746e-06
-200
-1.34294e-06
-200
-6.24869e-06
-200
-1.17985e-05
-200
-1.84871e-05
-200
-1.50977e-05
-200
-2.33675e-05
-200
-2.15263e-05
-2.16417e-05
-200
1.85914e-05
-200
1.74111e-05
-200
1.69189e-05
-200
1.53547e-05
-200
1.33235e-05
-200
1.07249e-05
-200
7.47983e-06
-200
3.60107e-06
-200
-9.62933e-07
-200
-5.9894e-06
-200
-1.168e-05
-200
-1.8811e-05
-200
-1.51301e-05
-200
-2.3967e-05
-200
-2.19829e-05
-2.22102e-05
-200
1.87061e-05
-200
1.77726e-05
-200
1.69874e-05
-200
1.5551e-05
-200
1.36794e-05
-200
1.11322e-05
-200
7.98679e-06
-200
4.16416e-06
-200
-4.02651e-07
-200
-5.51656e-06
-200
-1.13636e-05
-200
-1.8811e-05
-200
-1.47684e-05
-200
-2.462e-05
-200
-2.24954e-05
-2.2732e-05
-200
1.92045e-05
-200
1.84544e-05
-200
1.74123e-05
-200
1.61206e-05
-200
1.43501e-05
-200
1.19667e-05
-200
8.8921e-06
-200
5.10899e-06
-200
6.9217e-07
-200
-4.50394e-06
-200
-1.04465e-05
-200
-1.81724e-05
-200
-1.3863e-05
-200
-2.51078e-05
-200
-2.26764e-05
-2.3131e-05
-200
1.94083e-05
-200
1.88808e-05
-200
1.77664e-05
-200
1.6536e-05
-200
1.48991e-05
-200
1.26544e-05
-200
9.7081e-06
-200
6.031e-06
-200
1.5855e-06
-200
-3.59182e-06
-200
-9.69647e-06
-200
-1.81044e-05
-200
-1.3317e-05
-200
-2.54273e-05
-200
-2.28478e-05
-2.31755e-05
-200
-200
-200
-200
-200
-200
-200
-200
-200
-200
-200
-200
-200
-200
-200
)
;

boundaryField
{
    frontAndBack
    {
        type            calculated;
        value           uniform 0;
    }
    inlet
    {
        type            calculated;
        value           nonuniform List<scalar> 0();
    }
    outlet
    {
        type            calculated;
        value           nonuniform List<scalar> 0();
    }
    lowerWall
    {
        type            calculated;
        value           uniform 0;
    }
    upperWall
    {
        type            calculated;
        value           uniform 0;
    }
    procBoundary1to0
    {
        type            processor;
        value           nonuniform List<scalar> 
135
(
200
200
200
200
200
200
200
200
200
200
200
200
200
200
1.66643e-05
200
-3.82647e-08
200
3.43171e-08
200
200
200
200
200
200
200
200
200
200
200
200
200
200
200
200
200
200
200
200
200
200
200
200
200
1.7846e-05
200
-2.66938e-08
200
200
200
200
200
200
200
200
200
200
200
200
200
200
200
200
200
200
200
200
200
200
200
200
200
1.72225e-05
200
2.07901e-07
200
200
200
200
200
200
200
200
200
200
200
200
200
200
200
200
200
200
200
200
200
200
200
200
200
1.63883e-05
200
-2.5222e-08
200
200
200
200
200
200
200
200
200
200
200
200
200
200
200
200
200
200
200
200
200
200
200
200
200
2.04304e-05
200
200
200
200
200
200
)
;
    }
    procBoundary1to2
    {
        type            processor;
        value           nonuniform List<scalar> 
124
(
-200
-200
-200
-200
-200
-200
-200
-200
-200
-200
-200
-200
-200
-200
-200
-200
-200
-200
-200
-200
-200
-200
-200
-200
-200
-200
-200
-200
-200
-200
-200
-200
-200
-200
-200
-200
-200
-200
-200
-200
-200
-200
-200
-200
-200
-200
-200
-200
-200
-200
-200
-200
-200
-200
-200
-200
-200
-200
-200
-200
-200
-200
-200
-200
-200
-200
-200
-200
-200
-200
-200
-200
-200
-200
-200
-200
-200
-200
-200
-200
-200
-200
-200
-200
-200
-200
-200
-200
-200
-200
-200
-200
-200
-200
-200
-200
-200
-200
-200
-200
-200
-200
-200
-200
-200
-200
-200
-200
-200
-200
-200
-200
-200
-200
-200
-200
-200
-200
-200
-200
-200
-200
-200
-200
)
;
    }
    procBoundary1to4
    {
        type            processor;
        value           nonuniform List<scalar> 
82
(
-3.08543e-05
1.34575e-05
1.28418e-05
1.16754e-05
1.00947e-05
8.20357e-06
5.68678e-06
2.35445e-06
-1.66507e-06
-6.51689e-06
-1.24012e-05
-1.93694e-05
-2.79162e-05
-2.4662e-05
-3.53954e-05
-200
-3.17403e-05
-5.50067e-07
1.38839e-05
1.3373e-05
1.19732e-05
1.05187e-05
8.63949e-06
6.15872e-06
3.10174e-06
-8.0511e-07
-5.7559e-06
-1.1646e-05
-1.86845e-05
-2.8009e-05
-2.22238e-05
-3.40881e-05
-3.12184e-05
-3.09482e-05
1.38956e-05
1.33202e-05
1.188e-05
1.05305e-05
8.65143e-06
6.23578e-06
3.05728e-06
-9.75092e-07
-5.9268e-06
-1.18659e-05
-1.87985e-05
-2.81747e-05
-2.20848e-05
-3.38522e-05
-3.12914e-05
-3.09261e-05
1.37025e-05
1.34656e-05
1.19843e-05
1.0578e-05
8.74127e-06
6.3598e-06
3.19945e-06
-8.74982e-07
-5.82445e-06
-1.17392e-05
-1.86358e-05
-2.79039e-05
-2.17065e-05
-3.33484e-05
-3.11881e-05
-3.06611e-05
1.9863e-05
1.96308e-05
1.84968e-05
1.7396e-05
1.58755e-05
1.37855e-05
1.09679e-05
7.43625e-06
2.94612e-06
-2.37165e-06
-8.88041e-06
-1.77178e-05
-1.27527e-05
-2.55769e-05
-2.23899e-05
-2.25492e-05
)
;
    }
}


// ************************************************************************* //
