/*--------------------------------*- C++ -*----------------------------------*\
  =========                 |
  \\      /  F ield         | OpenFOAM: The Open Source CFD Toolbox
   \\    /   O peration     | Website:  https://openfoam.org
    \\  /    A nd           | Version:  10
     \\/     M anipulation  |
\*---------------------------------------------------------------------------*/
FoamFile
{
    format      ascii;
    class       volVectorField;
    location    "20";
    object      U;
}
// * * * * * * * * * * * * * * * * * * * * * * * * * * * * * * * * * * * * * //

dimensions      [0 1 -1 0 0 0 0];

internalField   nonuniform List<vector> 
2083
(
(-10 4.17039e-08 1.87267e-08)
(-10 3.65532e-08 1.62454e-08)
(-10 3.37093e-08 1.39779e-08)
(-10 2.71215e-08 7.41367e-09)
(-10 2.22401e-08 -2.43717e-09)
(-10 1.694e-08 -6.80843e-09)
(-10 1.13725e-08 -9.30581e-09)
(-10 5.45447e-09 -1.24173e-08)
(-10 3.19715e-10 -9.15255e-09)
(-10 -4.61817e-09 -3.63698e-09)
(-10 -9.67853e-09 1.75479e-09)
(-10 -1.4769e-08 6.14265e-09)
(-10 -2.23433e-08 9.14945e-09)
(-10 -2.8721e-08 1.18576e-08)
(-10 -3.44683e-08 1.32273e-08)
(-10 -3.29629e-08 1.10936e-08)
(-10 -3.49503e-08 5.58802e-09)
(-10 1.25449e-07 7.92044e-09)
(-10 1.09872e-07 7.12492e-09)
(-10 9.42981e-08 6.49754e-09)
(-10 7.60727e-08 -6.23638e-10)
(-10 5.97901e-08 -7.93072e-09)
(-10 3.99537e-08 -1.13721e-08)
(-10 2.19543e-08 -1.49635e-08)
(-10 2.89692e-09 -1.59973e-08)
(-10 -1.42607e-08 -1.34497e-08)
(-10 -3.07377e-08 -8.01575e-09)
(-10 -4.69506e-08 -2.03816e-09)
(-10 -6.57431e-08 2.46937e-09)
(-10 -9.47053e-08 6.31514e-09)
(-10 -9.97048e-08 9.47831e-09)
(-10 -1.20027e-07 8.95298e-09)
(-10 -1.12393e-07 7.5188e-09)
(-10 -1.15683e-07 4.06629e-09)
(-10 2.24518e-07 -7.50718e-10)
(-10 1.98046e-07 -1.99468e-09)
(-10 1.68896e-07 -2.51012e-09)
(-10 1.3767e-07 -8.88442e-09)
(-10 1.05199e-07 -1.46174e-08)
(-10 7.41884e-08 -1.9617e-08)
(-10 4.29895e-08 -2.24921e-08)
(-10 1.08539e-08 -2.23872e-08)
(-10 -1.92122e-08 -1.98098e-08)
(-10 -4.73279e-08 -1.33586e-08)
(-10 -7.7665e-08 -8.14592e-09)
(-10 -1.12252e-07 -2.20204e-09)
(-10 -1.59561e-07 2.53675e-09)
(-10 -1.64985e-07 5.14084e-09)
(-10 -2.06995e-07 5.45857e-09)
(-10 -1.8968e-07 5.0332e-09)
(-10 -2.00204e-07 6.42607e-10)
(-10 2.96984e-07 -6.09128e-09)
(-10 2.5883e-07 -6.58674e-09)
(-10 2.20028e-07 -6.8501e-09)
(-10 1.7792e-07 -1.27482e-08)
(-10 1.34956e-07 -1.99651e-08)
(-10 9.26631e-08 -2.44778e-08)
(-10 4.88328e-08 -2.54939e-08)
(-10 4.9953e-09 -2.54004e-08)
(-10 -3.71298e-08 -2.05768e-08)
(-10 -7.77751e-08 -1.61501e-08)
(-10 -1.2237e-07 -1.05757e-08)
(-10 -1.73574e-07 -4.4776e-09)
(-10 -2.39955e-07 4.46643e-10)
(-10 -2.35496e-07 2.11973e-09)
(-10 -3.05656e-07 4.03719e-09)
(-10 -2.79605e-07 1.47429e-09)
(-10 -2.9119e-07 -1.97828e-09)
(-10 3.79035e-07 -5.65804e-09)
(-10 3.32077e-07 -5.25575e-09)
(-10 2.84813e-07 -6.5683e-09)
(-10 2.33203e-07 -1.1293e-08)
(-10 1.79726e-07 -1.76832e-08)
(-10 1.26306e-07 -2.09177e-08)
(-10 7.18202e-08 -2.22691e-08)
(-10 1.55657e-08 -2.19803e-08)
(-10 -3.85761e-08 -1.77698e-08)
(-10 -9.22264e-08 -1.35016e-08)
(-10 -1.51792e-07 -7.95809e-09)
(-10 -2.20381e-07 -2.98129e-09)
(-10 -3.05994e-07 1.38744e-09)
(-10 -2.95231e-07 4.277e-09)
(-10 -3.90822e-07 4.47143e-09)
(-10 -3.5354e-07 1.09587e-09)
(-10 -3.68828e-07 -1.57358e-09)
(-10 4.48696e-07 -4.49038e-09)
(-10 3.94576e-07 -5.78287e-09)
(-10 3.38811e-07 -6.96137e-09)
(-10 2.79168e-07 -1.04221e-08)
(-10 2.15701e-07 -1.49411e-08)
(-10 1.5099e-07 -1.93172e-08)
(-10 8.65451e-08 -2.05323e-08)
(-10 2.02856e-08 -1.69879e-08)
(-10 -4.60522e-08 -1.38264e-08)
(-10 -1.12562e-07 -1.0155e-08)
(-10 -1.85114e-07 -5.90403e-09)
(-10 -2.69626e-07 -2.53507e-09)
(-10 -3.73997e-07 2.57642e-09)
(-10 -3.55325e-07 4.03761e-09)
(-10 -4.76445e-07 2.95346e-09)
(-10 -4.31573e-07 1.85775e-09)
(-10 -4.48113e-07 -1.98928e-09)
(-10 5.2059e-07 -5.07813e-09)
(-10 4.59877e-07 -7.18159e-09)
(-10 3.96261e-07 -6.04798e-09)
(-10 3.29408e-07 -9.84584e-09)
(-10 2.56727e-07 -1.17945e-08)
(-10 1.82217e-07 -1.52006e-08)
(-10 1.08421e-07 -1.4196e-08)
(-10 3.26303e-08 -1.06385e-08)
(-10 -4.56053e-08 -7.17968e-09)
(-10 -1.25575e-07 -4.79222e-09)
(-10 -2.11709e-07 -3.16076e-09)
(-10 -3.11995e-07 -1.1065e-09)
(-10 -4.35369e-07 2.89689e-09)
(-10 -4.07791e-07 2.93574e-09)
(-10 -5.56196e-07 1.10192e-10)
(-10 -5.04112e-07 1.74804e-09)
(-10 -5.20681e-07 -4.15514e-10)
(-10 5.80358e-07 -6.88359e-09)
(-10 5.1284e-07 -6.59903e-09)
(-10 4.42506e-07 -6.9664e-09)
(-10 3.69032e-07 -9.64324e-09)
(-10 2.89456e-07 -1.10018e-08)
(-10 2.06039e-07 -1.20423e-08)
(-10 1.22424e-07 -8.11714e-09)
(-10 3.81273e-08 -3.67991e-09)
(-10 -5.04191e-08 2.0776e-10)
(-10 -1.4336e-07 3.38184e-10)
(-10 -2.43048e-07 -1.67578e-09)
(-10 -3.57675e-07 -1.92909e-09)
(-10 -4.98855e-07 8.36631e-10)
(-10 -4.64876e-07 8.79218e-10)
(-10 -6.35723e-07 2.28237e-10)
(-10 -5.77065e-07 1.34293e-10)
(-10 -5.96799e-07 -1.2089e-09)
(-10 6.38514e-07 -6.14775e-09)
(-10 5.65206e-07 -5.10078e-09)
(-10 4.89243e-07 -7.46841e-09)
(-10 4.09724e-07 -7.91703e-09)
(-10 3.24879e-07 -8.26141e-09)
(-10 2.34161e-07 -6.3608e-09)
(-10 1.41102e-07 3.21988e-10)
(-10 4.74989e-08 4.90117e-09)
(-10 -5.07225e-08 7.25519e-09)
(-10 -1.55295e-07 4.7567e-09)
(-10 -2.68802e-07 -1.03051e-09)
(-10 -3.98709e-07 -3.86548e-09)
(-10 -5.57145e-07 -1.39377e-09)
(-10 -5.15266e-07 -1.22879e-09)
(-10 -7.09657e-07 -2.76768e-09)
(-10 -6.44814e-07 -1.33855e-09)
(-10 -6.66898e-07 -1.58364e-09)
(-10 6.84183e-07 -3.933e-09)
(-10 6.07237e-07 -5.76153e-09)
(-10 5.26253e-07 -6.92887e-09)
(-10 4.40984e-07 -8.08825e-09)
(-10 3.50244e-07 -6.92973e-09)
(-10 2.54093e-07 5.04281e-11)
(-10 1.53281e-07 7.33096e-09)
(-10 5.01858e-08 1.18143e-08)
(-10 -5.64233e-08 1.1528e-08)
(-10 -1.7194e-07 5.55843e-09)
(-10 -2.98925e-07 -2.88441e-09)
(-10 -4.43768e-07 -7.78032e-09)
(-10 -6.18096e-07 -5.62719e-09)
(-10 -5.69864e-07 -4.60623e-09)
(-10 -7.84976e-07 -4.87197e-09)
(-10 -7.14231e-07 -3.42993e-09)
(-10 -7.37174e-07 -5.33768e-09)
(-10 7.28912e-07 -1.96347e-09)
(-10 6.48477e-07 -4.55317e-09)
(-10 5.62978e-07 -3.15491e-09)
(-10 4.72905e-07 -4.36685e-09)
(-10 3.76537e-07 -2.58756e-09)
(-10 2.74585e-07 7.43418e-09)
(-10 1.6786e-07 1.49114e-08)
(-10 5.72071e-08 1.79269e-08)
(-10 -5.86978e-08 1.44113e-08)
(-10 -1.84473e-07 4.74371e-09)
(-10 -3.25729e-07 -5.18198e-09)
(-10 -4.85629e-07 -9.86853e-09)
(-10 -6.75214e-07 -8.15839e-09)
(-10 -6.19368e-07 -7.34255e-09)
(-10 -8.55857e-07 -6.85035e-09)
(-10 -7.79306e-07 -3.94249e-09)
(-10 -8.0296e-07 -4.39646e-09)
(-10 7.6324e-07 -1.3503e-09)
(-10 6.80776e-07 -1.42442e-09)
(-10 5.91428e-07 -3.07265e-09)
(-10 4.97054e-07 -2.5858e-09)
(-10 3.95531e-07 3.57995e-09)
(-10 2.8826e-07 1.28382e-08)
(-10 1.76619e-07 2.07313e-08)
(-10 5.95648e-08 2.089e-08)
(-10 -6.57895e-08 1.31961e-08)
(-10 -2.02299e-07 1.82836e-09)
(-10 -3.56605e-07 -8.84783e-09)
(-10 -5.30569e-07 -1.33122e-08)
(-10 -7.34387e-07 -9.30145e-09)
(-10 -6.7256e-07 -8.37027e-09)
(-10 -9.26968e-07 -6.3746e-09)
(-10 -8.45502e-07 -4.39538e-09)
(-10 -8.6938e-07 -4.14253e-09)
(-10 7.94597e-07 1.07345e-09)
(-10 7.10268e-07 2.56885e-09)
(-10 6.18865e-07 -2.36581e-11)
(-10 5.21131e-07 2.04414e-09)
(-10 4.15364e-07 9.82219e-09)
(-10 3.04338e-07 1.93603e-08)
(-10 1.8796e-07 2.55134e-08)
(-10 6.4312e-08 2.16644e-08)
(-10 -7.01245e-08 1.08161e-08)
(-10 -2.18363e-07 -1.27413e-09)
(-10 -3.84966e-07 -1.11744e-08)
(-10 -5.72356e-07 -1.38956e-08)
(-10 -7.89288e-07 -1.00664e-08)
(-10 -7.20433e-07 -8.60191e-09)
(-10 -9.9288e-07 -5.6386e-09)
(-10 -9.06815e-07 -3.55964e-09)
(-10 -9.31402e-07 -2.05839e-09)
(-10 8.1745e-07 6.69156e-09)
(-10 7.33029e-07 4.66022e-09)
(-10 6.41251e-07 -1.09931e-10)
(-10 5.41495e-07 4.48276e-09)
(-10 4.32987e-07 1.39879e-08)
(-10 3.17784e-07 2.42138e-08)
(-10 1.96066e-07 2.59534e-08)
(-10 6.53471e-08 1.90847e-08)
(-10 -7.81574e-08 6.54183e-09)
(-10 -2.37575e-07 -5.90909e-09)
(-10 -4.16153e-07 -1.24721e-08)
(-10 -6.15985e-07 -1.36399e-08)
(-10 -8.4453e-07 -1.24475e-08)
(-10 -7.69455e-07 -7.82598e-09)
(-10 -1.05816e-06 -7.44479e-09)
(-10 -9.67832e-07 -5.03667e-09)
(-10 -9.91545e-07 -4.59339e-09)
(-10 7.54e-07 2.77946e-09)
(-10 6.61144e-07 5.99726e-09)
(-10 5.61959e-07 8.15591e-09)
(-10 4.52093e-07 1.60338e-08)
(-10 3.33463e-07 2.64398e-08)
(-10 2.06804e-07 2.45723e-08)
(-10 6.84453e-08 1.62972e-08)
(-10 -8.47502e-08 3.06557e-09)
(-10 -2.54951e-07 -8.00369e-09)
(-10 -4.45355e-07 -1.21954e-08)
(-10 -6.56496e-07 -1.30188e-08)
(-10 -8.95959e-07 -1.08188e-08)
(-10 -8.14827e-07 -9.07043e-09)
(-10 -1.11899e-06 -9.33465e-09)
(-10 -1.02466e-06 -6.02803e-09)
(-10 -1.04626e-06 -4.40753e-09)
(-10 7.6772e-07 7.21235e-09)
(-10 6.77453e-07 6.51361e-09)
(-10 5.79417e-07 7.30306e-09)
(-10 4.6949e-07 1.79892e-08)
(-10 3.49239e-07 2.60497e-08)
(-10 2.17967e-07 2.26844e-08)
(-10 7.24204e-08 1.11414e-08)
(-10 -9.04499e-08 1.20293e-10)
(-10 -2.72047e-07 -7.46515e-09)
(-10 -4.73386e-07 -1.09366e-08)
(-10 -6.94879e-07 -1.16469e-08)
(-10 -9.45506e-07 -1.03356e-08)
(-10 -8.59837e-07 -9.87827e-09)
(-10 -1.17629e-06 -9.06814e-09)
(-10 -1.07791e-06 -8.2914e-09)
(-10 -1.09805e-06 -4.62751e-09)
(-10 7.7542e-07 -1.63212e-09)
(-10 6.88646e-07 4.1772e-09)
(-10 5.93568e-07 1.26491e-08)
(-10 4.85502e-07 1.97598e-08)
(-10 3.65122e-07 2.26834e-08)
(-10 2.29974e-07 1.79602e-08)
(-10 7.70558e-08 8.21669e-09)
(-10 -9.53948e-08 3.53234e-10)
(-10 -2.88626e-07 -3.38593e-09)
(-10 -5.00867e-07 -6.40618e-09)
(-10 -7.32537e-07 -7.79506e-09)
(-10 -9.95009e-07 -7.72989e-09)
(-10 -9.04843e-07 -8.86327e-09)
(-10 -1.23243e-06 -9.57278e-09)
(-10 -1.1298e-06 -6.65339e-09)
(-10 -1.14882e-06 -2.59574e-09)
(-10 7.81699e-07 6.45153e-09)
(-10 6.98982e-07 8.98868e-10)
(-10 6.07424e-07 4.88523e-09)
(-10 5.02533e-07 1.64273e-08)
(-10 3.83175e-07 1.805e-08)
(-10 2.44347e-07 1.17593e-08)
(-10 8.43609e-08 4.79862e-09)
(-10 -9.75586e-08 1.95313e-09)
(-10 -3.01429e-07 -4.96972e-10)
(-10 -5.24888e-07 -1.75686e-09)
(-10 -7.68215e-07 -3.04788e-09)
(-10 -1.04258e-06 -5.88446e-09)
(-10 -9.47064e-07 -8.20628e-09)
(-10 -1.28836e-06 -9.67566e-09)
(-10 -1.18002e-06 -8.64003e-09)
(-10 -1.19624e-06 -5.56565e-09)
(-10 7.77864e-07 -1.243e-08)
(-10 7.00446e-07 -4.8181e-09)
(-10 6.13763e-07 1.3807e-08)
(-10 5.14552e-07 1.18931e-08)
(-10 3.96174e-07 1.12734e-08)
(-10 2.54454e-07 7.79996e-09)
(-10 8.74633e-08 4.97248e-09)
(-10 -1.02239e-07 5.92359e-09)
(-10 -3.15702e-07 5.98759e-09)
(-10 -5.51436e-07 6.16255e-09)
(-10 -8.07283e-07 3.21124e-09)
(-10 -1.09417e-06 -7.78367e-10)
(-10 -9.92211e-07 -4.18726e-09)
(-10 -1.3499e-06 -8.34199e-09)
(-10 -1.23674e-06 -4.6787e-09)
(-10 -1.24631e-06 -1.76784e-09)
(-10 7.60162e-07 8.18406e-09)
(-10 6.9103e-07 1.16153e-09)
(-10 6.11848e-07 -4.18973e-10)
(-10 5.18389e-07 7.94994e-09)
(-10 4.02237e-07 4.75774e-09)
(-10 2.58874e-07 3.32667e-09)
(-10 8.70845e-08 4.86884e-09)
(-10 -1.08833e-07 6.19417e-09)
(-10 -3.29721e-07 9.29358e-09)
(-10 -5.76266e-07 1.25671e-08)
(-10 -8.47814e-07 9.32542e-09)
(-10 -1.15097e-06 6.15755e-09)
(-10 -1.04402e-06 1.43555e-09)
(-10 -1.41814e-06 -1.47802e-09)
(-10 -1.29721e-06 -1.6362e-09)
(-10 -1.30045e-06 1.08523e-09)
(-10 7.44186e-07 -8.56493e-10)
(-10 6.84044e-07 -1.07466e-10)
(-10 6.12076e-07 7.92976e-09)
(-10 5.21222e-07 4.89521e-09)
(-10 4.07472e-07 2.10316e-09)
(-10 2.63475e-07 2.27111e-09)
(-10 9.02979e-08 6.68741e-09)
(-10 -1.09903e-07 9.15163e-09)
(-10 -3.37114e-07 1.27417e-08)
(-10 -5.93218e-07 1.58381e-08)
(-10 -8.80091e-07 1.62361e-08)
(-10 -1.20563e-06 1.61878e-08)
(-10 -1.08795e-06 9.42353e-09)
(-10 -1.48786e-06 5.70437e-09)
(-10 -1.35247e-06 6.23752e-09)
(-10 -1.35102e-06 4.94475e-09)
(-10 7.56001e-07 1.42068e-08)
(-10 7.03381e-07 1.01614e-08)
(-10 6.34272e-07 4.36489e-09)
(-10 5.45096e-07 6.14408e-09)
(-10 4.32102e-07 4.24921e-09)
(-10 2.87964e-07 3.13772e-09)
(-10 1.15081e-07 4.9673e-09)
(-10 -8.79479e-08 1.08132e-08)
(-10 -3.22032e-07 1.58176e-08)
(-10 -5.88822e-07 1.63273e-08)
(-10 -8.90961e-07 2.07038e-08)
(-10 -1.24187e-06 2.39953e-08)
(-10 -1.10067e-06 1.95883e-08)
(-10 -1.55005e-06 1.56616e-08)
(-10 -1.39667e-06 9.67605e-09)
(-10 -1.38825e-06 4.11164e-09)
(-10 8.25987e-07 2.93573e-08)
(-10 7.82839e-07 2.20778e-08)
(-10 7.19054e-07 3.08979e-08)
(-10 6.30387e-07 2.66089e-08)
(-10 5.1702e-07 1.47869e-08)
(-10 3.72642e-07 1.55089e-08)
(-10 1.96649e-07 2.18533e-08)
(-10 -9.55659e-09 2.39646e-08)
(-10 -2.51577e-07 2.36255e-08)
(-10 -5.3091e-07 2.8569e-08)
(-10 -8.50678e-07 3.49054e-08)
(-10 -1.2285e-06 4.16756e-08)
(-10 -1.0782e-06 4.27522e-08)
(-10 -1.55902e-06 3.06513e-08)
(-10 -1.40377e-06 2.40596e-08)
(-10 -1.40501e-06 1.73485e-08)
(-10 8.3307e-07 3.00572e-08)
(-10 7.92619e-07 4.11103e-08)
(-10 7.22086e-07 3.02381e-08)
(-10 6.34569e-07 3.07518e-08)
(-10 5.22597e-07 3.98936e-08)
(-10 3.79482e-07 2.43847e-08)
(-10 2.04022e-07 1.25751e-08)
(-10 -5.91377e-09 2.12512e-08)
(-10 -2.52917e-07 3.03017e-08)
(-10 -5.41047e-07 4.30485e-08)
(-10 -8.76002e-07 4.35326e-08)
(-10 -1.27675e-06 5.92727e-08)
(-10 -1.1285e-06 5.98024e-08)
(-10 -1.65547e-06 5.60053e-08)
(-10 -1.49175e-06 4.69574e-08)
(-10 -1.47415e-06 2.65604e-08)
(-10 7.74942e-07 3.58267e-08)
(-10 7.3246e-07 1.80758e-09)
(-10 6.67218e-07 1.16334e-08)
(-10 5.8392e-07 1.60805e-08)
(-10 4.77013e-07 -2.72384e-08)
(-10 3.43315e-07 -3.31283e-08)
(-10 1.74591e-07 -5.20937e-09)
(-10 -3.10443e-08 -2.69469e-09)
(-10 -2.76453e-07 -2.76756e-10)
(-10 -5.69464e-07 5.58021e-10)
(-10 -9.13569e-07 2.32707e-08)
(-10 -1.33101e-06 3.84494e-08)
(-10 -1.20138e-06 3.10412e-08)
(-10 -1.71546e-06 2.52951e-08)
(-10 -1.56129e-06 8.59669e-09)
(-10 4.97826e-08 3.25609e-08)
(-10 4.42167e-08 3.50637e-08)
(-10 3.77737e-08 3.01885e-08)
(-10 3.21538e-08 1.85446e-08)
(-10 2.60526e-08 1.84966e-09)
(-10 1.99227e-08 -1.29962e-08)
(-10 1.38632e-08 -2.51201e-08)
(-10 7.75938e-09 -2.83209e-08)
(-10 2.26272e-09 -1.91158e-08)
(-10 -2.91929e-09 -6.79195e-09)
(-10 -8.20777e-09 4.85171e-09)
(-10 -1.36239e-08 1.46727e-08)
(-10 -2.20598e-08 2.04675e-08)
(-10 -2.41238e-08 2.58843e-08)
(-10 -3.14693e-08 2.92562e-08)
(-10 -3.0155e-08 2.33378e-08)
(-10 -3.33964e-08 1.7063e-08)
(-10 1.33027e-07 2.23123e-09)
(-10 1.14067e-07 1.38668e-09)
(-10 9.59228e-08 6.53648e-10)
(-10 7.72387e-08 -7.26363e-09)
(-10 5.76439e-08 -1.96695e-08)
(-10 3.7836e-08 -3.35429e-08)
(-10 1.83179e-08 -4.28469e-08)
(-10 -1.02179e-09 -4.24731e-08)
(-10 -1.88259e-08 -3.22283e-08)
(-10 -3.52105e-08 -1.99e-08)
(-10 -5.17771e-08 -7.74724e-09)
(-10 -7.0206e-08 2.40667e-09)
(-10 -9.98518e-08 9.74916e-09)
(-10 -9.62995e-08 1.5621e-08)
(-10 -1.22853e-07 1.83718e-08)
(-10 -1.1432e-07 1.24762e-08)
(-10 -1.19765e-07 5.01447e-09)
(-10 2.42287e-07 6.06518e-09)
(-10 2.1174e-07 1.88752e-09)
(-10 1.80633e-07 3.18195e-09)
(-10 1.47161e-07 -6.70156e-09)
(-10 1.12921e-07 -1.88914e-08)
(-10 7.81495e-08 -3.42104e-08)
(-10 4.39595e-08 -4.23334e-08)
(-10 1.04329e-08 -3.98092e-08)
(-10 -2.05536e-08 -2.98072e-08)
(-10 -4.82121e-08 -1.88323e-08)
(-10 -7.68298e-08 -6.96993e-09)
(-10 -1.09121e-07 3.20241e-09)
(-10 -1.55664e-07 1.15471e-08)
(-10 -1.50075e-07 1.49505e-08)
(-10 -1.99075e-07 1.71003e-08)
(-10 -1.86218e-07 1.26719e-08)
(-10 -1.95747e-07 6.03074e-09)
(-10 3.16073e-07 2.05798e-09)
(-10 2.7286e-07 1.94005e-09)
(-10 2.29599e-07 7.30232e-10)
(-10 1.83197e-07 -1.01573e-08)
(-10 1.35484e-07 -2.23427e-08)
(-10 8.70403e-08 -3.56e-08)
(-10 3.94947e-08 -4.03208e-08)
(-10 -6.68748e-09 -3.83513e-08)
(-10 -4.94399e-08 -2.97388e-08)
(-10 -8.74333e-08 -1.93108e-08)
(-10 -1.26726e-07 -7.69038e-09)
(-10 -1.7191e-07 2.19276e-09)
(-10 -2.35594e-07 1.02393e-08)
(-10 -2.20576e-07 1.20421e-08)
(-10 -2.95107e-07 1.62483e-08)
(-10 -2.77375e-07 1.12832e-08)
(-10 -2.87443e-07 7.2569e-09)
(-10 3.99597e-07 4.18279e-09)
(-10 3.46409e-07 2.86145e-09)
(-10 2.92297e-07 -1.13854e-09)
(-10 2.33309e-07 -1.00014e-08)
(-10 1.72348e-07 -2.18532e-08)
(-10 1.11121e-07 -2.98804e-08)
(-10 5.01839e-08 -3.24174e-08)
(-10 -8.77788e-09 -3.13152e-08)
(-10 -6.27467e-08 -2.35558e-08)
(-10 -1.11435e-07 -1.42212e-08)
(-10 -1.61159e-07 -4.1687e-09)
(-10 -2.19486e-07 4.34933e-09)
(-10 -3.02084e-07 1.20594e-08)
(-10 -2.74944e-07 1.31402e-08)
(-10 -3.76126e-07 1.37499e-08)
(-10 -3.53312e-07 1.28587e-08)
(-10 -3.68033e-07 8.82989e-09)
(-10 4.71406e-07 -2.79326e-09)
(-10 4.07538e-07 -6.48005e-09)
(-10 3.43215e-07 -7.66401e-09)
(-10 2.73376e-07 -1.52823e-08)
(-10 2.00511e-07 -2.34145e-08)
(-10 1.27028e-07 -2.73757e-08)
(-10 5.40235e-08 -2.87258e-08)
(-10 -1.68825e-08 -2.44915e-08)
(-10 -8.17203e-08 -1.86869e-08)
(-10 -1.39621e-07 -1.17235e-08)
(-10 -1.98429e-07 -3.34059e-09)
(-10 -2.69556e-07 2.4564e-09)
(-10 -3.71378e-07 8.43528e-09)
(-10 -3.30856e-07 8.85798e-09)
(-10 -4.45984e-07 1.10542e-08)
(-10 -4.31902e-07 8.30253e-09)
(-10 -4.48602e-07 3.34612e-09)
(-10 5.43009e-07 -3.50976e-09)
(-10 4.71021e-07 -7.09053e-09)
(-10 3.98215e-07 -6.77434e-09)
(-10 3.18165e-07 -1.31893e-08)
(-10 2.34521e-07 -1.6487e-08)
(-10 1.48968e-07 -1.89927e-08)
(-10 6.47447e-08 -1.89475e-08)
(-10 -1.64821e-08 -1.17712e-08)
(-10 -9.1058e-08 -6.30971e-09)
(-10 -1.564e-07 -1.49354e-09)
(-10 -2.24998e-07 1.00467e-09)
(-10 -3.0992e-07 3.27449e-09)
(-10 -4.31145e-07 8.52756e-09)
(-10 -3.77506e-07 8.70683e-09)
(-10 -5.1871e-07 7.91621e-09)
(-10 -5.04411e-07 9.21711e-09)
(-10 -5.23968e-07 5.60167e-09)
(-10 6.01827e-07 -1.07464e-08)
(-10 5.21504e-07 -1.08242e-08)
(-10 4.4129e-07 -1.13328e-08)
(-10 3.52133e-07 -1.67674e-08)
(-10 2.58675e-07 -1.806e-08)
(-10 1.64351e-07 -1.5666e-08)
(-10 6.99765e-08 -1.03366e-08)
(-10 -2.09337e-08 -3.4547e-09)
(-10 -1.0104e-07 2.9426e-09)
(-10 -1.73462e-07 2.14481e-09)
(-10 -2.53569e-07 -1.18438e-09)
(-10 -3.53485e-07 -1.02939e-09)
(-10 -4.95064e-07 2.07513e-09)
(-10 -4.27509e-07 3.27178e-09)
(-10 -5.91001e-07 2.57892e-09)
(-10 -5.77729e-07 4.40483e-09)
(-10 -6.0028e-07 2.46076e-09)
(-10 6.58323e-07 -6.73212e-09)
(-10 5.71765e-07 -6.06631e-09)
(-10 4.85464e-07 -9.78964e-09)
(-10 3.87844e-07 -1.23717e-08)
(-10 2.85973e-07 -1.05142e-08)
(-10 1.83941e-07 -4.18808e-09)
(-10 8.2104e-08 5.63164e-09)
(-10 -1.5544e-08 1.35919e-08)
(-10 -9.90727e-08 1.78409e-08)
(-10 -1.79825e-07 1.24593e-08)
(-10 -2.74896e-07 2.03638e-09)
(-10 -3.92152e-07 -3.31247e-09)
(-10 -5.54805e-07 3.01149e-10)
(-10 -4.73977e-07 3.53376e-09)
(-10 -6.65892e-07 1.87687e-09)
(-10 -6.47428e-07 4.91783e-09)
(-10 -6.7099e-07 4.55438e-09)
(-10 7.04648e-07 -7.52103e-09)
(-10 6.12009e-07 -1.07093e-08)
(-10 5.19201e-07 -1.38336e-08)
(-10 4.14361e-07 -1.47651e-08)
(-10 3.06424e-07 -6.5461e-09)
(-10 1.98682e-07 4.05513e-09)
(-10 8.95277e-08 1.4581e-08)
(-10 -8.59463e-09 2.41976e-08)
(-10 -9.64436e-08 2.3659e-08)
(-10 -1.89335e-07 1.16669e-08)
(-10 -3.01338e-07 -3.41389e-09)
(-10 -4.37598e-07 -1.15541e-08)
(-10 -6.20844e-07 -7.80878e-09)
(-10 -5.26781e-07 -2.31262e-09)
(-10 -7.38326e-07 -4.47106e-09)
(-10 -7.19753e-07 -2.92061e-09)
(-10 -7.46196e-07 -4.87765e-09)
(-10 7.50373e-07 -1.35588e-09)
(-10 6.52507e-07 -4.47926e-09)
(-10 5.54684e-07 -6.32591e-09)
(-10 4.43014e-07 -5.56633e-09)
(-10 3.29719e-07 2.95738e-09)
(-10 2.19218e-07 1.80447e-08)
(-10 1.06596e-07 3.12449e-08)
(-10 9.00343e-09 3.88812e-08)
(-10 -8.57514e-08 3.13825e-08)
(-10 -1.94266e-07 1.36065e-08)
(-10 -3.25214e-07 -7.16481e-09)
(-10 -4.81388e-07 -1.35289e-08)
(-10 -6.83641e-07 -7.31646e-09)
(-10 -5.79762e-07 -3.67882e-09)
(-10 -8.1467e-07 -8.03242e-09)
(-10 -7.89758e-07 -2.47105e-09)
(-10 -8.16662e-07 -1.63629e-09)
(-10 7.88214e-07 -4.97887e-09)
(-10 6.8529e-07 -3.73258e-09)
(-10 5.83059e-07 -6.65699e-09)
(-10 4.66323e-07 -1.91624e-09)
(-10 3.4995e-07 9.15491e-09)
(-10 2.34524e-07 2.1854e-08)
(-10 1.25118e-07 3.83071e-08)
(-10 2.56297e-08 4.09651e-08)
(-10 -8.10552e-08 2.61555e-08)
(-10 -2.06872e-07 5.4357e-09)
(-10 -3.57758e-07 -1.59954e-08)
(-10 -5.3206e-07 -2.08773e-08)
(-10 -7.50835e-07 -1.53244e-08)
(-10 -6.36779e-07 -1.17899e-08)
(-10 -8.91669e-07 -1.13701e-08)
(-10 -8.60296e-07 -8.23434e-09)
(-10 -8.86663e-07 -4.6044e-09)
(-10 8.2426e-07 1.97288e-09)
(-10 7.21953e-07 5.20043e-09)
(-10 6.14616e-07 8.84104e-10)
(-10 4.92662e-07 7.05572e-09)
(-10 3.77591e-07 1.94691e-08)
(-10 2.56524e-07 3.59352e-08)
(-10 1.50055e-07 4.98757e-08)
(-10 4.43342e-08 4.42335e-08)
(-10 -7.70143e-08 2.07735e-08)
(-10 -2.22197e-07 -7.7505e-10)
(-10 -3.92088e-07 -1.92498e-08)
(-10 -5.82674e-07 -1.55726e-08)
(-10 -8.16362e-07 -1.66752e-08)
(-10 -6.93449e-07 -1.28238e-08)
(-10 -9.6057e-07 -1.19406e-08)
(-10 -9.25341e-07 -6.41588e-09)
(-10 -9.5203e-07 -1.1746e-09)
(-10 8.6049e-07 3.24472e-09)
(-10 7.49667e-07 1.33381e-09)
(-10 6.378e-07 -2.14942e-09)
(-10 5.15762e-07 6.07871e-09)
(-10 3.97762e-07 1.36018e-08)
(-10 2.84225e-07 4.25106e-08)
(-10 1.74748e-07 4.90602e-08)
(-10 5.69717e-08 3.18428e-08)
(-10 -8.07684e-08 1.3916e-08)
(-10 -2.45615e-07 -1.41608e-08)
(-10 -4.32289e-07 -2.51871e-08)
(-10 -6.36845e-07 -1.97846e-08)
(-10 -8.84311e-07 -2.34814e-08)
(-10 -7.5126e-07 -1.9304e-08)
(-10 -1.03089e-06 -1.70957e-08)
(-10 -9.89026e-07 -1.27999e-08)
(-10 -1.01353e-06 -1.09015e-08)
(-10 8.76319e-07 9.39109e-10)
(-10 7.76842e-07 1.1094e-08)
(-10 6.77327e-07 7.9277e-09)
(-10 5.36242e-07 1.45574e-08)
(-10 4.24294e-07 3.15531e-08)
(-10 3.16274e-07 4.78877e-08)
(-10 2.01919e-07 4.86487e-08)
(-10 7.10122e-08 2.54454e-08)
(-10 -8.68503e-08 1.29553e-08)
(-10 -2.70041e-07 -1.4223e-08)
(-10 -4.69966e-07 -2.10697e-08)
(-10 -6.88962e-07 -1.67164e-08)
(-10 -9.51376e-07 -1.98789e-08)
(-10 -8.07487e-07 -1.74948e-08)
(-10 -1.09845e-06 -1.91647e-08)
(-10 -1.05093e-06 -1.30576e-08)
(-10 -1.07488e-06 -8.03508e-09)
(-10 8.98304e-07 -3.14992e-09)
(-10 8.08182e-07 -3.22007e-09)
(-10 6.83005e-07 6.03461e-09)
(-10 5.67141e-07 1.50122e-08)
(-10 4.54201e-07 3.0927e-08)
(-10 3.49525e-07 4.12865e-08)
(-10 2.27328e-07 3.499e-08)
(-10 7.97315e-08 1.82967e-08)
(-10 -9.69494e-08 -4.61917e-10)
(-10 -2.97281e-07 -1.45051e-08)
(-10 -5.10132e-07 -2.08969e-08)
(-10 -7.41504e-07 -2.16943e-08)
(-10 -1.01695e-06 -2.00103e-08)
(-10 -8.62558e-07 -1.91831e-08)
(-10 -1.16502e-06 -2.36812e-08)
(-10 -1.10938e-06 -1.985e-08)
(-10 -1.13026e-06 -9.04178e-09)
(-10 8.2644e-07 -2.81982e-09)
(-10 6.88798e-07 1.05102e-08)
(-10 5.85233e-07 1.67167e-08)
(-10 4.87377e-07 3.14828e-08)
(-10 3.82357e-07 3.81951e-08)
(-10 2.50479e-07 2.7537e-08)
(-10 8.53722e-08 1.51415e-08)
(-10 -1.08334e-07 1.67701e-09)
(-10 -3.2193e-07 -8.54481e-09)
(-10 -5.49154e-07 -1.23813e-08)
(-10 -7.96273e-07 -1.14425e-08)
(-10 -1.08182e-06 -1.35988e-08)
(-10 -9.17661e-07 -1.3526e-08)
(-10 -1.23107e-06 -2.03855e-08)
(-10 -1.16708e-06 -1.66348e-08)
(-10 -1.18301e-06 -7.68732e-09)
(-10 7.90198e-07 -1.91191e-08)
(-10 6.95742e-07 3.60898e-10)
(-10 6.1062e-07 1.28886e-08)
(-10 5.23195e-07 2.11717e-08)
(-10 4.12989e-07 2.56451e-08)
(-10 2.70697e-07 1.81983e-08)
(-10 9.26213e-08 7.96662e-09)
(-10 -1.15748e-07 1.78966e-09)
(-10 -3.41413e-07 -4.80443e-09)
(-10 -5.78747e-07 -6.37172e-09)
(-10 -8.4485e-07 -6.12845e-09)
(-10 -1.14382e-06 -1.11875e-08)
(-10 -9.69904e-07 -1.10958e-08)
(-10 -1.29797e-06 -1.84066e-08)
(-10 -1.22391e-06 -2.0357e-08)
(-10 -1.23427e-06 -1.2013e-08)
(-10 7.51816e-07 1.00541e-08)
(-10 6.90364e-07 8.06858e-09)
(-10 6.26079e-07 1.11089e-08)
(-10 5.41681e-07 1.57851e-08)
(-10 4.33321e-07 2.30262e-08)
(-10 2.8244e-07 1.63374e-08)
(-10 9.27842e-08 1.07536e-08)
(-10 -1.24509e-07 1.0667e-08)
(-10 -3.61157e-07 8.5221e-09)
(-10 -6.09226e-07 7.73662e-09)
(-10 -8.91608e-07 6.89448e-09)
(-10 -1.2075e-06 2.04213e-09)
(-10 -1.02592e-06 -2.24666e-09)
(-10 -1.37699e-06 -1.20951e-08)
(-10 -1.28944e-06 -6.80717e-09)
(-10 -1.28816e-06 -1.7521e-09)
(-10 7.11818e-07 4.98195e-10)
(-10 6.8106e-07 6.35505e-10)
(-10 6.23251e-07 2.39209e-09)
(-10 5.45239e-07 7.89843e-09)
(-10 4.38242e-07 9.68518e-09)
(-10 2.82165e-07 7.40486e-09)
(-10 8.66768e-08 8.15351e-09)
(-10 -1.33853e-07 1.219e-08)
(-10 -3.78526e-07 1.26239e-08)
(-10 -6.37564e-07 1.34069e-08)
(-10 -9.31173e-07 1.72073e-08)
(-10 -1.27338e-06 1.39423e-08)
(-10 -1.08292e-06 7.50083e-09)
(-10 -1.46068e-06 -3.51609e-10)
(-10 -1.35741e-06 -2.1276e-09)
(-10 -1.34284e-06 1.71579e-09)
(-10 6.75066e-07 -5.17001e-11)
(-10 6.52429e-07 5.25526e-09)
(-10 6.07274e-07 4.51373e-09)
(-10 5.36284e-07 9.02459e-09)
(-10 4.32172e-07 7.57557e-09)
(-10 2.72426e-07 1.11323e-08)
(-10 7.99674e-08 1.51205e-08)
(-10 -1.38925e-07 1.77e-08)
(-10 -3.88357e-07 2.17692e-08)
(-10 -6.59916e-07 2.63587e-08)
(-10 -9.636e-07 3.26715e-08)
(-10 -1.33473e-06 3.4557e-08)
(-10 -1.13098e-06 2.29298e-08)
(-10 -1.54305e-06 1.63462e-08)
(-10 -1.42084e-06 1.31238e-08)
(-10 -1.39288e-06 1.02481e-08)
(-10 6.90168e-07 -9.44682e-09)
(-10 6.60293e-07 -6.06368e-09)
(-10 6.22308e-07 3.95928e-09)
(-10 5.51582e-07 2.54323e-10)
(-10 4.41591e-07 1.1937e-09)
(-10 2.77153e-07 2.94039e-09)
(-10 1.00757e-07 5.32977e-09)
(-10 -1.16933e-07 1.26209e-08)
(-10 -3.6788e-07 1.43535e-08)
(-10 -6.5045e-07 2.40643e-08)
(-10 -9.66199e-07 3.43871e-08)
(-10 -1.36787e-06 4.07163e-08)
(-10 -1.15683e-06 3.24947e-08)
(-10 -1.60751e-06 2.70161e-08)
(-10 -1.46774e-06 1.50339e-08)
(-10 -1.43172e-06 4.47681e-09)
(-10 7.86876e-07 5.95194e-09)
(-10 7.55926e-07 6.4505e-09)
(-10 7.07164e-07 3.34994e-09)
(-10 6.20677e-07 6.07006e-09)
(-10 5.14691e-07 8.56268e-10)
(-10 3.71492e-07 -1.00303e-10)
(-10 1.91673e-07 1.01264e-08)
(-10 -2.16813e-08 8.09221e-09)
(-10 -2.70471e-07 1.24538e-08)
(-10 -5.7125e-07 3.22676e-08)
(-10 -9.10448e-07 4.01689e-08)
(-10 -1.32833e-06 4.67637e-08)
(-10 -1.10533e-06 5.46517e-08)
(-10 -1.58708e-06 4.38329e-08)
(-10 -1.4554e-06 2.33112e-08)
(-10 -1.42985e-06 1.67239e-08)
(-10 8.07925e-07 -1.08329e-08)
(-10 7.76576e-07 -8.10015e-10)
(-10 7.1513e-07 5.53074e-09)
(-10 6.42211e-07 1.60443e-09)
(-10 5.38526e-07 9.64776e-09)
(-10 3.91154e-07 -3.55136e-09)
(-10 2.19929e-07 -2.89843e-08)
(-10 1.15452e-08 -2.19921e-08)
(-10 -2.45805e-07 -7.41474e-09)
(-10 -5.44424e-07 1.76781e-09)
(-10 -8.90599e-07 3.11655e-08)
(-10 -1.33282e-06 5.94674e-08)
(-10 -1.08957e-06 4.69318e-08)
(-10 -1.62036e-06 4.09026e-08)
(-10 -1.50363e-06 1.95373e-08)
(-10 -1.45751e-06 -4.10783e-09)
(-10 7.67411e-07 2.92231e-08)
(-10 7.62303e-07 1.24128e-08)
(-10 6.78037e-07 1.9192e-08)
(-10 6.00195e-07 3.71071e-08)
(-10 4.94477e-07 5.33771e-09)
(-10 3.69795e-07 -4.15783e-08)
(-10 2.09708e-07 -3.6554e-08)
(-10 1.64172e-09 -4.43785e-08)
(-10 -2.46784e-07 -2.21276e-08)
(-10 -5.5167e-07 2.02041e-08)
(-10 -9.04838e-07 4.21089e-08)
(-10 -1.36865e-06 5.17457e-08)
(-10 -1.10579e-06 4.13084e-08)
(-10 -1.65958e-06 3.42355e-08)
(-10 -1.53519e-06 1.36384e-08)
(-10 -1.51753e-06 2.27569e-08)
(-10 5.45421e-08 1.59783e-08)
(-10 5.00395e-08 2.13238e-08)
(-10 4.20138e-08 1.37098e-08)
(-10 3.5478e-08 -2.90599e-09)
(-10 2.87611e-08 -1.81839e-08)
(-10 2.21939e-08 -2.82597e-08)
(-10 1.56157e-08 -3.38427e-08)
(-10 9.11008e-09 -3.3502e-08)
(-10 3.33984e-09 -2.53859e-08)
(-10 -1.98374e-09 -1.30867e-08)
(-10 -7.50809e-09 -1.33034e-09)
(-10 -1.33179e-08 9.03986e-09)
(-10 -2.21454e-08 1.56628e-08)
(-10 -2.40138e-08 2.00044e-08)
(-10 -3.15541e-08 2.31015e-08)
(-10 -3.03644e-08 1.68866e-08)
(-10 -3.36258e-08 1.13188e-08)
(-10 1.41358e-07 -1.24988e-08)
(-10 1.22545e-07 -8.61502e-09)
(-10 1.02767e-07 -1.31656e-08)
(-10 8.29279e-08 -2.50774e-08)
(-10 6.24637e-08 -3.7766e-08)
(-10 4.23508e-08 -4.40318e-08)
(-10 2.21217e-08 -4.73278e-08)
(-10 2.14953e-09 -4.49798e-08)
(-10 -1.59069e-08 -3.24613e-08)
(-10 -3.29515e-08 -2.36506e-08)
(-10 -5.03568e-08 -1.12864e-08)
(-10 -6.95162e-08 -5.85235e-10)
(-10 -1.00203e-07 7.36594e-09)
(-10 -9.65073e-08 1.17209e-08)
(-10 -1.2305e-07 1.3457e-08)
(-10 -1.14729e-07 1.10182e-08)
(-10 -1.19778e-07 1.98899e-09)
(-10 2.443e-07 -1.15845e-08)
(-10 2.14313e-07 -1.08445e-08)
(-10 1.82532e-07 -1.5415e-08)
(-10 1.48668e-07 -2.52633e-08)
(-10 1.14365e-07 -3.52238e-08)
(-10 8.03277e-08 -4.18331e-08)
(-10 4.59144e-08 -4.48777e-08)
(-10 1.25831e-08 -4.21162e-08)
(-10 -1.8034e-08 -3.12286e-08)
(-10 -4.70531e-08 -2.09341e-08)
(-10 -7.71678e-08 -9.59356e-09)
(-10 -1.10682e-07 1.73818e-10)
(-10 -1.581e-07 8.04476e-09)
(-10 -1.52312e-07 1.12076e-08)
(-10 -2.01693e-07 1.28821e-08)
(-10 -1.88553e-07 1.08084e-08)
(-10 -1.98305e-07 2.03019e-09)
(-10 3.19503e-07 -1.42005e-08)
(-10 2.76819e-07 -1.63713e-08)
(-10 2.33431e-07 -1.87913e-08)
(-10 1.86932e-07 -2.74727e-08)
(-10 1.39557e-07 -3.57998e-08)
(-10 9.20023e-08 -4.18042e-08)
(-10 4.45084e-08 -4.39841e-08)
(-10 -1.11253e-09 -4.05787e-08)
(-10 -4.33578e-08 -2.82175e-08)
(-10 -8.35095e-08 -2.15899e-08)
(-10 -1.25197e-07 -1.02402e-08)
(-10 -1.72305e-07 -1.58067e-09)
(-10 -2.37364e-07 5.54611e-09)
(-10 -2.22147e-07 7.56593e-09)
(-10 -2.96957e-07 1.0108e-08)
(-10 -2.78552e-07 7.48886e-09)
(-10 -2.88652e-07 3.3998e-10)
(-10 4.02471e-07 -1.05503e-08)
(-10 3.50103e-07 -1.25395e-08)
(-10 2.95598e-07 -1.46964e-08)
(-10 2.36779e-07 -2.28116e-08)
(-10 1.76548e-07 -2.9958e-08)
(-10 1.16104e-07 -3.44572e-08)
(-10 5.62162e-08 -3.52892e-08)
(-10 -1.64109e-09 -3.09341e-08)
(-10 -5.5238e-08 -2.24219e-08)
(-10 -1.06232e-07 -1.28733e-08)
(-10 -1.59616e-07 -4.83913e-09)
(-10 -2.20786e-07 1.87583e-09)
(-10 -3.05348e-07 7.65329e-09)
(-10 -2.76908e-07 8.66608e-09)
(-10 -3.7941e-07 1.17664e-08)
(-10 -3.55722e-07 9.31036e-09)
(-10 -3.69589e-07 1.19882e-09)
(-10 4.75512e-07 -1.62766e-08)
(-10 4.1218e-07 -1.79511e-08)
(-10 3.4709e-07 -1.92831e-08)
(-10 2.77359e-07 -2.60671e-08)
(-10 2.05497e-07 -3.16296e-08)
(-10 1.33582e-07 -3.41774e-08)
(-10 6.22084e-08 -3.29865e-08)
(-10 -6.93852e-09 -2.58438e-08)
(-10 -7.12519e-08 -1.97855e-08)
(-10 -1.32381e-07 -1.209e-08)
(-10 -1.96413e-07 -6.29262e-09)
(-10 -2.71161e-07 -1.77967e-09)
(-10 -3.75468e-07 2.63461e-09)
(-10 -3.33198e-07 3.41599e-09)
(-10 -4.49291e-07 6.45008e-09)
(-10 -4.35217e-07 3.60006e-09)
(-10 -4.4947e-07 -1.88325e-09)
(-10 5.45757e-07 -1.09856e-08)
(-10 4.74071e-07 -1.21549e-08)
(-10 4.00564e-07 -1.29618e-08)
(-10 3.20689e-07 -1.91813e-08)
(-10 2.38459e-07 -2.25369e-08)
(-10 1.55789e-07 -2.26481e-08)
(-10 7.36983e-08 -1.91755e-08)
(-10 -5.4472e-09 -1.22066e-08)
(-10 -7.96063e-08 -5.43177e-09)
(-10 -1.49952e-07 -1.09861e-09)
(-10 -2.24951e-07 7.83678e-10)
(-10 -3.14251e-07 2.12814e-09)
(-10 -4.38394e-07 4.55865e-09)
(-10 -3.8193e-07 5.14975e-09)
(-10 -5.22657e-07 6.51637e-09)
(-10 -5.08695e-07 6.13959e-09)
(-10 -5.2634e-07 1.06506e-09)
(-10 6.05733e-07 -1.82085e-08)
(-10 5.25677e-07 -1.81743e-08)
(-10 4.44489e-07 -1.90533e-08)
(-10 3.55819e-07 -2.39711e-08)
(-10 2.64323e-07 -2.52574e-08)
(-10 1.72386e-07 -2.11216e-08)
(-10 8.12665e-08 -1.50278e-08)
(-10 -6.50456e-09 -7.04659e-09)
(-10 -8.87885e-08 -1.61716e-09)
(-10 -1.68031e-07 -1.04854e-09)
(-10 -2.5463e-07 -3.69335e-09)
(-10 -3.58807e-07 -5.05626e-09)
(-10 -5.02978e-07 -4.32176e-09)
(-10 -4.32277e-07 -2.27996e-09)
(-10 -6.00948e-07 -1.45869e-09)
(-10 -5.83459e-07 -1.66841e-09)
(-10 -6.02978e-07 -2.38283e-09)
(-10 6.62989e-07 -9.57448e-09)
(-10 5.7698e-07 -9.56645e-09)
(-10 4.89331e-07 -1.04715e-08)
(-10 3.92369e-07 -1.51505e-08)
(-10 2.92138e-07 -1.32932e-08)
(-10 1.92668e-07 -6.08324e-09)
(-10 9.45383e-08 2.87197e-09)
(-10 -6.21295e-10 1.0755e-08)
(-10 -8.98252e-08 1.35244e-08)
(-10 -1.78506e-07 9.36775e-09)
(-10 -2.78985e-07 2.53622e-09)
(-10 -3.99766e-07 -2.8036e-09)
(-10 -5.6411e-07 -3.25843e-09)
(-10 -4.79883e-07 6.3562e-11)
(-10 -6.7413e-07 5.77247e-10)
(-10 -6.53267e-07 2.05341e-09)
(-10 -6.74854e-07 2.68895e-10)
(-10 7.11372e-07 -1.61895e-08)
(-10 6.19177e-07 -1.56601e-08)
(-10 5.25157e-07 -1.76795e-08)
(-10 4.21128e-07 -1.95257e-08)
(-10 3.14235e-07 -1.2499e-08)
(-10 2.09156e-07 -4.47224e-09)
(-10 1.05291e-07 7.19148e-09)
(-10 4.54257e-09 1.44846e-08)
(-10 -9.11524e-08 1.37518e-08)
(-10 -1.90685e-07 4.57841e-09)
(-10 -3.06758e-07 -6.53145e-09)
(-10 -4.45092e-07 -1.33756e-08)
(-10 -6.28987e-07 -1.40706e-08)
(-10 -5.31905e-07 -8.42408e-09)
(-10 -7.48151e-07 -7.43629e-09)
(-10 -7.25618e-07 -7.06457e-09)
(-10 -7.49866e-07 -5.54795e-09)
(-10 7.5726e-07 -5.51851e-09)
(-10 6.6046e-07 -4.39866e-09)
(-10 5.61201e-07 -6.24516e-09)
(-10 4.50822e-07 -6.42285e-09)
(-10 3.38944e-07 2.39659e-09)
(-10 2.30363e-07 1.52176e-08)
(-10 1.2143e-07 2.52326e-08)
(-10 1.63266e-08 3.11161e-08)
(-10 -8.69326e-08 2.48039e-08)
(-10 -2.00185e-07 1.10718e-08)
(-10 -3.33414e-07 -3.92221e-09)
(-10 -4.89572e-07 -1.03395e-08)
(-10 -6.91452e-07 -9.44362e-09)
(-10 -5.84302e-07 -5.1514e-09)
(-10 -8.21467e-07 -6.32489e-09)
(-10 -7.94552e-07 -3.17273e-09)
(-10 -8.20157e-07 -1.59955e-09)
(-10 7.94499e-07 -1.10838e-08)
(-10 6.95761e-07 -9.94467e-09)
(-10 5.9129e-07 -1.17379e-08)
(-10 4.7545e-07 -8.12117e-09)
(-10 3.60808e-07 -2.13578e-09)
(-10 2.4985e-07 1.5398e-08)
(-10 1.35458e-07 2.61173e-08)
(-10 2.68056e-08 2.94307e-08)
(-10 -8.64252e-08 1.85519e-08)
(-10 -2.1528e-07 8.88252e-10)
(-10 -3.66082e-07 -1.35235e-08)
(-10 -5.3836e-07 -1.94708e-08)
(-10 -7.56593e-07 -1.90135e-08)
(-10 -6.40699e-07 -1.44178e-08)
(-10 -8.96986e-07 -1.54085e-08)
(-10 -8.64629e-07 -1.24e-08)
(-10 -8.90645e-07 -8.26661e-09)
(-10 8.32008e-07 9.70416e-10)
(-10 7.29963e-07 2.9153e-09)
(-10 6.22052e-07 1.21163e-09)
(-10 5.03789e-07 7.01019e-09)
(-10 3.86014e-07 1.62366e-08)
(-10 2.72535e-07 2.8778e-08)
(-10 1.54818e-07 4.30116e-08)
(-10 4.01846e-08 4.00456e-08)
(-10 -8.62627e-08 2.39573e-08)
(-10 -2.31672e-07 5.73431e-09)
(-10 -3.99293e-07 -1.04762e-08)
(-10 -5.87697e-07 -1.30886e-08)
(-10 -8.20825e-07 -1.09707e-08)
(-10 -6.9469e-07 -1.02845e-08)
(-10 -9.66602e-07 -1.20212e-08)
(-10 -9.29621e-07 -7.02375e-09)
(-10 -9.55542e-07 -3.69789e-09)
(-10 8.56047e-07 -4.89231e-09)
(-10 7.63394e-07 -4.81106e-09)
(-10 6.53403e-07 -5.63007e-09)
(-10 5.24873e-07 5.48952e-09)
(-10 4.05318e-07 1.60644e-08)
(-10 2.90929e-07 2.76882e-08)
(-10 1.74249e-07 3.81953e-08)
(-10 4.91878e-08 2.98489e-08)
(-10 -9.24983e-08 1.11398e-08)
(-10 -2.5485e-07 -7.77113e-09)
(-10 -4.37491e-07 -1.86963e-08)
(-10 -6.38873e-07 -1.88554e-08)
(-10 -8.86808e-07 -1.94695e-08)
(-10 -7.51072e-07 -1.85468e-08)
(-10 -1.03606e-06 -2.00377e-08)
(-10 -9.9373e-07 -1.69447e-08)
(-10 -1.01924e-06 -9.30058e-09)
(-10 8.91328e-07 2.76104e-09)
(-10 7.90072e-07 6.75818e-09)
(-10 6.716e-07 8.9081e-09)
(-10 5.5335e-07 1.94613e-08)
(-10 4.28249e-07 3.2223e-08)
(-10 3.14637e-07 4.11221e-08)
(-10 1.94687e-07 4.51353e-08)
(-10 5.80765e-08 3.26802e-08)
(-10 -9.91293e-08 1.65894e-08)
(-10 -2.78256e-07 -1.66915e-09)
(-10 -4.74153e-07 -9.21349e-09)
(-10 -6.88596e-07 -8.25229e-09)
(-10 -9.50776e-07 -1.10581e-08)
(-10 -8.04602e-07 -1.17287e-08)
(-10 -1.10321e-06 -1.50859e-08)
(-10 -1.05378e-06 -1.10967e-08)
(-10 -1.07779e-06 -5.99449e-09)
(-10 9.02587e-07 8.97829e-10)
(-10 8.2373e-07 -8.29179e-09)
(-10 6.96901e-07 -5.99142e-09)
(-10 5.65931e-07 7.97218e-09)
(-10 4.54047e-07 2.87945e-08)
(-10 3.40792e-07 3.30662e-08)
(-10 2.14603e-07 3.18197e-08)
(-10 6.55169e-08 1.90017e-08)
(-10 -1.07242e-07 5.44058e-09)
(-10 -3.01417e-07 -5.12082e-09)
(-10 -5.1017e-07 -1.16547e-08)
(-10 -7.37523e-07 -1.39245e-08)
(-10 -1.01242e-06 -1.59368e-08)
(-10 -8.56777e-07 -1.69272e-08)
(-10 -1.16659e-06 -2.16696e-08)
(-10 -1.1101e-06 -2.03718e-08)
(-10 -1.13197e-06 -1.19811e-08)
(-10 9.01707e-07 1.81372e-09)
(-10 8.04596e-07 4.11298e-09)
(-10 7.05817e-07 4.5952e-09)
(-10 5.82407e-07 1.79522e-08)
(-10 4.79488e-07 3.39847e-08)
(-10 3.68565e-07 3.86606e-08)
(-10 2.3346e-07 3.34367e-08)
(-10 7.12832e-08 2.21018e-08)
(-10 -1.15118e-07 1.41043e-08)
(-10 -3.21696e-07 5.41956e-09)
(-10 -5.43856e-07 1.33442e-09)
(-10 -7.85053e-07 4.71208e-12)
(-10 -1.07245e-06 -4.32056e-09)
(-10 -9.06749e-07 -7.35943e-09)
(-10 -1.2292e-06 -1.45506e-08)
(-10 -1.16461e-06 -1.25223e-08)
(-10 -1.18149e-06 -7.62329e-09)
(-10 7.83318e-07 -8.15418e-09)
(-10 7.11173e-07 -9.53189e-09)
(-10 5.99256e-07 1.12673e-08)
(-10 5.07764e-07 1.99388e-08)
(-10 3.94228e-07 2.2127e-08)
(-10 2.52116e-07 1.73911e-08)
(-10 8.00773e-08 1.06163e-08)
(-10 -1.18108e-07 6.88319e-09)
(-10 -3.35675e-07 1.85845e-09)
(-10 -5.69134e-07 1.32581e-10)
(-10 -8.26968e-07 3.29862e-10)
(-10 -1.12854e-06 -4.79527e-09)
(-10 -9.53203e-07 -8.54805e-09)
(-10 -1.29149e-06 -1.67472e-08)
(-10 -1.21779e-06 -1.83127e-08)
(-10 -1.22859e-06 -1.0933e-08)
(-10 7.3229e-07 1.5669e-08)
(-10 6.73673e-07 1.40903e-08)
(-10 6.10087e-07 1.58908e-08)
(-10 5.2129e-07 1.94789e-08)
(-10 4.06607e-07 2.19051e-08)
(-10 2.59937e-07 1.99328e-08)
(-10 8.05935e-08 1.68638e-08)
(-10 -1.2578e-07 1.69979e-08)
(-10 -3.53164e-07 1.49759e-08)
(-10 -5.97334e-07 1.44509e-08)
(-10 -8.69949e-07 1.60965e-08)
(-10 -1.18948e-06 1.02516e-08)
(-10 -1.00323e-06 6.32775e-09)
(-10 -1.36276e-06 -4.50496e-09)
(-10 -1.27827e-06 -2.82619e-09)
(-10 -1.27922e-06 -4.93168e-10)
(-10 6.799e-07 9.4971e-09)
(-10 6.58152e-07 8.0423e-09)
(-10 6.00349e-07 5.22707e-09)
(-10 5.1621e-07 6.21354e-09)
(-10 4.02517e-07 5.1114e-09)
(-10 2.5418e-07 6.55962e-09)
(-10 7.16705e-08 7.18924e-09)
(-10 -1.38658e-07 8.60541e-09)
(-10 -3.73176e-07 1.00801e-08)
(-10 -6.27217e-07 7.49247e-09)
(-10 -9.1366e-07 1.76738e-08)
(-10 -1.25543e-06 1.70639e-08)
(-10 -1.05807e-06 9.93688e-09)
(-10 -1.44479e-06 4.17869e-10)
(-10 -1.34487e-06 -4.71114e-09)
(-10 -1.33526e-06 1.78677e-09)
(-10 6.32597e-07 7.16738e-09)
(-10 6.0743e-07 5.38065e-09)
(-10 5.74687e-07 1.67136e-08)
(-10 4.91944e-07 1.42135e-08)
(-10 3.84766e-07 1.76963e-08)
(-10 2.36182e-07 1.75559e-08)
(-10 5.62124e-08 1.88895e-08)
(-10 -1.52833e-07 2.2004e-08)
(-10 -3.91871e-07 2.37569e-08)
(-10 -6.58409e-07 2.48052e-08)
(-10 -9.56766e-07 3.76873e-08)
(-10 -1.32286e-06 4.10171e-08)
(-10 -1.11164e-06 2.92177e-08)
(-10 -1.53058e-06 1.89627e-08)
(-10 -1.41285e-06 1.2036e-08)
(-10 -1.39115e-06 1.08158e-08)
(-10 6.3784e-07 -1.02375e-08)
(-10 6.07103e-07 1.04026e-08)
(-10 5.67204e-07 4.42433e-09)
(-10 4.95486e-07 2.49146e-09)
(-10 3.84031e-07 4.24116e-09)
(-10 2.4703e-07 5.21173e-09)
(-10 6.81953e-08 5.73182e-09)
(-10 -1.41768e-07 9.10217e-09)
(-10 -3.88696e-07 5.93334e-09)
(-10 -6.53816e-07 2.30126e-08)
(-10 -9.65759e-07 3.17866e-08)
(-10 -1.36409e-06 3.78038e-08)
(-10 -1.13688e-06 2.57064e-08)
(-10 -1.58637e-06 1.50919e-08)
(-10 -1.45957e-06 3.39711e-09)
(-10 -1.43486e-06 1.9502e-09)
(-10 7.47205e-07 1.29777e-08)
(-10 7.09824e-07 1.80652e-08)
(-10 6.49596e-07 2.36757e-08)
(-10 5.72024e-07 2.1521e-08)
(-10 4.67704e-07 2.42436e-08)
(-10 3.31939e-07 2.4134e-08)
(-10 1.65167e-07 1.97811e-08)
(-10 -3.64988e-08 2.04357e-08)
(-10 -2.79254e-07 2.89583e-08)
(-10 -5.77929e-07 4.0092e-08)
(-10 -9.06483e-07 4.39157e-08)
(-10 -1.32229e-06 6.13661e-08)
(-10 -1.08803e-06 4.18442e-08)
(-10 -1.57702e-06 3.19218e-08)
(-10 -1.44497e-06 2.33205e-08)
(-10 -1.42928e-06 4.66379e-09)
(-10 7.77584e-07 1.98647e-08)
(-10 7.27764e-07 7.85119e-09)
(-10 6.68321e-07 9.89593e-09)
(-10 5.96171e-07 1.60845e-08)
(-10 4.9042e-07 1.21467e-08)
(-10 3.74989e-07 -5.16782e-12)
(-10 2.19275e-07 -2.59449e-09)
(-10 1.83552e-09 -8.31291e-09)
(-10 -2.4985e-07 -5.87751e-09)
(-10 -5.39599e-07 5.39757e-09)
(-10 -8.80934e-07 2.61627e-08)
(-10 -1.32176e-06 3.71696e-08)
(-10 -1.06318e-06 3.41009e-08)
(-10 -1.58132e-06 3.39815e-08)
(-10 -1.47301e-06 1.9155e-08)
(-10 -1.46905e-06 9.75649e-09)
(-10 7.58403e-07 2.03494e-08)
(-10 7.43048e-07 2.09752e-08)
(-10 6.55486e-07 2.50025e-08)
(-10 5.81222e-07 2.92178e-08)
(-10 4.99756e-07 2.71296e-08)
(-10 3.78002e-07 9.30675e-09)
(-10 2.05792e-07 -3.87533e-08)
(-10 1.79664e-09 -4.49082e-08)
(-10 -2.50451e-07 -3.15934e-08)
(-10 -5.50929e-07 -1.99987e-08)
(-10 -9.04098e-07 2.77274e-09)
(-10 -1.36663e-06 4.33098e-08)
(-10 -1.07532e-06 2.60287e-08)
(-10 -1.64042e-06 5.75914e-08)
(-10 -1.53441e-06 2.17133e-08)
(-10 -1.4979e-06 -1.7009e-08)
(-10 5.98074e-08 3.51601e-08)
(-10 5.38222e-08 3.18573e-08)
(-10 4.5382e-08 2.79035e-08)
(-10 3.87926e-08 1.8921e-08)
(-10 3.19511e-08 8.50381e-09)
(-10 2.49234e-08 -1.3154e-11)
(-10 1.81038e-08 -4.9388e-09)
(-10 1.15141e-08 -4.43823e-09)
(-10 5.43439e-09 1.47099e-09)
(-10 2.2272e-11 9.95943e-09)
(-10 -5.79393e-09 1.8102e-08)
(-10 -1.19054e-08 2.54777e-08)
(-10 -2.10687e-08 2.95014e-08)
(-10 -2.28226e-08 3.07744e-08)
(-10 -3.06195e-08 3.17369e-08)
(-10 -2.99774e-08 2.51556e-08)
(-10 -3.30369e-08 2.2172e-08)
(-10 1.49091e-07 1.50051e-08)
(-10 1.30289e-07 1.31967e-08)
(-10 1.09976e-07 1.04631e-08)
(-10 8.90801e-08 3.79991e-09)
(-10 6.80896e-08 -3.88512e-09)
(-10 4.77554e-08 -1.08545e-08)
(-10 2.73885e-08 -1.39199e-08)
(-10 7.5421e-09 -1.19411e-08)
(-10 -1.10605e-08 -5.20419e-09)
(-10 -2.87384e-08 3.50322e-09)
(-10 -4.69253e-08 1.16825e-08)
(-10 -6.68913e-08 1.91621e-08)
(-10 -9.88924e-08 2.35687e-08)
(-10 -9.57061e-08 2.46573e-08)
(-10 -1.21587e-07 2.49948e-08)
(-10 -1.13377e-07 2.16542e-08)
(-10 -1.18104e-07 1.54852e-08)
(-10 2.48254e-07 1.19775e-08)
(-10 2.18885e-07 1.10213e-08)
(-10 1.86688e-07 7.93122e-09)
(-10 1.52501e-07 1.05268e-09)
(-10 1.17985e-07 -5.6924e-09)
(-10 8.43212e-08 -1.16056e-08)
(-10 5.07218e-08 -1.41385e-08)
(-10 1.78545e-08 -1.18423e-08)
(-10 -1.31819e-08 -5.15267e-09)
(-10 -4.31983e-08 3.28034e-09)
(-10 -7.45798e-08 1.09925e-08)
(-10 -1.09384e-07 1.79298e-08)
(-10 -1.57544e-07 2.21125e-08)
(-10 -1.51702e-07 2.28491e-08)
(-10 -2.02019e-07 2.36995e-08)
(-10 -1.87926e-07 1.85039e-08)
(-10 -1.97231e-07 1.54516e-08)
(-10 3.25594e-07 1.09635e-08)
(-10 2.83703e-07 9.60129e-09)
(-10 2.40114e-07 6.67687e-09)
(-10 1.93873e-07 -1.17479e-10)
(-10 1.46695e-07 -6.24114e-09)
(-10 9.99264e-08 -1.07253e-08)
(-10 5.36979e-08 -1.24929e-08)
(-10 8.46736e-09 -9.92597e-09)
(-10 -3.42973e-08 -3.51404e-09)
(-10 -7.60607e-08 4.28974e-09)
(-10 -1.19625e-07 1.09762e-08)
(-10 -1.68468e-07 1.72428e-08)
(-10 -2.35092e-07 2.07102e-08)
(-10 -2.20569e-07 2.04213e-08)
(-10 -2.96033e-07 2.12769e-08)
(-10 -2.76604e-07 1.85855e-08)
(-10 -2.85608e-07 1.39662e-08)
(-10 4.07607e-07 9.37985e-09)
(-10 3.55666e-07 8.72759e-09)
(-10 3.01207e-07 6.16347e-09)
(-10 2.43161e-07 -3.21403e-10)
(-10 1.83887e-07 -5.33598e-09)
(-10 1.24768e-07 -8.2156e-09)
(-10 6.63148e-08 -8.8928e-09)
(-10 9.17608e-09 -5.7834e-09)
(-10 -4.50498e-08 3.10981e-10)
(-10 -9.82565e-08 6.95486e-09)
(-10 -1.54175e-07 1.32281e-08)
(-10 -2.17837e-07 1.74769e-08)
(-10 -3.0404e-07 1.9865e-08)
(-10 -2.75038e-07 1.92845e-08)
(-10 -3.79488e-07 2.00852e-08)
(-10 -3.55114e-07 1.57805e-08)
(-10 -3.67977e-07 1.36797e-08)
(-10 4.82395e-07 5.02996e-09)
(-10 4.19826e-07 3.67853e-09)
(-10 3.55369e-07 1.72549e-09)
(-10 2.86539e-07 -3.50799e-09)
(-10 2.16062e-07 -7.22415e-09)
(-10 1.45625e-07 -8.56657e-09)
(-10 7.58352e-08 -7.9825e-09)
(-10 7.62879e-09 -4.04965e-09)
(-10 -5.76543e-08 1.69429e-09)
(-10 -1.21563e-07 7.28694e-09)
(-10 -1.89117e-07 1.1597e-08)
(-10 -2.66908e-07 1.41205e-08)
(-10 -3.73458e-07 1.56897e-08)
(-10 -3.30979e-07 1.50959e-08)
(-10 -4.47727e-07 1.50521e-08)
(-10 -4.33465e-07 1.35776e-08)
(-10 -4.46872e-07 1.05019e-08)
(-10 5.52655e-07 4.50543e-09)
(-10 4.82107e-07 4.35958e-09)
(-10 4.08937e-07 3.08295e-09)
(-10 3.30059e-07 -1.52723e-09)
(-10 2.49284e-07 -3.57136e-09)
(-10 1.68535e-07 -3.2034e-09)
(-10 8.84368e-08 -1.17871e-09)
(-10 1.00954e-08 3.64527e-09)
(-10 -6.52987e-08 8.86672e-09)
(-10 -1.3937e-07 1.25595e-08)
(-10 -2.18827e-07 1.41529e-08)
(-10 -3.11504e-07 1.46516e-08)
(-10 -4.37524e-07 1.52604e-08)
(-10 -3.79797e-07 1.4643e-08)
(-10 -5.22095e-07 1.53045e-08)
(-10 -5.07392e-07 1.25149e-08)
(-10 -5.241e-07 1.09512e-08)
(-10 6.15151e-07 -1.12733e-09)
(-10 5.36408e-07 -1.29033e-09)
(-10 4.55364e-07 -2.32767e-09)
(-10 3.67694e-07 -5.60526e-09)
(-10 2.77768e-07 -6.11626e-09)
(-10 1.88144e-07 -3.61624e-09)
(-10 9.90512e-08 2.80897e-10)
(-10 1.16743e-08 5.86095e-09)
(-10 -7.25879e-08 1.03038e-08)
(-10 -1.56592e-07 1.14887e-08)
(-10 -2.48188e-07 1.02462e-08)
(-10 -3.55612e-07 8.7105e-09)
(-10 -5.01382e-07 8.32466e-09)
(-10 -4.30006e-07 8.87762e-09)
(-10 -5.98923e-07 8.8836e-09)
(-10 -5.81107e-07 8.04809e-09)
(-10 -5.99353e-07 7.40189e-09)
(-10 6.73067e-07 1.95948e-09)
(-10 5.88177e-07 2.02988e-09)
(-10 5.00385e-07 1.63303e-09)
(-10 4.04634e-07 -1.17716e-09)
(-10 3.06314e-07 2.9872e-10)
(-10 2.09282e-07 4.99212e-09)
(-10 1.12536e-07 1.05843e-08)
(-10 1.71494e-08 1.63905e-08)
(-10 -7.53981e-08 1.90572e-08)
(-10 -1.69653e-07 1.63714e-08)
(-10 -2.74713e-07 1.24197e-08)
(-10 -3.98093e-07 9.44407e-09)
(-10 -5.62926e-07 7.44488e-09)
(-10 -4.77777e-07 8.70257e-09)
(-10 -6.71371e-07 8.76453e-09)
(-10 -6.51365e-07 7.72878e-09)
(-10 -6.72194e-07 6.77084e-09)
(-10 7.2389e-07 -4.1088e-09)
(-10 6.33071e-07 -3.90164e-09)
(-10 5.38938e-07 -4.42283e-09)
(-10 4.36348e-07 -5.20973e-09)
(-10 3.31238e-07 -1.6908e-09)
(-10 2.28103e-07 5.12128e-09)
(-10 1.25066e-07 1.18138e-08)
(-10 2.26471e-08 1.72957e-08)
(-10 -7.79824e-08 1.76047e-08)
(-10 -1.83351e-07 1.22507e-08)
(-10 -3.02729e-07 5.23287e-09)
(-10 -4.42295e-07 3.86712e-10)
(-10 -6.26023e-07 -1.11577e-09)
(-10 -5.28797e-07 1.61196e-09)
(-10 -7.46652e-07 5.02272e-10)
(-10 -7.2254e-07 1.38266e-09)
(-10 -7.45805e-07 2.09314e-09)
(-10 7.70254e-07 8.68441e-10)
(-10 6.75692e-07 2.26886e-09)
(-10 5.76162e-07 2.77701e-09)
(-10 4.67529e-07 2.28262e-09)
(-10 3.56789e-07 7.82258e-09)
(-10 2.49025e-07 1.58399e-08)
(-10 1.40593e-07 2.28256e-08)
(-10 3.13291e-08 2.71827e-08)
(-10 -7.79192e-08 2.42276e-08)
(-10 -1.95769e-07 1.53492e-08)
(-10 -3.30825e-07 6.29495e-09)
(-10 -4.86803e-07 8.34228e-10)
(-10 -6.87915e-07 -7.38475e-10)
(-10 -5.78876e-07 2.22469e-09)
(-10 -8.19003e-07 1.51495e-09)
(-10 -7.91274e-07 2.20436e-09)
(-10 -8.15425e-07 2.36279e-09)
(-10 8.09276e-07 -5.10597e-09)
(-10 7.12722e-07 -3.53371e-09)
(-10 6.0838e-07 -3.27465e-09)
(-10 4.94864e-07 -6.42762e-10)
(-10 3.8109e-07 6.09071e-09)
(-10 2.68764e-07 1.36474e-08)
(-10 1.53213e-07 2.09161e-08)
(-10 3.85534e-08 2.43149e-08)
(-10 -8.03042e-08 1.76782e-08)
(-10 -2.12039e-07 6.36846e-09)
(-10 -3.62774e-07 -3.10499e-09)
(-10 -5.34482e-07 -8.15955e-09)
(-10 -7.51703e-07 -9.05637e-09)
(-10 -6.32006e-07 -5.5702e-09)
(-10 -8.92735e-07 -7.43945e-09)
(-10 -8.59995e-07 -5.32146e-09)
(-10 -8.85775e-07 -2.24479e-09)
(-10 8.44892e-07 1.0929e-09)
(-10 7.4804e-07 4.21952e-09)
(-10 6.39542e-07 4.89649e-09)
(-10 5.22159e-07 9.09405e-09)
(-10 4.02096e-07 1.50818e-08)
(-10 2.87009e-07 2.30406e-08)
(-10 1.70591e-07 3.14333e-08)
(-10 4.79914e-08 3.09669e-08)
(-10 -8.26753e-08 2.09128e-08)
(-10 -2.29267e-07 8.41199e-09)
(-10 -3.95557e-07 -5.79669e-10)
(-10 -5.81552e-07 -4.5306e-09)
(-10 -8.13775e-07 -5.86369e-09)
(-10 -6.85115e-07 -3.0024e-09)
(-10 -9.63328e-07 -4.68089e-09)
(-10 -9.2532e-07 -3.01296e-09)
(-10 -9.50559e-07 -1.87818e-10)
(-10 8.72183e-07 -5.92782e-09)
(-10 7.77706e-07 -2.49139e-09)
(-10 6.64614e-07 -1.1882e-09)
(-10 5.44825e-07 4.92625e-09)
(-10 4.22821e-07 1.40707e-08)
(-10 3.04205e-07 2.10753e-08)
(-10 1.83839e-07 2.46107e-08)
(-10 5.39375e-08 2.14481e-08)
(-10 -9.0007e-08 1.02873e-08)
(-10 -2.51395e-07 -1.25837e-09)
(-10 -4.32392e-07 -8.87821e-09)
(-10 -6.3146e-07 -1.17705e-08)
(-10 -8.77224e-07 -1.30105e-08)
(-10 -7.40307e-07 -1.02098e-08)
(-10 -1.03214e-06 -1.30078e-08)
(-10 -9.88847e-07 -1.05367e-08)
(-10 -1.01436e-06 -5.6286e-09)
(-10 8.96613e-07 -8.70991e-10)
(-10 8.05503e-07 -3.83387e-10)
(-10 6.92145e-07 5.91912e-09)
(-10 5.67124e-07 1.53955e-08)
(-10 4.43925e-07 2.45578e-08)
(-10 3.23968e-07 3.02495e-08)
(-10 1.98797e-07 3.08005e-08)
(-10 5.96498e-08 2.4481e-08)
(-10 -9.74482e-08 1.36831e-08)
(-10 -2.73515e-07 4.15511e-09)
(-10 -4.67276e-07 -2.58419e-09)
(-10 -6.79074e-07 -5.54762e-09)
(-10 -9.38582e-07 -6.76157e-09)
(-10 -7.92464e-07 -5.16626e-09)
(-10 -1.09835e-06 -8.06499e-09)
(-10 -1.04848e-06 -7.33572e-09)
(-10 -1.07156e-06 -3.12906e-09)
(-10 9.09595e-07 -1.46051e-08)
(-10 8.19039e-07 -7.71891e-09)
(-10 7.00301e-07 -2.58613e-09)
(-10 5.83777e-07 8.29467e-09)
(-10 4.64543e-07 1.86809e-08)
(-10 3.43681e-07 2.28404e-08)
(-10 2.1314e-07 2.14089e-08)
(-10 6.41808e-08 1.41399e-08)
(-10 -1.05784e-07 5.76612e-09)
(-10 -2.94985e-07 -1.00339e-09)
(-10 -5.00805e-07 -6.46084e-09)
(-10 -7.25462e-07 -8.95955e-09)
(-10 -9.98585e-07 -1.03924e-08)
(-10 -8.43118e-07 -9.51643e-09)
(-10 -1.16004e-06 -1.44286e-08)
(-10 -1.10375e-06 -1.22336e-08)
(-10 -1.12587e-06 -5.62129e-09)
(-10 9.10323e-07 3.28706e-09)
(-10 8.30355e-07 -9.57751e-09)
(-10 7.07459e-07 4.36863e-09)
(-10 5.89012e-07 1.74864e-08)
(-10 4.8358e-07 2.43845e-08)
(-10 3.6548e-07 2.75186e-08)
(-10 2.27607e-07 2.50701e-08)
(-10 6.82407e-08 1.87467e-08)
(-10 -1.12713e-07 1.29722e-08)
(-10 -3.13157e-07 7.52511e-09)
(-10 -5.31695e-07 4.05837e-09)
(-10 -7.70278e-07 2.55003e-09)
(-10 -1.0559e-06 -3.94146e-10)
(-10 -8.90314e-07 -9.61876e-10)
(-10 -1.22125e-06 -5.714e-09)
(-10 -1.15733e-06 -6.43269e-09)
(-10 -1.1746e-06 -1.85382e-09)
(-10 8.72039e-07 -9.76687e-09)
(-10 8.0341e-07 -8.56989e-09)
(-10 7.14331e-07 -1.31066e-09)
(-10 5.99182e-07 1.12761e-08)
(-10 5.05631e-07 1.53356e-08)
(-10 3.8514e-07 1.8182e-08)
(-10 2.42225e-07 1.60419e-08)
(-10 7.55706e-08 1.2527e-08)
(-10 -1.15349e-07 9.67256e-09)
(-10 -3.2617e-07 5.99695e-09)
(-10 -5.55662e-07 4.33329e-09)
(-10 -8.09664e-07 4.6609e-09)
(-10 -1.11029e-06 1.75695e-09)
(-10 -9.33927e-07 1.12588e-10)
(-10 -1.28e-06 -7.21193e-09)
(-10 -1.20845e-06 -6.79981e-09)
(-10 -1.21974e-06 3.52019e-10)
(-10 7.52165e-07 8.11941e-09)
(-10 6.79346e-07 6.63129e-09)
(-10 6.02253e-07 1.66469e-08)
(-10 5.09648e-07 1.96903e-08)
(-10 3.91141e-07 2.10878e-08)
(-10 2.46822e-07 2.08716e-08)
(-10 7.38246e-08 1.89207e-08)
(-10 -1.24628e-07 1.86361e-08)
(-10 -3.44771e-07 1.6747e-08)
(-10 -5.84485e-07 1.65302e-08)
(-10 -8.53631e-07 1.88961e-08)
(-10 -1.17012e-06 1.6695e-08)
(-10 -9.81465e-07 1.26933e-08)
(-10 -1.34965e-06 5.86142e-09)
(-10 -1.26671e-06 4.05941e-09)
(-10 -1.26945e-06 8.23937e-09)
(-10 6.74749e-07 1.04922e-08)
(-10 6.53516e-07 8.24619e-09)
(-10 5.86064e-07 1.01434e-08)
(-10 4.97417e-07 1.232e-08)
(-10 3.84336e-07 1.25888e-08)
(-10 2.40287e-07 1.43447e-08)
(-10 6.63189e-08 1.50737e-08)
(-10 -1.3701e-07 1.69646e-08)
(-10 -3.64901e-07 1.69504e-08)
(-10 -6.15373e-07 1.92855e-08)
(-10 -8.9662e-07 2.50085e-08)
(-10 -1.23538e-06 2.44392e-08)
(-10 -1.03334e-06 1.80789e-08)
(-10 -1.42869e-06 1.00422e-08)
(-10 -1.33161e-06 7.82782e-09)
(-10 -1.32187e-06 1.45297e-08)
(-10 6.24801e-07 1.77254e-08)
(-10 5.85668e-07 2.06793e-08)
(-10 5.50396e-07 1.86175e-08)
(-10 4.7124e-07 1.85635e-08)
(-10 3.56061e-07 2.02288e-08)
(-10 2.18584e-07 2.15279e-08)
(-10 4.40206e-08 2.2993e-08)
(-10 -1.61435e-07 2.70212e-08)
(-10 -3.95043e-07 2.80843e-08)
(-10 -6.55766e-07 3.39772e-08)
(-10 -9.47605e-07 4.29601e-08)
(-10 -1.30741e-06 4.35803e-08)
(-10 -1.08864e-06 3.12664e-08)
(-10 -1.52061e-06 2.13048e-08)
(-10 -1.40506e-06 1.87516e-08)
(-10 -1.38244e-06 1.93592e-08)
(-10 6.26402e-07 -3.45408e-09)
(-10 5.95083e-07 7.8185e-09)
(-10 5.4836e-07 9.61742e-09)
(-10 4.70225e-07 6.97691e-09)
(-10 3.72508e-07 7.7754e-09)
(-10 2.30364e-07 8.02519e-09)
(-10 5.81655e-08 9.85353e-09)
(-10 -1.43538e-07 1.31536e-08)
(-10 -3.81772e-07 2.07415e-08)
(-10 -6.55589e-07 3.3586e-08)
(-10 -9.56073e-07 4.21879e-08)
(-10 -1.34466e-06 4.1197e-08)
(-10 -1.11275e-06 2.63041e-08)
(-10 -1.56031e-06 1.46424e-08)
(-10 -1.44115e-06 1.13811e-08)
(-10 -1.42792e-06 1.12531e-08)
(-10 7.38491e-07 2.34895e-08)
(-10 6.73838e-07 2.25795e-08)
(-10 6.36768e-07 2.61972e-08)
(-10 5.62187e-07 2.6208e-08)
(-10 4.5542e-07 2.5868e-08)
(-10 3.29601e-07 2.5444e-08)
(-10 1.6275e-07 2.47488e-08)
(-10 -4.38944e-08 3.04386e-08)
(-10 -2.8618e-07 4.59312e-08)
(-10 -5.66878e-07 5.54134e-08)
(-10 -8.86731e-07 6.36564e-08)
(-10 -1.29296e-06 6.34646e-08)
(-10 -1.03687e-06 4.41443e-08)
(-10 -1.51143e-06 3.76126e-08)
(-10 -1.42072e-06 2.79169e-08)
(-10 -1.41315e-06 1.58083e-08)
(-10 7.40245e-07 5.14552e-09)
(-10 7.19086e-07 8.79981e-09)
(-10 6.41756e-07 5.79986e-09)
(-10 5.7142e-07 7.13391e-09)
(-10 4.76416e-07 6.965e-09)
(-10 3.4819e-07 3.0411e-09)
(-10 1.80033e-07 4.1914e-09)
(-10 -1.29214e-08 7.3177e-09)
(-10 -2.4973e-07 8.52631e-09)
(-10 -5.31618e-07 3.28862e-08)
(-10 -8.67366e-07 3.90832e-08)
(-10 -1.3e-06 2.7354e-08)
(-10 -1.0198e-06 2.30092e-08)
(-10 -1.55952e-06 2.7089e-08)
(-10 -1.45917e-06 1.27502e-08)
(-10 -1.47116e-06 1.32453e-08)
(-10 7.57693e-07 4.86442e-08)
(-10 7.27134e-07 4.15758e-08)
(-10 6.54767e-07 4.43695e-08)
(-10 5.82545e-07 4.58427e-08)
(-10 4.83786e-07 4.01142e-08)
(-10 3.57482e-07 3.61251e-08)
(-10 2.09497e-07 3.38003e-08)
(-10 1.03567e-08 3.30224e-08)
(-10 -2.43017e-07 4.43644e-08)
(-10 -5.45304e-07 3.11454e-08)
(-10 -8.87708e-07 3.27854e-08)
(-10 -1.34402e-06 5.43846e-08)
(-10 -1.03805e-06 3.75336e-08)
(-10 -1.62082e-06 4.84112e-08)
(-10 -1.51528e-06 5.96863e-08)
(-10 -1.47912e-06 3.81172e-08)
(-10 7.72638e-08 3.41872e-08)
(-10 7.14508e-08 3.35654e-08)
(-10 6.27505e-08 3.05853e-08)
(-10 5.54612e-08 2.62083e-08)
(-10 4.82151e-08 2.17652e-08)
(-10 4.09345e-08 1.83007e-08)
(-10 3.39617e-08 1.70673e-08)
(-10 2.744e-08 1.79005e-08)
(-10 2.13368e-08 1.89702e-08)
(-10 1.55363e-08 2.07727e-08)
(-10 9.44649e-09 2.25264e-08)
(-10 3.55392e-09 2.42428e-08)
(-10 -5.89652e-09 2.57769e-08)
(-10 -9.5936e-09 2.57943e-08)
(-10 -1.67539e-08 2.51112e-08)
(-10 -1.70319e-08 2.25924e-08)
(-10 -2.04757e-08 1.97693e-08)
(-10 1.93702e-07 2.80405e-08)
(-10 1.73922e-07 2.73618e-08)
(-10 1.54013e-07 2.50311e-08)
(-10 1.33123e-07 2.15013e-08)
(-10 1.11623e-07 1.83635e-08)
(-10 9.05084e-08 1.67973e-08)
(-10 7.01832e-08 1.58164e-08)
(-10 5.05658e-08 1.563e-08)
(-10 3.18115e-08 1.69623e-08)
(-10 1.37192e-08 1.8844e-08)
(-10 -4.7313e-09 2.08111e-08)
(-10 -2.49303e-08 2.24045e-08)
(-10 -5.60974e-08 2.34188e-08)
(-10 -5.67196e-08 2.37486e-08)
(-10 -8.50552e-08 2.27859e-08)
(-10 -7.79956e-08 2.1054e-08)
(-10 -8.49919e-08 1.85622e-08)
(-10 3.19165e-07 2.48872e-08)
(-10 2.89011e-07 2.44856e-08)
(-10 2.56539e-07 2.21065e-08)
(-10 2.2271e-07 1.87737e-08)
(-10 1.88186e-07 1.59365e-08)
(-10 1.53964e-07 1.46323e-08)
(-10 1.2062e-07 1.45773e-08)
(-10 8.80552e-08 1.42525e-08)
(-10 5.65702e-08 1.5479e-08)
(-10 2.60085e-08 1.72885e-08)
(-10 -5.57273e-09 1.92466e-08)
(-10 -4.01764e-08 2.07833e-08)
(-10 -8.74837e-08 2.18621e-08)
(-10 -8.8898e-08 2.20839e-08)
(-10 -1.41444e-07 2.14753e-08)
(-10 -1.29855e-07 1.92844e-08)
(-10 -1.42172e-07 1.70197e-08)
(-10 4.23636e-07 2.45978e-08)
(-10 3.81555e-07 2.35552e-08)
(-10 3.38108e-07 2.15828e-08)
(-10 2.91831e-07 1.85911e-08)
(-10 2.44611e-07 1.61864e-08)
(-10 1.97977e-07 1.5256e-08)
(-10 1.52307e-07 1.53217e-08)
(-10 1.07235e-07 1.48009e-08)
(-10 6.37037e-08 1.61385e-08)
(-10 2.12032e-08 1.77229e-08)
(-10 -2.25557e-08 1.94844e-08)
(-10 -7.15198e-08 2.07973e-08)
(-10 -1.37642e-07 2.17054e-08)
(-10 -1.30914e-07 2.15652e-08)
(-10 -2.11489e-07 2.06202e-08)
(-10 -1.9463e-07 1.93609e-08)
(-10 -2.08469e-07 1.69806e-08)
(-10 5.29551e-07 2.09706e-08)
(-10 4.7757e-07 2.0589e-08)
(-10 4.22852e-07 1.87687e-08)
(-10 3.64787e-07 1.60437e-08)
(-10 3.0556e-07 1.42786e-08)
(-10 2.47382e-07 1.38458e-08)
(-10 1.89899e-07 1.38568e-08)
(-10 1.3259e-07 1.37122e-08)
(-10 7.75922e-08 1.51121e-08)
(-10 2.36641e-08 1.66751e-08)
(-10 -3.26363e-08 1.81594e-08)
(-10 -9.58816e-08 1.92724e-08)
(-10 -1.81157e-07 2.01341e-08)
(-10 -1.63846e-07 1.95577e-08)
(-10 -2.73137e-07 1.84725e-08)
(-10 -2.52429e-07 1.69339e-08)
(-10 -2.71393e-07 1.52593e-08)
(-10 6.27374e-07 1.91052e-08)
(-10 5.65191e-07 1.82222e-08)
(-10 5.01027e-07 1.68565e-08)
(-10 4.32226e-07 1.47917e-08)
(-10 3.62158e-07 1.39436e-08)
(-10 2.9325e-07 1.38159e-08)
(-10 2.2445e-07 1.32696e-08)
(-10 1.55923e-07 1.36412e-08)
(-10 9.02849e-08 1.50337e-08)
(-10 2.56383e-08 1.63623e-08)
(-10 -4.21975e-08 1.74652e-08)
(-10 -1.19813e-07 1.81919e-08)
(-10 -2.25024e-07 1.85685e-08)
(-10 -1.94473e-07 1.79028e-08)
(-10 -3.33986e-07 1.62326e-08)
(-10 -3.09152e-07 1.60734e-08)
(-10 -3.30572e-07 1.43243e-08)
(-10 7.17713e-07 1.55176e-08)
(-10 6.47569e-07 1.55981e-08)
(-10 5.74415e-07 1.44579e-08)
(-10 4.95815e-07 1.27111e-08)
(-10 4.16255e-07 1.27165e-08)
(-10 3.37381e-07 1.28376e-08)
(-10 2.57851e-07 1.24558e-08)
(-10 1.79356e-07 1.35785e-08)
(-10 1.03884e-07 1.47591e-08)
(-10 2.91246e-08 1.58631e-08)
(-10 -5.06558e-08 1.66952e-08)
(-10 -1.42534e-07 1.68998e-08)
(-10 -2.66521e-07 1.67284e-08)
(-10 -2.23855e-07 1.59556e-08)
(-10 -3.92023e-07 1.53583e-08)
(-10 -3.64479e-07 1.36483e-08)
(-10 -3.90815e-07 1.25045e-08)
(-10 7.98775e-07 1.31472e-08)
(-10 7.20806e-07 1.28848e-08)
(-10 6.40235e-07 1.22185e-08)
(-10 5.53132e-07 1.11939e-08)
(-10 4.65e-07 1.12807e-08)
(-10 3.77261e-07 1.1798e-08)
(-10 2.88209e-07 1.18597e-08)
(-10 2.01015e-07 1.33232e-08)
(-10 1.1669e-07 1.44729e-08)
(-10 3.20629e-08 1.52093e-08)
(-10 -5.96096e-08 1.51283e-08)
(-10 -1.66079e-07 1.45758e-08)
(-10 -3.09162e-07 1.40111e-08)
(-10 -2.53968e-07 1.35071e-08)
(-10 -4.50022e-07 1.2506e-08)
(-10 -4.1984e-07 1.22545e-08)
(-10 -4.48705e-07 1.11162e-08)
(-10 8.72234e-07 1.03869e-08)
(-10 7.88233e-07 1.11631e-08)
(-10 7.00971e-07 1.06328e-08)
(-10 6.06335e-07 1.00294e-08)
(-10 5.10494e-07 1.09083e-08)
(-10 4.1514e-07 1.20113e-08)
(-10 3.18054e-07 1.26437e-08)
(-10 2.23128e-07 1.4304e-08)
(-10 1.30596e-07 1.60896e-08)
(-10 3.5872e-08 1.59015e-08)
(-10 -6.87733e-08 1.42984e-08)
(-10 -1.90098e-07 1.2745e-08)
(-10 -3.51505e-07 1.18371e-08)
(-10 -2.85587e-07 1.16142e-08)
(-10 -5.06701e-07 1.12353e-08)
(-10 -4.74904e-07 9.74062e-09)
(-10 -5.07883e-07 9.24482e-09)
(-10 9.36805e-07 7.96296e-09)
(-10 8.47712e-07 8.11624e-09)
(-10 7.54534e-07 7.68688e-09)
(-10 6.53552e-07 7.34175e-09)
(-10 5.51088e-07 9.59893e-09)
(-10 4.49573e-07 1.14368e-08)
(-10 3.45967e-07 1.23078e-08)
(-10 2.43983e-07 1.40863e-08)
(-10 1.434e-07 1.53231e-08)
(-10 3.79095e-08 1.36704e-08)
(-10 -8.02644e-08 1.10752e-08)
(-10 -2.16973e-07 9.16665e-09)
(-10 -3.96596e-07 8.32354e-09)
(-10 -3.20095e-07 8.31539e-09)
(-10 -5.64454e-07 7.54825e-09)
(-10 -5.31178e-07 7.63308e-09)
(-10 -5.66544e-07 7.23909e-09)
(-10 9.94005e-07 6.4213e-09)
(-10 9.01742e-07 7.43877e-09)
(-10 8.03615e-07 7.60087e-09)
(-10 6.97379e-07 7.67083e-09)
(-10 5.89488e-07 1.05331e-08)
(-10 4.82786e-07 1.17361e-08)
(-10 3.73559e-07 1.40021e-08)
(-10 2.64977e-07 1.68248e-08)
(-10 1.55828e-07 1.58969e-08)
(-10 3.85701e-08 1.28637e-08)
(-10 -9.41218e-08 9.48693e-09)
(-10 -2.46178e-07 7.06616e-09)
(-10 -4.42727e-07 5.95867e-09)
(-10 -3.58621e-07 6.43219e-09)
(-10 -6.21605e-07 6.45257e-09)
(-10 -5.87437e-07 5.33816e-09)
(-10 -6.25765e-07 5.41441e-09)
(-10 1.04238e-06 3.56053e-09)
(-10 9.48841e-07 4.28422e-09)
(-10 8.46438e-07 4.6646e-09)
(-10 7.35935e-07 5.74828e-09)
(-10 6.22368e-07 8.03896e-09)
(-10 5.12106e-07 1.06496e-08)
(-10 3.99685e-07 1.35542e-08)
(-10 2.83393e-07 1.52396e-08)
(-10 1.64676e-07 1.28388e-08)
(-10 3.46216e-08 8.83341e-09)
(-10 -1.12523e-07 5.19795e-09)
(-10 -2.79677e-07 2.89409e-09)
(-10 -4.92328e-07 2.39578e-09)
(-10 -4.00655e-07 2.63103e-09)
(-10 -6.80086e-07 1.78103e-09)
(-10 -6.45101e-07 2.73279e-09)
(-10 -6.85185e-07 3.09778e-09)
(-10 1.08346e-06 2.72301e-09)
(-10 9.90387e-07 4.83909e-09)
(-10 8.8477e-07 5.50865e-09)
(-10 7.71123e-07 6.89307e-09)
(-10 6.54117e-07 1.01656e-08)
(-10 5.38673e-07 1.1483e-08)
(-10 4.22205e-07 1.3972e-08)
(-10 3.00851e-07 1.54069e-08)
(-10 1.70686e-07 1.20333e-08)
(-10 2.69801e-08 7.41575e-09)
(-10 -1.3456e-07 3.79846e-09)
(-10 -3.15902e-07 1.62675e-09)
(-10 -5.42747e-07 2.36986e-10)
(-10 -4.44562e-07 1.3301e-09)
(-10 -7.38314e-07 1.83747e-09)
(-10 -7.01901e-07 1.30278e-09)
(-10 -7.42747e-07 1.47366e-09)
(-10 1.11499e-06 -3.27499e-10)
(-10 1.02444e-06 5.55086e-10)
(-10 9.17302e-07 1.87538e-09)
(-10 8.00412e-07 4.70408e-09)
(-10 6.80965e-07 8.2726e-09)
(-10 5.62555e-07 1.15716e-08)
(-10 4.41517e-07 1.24615e-08)
(-10 3.12867e-07 1.05712e-08)
(-10 1.71604e-07 7.21158e-09)
(-10 1.42035e-08 2.98311e-09)
(-10 -1.60612e-07 -2.27122e-10)
(-10 -3.55164e-07 -1.81097e-09)
(-10 -5.96194e-07 -2.95753e-09)
(-10 -4.89907e-07 -2.10642e-09)
(-10 -7.96534e-07 -2.30965e-09)
(-10 -7.58108e-07 -1.80901e-09)
(-10 -7.99669e-07 -5.60586e-10)
(-10 1.14316e-06 -2.7459e-09)
(-10 1.05987e-06 2.71287e-10)
(-10 9.41287e-07 3.29221e-09)
(-10 8.2711e-07 5.92093e-09)
(-10 7.06617e-07 9.87516e-09)
(-10 5.86301e-07 1.24391e-08)
(-10 4.60523e-07 1.27389e-08)
(-10 3.23362e-07 1.02601e-08)
(-10 1.70528e-07 6.57952e-09)
(-10 2.94173e-10 3.01291e-09)
(-10 -1.87292e-07 3.54536e-10)
(-10 -3.94389e-07 -1.1452e-09)
(-10 -6.48165e-07 -2.2494e-09)
(-10 -5.34526e-07 -1.85741e-09)
(-10 -8.5318e-07 -1.35799e-09)
(-10 -8.1183e-07 -2.32353e-09)
(-10 -8.51822e-07 -7.54369e-10)
(-10 1.14495e-06 -1.87057e-09)
(-10 1.07674e-06 -5.31136e-09)
(-10 9.72465e-07 -3.55222e-09)
(-10 8.40443e-07 4.02556e-09)
(-10 7.26918e-07 7.80934e-09)
(-10 6.06781e-07 9.41476e-09)
(-10 4.76816e-07 8.93421e-09)
(-10 3.31536e-07 6.55872e-09)
(-10 1.6734e-07 3.36211e-09)
(-10 -1.41138e-08 2.33587e-10)
(-10 -2.13732e-07 -1.18922e-09)
(-10 -4.34264e-07 -1.9975e-09)
(-10 -6.99864e-07 -3.4553e-09)
(-10 -5.77952e-07 -3.27166e-09)
(-10 -9.08048e-07 -4.25014e-09)
(-10 -8.61883e-07 -2.43284e-09)
(-10 -9.00564e-07 -9.48292e-10)
(-10 1.1668e-06 -1.5071e-09)
(-10 1.08307e-06 5.16905e-09)
(-10 9.61104e-07 1.58515e-09)
(-10 8.57306e-07 3.23066e-09)
(-10 7.43304e-07 8.82563e-09)
(-10 6.25943e-07 1.06456e-08)
(-10 4.94123e-07 9.77349e-09)
(-10 3.40242e-07 8.03519e-09)
(-10 1.66422e-07 5.77346e-09)
(-10 -2.55373e-08 3.15261e-09)
(-10 -2.3598e-07 2.63044e-09)
(-10 -4.71127e-07 2.40563e-09)
(-10 -7.48645e-07 6.78404e-10)
(-10 -6.185e-07 5.03504e-10)
(-10 -9.60442e-07 1.69367e-10)
(-10 -9.08823e-07 -1.3004e-09)
(-10 -9.43243e-07 9.6202e-10)
(-10 1.13395e-06 2.11132e-09)
(-10 1.07296e-06 -1.03747e-08)
(-10 9.61901e-07 -3.07311e-10)
(-10 8.54551e-07 8.02849e-09)
(-10 7.58495e-07 7.96168e-09)
(-10 6.49379e-07 9.3503e-09)
(-10 5.11718e-07 9.16095e-09)
(-10 3.50514e-07 8.34293e-09)
(-10 1.68129e-07 7.32488e-09)
(-10 -3.39371e-08 5.60072e-09)
(-10 -2.54707e-07 5.2169e-09)
(-10 -5.03937e-07 5.65714e-09)
(-10 -7.9476e-07 4.21423e-09)
(-10 -6.54837e-07 3.50379e-09)
(-10 -1.01254e-06 1.2701e-09)
(-10 -9.51949e-07 3.26221e-09)
(-10 -9.80475e-07 5.07765e-09)
(-10 1.09161e-06 -9.2649e-10)
(-10 1.03508e-06 1.78416e-08)
(-10 9.18961e-07 2.66911e-09)
(-10 8.50518e-07 4.94718e-09)
(-10 7.70451e-07 1.03669e-08)
(-10 6.56298e-07 1.03605e-08)
(-10 5.20379e-07 1.26267e-08)
(-10 3.57234e-07 1.21169e-08)
(-10 1.67478e-07 1.19226e-08)
(-10 -4.32463e-08 1.14158e-08)
(-10 -2.74554e-07 1.16555e-08)
(-10 -5.36137e-07 1.31415e-08)
(-10 -8.424e-07 1.16137e-08)
(-10 -6.9254e-07 1.01768e-08)
(-10 -1.07027e-06 8.8423e-09)
(-10 -9.98367e-07 7.14683e-09)
(-10 -1.01754e-06 9.97661e-09)
(-10 9.42105e-07 6.54809e-09)
(-10 9.06827e-07 5.82321e-09)
(-10 8.46329e-07 1.45803e-08)
(-10 7.64161e-07 1.12423e-08)
(-10 6.56151e-07 1.22043e-08)
(-10 5.2102e-07 1.42285e-08)
(-10 3.58147e-07 1.47766e-08)
(-10 1.63939e-07 1.56269e-08)
(-10 -5.41133e-08 1.60117e-08)
(-10 -2.94413e-07 1.8058e-08)
(-10 -5.67541e-07 2.00857e-08)
(-10 -8.92528e-07 1.993e-08)
(-10 -7.2975e-07 1.72611e-08)
(-10 -1.13814e-06 1.37807e-08)
(-10 -1.05061e-06 1.48172e-08)
(-10 -1.0555e-06 1.7882e-08)
(-10 9.0694e-07 7.69302e-09)
(-10 8.33119e-07 1.49044e-08)
(-10 8.21256e-07 4.31503e-09)
(-10 7.40968e-07 1.18144e-08)
(-10 6.34823e-07 1.35928e-08)
(-10 5.079e-07 1.46394e-08)
(-10 3.43529e-07 1.60514e-08)
(-10 1.47634e-07 1.80616e-08)
(-10 -7.56093e-08 1.91758e-08)
(-10 -3.25045e-07 2.30075e-08)
(-10 -6.06918e-07 2.88723e-08)
(-10 -9.5028e-07 2.77683e-08)
(-10 -7.73899e-07 2.16811e-08)
(-10 -1.19358e-06 1.80662e-08)
(-10 -1.09999e-06 1.8103e-08)
(-10 -1.10685e-06 1.82263e-08)
(-10 9.1618e-07 -5.15691e-09)
(-10 8.6299e-07 2.41463e-09)
(-10 8.36308e-07 1.51174e-08)
(-10 7.6278e-07 8.73473e-09)
(-10 6.69169e-07 9.85025e-09)
(-10 5.38981e-07 1.07388e-08)
(-10 3.82808e-07 1.2273e-08)
(-10 1.9449e-07 1.50487e-08)
(-10 -3.65438e-08 2.09941e-08)
(-10 -2.88989e-07 2.31446e-08)
(-10 -5.74121e-07 2.92093e-08)
(-10 -9.44406e-07 3.01282e-08)
(-10 -7.50379e-07 2.24891e-08)
(-10 -1.21087e-06 2.00802e-08)
(-10 -1.10684e-06 1.89822e-08)
(-10 -1.12238e-06 1.6085e-08)
(-10 9.81798e-07 2.44778e-08)
(-10 9.527e-07 1.50336e-08)
(-10 9.00471e-07 9.89691e-09)
(-10 8.3627e-07 1.54523e-08)
(-10 7.47359e-07 1.69104e-08)
(-10 6.2652e-07 1.81007e-08)
(-10 4.7204e-07 1.86194e-08)
(-10 2.82722e-07 2.22988e-08)
(-10 5.93011e-08 2.94431e-08)
(-10 -1.95829e-07 3.89342e-08)
(-10 -4.9539e-07 3.85142e-08)
(-10 -8.67311e-07 2.99196e-08)
(-10 -6.63782e-07 2.88804e-08)
(-10 -1.19351e-06 2.7193e-08)
(-10 -1.07795e-06 2.83604e-08)
(-10 -1.08719e-06 2.1862e-08)
(-10 1.01523e-06 -4.60621e-09)
(-10 9.77106e-07 2.09246e-10)
(-10 9.31997e-07 4.08139e-09)
(-10 8.70375e-07 4.74443e-09)
(-10 7.86167e-07 5.18461e-09)
(-10 6.71908e-07 5.88929e-09)
(-10 5.20667e-07 6.13044e-09)
(-10 3.32506e-07 7.72377e-09)
(-10 1.17877e-07 1.74372e-08)
(-10 -1.46181e-07 1.81823e-08)
(-10 -4.40131e-07 1.54788e-08)
(-10 -8.41566e-07 2.49962e-08)
(-10 -6.10422e-07 1.60945e-08)
(-10 -1.19905e-06 1.80716e-08)
(-10 -1.08447e-06 1.23471e-08)
(-10 -1.12021e-06 2.16234e-08)
(-10 1.03941e-06 4.33722e-08)
(-10 1.02676e-06 3.87281e-08)
(-10 9.64025e-07 3.6952e-08)
(-10 9.06272e-07 4.00018e-08)
(-10 8.26726e-07 4.0046e-08)
(-10 7.1731e-07 3.93835e-08)
(-10 5.73267e-07 3.90338e-08)
(-10 3.91786e-07 4.44218e-08)
(-10 1.61342e-07 4.70236e-08)
(-10 -9.34401e-08 6.05134e-08)
(-10 -4.09076e-07 5.41456e-08)
(-10 -8.50035e-07 3.65008e-08)
(-10 -6.00425e-07 4.026e-08)
(-10 -1.23548e-06 4.31936e-08)
(-10 -1.09141e-06 5.0286e-08)
(-10 -1.10933e-06 4.56382e-08)
)
;

boundaryField
{
    frontAndBack
    {
        type            slip;
    }
    inlet
    {
        type            fixedValue;
        value           nonuniform List<vector> 0();
    }
    outlet
    {
        type            inletOutlet;
        inletValue      nonuniform List<vector> 0();
        value           nonuniform List<vector> 0();
    }
    lowerWall
    {
        type            fixedValue;
        value           uniform (-10 0 0);
    }
    upperWall
    {
        type            slip;
    }
    procBoundary1to0
    {
        type            processor;
        value           nonuniform List<vector> 
135
(
(-10 4.70831e-08 2.26822e-08)
(-10 1.43422e-07 1.11046e-08)
(-10 2.50883e-07 3.73854e-09)
(-10 3.3212e-07 7.19854e-10)
(-10 4.24475e-07 2.43517e-09)
(-10 5.01921e-07 -2.15877e-09)
(-10 5.79093e-07 -2.21677e-09)
(-10 6.43507e-07 -2.18888e-09)
(-10 7.06545e-07 -1.4607e-09)
(-10 7.56636e-07 -5.84028e-09)
(-10 8.03278e-07 -4.00649e-09)
(-10 8.39296e-07 -2.4548e-09)
(-10 8.72136e-07 -2.5206e-10)
(-10 8.94992e-07 -7.3852e-09)
(-10 8.38656e-07 1.57696e-09)
(-10 8.38656e-07 1.57696e-09)
(-10 8.38656e-07 1.57696e-09)
(-10 8.52262e-07 -5.91357e-09)
(-10 8.52262e-07 -5.91357e-09)
(-10 8.57126e-07 -6.5574e-10)
(-10 8.56135e-07 -1.18248e-08)
(-10 8.46271e-07 -1.18257e-09)
(-10 8.22551e-07 -1.12501e-08)
(-10 7.97615e-07 5.11099e-09)
(-10 7.97209e-07 2.55082e-09)
(-10 8.6316e-07 3.74972e-08)
(-10 8.39456e-07 3.71151e-08)
(-10 7.84949e-07 8.53811e-09)
(-10 5.36439e-08 3.98582e-08)
(-10 1.5004e-07 4.90966e-09)
(-10 2.73552e-07 5.14246e-09)
(-10 3.59177e-07 5.09243e-09)
(-10 4.55739e-07 6.53136e-09)
(-10 5.38101e-07 1.23821e-09)
(-10 6.19622e-07 1.98624e-09)
(-10 6.86909e-07 -3.97867e-09)
(-10 7.52396e-07 -1.2761e-10)
(-10 8.0346e-07 -8.85244e-09)
(-10 8.51762e-07 -4.47123e-09)
(-10 8.89106e-07 -8.24863e-09)
(-10 9.21787e-07 -3.44467e-09)
(-10 9.47156e-07 -1.22566e-08)
(-10 9.62552e-07 -9.33719e-09)
(-10 9.6842e-07 -1.76248e-08)
(-10 8.96728e-07 2.85826e-09)
(-10 8.96728e-07 2.85826e-09)
(-10 8.96728e-07 2.85826e-09)
(-10 8.80146e-07 -1.39674e-08)
(-10 8.35924e-07 -1.13218e-08)
(-10 7.88198e-07 -4.93885e-11)
(-10 7.39654e-07 -1.30313e-08)
(-10 7.34785e-07 -1.57879e-09)
(-10 8.31246e-07 -1.62583e-09)
(-10 8.16556e-07 9.63329e-09)
(-10 7.76216e-07 2.91096e-08)
(-10 5.85795e-08 2.78175e-08)
(-10 1.59366e-07 -8.13934e-09)
(-10 2.74863e-07 -5.20574e-09)
(-10 3.61502e-07 -7.00198e-09)
(-10 4.56258e-07 -2.99611e-09)
(-10 5.3901e-07 -1.00878e-08)
(-10 6.19119e-07 -4.90418e-09)
(-10 6.86923e-07 -1.36838e-08)
(-10 7.51833e-07 -6.19199e-09)
(-10 8.04126e-07 -1.57572e-08)
(-10 8.52062e-07 -6.07426e-09)
(-10 8.88213e-07 -1.66132e-08)
(-10 9.22628e-07 -5.46289e-09)
(-10 9.41612e-07 -1.48881e-08)
(-10 9.61897e-07 -5.70561e-09)
(-10 9.54668e-07 -1.58794e-08)
(-10 9.78877e-07 -5.08003e-09)
(-10 8.46831e-07 -2.73727e-09)
(-10 8.46831e-07 -2.73727e-09)
(-10 8.46831e-07 -2.73727e-09)
(-10 8.25682e-07 6.10208e-09)
(-10 7.61428e-07 -1.27944e-08)
(-10 7.06376e-07 1.05645e-08)
(-10 7.08623e-07 -2.30035e-08)
(-10 7.84178e-07 1.74511e-08)
(-10 8.03943e-07 2.64143e-08)
(-10 7.56591e-07 3.42545e-08)
(-10 6.3973e-08 4.18606e-08)
(-10 1.66975e-07 1.83158e-08)
(-10 2.77623e-07 1.6224e-08)
(-10 3.66876e-07 1.35483e-08)
(-10 4.59847e-07 1.38638e-08)
(-10 5.4455e-07 7.30739e-09)
(-10 6.23792e-07 9.08458e-09)
(-10 6.9364e-07 4.63975e-10)
(-10 7.57683e-07 4.30801e-09)
(-10 8.11863e-07 -5.88544e-09)
(-10 8.59988e-07 -2.80805e-10)
(-10 8.97863e-07 -9.43832e-09)
(-10 9.29626e-07 -1.60143e-09)
(-10 9.52998e-07 -1.39462e-08)
(-10 9.60387e-07 -1.38583e-09)
(-10 9.87693e-07 -1.40985e-08)
(-10 9.53234e-07 2.73531e-09)
(-10 9.47503e-07 -5.60355e-09)
(-10 8.06956e-07 1.58581e-08)
(-10 8.06956e-07 1.58581e-08)
(-10 8.06956e-07 1.58581e-08)
(-10 7.71671e-07 4.66639e-09)
(-10 6.89689e-07 1.30447e-08)
(-10 6.88601e-07 -8.9871e-09)
(-10 7.86948e-07 2.85794e-08)
(-10 7.55216e-07 1.25866e-08)
(-10 7.52643e-07 5.48243e-08)
(-10 8.10387e-08 3.62303e-08)
(-10 2.1226e-07 2.91775e-08)
(-10 3.48198e-07 2.6522e-08)
(-10 4.65019e-07 2.55282e-08)
(-10 5.80864e-07 2.2864e-08)
(-10 6.88944e-07 1.965e-08)
(-10 7.87445e-07 1.73841e-08)
(-10 8.75824e-07 1.30841e-08)
(-10 9.54406e-07 1.17062e-08)
(-10 1.02204e-06 7.0122e-09)
(-10 1.08013e-06 6.53086e-09)
(-10 1.12682e-06 1.41614e-09)
(-10 1.16451e-06 1.73918e-09)
(-10 1.18899e-06 -2.45807e-09)
(-10 1.20671e-06 -1.88335e-09)
(-10 1.20915e-06 -1.21701e-09)
(-10 1.21609e-06 -4.37017e-09)
(-10 1.20131e-06 -7.52722e-10)
(-10 1.16328e-06 -3.5064e-11)
(-10 9.79929e-07 2.10028e-08)
(-10 9.79929e-07 2.10028e-08)
(-10 9.47816e-07 -3.91268e-10)
(-10 9.71541e-07 1.10129e-08)
(-10 1.03004e-06 5.61094e-09)
(-10 1.0317e-06 5.33651e-09)
(-10 1.02738e-06 2.49355e-08)
)
;
    }
    procBoundary1to2
    {
        type            processor;
        value           nonuniform List<vector> 
124
(
(-10 -3.91966e-08 -5.94793e-10)
(-10 -1.26718e-07 -2.13397e-09)
(-10 -2.13096e-07 -5.14254e-09)
(-10 -3.06865e-07 -4.9717e-09)
(-10 -3.85479e-07 -5.9808e-09)
(-10 -4.6718e-07 -4.55953e-09)
(-10 -5.45127e-07 -2.83902e-09)
(-10 -6.23039e-07 -4.23816e-09)
(-10 -6.93414e-07 -6.24194e-09)
(-10 -7.66454e-07 -3.77806e-09)
(-10 -8.35789e-07 -3.68581e-09)
(-10 -9.0338e-07 -4.40643e-09)
(-10 -9.65099e-07 -5.14654e-09)
(-10 -1.02519e-06 -4.19311e-09)
(-10 -1.08076e-06 -2.11809e-09)
(-10 -1.13219e-06 -5.10211e-10)
(-10 -1.17995e-06 -4.10675e-10)
(-10 -1.22764e-06 3.12173e-09)
(-10 -1.27721e-06 3.44491e-09)
(-10 -1.32645e-06 4.95796e-09)
(-10 -1.36917e-06 3.80847e-09)
(-10 -1.41162e-06 1.09485e-09)
(-10 -1.41884e-06 3.10482e-09)
(-10 -1.5036e-06 1.00454e-08)
(-10 -3.59337e-08 3.70043e-09)
(-10 -1.28571e-07 -2.8715e-10)
(-10 -2.11377e-07 -6.38024e-10)
(-10 -3.05856e-07 -2.15855e-09)
(-10 -3.91126e-07 -3.10456e-09)
(-10 -4.73485e-07 1.04525e-10)
(-10 -5.52651e-07 6.61132e-10)
(-10 -6.30407e-07 -2.11459e-09)
(-10 -7.05852e-07 -4.54545e-09)
(-10 -7.81678e-07 -5.02499e-09)
(-10 -8.53567e-07 -3.3316e-09)
(-10 -9.22324e-07 -4.18232e-09)
(-10 -9.86463e-07 -2.914e-09)
(-10 -1.0577e-06 -7.33747e-09)
(-10 -1.11223e-06 -2.91862e-09)
(-10 -1.16278e-06 -3.86245e-09)
(-10 -1.20966e-06 -1.87536e-09)
(-10 -1.25656e-06 -3.07047e-09)
(-10 -1.29731e-06 6.55471e-09)
(-10 -1.34113e-06 7.49832e-09)
(-10 -1.385e-06 7.19714e-09)
(-10 -1.4201e-06 -2.46707e-09)
(-10 -1.42903e-06 -1.12115e-08)
(-10 -1.45339e-06 -6.1627e-10)
(-10 -1.50775e-06 -1.09449e-08)
(-10 -3.63691e-08 -4.11716e-09)
(-10 -1.28322e-07 -7.14204e-09)
(-10 -2.11334e-07 -8.17704e-09)
(-10 -3.04188e-07 -7.99445e-09)
(-10 -3.90184e-07 -7.67509e-09)
(-10 -4.72101e-07 -7.21554e-09)
(-10 -5.51803e-07 -5.82249e-09)
(-10 -6.3016e-07 -6.60295e-09)
(-10 -7.05908e-07 -5.59388e-09)
(-10 -7.81574e-07 -7.40197e-09)
(-10 -8.52898e-07 -5.32099e-09)
(-10 -9.24922e-07 -7.64312e-09)
(-10 -9.89028e-07 -4.32047e-09)
(-10 -1.05473e-06 -5.91965e-09)
(-10 -1.11045e-06 -3.20234e-09)
(-10 -1.16317e-06 -6.23474e-09)
(-10 -1.20837e-06 -1.24917e-09)
(-10 -1.25025e-06 -5.22786e-10)
(-10 -1.29219e-06 4.83953e-09)
(-10 -1.33861e-06 5.19958e-09)
(-10 -1.39077e-06 7.20311e-09)
(-10 -1.43138e-06 -2.70817e-09)
(-10 -1.43806e-06 -6.63644e-09)
(-10 -1.46768e-06 -1.92254e-08)
(-10 -1.50493e-06 -4.31598e-09)
(-10 -3.51779e-08 1.18569e-08)
(-10 -1.26538e-07 8.91938e-09)
(-10 -2.09877e-07 6.78651e-09)
(-10 -3.01492e-07 7.58043e-09)
(-10 -3.87209e-07 5.88208e-09)
(-10 -4.68317e-07 6.2979e-09)
(-10 -5.48145e-07 4.76986e-09)
(-10 -6.25459e-07 4.22529e-09)
(-10 -7.00578e-07 5.09537e-09)
(-10 -7.76978e-07 4.54998e-10)
(-10 -8.46918e-07 2.26791e-09)
(-10 -9.1926e-07 -2.12375e-09)
(-10 -9.83515e-07 2.35206e-10)
(-10 -1.04872e-06 -2.9208e-09)
(-10 -1.10304e-06 -1.52611e-09)
(-10 -1.15725e-06 -8.38379e-10)
(-10 -1.2015e-06 2.54338e-09)
(-10 -1.24225e-06 7.03393e-09)
(-10 -1.28469e-06 1.31718e-08)
(-10 -1.32865e-06 1.75357e-08)
(-10 -1.38693e-06 1.79267e-08)
(-10 -1.41434e-06 1.04267e-08)
(-10 -1.42122e-06 7.58162e-09)
(-10 -1.46126e-06 1.60792e-09)
(-10 -1.50251e-06 2.36982e-08)
(-10 -2.3245e-08 1.6833e-08)
(-10 -9.57153e-08 1.52999e-08)
(-10 -1.58083e-07 1.40691e-08)
(-10 -2.29099e-07 1.43183e-08)
(-10 -2.95651e-07 1.28004e-08)
(-10 -3.58612e-07 1.22758e-08)
(-10 -4.22302e-07 1.05926e-08)
(-10 -4.83548e-07 9.40711e-09)
(-10 -5.45685e-07 7.62018e-09)
(-10 -6.0699e-07 5.91451e-09)
(-10 -6.68642e-07 4.46054e-09)
(-10 -7.29361e-07 2.4068e-09)
(-10 -7.88178e-07 1.34364e-09)
(-10 -8.45693e-07 -1.8286e-10)
(-10 -8.96712e-07 1.20506e-10)
(-10 -9.4465e-07 3.47221e-10)
(-10 -9.83682e-07 2.99898e-09)
(-10 -1.01673e-06 7.05003e-09)
(-10 -1.04569e-06 1.2565e-08)
(-10 -1.07721e-06 1.68787e-08)
(-10 -1.126e-06 1.90731e-08)
(-10 -1.13104e-06 1.44337e-08)
(-10 -1.15654e-06 1.82844e-08)
(-10 -1.14491e-06 1.4845e-08)
(-10 -1.14372e-06 4.59667e-08)
)
;
    }
    procBoundary1to4
    {
        type            processor;
        value           nonuniform List<vector> 
82
(
(-10 -1.56579e-06 2.73191e-08)
(-10 7.2732e-07 -8.92858e-09)
(-10 6.93805e-07 1.02896e-08)
(-10 6.38493e-07 -7.36818e-10)
(-10 5.63708e-07 -4.74543e-08)
(-10 4.66418e-07 -3.60017e-08)
(-10 3.37558e-07 -3.33871e-08)
(-10 1.71363e-07 -5.24724e-08)
(-10 -3.46417e-08 -5.6579e-08)
(-10 -2.85034e-07 -3.55722e-08)
(-10 -5.86384e-07 -7.75522e-09)
(-10 -9.4621e-07 -5.33562e-10)
(-10 -1.39227e-06 2.15982e-08)
(-10 -1.21469e-06 1.28856e-08)
(-10 -1.78624e-06 7.36371e-09)
(-10 -1.56579e-06 2.73191e-08)
(-10 -1.57153e-06 2.55421e-08)
(-10 -1.56579e-06 2.73191e-08)
(-10 7.67779e-07 2.04187e-08)
(-10 7.25025e-07 4.25614e-08)
(-10 6.61224e-07 3.10607e-08)
(-10 5.84974e-07 -2.50447e-09)
(-10 4.98299e-07 -1.27472e-08)
(-10 3.72139e-07 -3.20466e-08)
(-10 2.10753e-07 -7.04736e-08)
(-10 1.92305e-08 -5.1031e-08)
(-10 -2.33961e-07 -1.20005e-08)
(-10 -5.2568e-07 -4.99266e-09)
(-10 -8.85887e-07 3.1461e-08)
(-10 -1.36461e-06 6.88444e-08)
(-10 -1.05791e-06 4.59774e-08)
(-10 -1.71518e-06 4.72887e-08)
(-10 -1.54549e-06 4.04417e-08)
(-10 -1.54739e-06 1.70607e-08)
(-10 7.83301e-07 3.73331e-08)
(-10 7.42088e-07 3.11912e-08)
(-10 6.77266e-07 3.41794e-08)
(-10 6.05607e-07 2.34343e-08)
(-10 4.99035e-07 5.92531e-09)
(-10 3.74404e-07 -4.16345e-08)
(-10 2.17562e-07 -5.75271e-08)
(-10 1.35355e-08 -5.34677e-08)
(-10 -2.32738e-07 -3.89027e-08)
(-10 -5.41475e-07 -1.5511e-08)
(-10 -8.88603e-07 1.85839e-08)
(-10 -1.36327e-06 4.08462e-08)
(-10 -1.06307e-06 2.46491e-08)
(-10 -1.69792e-06 5.06822e-08)
(-10 -1.54197e-06 4.33322e-08)
(-10 -1.54557e-06 2.18201e-08)
(-10 7.58079e-07 5.24474e-08)
(-10 7.6065e-07 5.11444e-08)
(-10 6.81238e-07 4.75877e-08)
(-10 6.09775e-07 4.18133e-08)
(-10 5.18441e-07 3.40113e-08)
(-10 4.02068e-07 2.19549e-08)
(-10 2.33779e-07 2.01454e-08)
(-10 2.1464e-08 2.30897e-08)
(-10 -2.28324e-07 3.3443e-09)
(-10 -5.24175e-07 2.30186e-08)
(-10 -8.77185e-07 3.56258e-08)
(-10 -1.35917e-06 3.00842e-08)
(-10 -1.05479e-06 3.1748e-08)
(-10 -1.65057e-06 6.75996e-08)
(-10 -1.53697e-06 5.19689e-08)
(-10 -1.52558e-06 3.61894e-08)
(-10 1.07483e-06 2.99219e-08)
(-10 1.06039e-06 3.64342e-08)
(-10 1.00562e-06 4.05894e-08)
(-10 9.49157e-07 3.81667e-08)
(-10 8.74353e-07 3.61504e-08)
(-10 7.70215e-07 3.26244e-08)
(-10 6.30355e-07 3.32073e-08)
(-10 4.55867e-07 3.47677e-08)
(-10 2.28786e-07 4.34047e-08)
(-10 -5.0128e-08 4.32703e-08)
(-10 -3.91019e-07 4.4441e-08)
(-10 -8.42637e-07 3.80956e-08)
(-10 -6.07555e-07 4.09159e-08)
(-10 -1.25641e-06 5.20113e-08)
(-10 -1.09457e-06 4.20049e-08)
(-10 -1.08734e-06 4.4878e-08)
)
;
    }
}


// ************************************************************************* //
