/*--------------------------------*- C++ -*----------------------------------*\
  =========                 |
  \\      /  F ield         | OpenFOAM: The Open Source CFD Toolbox
   \\    /   O peration     | Website:  https://openfoam.org
    \\  /    A nd           | Version:  10
     \\/     M anipulation  |
\*---------------------------------------------------------------------------*/
FoamFile
{
    format      ascii;
    class       volScalarField;
    location    "10";
    object      k;
}
// * * * * * * * * * * * * * * * * * * * * * * * * * * * * * * * * * * * * * //

dimensions      [0 2 -2 0 0 0 0];

internalField   nonuniform List<scalar> 
2083
(
0.233769
0.233768
0.233768
0.233768
0.233768
0.233768
0.233768
0.233768
0.233768
0.233768
0.233768
0.233768
0.233768
0.233768
0.233768
0.233769
0.233769
0.233782
0.233781
0.233781
0.233781
0.233781
0.233781
0.233781
0.233781
0.233781
0.233781
0.233781
0.233781
0.233781
0.233781
0.233781
0.233782
0.233782
0.233782
0.233781
0.233781
0.233781
0.233781
0.233781
0.233781
0.233781
0.233781
0.233781
0.233781
0.233781
0.233781
0.233781
0.233781
0.233782
0.233782
0.233782
0.233781
0.233781
0.233781
0.233781
0.233781
0.233781
0.233781
0.233781
0.233781
0.233781
0.233781
0.233781
0.233781
0.233781
0.233782
0.233782
0.233782
0.233781
0.233781
0.233781
0.233781
0.233781
0.233781
0.233781
0.233781
0.233781
0.233781
0.233781
0.233781
0.233781
0.233781
0.233782
0.233782
0.233782
0.233781
0.233781
0.233781
0.233781
0.233781
0.233781
0.233781
0.233781
0.233781
0.233781
0.233781
0.233781
0.233781
0.233781
0.233782
0.233782
0.233782
0.233781
0.233781
0.233781
0.233781
0.233781
0.233781
0.233781
0.233781
0.233781
0.233781
0.233781
0.233781
0.233781
0.233781
0.233782
0.233782
0.233782
0.233781
0.233781
0.233781
0.233781
0.233781
0.233781
0.233781
0.233781
0.233781
0.233781
0.233781
0.233781
0.233781
0.233781
0.233782
0.233782
0.233782
0.233781
0.233781
0.233781
0.233781
0.233781
0.233781
0.233781
0.233781
0.233781
0.233781
0.233781
0.233781
0.233781
0.233781
0.233782
0.233782
0.233782
0.233781
0.233781
0.233781
0.233781
0.233781
0.233781
0.233781
0.233781
0.233781
0.233781
0.233781
0.233781
0.233781
0.233781
0.233782
0.233782
0.233782
0.233781
0.233781
0.233781
0.233781
0.233781
0.233781
0.233781
0.233781
0.233781
0.233781
0.233781
0.233781
0.233781
0.233781
0.233782
0.233782
0.233782
0.233781
0.233781
0.233781
0.233781
0.233781
0.233781
0.233781
0.233781
0.233781
0.233781
0.233781
0.233781
0.233781
0.233781
0.233782
0.233782
0.233782
0.233781
0.233781
0.233781
0.233781
0.233781
0.233781
0.233781
0.233781
0.233781
0.233781
0.233781
0.233781
0.233781
0.233781
0.233782
0.233782
0.233782
0.233781
0.233781
0.233781
0.233781
0.233781
0.233781
0.233781
0.233781
0.233781
0.233781
0.233781
0.233781
0.233781
0.233781
0.233782
0.233782
0.233782
0.233781
0.233781
0.233781
0.233781
0.233781
0.233781
0.233781
0.233781
0.233781
0.233781
0.233781
0.233781
0.233781
0.233782
0.233782
0.233782
0.233781
0.233781
0.233781
0.233781
0.233781
0.233781
0.233781
0.233781
0.233781
0.233781
0.233781
0.233781
0.233781
0.233782
0.233782
0.233782
0.233781
0.233781
0.233781
0.233781
0.233781
0.233781
0.233781
0.233781
0.233781
0.233781
0.233781
0.233781
0.233781
0.233782
0.233782
0.233782
0.233781
0.233781
0.233781
0.233781
0.233781
0.233781
0.233781
0.233781
0.233781
0.233781
0.233781
0.233781
0.233781
0.233782
0.233782
0.233782
0.233781
0.233781
0.233781
0.233781
0.233781
0.233781
0.233781
0.233781
0.233781
0.233781
0.233781
0.233781
0.233781
0.233782
0.233782
0.233782
0.233781
0.233781
0.233781
0.233781
0.233781
0.233781
0.233781
0.233781
0.233781
0.233781
0.233781
0.233781
0.233781
0.233782
0.233782
0.233782
0.233781
0.233781
0.233781
0.233781
0.233781
0.233781
0.233781
0.233781
0.233781
0.233781
0.233781
0.233781
0.233781
0.233782
0.233782
0.233782
0.233781
0.233781
0.233781
0.233781
0.233781
0.233781
0.233781
0.233781
0.233781
0.233781
0.233781
0.233781
0.233781
0.233782
0.233782
0.233782
0.233781
0.233781
0.233781
0.233781
0.233781
0.233781
0.233781
0.233781
0.233781
0.233781
0.233781
0.233781
0.233781
0.233782
0.233782
0.233782
0.233781
0.233781
0.233781
0.233781
0.233781
0.233781
0.233781
0.233781
0.233781
0.233781
0.233781
0.233781
0.233781
0.233782
0.233782
0.233782
0.233781
0.233781
0.233781
0.233781
0.233781
0.233781
0.233781
0.233781
0.233781
0.233781
0.233781
0.233781
0.233783
0.233785
0.228455
0.228453
0.228453
0.228453
0.228453
0.228453
0.228453
0.228453
0.228453
0.228453
0.228453
0.228453
0.228453
0.228453
0.228453
0.228455
0.228455
0.228482
0.22848
0.22848
0.22848
0.22848
0.22848
0.22848
0.22848
0.22848
0.22848
0.22848
0.22848
0.22848
0.22848
0.22848
0.228482
0.228482
0.228482
0.22848
0.22848
0.22848
0.22848
0.22848
0.22848
0.22848
0.22848
0.22848
0.22848
0.22848
0.22848
0.22848
0.22848
0.228482
0.228482
0.228482
0.22848
0.22848
0.22848
0.22848
0.22848
0.22848
0.22848
0.22848
0.22848
0.22848
0.22848
0.22848
0.22848
0.22848
0.228482
0.228482
0.228482
0.22848
0.22848
0.22848
0.22848
0.22848
0.22848
0.22848
0.22848
0.22848
0.22848
0.22848
0.22848
0.22848
0.22848
0.228482
0.228482
0.228482
0.22848
0.22848
0.22848
0.22848
0.22848
0.22848
0.22848
0.22848
0.22848
0.22848
0.22848
0.22848
0.22848
0.22848
0.228482
0.228482
0.228482
0.22848
0.22848
0.22848
0.22848
0.22848
0.22848
0.22848
0.22848
0.22848
0.22848
0.22848
0.22848
0.22848
0.22848
0.228482
0.228482
0.228482
0.22848
0.22848
0.22848
0.22848
0.22848
0.22848
0.22848
0.22848
0.22848
0.22848
0.22848
0.22848
0.22848
0.22848
0.228482
0.228482
0.228482
0.22848
0.22848
0.22848
0.22848
0.22848
0.22848
0.22848
0.22848
0.22848
0.22848
0.22848
0.22848
0.22848
0.22848
0.228482
0.228482
0.228482
0.22848
0.22848
0.22848
0.22848
0.22848
0.22848
0.22848
0.22848
0.22848
0.22848
0.22848
0.22848
0.22848
0.22848
0.228482
0.228482
0.228482
0.22848
0.22848
0.22848
0.22848
0.22848
0.22848
0.22848
0.22848
0.22848
0.22848
0.22848
0.22848
0.22848
0.22848
0.228482
0.228482
0.228482
0.22848
0.22848
0.22848
0.22848
0.22848
0.22848
0.22848
0.22848
0.22848
0.22848
0.22848
0.22848
0.22848
0.22848
0.228482
0.228482
0.228482
0.22848
0.22848
0.22848
0.22848
0.22848
0.22848
0.22848
0.22848
0.22848
0.22848
0.22848
0.22848
0.22848
0.22848
0.228482
0.228482
0.228482
0.22848
0.22848
0.22848
0.22848
0.22848
0.22848
0.22848
0.22848
0.22848
0.22848
0.22848
0.22848
0.22848
0.22848
0.228482
0.228482
0.228483
0.22848
0.22848
0.22848
0.22848
0.22848
0.22848
0.22848
0.22848
0.22848
0.22848
0.22848
0.22848
0.22848
0.22848
0.228482
0.228482
0.228483
0.22848
0.22848
0.22848
0.22848
0.22848
0.22848
0.22848
0.22848
0.22848
0.22848
0.22848
0.22848
0.22848
0.22848
0.228482
0.228482
0.228482
0.22848
0.22848
0.22848
0.22848
0.22848
0.22848
0.22848
0.22848
0.22848
0.22848
0.22848
0.22848
0.22848
0.228482
0.228482
0.228482
0.22848
0.22848
0.22848
0.22848
0.22848
0.22848
0.22848
0.22848
0.22848
0.22848
0.22848
0.22848
0.22848
0.228482
0.228482
0.228482
0.22848
0.22848
0.22848
0.22848
0.22848
0.22848
0.22848
0.22848
0.22848
0.22848
0.22848
0.22848
0.22848
0.228482
0.228482
0.228482
0.22848
0.22848
0.22848
0.22848
0.22848
0.22848
0.22848
0.22848
0.22848
0.22848
0.22848
0.22848
0.22848
0.228482
0.228482
0.228482
0.22848
0.22848
0.22848
0.22848
0.22848
0.22848
0.22848
0.22848
0.22848
0.22848
0.22848
0.22848
0.22848
0.228482
0.228482
0.228482
0.22848
0.22848
0.22848
0.22848
0.22848
0.22848
0.22848
0.22848
0.22848
0.22848
0.22848
0.22848
0.22848
0.228482
0.228482
0.228482
0.22848
0.22848
0.22848
0.22848
0.22848
0.22848
0.22848
0.22848
0.22848
0.22848
0.22848
0.22848
0.22848
0.228482
0.228482
0.228482
0.22848
0.22848
0.22848
0.22848
0.22848
0.22848
0.22848
0.22848
0.22848
0.22848
0.22848
0.22848
0.22848
0.228482
0.228482
0.228482
0.22848
0.22848
0.22848
0.22848
0.22848
0.22848
0.22848
0.22848
0.22848
0.22848
0.22848
0.22848
0.22848
0.228483
0.228483
0.228444
0.228442
0.228442
0.228442
0.228442
0.228442
0.228442
0.228442
0.228442
0.228442
0.228442
0.228442
0.228442
0.228442
0.228442
0.228444
0.228444
0.228471
0.228469
0.228469
0.228469
0.228469
0.228469
0.228469
0.228469
0.228469
0.228469
0.228469
0.228469
0.228469
0.228469
0.228469
0.228471
0.228471
0.228471
0.228469
0.228469
0.228469
0.228469
0.228469
0.228469
0.228469
0.228469
0.228469
0.228469
0.228469
0.228469
0.228469
0.228469
0.228471
0.228471
0.228471
0.228469
0.228469
0.228469
0.228469
0.228469
0.228469
0.228469
0.228469
0.228469
0.228469
0.228469
0.228469
0.228469
0.228469
0.228471
0.228471
0.228471
0.228469
0.228469
0.228469
0.228469
0.228469
0.228469
0.228469
0.228469
0.228469
0.228469
0.228469
0.228469
0.228469
0.228469
0.228471
0.228471
0.228471
0.228469
0.228469
0.228469
0.228469
0.228469
0.228469
0.228469
0.228469
0.228469
0.228469
0.228469
0.228469
0.228469
0.228469
0.228471
0.228471
0.228471
0.228469
0.228469
0.228469
0.228469
0.228469
0.228469
0.228469
0.228469
0.228469
0.228469
0.228469
0.228469
0.228469
0.228469
0.228471
0.228471
0.228471
0.228469
0.228469
0.228469
0.228469
0.228469
0.228469
0.228469
0.228469
0.228469
0.228469
0.228469
0.228469
0.228469
0.228469
0.228471
0.228471
0.228471
0.228469
0.228469
0.228469
0.228469
0.228469
0.228469
0.228469
0.228469
0.228469
0.228469
0.228469
0.228469
0.228469
0.228469
0.228471
0.228471
0.228471
0.228469
0.228469
0.228469
0.228469
0.228469
0.228469
0.228469
0.228469
0.228469
0.228469
0.228469
0.228469
0.228469
0.228469
0.228471
0.228471
0.228471
0.228469
0.228469
0.228469
0.228469
0.228469
0.228469
0.228469
0.228469
0.228469
0.228469
0.228469
0.228469
0.228469
0.228469
0.228471
0.228471
0.228471
0.228469
0.228469
0.228469
0.228469
0.228469
0.228469
0.228469
0.228469
0.228469
0.228469
0.228469
0.228469
0.228469
0.228469
0.228471
0.228471
0.228471
0.228469
0.228469
0.228469
0.228469
0.228469
0.228469
0.228469
0.228469
0.228469
0.228469
0.228469
0.228469
0.228469
0.228469
0.228471
0.228471
0.228471
0.228469
0.228469
0.228469
0.228469
0.228469
0.228469
0.228469
0.228469
0.228469
0.228469
0.228469
0.228469
0.228469
0.228469
0.228471
0.228471
0.228471
0.228469
0.228469
0.228469
0.228469
0.228469
0.228469
0.228469
0.228469
0.228469
0.228469
0.228469
0.228469
0.228469
0.228469
0.228471
0.228471
0.228471
0.228469
0.228469
0.228469
0.228469
0.228469
0.228469
0.228469
0.228469
0.228469
0.228469
0.228469
0.228469
0.228469
0.228469
0.228471
0.228471
0.228473
0.228469
0.228469
0.228469
0.228469
0.228469
0.228469
0.228469
0.228469
0.228469
0.228469
0.228469
0.228469
0.228469
0.228469
0.228471
0.228471
0.228471
0.228469
0.228469
0.228469
0.228469
0.228469
0.228469
0.228469
0.228469
0.228469
0.228469
0.228469
0.228469
0.228469
0.228471
0.228471
0.228471
0.228469
0.228469
0.228469
0.228469
0.228469
0.228469
0.228469
0.228469
0.228469
0.228469
0.228469
0.228469
0.228469
0.228471
0.228471
0.228471
0.228469
0.228469
0.228469
0.228469
0.228469
0.228469
0.228469
0.228469
0.228469
0.228469
0.228469
0.228469
0.228469
0.228471
0.228471
0.228471
0.228469
0.228469
0.228469
0.228469
0.228469
0.228469
0.228469
0.228469
0.228469
0.228469
0.228469
0.228469
0.228469
0.228471
0.228471
0.228471
0.228469
0.228469
0.228469
0.228469
0.228469
0.228469
0.228469
0.228469
0.228469
0.228469
0.228469
0.228469
0.228469
0.228471
0.228471
0.228471
0.228469
0.228469
0.228469
0.228469
0.228469
0.228469
0.228469
0.228469
0.228469
0.228469
0.228469
0.228469
0.228469
0.228471
0.228471
0.228471
0.228469
0.228469
0.228469
0.228469
0.228469
0.228469
0.228469
0.228469
0.228469
0.228469
0.228469
0.228469
0.228469
0.228471
0.228471
0.228471
0.228469
0.228469
0.228469
0.228469
0.228469
0.228469
0.228469
0.228469
0.228469
0.228469
0.228469
0.228469
0.228469
0.228471
0.228471
0.228441
0.228439
0.228439
0.228439
0.228439
0.228439
0.228439
0.228439
0.228439
0.228439
0.228439
0.228439
0.228439
0.228439
0.228439
0.228441
0.228441
0.228468
0.228466
0.228466
0.228466
0.228466
0.228466
0.228466
0.228466
0.228466
0.228466
0.228466
0.228466
0.228466
0.228466
0.228466
0.228468
0.228468
0.228468
0.228466
0.228466
0.228466
0.228466
0.228466
0.228466
0.228466
0.228466
0.228466
0.228466
0.228466
0.228466
0.228466
0.228466
0.228468
0.228468
0.228468
0.228466
0.228466
0.228466
0.228466
0.228466
0.228466
0.228466
0.228466
0.228466
0.228466
0.228466
0.228466
0.228466
0.228466
0.228468
0.228468
0.228468
0.228466
0.228466
0.228466
0.228466
0.228466
0.228466
0.228466
0.228466
0.228466
0.228466
0.228466
0.228466
0.228466
0.228466
0.228468
0.228468
0.228468
0.228466
0.228466
0.228466
0.228466
0.228466
0.228466
0.228466
0.228466
0.228466
0.228466
0.228466
0.228466
0.228466
0.228466
0.228468
0.228468
0.228468
0.228466
0.228466
0.228466
0.228466
0.228466
0.228466
0.228466
0.228466
0.228466
0.228466
0.228466
0.228466
0.228466
0.228466
0.228468
0.228468
0.228468
0.228466
0.228466
0.228466
0.228466
0.228466
0.228466
0.228466
0.228466
0.228466
0.228466
0.228466
0.228466
0.228466
0.228466
0.228468
0.228468
0.228468
0.228466
0.228466
0.228466
0.228466
0.228466
0.228466
0.228466
0.228466
0.228466
0.228466
0.228466
0.228466
0.228466
0.228466
0.228468
0.228468
0.228468
0.228466
0.228466
0.228466
0.228466
0.228466
0.228466
0.228466
0.228466
0.228466
0.228466
0.228466
0.228466
0.228466
0.228466
0.228468
0.228468
0.228468
0.228466
0.228466
0.228466
0.228466
0.228466
0.228466
0.228466
0.228466
0.228466
0.228466
0.228466
0.228466
0.228466
0.228466
0.228468
0.228468
0.228468
0.228466
0.228466
0.228466
0.228466
0.228466
0.228466
0.228466
0.228466
0.228466
0.228466
0.228466
0.228466
0.228466
0.228466
0.228468
0.228468
0.228468
0.228466
0.228466
0.228466
0.228466
0.228466
0.228466
0.228466
0.228466
0.228466
0.228466
0.228466
0.228466
0.228466
0.228466
0.228468
0.228468
0.228468
0.228466
0.228466
0.228466
0.228466
0.228466
0.228466
0.228466
0.228466
0.228466
0.228466
0.228466
0.228466
0.228466
0.228466
0.228468
0.228468
0.228468
0.228466
0.228466
0.228466
0.228466
0.228466
0.228466
0.228466
0.228466
0.228466
0.228466
0.228466
0.228466
0.228466
0.228466
0.228468
0.228468
0.228468
0.228466
0.228466
0.228466
0.228466
0.228466
0.228466
0.228466
0.228466
0.228466
0.228466
0.228466
0.228466
0.228466
0.228466
0.228468
0.228468
0.228468
0.228466
0.228466
0.228466
0.228466
0.228466
0.228466
0.228466
0.228466
0.228466
0.228466
0.228466
0.228466
0.228466
0.228466
0.228468
0.228468
0.22847
0.228466
0.228466
0.228466
0.228466
0.228466
0.228466
0.228466
0.228466
0.228466
0.228466
0.228466
0.228466
0.228466
0.228466
0.228468
0.228468
0.228468
0.228466
0.228466
0.228466
0.228466
0.228466
0.228466
0.228466
0.228466
0.228466
0.228466
0.228466
0.228466
0.228466
0.228468
0.228468
0.228468
0.228466
0.228466
0.228466
0.228466
0.228466
0.228466
0.228466
0.228466
0.228466
0.228466
0.228466
0.228466
0.228466
0.228468
0.228468
0.228468
0.228466
0.228466
0.228466
0.228466
0.228466
0.228466
0.228466
0.228466
0.228466
0.228466
0.228466
0.228466
0.228466
0.228468
0.228468
0.228468
0.228466
0.228466
0.228466
0.228466
0.228466
0.228466
0.228466
0.228466
0.228466
0.228466
0.228466
0.228466
0.228466
0.228468
0.228468
0.228468
0.228466
0.228466
0.228466
0.228466
0.228466
0.228466
0.228466
0.228466
0.228466
0.228466
0.228466
0.228466
0.228466
0.228468
0.228468
0.228468
0.228466
0.228466
0.228466
0.228466
0.228466
0.228466
0.228466
0.228466
0.228466
0.228466
0.228466
0.228466
0.228466
0.228468
0.228468
0.228468
0.228466
0.228466
0.228466
0.228466
0.228466
0.228466
0.228466
0.228466
0.228466
0.228466
0.228466
0.228466
0.228466
0.228468
0.228468
0.228365
0.228363
0.228363
0.228363
0.228363
0.228363
0.228363
0.228363
0.228363
0.228363
0.228363
0.228363
0.228363
0.228363
0.228363
0.228365
0.228365
0.228388
0.228386
0.228386
0.228386
0.228386
0.228386
0.228386
0.228386
0.228386
0.228386
0.228386
0.228386
0.228386
0.228386
0.228386
0.228388
0.228388
0.228388
0.228386
0.228386
0.228386
0.228386
0.228386
0.228386
0.228386
0.228386
0.228386
0.228386
0.228386
0.228386
0.228386
0.228386
0.228388
0.228388
0.228388
0.228386
0.228386
0.228386
0.228386
0.228386
0.228386
0.228386
0.228386
0.228386
0.228386
0.228386
0.228386
0.228386
0.228386
0.228388
0.228388
0.228388
0.228386
0.228386
0.228386
0.228386
0.228386
0.228386
0.228386
0.228386
0.228386
0.228386
0.228386
0.228386
0.228386
0.228386
0.228388
0.228388
0.228388
0.228386
0.228386
0.228386
0.228386
0.228386
0.228386
0.228386
0.228386
0.228386
0.228386
0.228386
0.228386
0.228386
0.228386
0.228388
0.228388
0.228388
0.228386
0.228386
0.228386
0.228386
0.228386
0.228386
0.228386
0.228386
0.228386
0.228386
0.228386
0.228386
0.228386
0.228386
0.228388
0.228388
0.228388
0.228386
0.228386
0.228386
0.228386
0.228386
0.228386
0.228386
0.228386
0.228386
0.228386
0.228386
0.228386
0.228386
0.228386
0.228388
0.228388
0.228388
0.228386
0.228386
0.228386
0.228386
0.228386
0.228386
0.228386
0.228386
0.228386
0.228386
0.228386
0.228386
0.228386
0.228386
0.228388
0.228388
0.228388
0.228386
0.228386
0.228386
0.228386
0.228386
0.228386
0.228386
0.228386
0.228386
0.228386
0.228386
0.228386
0.228386
0.228386
0.228388
0.228388
0.228388
0.228386
0.228386
0.228386
0.228386
0.228386
0.228386
0.228386
0.228386
0.228386
0.228386
0.228386
0.228386
0.228386
0.228386
0.228388
0.228388
0.228388
0.228386
0.228386
0.228386
0.228386
0.228386
0.228386
0.228386
0.228386
0.228386
0.228386
0.228386
0.228386
0.228386
0.228386
0.228388
0.228388
0.228388
0.228386
0.228386
0.228386
0.228386
0.228386
0.228386
0.228386
0.228386
0.228386
0.228386
0.228386
0.228386
0.228386
0.228386
0.228388
0.228388
0.228388
0.228386
0.228386
0.228386
0.228386
0.228386
0.228386
0.228386
0.228386
0.228386
0.228386
0.228386
0.228386
0.228386
0.228386
0.228388
0.228388
0.228388
0.228386
0.228386
0.228386
0.228386
0.228386
0.228386
0.228386
0.228386
0.228386
0.228386
0.228386
0.228386
0.228386
0.228386
0.228388
0.228388
0.228388
0.228386
0.228386
0.228386
0.228386
0.228386
0.228386
0.228386
0.228386
0.228386
0.228386
0.228386
0.228386
0.228386
0.228386
0.228388
0.228388
0.228388
0.228386
0.228386
0.228386
0.228386
0.228386
0.228386
0.228386
0.228386
0.228386
0.228386
0.228386
0.228386
0.228386
0.228386
0.228388
0.228388
0.228388
0.228386
0.228386
0.228386
0.228386
0.228386
0.228386
0.228386
0.228386
0.228386
0.228386
0.228386
0.228386
0.228386
0.228386
0.228388
0.228388
0.228389
0.228386
0.228386
0.228386
0.228386
0.228386
0.228386
0.228386
0.228386
0.228386
0.228386
0.228386
0.228386
0.228386
0.228386
0.228388
0.228388
0.228388
0.228386
0.228386
0.228386
0.228386
0.228386
0.228386
0.228386
0.228386
0.228386
0.228386
0.228386
0.228386
0.228386
0.228388
0.228388
0.228388
0.228386
0.228386
0.228386
0.228386
0.228386
0.228386
0.228386
0.228386
0.228386
0.228386
0.228386
0.228386
0.228386
0.228388
0.228388
0.228388
0.228386
0.228386
0.228386
0.228386
0.228386
0.228386
0.228386
0.228386
0.228386
0.228386
0.228386
0.228386
0.228386
0.228388
0.228388
0.228388
0.228386
0.228386
0.228386
0.228386
0.228386
0.228386
0.228386
0.228386
0.228386
0.228386
0.228386
0.228386
0.228386
0.228388
0.228388
0.228388
0.228386
0.228386
0.228386
0.228386
0.228386
0.228386
0.228386
0.228386
0.228386
0.228386
0.228386
0.228386
0.228386
0.228388
0.228388
0.228388
0.228386
0.228386
0.228386
0.228386
0.228386
0.228386
0.228386
0.228386
0.228386
0.228386
0.228386
0.228386
0.228386
0.228388
0.228388
)
;

boundaryField
{
    frontAndBack
    {
        type            slip;
    }
    inlet
    {
        type            fixedValue;
        value           nonuniform List<scalar> 0();
    }
    outlet
    {
        type            inletOutlet;
        inletValue      nonuniform List<scalar> 0();
        value           nonuniform List<scalar> 0();
    }
    lowerWall
    {
        type            kqRWallFunction;
        value           nonuniform List<scalar> 
413
(
0.233769
0.233782
0.233782
0.233782
0.233782
0.233782
0.233782
0.233782
0.233782
0.233782
0.233782
0.233782
0.233782
0.233782
0.233768
0.233781
0.233781
0.233781
0.233781
0.233781
0.233781
0.233781
0.233781
0.233781
0.233781
0.233781
0.233781
0.233781
0.233782
0.233782
0.233782
0.233782
0.233782
0.233782
0.233782
0.233782
0.233782
0.233782
0.233782
0.233768
0.233781
0.233781
0.233781
0.233781
0.233781
0.233781
0.233781
0.233781
0.233781
0.233781
0.233781
0.233781
0.233781
0.233781
0.233781
0.233781
0.233781
0.233781
0.233781
0.233781
0.233781
0.233781
0.233781
0.233781
0.233768
0.233781
0.233781
0.233781
0.233781
0.233781
0.233781
0.233781
0.233781
0.233781
0.233781
0.233781
0.233781
0.233781
0.233781
0.233781
0.233781
0.233781
0.233781
0.233781
0.233781
0.233781
0.233781
0.233781
0.233781
0.233768
0.233781
0.233781
0.233781
0.233781
0.233781
0.233781
0.233781
0.233781
0.233781
0.233781
0.233781
0.233781
0.233781
0.233781
0.233781
0.233781
0.233781
0.233781
0.233781
0.233781
0.233781
0.233781
0.233781
0.233781
0.233768
0.233781
0.233781
0.233781
0.233781
0.233781
0.233781
0.233781
0.233781
0.233781
0.233781
0.233781
0.233781
0.233781
0.233781
0.233781
0.233781
0.233781
0.233781
0.233781
0.233781
0.233781
0.233781
0.233781
0.233781
0.233768
0.233781
0.233781
0.233781
0.233781
0.233781
0.233781
0.233781
0.233781
0.233781
0.233781
0.233781
0.233781
0.233781
0.233781
0.233781
0.233781
0.233781
0.233781
0.233781
0.233781
0.233781
0.233781
0.233781
0.233781
0.233768
0.233781
0.233781
0.233781
0.233781
0.233781
0.233781
0.233781
0.233781
0.233781
0.233781
0.233781
0.233781
0.233781
0.233781
0.233781
0.233781
0.233781
0.233781
0.233781
0.233781
0.233781
0.233781
0.233781
0.233781
0.233768
0.233781
0.233781
0.233781
0.233781
0.233781
0.233781
0.233781
0.233781
0.233781
0.233781
0.233781
0.233781
0.233781
0.233781
0.233781
0.233781
0.233781
0.233781
0.233781
0.233781
0.233781
0.233781
0.233781
0.233781
0.233768
0.233781
0.233781
0.233781
0.233781
0.233781
0.233781
0.233781
0.233781
0.233781
0.233781
0.233781
0.233781
0.233781
0.233781
0.233781
0.233781
0.233781
0.233781
0.233781
0.233781
0.233781
0.233781
0.233781
0.233781
0.233768
0.233781
0.233781
0.233781
0.233781
0.233781
0.233781
0.233781
0.233781
0.233781
0.233781
0.233781
0.233781
0.233781
0.233781
0.233781
0.233781
0.233781
0.233781
0.233781
0.233781
0.233781
0.233781
0.233781
0.233781
0.233768
0.233781
0.233781
0.233781
0.233781
0.233781
0.233781
0.233781
0.233781
0.233781
0.233781
0.233781
0.233781
0.233781
0.233781
0.233781
0.233781
0.233781
0.233781
0.233781
0.233781
0.233781
0.233781
0.233781
0.233781
0.233768
0.233781
0.233781
0.233781
0.233781
0.233781
0.233781
0.233781
0.233781
0.233781
0.233781
0.233781
0.233781
0.233781
0.233781
0.233781
0.233781
0.233781
0.233781
0.233781
0.233781
0.233781
0.233781
0.233781
0.233781
0.233768
0.233781
0.233781
0.233781
0.233781
0.233781
0.233781
0.233781
0.233781
0.233781
0.233781
0.233781
0.233781
0.233781
0.233781
0.233781
0.233781
0.233781
0.233781
0.233781
0.233781
0.233781
0.233781
0.233781
0.233781
0.233768
0.233781
0.233781
0.233781
0.233781
0.233781
0.233781
0.233781
0.233781
0.233781
0.233781
0.233781
0.233781
0.233781
0.233781
0.233781
0.233781
0.233781
0.233781
0.233781
0.233781
0.233781
0.233781
0.233781
0.233783
0.233769
0.233782
0.233782
0.233782
0.233782
0.233782
0.233782
0.233782
0.233782
0.233782
0.233782
0.233782
0.233782
0.233782
0.233782
0.233782
0.233782
0.233782
0.233782
0.233782
0.233782
0.233782
0.233782
0.233782
0.233785
0.233769
0.233782
0.233782
0.233782
0.233782
0.233782
0.233782
0.233782
0.233782
0.233782
0.233782
0.233782
0.233782
0.233782
0.233782
0.233782
0.233782
0.233782
0.233782
0.233782
0.233782
0.233782
0.233782
0.233782
)
;
    }
    upperWall
    {
        type            slip;
    }
    procBoundary1to0
    {
        type            processor;
        value           nonuniform List<scalar> 
135
(
0.233769
0.233782
0.233782
0.233782
0.233782
0.233782
0.233782
0.233782
0.233782
0.233782
0.233782
0.233782
0.233782
0.233782
0.233783
0.233783
0.233783
0.233782
0.233782
0.233782
0.233782
0.233782
0.233782
0.233782
0.233782
0.233782
0.233782
0.233782
0.228455
0.228482
0.228482
0.228482
0.228482
0.228482
0.228482
0.228482
0.228482
0.228482
0.228482
0.228482
0.228482
0.228482
0.228483
0.228483
0.228484
0.228484
0.228484
0.228482
0.228482
0.228482
0.228482
0.228482
0.228482
0.228482
0.228482
0.228444
0.228471
0.228471
0.228471
0.228471
0.228471
0.228471
0.228471
0.228471
0.228471
0.228471
0.228471
0.228471
0.228471
0.228471
0.228471
0.228473
0.228473
0.228473
0.228473
0.228471
0.228471
0.228471
0.228471
0.228471
0.228471
0.228471
0.228441
0.228468
0.228468
0.228468
0.228468
0.228468
0.228468
0.228468
0.228468
0.228468
0.228468
0.228468
0.228468
0.228468
0.228468
0.228468
0.228468
0.22847
0.22847
0.22847
0.22847
0.228468
0.228468
0.228468
0.228468
0.228468
0.228468
0.228365
0.228388
0.228388
0.228388
0.228388
0.228388
0.228388
0.228388
0.228388
0.228388
0.228388
0.228388
0.228388
0.228388
0.228388
0.228388
0.228388
0.228388
0.228389
0.22839
0.22839
0.228388
0.228388
0.228388
0.228388
0.228388
)
;
    }
    procBoundary1to2
    {
        type            processor;
        value           nonuniform List<scalar> 
124
(
0.233769
0.233782
0.233782
0.233782
0.233782
0.233782
0.233782
0.233782
0.233782
0.233782
0.233782
0.233782
0.233782
0.233782
0.233782
0.233782
0.233782
0.233782
0.233782
0.233782
0.233782
0.233782
0.233782
0.233782
0.228455
0.228482
0.228482
0.228482
0.228482
0.228482
0.228482
0.228482
0.228482
0.228482
0.228482
0.228482
0.228482
0.228482
0.228482
0.228482
0.228482
0.228482
0.228482
0.228482
0.228482
0.228482
0.228482
0.228482
0.228482
0.228444
0.228471
0.228471
0.228471
0.228471
0.228471
0.228471
0.228471
0.228471
0.228471
0.228471
0.228471
0.228471
0.228471
0.228471
0.228471
0.228471
0.228471
0.228471
0.228471
0.228471
0.228471
0.228471
0.228471
0.228471
0.228441
0.228468
0.228468
0.228468
0.228468
0.228468
0.228468
0.228468
0.228468
0.228468
0.228468
0.228468
0.228468
0.228468
0.228468
0.228468
0.228468
0.228468
0.228468
0.228468
0.228468
0.228468
0.228468
0.228468
0.228468
0.228365
0.228388
0.228388
0.228388
0.228388
0.228388
0.228388
0.228388
0.228388
0.228388
0.228388
0.228388
0.228388
0.228388
0.228388
0.228388
0.228388
0.228388
0.228388
0.228388
0.228388
0.228388
0.228388
0.228388
0.228388
)
;
    }
    procBoundary1to4
    {
        type            processor;
        value           nonuniform List<scalar> 
82
(
0.233785
0.233786
0.233785
0.233785
0.233785
0.233785
0.233785
0.233785
0.233785
0.233785
0.233785
0.233785
0.233785
0.233785
0.233783
0.233785
0.233785
0.233785
0.228489
0.228486
0.228486
0.228486
0.228486
0.228486
0.228486
0.228486
0.228486
0.228486
0.228486
0.228486
0.228486
0.228486
0.228489
0.228489
0.228478
0.228476
0.228476
0.228476
0.228476
0.228476
0.228476
0.228476
0.228476
0.228476
0.228476
0.228476
0.228476
0.228476
0.228478
0.228478
0.228475
0.228473
0.228473
0.228473
0.228473
0.228473
0.228473
0.228473
0.228473
0.228473
0.228473
0.228473
0.228472
0.228472
0.228475
0.228475
0.228394
0.228392
0.228392
0.228392
0.228392
0.228392
0.228392
0.228392
0.228392
0.228392
0.228392
0.228392
0.228392
0.228392
0.228394
0.228394
)
;
    }
}


// ************************************************************************* //
