/*--------------------------------*- C++ -*----------------------------------*\
  =========                 |
  \\      /  F ield         | OpenFOAM: The Open Source CFD Toolbox
   \\    /   O peration     | Website:  https://openfoam.org
    \\  /    A nd           | Version:  10
     \\/     M anipulation  |
\*---------------------------------------------------------------------------*/
FoamFile
{
    format      ascii;
    class       volScalarField;
    location    "10";
    object      omega;
}
// * * * * * * * * * * * * * * * * * * * * * * * * * * * * * * * * * * * * * //

dimensions      [0 0 -1 0 0 0 0];

internalField   nonuniform List<scalar> 
2083
(
0.872612
0.872612
0.872612
0.872612
0.872612
0.872612
0.872612
0.872612
0.872612
0.872612
0.872612
0.872612
0.872612
0.872612
0.872612
0.872612
0.872612
0.872612
0.872612
0.872612
0.872612
0.872612
0.872612
0.872612
0.872612
0.872612
0.872612
0.872612
0.872612
0.872612
0.872612
0.872612
0.872612
0.872612
0.872612
0.872612
0.872612
0.872612
0.872612
0.872612
0.872612
0.872612
0.872612
0.872612
0.872612
0.872612
0.872612
0.872612
0.872612
0.872612
0.872612
0.872612
0.872612
0.872612
0.872612
0.872612
0.872612
0.872612
0.872612
0.872612
0.872612
0.872612
0.872612
0.872612
0.872612
0.872612
0.872612
0.872612
0.872612
0.872612
0.872612
0.872612
0.872612
0.872612
0.872612
0.872612
0.872612
0.872612
0.872612
0.872612
0.872612
0.872612
0.872612
0.872612
0.872612
0.872612
0.872612
0.872612
0.872612
0.872612
0.872612
0.872612
0.872612
0.872612
0.872612
0.872612
0.872612
0.872612
0.872612
0.872612
0.872612
0.872612
0.872612
0.872612
0.872612
0.872612
0.872612
0.872612
0.872612
0.872612
0.872612
0.872612
0.872612
0.872612
0.872612
0.872612
0.872612
0.872612
0.872612
0.872612
0.872612
0.872612
0.872612
0.872612
0.872612
0.872612
0.872612
0.872612
0.872612
0.872612
0.872612
0.872612
0.872612
0.872612
0.872612
0.872612
0.872612
0.872612
0.872612
0.872612
0.872612
0.872612
0.872612
0.872612
0.872612
0.872612
0.872612
0.872612
0.872612
0.872612
0.872612
0.872612
0.872612
0.872612
0.872612
0.872612
0.872612
0.872612
0.872612
0.872612
0.872612
0.872612
0.872612
0.872612
0.872612
0.872612
0.872612
0.872612
0.872612
0.872612
0.872612
0.872612
0.872612
0.872612
0.872612
0.872612
0.872612
0.872612
0.872612
0.872612
0.872612
0.872612
0.872612
0.872612
0.872612
0.872612
0.872612
0.872612
0.872612
0.872612
0.872612
0.872612
0.872612
0.872612
0.872612
0.872612
0.872612
0.872612
0.872612
0.872612
0.872612
0.872612
0.872612
0.872612
0.872612
0.872612
0.872612
0.872612
0.872612
0.872612
0.872612
0.872612
0.872612
0.872612
0.872612
0.872612
0.872612
0.872612
0.872612
0.872612
0.872612
0.872612
0.872612
0.872612
0.872612
0.872612
0.872612
0.872612
0.872612
0.872612
0.872612
0.872612
0.872612
0.872612
0.872612
0.872612
0.872612
0.872612
0.872612
0.872612
0.872612
0.872612
0.872612
0.872612
0.872612
0.872612
0.872612
0.872612
0.872612
0.872612
0.872612
0.872612
0.872612
0.872612
0.872612
0.872612
0.872612
0.872612
0.872612
0.872612
0.872612
0.872612
0.872612
0.872612
0.872612
0.872612
0.872612
0.872612
0.872612
0.872612
0.872612
0.872612
0.872612
0.872612
0.872612
0.872612
0.872612
0.872612
0.872612
0.872612
0.872612
0.872612
0.872612
0.872612
0.872612
0.872612
0.872612
0.872612
0.872612
0.872612
0.872612
0.872612
0.872612
0.872612
0.872612
0.872612
0.872612
0.872612
0.872612
0.872612
0.872612
0.872612
0.872612
0.872612
0.872612
0.872612
0.872612
0.872612
0.872612
0.872612
0.872612
0.872612
0.872612
0.872612
0.872612
0.872612
0.872612
0.872612
0.872612
0.872612
0.872612
0.872612
0.872612
0.872612
0.872612
0.872612
0.872612
0.872612
0.872612
0.872612
0.872612
0.872612
0.872612
0.872612
0.872612
0.872612
0.872612
0.872612
0.872612
0.872612
0.872612
0.872612
0.872612
0.872612
0.872612
0.872612
0.872612
0.872612
0.872612
0.872612
0.872612
0.872612
0.872612
0.872612
0.872612
0.872612
0.872612
0.872612
0.872612
0.872612
0.872612
0.872612
0.872612
0.872612
0.872612
0.872612
0.872612
0.872612
0.872612
0.872612
0.872612
0.872612
0.872612
0.872612
0.872612
0.872612
0.872612
0.872612
0.872612
0.872612
0.872612
0.872612
0.872612
0.872612
0.872612
0.872612
0.872612
0.872612
0.872612
0.872612
0.872612
0.872612
0.872612
0.872612
0.872612
0.872612
0.872612
0.872612
0.872612
0.872612
0.872612
0.872612
0.872612
0.872612
0.872612
0.872612
0.872612
0.872612
0.872612
0.872612
0.872612
0.872612
0.872612
1.6961
1.69609
1.69609
1.69609
1.69609
1.69609
1.69609
1.69609
1.69609
1.69609
1.69609
1.69609
1.69609
1.69609
1.69609
1.6961
1.6961
1.69627
1.69626
1.69626
1.69626
1.69626
1.69626
1.69626
1.69626
1.69626
1.69626
1.69626
1.69626
1.69626
1.69626
1.69626
1.69627
1.69627
1.69627
1.69626
1.69626
1.69626
1.69626
1.69626
1.69626
1.69626
1.69626
1.69626
1.69626
1.69626
1.69626
1.69626
1.69626
1.69627
1.69627
1.69627
1.69626
1.69626
1.69626
1.69626
1.69626
1.69626
1.69626
1.69626
1.69626
1.69626
1.69626
1.69626
1.69626
1.69626
1.69627
1.69627
1.69627
1.69626
1.69626
1.69626
1.69626
1.69626
1.69626
1.69626
1.69626
1.69626
1.69626
1.69626
1.69626
1.69626
1.69626
1.69627
1.69627
1.69627
1.69626
1.69626
1.69626
1.69626
1.69626
1.69626
1.69626
1.69626
1.69626
1.69626
1.69626
1.69626
1.69626
1.69626
1.69627
1.69627
1.69627
1.69626
1.69626
1.69626
1.69626
1.69626
1.69626
1.69626
1.69626
1.69626
1.69626
1.69626
1.69626
1.69626
1.69626
1.69627
1.69627
1.69627
1.69626
1.69626
1.69626
1.69626
1.69626
1.69626
1.69626
1.69626
1.69626
1.69626
1.69626
1.69626
1.69626
1.69626
1.69627
1.69627
1.69627
1.69626
1.69626
1.69626
1.69626
1.69626
1.69626
1.69626
1.69626
1.69626
1.69626
1.69626
1.69626
1.69626
1.69626
1.69627
1.69627
1.69627
1.69626
1.69626
1.69626
1.69626
1.69626
1.69626
1.69626
1.69626
1.69626
1.69626
1.69626
1.69626
1.69626
1.69626
1.69627
1.69627
1.69627
1.69626
1.69626
1.69626
1.69626
1.69626
1.69626
1.69626
1.69626
1.69626
1.69626
1.69626
1.69626
1.69626
1.69626
1.69627
1.69627
1.69627
1.69626
1.69626
1.69626
1.69626
1.69626
1.69626
1.69626
1.69626
1.69626
1.69626
1.69626
1.69626
1.69626
1.69626
1.69627
1.69627
1.69627
1.69626
1.69626
1.69626
1.69626
1.69626
1.69626
1.69626
1.69626
1.69626
1.69626
1.69626
1.69626
1.69626
1.69626
1.69627
1.69627
1.69627
1.69626
1.69626
1.69626
1.69626
1.69626
1.69626
1.69626
1.69626
1.69626
1.69626
1.69626
1.69626
1.69626
1.69626
1.69627
1.69627
1.69627
1.69626
1.69626
1.69626
1.69626
1.69626
1.69626
1.69626
1.69626
1.69626
1.69626
1.69626
1.69626
1.69626
1.69626
1.69627
1.69627
1.69627
1.69626
1.69626
1.69626
1.69626
1.69626
1.69626
1.69626
1.69626
1.69626
1.69626
1.69626
1.69626
1.69626
1.69626
1.69627
1.69627
1.69627
1.69626
1.69626
1.69626
1.69626
1.69626
1.69626
1.69626
1.69626
1.69626
1.69626
1.69626
1.69626
1.69626
1.69627
1.69627
1.69627
1.69626
1.69626
1.69626
1.69626
1.69626
1.69626
1.69626
1.69626
1.69626
1.69626
1.69626
1.69626
1.69626
1.69627
1.69627
1.69627
1.69626
1.69626
1.69626
1.69626
1.69626
1.69626
1.69626
1.69626
1.69626
1.69626
1.69626
1.69626
1.69626
1.69627
1.69627
1.69627
1.69626
1.69626
1.69626
1.69626
1.69626
1.69626
1.69626
1.69626
1.69626
1.69626
1.69626
1.69626
1.69626
1.69627
1.69627
1.69627
1.69626
1.69626
1.69626
1.69626
1.69626
1.69626
1.69626
1.69626
1.69626
1.69626
1.69626
1.69626
1.69626
1.69627
1.69627
1.69627
1.69626
1.69626
1.69626
1.69626
1.69626
1.69626
1.69626
1.69626
1.69626
1.69626
1.69626
1.69626
1.69626
1.69627
1.69627
1.69627
1.69626
1.69626
1.69626
1.69626
1.69626
1.69626
1.69626
1.69626
1.69626
1.69626
1.69626
1.69626
1.69626
1.69627
1.69627
1.69627
1.69626
1.69626
1.69626
1.69626
1.69626
1.69626
1.69626
1.69626
1.69626
1.69626
1.69626
1.69626
1.69626
1.69627
1.69627
1.69627
1.69626
1.69626
1.69626
1.69626
1.69626
1.69626
1.69626
1.69626
1.69626
1.69626
1.69626
1.69626
1.69626
1.69627
1.69627
1.69691
1.6969
1.6969
1.6969
1.6969
1.6969
1.6969
1.6969
1.6969
1.6969
1.6969
1.6969
1.6969
1.6969
1.6969
1.69691
1.69691
1.69709
1.69707
1.69707
1.69707
1.69707
1.69707
1.69707
1.69707
1.69707
1.69707
1.69707
1.69707
1.69707
1.69707
1.69707
1.69709
1.69709
1.69709
1.69707
1.69707
1.69707
1.69707
1.69707
1.69707
1.69707
1.69707
1.69707
1.69707
1.69707
1.69707
1.69707
1.69707
1.69709
1.69709
1.69709
1.69707
1.69707
1.69707
1.69707
1.69707
1.69707
1.69707
1.69707
1.69707
1.69707
1.69707
1.69707
1.69707
1.69707
1.69709
1.69709
1.69709
1.69707
1.69707
1.69707
1.69707
1.69707
1.69707
1.69707
1.69707
1.69707
1.69707
1.69707
1.69707
1.69707
1.69707
1.69709
1.69709
1.69709
1.69707
1.69707
1.69707
1.69707
1.69707
1.69707
1.69707
1.69707
1.69707
1.69707
1.69707
1.69707
1.69707
1.69707
1.69709
1.69709
1.69709
1.69707
1.69707
1.69707
1.69707
1.69707
1.69707
1.69707
1.69707
1.69707
1.69707
1.69707
1.69707
1.69707
1.69707
1.69709
1.69709
1.69709
1.69707
1.69707
1.69707
1.69707
1.69707
1.69707
1.69707
1.69707
1.69707
1.69707
1.69707
1.69707
1.69707
1.69707
1.69709
1.69709
1.69709
1.69707
1.69707
1.69707
1.69707
1.69707
1.69707
1.69707
1.69707
1.69707
1.69707
1.69707
1.69707
1.69707
1.69707
1.69709
1.69709
1.69709
1.69707
1.69707
1.69707
1.69707
1.69707
1.69707
1.69707
1.69707
1.69707
1.69707
1.69707
1.69707
1.69707
1.69707
1.69709
1.69709
1.69709
1.69707
1.69707
1.69707
1.69707
1.69707
1.69707
1.69707
1.69707
1.69707
1.69707
1.69707
1.69707
1.69707
1.69707
1.69709
1.69709
1.69709
1.69707
1.69707
1.69707
1.69707
1.69707
1.69707
1.69707
1.69707
1.69707
1.69707
1.69707
1.69707
1.69707
1.69707
1.69709
1.69709
1.69709
1.69707
1.69707
1.69707
1.69707
1.69707
1.69707
1.69707
1.69707
1.69707
1.69707
1.69707
1.69707
1.69707
1.69707
1.69709
1.69709
1.69709
1.69707
1.69707
1.69707
1.69707
1.69707
1.69707
1.69707
1.69707
1.69707
1.69707
1.69707
1.69707
1.69707
1.69707
1.69709
1.69709
1.69709
1.69707
1.69707
1.69707
1.69707
1.69707
1.69707
1.69707
1.69707
1.69707
1.69707
1.69707
1.69707
1.69707
1.69707
1.69709
1.69709
1.69709
1.69707
1.69707
1.69707
1.69707
1.69707
1.69707
1.69707
1.69707
1.69707
1.69707
1.69707
1.69707
1.69707
1.69707
1.69709
1.69709
1.6971
1.69707
1.69707
1.69707
1.69707
1.69707
1.69707
1.69707
1.69707
1.69707
1.69707
1.69707
1.69707
1.69707
1.69707
1.69709
1.69709
1.69709
1.69707
1.69707
1.69707
1.69707
1.69707
1.69707
1.69707
1.69707
1.69707
1.69707
1.69707
1.69707
1.69707
1.69709
1.69709
1.69709
1.69707
1.69707
1.69707
1.69707
1.69707
1.69707
1.69707
1.69707
1.69707
1.69707
1.69707
1.69707
1.69707
1.69709
1.69709
1.69709
1.69707
1.69707
1.69707
1.69707
1.69707
1.69707
1.69707
1.69707
1.69707
1.69707
1.69707
1.69707
1.69707
1.69709
1.69709
1.69709
1.69707
1.69707
1.69707
1.69707
1.69707
1.69707
1.69707
1.69707
1.69707
1.69707
1.69707
1.69707
1.69707
1.69709
1.69709
1.69709
1.69707
1.69707
1.69707
1.69707
1.69707
1.69707
1.69707
1.69707
1.69707
1.69707
1.69707
1.69707
1.69707
1.69709
1.69709
1.69709
1.69707
1.69707
1.69707
1.69707
1.69707
1.69707
1.69707
1.69707
1.69707
1.69707
1.69707
1.69707
1.69707
1.69709
1.69709
1.69709
1.69707
1.69707
1.69707
1.69707
1.69707
1.69707
1.69707
1.69707
1.69707
1.69707
1.69707
1.69707
1.69707
1.69709
1.69709
1.69709
1.69707
1.69707
1.69707
1.69707
1.69707
1.69707
1.69707
1.69707
1.69707
1.69707
1.69707
1.69707
1.69707
1.69709
1.69709
1.69706
1.69704
1.69704
1.69704
1.69704
1.69704
1.69704
1.69704
1.69704
1.69704
1.69704
1.69704
1.69704
1.69704
1.69704
1.69706
1.69706
1.69723
1.69721
1.69721
1.69721
1.69721
1.69721
1.69721
1.69721
1.69721
1.69721
1.69721
1.69721
1.69721
1.69721
1.69721
1.69723
1.69723
1.69723
1.69721
1.69721
1.69721
1.69721
1.69721
1.69721
1.69721
1.69721
1.69721
1.69721
1.69721
1.69721
1.69721
1.69721
1.69723
1.69723
1.69723
1.69721
1.69721
1.69721
1.69721
1.69721
1.69721
1.69721
1.69721
1.69721
1.69721
1.69721
1.69721
1.69721
1.69721
1.69723
1.69723
1.69723
1.69721
1.69721
1.69721
1.69721
1.69721
1.69721
1.69721
1.69721
1.69721
1.69721
1.69721
1.69721
1.69721
1.69721
1.69723
1.69723
1.69723
1.69721
1.69721
1.69721
1.69721
1.69721
1.69721
1.69721
1.69721
1.69721
1.69721
1.69721
1.69721
1.69721
1.69721
1.69723
1.69723
1.69723
1.69721
1.69721
1.69721
1.69721
1.69721
1.69721
1.69721
1.69721
1.69721
1.69721
1.69721
1.69721
1.69721
1.69721
1.69723
1.69723
1.69723
1.69721
1.69721
1.69721
1.69721
1.69721
1.69721
1.69721
1.69721
1.69721
1.69721
1.69721
1.69721
1.69721
1.69721
1.69723
1.69723
1.69723
1.69721
1.69721
1.69721
1.69721
1.69721
1.69721
1.69721
1.69721
1.69721
1.69721
1.69721
1.69721
1.69721
1.69721
1.69723
1.69723
1.69723
1.69721
1.69721
1.69721
1.69721
1.69721
1.69721
1.69721
1.69721
1.69721
1.69721
1.69721
1.69721
1.69721
1.69721
1.69723
1.69723
1.69723
1.69721
1.69721
1.69721
1.69721
1.69721
1.69721
1.69721
1.69721
1.69721
1.69721
1.69721
1.69721
1.69721
1.69721
1.69723
1.69723
1.69723
1.69721
1.69721
1.69721
1.69721
1.69721
1.69721
1.69721
1.69721
1.69721
1.69721
1.69721
1.69721
1.69721
1.69721
1.69723
1.69723
1.69723
1.69721
1.69721
1.69721
1.69721
1.69721
1.69721
1.69721
1.69721
1.69721
1.69721
1.69721
1.69721
1.69721
1.69721
1.69723
1.69723
1.69723
1.69721
1.69721
1.69721
1.69721
1.69721
1.69721
1.69721
1.69721
1.69721
1.69721
1.69721
1.69721
1.69721
1.69721
1.69723
1.69723
1.69723
1.69721
1.69721
1.69721
1.69721
1.69721
1.69721
1.69721
1.69721
1.69721
1.69721
1.69721
1.69721
1.69721
1.69721
1.69723
1.69723
1.69723
1.69721
1.69721
1.69721
1.69721
1.69721
1.69721
1.69721
1.69721
1.69721
1.69721
1.69721
1.69721
1.69721
1.69721
1.69723
1.69723
1.69723
1.69721
1.69721
1.69721
1.69721
1.69721
1.69721
1.69721
1.69721
1.69721
1.69721
1.69721
1.69721
1.69721
1.69721
1.69723
1.69723
1.69724
1.69721
1.69721
1.69721
1.69721
1.69721
1.69721
1.69721
1.69721
1.69721
1.69721
1.69721
1.69721
1.69721
1.69721
1.69723
1.69723
1.69723
1.69721
1.69721
1.69721
1.69721
1.69721
1.69721
1.69721
1.69721
1.69721
1.69721
1.69721
1.69721
1.69721
1.69723
1.69723
1.69723
1.69721
1.69721
1.69721
1.69721
1.69721
1.69721
1.69721
1.69721
1.69721
1.69721
1.69721
1.69721
1.69721
1.69723
1.69723
1.69723
1.69721
1.69721
1.69721
1.69721
1.69721
1.69721
1.69721
1.69721
1.69721
1.69721
1.69721
1.69721
1.69721
1.69723
1.69723
1.69723
1.69721
1.69721
1.69721
1.69721
1.69721
1.69721
1.69721
1.69721
1.69721
1.69721
1.69721
1.69721
1.69721
1.69723
1.69723
1.69723
1.69721
1.69721
1.69721
1.69721
1.69721
1.69721
1.69721
1.69721
1.69721
1.69721
1.69721
1.69721
1.69721
1.69723
1.69723
1.69723
1.69721
1.69721
1.69721
1.69721
1.69721
1.69721
1.69721
1.69721
1.69721
1.69721
1.69721
1.69721
1.69721
1.69723
1.69723
1.69723
1.69721
1.69721
1.69721
1.69721
1.69721
1.69721
1.69721
1.69721
1.69721
1.69721
1.69721
1.69721
1.69721
1.69723
1.69723
1.70356
1.70355
1.70355
1.70355
1.70355
1.70355
1.70355
1.70355
1.70355
1.70355
1.70355
1.70355
1.70355
1.70355
1.70355
1.70356
1.70356
1.70365
1.70365
1.70365
1.70365
1.70365
1.70365
1.70365
1.70365
1.70365
1.70365
1.70365
1.70365
1.70365
1.70365
1.70365
1.70365
1.70365
1.70365
1.70365
1.70365
1.70365
1.70365
1.70365
1.70365
1.70365
1.70365
1.70365
1.70365
1.70365
1.70365
1.70365
1.70365
1.70365
1.70365
1.70365
1.70365
1.70365
1.70365
1.70365
1.70365
1.70365
1.70365
1.70365
1.70365
1.70365
1.70365
1.70365
1.70365
1.70365
1.70365
1.70365
1.70365
1.70365
1.70365
1.70365
1.70365
1.70365
1.70365
1.70365
1.70365
1.70365
1.70365
1.70365
1.70365
1.70365
1.70365
1.70365
1.70365
1.70365
1.70365
1.70365
1.70365
1.70365
1.70365
1.70365
1.70365
1.70365
1.70365
1.70365
1.70365
1.70365
1.70365
1.70365
1.70365
1.70365
1.70365
1.70365
1.70365
1.70365
1.70365
1.70365
1.70365
1.70365
1.70365
1.70365
1.70365
1.70365
1.70365
1.70365
1.70365
1.70365
1.70365
1.70365
1.70365
1.70365
1.70365
1.70365
1.70365
1.70365
1.70365
1.70365
1.70365
1.70365
1.70365
1.70365
1.70365
1.70365
1.70365
1.70365
1.70365
1.70365
1.70365
1.70365
1.70365
1.70365
1.70365
1.70365
1.70365
1.70365
1.70365
1.70365
1.70365
1.70365
1.70365
1.70365
1.70365
1.70365
1.70365
1.70365
1.70365
1.70365
1.70365
1.70365
1.70365
1.70365
1.70365
1.70365
1.70365
1.70365
1.70365
1.70365
1.70365
1.70365
1.70365
1.70365
1.70365
1.70365
1.70365
1.70365
1.70365
1.70365
1.70365
1.70365
1.70365
1.70365
1.70365
1.70365
1.70365
1.70365
1.70365
1.70365
1.70365
1.70365
1.70365
1.70365
1.70365
1.70365
1.70365
1.70365
1.70365
1.70365
1.70365
1.70365
1.70365
1.70365
1.70365
1.70365
1.70365
1.70365
1.70365
1.70365
1.70365
1.70365
1.70365
1.70365
1.70365
1.70365
1.70365
1.70365
1.70365
1.70365
1.70365
1.70365
1.70365
1.70365
1.70365
1.70365
1.70365
1.70365
1.70365
1.70365
1.70365
1.70365
1.70365
1.70365
1.70365
1.70365
1.70365
1.70365
1.70365
1.70365
1.70365
1.70365
1.70365
1.70365
1.70365
1.70365
1.70365
1.70365
1.70365
1.70365
1.70365
1.70365
1.70365
1.70365
1.70365
1.70365
1.70365
1.70365
1.70365
1.70365
1.70365
1.70365
1.70365
1.70365
1.70365
1.70365
1.70365
1.70365
1.70365
1.70365
1.70365
1.70365
1.70365
1.70365
1.70365
1.70365
1.70365
1.70365
1.70365
1.70365
1.70365
1.70365
1.70365
1.70365
1.70365
1.70365
1.70365
1.70365
1.70365
1.70365
1.70365
1.70365
1.70365
1.70365
1.70365
1.70365
1.70365
1.70365
1.70365
1.70365
1.70365
1.70365
1.70365
1.70365
1.70365
1.70365
1.70365
1.70365
1.70366
1.70365
1.70365
1.70365
1.70365
1.70365
1.70365
1.70365
1.70365
1.70365
1.70365
1.70365
1.70365
1.70365
1.70365
1.70365
1.70365
1.70365
1.70365
1.70365
1.70365
1.70365
1.70365
1.70365
1.70365
1.70365
1.70365
1.70365
1.70365
1.70365
1.70365
1.70365
1.70365
1.70365
1.70365
1.70365
1.70365
1.70365
1.70365
1.70365
1.70365
1.70365
1.70365
1.70365
1.70365
1.70365
1.70365
1.70365
1.70365
1.70365
1.70365
1.70365
1.70365
1.70365
1.70365
1.70365
1.70365
1.70365
1.70365
1.70365
1.70365
1.70365
1.70365
1.70365
1.70365
1.70365
1.70365
1.70365
1.70365
1.70365
1.70365
1.70365
1.70365
1.70365
1.70365
1.70365
1.70365
1.70365
1.70365
1.70365
1.70365
1.70365
1.70365
1.70365
1.70365
1.70365
1.70365
1.70365
1.70365
1.70365
1.70365
1.70365
1.70365
1.70365
1.70365
1.70365
1.70365
1.70365
1.70365
1.70365
1.70365
1.70365
1.70365
1.70365
1.70365
1.70365
1.70365
1.70365
1.70365
1.70365
1.70365
1.70365
1.70365
)
;

boundaryField
{
    frontAndBack
    {
        type            slip;
    }
    inlet
    {
        type            fixedValue;
        value           nonuniform List<scalar> 0();
    }
    outlet
    {
        type            inletOutlet;
        inletValue      nonuniform List<scalar> 0();
        value           nonuniform List<scalar> 0();
    }
    lowerWall
    {
        beta1           0.075;
        blended         0;
        type            omegaWallFunction;
        value           nonuniform List<scalar> 
413
(
0.872612
0.872612
0.872612
0.872612
0.872612
0.872612
0.872612
0.872612
0.872612
0.872612
0.872612
0.872612
0.872612
0.872612
0.872612
0.872612
0.872612
0.872612
0.872612
0.872612
0.872612
0.872612
0.872612
0.872612
0.872612
0.872612
0.872612
0.872612
0.872612
0.872612
0.872612
0.872612
0.872612
0.872612
0.872612
0.872612
0.872612
0.872612
0.872612
0.872612
0.872612
0.872612
0.872612
0.872612
0.872612
0.872612
0.872612
0.872612
0.872612
0.872612
0.872612
0.872612
0.872612
0.872612
0.872612
0.872612
0.872612
0.872612
0.872612
0.872612
0.872612
0.872612
0.872612
0.872612
0.872612
0.872612
0.872612
0.872612
0.872612
0.872612
0.872612
0.872612
0.872612
0.872612
0.872612
0.872612
0.872612
0.872612
0.872612
0.872612
0.872612
0.872612
0.872612
0.872612
0.872612
0.872612
0.872612
0.872612
0.872612
0.872612
0.872612
0.872612
0.872612
0.872612
0.872612
0.872612
0.872612
0.872612
0.872612
0.872612
0.872612
0.872612
0.872612
0.872612
0.872612
0.872612
0.872612
0.872612
0.872612
0.872612
0.872612
0.872612
0.872612
0.872612
0.872612
0.872612
0.872612
0.872612
0.872612
0.872612
0.872612
0.872612
0.872612
0.872612
0.872612
0.872612
0.872612
0.872612
0.872612
0.872612
0.872612
0.872612
0.872612
0.872612
0.872612
0.872612
0.872612
0.872612
0.872612
0.872612
0.872612
0.872612
0.872612
0.872612
0.872612
0.872612
0.872612
0.872612
0.872612
0.872612
0.872612
0.872612
0.872612
0.872612
0.872612
0.872612
0.872612
0.872612
0.872612
0.872612
0.872612
0.872612
0.872612
0.872612
0.872612
0.872612
0.872612
0.872612
0.872612
0.872612
0.872612
0.872612
0.872612
0.872612
0.872612
0.872612
0.872612
0.872612
0.872612
0.872612
0.872612
0.872612
0.872612
0.872612
0.872612
0.872612
0.872612
0.872612
0.872612
0.872612
0.872612
0.872612
0.872612
0.872612
0.872612
0.872612
0.872612
0.872612
0.872612
0.872612
0.872612
0.872612
0.872612
0.872612
0.872612
0.872612
0.872612
0.872612
0.872612
0.872612
0.872612
0.872612
0.872612
0.872612
0.872612
0.872612
0.872612
0.872612
0.872612
0.872612
0.872612
0.872612
0.872612
0.872612
0.872612
0.872612
0.872612
0.872612
0.872612
0.872612
0.872612
0.872612
0.872612
0.872612
0.872612
0.872612
0.872612
0.872612
0.872612
0.872612
0.872612
0.872612
0.872612
0.872612
0.872612
0.872612
0.872612
0.872612
0.872612
0.872612
0.872612
0.872612
0.872612
0.872612
0.872612
0.872612
0.872612
0.872612
0.872612
0.872612
0.872612
0.872612
0.872612
0.872612
0.872612
0.872612
0.872612
0.872612
0.872612
0.872612
0.872612
0.872612
0.872612
0.872612
0.872612
0.872612
0.872612
0.872612
0.872612
0.872612
0.872612
0.872612
0.872612
0.872612
0.872612
0.872612
0.872612
0.872612
0.872612
0.872612
0.872612
0.872612
0.872612
0.872612
0.872612
0.872612
0.872612
0.872612
0.872612
0.872612
0.872612
0.872612
0.872612
0.872612
0.872612
0.872612
0.872612
0.872612
0.872612
0.872612
0.872612
0.872612
0.872612
0.872612
0.872612
0.872612
0.872612
0.872612
0.872612
0.872612
0.872612
0.872612
0.872612
0.872612
0.872612
0.872612
0.872612
0.872612
0.872612
0.872612
0.872612
0.872612
0.872612
0.872612
0.872612
0.872612
0.872612
0.872612
0.872612
0.872612
0.872612
0.872612
0.872612
0.872612
0.872612
0.872612
0.872612
0.872612
0.872612
0.872612
0.872612
0.872612
0.872612
0.872612
0.872612
0.872612
0.872612
0.872612
0.872612
0.872612
0.872612
0.872612
0.872612
0.872612
0.872612
0.872612
0.872612
0.872612
0.872612
0.872612
0.872612
0.872612
0.872612
0.872612
0.872612
0.872612
0.872612
0.872612
0.872612
0.872612
0.872612
0.872612
0.872612
0.872612
0.872612
0.872612
0.872612
0.872612
0.872612
0.872612
0.872612
0.872612
0.872612
0.872612
0.872612
0.872612
0.872612
0.872612
0.872612
0.872612
0.872612
0.872612
0.872612
0.872612
0.872612
0.872612
0.872612
0.872612
0.872612
0.872612
0.872612
0.872612
0.872612
)
;
    }
    upperWall
    {
        type            slip;
    }
    procBoundary1to0
    {
        type            processor;
        value           nonuniform List<scalar> 
135
(
0.872612
0.872612
0.872612
0.872612
0.872612
0.872612
0.872612
0.872612
0.872612
0.872612
0.872612
0.872612
0.872612
0.872612
0.872612
0.872612
0.872612
0.872612
0.872612
0.872612
0.872612
0.872612
0.872612
0.872612
0.872612
0.872612
0.872612
0.872612
1.6961
1.69627
1.69627
1.69627
1.69627
1.69627
1.69627
1.69627
1.69627
1.69627
1.69627
1.69627
1.69627
1.69627
1.69627
1.69627
1.69629
1.69629
1.69629
1.69627
1.69627
1.69627
1.69627
1.69627
1.69627
1.69627
1.69627
1.69691
1.69709
1.69709
1.69709
1.69709
1.69709
1.69709
1.69709
1.69709
1.69709
1.69709
1.69709
1.69709
1.69709
1.69709
1.69709
1.6971
1.6971
1.6971
1.6971
1.69709
1.69709
1.69709
1.69709
1.69709
1.69709
1.69709
1.69706
1.69723
1.69723
1.69723
1.69723
1.69723
1.69723
1.69723
1.69723
1.69723
1.69723
1.69723
1.69723
1.69723
1.69723
1.69723
1.69723
1.69724
1.69724
1.69724
1.69724
1.69723
1.69723
1.69723
1.69723
1.69723
1.69723
1.70356
1.70365
1.70365
1.70365
1.70365
1.70365
1.70365
1.70365
1.70365
1.70365
1.70365
1.70365
1.70365
1.70365
1.70365
1.70365
1.70365
1.70365
1.70366
1.70366
1.70366
1.70365
1.70365
1.70365
1.70365
1.70365
)
;
    }
    procBoundary1to2
    {
        type            processor;
        value           nonuniform List<scalar> 
124
(
0.872612
0.872612
0.872612
0.872612
0.872612
0.872612
0.872612
0.872612
0.872612
0.872612
0.872612
0.872612
0.872612
0.872612
0.872612
0.872612
0.872612
0.872612
0.872612
0.872612
0.872612
0.872612
0.872612
0.872612
1.6961
1.69627
1.69627
1.69627
1.69627
1.69627
1.69627
1.69627
1.69627
1.69627
1.69627
1.69627
1.69627
1.69627
1.69627
1.69627
1.69627
1.69627
1.69627
1.69627
1.69627
1.69627
1.69627
1.69627
1.69627
1.69691
1.69709
1.69709
1.69709
1.69709
1.69709
1.69709
1.69709
1.69709
1.69709
1.69709
1.69709
1.69709
1.69709
1.69709
1.69709
1.69709
1.69709
1.69709
1.69709
1.69709
1.69709
1.69709
1.69709
1.69709
1.69706
1.69723
1.69723
1.69723
1.69723
1.69723
1.69723
1.69723
1.69723
1.69723
1.69723
1.69723
1.69723
1.69723
1.69723
1.69723
1.69723
1.69723
1.69723
1.69723
1.69723
1.69723
1.69723
1.69723
1.69723
1.70356
1.70365
1.70365
1.70365
1.70365
1.70365
1.70365
1.70365
1.70365
1.70365
1.70365
1.70365
1.70365
1.70365
1.70365
1.70365
1.70365
1.70365
1.70365
1.70365
1.70365
1.70365
1.70365
1.70365
1.70365
)
;
    }
    procBoundary1to4
    {
        type            processor;
        value           nonuniform List<scalar> 
82
(
0.872612
0.872612
0.872612
0.872612
0.872612
0.872612
0.872612
0.872612
0.872612
0.872612
0.872612
0.872612
0.872612
0.872612
0.872612
0.872612
0.872612
0.872612
1.69632
1.6963
1.6963
1.6963
1.6963
1.6963
1.6963
1.6963
1.6963
1.6963
1.6963
1.6963
1.6963
1.6963
1.69632
1.69632
1.69713
1.69711
1.69711
1.69711
1.69711
1.69711
1.69711
1.69711
1.69711
1.69711
1.69711
1.69711
1.69711
1.69711
1.69713
1.69713
1.69727
1.69726
1.69726
1.69726
1.69726
1.69726
1.69726
1.69726
1.69726
1.69726
1.69726
1.69726
1.69726
1.69726
1.69727
1.69727
1.70368
1.70367
1.70367
1.70367
1.70367
1.70367
1.70367
1.70367
1.70367
1.70367
1.70367
1.70367
1.70367
1.70367
1.70368
1.70368
)
;
    }
}


// ************************************************************************* //
