/*--------------------------------*- C++ -*----------------------------------*\
  =========                 |
  \\      /  F ield         | OpenFOAM: The Open Source CFD Toolbox
   \\    /   O peration     | Website:  https://openfoam.org
    \\  /    A nd           | Version:  10
     \\/     M anipulation  |
\*---------------------------------------------------------------------------*/
FoamFile
{
    format      ascii;
    class       volScalarField;
    location    "10";
    object      p;
}
// * * * * * * * * * * * * * * * * * * * * * * * * * * * * * * * * * * * * * //

dimensions      [0 2 -2 0 0 0 0];

internalField   nonuniform List<scalar> 
2083
(
-7.9694e-05
-8.11711e-05
-8.2304e-05
-8.31022e-05
-8.35941e-05
-8.37993e-05
-8.37544e-05
-8.3491e-05
-8.30534e-05
-8.24672e-05
-8.17484e-05
-8.08996e-05
-7.99136e-05
-7.87749e-05
-7.74684e-05
-7.60466e-05
-7.45201e-05
-7.87759e-05
-8.02429e-05
-8.13652e-05
-8.21635e-05
-8.26564e-05
-8.28724e-05
-8.28394e-05
-8.25961e-05
-8.21781e-05
-8.16123e-05
-8.09122e-05
-8.00799e-05
-7.91081e-05
-7.7984e-05
-7.66913e-05
-7.52867e-05
-7.37792e-05
-7.70711e-05
-7.85081e-05
-7.96124e-05
-8.04044e-05
-8.09002e-05
-8.11303e-05
-8.1118e-05
-8.09051e-05
-8.05196e-05
-7.9988e-05
-7.93203e-05
-7.8518e-05
-7.7575e-05
-7.64797e-05
-7.52167e-05
-7.38452e-05
-7.23735e-05
-7.45848e-05
-7.59759e-05
-7.70553e-05
-7.78354e-05
-7.83378e-05
-7.85845e-05
-7.86051e-05
-7.84308e-05
-7.80907e-05
-7.7605e-05
-7.69824e-05
-7.62233e-05
-7.53221e-05
-7.42679e-05
-7.30496e-05
-7.17244e-05
-7.02998e-05
-7.13853e-05
-7.27264e-05
-7.37747e-05
-7.45435e-05
-7.50525e-05
-7.53226e-05
-7.53834e-05
-7.52575e-05
-7.49732e-05
-7.4544e-05
-7.3977e-05
-7.32708e-05
-7.24199e-05
-7.14155e-05
-7.02492e-05
-6.89749e-05
-6.7604e-05
-6.75476e-05
-6.8836e-05
-6.98519e-05
-7.0612e-05
-7.11308e-05
-7.1434e-05
-7.15402e-05
-7.14751e-05
-7.1256e-05
-7.0893e-05
-7.03889e-05
-6.97403e-05
-6.89417e-05
-6.79885e-05
-6.68734e-05
-6.56511e-05
-6.43348e-05
-6.31635e-05
-6.43946e-05
-6.53815e-05
-6.61359e-05
-6.66725e-05
-6.70151e-05
-6.71772e-05
-6.71817e-05
-6.70366e-05
-6.67465e-05
-6.63079e-05
-6.57158e-05
-6.49666e-05
-6.40601e-05
-6.29935e-05
-6.18222e-05
-6.05611e-05
-5.83195e-05
-5.94961e-05
-6.04583e-05
-6.12118e-05
-6.17737e-05
-6.21602e-05
-6.23889e-05
-6.24687e-05
-6.24029e-05
-6.21867e-05
-6.18099e-05
-6.1267e-05
-6.05595e-05
-5.9692e-05
-5.86703e-05
-5.75483e-05
-5.63394e-05
-5.31116e-05
-5.42426e-05
-5.51847e-05
-5.59433e-05
-5.65352e-05
-5.6972e-05
-5.72686e-05
-5.7425e-05
-5.74365e-05
-5.72859e-05
-5.69586e-05
-5.64511e-05
-5.57734e-05
-5.49374e-05
-5.3955e-05
-5.2876e-05
-5.1718e-05
-4.76408e-05
-4.87328e-05
-4.96582e-05
-5.04262e-05
-5.10474e-05
-5.15366e-05
-5.18961e-05
-5.21227e-05
-5.21971e-05
-5.20934e-05
-5.17955e-05
-5.1309e-05
-5.06499e-05
-4.98383e-05
-4.88896e-05
-4.78509e-05
-4.67415e-05
-4.20193e-05
-4.3069e-05
-4.39783e-05
-4.47534e-05
-4.54016e-05
-4.59338e-05
-4.63454e-05
-4.66235e-05
-4.67359e-05
-4.66537e-05
-4.63662e-05
-4.58872e-05
-4.52411e-05
-4.44495e-05
-4.35317e-05
-4.25342e-05
-4.14763e-05
-3.63406e-05
-3.73418e-05
-3.82289e-05
-3.90015e-05
-3.96683e-05
-4.02279e-05
-4.06727e-05
-4.0975e-05
-4.10971e-05
-4.10117e-05
-4.07196e-05
-4.02395e-05
-3.96027e-05
-3.88305e-05
-3.79457e-05
-3.69933e-05
-3.59877e-05
-3.0695e-05
-3.16382e-05
-3.24893e-05
-3.32459e-05
-3.39126e-05
-3.44814e-05
-3.49347e-05
-3.52333e-05
-3.53389e-05
-3.52327e-05
-3.49227e-05
-3.44392e-05
-3.38099e-05
-3.30561e-05
-3.2205e-05
-3.12957e-05
-3.03447e-05
-2.51486e-05
-2.60195e-05
-2.68157e-05
-2.75394e-05
-2.81842e-05
-2.87422e-05
-2.91782e-05
-2.94505e-05
-2.95222e-05
-2.93864e-05
-2.90556e-05
-2.85686e-05
-2.79456e-05
-2.72103e-05
-2.63899e-05
-2.552e-05
-2.46217e-05
-2.05211e-05
-2.12488e-05
-2.19207e-05
-2.25278e-05
-2.30518e-05
-2.34503e-05
-2.36805e-05
-2.37124e-05
-2.35469e-05
-2.32031e-05
-2.27168e-05
-2.21044e-05
-2.13904e-05
-2.0597e-05
-1.97642e-05
-1.89149e-05
-1.51541e-05
-1.57923e-05
-1.63948e-05
-1.69501e-05
-1.74249e-05
-1.77767e-05
-1.79598e-05
-1.79575e-05
-1.77746e-05
-1.74345e-05
-1.69593e-05
-1.63682e-05
-1.56799e-05
-1.49129e-05
-1.4114e-05
-1.33063e-05
-9.88761e-06
-1.04219e-05
-1.0946e-05
-1.14393e-05
-1.18611e-05
-1.2164e-05
-1.23106e-05
-1.2291e-05
-1.21148e-05
-1.17984e-05
-1.13555e-05
-1.0799e-05
-1.01409e-05
-9.39866e-06
-8.62481e-06
-7.8497e-06
-4.62504e-06
-5.06724e-06
-5.51741e-06
-5.95012e-06
-6.3217e-06
-6.58506e-06
-6.71308e-06
-6.70197e-06
-6.56073e-06
-6.29268e-06
-5.90641e-06
-5.40049e-06
-4.78081e-06
-4.06139e-06
-3.30415e-06
-2.54693e-06
7.13667e-07
3.43696e-07
-4.53234e-08
-4.21908e-07
-7.46269e-07
-9.83079e-07
-1.11253e-06
-1.13557e-06
-1.0529e-06
-8.58536e-07
-5.50792e-07
-1.14035e-07
4.54308e-07
1.14959e-06
1.89196e-06
2.64083e-06
6.15495e-06
5.85072e-06
5.52531e-06
5.20573e-06
4.92644e-06
4.71091e-06
4.56678e-06
4.49622e-06
4.50764e-06
4.61403e-06
4.83055e-06
5.18148e-06
5.68422e-06
6.34397e-06
7.06878e-06
7.82218e-06
1.16455e-05
1.14209e-05
1.1169e-05
1.09206e-05
1.06975e-05
1.05094e-05
1.03563e-05
1.02454e-05
1.01923e-05
1.02179e-05
1.03468e-05
1.06093e-05
1.10402e-05
1.16574e-05
1.23664e-05
1.31354e-05
1.69777e-05
1.6861e-05
1.67127e-05
1.65623e-05
1.6422e-05
1.62877e-05
1.61591e-05
1.60415e-05
1.59578e-05
1.59341e-05
1.60014e-05
1.61983e-05
1.65695e-05
1.71509e-05
1.78608e-05
1.86762e-05
2.17502e-05
2.17751e-05
2.17822e-05
2.17794e-05
2.17692e-05
2.1744e-05
2.17007e-05
2.16453e-05
2.15986e-05
2.15852e-05
2.16444e-05
2.18278e-05
2.21802e-05
2.2772e-05
2.35343e-05
2.4436e-05
2.56289e-05
2.58687e-05
2.60924e-05
2.63028e-05
2.64857e-05
2.66462e-05
2.67818e-05
2.68909e-05
2.69821e-05
2.70774e-05
2.72166e-05
2.74579e-05
2.78749e-05
2.85499e-05
2.9421e-05
3.04837e-05
2.90931e-05
2.96344e-05
3.01516e-05
3.06357e-05
3.11001e-05
3.15476e-05
3.19585e-05
3.23355e-05
3.26819e-05
3.30025e-05
3.33327e-05
3.37422e-05
3.43174e-05
3.51622e-05
3.62245e-05
-7.86778e-05
-8.02134e-05
-8.14103e-05
-8.22862e-05
-8.28621e-05
-8.31627e-05
-8.3214e-05
-8.30459e-05
-8.26849e-05
-8.21559e-05
-8.14739e-05
-8.06451e-05
-7.96682e-05
-7.85349e-05
-7.7233e-05
-7.58239e-05
-7.43203e-05
-7.78115e-05
-7.9329e-05
-8.05154e-05
-8.13871e-05
-8.19636e-05
-8.2269e-05
-8.23301e-05
-8.21744e-05
-8.1828e-05
-8.1315e-05
-8.06491e-05
-7.98361e-05
-7.8874e-05
-7.7755e-05
-7.64694e-05
-7.50792e-05
-7.35952e-05
-7.61724e-05
-7.76585e-05
-7.88241e-05
-7.96856e-05
-8.02617e-05
-8.05753e-05
-8.06517e-05
-8.05164e-05
-8.01951e-05
-7.97094e-05
-7.90722e-05
-7.82883e-05
-7.73554e-05
-7.62665e-05
-7.50129e-05
-7.36551e-05
-7.22056e-05
-7.37601e-05
-7.52018e-05
-7.63386e-05
-7.7186e-05
-7.77621e-05
-7.8088e-05
-7.81857e-05
-7.80796e-05
-7.77935e-05
-7.73461e-05
-7.67496e-05
-7.60072e-05
-7.51164e-05
-7.40704e-05
-7.28609e-05
-7.15481e-05
-7.0145e-05
-7.06433e-05
-7.20327e-05
-7.31367e-05
-7.3969e-05
-7.45464e-05
-7.48878e-05
-7.50132e-05
-7.4945e-05
-7.47033e-05
-7.43044e-05
-7.37589e-05
-7.30678e-05
-7.22274e-05
-7.12315e-05
-7.00734e-05
-6.8813e-05
-6.74615e-05
-6.68983e-05
-6.82317e-05
-6.93016e-05
-7.01197e-05
-7.07012e-05
-7.10627e-05
-7.12233e-05
-7.12011e-05
-7.10125e-05
-7.06716e-05
-7.01847e-05
-6.95498e-05
-6.87628e-05
-6.78187e-05
-6.67141e-05
-6.55057e-05
-6.42076e-05
-6.26126e-05
-6.38889e-05
-6.49253e-05
-6.57316e-05
-6.63207e-05
-6.67082e-05
-6.69113e-05
-6.69426e-05
-6.68156e-05
-6.65396e-05
-6.6114e-05
-6.55345e-05
-6.47976e-05
-6.39018e-05
-6.2847e-05
-6.16903e-05
-6.04463e-05
-5.78733e-05
-5.90933e-05
-6.0098e-05
-6.08956e-05
-6.14963e-05
-6.19161e-05
-6.2167e-05
-6.22574e-05
-6.21972e-05
-6.19874e-05
-6.16191e-05
-6.10878e-05
-6.03928e-05
-5.95383e-05
-5.8529e-05
-5.74209e-05
-5.62307e-05
-5.27798e-05
-5.39462e-05
-5.49224e-05
-5.57135e-05
-5.63293e-05
-5.67845e-05
-5.70841e-05
-5.72355e-05
-5.72404e-05
-5.70881e-05
-5.6766e-05
-5.62708e-05
-5.56075e-05
-5.47865e-05
-5.38191e-05
-5.27569e-05
-5.16168e-05
-4.7427e-05
-4.85419e-05
-4.94909e-05
-5.02759e-05
-5.09077e-05
-5.13957e-05
-5.17406e-05
-5.19465e-05
-5.20043e-05
-5.18927e-05
-5.16003e-05
-5.11276e-05
-5.04867e-05
-4.96935e-05
-4.87637e-05
-4.77439e-05
-4.6653e-05
-4.19174e-05
-4.29791e-05
-4.38981e-05
-4.46739e-05
-4.53166e-05
-4.58282e-05
-4.6208e-05
-4.64529e-05
-4.6541e-05
-4.64491e-05
-4.61685e-05
-4.57062e-05
-4.50814e-05
-4.43129e-05
-4.34181e-05
-4.24407e-05
-4.14018e-05
-3.63393e-05
-3.73416e-05
-3.82223e-05
-3.8981e-05
-3.96228e-05
-4.01435e-05
-4.05415e-05
-4.0802e-05
-4.08958e-05
-4.0802e-05
-4.05181e-05
-4.00587e-05
-3.94458e-05
-3.86996e-05
-3.78395e-05
-3.69075e-05
-3.59227e-05
-3.07858e-05
-3.17135e-05
-3.25434e-05
-3.32706e-05
-3.38935e-05
-3.4407e-05
-3.48042e-05
-3.50556e-05
-3.51332e-05
-3.50206e-05
-3.47236e-05
-3.42617e-05
-3.36588e-05
-3.2934e-05
-3.21093e-05
-3.12231e-05
-3.02918e-05
-2.53194e-05
-2.61533e-05
-2.69188e-05
-2.75952e-05
-2.8182e-05
-2.86714e-05
-2.90461e-05
-2.92693e-05
-2.93148e-05
-2.91744e-05
-2.88606e-05
-2.8397e-05
-2.78024e-05
-2.70984e-05
-2.63071e-05
-2.5464e-05
-2.45846e-05
-1.99976e-05
-2.07253e-05
-2.13919e-05
-2.19971e-05
-2.25338e-05
-2.29831e-05
-2.33178e-05
-2.35005e-05
-2.35081e-05
-2.3341e-05
-2.30143e-05
-2.2552e-05
-2.19688e-05
-2.12866e-05
-2.05262e-05
-1.97231e-05
-1.88943e-05
-1.48428e-05
-1.54268e-05
-1.59642e-05
-1.64802e-05
-1.69575e-05
-1.73584e-05
-1.76468e-05
-1.77871e-05
-1.77634e-05
-1.7581e-05
-1.72552e-05
-1.68003e-05
-1.62351e-05
-1.55778e-05
-1.48449e-05
-1.40769e-05
-1.3293e-05
-1.01977e-05
-1.06173e-05
-1.1045e-05
-1.14582e-05
-1.18096e-05
-1.20546e-05
-1.2163e-05
-1.21251e-05
-1.19463e-05
-1.1639e-05
-1.12082e-05
-1.0671e-05
-1.00406e-05
-9.33022e-06
-8.58836e-06
-7.83679e-06
-4.96071e-06
-5.28492e-06
-5.64679e-06
-6.00242e-06
-6.3062e-06
-6.51768e-06
-6.61146e-06
-6.58116e-06
-6.42934e-06
-6.16073e-06
-5.77431e-06
-5.2789e-06
-4.67908e-06
-3.98587e-06
-3.25875e-06
-2.52593e-06
3.58027e-07
8.58584e-08
-2.19926e-07
-5.23753e-07
-7.85486e-07
-9.75565e-07
-1.07173e-06
-1.06977e-06
-9.66437e-07
-7.54905e-07
-4.32705e-07
6.92749e-09
5.69129e-07
1.24786e-06
1.96657e-06
2.69307e-06
5.81792e-06
5.58185e-06
5.32018e-06
5.0659e-06
4.8424e-06
4.67068e-06
4.56301e-06
4.52501e-06
4.56782e-06
4.71065e-06
4.95651e-06
5.33092e-06
5.84639e-06
6.50659e-06
7.21989e-06
7.95028e-06
1.13914e-05
1.12031e-05
1.09991e-05
1.08042e-05
1.06286e-05
1.0485e-05
1.03718e-05
1.03001e-05
1.02885e-05
1.03631e-05
1.05361e-05
1.08439e-05
1.13096e-05
1.19472e-05
1.26562e-05
1.34049e-05
1.69216e-05
1.68109e-05
1.66951e-05
1.65879e-05
1.64932e-05
1.63999e-05
1.63086e-05
1.62312e-05
1.61947e-05
1.62238e-05
1.63506e-05
1.66067e-05
1.7031e-05
1.76523e-05
1.83658e-05
1.91572e-05
2.20015e-05
2.20241e-05
2.20527e-05
2.20832e-05
2.21064e-05
2.21112e-05
2.20965e-05
2.20757e-05
2.20713e-05
2.21116e-05
2.22415e-05
2.24878e-05
2.29028e-05
2.35347e-05
2.42901e-05
2.51667e-05
2.62442e-05
2.64773e-05
2.67135e-05
2.69391e-05
2.71421e-05
2.7315e-05
2.7456e-05
2.7581e-05
2.77016e-05
2.78477e-05
2.80514e-05
2.83664e-05
2.88439e-05
2.95384e-05
3.03986e-05
3.14025e-05
3.00227e-05
3.05612e-05
3.10783e-05
3.15729e-05
3.20288e-05
3.2442e-05
3.28404e-05
3.32149e-05
3.3571e-05
3.39245e-05
3.43117e-05
3.47812e-05
3.53991e-05
3.62405e-05
3.72555e-05
3.8448e-05
-7.72309e-05
-7.88415e-05
-8.01303e-05
-8.1115e-05
-8.18134e-05
-8.22462e-05
-8.2433e-05
-8.23921e-05
-8.21378e-05
-8.16892e-05
-8.10611e-05
-8.02642e-05
-7.93042e-05
-7.81818e-05
-7.6891e-05
-7.55013e-05
-7.40315e-05
-7.64247e-05
-7.80154e-05
-7.92919e-05
-8.02687e-05
-8.09639e-05
-8.13969e-05
-8.15878e-05
-8.15524e-05
-8.1307e-05
-8.08695e-05
-8.02544e-05
-7.94719e-05
-7.85265e-05
-7.74179e-05
-7.61443e-05
-7.47736e-05
-7.33233e-05
-7.48626e-05
-7.64217e-05
-7.76756e-05
-7.86387e-05
-7.9328e-05
-7.97622e-05
-7.99605e-05
-7.99361e-05
-7.97074e-05
-7.92905e-05
-7.86996e-05
-7.79438e-05
-7.70268e-05
-7.5948e-05
-7.47063e-05
-7.33682e-05
-7.19498e-05
-7.2548e-05
-7.40635e-05
-7.52865e-05
-7.62316e-05
-7.69139e-05
-7.73511e-05
-7.7559e-05
-7.75521e-05
-7.73474e-05
-7.69602e-05
-7.64039e-05
-7.56862e-05
-7.48096e-05
-7.37733e-05
-7.25751e-05
-7.12804e-05
-6.99055e-05
-6.95456e-05
-7.10084e-05
-7.21956e-05
-7.31201e-05
-7.37955e-05
-7.42373e-05
-7.44583e-05
-7.4475e-05
-7.43011e-05
-7.39519e-05
-7.34389e-05
-7.27681e-05
-7.19401e-05
-7.09538e-05
-6.98074e-05
-6.85643e-05
-6.72391e-05
-6.59317e-05
-6.73372e-05
-6.84862e-05
-6.93891e-05
-7.00591e-05
-7.05068e-05
-7.07465e-05
-7.07913e-05
-7.06549e-05
-7.03503e-05
-6.9887e-05
-6.92676e-05
-6.84921e-05
-6.75586e-05
-6.64672e-05
-6.52771e-05
-6.40059e-05
-6.17891e-05
-6.31348e-05
-6.42441e-05
-6.51261e-05
-6.5791e-05
-6.62481e-05
-6.65109e-05
-6.65889e-05
-6.64952e-05
-6.62399e-05
-6.58284e-05
-6.52609e-05
-6.45361e-05
-6.36536e-05
-6.26154e-05
-6.14783e-05
-6.02605e-05
-5.72053e-05
-5.84901e-05
-5.95589e-05
-6.04203e-05
-6.10811e-05
-6.15511e-05
-6.18384e-05
-6.19528e-05
-6.19038e-05
-6.16981e-05
-6.13359e-05
-6.0815e-05
-6.01351e-05
-5.92984e-05
-5.83096e-05
-5.72231e-05
-5.6059e-05
-5.22747e-05
-5.3496e-05
-5.45242e-05
-5.53643e-05
-5.60207e-05
-5.65028e-05
-5.68146e-05
-5.69643e-05
-5.69571e-05
-5.67951e-05
-5.64739e-05
-5.59915e-05
-5.53487e-05
-5.45514e-05
-5.3608e-05
-5.25708e-05
-5.14575e-05
-4.70899e-05
-4.82448e-05
-4.92295e-05
-5.00448e-05
-5.06943e-05
-5.11834e-05
-5.15149e-05
-5.16927e-05
-5.17186e-05
-5.15888e-05
-5.12971e-05
-5.08424e-05
-5.02289e-05
-4.94654e-05
-4.85641e-05
-4.75733e-05
-4.65112e-05
-4.17426e-05
-4.28254e-05
-4.37599e-05
-4.45436e-05
-4.5178e-05
-4.5666e-05
-4.60057e-05
-4.61993e-05
-4.62441e-05
-4.61313e-05
-4.58559e-05
-4.54193e-05
-4.48275e-05
-4.40941e-05
-4.32332e-05
-4.22881e-05
-4.12772e-05
-3.63169e-05
-3.73183e-05
-3.81924e-05
-3.89345e-05
-3.95409e-05
-4.00139e-05
-4.03475e-05
-4.05418e-05
-4.05883e-05
-4.04769e-05
-4.02052e-05
-3.97775e-05
-3.92021e-05
-3.84967e-05
-3.76748e-05
-3.67753e-05
-3.5818e-05
-3.08921e-05
-3.17991e-05
-3.26019e-05
-3.32876e-05
-3.38521e-05
-3.42919e-05
-3.46056e-05
-3.47845e-05
-3.48169e-05
-3.46942e-05
-3.44184e-05
-3.39921e-05
-3.34297e-05
-3.27501e-05
-3.1966e-05
-3.11139e-05
-3.02098e-05
-2.55408e-05
-2.63377e-05
-2.70485e-05
-2.76602e-05
-2.81683e-05
-2.85631e-05
-2.88424e-05
-2.89916e-05
-2.89982e-05
-2.88559e-05
-2.85699e-05
-2.81435e-05
-2.75933e-05
-2.69374e-05
-2.61896e-05
-2.53832e-05
-2.45331e-05
-2.03272e-05
-2.09929e-05
-2.15815e-05
-2.20958e-05
-2.25317e-05
-2.28753e-05
-2.31121e-05
-2.32251e-05
-2.3202e-05
-2.30392e-05
-2.27426e-05
-2.23175e-05
-2.17799e-05
-2.1147e-05
-2.04336e-05
-1.96708e-05
-1.88723e-05
-1.52789e-05
-1.5765e-05
-1.62107e-05
-1.66135e-05
-1.69714e-05
-1.72613e-05
-1.7455e-05
-1.75343e-05
-1.74865e-05
-1.731e-05
-1.70093e-05
-1.65908e-05
-1.60685e-05
-1.54576e-05
-1.47733e-05
-1.40476e-05
-1.32956e-05
-1.03178e-05
-1.06057e-05
-1.09081e-05
-1.12144e-05
-1.15046e-05
-1.17441e-05
-1.19016e-05
-1.19563e-05
-1.18963e-05
-1.1719e-05
-1.14281e-05
-1.1024e-05
-1.05212e-05
-9.93211e-06
-9.26827e-06
-8.57022e-06
-7.8518e-06
-5.44863e-06
-5.63314e-06
-5.86716e-06
-6.10322e-06
-6.30164e-06
-6.43407e-06
-6.47801e-06
-6.42143e-06
-6.25881e-06
-5.9911e-06
-5.61372e-06
-5.13705e-06
-4.56868e-06
-3.91532e-06
-3.23071e-06
-2.53306e-06
-1.85595e-07
-3.06611e-07
-4.93644e-07
-6.9112e-07
-8.6026e-07
-9.78264e-07
-1.02443e-06
-9.85176e-07
-8.52144e-07
-6.19644e-07
-2.81339e-07
1.62062e-07
7.10752e-07
1.3608e-06
2.04436e-06
2.73852e-06
5.29915e-06
5.17451e-06
5.0135e-06
4.84835e-06
4.70425e-06
4.59771e-06
4.54464e-06
4.55951e-06
4.6548e-06
4.84373e-06
5.13435e-06
5.54009e-06
6.06862e-06
6.72132e-06
7.41261e-06
8.11536e-06
1.1012e-05
1.08746e-05
1.07429e-05
1.06195e-05
1.05125e-05
1.04281e-05
1.03773e-05
1.03732e-05
1.04345e-05
1.05787e-05
1.08208e-05
1.11888e-05
1.16953e-05
1.23513e-05
1.30529e-05
1.37832e-05
1.68031e-05
1.6709e-05
1.66436e-05
1.65931e-05
1.65492e-05
1.65145e-05
1.64871e-05
1.64842e-05
1.65257e-05
1.66417e-05
1.68571e-05
1.71949e-05
1.76861e-05
1.83429e-05
1.9064e-05
1.98421e-05
2.22816e-05
2.23267e-05
2.23849e-05
2.24523e-05
2.25151e-05
2.25657e-05
2.26033e-05
2.26473e-05
2.27166e-05
2.2849e-05
2.30743e-05
2.34155e-05
2.39149e-05
2.45941e-05
2.53589e-05
2.62104e-05
2.70301e-05
2.72784e-05
2.75298e-05
2.77713e-05
2.79957e-05
2.81887e-05
2.83603e-05
2.85222e-05
2.8701e-05
2.8922e-05
2.92228e-05
2.96415e-05
3.02075e-05
3.09547e-05
3.18074e-05
3.27528e-05
3.1256e-05
3.18143e-05
3.23315e-05
3.28254e-05
3.32802e-05
3.36983e-05
3.40879e-05
3.44624e-05
3.48356e-05
3.52464e-05
3.57219e-05
3.62884e-05
3.69951e-05
3.78804e-05
3.88557e-05
3.99484e-05
-7.59439e-05
-7.76248e-05
-7.89968e-05
-8.00777e-05
-8.08842e-05
-8.14298e-05
-8.1727e-05
-8.17871e-05
-8.16204e-05
-8.12399e-05
-8.06599e-05
-7.98938e-05
-7.89522e-05
-7.78428e-05
-7.65661e-05
-7.51959e-05
-7.37562e-05
-7.51811e-05
-7.68419e-05
-7.82004e-05
-7.92715e-05
-8.00712e-05
-8.06125e-05
-8.09087e-05
-8.09703e-05
-8.08084e-05
-8.04356e-05
-7.98663e-05
-7.91131e-05
-7.81856e-05
-7.70903e-05
-7.58304e-05
-7.44788e-05
-7.30572e-05
-7.36832e-05
-7.5312e-05
-7.66466e-05
-7.77012e-05
-7.84902e-05
-7.90263e-05
-7.93229e-05
-7.93898e-05
-7.92384e-05
-7.88811e-05
-7.83321e-05
-7.76031e-05
-7.67028e-05
-7.56366e-05
-7.44077e-05
-7.30878e-05
-7.16964e-05
-7.14528e-05
-7.30384e-05
-7.43401e-05
-7.53722e-05
-7.61477e-05
-7.66784e-05
-7.6977e-05
-7.70529e-05
-7.69173e-05
-7.65829e-05
-7.60631e-05
-7.53687e-05
-7.45066e-05
-7.34814e-05
-7.22955e-05
-7.10182e-05
-6.96686e-05
-6.85507e-05
-7.00829e-05
-7.13454e-05
-7.23513e-05
-7.31119e-05
-7.3638e-05
-7.39403e-05
-7.40285e-05
-7.39137e-05
-7.36083e-05
-7.31251e-05
-7.24728e-05
-7.1657e-05
-7.06807e-05
-6.95459e-05
-6.83189e-05
-6.70182e-05
-6.50525e-05
-6.65249e-05
-6.77443e-05
-6.87218e-05
-6.94672e-05
-6.99894e-05
-7.02974e-05
-7.04006e-05
-7.03105e-05
-7.00388e-05
-6.95968e-05
-6.89913e-05
-6.82257e-05
-6.7302e-05
-6.62222e-05
-6.50492e-05
-6.38019e-05
-6.10353e-05
-6.2444e-05
-6.36178e-05
-6.45659e-05
-6.52957e-05
-6.58145e-05
-6.61295e-05
-6.62499e-05
-6.61869e-05
-6.59514e-05
-6.55525e-05
-6.49944e-05
-6.42789e-05
-6.34076e-05
-6.23833e-05
-6.1265e-05
-6.00712e-05
-5.65884e-05
-5.79303e-05
-5.90561e-05
-5.9973e-05
-6.06859e-05
-6.12006e-05
-6.15222e-05
-6.16599e-05
-6.16238e-05
-6.1424e-05
-6.10662e-05
-6.05526e-05
-5.98838e-05
-5.90618e-05
-5.80906e-05
-5.70253e-05
-5.58855e-05
-5.17977e-05
-5.30686e-05
-5.41428e-05
-5.50251e-05
-5.5718e-05
-5.62252e-05
-5.65509e-05
-5.6703e-05
-5.66906e-05
-5.65221e-05
-5.62e-05
-5.57251e-05
-5.50974e-05
-5.43199e-05
-5.33985e-05
-5.23844e-05
-5.12964e-05
-4.6757e-05
-4.795e-05
-4.89665e-05
-4.9808e-05
-5.04745e-05
-5.09679e-05
-5.12913e-05
-5.14512e-05
-5.14556e-05
-5.13105e-05
-5.10161e-05
-5.05721e-05
-4.99789e-05
-4.9241e-05
-4.83661e-05
-4.74009e-05
-4.63651e-05
-4.15483e-05
-4.2654e-05
-4.36034e-05
-4.43945e-05
-4.5025e-05
-4.54951e-05
-4.58061e-05
-4.59642e-05
-4.59757e-05
-4.58437e-05
-4.55674e-05
-4.51462e-05
-4.45804e-05
-4.38777e-05
-4.3047e-05
-4.21302e-05
-4.11453e-05
-3.62563e-05
-3.72627e-05
-3.8133e-05
-3.88616e-05
-3.94432e-05
-3.98761e-05
-4.01636e-05
-4.03091e-05
-4.03167e-05
-4.01869e-05
-3.99188e-05
-3.95119e-05
-3.89685e-05
-3.82972e-05
-3.75086e-05
-3.66394e-05
-3.57079e-05
-3.09494e-05
-3.18435e-05
-3.26212e-05
-3.32728e-05
-3.37919e-05
-3.41766e-05
-3.44278e-05
-3.45495e-05
-3.45426e-05
-3.44057e-05
-3.41381e-05
-3.37396e-05
-3.32131e-05
-3.25705e-05
-3.18223e-05
-3.10015e-05
-3.01234e-05
-2.5701e-05
-2.64677e-05
-2.71363e-05
-2.76942e-05
-2.8137e-05
-2.84639e-05
-2.86704e-05
-2.87595e-05
-2.87305e-05
-2.85803e-05
-2.83082e-05
-2.79133e-05
-2.74012e-05
-2.67851e-05
-2.60752e-05
-2.53016e-05
-2.44783e-05
-2.05713e-05
-2.119e-05
-2.17248e-05
-2.21711e-05
-2.25261e-05
-2.27877e-05
-2.29475e-05
-2.30026e-05
-2.29496e-05
-2.27843e-05
-2.25061e-05
-2.21138e-05
-2.16149e-05
-2.1023e-05
-2.0348e-05
-1.96191e-05
-1.88471e-05
-1.55717e-05
-1.6025e-05
-1.64133e-05
-1.67389e-05
-1.70029e-05
-1.72003e-05
-1.73166e-05
-1.73421e-05
-1.72691e-05
-1.70919e-05
-1.68092e-05
-1.64216e-05
-1.59358e-05
-1.53648e-05
-1.47184e-05
-1.4027e-05
-1.33016e-05
-1.06731e-05
-1.09321e-05
-1.11767e-05
-1.13928e-05
-1.15789e-05
-1.17232e-05
-1.18055e-05
-1.18107e-05
-1.17266e-05
-1.15456e-05
-1.12661e-05
-1.08852e-05
-1.04118e-05
-9.85711e-06
-9.229e-06
-8.56405e-06
-7.87295e-06
-5.76591e-06
-5.85256e-06
-5.96059e-06
-6.09269e-06
-6.22616e-06
-6.33608e-06
-6.39891e-06
-6.39588e-06
-6.31129e-06
-6.13579e-06
-5.86644e-06
-5.4972e-06
-5.03633e-06
-4.4915e-06
-3.86798e-06
-3.21439e-06
-2.5443e-06
-6.53623e-07
-6.63521e-07
-7.48317e-07
-8.56843e-07
-9.4964e-07
-1.00471e-06
-1.00306e-06
-9.26796e-07
-7.65083e-07
-5.11864e-07
-1.60251e-07
2.87895e-07
8.29142e-07
1.45993e-06
2.11822e-06
2.78691e-06
4.84098e-06
4.82666e-06
4.75081e-06
4.65983e-06
4.58246e-06
4.53426e-06
4.53373e-06
4.59878e-06
4.74234e-06
4.9747e-06
5.30397e-06
5.73752e-06
6.27731e-06
6.92354e-06
7.59848e-06
8.28385e-06
1.06855e-05
1.06025e-05
1.05394e-05
1.04791e-05
1.04288e-05
1.04005e-05
1.04083e-05
1.0467e-05
1.05931e-05
1.08038e-05
1.11077e-05
1.15225e-05
1.20578e-05
1.27179e-05
1.34136e-05
1.41439e-05
1.66821e-05
1.66333e-05
1.66118e-05
1.66061e-05
1.66104e-05
1.6627e-05
1.66624e-05
1.67316e-05
1.68512e-05
1.70472e-05
1.73374e-05
1.77376e-05
1.82663e-05
1.89406e-05
1.96699e-05
2.04627e-05
2.24838e-05
2.2547e-05
2.26379e-05
2.27358e-05
2.28364e-05
2.29339e-05
2.3033e-05
2.31454e-05
2.32956e-05
2.35082e-05
2.38149e-05
2.42331e-05
2.4787e-05
2.54996e-05
2.62858e-05
2.7139e-05
2.75889e-05
2.78665e-05
2.81374e-05
2.84002e-05
2.86481e-05
2.88775e-05
2.90914e-05
2.93051e-05
2.95471e-05
2.98457e-05
3.0234e-05
3.07318e-05
3.13716e-05
3.21681e-05
3.30382e-05
3.39463e-05
3.21904e-05
3.27767e-05
3.33118e-05
3.38152e-05
3.42863e-05
3.47208e-05
3.51249e-05
3.55236e-05
3.59407e-05
3.641e-05
3.69506e-05
3.76073e-05
3.83918e-05
3.93331e-05
4.03126e-05
4.13207e-05
-7.5199e-05
-7.69246e-05
-7.83473e-05
-7.94841e-05
-8.035e-05
-8.0957e-05
-8.13144e-05
-8.14299e-05
-8.1311e-05
-8.0968e-05
-8.04152e-05
-7.9667e-05
-7.87367e-05
-7.76354e-05
-7.63683e-05
-7.50118e-05
-7.35909e-05
-7.44557e-05
-7.61594e-05
-7.75669e-05
-7.86927e-05
-7.95503e-05
-8.01512e-05
-8.05052e-05
-8.06203e-05
-8.05043e-05
-8.01676e-05
-7.96242e-05
-7.88882e-05
-7.79717e-05
-7.68855e-05
-7.56344e-05
-7.42961e-05
-7.28921e-05
-7.29934e-05
-7.46641e-05
-7.60459e-05
-7.71531e-05
-7.79978e-05
-7.85908e-05
-7.89418e-05
-7.90589e-05
-7.89503e-05
-7.86266e-05
-7.81014e-05
-7.73881e-05
-7.64978e-05
-7.54401e-05
-7.42197e-05
-7.29122e-05
-7.15377e-05
-7.08112e-05
-7.2437e-05
-7.37842e-05
-7.48664e-05
-7.56945e-05
-7.62782e-05
-7.66268e-05
-7.67484e-05
-7.66516e-05
-7.63472e-05
-7.58483e-05
-7.51673e-05
-7.43139e-05
-7.32962e-05
-7.21183e-05
-7.08528e-05
-6.95187e-05
-6.7967e-05
-6.95389e-05
-7.0845e-05
-7.18977e-05
-7.27069e-05
-7.32807e-05
-7.36278e-05
-7.3756e-05
-7.36745e-05
-7.33944e-05
-7.29282e-05
-7.22864e-05
-7.14777e-05
-7.05078e-05
-6.93804e-05
-6.81645e-05
-6.68788e-05
-6.45337e-05
-6.60443e-05
-6.73048e-05
-6.83253e-05
-6.91141e-05
-6.96777e-05
-7.00239e-05
-7.01604e-05
-7.00968e-05
-6.98444e-05
-6.94148e-05
-6.88167e-05
-6.80568e-05
-6.71389e-05
-6.60667e-05
-6.49051e-05
-6.36721e-05
-6.05878e-05
-6.20333e-05
-6.32447e-05
-6.42309e-05
-6.49979e-05
-6.55505e-05
-6.58956e-05
-6.60409e-05
-6.59962e-05
-6.57729e-05
-6.53811e-05
-6.48277e-05
-6.41171e-05
-6.3252e-05
-6.22361e-05
-6.11295e-05
-5.99507e-05
-5.62178e-05
-5.75927e-05
-5.87517e-05
-5.97005e-05
-6.04431e-05
-6.09823e-05
-6.13246e-05
-6.14774e-05
-6.14505e-05
-6.12552e-05
-6.08997e-05
-6.03891e-05
-5.97256e-05
-5.89115e-05
-5.79506e-05
-5.68986e-05
-5.57736e-05
-5.1506e-05
-5.2806e-05
-5.39071e-05
-5.48138e-05
-5.55272e-05
-5.60485e-05
-5.63841e-05
-5.65405e-05
-5.65277e-05
-5.63565e-05
-5.60332e-05
-5.55608e-05
-5.494e-05
-5.4173e-05
-5.32642e-05
-5.22645e-05
-5.11922e-05
-4.6546e-05
-4.77613e-05
-4.87969e-05
-4.96535e-05
-5.033e-05
-5.08258e-05
-5.11479e-05
-5.13016e-05
-5.12968e-05
-5.11436e-05
-5.08461e-05
-5.04056e-05
-4.9822e-05
-4.90975e-05
-4.82378e-05
-4.72891e-05
-4.62687e-05
-4.14149e-05
-4.25358e-05
-4.34948e-05
-4.42907e-05
-4.49197e-05
-4.53796e-05
-4.56795e-05
-4.58221e-05
-4.58173e-05
-4.5674e-05
-4.53947e-05
-4.49788e-05
-4.44261e-05
-4.37396e-05
-4.29261e-05
-4.20264e-05
-4.10578e-05
-3.61981e-05
-3.72101e-05
-3.80796e-05
-3.88017e-05
-3.93709e-05
-3.97848e-05
-4.00505e-05
-4.01723e-05
-4.0159e-05
-4.00174e-05
-3.9748e-05
-3.93497e-05
-3.88222e-05
-3.81696e-05
-3.74e-05
-3.65493e-05
-3.56334e-05
-3.09588e-05
-3.18495e-05
-3.26153e-05
-3.32496e-05
-3.37459e-05
-3.41036e-05
-3.43247e-05
-3.44168e-05
-3.43874e-05
-3.42399e-05
-3.39736e-05
-3.35868e-05
-3.30794e-05
-3.24572e-05
-3.17292e-05
-3.09266e-05
-3.00645e-05
-2.57691e-05
-2.6525e-05
-2.71733e-05
-2.7705e-05
-2.81152e-05
-2.84047e-05
-2.85759e-05
-2.86337e-05
-2.85835e-05
-2.84254e-05
-2.81573e-05
-2.77775e-05
-2.72863e-05
-2.66918e-05
-2.60027e-05
-2.52481e-05
-2.44399e-05
-2.067e-05
-2.12819e-05
-2.18013e-05
-2.22158e-05
-2.253e-05
-2.27465e-05
-2.28662e-05
-2.28897e-05
-2.28178e-05
-2.26474e-05
-2.23754e-05
-2.19996e-05
-2.15218e-05
-2.09517e-05
-2.02974e-05
-1.95867e-05
-1.88304e-05
-1.57094e-05
-1.61597e-05
-1.65297e-05
-1.68221e-05
-1.70392e-05
-1.71862e-05
-1.72596e-05
-1.72541e-05
-1.71639e-05
-1.69833e-05
-1.67087e-05
-1.63353e-05
-1.58686e-05
-1.53182e-05
-1.46912e-05
-1.40181e-05
-1.33071e-05
-1.08537e-05
-1.11309e-05
-1.1344e-05
-1.15135e-05
-1.16466e-05
-1.17395e-05
-1.17796e-05
-1.17549e-05
-1.16539e-05
-1.1468e-05
-1.11932e-05
-1.08224e-05
-1.03637e-05
-9.82562e-06
-9.21402e-06
-8.56586e-06
-7.89026e-06
-6.01492e-06
-6.0989e-06
-6.17116e-06
-6.2424e-06
-6.32146e-06
-6.38289e-06
-6.40617e-06
-6.37423e-06
-6.27075e-06
-6.08536e-06
-5.81318e-06
-5.4464e-06
-4.99203e-06
-4.45713e-06
-3.84647e-06
-3.20893e-06
-2.55326e-06
-9.57684e-07
-8.86694e-07
-8.7368e-07
-9.1011e-07
-9.68194e-07
-1.0178e-06
-1.03466e-06
-1.00273e-06
-9.02712e-07
-7.22646e-07
-4.56252e-07
-9.4788e-08
3.58362e-07
8.97924e-07
1.52103e-06
2.16586e-06
2.82022e-06
4.61299e-06
4.64463e-06
4.61138e-06
4.56245e-06
4.52214e-06
4.50938e-06
4.54192e-06
4.63755e-06
4.80979e-06
5.06715e-06
5.41961e-06
5.86899e-06
6.41387e-06
7.05657e-06
7.71604e-06
8.39932e-06
1.0493e-05
1.04958e-05
1.0464e-05
1.04357e-05
1.04162e-05
1.04193e-05
1.04621e-05
1.05583e-05
1.07244e-05
1.097e-05
1.13076e-05
1.17461e-05
1.22873e-05
1.29395e-05
1.36313e-05
1.43766e-05
1.66372e-05
1.6613e-05
1.66278e-05
1.66512e-05
1.66797e-05
1.6727e-05
1.67997e-05
1.69114e-05
1.70802e-05
1.73225e-05
1.76526e-05
1.80806e-05
1.86186e-05
1.92903e-05
2.00436e-05
2.08471e-05
2.25539e-05
2.26495e-05
2.27603e-05
2.28764e-05
2.29957e-05
2.31214e-05
2.32562e-05
2.34159e-05
2.36172e-05
2.38879e-05
2.42413e-05
2.46927e-05
2.52657e-05
2.59984e-05
2.6808e-05
2.76607e-05
2.77971e-05
2.81088e-05
2.83953e-05
2.8671e-05
2.89355e-05
2.91873e-05
2.94325e-05
2.96872e-05
2.99773e-05
3.03307e-05
3.07662e-05
3.13117e-05
3.19788e-05
3.28116e-05
3.36731e-05
3.45714e-05
3.26438e-05
3.32513e-05
3.38013e-05
3.43171e-05
3.47999e-05
3.52502e-05
3.56789e-05
3.61022e-05
3.65573e-05
3.70665e-05
3.76641e-05
3.83615e-05
3.91867e-05
4.01391e-05
4.11207e-05
4.20851e-05
)
;

boundaryField
{
    frontAndBack
    {
        type            slip;
    }
    inlet
    {
        type            zeroGradient;
    }
    outlet
    {
        type            fixedValue;
        value           nonuniform List<scalar> 0();
    }
    lowerWall
    {
        type            zeroGradient;
    }
    upperWall
    {
        type            slip;
    }
    procBoundary1to0
    {
        type            processor;
        value           nonuniform List<scalar> 
135
(
-7.78456e-05
-7.69494e-05
-7.52841e-05
-7.28588e-05
-6.9735e-05
-6.59747e-05
-6.16711e-05
-5.69112e-05
-5.17841e-05
-4.63845e-05
-4.08328e-05
-3.52328e-05
-2.96753e-05
-2.4233e-05
-1.97509e-05
-1.97509e-05
-1.97509e-05
-1.45063e-05
-1.45063e-05
-9.36632e-06
-4.21213e-06
1.0427e-06
6.41016e-06
1.18108e-05
1.70342e-05
2.16659e-05
2.53538e-05
2.85436e-05
-7.67944e-05
-7.59496e-05
-7.43512e-05
-7.19971e-05
-6.89524e-05
-6.52867e-05
-6.10836e-05
-5.64271e-05
-5.14155e-05
-4.61431e-05
-4.07162e-05
-3.52267e-05
-2.97739e-05
-2.44292e-05
-1.92458e-05
-1.42431e-05
-9.78131e-06
-9.78131e-06
-9.78131e-06
-4.67161e-06
5.91616e-07
6.01189e-06
1.15449e-05
1.69861e-05
2.19181e-05
2.59485e-05
2.9433e-05
-7.52852e-05
-7.45032e-05
-7.29835e-05
-7.07261e-05
-6.77939e-05
-6.42586e-05
-6.01989e-05
-5.56993e-05
-5.08564e-05
-4.57632e-05
-4.05148e-05
-3.5196e-05
-2.98928e-05
-2.46753e-05
-1.96207e-05
-1.47486e-05
-9.9697e-06
-5.27968e-06
-5.27968e-06
-5.27968e-06
-6.64229e-08
5.41055e-06
1.1122e-05
1.68653e-05
2.21935e-05
2.66948e-05
3.06158e-05
-7.39395e-05
-7.3202e-05
-7.17464e-05
-6.95735e-05
-6.67406e-05
-6.33203e-05
-5.93867e-05
-5.50276e-05
-5.03299e-05
-4.53895e-05
-4.02909e-05
-3.51208e-05
-2.99502e-05
-2.48523e-05
-1.98858e-05
-1.5076e-05
-1.03551e-05
-5.60513e-06
-6.37812e-07
-6.37812e-07
-6.37812e-07
4.86055e-06
1.07341e-05
1.67154e-05
2.23521e-05
2.7199e-05
3.15028e-05
-7.31636e-05
-7.24445e-05
-7.10234e-05
-6.88977e-05
-6.61215e-05
-6.27664e-05
-5.89042e-05
-5.46247e-05
-5.00086e-05
-4.51541e-05
-4.01382e-05
-3.50513e-05
-2.99544e-05
-2.49227e-05
-1.99923e-05
-1.51956e-05
-1.05285e-05
-5.88692e-06
-9.69738e-07
4.55489e-06
4.55489e-06
1.05108e-05
1.66229e-05
2.23846e-05
2.73861e-05
3.19206e-05
)
;
    }
    procBoundary1to2
    {
        type            processor;
        value           nonuniform List<scalar> 
124
(
-7.2897e-05
-7.21774e-05
-7.08089e-05
-6.87857e-05
-6.61442e-05
-6.29334e-05
-5.92198e-05
-5.50574e-05
-5.04918e-05
-4.55713e-05
-4.03682e-05
-3.4945e-05
-2.9365e-05
-2.37029e-05
-1.80593e-05
-1.25067e-05
-7.08871e-06
-1.80655e-06
3.38059e-06
8.5858e-06
1.39538e-05
1.95763e-05
2.54753e-05
3.172e-05
-7.27315e-05
-7.20262e-05
-7.06711e-05
-6.86563e-05
-6.60263e-05
-6.28304e-05
-5.91269e-05
-5.49694e-05
-5.04118e-05
-4.55055e-05
-4.03133e-05
-3.48948e-05
-2.93238e-05
-2.3681e-05
-1.80536e-05
-1.25059e-05
-7.08922e-06
-1.80266e-06
3.41384e-06
8.69359e-06
1.4196e-05
2.0021e-05
2.61382e-05
3.25533e-05
3.98594e-05
-7.2492e-05
-7.17994e-05
-7.04576e-05
-6.84574e-05
-6.58425e-05
-6.26636e-05
-5.89739e-05
-5.48289e-05
-5.02835e-05
-4.53932e-05
-4.02147e-05
-3.48124e-05
-2.92642e-05
-2.36503e-05
-1.80482e-05
-1.2524e-05
-7.12248e-06
-1.82932e-06
3.4387e-06
8.83617e-06
1.45506e-05
2.06802e-05
2.71332e-05
3.3795e-05
4.1182e-05
-7.22589e-05
-7.15734e-05
-7.02422e-05
-6.82555e-05
-6.56546e-05
-6.24911e-05
-5.88153e-05
-5.46838e-05
-5.0149e-05
-4.52716e-05
-4.01068e-05
-3.47255e-05
-2.91998e-05
-2.36139e-05
-1.80406e-05
-1.25465e-05
-7.16055e-06
-1.8565e-06
3.4695e-06
8.99286e-06
1.49137e-05
2.13069e-05
2.8044e-05
3.49132e-05
4.23983e-05
-7.2115e-05
-7.143e-05
-7.01041e-05
-6.8125e-05
-6.55331e-05
-6.23786e-05
-5.87115e-05
-5.45881e-05
-5.00606e-05
-4.51906e-05
-4.00341e-05
-3.46654e-05
-2.91541e-05
-2.35879e-05
-1.80353e-05
-1.25627e-05
-7.18771e-06
-1.87637e-06
3.49434e-06
9.11011e-06
1.51589e-05
2.17152e-05
2.85709e-05
3.54993e-05
4.31139e-05
)
;
    }
    procBoundary1to4
    {
        type            processor;
        value           nonuniform List<scalar> 
82
(
3.74767e-05
3.34838e-05
3.44011e-05
3.52721e-05
3.6118e-05
3.69414e-05
3.7735e-05
3.85068e-05
3.92452e-05
3.99323e-05
4.05741e-05
4.12104e-05
4.18957e-05
4.2723e-05
4.38255e-05
3.74767e-05
4.50937e-05
3.74767e-05
3.45685e-05
3.55106e-05
3.63955e-05
3.72287e-05
3.80155e-05
3.87789e-05
3.95128e-05
4.02217e-05
4.08963e-05
4.15627e-05
4.22321e-05
4.29536e-05
4.38109e-05
4.48813e-05
4.61024e-05
4.75175e-05
3.60666e-05
3.70227e-05
3.79125e-05
3.87407e-05
3.95198e-05
4.02569e-05
4.09565e-05
4.16277e-05
4.23023e-05
4.29916e-05
4.37164e-05
4.45236e-05
4.5451e-05
4.65471e-05
4.77231e-05
4.90101e-05
3.72508e-05
3.82372e-05
3.91363e-05
3.99757e-05
4.07598e-05
4.14894e-05
4.21839e-05
4.28609e-05
4.35469e-05
4.42601e-05
4.50472e-05
4.59208e-05
4.69194e-05
4.80622e-05
4.92233e-05
5.04111e-05
3.78718e-05
3.88692e-05
3.97851e-05
4.06355e-05
4.14277e-05
4.21671e-05
4.28701e-05
4.35619e-05
4.42637e-05
4.50128e-05
4.58334e-05
4.6746e-05
4.7771e-05
4.89299e-05
5.00646e-05
5.12197e-05
)
;
    }
}


// ************************************************************************* //
