/*--------------------------------*- C++ -*----------------------------------*\
  =========                 |
  \\      /  F ield         | OpenFOAM: The Open Source CFD Toolbox
   \\    /   O peration     | Website:  https://openfoam.org
    \\  /    A nd           | Version:  10
     \\/     M anipulation  |
\*---------------------------------------------------------------------------*/
FoamFile
{
    format      ascii;
    class       surfaceScalarField;
    location    "10";
    object      phi;
}
// * * * * * * * * * * * * * * * * * * * * * * * * * * * * * * * * * * * * * //

dimensions      [0 3 -1 0 0 0 0];

internalField   nonuniform List<scalar> 
5620
(
-200
4.86117e-06
1.30241e-06
-200
4.45146e-06
1.23824e-06
-200
4.356e-06
1.18857e-06
-200
3.98411e-06
1.09528e-06
-200
3.82863e-06
9.37877e-07
-200
3.51876e-06
6.46287e-07
-200
3.27694e-06
3.70668e-07
-200
2.96334e-06
-5.0226e-08
-200
2.71516e-06
-2.30869e-07
-200
2.4732e-06
-2.6476e-07
-200
2.3416e-06
-1.82083e-07
-200
2.29349e-06
-2.48325e-08
-200
2.33776e-06
1.83959e-07
-200
2.43519e-06
3.31231e-07
-200
1.39992e-06
5.16036e-07
-200
1.07618e-06
6.8037e-07
9.30312e-07
6.9599e-07
-200
1.08049e-05
5.12441e-07
-200
1.01922e-05
4.31084e-07
-200
9.72477e-06
4.41029e-07
-200
9.05487e-06
4.17655e-07
-200
8.53128e-06
2.80869e-07
-200
7.85906e-06
1.51639e-07
-200
7.22931e-06
-1.50301e-07
-200
6.56229e-06
-4.38456e-07
-200
5.95629e-06
-5.67015e-07
-200
5.45882e-06
-5.63288e-07
-200
5.16796e-06
-4.49285e-07
-200
5.06473e-06
-2.73933e-07
-200
5.12565e-06
-6.32058e-08
-200
5.30767e-06
1.36649e-07
-200
3.08763e-06
3.33287e-07
-200
2.50247e-06
4.4263e-07
2.21925e-06
4.34601e-07
-200
1.64312e-05
6.57029e-07
-200
1.56274e-05
5.21625e-07
-200
1.47914e-05
5.26875e-07
-200
1.39084e-05
4.67851e-07
-200
1.29736e-05
3.34518e-07
-200
1.20199e-05
2.093e-07
-200
1.10432e-05
-1.91871e-07
-200
1.0082e-05
-4.00941e-07
-200
9.17805e-06
-5.85524e-07
-200
8.48238e-06
-5.73137e-07
-200
8.04825e-06
-4.67044e-07
-200
7.88174e-06
-2.96384e-07
-200
7.93347e-06
-8.83436e-08
-200
8.1655e-06
1.33707e-07
-200
4.74333e-06
3.04108e-07
-200
3.89065e-06
4.25265e-07
3.4635e-06
4.5636e-07
-200
2.17835e-05
6.65589e-07
-200
2.06539e-05
5.50123e-07
-200
1.95945e-05
5.60834e-07
-200
1.84384e-05
4.54183e-07
-200
1.72394e-05
3.29954e-07
-200
1.60085e-05
8.42375e-08
-200
1.47657e-05
-2.0919e-07
-200
1.35115e-05
-4.42169e-07
-200
1.23804e-05
-5.79656e-07
-200
1.15102e-05
-5.7018e-07
-200
1.09535e-05
-4.61978e-07
-200
1.07217e-05
-3.01571e-07
-200
1.07552e-05
-9.24287e-08
-200
1.09995e-05
9.38393e-08
-200
6.41e-06
2.56036e-07
-200
5.25041e-06
4.40562e-07
4.67394e-06
4.16961e-07
-200
2.66572e-05
6.98228e-07
-200
2.53142e-05
5.75834e-07
-200
2.4036e-05
5.72357e-07
-200
2.26491e-05
4.50459e-07
-200
2.12373e-05
2.98736e-07
-200
1.97565e-05
1.84742e-08
-200
1.82602e-05
-1.31233e-07
-200
1.67699e-05
-4.08089e-07
-200
1.54624e-05
-4.80126e-07
-200
1.44435e-05
-4.66879e-07
-200
1.37923e-05
-3.48896e-07
-200
1.34975e-05
-1.93842e-07
-200
1.3502e-05
-1.04628e-08
-200
1.37356e-05
1.50745e-07
-200
8.01256e-06
3.37603e-07
-200
6.57931e-06
4.22988e-07
5.82041e-06
4.69981e-07
-200
3.11845e-05
5.75333e-07
-200
2.97174e-05
4.72738e-07
-200
2.82097e-05
4.08051e-07
-200
2.66454e-05
3.32068e-07
-200
2.50215e-05
8.77049e-08
-200
2.3339e-05
-4.14325e-08
-200
2.16112e-05
-2.74786e-07
-200
1.99339e-05
-4.03328e-07
-200
1.84798e-05
-4.45182e-07
-200
1.73426e-05
-3.82657e-07
-200
1.66161e-05
-2.48768e-07
-200
1.62499e-05
-8.12431e-08
-200
1.62251e-05
3.16735e-08
-200
1.64406e-05
1.74086e-07
-200
9.66789e-06
2.7511e-07
-200
7.90483e-06
3.67521e-07
7.01938e-06
3.52747e-07
-200
3.5338e-05
5.40513e-07
-200
3.37294e-05
3.67785e-07
-200
3.20473e-05
3.23063e-07
-200
3.0328e-05
2.31525e-07
-200
2.85017e-05
1.64141e-09
-200
2.66336e-05
-4.86727e-08
-200
2.47437e-05
-3.08817e-07
-200
2.2947e-05
-3.36756e-07
-200
2.13671e-05
-3.03382e-07
-200
2.01447e-05
-1.59346e-07
-200
1.93552e-05
-3.71844e-09
-200
1.89521e-05
9.62478e-08
-200
1.88791e-05
1.51755e-07
-200
1.90593e-05
2.35702e-07
-200
1.12802e-05
2.74565e-07
-200
9.22999e-06
2.96582e-07
8.11421e-06
3.76103e-07
-200
3.91624e-05
3.42421e-07
-200
3.73797e-05
1.78185e-07
-200
3.55939e-05
1.92669e-07
-200
3.37169e-05
3.98282e-08
-200
3.17672e-05
-1.17946e-07
-200
2.9766e-05
-3.11884e-07
-200
2.7752e-05
-3.53653e-07
-200
2.58474e-05
-3.18426e-07
-200
2.41744e-05
-1.40389e-07
-200
2.29055e-05
8.43253e-08
-200
2.21163e-05
1.91269e-07
-200
2.1656e-05
2.29042e-07
-200
2.1515e-05
2.14182e-07
-200
2.16372e-05
1.77471e-07
-200
1.28866e-05
1.91692e-07
-200
1.05517e-05
2.54743e-07
9.17237e-06
2.63222e-07
-200
4.24597e-05
2.5184e-07
-200
4.06181e-05
1.36483e-07
-200
3.87568e-05
1.28189e-07
-200
3.67686e-05
-6.98013e-08
-200
3.4719e-05
-1.68835e-07
-200
3.26347e-05
-3.68488e-07
-200
3.0546e-05
-3.06033e-07
-200
2.85407e-05
-1.34055e-07
-200
2.68648e-05
1.78601e-07
-200
2.55958e-05
4.40761e-07
-200
2.48081e-05
5.21581e-07
-200
2.42818e-05
4.13088e-07
-200
2.40649e-05
2.86231e-07
-200
2.40586e-05
1.99839e-07
-200
1.44144e-05
2.12902e-07
-200
1.17842e-05
2.07529e-07
1.01419e-05
2.7559e-07
-200
4.54069e-05
-1.88007e-08
-200
4.35484e-05
4.11165e-08
-200
4.16272e-05
-6.55486e-08
-200
3.95938e-05
-2.03845e-07
-200
3.7497e-05
-4.30852e-07
-200
3.53241e-05
-3.9376e-07
-200
3.31627e-05
-2.80785e-07
-200
3.11635e-05
4.8372e-08
-200
2.9537e-05
4.68248e-07
-200
2.83349e-05
7.04558e-07
-200
2.74952e-05
6.73175e-07
-200
2.6896e-05
4.74657e-07
-200
2.65802e-05
2.1828e-07
-200
2.63911e-05
1.2015e-07
-200
1.59307e-05
1.13681e-07
-200
1.29501e-05
1.13444e-07
1.11597e-05
9.76343e-08
-200
4.79112e-05
-6.47165e-08
-200
4.6074e-05
-2.03546e-08
-200
4.41239e-05
-1.0781e-07
-200
4.20702e-05
-2.09339e-07
-200
3.99505e-05
-4.00323e-07
-200
3.77379e-05
-2.88687e-07
-200
3.55601e-05
-5.88562e-08
-200
3.3674e-05
4.02909e-07
-200
3.2125e-05
8.47455e-07
-200
3.09979e-05
9.94401e-07
-200
3.0088e-05
8.30854e-07
-200
2.94338e-05
4.69556e-07
-200
2.89235e-05
2.73139e-07
-200
2.85431e-05
1.1866e-07
-200
1.73517e-05
3.4239e-08
-200
1.40603e-05
-1.13267e-08
1.20526e-05
4.2316e-08
-200
5.00843e-05
-2.83668e-07
-200
4.82692e-05
-1.82788e-07
-200
4.63516e-05
-1.98414e-07
-200
4.43123e-05
-3.76849e-07
-200
4.21578e-05
-3.27483e-07
-200
3.99789e-05
-2.40486e-07
-200
3.79145e-05
1.28648e-07
-200
3.61585e-05
6.76743e-07
-200
3.47477e-05
1.04688e-06
-200
3.36256e-05
1.05144e-06
-200
3.26527e-05
8.01423e-07
-200
3.19002e-05
3.52661e-07
-200
3.1186e-05
1.69816e-07
-200
3.05793e-05
-8.63115e-09
-200
1.87088e-05
-1.35768e-07
-200
1.50955e-05
-5.73507e-08
1.28705e-05
-1.45905e-07
-200
5.17947e-05
-3.47606e-07
-200
5.0076e-05
-1.89196e-07
-200
4.82041e-05
-1.79341e-07
-200
4.62027e-05
-3.12296e-07
-200
4.40807e-05
-2.12925e-07
-200
4.20158e-05
-2.98694e-08
-200
4.01303e-05
4.92941e-07
-200
3.85363e-05
1.01792e-06
-200
3.72657e-05
1.24963e-06
-200
3.6152e-05
1.11367e-06
-200
3.51638e-05
6.16182e-07
-200
3.42087e-05
3.18129e-07
-200
3.32686e-05
1.65626e-07
-200
3.24255e-05
-8.59324e-08
-200
1.99199e-05
-1.52533e-07
-200
1.60069e-05
-1.36366e-07
1.35264e-05
-1.20877e-07
-200
-6.25745e-07
-200
5.1527e-05
-1.43458e-07
-200
4.97725e-05
-3.05555e-07
-200
4.78566e-05
-2.88636e-07
-200
4.58993e-05
-3.24406e-07
-200
4.3984e-05
1.44452e-07
-200
4.23057e-05
6.82487e-07
-200
4.09023e-05
1.1762e-06
-200
3.97348e-05
1.21762e-06
-200
3.86552e-05
9.88195e-07
-200
3.757e-05
4.07965e-07
-200
3.64006e-05
2.55953e-07
-200
3.52345e-05
5.62929e-08
-200
3.41454e-05
-1.87873e-07
-200
2.10459e-05
-2.2354e-07
-200
1.68131e-05
-2.85316e-07
1.41524e-05
-2.41802e-07
-200
5.25951e-05
-3.32101e-07
-200
5.09169e-05
-1.78495e-07
-200
4.91316e-05
-1.5832e-07
-200
4.73817e-05
-5.48092e-08
-200
4.57291e-05
4.39758e-07
-200
4.43391e-05
9.21154e-07
-200
4.31515e-05
1.27325e-06
-200
4.20856e-05
1.17504e-06
-200
4.10101e-05
8.58693e-07
-200
3.97863e-05
3.55795e-07
-200
3.84139e-05
2.69238e-07
-200
3.70237e-05
4.62715e-08
-200
3.56951e-05
-1.12155e-07
-200
2.2022e-05
-2.44793e-07
-200
1.74962e-05
-3.72029e-07
1.46574e-05
-3.65474e-07
-200
5.32677e-05
-5.53172e-07
-200
5.17184e-05
-2.02639e-07
-200
5.01388e-05
-2.17833e-07
-200
4.86408e-05
1.16541e-07
-200
4.73559e-05
5.0756e-07
-200
4.62734e-05
1.03783e-06
-200
4.53338e-05
1.11051e-06
-200
4.43864e-05
9.33888e-07
-200
4.32485e-05
5.86608e-07
-200
4.18744e-05
3.46661e-07
-200
4.03721e-05
1.29094e-07
-200
3.87597e-05
7.73474e-09
-200
3.72057e-05
-9.12766e-08
-200
2.28798e-05
-2.78416e-07
-200
1.80934e-05
-4.18523e-07
1.50772e-05
-5.68141e-07
-200
5.34239e-05
-3.89724e-07
-200
5.20855e-05
-2.11453e-07
-200
5.07801e-05
-1.3647e-07
-200
4.9642e-05
2.27797e-07
-200
4.88025e-05
6.32728e-07
-200
4.80822e-05
9.67174e-07
-200
4.73537e-05
9.4583e-07
-200
4.64871e-05
7.22568e-07
-200
4.52931e-05
4.7859e-07
-200
4.38577e-05
3.03147e-07
-200
4.22147e-05
2.0102e-07
-200
4.04411e-05
1.4807e-07
-200
3.87039e-05
2.33954e-08
-200
2.36178e-05
-1.50487e-07
-200
1.85789e-05
-4.3174e-07
1.53586e-05
-5.18031e-07
-200
5.3363e-05
-4.69394e-07
-200
5.22028e-05
-2.86998e-07
-200
5.12536e-05
-2.0388e-07
-200
5.05496e-05
1.33763e-07
-200
5.01299e-05
5.73851e-07
-200
4.9779e-05
6.98331e-07
-200
4.92254e-05
6.20851e-07
-200
4.83886e-05
4.28966e-07
-200
4.72146e-05
3.55599e-07
-200
4.57637e-05
2.11743e-07
-200
4.40585e-05
2.95652e-07
-200
4.22105e-05
2.69668e-07
-200
4.03424e-05
1.51343e-07
-200
2.43587e-05
-3.31156e-08
-200
1.89677e-05
-3.62497e-07
1.57194e-05
-6.44389e-07
-200
5.30213e-05
-3.7431e-07
-200
5.20502e-05
-2.14878e-07
-200
5.13918e-05
5.23291e-08
-200
5.12101e-05
2.3885e-07
-200
5.12158e-05
4.66002e-07
-200
5.11706e-05
5.18251e-07
-200
5.07695e-05
3.72758e-07
-200
4.99908e-05
2.88119e-07
-200
4.8904e-05
3.16781e-07
-200
4.75104e-05
2.74924e-07
-200
4.58797e-05
4.87346e-07
-200
4.40556e-05
5.13478e-07
-200
4.21801e-05
4.47774e-07
-200
2.51595e-05
9.08339e-08
-200
1.9355e-05
-2.29321e-07
1.5992e-05
-3.99271e-07
-200
5.24116e-05
-2.96228e-07
-200
5.16857e-05
-3.88769e-08
-200
5.15262e-05
-6.81939e-08
-200
5.17855e-05
1.18493e-07
-200
5.21426e-05
1.86682e-07
-200
5.2309e-05
1.3263e-07
-200
5.2071e-05
-3.85318e-09
-200
5.14351e-05
8.55096e-09
-200
5.04742e-05
9.8354e-08
-200
4.92684e-05
1.8542e-07
-200
4.78082e-05
4.50648e-07
-200
4.61317e-05
6.23907e-07
-200
4.43955e-05
6.00498e-07
-200
2.5981e-05
3.80023e-07
-200
1.98343e-05
8.60522e-08
1.63825e-05
-1.81307e-07
-200
5.16887e-05
-3.40323e-07
-200
5.12856e-05
-1.15172e-07
-200
5.15949e-05
-3.26282e-08
-200
5.21701e-05
5.05716e-08
-200
5.27656e-05
-1.42757e-08
-200
5.30843e-05
-1.55958e-07
-200
5.29898e-05
-1.9177e-07
-200
5.25886e-05
-1.46054e-07
-200
5.18499e-05
-1.58285e-08
-200
5.0912e-05
1.60979e-07
-200
4.97212e-05
4.32896e-07
-200
4.83531e-05
7.61427e-07
-200
4.68648e-05
8.58509e-07
-200
2.69008e-05
7.59231e-07
-200
2.04718e-05
4.93483e-07
1.69628e-05
3.57605e-07
-200
5.08744e-05
-3.1451e-07
-200
5.10399e-05
-3.63203e-07
-200
5.17407e-05
-2.18089e-07
-200
5.25125e-05
-2.10105e-07
-200
5.31709e-05
-3.27114e-07
-200
5.35385e-05
-4.08959e-07
-200
5.36246e-05
-4.89777e-07
-200
5.34519e-05
-3.378e-07
-200
5.30335e-05
-1.98342e-07
-200
5.24535e-05
-1.06555e-08
-200
5.16752e-05
2.65839e-07
-200
5.06933e-05
7.03393e-07
-200
4.95741e-05
9.89709e-07
-200
2.81344e-05
1.06626e-06
-200
2.13989e-05
9.91752e-07
1.77738e-05
7.59081e-07
-200
5.0083e-05
-3.24766e-07
-200
5.09356e-05
-2.60737e-07
-200
5.16718e-05
-1.49722e-07
-200
5.24002e-05
-5.88294e-08
-200
5.30622e-05
-2.05068e-07
-200
5.35167e-05
-3.59948e-07
-200
5.37134e-05
-3.76912e-07
-200
5.37282e-05
-2.19307e-07
-200
5.36764e-05
-1.50845e-07
-200
5.34916e-05
1.2511e-07
-200
5.32327e-05
5.42088e-07
-200
5.28325e-05
7.57294e-07
-200
5.23334e-05
1.41806e-06
-200
2.92478e-05
1.91604e-06
-200
2.22142e-05
1.74015e-06
1.85418e-05
1.70398e-06
-200
4.95487e-05
-1.46399e-07
-200
5.07875e-05
-1.58257e-07
-200
5.12836e-05
1.19364e-07
-200
5.19574e-05
-6.52643e-08
-200
5.24181e-05
2.04733e-07
-200
5.27027e-05
3.31932e-07
-200
5.31702e-05
1.05579e-08
-200
5.36116e-05
-2.71483e-07
-200
5.39039e-05
-2.53647e-07
-200
5.42161e-05
-4.87419e-08
-200
5.4647e-05
2.80582e-07
-200
5.4915e-05
9.3026e-07
-200
5.51459e-05
1.72524e-06
-200
3.05776e-05
2.20758e-06
-200
2.29555e-05
2.63451e-06
2.0515e-06
-200
5.84066e-07
-200
5.93524e-07
-200
3.394e-07
-200
1.04239e-06
-200
1.15014e-06
-200
3.20766e-07
-200
1.24205e-07
-200
-4.31574e-08
-200
-4.82232e-07
-200
-4.78564e-07
-200
2.2155e-07
-200
7.96154e-07
-200
1.68867e-06
-200
2.39903e-06
1.67988e-06
-200
5.18504e-06
1.8908e-06
-200
4.9401e-06
1.89847e-06
-200
4.65615e-06
1.84908e-06
-200
4.37674e-06
1.69226e-06
-200
4.08859e-06
1.422e-06
-200
3.76719e-06
1.023e-06
-200
3.45004e-06
5.70768e-07
-200
3.13072e-06
2.92008e-08
-200
2.81807e-06
-2.5148e-07
-200
2.58176e-06
-3.00854e-07
-200
2.43661e-06
-1.81719e-07
-200
2.38152e-06
5.01915e-08
-200
2.41503e-06
3.56865e-07
-200
2.5566e-06
5.67435e-07
-200
1.45583e-06
8.49265e-07
-200
1.1785e-06
1.09243e-06
1.00818e-06
1.13061e-06
-200
1.12228e-05
6.73243e-07
-200
1.06541e-05
6.4927e-07
-200
1.008e-05
6.64972e-07
-200
9.46924e-06
6.27139e-07
-200
8.83071e-06
4.17388e-07
-200
8.14389e-06
1.75375e-07
-200
7.42957e-06
-2.21166e-07
-200
6.72768e-06
-5.98248e-07
-200
6.04079e-06
-7.85149e-07
-200
5.52401e-06
-7.50294e-07
-200
5.21251e-06
-5.79292e-07
-200
5.10838e-06
-3.23854e-07
-200
5.18692e-06
-1.80321e-08
-200
5.4191e-06
2.60801e-07
-200
3.17639e-06
5.09422e-07
-200
2.60699e-06
7.24584e-07
2.30274e-06
6.99864e-07
-200
1.7049e-05
8.56431e-07
-200
1.61641e-05
7.55474e-07
-200
1.531e-05
7.50361e-07
-200
1.43902e-05
6.72783e-07
-200
1.34093e-05
4.75362e-07
-200
1.23687e-05
2.54477e-07
-200
1.1258e-05
-2.07136e-07
-200
1.01832e-05
-5.07892e-07
-200
9.12523e-06
-7.08245e-07
-200
8.33922e-06
-6.61344e-07
-200
7.87519e-06
-4.95282e-07
-200
7.73829e-06
-2.54421e-07
-200
7.86816e-06
2.86244e-08
-200
8.18475e-06
3.18831e-07
-200
4.83591e-06
5.3184e-07
-200
3.97985e-06
7.20678e-07
3.57247e-06
7.48263e-07
-200
2.26307e-05
8.611e-07
-200
2.14624e-05
7.13488e-07
-200
2.03417e-05
7.17735e-07
-200
1.91349e-05
5.81565e-07
-200
1.78291e-05
4.05671e-07
-200
1.6432e-05
1.24415e-07
-200
1.49662e-05
-2.48172e-07
-200
1.35055e-05
-5.27839e-07
-200
1.21233e-05
-6.77315e-07
-200
1.1063e-05
-6.13813e-07
-200
1.04737e-05
-4.46301e-07
-200
1.0326e-05
-2.28414e-07
-200
1.05232e-05
3.03475e-08
-200
1.09373e-05
2.6824e-07
-200
6.48515e-06
4.74063e-07
-200
5.38191e-06
6.80053e-07
4.8487e-06
7.01246e-07
-200
2.78634e-05
8.91254e-07
-200
2.64111e-05
7.40638e-07
-200
2.50504e-05
7.36213e-07
-200
2.35754e-05
5.87218e-07
-200
2.19879e-05
3.79539e-07
-200
2.02653e-05
6.9299e-08
-200
1.84891e-05
-1.71388e-07
-200
1.66595e-05
-4.42841e-07
-200
1.49704e-05
-5.0418e-07
-200
1.36528e-05
-4.26386e-07
-200
1.29891e-05
-2.55716e-07
-200
1.28669e-05
-6.32054e-08
-200
1.31503e-05
1.46583e-07
-200
1.36469e-05
3.43007e-07
-200
8.11564e-06
5.56194e-07
-200
6.77778e-06
6.80921e-07
6.08045e-06
7.70175e-07
-200
3.2744e-05
7.00249e-07
-200
3.10416e-05
5.5784e-07
-200
2.94663e-05
5.05291e-07
-200
2.77627e-05
3.90069e-07
-200
2.59209e-05
1.01951e-07
-200
2.39187e-05
-8.33083e-08
-200
2.18171e-05
-3.23341e-07
-200
1.96967e-05
-4.54688e-07
-200
1.76988e-05
-4.45564e-07
-200
1.62071e-05
-3.26322e-07
-200
1.55403e-05
-1.56663e-07
-200
1.54876e-05
1.72752e-08
-200
1.58512e-05
1.37089e-07
-200
1.64059e-05
2.85902e-07
-200
9.83533e-06
4.25351e-07
-200
8.21866e-06
5.54614e-07
7.3435e-06
5.26762e-07
-200
3.71485e-05
6.86347e-07
-200
3.5219e-05
4.88911e-07
-200
3.34599e-05
4.54129e-07
-200
3.15764e-05
3.16808e-07
-200
2.94921e-05
5.25655e-08
-200
2.72501e-05
-6.8706e-08
-200
2.4879e-05
-2.86517e-07
-200
2.24815e-05
-2.85946e-07
-200
2.02419e-05
-1.84872e-07
-200
1.87288e-05
-6.28469e-09
-200
1.81269e-05
1.59601e-07
-200
1.81581e-05
2.40749e-07
-200
1.8561e-05
2.83736e-07
-200
1.91251e-05
3.64885e-07
-200
1.15004e-05
4.4997e-07
-200
9.5898e-06
5.09983e-07
8.52038e-06
5.806e-07
-200
4.11678e-05
3.87017e-07
-200
3.90339e-05
2.16119e-07
-200
3.7142e-05
2.19222e-07
-200
3.50995e-05
4.34308e-08
-200
3.27911e-05
-1.72973e-07
-200
3.03093e-05
-3.45237e-07
-200
2.77625e-05
-3.71823e-07
-200
2.51165e-05
-2.68548e-07
-200
2.2797e-05
-3.24134e-08
-200
2.14269e-05
2.07229e-07
-200
2.09239e-05
3.02711e-07
-200
2.09981e-05
3.11138e-07
-200
2.13612e-05
2.66854e-07
-200
2.18311e-05
2.42583e-07
-200
1.3196e-05
2.77819e-07
-200
1.0989e-05
3.4456e-07
9.71165e-06
3.63883e-07
-200
4.46441e-05
3.37633e-07
-200
4.23741e-05
2.01887e-07
-200
4.03885e-05
1.97855e-07
-200
3.81894e-05
-1.42107e-08
-200
3.5692e-05
-1.91047e-07
-200
3.30561e-05
-3.3194e-07
-200
3.03212e-05
-2.21633e-07
-200
2.75662e-05
2.00485e-08
-200
2.53959e-05
3.76791e-07
-200
2.42534e-05
6.41584e-07
-200
2.38449e-05
6.92839e-07
-200
2.38718e-05
5.49842e-07
-200
2.40851e-05
3.92323e-07
-200
2.43539e-05
3.07275e-07
-200
1.48014e-05
3.21543e-07
-200
1.22623e-05
3.51966e-07
1.07519e-05
4.30831e-07
-200
4.77035e-05
-4.95658e-08
-200
4.5393e-05
-1.73025e-08
-200
4.33506e-05
-9.85795e-08
-200
4.10092e-05
-2.83474e-07
-200
3.8332e-05
-5.06102e-07
-200
3.56407e-05
-4.34414e-07
-200
3.27415e-05
-2.39807e-07
-200
3.00823e-05
1.5458e-07
-200
2.82571e-05
6.0875e-07
-200
2.7335e-05
8.43521e-07
-200
2.69635e-05
7.75086e-07
-200
2.68292e-05
5.29515e-07
-200
2.67821e-05
2.54353e-07
-200
2.67925e-05
1.35553e-07
-200
1.64109e-05
1.28291e-07
-200
1.35333e-05
1.37289e-07
1.17486e-05
1.28939e-07
-200
5.02045e-05
-5.85497e-08
-200
4.7952e-05
-3.06191e-08
-200
4.58957e-05
-9.33612e-08
-200
4.34452e-05
-2.66118e-07
-200
4.06962e-05
-4.28376e-07
-200
3.79208e-05
-2.29549e-07
-200
3.50004e-05
6.9085e-08
-200
3.26712e-05
5.90332e-07
-200
3.12269e-05
1.07883e-06
-200
3.0479e-05
1.21752e-06
-200
3.00344e-05
1.01821e-06
-200
2.96479e-05
5.73598e-07
-200
2.92651e-05
3.79835e-07
-200
2.89863e-05
2.00018e-07
-200
1.78324e-05
1.13563e-07
-200
1.45776e-05
7.14752e-08
1.25773e-05
1.32437e-07
-200
5.22954e-05
-4.16379e-07
-200
5.02278e-05
-2.99087e-07
-200
4.81968e-05
-3.31986e-07
-200
4.56482e-05
-5.02508e-07
-200
4.29856e-05
-4.76127e-07
-200
4.01108e-05
-2.69409e-07
-200
3.73974e-05
1.5286e-07
-200
3.5518e-05
7.75366e-07
-200
3.43897e-05
1.21458e-06
-200
3.37096e-05
1.21303e-06
-200
3.30616e-05
9.20089e-07
-200
3.23197e-05
4.40873e-07
-200
3.16003e-05
2.3055e-07
-200
3.10183e-05
6.72961e-09
-200
1.91362e-05
-1.35713e-07
-200
1.55853e-05
-1.0434e-07
1.33909e-05
-1.75548e-07
-200
5.3909e-05
-4.64697e-07
-200
5.20272e-05
-2.50977e-07
-200
5.00899e-05
-2.44115e-07
-200
4.75436e-05
-3.58755e-07
-200
4.49289e-05
-2.23231e-07
-200
4.21836e-05
-5.52215e-08
-200
3.98932e-05
5.71005e-07
-200
3.84104e-05
1.20756e-06
-200
3.75146e-05
1.51434e-06
-200
3.67503e-05
1.37907e-06
-200
3.57957e-05
8.48135e-07
-200
3.47085e-05
4.72039e-07
-200
3.3623e-05
3.41126e-07
-200
3.26858e-05
5.12718e-08
-200
2.01764e-05
-7.22455e-08
-200
1.63756e-05
-1.00608e-07
1.40522e-05
-9.49594e-08
-200
5.50635e-05
-7.87465e-07
-200
5.34036e-05
-3.11159e-07
-200
5.18556e-05
-5.01474e-07
-200
4.92871e-05
-4.56671e-07
-200
4.66441e-05
-3.37465e-07
-200
4.43033e-05
3.41504e-08
-200
4.25506e-05
6.92317e-07
-200
4.14341e-05
1.30313e-06
-200
4.06424e-05
1.40179e-06
-200
3.96675e-05
1.17853e-06
-200
3.83491e-05
5.46544e-07
-200
3.69768e-05
3.42284e-07
-200
3.54786e-05
1.69646e-07
-200
3.41804e-05
-1.15117e-07
-200
2.11175e-05
-2.2792e-07
-200
1.70697e-05
-3.14644e-07
1.46034e-05
-3.57126e-07
-200
5.57176e-05
-8.39759e-07
-200
5.45618e-05
-4.20171e-07
-200
5.30398e-05
-2.7628e-07
-200
5.05773e-05
-2.47913e-07
-200
4.81103e-05
8.08396e-09
-200
4.62864e-05
4.70428e-07
-200
4.5108e-05
1.05677e-06
-200
4.43313e-05
1.49198e-06
-200
4.35024e-05
1.44312e-06
-200
4.22491e-05
1.14885e-06
-200
4.05834e-05
5.70678e-07
-200
3.89529e-05
4.72013e-07
-200
3.70158e-05
2.95868e-07
-200
3.54015e-05
8.01499e-08
-200
2.1766e-05
-1.13348e-07
-200
1.74597e-05
-2.85344e-07
1.48059e-05
-3.33122e-07
-200
-6.82786e-07
-200
5.55361e-05
-6.74475e-07
-200
5.37245e-05
-5.18443e-07
-200
5.14837e-05
-4.64117e-07
-200
4.94943e-05
5.90171e-08
-200
4.82768e-05
4.91689e-07
-200
4.76898e-05
1.07363e-06
-200
4.71331e-05
1.22745e-06
-200
4.61816e-05
1.09477e-06
-200
4.46198e-05
7.90485e-07
-200
4.27172e-05
5.28044e-07
-200
4.07426e-05
3.21075e-07
-200
3.84677e-05
2.07521e-07
-200
3.65758e-05
8.66634e-08
-200
2.22897e-05
-1.64171e-07
-200
1.77051e-05
-3.74662e-07
1.4883e-05
-5.9035e-07
-200
5.55391e-05
-4.3308e-07
-200
5.35642e-05
-1.74757e-07
-200
5.17604e-05
-1.65569e-07
-200
5.05562e-05
2.44759e-07
-200
5.00768e-05
7.11683e-07
-200
4.99563e-05
1.13026e-06
-200
4.95562e-05
1.14304e-06
-200
4.84682e-05
9.64566e-07
-200
4.66538e-05
7.58596e-07
-200
4.47157e-05
5.26516e-07
-200
4.23495e-05
5.08157e-07
-200
3.98112e-05
4.79e-07
-200
3.76851e-05
3.56014e-07
-200
2.25982e-05
1.21644e-07
-200
1.76774e-05
-2.15604e-07
1.46887e-05
-3.76652e-07
-200
5.48895e-05
-3.8213e-07
-200
5.30469e-05
-4.47527e-07
-200
5.18577e-05
-2.09482e-07
-200
5.14299e-05
1.60605e-07
-200
5.16769e-05
6.00452e-07
-200
5.19722e-05
7.75852e-07
-200
5.16783e-05
7.15401e-07
-200
5.05146e-05
5.59315e-07
-200
4.85937e-05
5.07706e-07
-200
4.66936e-05
3.41267e-07
-200
4.41004e-05
4.93859e-07
-200
4.14196e-05
5.28814e-07
-200
3.90776e-05
4.344e-07
-200
2.29495e-05
2.3888e-07
-200
1.76027e-05
-1.66558e-07
1.43725e-05
-4.99957e-07
-200
5.40591e-05
-2.2579e-07
-200
5.20858e-05
1.67447e-07
-200
5.17345e-05
2.0688e-07
-200
5.20303e-05
3.80988e-07
-200
5.28042e-05
6.14325e-07
-200
5.35045e-05
6.68672e-07
-200
5.32708e-05
5.4155e-07
-200
5.21707e-05
4.53492e-07
-200
5.03482e-05
5.01042e-07
-200
4.85128e-05
4.3962e-07
-200
4.59866e-05
7.04322e-07
-200
4.33009e-05
8.32565e-07
-200
4.0784e-05
8.41882e-07
-200
2.333e-05
4.61145e-07
-200
1.74118e-05
1.37443e-07
1.39892e-05
-8.85586e-08
-200
5.3359e-05
-3.106e-07
-200
5.1576e-05
-1.02067e-08
-200
5.17239e-05
5.75252e-08
-200
5.25044e-05
1.82506e-07
-200
5.37118e-05
1.99871e-07
-200
5.46043e-05
1.74238e-07
-200
5.44694e-05
4.02303e-08
-200
5.35911e-05
2.50005e-08
-200
5.20655e-05
1.57682e-07
-200
5.03606e-05
1.68566e-07
-200
4.8216e-05
5.10391e-07
-200
4.56257e-05
8.20553e-07
-200
4.3051e-05
9.33006e-07
-200
2.39439e-05
7.55099e-07
-200
1.74234e-05
4.22009e-07
1.39745e-05
8.5006e-08
-200
5.26043e-05
-2.39104e-07
-200
5.13219e-05
-1.38739e-07
-200
5.18298e-05
1.68221e-08
-200
5.28491e-05
5.16506e-08
-200
5.42236e-05
4.43862e-08
-200
5.50211e-05
-3.01647e-08
-200
5.50764e-05
-6.13505e-08
-200
5.45873e-05
-8.37278e-08
-200
5.35228e-05
5.03114e-08
-200
5.20922e-05
1.6776e-07
-200
5.04974e-05
5.4573e-07
-200
4.81713e-05
1.03453e-06
-200
4.56624e-05
1.32895e-06
-200
2.47403e-05
1.28521e-06
-200
1.76962e-05
9.7558e-07
1.4339e-05
8.01228e-07
-200
5.22371e-05
-7.9e-07
-200
5.1506e-05
-6.87389e-07
-200
5.20659e-05
-3.32216e-07
-200
5.31811e-05
-3.44513e-07
-200
5.42436e-05
-3.50083e-07
-200
5.50246e-05
-4.09746e-07
-200
5.53069e-05
-5.18452e-07
-200
5.52568e-05
-3.31773e-07
-200
5.47803e-05
-3.47844e-07
-200
5.38647e-05
-1.01749e-07
-200
5.26568e-05
3.52955e-07
-200
5.09136e-05
9.2707e-07
-200
4.88109e-05
1.33142e-06
-200
2.59458e-05
1.52009e-06
-200
1.87229e-05
1.37763e-06
1.52813e-05
1.13296e-06
-200
5.11207e-05
-4.12493e-07
-200
5.17077e-05
-3.93057e-07
-200
5.21463e-05
-2.47135e-07
-200
5.30605e-05
-1.044e-07
-200
5.38114e-05
-1.54743e-07
-200
5.44382e-05
-1.73046e-07
-200
5.49654e-05
-2.1779e-07
-200
5.54029e-05
-1.5264e-07
-200
5.54286e-05
-9.2003e-08
-200
5.51524e-05
3.25651e-07
-200
5.44216e-05
7.66961e-07
-200
5.34301e-05
1.14925e-06
-200
5.20413e-05
1.99852e-06
-200
2.76101e-05
2.41896e-06
-200
2.02693e-05
2.37624e-06
1.64088e-05
2.29586e-06
-200
4.97973e-05
2.03434e-08
-200
5.18739e-05
-3.39561e-07
-200
5.21416e-05
-9.77381e-08
-200
5.25894e-05
-5.83889e-08
-200
5.31747e-05
2.61883e-07
-200
5.38698e-05
2.63508e-07
-200
5.45136e-05
1.04974e-07
-200
5.52332e-05
-2.61757e-07
-200
5.57106e-05
-1.87643e-07
-200
5.6199e-05
-1.60454e-07
-200
5.62002e-05
3.51922e-07
-200
5.60681e-05
1.12024e-06
-200
5.5619e-05
1.91469e-06
-200
3.02114e-05
2.58392e-06
-200
2.27457e-05
2.73498e-06
1.89303e-05
2.17993e-06
-200
7.36614e-07
-200
5.85839e-07
-200
5.5011e-07
-200
1.14873e-06
-200
1.40805e-06
-200
1.16306e-06
-200
6.09775e-07
-200
2.38481e-07
-200
-5.44853e-07
-200
-2.14178e-07
-200
8.61135e-08
-200
8.67766e-07
-200
1.91947e-06
-200
2.7983e-06
-200
2.4327e-06
2.22779e-06
-200
5.46378e-06
1.96062e-06
-200
5.25907e-06
1.93984e-06
-200
4.96312e-06
1.89982e-06
-200
4.6542e-06
1.76396e-06
-200
4.33456e-06
1.47607e-06
-200
3.98624e-06
1.10471e-06
-200
3.659e-06
6.79156e-07
-200
3.30298e-06
2.56886e-07
-200
2.98299e-06
-1.70525e-08
-200
2.7366e-06
-6.87036e-08
-200
2.57977e-06
3.24141e-08
-200
2.51136e-06
2.38601e-07
-200
2.52417e-06
5.18148e-07
-200
2.63662e-06
7.16374e-07
-200
1.54629e-06
9.55506e-07
-200
1.25116e-06
1.18928e-06
1.10439e-06
1.20477e-06
-200
1.12226e-05
8.38619e-07
-200
1.07016e-05
8.17687e-07
-200
1.01386e-05
8.42173e-07
-200
9.52698e-06
7.92719e-07
-200
8.86517e-06
5.82726e-07
-200
8.1751e-06
3.24912e-07
-200
7.49724e-06
-1.15076e-09
-200
6.783e-06
-3.12837e-07
-200
6.13678e-06
-4.93237e-07
-200
5.64126e-06
-4.71013e-07
-200
5.3275e-06
-3.2278e-07
-200
5.20058e-06
-9.48688e-08
-200
5.24003e-06
1.93176e-07
-200
5.42361e-06
4.33798e-07
-200
3.17488e-06
6.39505e-07
-200
2.58136e-06
8.47336e-07
2.28505e-06
8.67851e-07
-200
1.68533e-05
9.57417e-07
-200
1.60367e-05
8.67906e-07
-200
1.52111e-05
8.73185e-07
-200
1.43178e-05
7.7514e-07
-200
1.33262e-05
5.82584e-07
-200
1.23152e-05
3.37204e-07
-200
1.12629e-05
1.64696e-08
-200
1.02068e-05
-2.70229e-07
-200
9.23506e-06
-4.35233e-07
-200
8.50111e-06
-4.02901e-07
-200
8.04316e-06
-2.56388e-07
-200
7.87111e-06
-3.97919e-08
-200
7.9431e-06
2.2514e-07
-200
8.19376e-06
4.65411e-07
-200
4.78132e-06
6.70366e-07
-200
3.91648e-06
8.4788e-07
3.49751e-06
8.8731e-07
-200
2.2251e-05
9.53257e-07
-200
2.11605e-05
8.11789e-07
-200
2.00848e-05
8.07794e-07
-200
1.89113e-05
6.87745e-07
-200
1.76225e-05
4.93997e-07
-200
1.6281e-05
2.63651e-07
-200
1.48835e-05
-2.29203e-08
-200
1.34973e-05
-2.73219e-07
-200
1.22247e-05
-4.00861e-07
-200
1.12679e-05
-3.51372e-07
-200
1.06909e-05
-2.04417e-07
-200
1.04932e-05
-7.56931e-09
-200
1.0604e-05
2.28956e-07
-200
1.0928e-05
4.30138e-07
-200
6.37939e-06
6.21819e-07
-200
5.28366e-06
7.73003e-07
4.71933e-06
8.11595e-07
-200
2.73665e-05
9.52032e-07
-200
2.60376e-05
7.83612e-07
-200
2.47291e-05
7.85343e-07
-200
2.32922e-05
6.57631e-07
-200
2.17328e-05
4.4917e-07
-200
2.00676e-05
2.33301e-07
-200
1.83757e-05
-5.69908e-09
-200
1.66693e-05
-2.04094e-07
-200
1.51318e-05
-2.73256e-07
-200
1.39711e-05
-2.02146e-07
-200
1.33114e-05
-5.17201e-08
-200
1.31081e-05
1.30894e-07
-200
1.32724e-05
3.08884e-07
-200
1.36587e-05
4.78039e-07
-200
8.02623e-06
6.5299e-07
-200
6.6533e-06
8.03668e-07
5.95136e-06
8.42366e-07
-200
3.21318e-05
7.29304e-07
-200
3.05683e-05
6.04043e-07
-200
2.90467e-05
5.83065e-07
-200
2.7385e-05
4.58859e-07
-200
2.55626e-05
2.45997e-07
-200
2.36354e-05
6.91539e-08
-200
2.16637e-05
-1.24535e-07
-200
1.96967e-05
-2.42583e-07
-200
1.7932e-05
-2.40757e-07
-200
1.66158e-05
-1.34179e-07
-200
1.59231e-05
1.74502e-08
-200
1.57515e-05
1.61167e-07
-200
1.59543e-05
2.77132e-07
-200
1.63734e-05
3.95871e-07
-200
9.69228e-06
5.36368e-07
-200
8.04071e-06
6.40549e-07
7.12442e-06
6.40605e-07
-200
3.6491e-05
7.1313e-07
-200
3.47266e-05
5.47815e-07
-200
3.30252e-05
5.37614e-07
-200
3.11738e-05
4.06439e-07
-200
2.9136e-05
1.94765e-07
-200
2.69888e-05
5.37628e-08
-200
2.47612e-05
-8.05403e-08
-200
2.25853e-05
-1.07039e-07
-200
2.06486e-05
-1.73033e-08
-200
1.92594e-05
1.39385e-07
-200
1.85856e-05
2.80845e-07
-200
1.84377e-05
3.62823e-07
-200
1.86462e-05
4.1094e-07
-200
1.90497e-05
4.74929e-07
-200
1.13625e-05
5.60269e-07
-200
9.37812e-06
6.36247e-07
8.2854e-06
6.78525e-07
-200
4.04448e-05
3.9409e-07
-200
3.85064e-05
2.87118e-07
-200
3.66793e-05
2.65312e-07
-200
3.46711e-05
1.28047e-07
-200
3.24428e-05
-7.06852e-08
-200
3.00819e-05
-1.77471e-07
-200
2.76874e-05
-2.14709e-07
-200
2.53633e-05
-1.32593e-07
-200
2.33422e-05
6.4907e-08
-200
2.19835e-05
2.70316e-07
-200
2.13423e-05
3.75662e-07
-200
2.12082e-05
3.79581e-07
-200
2.13709e-05
3.40614e-07
-200
2.16848e-05
3.28519e-07
-200
1.30293e-05
3.69295e-07
-200
1.07207e-05
4.08435e-07
9.41832e-06
4.23297e-07
-200
4.3933e-05
3.8063e-07
-200
4.19045e-05
2.50539e-07
-200
3.99873e-05
2.46174e-07
-200
3.78462e-05
9.1434e-08
-200
3.54612e-05
-9.62217e-08
-200
3.29324e-05
-1.44441e-07
-200
3.04384e-05
-8.0414e-08
-200
2.80506e-05
1.24139e-07
-200
2.60513e-05
4.24573e-07
-200
2.48122e-05
6.50323e-07
-200
2.42141e-05
6.97797e-07
-200
2.40204e-05
6.02462e-07
-200
2.40544e-05
4.73937e-07
-200
2.42117e-05
3.96899e-07
-200
1.46446e-05
3.97522e-07
-200
1.20082e-05
4.4414e-07
1.04868e-05
4.74421e-07
-200
4.69655e-05
-1.18293e-08
-200
4.49359e-05
-1.71707e-08
-200
4.29635e-05
-5.6158e-08
-200
4.07193e-05
-2.03328e-07
-200
3.81791e-05
-3.64654e-07
-200
3.56088e-05
-3.0797e-07
-200
3.30699e-05
-1.37703e-07
-200
3.071e-05
1.90009e-07
-200
2.88553e-05
5.7272e-07
-200
2.77629e-05
7.73648e-07
-200
2.71632e-05
7.33568e-07
-200
2.68499e-05
5.3693e-07
-200
2.66681e-05
3.23725e-07
-200
2.66192e-05
1.95741e-07
-200
1.6213e-05
1.73247e-07
-200
1.32647e-05
1.71773e-07
1.14591e-05
1.68505e-07
-200
4.95121e-05
-7.05238e-09
-200
4.75711e-05
-2.2872e-08
-200
4.559e-05
-3.16941e-08
-200
4.32856e-05
-1.70694e-07
-200
4.06328e-05
-2.74867e-07
-200
3.81311e-05
-1.13192e-07
-200
3.55925e-05
1.40427e-07
-200
3.3371e-05
5.72863e-07
-200
3.17479e-05
9.89881e-07
-200
3.07613e-05
1.11666e-06
-200
3.00883e-05
9.72046e-07
-200
2.95566e-05
6.46318e-07
-200
2.91492e-05
4.36026e-07
-200
2.88359e-05
2.7333e-07
-200
1.76432e-05
2.03836e-07
-200
1.43392e-05
1.93015e-07
1.23284e-05
2.13564e-07
-200
5.16437e-05
-4.18304e-07
-200
4.98243e-05
-2.89795e-07
-200
4.79213e-05
-3.17116e-07
-200
4.56107e-05
-4.17572e-07
-200
4.29466e-05
-4.20437e-07
-200
4.05365e-05
-2.06028e-07
-200
3.80864e-05
1.24754e-07
-200
3.61096e-05
6.55564e-07
-200
3.47215e-05
1.04624e-06
-200
3.37664e-05
1.06413e-06
-200
3.29723e-05
8.19818e-07
-200
3.2165e-05
4.75439e-07
-200
3.14746e-05
2.32042e-07
-200
3.08758e-05
5.53204e-08
-200
1.89615e-05
-5.6323e-08
-200
1.53685e-05
-8.42762e-08
1.31305e-05
-1.06422e-07
-200
5.318e-05
-3.44343e-07
-200
5.16461e-05
-2.18575e-07
-200
4.99892e-05
-2.29077e-07
-200
4.76844e-05
-2.76484e-07
-200
4.5101e-05
-1.66539e-07
-200
4.2741e-05
-2.38811e-08
-200
4.05624e-05
4.82905e-07
-200
3.8875e-05
1.04287e-06
-200
3.76614e-05
1.33401e-06
-200
3.66428e-05
1.23505e-06
-200
3.56043e-05
9.09406e-07
-200
3.45639e-05
5.10156e-07
-200
3.3549e-05
3.69974e-07
-200
3.26506e-05
1.54435e-07
-200
2.00926e-05
2.64041e-08
-200
1.62212e-05
-1.05189e-08
1.38125e-05
-1.04088e-08
-200
5.43185e-05
-7.12785e-07
-200
5.33382e-05
-4.81923e-07
-200
5.17365e-05
-4.93412e-07
-200
4.95347e-05
-4.73681e-07
-200
4.7017e-05
-2.52943e-07
-200
4.47659e-05
4.55369e-08
-200
4.29974e-05
5.59153e-07
-200
4.16364e-05
1.06611e-06
-200
4.05206e-05
1.19142e-06
-200
3.93743e-05
1.00738e-06
-200
3.80546e-05
6.04322e-07
-200
3.6794e-05
3.25874e-07
-200
3.54397e-05
1.68045e-07
-200
3.42234e-05
-4.17176e-08
-200
2.10951e-05
-1.7767e-07
-200
1.69713e-05
-2.7276e-07
1.43814e-05
-3.4174e-07
-200
5.47228e-05
-5.0197e-07
-200
5.47022e-05
-3.97287e-07
-200
5.31658e-05
-3.8627e-07
-200
5.09379e-05
-2.58569e-07
-200
4.85941e-05
6.22702e-08
-200
4.66738e-05
4.49246e-07
-200
4.53123e-05
9.33893e-07
-200
4.4247e-05
1.30104e-06
-200
4.31654e-05
1.28675e-06
-200
4.18503e-05
1.06339e-06
-200
4.02595e-05
6.65351e-07
-200
3.8789e-05
4.90761e-07
-200
3.70999e-05
3.4331e-07
-200
3.55844e-05
1.63836e-07
-200
2.18732e-05
-2.53749e-09
-200
1.74752e-05
-1.40764e-07
1.47383e-05
-2.16789e-07
-200
5.56103e-05
-7.5783e-07
-200
5.52908e-05
-5.42544e-07
-200
5.39961e-05
-5.64215e-07
-200
5.17667e-05
-4.95501e-07
-200
4.98248e-05
2.04996e-08
-200
4.84462e-05
4.14008e-07
-200
4.75507e-05
8.56635e-07
-200
4.66964e-05
1.03143e-06
-200
4.56056e-05
9.44387e-07
-200
4.41233e-05
7.32045e-07
-200
4.23742e-05
5.12501e-07
-200
4.06369e-05
3.24786e-07
-200
3.86627e-05
2.2069e-07
-200
3.68986e-05
8.17384e-08
-200
2.25573e-05
-1.12031e-07
-200
1.78986e-05
-3.22646e-07
1.49685e-05
-4.82259e-07
-200
-3.16366e-07
-200
5.50777e-05
-3.91596e-07
-200
5.40529e-05
-2.78424e-07
-200
5.20331e-05
-1.39657e-07
-200
5.07039e-05
2.56937e-07
-200
4.99605e-05
6.48368e-07
-200
4.9516e-05
9.89979e-07
-200
4.8849e-05
1.02986e-06
-200
4.7748e-05
9.16321e-07
-200
4.61429e-05
7.66886e-07
-200
4.43419e-05
5.80266e-07
-200
4.23643e-05
5.42893e-07
-200
4.01747e-05
5.0639e-07
-200
3.81929e-05
3.96264e-07
-200
2.31168e-05
1.79476e-07
-200
1.81145e-05
-6.26252e-08
1.5035e-05
-2.37006e-07
-200
5.48693e-05
-3.92947e-07
-200
5.32514e-05
-4.90853e-07
-200
5.19349e-05
-1.44273e-07
-200
5.13743e-05
1.51853e-07
-200
5.12413e-05
4.85392e-07
-200
5.11872e-05
6.74256e-07
-200
5.07078e-05
6.44857e-07
-200
4.9645e-05
5.51251e-07
-200
4.80258e-05
4.97717e-07
-200
4.62757e-05
3.60265e-07
-200
4.41708e-05
4.55541e-07
-200
4.18387e-05
4.97862e-07
-200
3.97127e-05
4.29467e-07
-200
2.37093e-05
2.11876e-07
-200
1.83033e-05
-1.12233e-07
1.49996e-05
-3.61912e-07
-200
5.4689e-05
4.23074e-08
-200
5.21695e-05
9.10009e-08
-200
5.17754e-05
1.87855e-07
-200
5.18978e-05
3.65293e-07
-200
5.22394e-05
5.31075e-07
-200
5.2528e-05
6.13482e-07
-200
5.2228e-05
5.50784e-07
-200
5.12879e-05
4.89249e-07
-200
4.97863e-05
5.20108e-07
-200
4.81566e-05
4.50227e-07
-200
4.61157e-05
6.3885e-07
-200
4.37633e-05
7.92051e-07
-200
4.15676e-05
8.06559e-07
-200
2.42713e-05
5.21908e-07
-200
1.83959e-05
2.56855e-07
1.4993e-05
5.01654e-08
-200
5.44101e-05
-2.68996e-07
-200
5.15265e-05
1.60655e-08
-200
5.17464e-05
2.38522e-08
-200
5.23091e-05
1.5464e-07
-200
5.29917e-05
1.2519e-07
-200
5.35278e-05
1.36775e-07
-200
5.3413e-05
7.49733e-08
-200
5.26945e-05
5.9259e-08
-200
5.14516e-05
1.67564e-07
-200
5.00132e-05
1.31399e-07
-200
4.8246e-05
4.38934e-07
-200
4.6045e-05
7.40358e-07
-200
4.38657e-05
8.68451e-07
-200
2.50141e-05
7.3469e-07
-200
1.86677e-05
3.909e-07
1.52379e-05
1.75539e-07
-200
5.38526e-05
-9.66239e-08
-200
5.15986e-05
-1.09037e-07
-200
5.18716e-05
5.02128e-08
-200
5.264e-05
2.87678e-08
-200
5.33989e-05
5.59392e-08
-200
5.41009e-05
1.12636e-08
-200
5.42291e-05
-3.14422e-08
-200
5.38209e-05
-3.62644e-08
-200
5.28458e-05
1.36587e-07
-200
5.17967e-05
1.36272e-07
-200
5.05111e-05
5.30805e-07
-200
4.85488e-05
1.01498e-06
-200
4.65709e-05
1.31013e-06
-200
2.59469e-05
1.20705e-06
-200
1.92171e-05
9.7508e-07
1.58641e-05
8.74689e-07
-200
5.33076e-05
-9.6354e-07
-200
5.21096e-05
-7.1067e-07
-200
5.22104e-05
-4.22893e-07
-200
5.27573e-05
-3.52065e-07
-200
5.35854e-05
-3.82008e-07
-200
5.42369e-05
-4.28755e-07
-200
5.46474e-05
-5.18175e-07
-200
5.46863e-05
-4.29066e-07
-200
5.42255e-05
-4.30018e-07
-200
5.35754e-05
-1.40674e-07
-200
5.26753e-05
3.46406e-07
-200
5.12481e-05
9.42802e-07
-200
4.9541e-05
1.30892e-06
-200
2.73005e-05
1.3236e-06
-200
2.03035e-05
1.31724e-06
1.69762e-05
1.10481e-06
-200
5.24103e-05
-3.00646e-07
-200
5.22765e-05
-3.93074e-07
-200
5.22858e-05
-1.99552e-07
-200
5.26259e-05
-1.01475e-07
-200
5.33076e-05
-1.30817e-07
-200
5.39215e-05
-1.42997e-07
-200
5.47451e-05
-2.53194e-07
-200
5.52178e-05
-2.99228e-07
-200
5.53395e-05
-1.5653e-07
-200
5.51452e-05
3.411e-07
-200
5.4666e-05
7.56403e-07
-200
5.3793e-05
1.36348e-06
-200
5.26219e-05
2.0461e-06
-200
2.90246e-05
2.19491e-06
-200
2.18741e-05
2.31827e-06
1.8435e-05
2.11869e-06
-200
5.10305e-05
-3.38252e-07
-200
5.22719e-05
-3.38656e-07
-200
5.22673e-05
-3.38426e-07
-200
5.24708e-05
-2.60105e-07
-200
5.30521e-05
-1.18278e-07
-200
5.39787e-05
-2.4014e-07
-200
5.49109e-05
-3.17272e-07
-200
5.55637e-05
-3.99032e-07
-200
5.62291e-05
-4.16115e-07
-200
5.6538e-05
-2.55551e-07
-200
5.6594e-05
4.42051e-07
-200
5.65395e-05
8.70929e-07
-200
5.6312e-05
1.40075e-06
-200
3.13285e-05
2.07867e-06
-200
2.43019e-05
1.97287e-06
2.04074e-05
1.89048e-06
-200
7.87023e-07
-200
6.83408e-07
-200
7.50624e-07
-200
9.49777e-07
-200
1.12754e-06
-200
1.2338e-06
-200
1.00408e-06
-200
5.15579e-07
-200
3.13871e-07
-200
5.36819e-07
-200
4.87635e-07
-200
1.10076e-06
-200
1.97366e-06
-200
2.472e-06
-200
2.92776e-06
2.37438e-06
-200
5.68951e-06
1.60512e-06
-200
5.4863e-06
1.53366e-06
-200
5.18049e-06
1.50765e-06
-200
4.85118e-06
1.43118e-06
-200
4.50477e-06
1.27226e-06
-200
4.14968e-06
1.05195e-06
-200
3.79201e-06
7.99951e-07
-200
3.43613e-06
5.62046e-07
-200
3.11376e-06
4.00943e-07
-200
2.86275e-06
3.61754e-07
-200
2.69843e-06
4.10305e-07
-200
2.61711e-06
5.20863e-07
-200
2.61583e-06
6.77889e-07
-200
2.69072e-06
7.93174e-07
-200
1.59881e-06
9.20397e-07
-200
1.30683e-06
1.05414e-06
1.14403e-06
1.04048e-06
-200
1.12498e-05
9.7094e-07
-200
1.07662e-05
9.25153e-07
-200
1.02143e-05
9.3382e-07
-200
9.60537e-06
8.83708e-07
-200
8.92419e-06
7.7837e-07
-200
8.23599e-06
6.22182e-07
-200
7.54874e-06
4.35073e-07
-200
6.86712e-06
2.56298e-07
-200
6.24706e-06
1.46348e-07
-200
5.76481e-06
1.44692e-07
-200
5.44859e-06
2.19173e-07
-200
5.30163e-06
3.41838e-07
-200
5.30972e-06
5.07524e-07
-200
5.43938e-06
6.35454e-07
-200
3.14672e-06
7.57763e-07
-200
2.56372e-06
8.71463e-07
2.27215e-06
8.8058e-07
-200
1.67516e-05
9.589e-07
-200
1.59862e-05
8.90623e-07
-200
1.51811e-05
8.9625e-07
-200
1.4292e-05
8.28983e-07
-200
1.33092e-05
7.13295e-07
-200
1.22904e-05
5.61943e-07
-200
1.1274e-05
3.94446e-07
-200
1.0271e-05
2.30544e-07
-200
9.35915e-06
1.31691e-07
-200
8.6556e-06
1.35273e-07
-200
8.20033e-06
2.10291e-07
-200
7.99872e-06
3.29239e-07
-200
8.02167e-06
4.8244e-07
-200
8.21328e-06
6.05497e-07
-200
4.73309e-06
7.33091e-07
-200
3.87385e-06
8.43341e-07
3.46475e-06
8.4745e-07
-200
2.20356e-05
9.23058e-07
-200
2.09927e-05
8.64007e-07
-200
1.99377e-05
8.57027e-07
-200
1.87758e-05
7.86304e-07
-200
1.75143e-05
6.5895e-07
-200
1.61841e-05
5.18846e-07
-200
1.4854e-05
3.7689e-07
-200
1.35467e-05
2.30279e-07
-200
1.23652e-05
1.48695e-07
-200
1.14554e-05
1.62548e-07
-200
1.08829e-05
2.37921e-07
-200
1.06416e-05
3.47711e-07
-200
1.06854e-05
4.85424e-07
-200
1.09331e-05
5.87877e-07
-200
6.31101e-06
6.99997e-07
-200
5.18329e-06
7.83301e-07
4.62634e-06
8.07139e-07
-200
2.7078e-05
8.76958e-07
-200
2.57956e-05
7.86577e-07
-200
2.45134e-05
7.83222e-07
-200
2.31008e-05
7.08369e-07
-200
2.15712e-05
5.77812e-07
-200
1.9956e-05
4.56253e-07
-200
1.83389e-05
3.34671e-07
-200
1.67521e-05
2.14598e-07
-200
1.53307e-05
1.64578e-07
-200
1.4236e-05
1.94513e-07
-200
1.35741e-05
2.76264e-07
-200
1.3311e-05
3.8461e-07
-200
1.33779e-05
4.85073e-07
-200
1.36697e-05
5.76839e-07
-200
7.95334e-06
6.76119e-07
-200
6.55179e-06
7.75299e-07
5.84374e-06
7.76316e-07
-200
3.17319e-05
7.24426e-07
-200
3.02365e-05
6.69468e-07
-200
2.87559e-05
6.52671e-07
-200
2.71233e-05
5.77881e-07
-200
2.53502e-05
4.51581e-07
-200
2.34855e-05
3.62736e-07
-200
2.16166e-05
2.544e-07
-200
1.97904e-05
1.7215e-07
-200
1.81681e-05
1.61827e-07
-200
1.69291e-05
2.14592e-07
-200
1.62127e-05
3.00568e-07
-200
1.59443e-05
3.86828e-07
-200
1.60269e-05
4.5427e-07
-200
1.63373e-05
5.18785e-07
-200
9.57546e-06
5.99921e-07
-200
7.888e-06
6.52743e-07
6.97362e-06
6.62397e-07
-200
3.60682e-05
6.66016e-07
-200
3.43943e-05
5.7246e-07
-200
3.27513e-05
5.65502e-07
-200
3.09319e-05
4.87854e-07
-200
2.89467e-05
3.63598e-07
-200
2.6867e-05
3.07157e-07
-200
2.47862e-05
2.2104e-07
-200
2.27664e-05
1.8985e-07
-200
2.09914e-05
2.33015e-07
-200
1.96665e-05
3.19183e-07
-200
1.89286e-05
4.04687e-07
-200
1.86565e-05
4.58902e-07
-200
1.87297e-05
4.92796e-07
-200
1.90183e-05
5.28841e-07
-200
1.12517e-05
5.79386e-07
-200
9.2516e-06
6.38648e-07
8.15228e-06
6.36789e-07
-200
3.99365e-05
4.38235e-07
-200
3.81325e-05
3.97181e-07
-200
3.63627e-05
3.7727e-07
-200
3.43926e-05
3.01048e-07
-200
3.22291e-05
1.84473e-07
-200
2.99708e-05
1.59796e-07
-200
2.77363e-05
1.1463e-07
-200
2.55842e-05
1.48089e-07
-200
2.37231e-05
2.52755e-07
-200
2.23835e-05
3.70215e-07
-200
2.1645e-05
4.39006e-07
-200
2.13546e-05
4.50815e-07
-200
2.13755e-05
4.34018e-07
-200
2.15872e-05
4.27284e-07
-200
1.28649e-05
4.51276e-07
-200
1.05479e-05
4.63381e-07
9.21966e-06
4.76005e-07
-200
4.34457e-05
3.86802e-07
-200
4.15773e-05
3.05869e-07
-200
3.97218e-05
3.04973e-07
-200
3.76333e-05
2.24634e-07
-200
3.53246e-05
1.1676e-07
-200
3.29341e-05
1.26392e-07
-200
3.06113e-05
1.35724e-07
-200
2.83952e-05
2.42538e-07
-200
2.65202e-05
4.09269e-07
-200
2.52251e-05
5.43792e-07
-200
2.44875e-05
5.82491e-07
-200
2.41393e-05
5.43142e-07
-200
2.40482e-05
4.78269e-07
-200
2.41242e-05
4.34106e-07
-200
1.45024e-05
4.30258e-07
-200
1.18586e-05
4.67807e-07
1.03254e-05
4.5765e-07
-200
4.64385e-05
1.11117e-07
-200
4.45817e-05
1.1684e-07
-200
4.26834e-05
9.84406e-08
-200
4.05164e-05
2.69928e-08
-200
3.81014e-05
-5.69314e-08
-200
3.56516e-05
-4.7975e-10
-200
3.33102e-05
7.30783e-08
-200
3.10993e-05
2.53587e-07
-200
2.92863e-05
4.68763e-07
-200
2.80665e-05
5.92033e-07
-200
2.73073e-05
5.83091e-07
-200
2.68541e-05
4.85905e-07
-200
2.65859e-05
3.73505e-07
-200
2.64749e-05
2.96055e-07
-200
1.60259e-05
2.76135e-07
-200
1.30552e-05
2.56747e-07
1.12596e-05
2.73061e-07
-200
4.90599e-05
7.96627e-08
-200
4.72824e-05
5.63307e-08
-200
4.54013e-05
6.56165e-08
-200
4.32021e-05
1.21923e-09
-200
4.07285e-05
-4.81583e-08
-200
3.83103e-05
5.69405e-08
-200
3.59826e-05
1.86299e-07
-200
3.3849e-05
4.3072e-07
-200
3.21588e-05
6.69791e-07
-200
3.10015e-05
7.53784e-07
-200
3.01732e-05
6.89396e-07
-200
2.9542e-05
5.4053e-07
-200
2.90676e-05
4.02979e-07
-200
2.87354e-05
3.05275e-07
-200
1.75167e-05
2.62484e-07
-200
1.42085e-05
2.70295e-07
1.21974e-05
2.58056e-07
-200
5.11446e-05
-2.00204e-07
-200
4.95435e-05
-1.30845e-07
-200
4.77374e-05
-1.33658e-07
-200
4.55636e-05
-1.67548e-07
-200
4.31059e-05
-1.55415e-07
-200
4.07098e-05
-2.04953e-08
-200
3.84835e-05
1.44057e-07
-200
3.65061e-05
4.50234e-07
-200
3.49672e-05
6.8083e-07
-200
3.38279e-05
7.02642e-07
-200
3.28865e-05
5.82261e-07
-200
3.20533e-05
4.01947e-07
-200
3.13421e-05
2.43907e-07
-200
3.07489e-05
1.42019e-07
-200
1.88325e-05
7.82006e-08
-200
1.52132e-05
3.9069e-08
1.29651e-05
4.08702e-08
-200
5.28563e-05
-1.76639e-07
-200
5.15374e-05
-1.42996e-07
-200
4.98614e-05
-1.10527e-07
-200
4.7758e-05
-1.17991e-07
-200
4.53689e-05
-4.33643e-08
-200
4.2978e-05
7.98011e-08
-200
4.09549e-05
3.08137e-07
-200
3.92011e-05
6.31981e-07
-200
3.77971e-05
8.15292e-07
-200
3.66168e-05
7.75477e-07
-200
3.55156e-05
6.13331e-07
-200
3.44274e-05
4.21943e-07
-200
3.35048e-05
2.81521e-07
-200
3.26176e-05
1.73526e-07
-200
2.00697e-05
9.72719e-08
-200
1.61551e-05
7.84121e-08
1.37304e-05
5.60836e-08
-200
5.40529e-05
-4.40965e-07
-200
5.31088e-05
-3.08458e-07
-200
5.16213e-05
-2.86566e-07
-200
4.95837e-05
-2.55618e-07
-200
4.72882e-05
-1.18284e-07
-200
4.50605e-05
9.53274e-08
-200
4.32353e-05
3.60985e-07
-200
4.17378e-05
6.24578e-07
-200
4.043e-05
7.13674e-07
-200
3.91693e-05
6.23083e-07
-200
3.78708e-05
4.38961e-07
-200
3.65821e-05
2.59436e-07
-200
3.53875e-05
1.41376e-07
-200
3.42241e-05
2.72602e-08
-200
2.10978e-05
-6.26481e-08
-200
1.69141e-05
-1.36339e-07
1.42783e-05
-1.59539e-07
-200
5.50648e-05
-3.05089e-07
-200
5.45027e-05
-2.93564e-07
-200
5.30567e-05
-2.4546e-07
-200
5.10862e-05
-1.37279e-07
-200
4.89537e-05
5.20766e-08
-200
4.70094e-05
3.01891e-07
-200
4.54676e-05
5.57095e-07
-200
4.41961e-05
7.5896e-07
-200
4.29466e-05
7.66892e-07
-200
4.1589e-05
6.50165e-07
-200
4.00818e-05
4.85215e-07
-200
3.86491e-05
3.22524e-07
-200
3.71559e-05
2.31672e-07
-200
3.57409e-05
1.26751e-07
-200
2.20364e-05
2.46111e-08
-200
1.758e-05
-3.71577e-08
1.47983e-05
-1.08088e-07
-200
5.54152e-05
-3.15914e-07
-200
5.5438e-05
-2.92104e-07
-200
5.39507e-05
-3.26032e-07
-200
5.19296e-05
-2.38877e-07
-200
5.01301e-05
2.24947e-08
-200
4.85815e-05
2.77246e-07
-200
4.74223e-05
5.07147e-07
-200
4.6355e-05
6.1689e-07
-200
4.51574e-05
5.82826e-07
-200
4.3726e-05
4.68948e-07
-200
4.21202e-05
3.3717e-07
-200
4.05037e-05
2.16389e-07
-200
3.87407e-05
1.46671e-07
-200
3.71095e-05
5.36753e-08
-200
2.27888e-05
-6.45986e-08
-200
1.8066e-05
-2.02021e-07
1.50902e-05
-2.5412e-07
-200
5.62114e-05
-1.57206e-08
-200
5.54753e-05
-1.52699e-07
-200
5.43175e-05
-1.1753e-07
-200
5.23809e-05
-4.80525e-08
-200
5.09327e-05
1.98189e-07
-200
4.99123e-05
4.15976e-07
-200
4.91757e-05
6.00245e-07
-200
4.83286e-05
6.40545e-07
-200
4.72026e-05
5.91889e-07
-200
4.57363e-05
5.06384e-07
-200
4.41152e-05
3.8506e-07
-200
4.23381e-05
3.49944e-07
-200
4.03754e-05
3.1657e-07
-200
3.85672e-05
2.41719e-07
-200
2.35121e-05
1.12908e-07
-200
1.84633e-05
5.6821e-09
1.53571e-05
-1.16843e-07
-200
-9.34062e-08
-200
5.48813e-05
-9.59393e-08
-200
5.37643e-05
-3.37421e-07
-200
5.22073e-05
2.12941e-08
-200
5.13395e-05
1.69327e-07
-200
5.09013e-05
3.33878e-07
-200
5.05748e-05
4.4636e-07
-200
4.99734e-05
4.50552e-07
-200
4.8963e-05
4.09202e-07
-200
4.75305e-05
3.74224e-07
-200
4.59787e-05
2.74186e-07
-200
4.4113e-05
3.11476e-07
-200
4.20478e-05
3.20073e-07
-200
4.01207e-05
2.77702e-07
-200
2.41248e-05
1.42398e-07
-200
1.8707e-05
-5.40498e-08
1.54317e-05
-1.28925e-07
-200
5.50179e-05
1.05053e-07
-200
5.24731e-05
1.18132e-07
-200
5.18556e-05
1.44857e-07
-200
5.17411e-05
2.57052e-07
-200
5.18005e-05
3.12057e-07
-200
5.18171e-05
3.89324e-07
-200
5.14749e-05
3.85024e-07
-200
5.06272e-05
3.54477e-07
-200
4.93199e-05
3.67604e-07
-200
4.78829e-05
3.05403e-07
-200
4.60705e-05
4.07564e-07
-200
4.40141e-05
4.93001e-07
-200
4.20374e-05
4.96823e-07
-200
2.48024e-05
3.5318e-07
-200
1.89341e-05
2.30947e-07
1.56482e-05
1.02845e-07
-200
5.49944e-05
5.11273e-09
-200
5.16167e-05
-1.87182e-07
-200
5.16536e-05
-1.87097e-08
-200
5.2081e-05
7.99875e-08
-200
5.24144e-05
5.32424e-08
-200
5.27264e-05
9.80694e-08
-200
5.26455e-05
9.39694e-08
-200
5.20129e-05
9.28512e-08
-200
5.09394e-05
1.5122e-07
-200
4.96346e-05
1.26869e-07
-200
4.80677e-05
3.21709e-07
-200
4.61613e-05
5.11354e-07
-200
4.42326e-05
5.96136e-07
-200
2.55765e-05
5.08757e-07
-200
1.92147e-05
3.31719e-07
1.59878e-05
2.64306e-07
-200
5.46523e-05
-4.54805e-07
-200
5.17709e-05
1.14083e-07
-200
5.18943e-05
-1.14691e-07
-200
5.23664e-05
-5.62801e-08
-200
5.29855e-05
-9.7665e-08
-200
5.34501e-05
-4.79633e-08
-200
5.36223e-05
-7.86854e-08
-200
5.32644e-05
-6.52971e-08
-200
5.2593e-05
7.96166e-09
-200
5.14217e-05
3.02117e-08
-200
5.02779e-05
3.16978e-07
-200
4.86862e-05
6.58293e-07
-200
4.69353e-05
8.61495e-07
-200
2.67137e-05
7.38325e-07
-200
2.01081e-05
7.17042e-07
1.69892e-05
6.30599e-07
-200
5.40271e-05
-5.95855e-07
-200
5.22944e-05
-7.83118e-07
-200
5.21854e-05
-4.43398e-07
-200
5.25765e-05
-3.83221e-07
-200
5.3182e-05
-3.54065e-07
-200
5.37544e-05
-3.9413e-07
-200
5.41355e-05
-4.2909e-07
-200
5.41557e-05
-4.25473e-07
-200
5.38573e-05
-3.41852e-07
-200
5.30954e-05
-1.39437e-07
-200
5.24231e-05
1.54083e-07
-200
5.12921e-05
6.31868e-07
-200
5.00227e-05
8.16356e-07
-200
2.81945e-05
8.31392e-07
-200
2.17746e-05
8.2613e-07
1.82317e-05
8.06937e-07
-200
5.25163e-05
-1.89221e-07
-200
5.23518e-05
-9.93732e-09
-200
5.21548e-05
-1.0349e-07
-200
5.25428e-05
-6.15837e-08
-200
5.29965e-05
-5.17693e-08
-200
5.36753e-05
-7.99271e-08
-200
5.41836e-05
-1.23264e-07
-200
5.46502e-05
-1.81759e-07
-200
5.47521e-05
-4.18688e-09
-200
5.47891e-05
2.45446e-07
-200
5.43642e-05
7.42271e-07
-200
5.39055e-05
1.08447e-06
-200
5.33935e-05
1.44402e-06
-200
3.0227e-05
1.42158e-06
-200
2.36099e-05
1.70286e-06
1.97931e-05
1.46036e-06
-200
5.04451e-05
-3.49287e-07
-200
5.21484e-05
-3.57224e-07
-200
5.19207e-05
-3.10241e-07
-200
5.21756e-05
-2.35404e-07
-200
5.27069e-05
-2.20291e-07
-200
5.32793e-05
-1.94358e-07
-200
5.40628e-05
-2.7616e-07
-200
5.49468e-05
-2.70613e-07
-200
5.55436e-05
-3.0234e-07
-200
5.60208e-05
3.3377e-08
-200
5.63117e-05
3.29606e-07
-200
5.64217e-05
8.18087e-07
-200
5.66357e-05
8.33237e-07
-200
3.20968e-05
1.5164e-06
-200
2.51029e-05
1.06818e-06
2.13326e-05
1.41554e-06
-200
5.1087e-07
-200
5.99215e-07
-200
6.13035e-07
-200
7.23539e-07
-200
7.99529e-07
-200
7.95114e-07
-200
7.67962e-07
-200
6.47593e-07
-200
8.46873e-07
-200
9.59762e-07
-200
1.209e-06
-200
1.27852e-06
-200
1.82922e-06
-200
1.65961e-06
-200
2.41158e-06
1.99948e-06
-200
6.4669e-06
-200
6.27496e-06
-200
5.98482e-06
-200
5.67637e-06
-200
5.33406e-06
-200
4.96583e-06
-200
4.59675e-06
-200
4.24016e-06
-200
3.91648e-06
-200
3.65732e-06
-200
3.47974e-06
-200
3.3818e-06
-200
3.36785e-06
-200
3.40382e-06
-200
2.34227e-06
-200
2.08479e-06
1.92687e-06
-200
1.26505e-05
-200
1.22042e-05
-200
1.16799e-05
-200
1.10972e-05
-200
1.04564e-05
-200
9.76644e-06
-200
9.07649e-06
-200
8.40987e-06
-200
7.79946e-06
-200
7.30246e-06
-200
6.96376e-06
-200
6.7836e-06
-200
6.75468e-06
-200
6.83829e-06
-200
4.59754e-06
-200
4.09308e-06
3.81043e-06
-200
1.86808e-05
-200
1.79735e-05
-200
1.72184e-05
-200
1.63649e-05
-200
1.54282e-05
-200
1.4424e-05
-200
1.34288e-05
-200
1.24611e-05
-200
1.15731e-05
-200
1.08491e-05
-200
1.03602e-05
-200
1.01128e-05
-200
1.00775e-05
-200
1.0205e-05
-200
6.82313e-06
-200
6.09375e-06
5.68204e-06
-200
2.44847e-05
-200
2.35419e-05
-200
2.25572e-05
-200
2.14456e-05
-200
2.02237e-05
-200
1.89188e-05
-200
1.7648e-05
-200
1.63874e-05
-200
1.52351e-05
-200
1.4303e-05
-200
1.36828e-05
-200
1.33811e-05
-200
1.33493e-05
-200
1.3511e-05
-200
9.02294e-06
-200
8.05976e-06
7.51489e-06
-200
2.9994e-05
-200
2.88185e-05
-200
2.76216e-05
-200
2.62706e-05
-200
2.47834e-05
-200
2.3208e-05
-200
2.16852e-05
-200
2.01491e-05
-200
1.8759e-05
-200
1.76469e-05
-200
1.69295e-05
-200
1.65937e-05
-200
1.65657e-05
-200
1.67579e-05
-200
1.1215e-05
-200
1.00326e-05
9.32979e-06
-200
3.50722e-05
-200
3.3713e-05
-200
3.23286e-05
-200
3.07654e-05
-200
2.9042e-05
-200
2.72479e-05
-200
2.54838e-05
-200
2.37043e-05
-200
2.21136e-05
-200
2.08594e-05
-200
2.00807e-05
-200
1.9722e-05
-200
1.96936e-05
-200
1.9894e-05
-200
1.33441e-05
-200
1.1909e-05
1.10309e-05
-200
3.97693e-05
-200
3.82353e-05
-200
3.66991e-05
-200
3.49556e-05
-200
3.30279e-05
-200
3.10634e-05
-200
2.90799e-05
-200
2.7105e-05
-200
2.53662e-05
-200
2.40273e-05
-200
2.3219e-05
-200
2.2843e-05
-200
2.2801e-05
-200
2.29801e-05
-200
1.54714e-05
-200
1.37848e-05
1.27115e-05
-200
4.39059e-05
-200
4.22787e-05
-200
4.06247e-05
-200
3.87394e-05
-200
3.66471e-05
-200
3.45506e-05
-200
3.23963e-05
-200
3.02884e-05
-200
2.84653e-05
-200
2.71049e-05
-200
2.62833e-05
-200
2.58804e-05
-200
2.5787e-05
-200
2.58951e-05
-200
1.74755e-05
-200
1.55001e-05
1.42207e-05
-200
4.76316e-05
-200
4.59374e-05
-200
4.42122e-05
-200
4.22242e-05
-200
4.00077e-05
-200
3.78127e-05
-200
3.55565e-05
-200
3.33882e-05
-200
3.15504e-05
-200
3.02201e-05
-200
2.93895e-05
-200
2.89331e-05
-200
2.87438e-05
-200
2.87311e-05
-200
1.94578e-05
-200
1.72067e-05
1.57025e-05
-200
5.07334e-05
-200
4.90849e-05
-200
4.73307e-05
-200
4.52891e-05
-200
4.30006e-05
-200
4.07427e-05
-200
3.84726e-05
-200
3.63171e-05
-200
3.45271e-05
-200
3.325e-05
-200
3.23937e-05
-200
3.18421e-05
-200
3.15035e-05
-200
3.1319e-05
-200
2.1253e-05
-200
1.86878e-05
1.69576e-05
-200
5.34422e-05
-200
5.18697e-05
-200
5.01466e-05
-200
4.8103e-05
-200
4.58047e-05
-200
4.34973e-05
-200
4.1314e-05
-200
3.92337e-05
-200
3.75364e-05
-200
3.63051e-05
-200
3.53919e-05
-200
3.47005e-05
-200
3.41725e-05
-200
3.37761e-05
-200
2.29847e-05
-200
2.01335e-05
1.81651e-05
-200
5.5526e-05
-200
5.41406e-05
-200
5.24978e-05
-200
5.05126e-05
-200
4.82662e-05
-200
4.59758e-05
-200
4.38844e-05
-200
4.19643e-05
-200
4.03856e-05
-200
3.91664e-05
-200
3.81568e-05
-200
3.72889e-05
-200
3.65347e-05
-200
3.59004e-05
-200
2.44455e-05
-200
2.1282e-05
1.90913e-05
-200
5.72691e-05
-200
5.61025e-05
-200
5.46029e-05
-200
5.27187e-05
-200
5.05581e-05
-200
4.83567e-05
-200
4.63657e-05
-200
4.46466e-05
-200
4.31943e-05
-200
4.19505e-05
-200
4.08084e-05
-200
3.97502e-05
-200
3.87577e-05
-200
3.78671e-05
-200
2.58086e-05
-200
2.23717e-05
1.99792e-05
-200
5.83678e-05
-200
5.761e-05
-200
5.62797e-05
-200
5.45103e-05
-200
5.24716e-05
-200
5.04438e-05
-200
4.86374e-05
-200
4.70918e-05
-200
4.57302e-05
-200
4.44312e-05
-200
4.31335e-05
-200
4.18925e-05
-200
4.06456e-05
-200
3.94916e-05
-200
2.68596e-05
-200
2.31425e-05
2.05575e-05
-200
5.91842e-05
-200
5.88769e-05
-200
5.7805e-05
-200
5.60621e-05
-200
5.41694e-05
-200
5.2374e-05
-200
5.0813e-05
-200
4.94606e-05
-200
4.81577e-05
-200
4.67937e-05
-200
4.53705e-05
-200
4.39367e-05
-200
4.24336e-05
-200
4.10405e-05
-200
2.78358e-05
-200
2.38755e-05
2.11133e-05
-200
5.99607e-05
-200
5.99422e-05
-200
5.87929e-05
-200
5.70959e-05
-200
5.53711e-05
-200
5.389e-05
-200
5.26482e-05
-200
5.15025e-05
-200
5.02649e-05
-200
4.88475e-05
-200
4.73705e-05
-200
4.57256e-05
-200
4.39906e-05
-200
4.23831e-05
-200
2.85484e-05
-200
2.43137e-05
2.14112e-05
-200
6.07952e-05
-200
6.09077e-05
-200
5.9422e-05
-200
5.76726e-05
-200
5.625e-05
-200
5.51977e-05
-200
5.43404e-05
-200
5.34291e-05
-200
5.22888e-05
-200
5.08532e-05
-200
4.9373e-05
-200
4.75579e-05
-200
4.56447e-05
-200
4.38638e-05
-200
2.92794e-05
-200
2.47825e-05
2.17542e-05
-200
6.15175e-05
-200
6.10373e-05
-200
5.91485e-05
-200
5.75837e-05
-200
5.67267e-05
-200
5.61805e-05
-200
5.57222e-05
-200
5.509e-05
-200
5.40831e-05
-200
5.26951e-05
-200
5.12453e-05
-200
4.935e-05
-200
4.73265e-05
-200
4.54234e-05
-200
2.98823e-05
-200
2.50391e-05
2.19779e-05
-200
-200
6.0283e-05
-200
5.84718e-05
-200
5.73869e-05
-200
5.71408e-05
-200
5.7057e-05
-200
5.69463e-05
-200
5.66351e-05
-200
5.57992e-05
-200
5.45308e-05
-200
5.31658e-05
-200
5.13168e-05
-200
4.92913e-05
-200
4.73437e-05
-200
3.06183e-05
-200
2.54468e-05
2.24281e-05
-200
5.98694e-05
-200
5.72249e-05
-200
5.71267e-05
-200
5.7388e-05
-200
5.75954e-05
-200
5.78292e-05
-200
5.78135e-05
-200
5.72052e-05
-200
5.61389e-05
-200
5.49183e-05
-200
5.32965e-05
-200
5.14375e-05
-200
4.96144e-05
-200
3.1439e-05
-200
2.61956e-05
2.31745e-05
-200
5.98626e-05
-200
5.67638e-05
-200
5.70871e-05
-200
5.7496e-05
-200
5.78963e-05
-200
5.84685e-05
-200
5.86499e-05
-200
5.83364e-05
-200
5.75056e-05
-200
5.65154e-05
-200
5.53341e-05
-200
5.38516e-05
-200
5.23693e-05
-200
3.28604e-05
-200
2.78629e-05
2.4472e-05
-200
5.84741e-05
-200
5.66197e-05
-200
5.67737e-05
-200
5.71942e-05
-200
5.78546e-05
-200
5.85027e-05
-200
5.88733e-05
-200
5.88648e-05
-200
5.83985e-05
-200
5.78475e-05
-200
5.71362e-05
-200
5.63361e-05
-200
5.54333e-05
-200
3.50954e-05
-200
2.96035e-05
2.63937e-05
-200
5.69892e-05
-200
5.67966e-05
-200
5.67158e-05
-200
5.71351e-05
-200
5.78681e-05
-200
5.85241e-05
-200
5.91204e-05
-200
5.93287e-05
-200
5.95022e-05
-200
5.94341e-05
-200
5.94667e-05
-200
5.94233e-05
-200
5.95089e-05
-200
3.78318e-05
-200
3.19933e-05
2.88712e-05
-200
5.48346e-05
-200
5.59714e-05
-200
5.61715e-05
-200
5.66791e-05
-200
5.73937e-05
-200
5.8183e-05
-200
5.89632e-05
-200
5.9607e-05
-200
6.02272e-05
-200
6.07994e-05
-200
6.16199e-05
-200
6.22385e-05
-200
6.31347e-05
-200
3.97752e-05
-200
3.37228e-05
3.07271e-05
-200
-200
-200
-200
-200
-200
-200
-200
-200
-200
-200
-200
-200
-200
-200
)
;

boundaryField
{
    frontAndBack
    {
        type            calculated;
        value           uniform 0;
    }
    inlet
    {
        type            calculated;
        value           nonuniform List<scalar> 0();
    }
    outlet
    {
        type            calculated;
        value           nonuniform List<scalar> 0();
    }
    lowerWall
    {
        type            calculated;
        value           uniform 0;
    }
    upperWall
    {
        type            calculated;
        value           uniform 0;
    }
    procBoundary1to0
    {
        type            processor;
        value           nonuniform List<scalar> 
135
(
200
200
200
200
200
200
200
200
200
200
200
200
200
200
5.31521e-05
200
6.09716e-07
200
6.75009e-07
200
200
200
200
200
200
200
200
200
200
200
200
200
200
200
200
200
200
200
200
200
200
200
200
200
5.59845e-05
200
3.49751e-07
200
200
200
200
200
200
200
200
200
200
200
200
200
200
200
200
200
200
200
200
200
200
200
200
200
5.67687e-05
200
4.50835e-07
200
200
200
200
200
200
200
200
200
200
200
200
200
200
200
200
200
200
200
200
200
200
200
200
200
5.73054e-05
200
5.11168e-07
200
200
200
200
200
200
200
200
200
200
200
200
200
200
200
200
200
200
200
200
200
200
200
200
200
6.21592e-05
200
200
200
200
200
200
)
;
    }
    procBoundary1to2
    {
        type            processor;
        value           nonuniform List<scalar> 
124
(
-200
-200
-200
-200
-200
-200
-200
-200
-200
-200
-200
-200
-200
-200
-200
-200
-200
-200
-200
-200
-200
-200
-200
-200
-200
-200
-200
-200
-200
-200
-200
-200
-200
-200
-200
-200
-200
-200
-200
-200
-200
-200
-200
-200
-200
-200
-200
-200
-200
-200
-200
-200
-200
-200
-200
-200
-200
-200
-200
-200
-200
-200
-200
-200
-200
-200
-200
-200
-200
-200
-200
-200
-200
-200
-200
-200
-200
-200
-200
-200
-200
-200
-200
-200
-200
-200
-200
-200
-200
-200
-200
-200
-200
-200
-200
-200
-200
-200
-200
-200
-200
-200
-200
-200
-200
-200
-200
-200
-200
-200
-200
-200
-200
-200
-200
-200
-200
-200
-200
-200
-200
-200
-200
-200
)
;
    }
    procBoundary1to4
    {
        type            processor;
        value           nonuniform List<scalar> 
82
(
1.98405e-05
4.89181e-05
4.98551e-05
5.04573e-05
5.06625e-05
5.1069e-05
5.18356e-05
5.25471e-05
5.32004e-05
5.40082e-05
5.49143e-05
5.58743e-05
5.71191e-05
5.83274e-05
3.20875e-05
-200
2.51204e-05
-1.84292e-06
4.87516e-05
5.15691e-05
5.15679e-05
5.18709e-05
5.22082e-05
5.28322e-05
5.36625e-05
5.46742e-05
5.57857e-05
5.65485e-05
5.78562e-05
5.86524e-05
5.9477e-05
3.29943e-05
2.53055e-05
2.2779e-05
4.95807e-05
5.14374e-05
5.1692e-05
5.19906e-05
5.27228e-05
5.34266e-05
5.42797e-05
5.52935e-05
5.60451e-05
5.69715e-05
5.78027e-05
5.88594e-05
5.94517e-05
3.33724e-05
2.59635e-05
2.29036e-05
4.88703e-05
5.13388e-05
5.14915e-05
5.18572e-05
5.23977e-05
5.3206e-05
5.42228e-05
5.51554e-05
5.59662e-05
5.68647e-05
5.7693e-05
5.8519e-05
5.96357e-05
3.36034e-05
2.62507e-05
2.29492e-05
5.33988e-05
5.55889e-05
5.62218e-05
5.68513e-05
5.76636e-05
5.86261e-05
5.96525e-05
6.08065e-05
6.19929e-05
6.32717e-05
6.45192e-05
6.57099e-05
6.7111e-05
4.2004e-05
3.58269e-05
3.38776e-05
)
;
    }
}


// ************************************************************************* //
