/*--------------------------------*- C++ -*----------------------------------*\
  =========                 |
  \\      /  F ield         | OpenFOAM: The Open Source CFD Toolbox
   \\    /   O peration     | Website:  https://openfoam.org
    \\  /    A nd           | Version:  10
     \\/     M anipulation  |
\*---------------------------------------------------------------------------*/
FoamFile
{
    format      ascii;
    class       volVectorField;
    location    "10";
    object      U;
}
// * * * * * * * * * * * * * * * * * * * * * * * * * * * * * * * * * * * * * //

dimensions      [0 1 -1 0 0 0 0];

internalField   nonuniform List<vector> 
2083
(
(-10 1.30823e-07 1.24886e-07)
(-10 1.1636e-07 1.12487e-07)
(-10 1.18206e-07 1.05784e-07)
(-10 1.09742e-07 9.61986e-08)
(-10 1.05609e-07 8.1659e-08)
(-10 9.86515e-08 5.90523e-08)
(-10 9.35585e-08 4.69141e-08)
(-10 8.52778e-08 2.46556e-08)
(-10 7.88091e-08 1.28157e-08)
(-10 7.25796e-08 7.23172e-09)
(-10 6.8714e-08 8.06535e-09)
(-10 6.65884e-08 1.30073e-08)
(-10 6.83484e-08 2.04145e-08)
(-10 7.16961e-08 2.69548e-08)
(-10 4.878e-08 3.34698e-08)
(-10 3.99743e-08 3.99914e-08)
(-10 3.62803e-08 3.85018e-08)
(-10 3.82414e-07 9.72222e-08)
(-10 3.51202e-07 8.69431e-08)
(-10 3.40789e-07 8.17246e-08)
(-10 3.09153e-07 7.5167e-08)
(-10 2.9823e-07 5.69604e-08)
(-10 2.71281e-07 4.65765e-08)
(-10 2.51296e-07 2.96702e-08)
(-10 2.24621e-07 1.31262e-08)
(-10 2.03918e-07 3.70757e-09)
(-10 1.83681e-07 -1.65498e-09)
(-10 1.72824e-07 2.68418e-10)
(-10 1.6944e-07 5.79798e-09)
(-10 1.72703e-07 1.29314e-08)
(-10 1.79396e-07 2.19616e-08)
(-10 1.0015e-07 2.91479e-08)
(-10 7.66059e-08 2.90942e-08)
(-10 6.54719e-08 3.28053e-08)
(-10 7.00275e-07 9.20546e-08)
(-10 6.72093e-07 7.81603e-08)
(-10 6.36036e-07 7.36241e-08)
(-10 6.0109e-07 6.3627e-08)
(-10 5.6034e-07 4.84847e-08)
(-10 5.19731e-07 3.86219e-08)
(-10 4.7813e-07 1.798e-08)
(-10 4.37147e-07 5.91694e-09)
(-10 3.97376e-07 -6.42297e-09)
(-10 3.66941e-07 -9.18355e-09)
(-10 3.48288e-07 -7.13322e-09)
(-10 3.41067e-07 -1.62728e-09)
(-10 3.43359e-07 5.65975e-09)
(-10 3.54026e-07 1.46599e-08)
(-10 2.10868e-07 2.07222e-08)
(-10 1.74705e-07 2.3953e-08)
(-10 1.55035e-07 2.7438e-08)
(-10 9.73003e-07 8.53242e-08)
(-10 9.25869e-07 7.02758e-08)
(-10 8.78641e-07 6.70838e-08)
(-10 8.27994e-07 5.65504e-08)
(-10 7.7371e-07 4.40222e-08)
(-10 7.208e-07 2.64872e-08)
(-10 6.62675e-07 1.27481e-08)
(-10 6.08251e-07 -1.32159e-09)
(-10 5.56338e-07 -9.18881e-09)
(-10 5.16766e-07 -1.12351e-08)
(-10 4.91064e-07 -8.61564e-09)
(-10 4.80207e-07 -3.46152e-09)
(-10 4.80919e-07 4.16199e-09)
(-10 4.91881e-07 1.10035e-08)
(-10 2.89465e-07 1.70625e-08)
(-10 2.36604e-07 2.43896e-08)
(-10 2.11446e-07 1.86616e-08)
(-10 1.23827e-06 7.84159e-08)
(-10 1.17315e-06 6.42339e-08)
(-10 1.1166e-06 6.11911e-08)
(-10 1.05246e-06 5.08191e-08)
(-10 9.88308e-07 3.87381e-08)
(-10 9.19393e-07 2.19957e-08)
(-10 8.52261e-07 1.39316e-08)
(-10 7.82386e-07 -2.44836e-09)
(-10 7.20918e-07 -7.1953e-09)
(-10 6.73061e-07 -7.95373e-09)
(-10 6.41572e-07 -4.62974e-09)
(-10 6.27067e-07 4.15454e-10)
(-10 6.26952e-07 6.76776e-09)
(-10 6.37195e-07 1.26443e-08)
(-10 3.77084e-07 2.10041e-08)
(-10 3.12373e-07 2.37377e-08)
(-10 2.77478e-07 1.93486e-08)
(-10 1.46793e-06 6.23785e-08)
(-10 1.39791e-06 5.60778e-08)
(-10 1.32858e-06 5.00331e-08)
(-10 1.25433e-06 4.24349e-08)
(-10 1.17928e-06 2.893e-08)
(-10 1.0987e-06 2.01613e-08)
(-10 1.01855e-06 3.74733e-09)
(-10 9.37856e-07 -3.75837e-09)
(-10 8.68236e-07 -6.34764e-09)
(-10 8.12837e-07 -4.27752e-09)
(-10 7.77231e-07 -2.79755e-10)
(-10 7.59585e-07 4.44071e-09)
(-10 7.57971e-07 8.07004e-09)
(-10 7.68535e-07 1.40272e-08)
(-10 4.55472e-07 1.80065e-08)
(-10 3.76067e-07 1.91862e-08)
(-10 3.34826e-07 2.00034e-08)
(-10 1.68855e-06 5.4058e-08)
(-10 1.61506e-06 4.33486e-08)
(-10 1.53421e-06 3.91013e-08)
(-10 1.45272e-06 3.24654e-08)
(-10 1.36525e-06 1.90072e-08)
(-10 1.27667e-06 1.63437e-08)
(-10 1.18413e-06 -1.55422e-09)
(-10 1.09567e-06 -3.50093e-09)
(-10 1.01842e-06 -1.84443e-09)
(-10 9.5763e-07 3.656e-09)
(-10 9.17762e-07 8.21751e-09)
(-10 8.96213e-07 1.14102e-08)
(-10 8.93179e-07 1.22583e-08)
(-10 9.02753e-07 1.53872e-08)
(-10 5.38161e-07 1.54597e-08)
(-10 4.40788e-07 1.28705e-08)
(-10 3.91976e-07 1.83172e-08)
(-10 1.88751e-06 4.07488e-08)
(-10 1.80294e-06 3.07797e-08)
(-10 1.7155e-06 2.97911e-08)
(-10 1.62564e-06 2.01165e-08)
(-10 1.52921e-06 1.32224e-08)
(-10 1.43194e-06 -8.35183e-11)
(-10 1.33131e-06 -4.07669e-09)
(-10 1.23826e-06 -1.46863e-09)
(-10 1.15416e-06 6.7403e-09)
(-10 1.08864e-06 1.4994e-08)
(-10 1.04579e-06 1.95508e-08)
(-10 1.02403e-06 1.85408e-08)
(-10 1.01803e-06 1.67532e-08)
(-10 1.02647e-06 1.33762e-08)
(-10 6.12342e-07 1.50415e-08)
(-10 5.0274e-07 1.66696e-08)
(-10 4.40727e-07 1.45962e-08)
(-10 2.07316e-06 2.80448e-08)
(-10 1.97836e-06 2.13084e-08)
(-10 1.88684e-06 1.94411e-08)
(-10 1.78824e-06 9.01396e-09)
(-10 1.68731e-06 6.6624e-09)
(-10 1.58251e-06 -7.20261e-09)
(-10 1.47904e-06 -4.02334e-09)
(-10 1.37815e-06 5.58792e-09)
(-10 1.28962e-06 1.86459e-08)
(-10 1.22362e-06 2.89949e-08)
(-10 1.18411e-06 3.15546e-08)
(-10 1.15968e-06 2.54364e-08)
(-10 1.15174e-06 1.92416e-08)
(-10 1.15584e-06 1.38061e-08)
(-10 6.94833e-07 1.39812e-08)
(-10 5.72531e-07 1.15089e-08)
(-10 4.9614e-07 1.25857e-08)
(-10 2.22221e-06 8.82726e-09)
(-10 2.12855e-06 1.25528e-08)
(-10 2.03267e-06 5.82121e-09)
(-10 1.92955e-06 2.81471e-09)
(-10 1.82483e-06 -1.00975e-08)
(-10 1.71611e-06 -1.04374e-08)
(-10 1.60811e-06 -2.39711e-09)
(-10 1.50311e-06 1.35923e-08)
(-10 1.41934e-06 3.08717e-08)
(-10 1.35551e-06 4.08118e-08)
(-10 1.31681e-06 3.81733e-08)
(-10 1.28891e-06 2.88563e-08)
(-10 1.27775e-06 1.58842e-08)
(-10 1.27411e-06 9.70543e-09)
(-10 7.71971e-07 7.23923e-09)
(-10 6.32833e-07 7.63965e-09)
(-10 5.47266e-07 5.2747e-09)
(-10 2.35961e-06 -4.47083e-10)
(-10 2.26614e-06 1.23511e-09)
(-10 2.16691e-06 -3.41147e-09)
(-10 2.06344e-06 -1.0554e-09)
(-10 1.95585e-06 -1.50537e-08)
(-10 1.84458e-06 -9.3842e-09)
(-10 1.73285e-06 4.77839e-09)
(-10 1.63415e-06 2.52178e-08)
(-10 1.55384e-06 4.45236e-08)
(-10 1.49776e-06 5.05584e-08)
(-10 1.4542e-06 4.22838e-08)
(-10 1.42436e-06 2.93292e-08)
(-10 1.40479e-06 1.62797e-08)
(-10 1.39116e-06 6.59019e-09)
(-10 8.49376e-07 4.59379e-10)
(-10 6.91845e-07 -2.42152e-10)
(-10 5.97435e-07 3.43799e-10)
(-10 2.47126e-06 -1.26649e-08)
(-10 2.37952e-06 -9.36308e-09)
(-10 2.2804e-06 -8.57858e-09)
(-10 2.17686e-06 -1.53286e-08)
(-10 2.06785e-06 -1.50171e-08)
(-10 1.9567e-06 -5.48694e-09)
(-10 1.84821e-06 1.41914e-08)
(-10 1.75794e-06 3.87628e-08)
(-10 1.68429e-06 5.47539e-08)
(-10 1.63084e-06 5.44822e-08)
(-10 1.58415e-06 4.37294e-08)
(-10 1.55129e-06 2.45146e-08)
(-10 1.52062e-06 1.11638e-08)
(-10 1.4961e-06 4.73734e-09)
(-10 9.18151e-07 -1.42441e-09)
(-10 7.4385e-07 3.84835e-09)
(-10 6.38226e-07 -4.39976e-09)
(-10 2.56631e-06 -2.30626e-08)
(-10 2.47444e-06 -1.67966e-08)
(-10 2.37955e-06 -1.33324e-08)
(-10 2.27759e-06 -1.79525e-08)
(-10 2.16985e-06 -1.16559e-08)
(-10 2.06234e-06 3.52704e-09)
(-10 1.96377e-06 2.75011e-08)
(-10 1.88089e-06 5.19175e-08)
(-10 1.81721e-06 6.15199e-08)
(-10 1.7623e-06 5.56502e-08)
(-10 1.7163e-06 4.17677e-08)
(-10 1.67498e-06 2.00262e-08)
(-10 1.63441e-06 1.09364e-08)
(-10 1.59876e-06 1.7031e-10)
(-10 9.88062e-07 -2.69674e-09)
(-10 8.00311e-07 -1.68042e-09)
(-10 6.81511e-07 -2.5801e-09)
(-10 2.63486e-06 -4.49848e-08)
(-10 2.54872e-06 -1.29496e-08)
(-10 2.45871e-06 -2.03877e-08)
(-10 2.35972e-06 -1.69722e-08)
(-10 2.25783e-06 -1.25413e-08)
(-10 2.15747e-06 1.4212e-08)
(-10 2.07002e-06 3.70653e-08)
(-10 1.99644e-06 5.9406e-08)
(-10 1.93824e-06 6.20653e-08)
(-10 1.88559e-06 5.30554e-08)
(-10 1.8374e-06 3.32096e-08)
(-10 1.78507e-06 2.04521e-08)
(-10 1.73418e-06 7.96738e-09)
(-10 1.68663e-06 -1.74631e-09)
(-10 1.04647e-06 -2.68856e-09)
(-10 8.43518e-07 -8.65403e-09)
(-10 7.13538e-07 -4.58589e-09)
(-10 2.60884e-06 -3.25715e-08)
(-10 2.52018e-06 -2.07425e-08)
(-10 2.42811e-06 -1.26777e-08)
(-10 2.33506e-06 -5.05812e-09)
(-10 2.24738e-06 2.38207e-08)
(-10 2.17182e-06 4.51897e-08)
(-10 2.10992e-06 6.31633e-08)
(-10 2.05625e-06 6.06291e-08)
(-10 2.0065e-06 4.77422e-08)
(-10 1.95021e-06 2.88769e-08)
(-10 1.88825e-06 2.1483e-08)
(-10 1.82531e-06 5.83935e-09)
(-10 1.76469e-06 6.59149e-10)
(-10 1.09616e-06 -4.8027e-09)
(-10 8.75537e-07 -1.35754e-08)
(-10 7.37725e-07 -1.1769e-08)
(-10 2.63712e-06 -5.83254e-08)
(-10 2.56084e-06 -6.57189e-09)
(-10 2.47814e-06 -8.34414e-09)
(-10 2.39794e-06 6.34768e-09)
(-10 2.32542e-06 2.7936e-08)
(-10 2.26506e-06 5.47617e-08)
(-10 2.21491e-06 6.0375e-08)
(-10 2.16714e-06 5.48191e-08)
(-10 2.11444e-06 3.90993e-08)
(-10 2.0497e-06 2.90935e-08)
(-10 1.97924e-06 1.80114e-08)
(-10 1.90429e-06 1.17921e-08)
(-10 1.83213e-06 3.49329e-09)
(-10 1.13298e-06 -3.22026e-09)
(-10 8.98464e-07 -1.08782e-08)
(-10 7.51772e-07 -1.92216e-08)
(-10 2.64711e-06 -4.42133e-08)
(-10 2.58002e-06 -2.9779e-08)
(-10 2.51074e-06 -9.83496e-09)
(-10 2.44621e-06 1.32176e-08)
(-10 2.39306e-06 3.35359e-08)
(-10 2.35025e-06 4.95131e-08)
(-10 2.30976e-06 5.12513e-08)
(-10 2.26665e-06 4.2531e-08)
(-10 2.20741e-06 3.21407e-08)
(-10 2.1369e-06 2.83522e-08)
(-10 2.05848e-06 2.08607e-08)
(-10 1.97334e-06 1.84156e-08)
(-10 1.8917e-06 9.21589e-09)
(-10 1.15807e-06 9.138e-10)
(-10 9.1417e-07 -1.25419e-08)
(-10 7.56692e-07 -1.59465e-08)
(-10 2.66005e-06 -4.12795e-08)
(-10 2.59681e-06 -1.22161e-08)
(-10 2.53918e-06 -1.39494e-08)
(-10 2.49127e-06 6.2875e-09)
(-10 2.46062e-06 3.03013e-08)
(-10 2.43301e-06 3.82983e-08)
(-10 2.40158e-06 3.5968e-08)
(-10 2.35792e-06 2.81139e-08)
(-10 2.29573e-06 2.66757e-08)
(-10 2.22294e-06 2.21399e-08)
(-10 2.13599e-06 2.72488e-08)
(-10 2.04494e-06 2.40415e-08)
(-10 1.95497e-06 1.75576e-08)
(-10 1.18143e-06 4.2482e-09)
(-10 9.2437e-07 -8.16033e-09)
(-10 7.62105e-07 -2.28013e-08)
(-10 2.66461e-06 -3.82349e-08)
(-10 2.60596e-06 -4.53558e-08)
(-10 2.56197e-06 -7.20827e-09)
(-10 2.53712e-06 8.40217e-09)
(-10 2.52541e-06 2.04122e-08)
(-10 2.51453e-06 2.34837e-08)
(-10 2.48761e-06 1.77576e-08)
(-10 2.44221e-06 1.5888e-08)
(-10 2.38217e-06 1.87106e-08)
(-10 2.30503e-06 2.22719e-08)
(-10 2.21742e-06 3.25753e-08)
(-10 2.1228e-06 3.12934e-08)
(-10 2.02654e-06 2.73141e-08)
(-10 1.20616e-06 1.18215e-08)
(-10 9.26067e-07 -4.99025e-09)
(-10 7.62035e-07 -1.26132e-08)
(-10 2.66101e-06 -3.75462e-08)
(-10 2.61358e-06 -8.31088e-09)
(-10 2.58845e-06 -1.93289e-08)
(-10 2.58923e-06 1.75615e-09)
(-10 2.59568e-06 8.20298e-09)
(-10 2.59702e-06 5.44339e-09)
(-10 2.57549e-06 1.77237e-09)
(-10 2.534e-06 3.87831e-09)
(-10 2.4768e-06 5.00641e-09)
(-10 2.40512e-06 2.12338e-08)
(-10 2.32248e-06 3.29959e-08)
(-10 2.22852e-06 4.05009e-08)
(-10 2.13366e-06 3.71239e-08)
(-10 1.25007e-06 2.78654e-08)
(-10 9.47791e-07 1.546e-08)
(-10 7.76321e-07 1.30351e-09)
(-10 2.67145e-06 -1.26212e-08)
(-10 2.63997e-06 -2.46663e-08)
(-10 2.6403e-06 -6.52071e-09)
(-10 2.65997e-06 1.29991e-09)
(-10 2.68242e-06 2.88861e-09)
(-10 2.68874e-06 -3.0336e-09)
(-10 2.67435e-06 -4.2922e-09)
(-10 2.64051e-06 -3.50993e-10)
(-10 2.58967e-06 5.89644e-09)
(-10 2.5301e-06 2.10115e-08)
(-10 2.45691e-06 3.48509e-08)
(-10 2.37195e-06 5.12043e-08)
(-10 2.28516e-06 5.51969e-08)
(-10 1.3212e-06 5.17019e-08)
(-10 1.00216e-06 4.04565e-08)
(-10 8.19739e-07 3.31194e-08)
(-10 2.67415e-06 -1.11244e-08)
(-10 2.66291e-06 1.2004e-08)
(-10 2.68392e-06 3.60342e-09)
(-10 2.71168e-06 8.96206e-09)
(-10 2.73963e-06 8.91056e-09)
(-10 2.7526e-06 5.62739e-09)
(-10 2.74533e-06 2.47251e-09)
(-10 2.72359e-06 4.94971e-09)
(-10 2.68579e-06 1.82116e-08)
(-10 2.63917e-06 3.12523e-08)
(-10 2.5811e-06 3.95462e-08)
(-10 2.51647e-06 6.65054e-08)
(-10 2.44164e-06 7.97383e-08)
(-10 1.39198e-06 8.62298e-08)
(-10 1.05281e-06 8.16334e-08)
(-10 8.80411e-07 6.58226e-08)
(-10 2.56032e-06 4.59644e-08)
(-10 2.5707e-06 2.07988e-08)
(-10 2.61559e-06 3.74226e-08)
(-10 2.65799e-06 4.81546e-08)
(-10 2.68903e-06 4.32598e-08)
(-10 2.7033e-06 3.33081e-08)
(-10 2.70491e-06 3.37243e-08)
(-10 2.69469e-06 4.06964e-08)
(-10 2.6759e-06 4.89821e-08)
(-10 2.64751e-06 5.69144e-08)
(-10 2.61256e-06 7.90301e-08)
(-10 2.57043e-06 9.41967e-08)
(-10 2.51479e-06 1.33327e-07)
(-10 1.40861e-06 1.49306e-07)
(-10 1.07214e-06 1.35928e-07)
(-10 8.66551e-07 1.34055e-07)
(-10 2.23702e-06 4.78253e-08)
(-10 2.30601e-06 6.35771e-08)
(-10 2.32795e-06 7.59595e-08)
(-10 2.36057e-06 6.41853e-08)
(-10 2.38455e-06 8.0569e-08)
(-10 2.40496e-06 9.58234e-08)
(-10 2.42166e-06 6.48975e-08)
(-10 2.43288e-06 6.01308e-08)
(-10 2.43929e-06 5.10471e-08)
(-10 2.44112e-06 7.73881e-08)
(-10 2.44009e-06 1.00881e-07)
(-10 2.42515e-06 1.14362e-07)
(-10 2.42625e-06 1.72183e-07)
(-10 1.21789e-06 1.73466e-07)
(-10 8.39486e-07 2.26895e-07)
(-10 6.98394e-07 1.97396e-07)
(-10 2.12764e-06 1.06208e-07)
(-10 2.18787e-06 1.06749e-07)
(-10 2.22273e-06 9.25038e-08)
(-10 2.2454e-06 1.37236e-07)
(-10 2.27228e-06 1.3677e-07)
(-10 2.29884e-06 4.57093e-08)
(-10 2.33376e-06 5.99347e-08)
(-10 2.37099e-06 5.16981e-08)
(-10 2.4078e-06 6.40039e-08)
(-10 2.4464e-06 4.44313e-08)
(-10 2.48876e-06 6.64854e-08)
(-10 2.5316e-06 1.04449e-07)
(-10 2.55352e-06 1.32285e-07)
(-10 1.30446e-06 1.62526e-07)
(-10 9.50499e-07 1.45191e-07)
(-10 1.34329e-07 2.27826e-07)
(-10 1.31862e-07 2.18574e-07)
(-10 1.25018e-07 2.07275e-07)
(-10 1.18442e-07 1.90108e-07)
(-10 1.11725e-07 1.70194e-07)
(-10 1.0411e-07 1.37394e-07)
(-10 9.63336e-08 9.66287e-08)
(-10 8.83259e-08 4.57017e-08)
(-10 8.0398e-08 1.98539e-08)
(-10 7.40899e-08 1.01141e-08)
(-10 7.001e-08 1.33156e-08)
(-10 6.78385e-08 2.53885e-08)
(-10 6.86093e-08 4.37227e-08)
(-10 7.40003e-08 5.55124e-08)
(-10 4.89214e-08 7.27742e-08)
(-10 4.17924e-08 8.4827e-08)
(-10 3.55002e-08 8.44142e-08)
(-10 3.96162e-07 1.56968e-07)
(-10 3.75687e-07 1.47372e-07)
(-10 3.53857e-07 1.40423e-07)
(-10 3.31588e-07 1.29529e-07)
(-10 3.0877e-07 1.13549e-07)
(-10 2.83781e-07 8.98006e-08)
(-10 2.58288e-07 4.84373e-08)
(-10 2.32902e-07 9.71359e-09)
(-10 2.08272e-07 -1.17436e-08)
(-10 1.89388e-07 -1.64999e-08)
(-10 1.779e-07 -1.03033e-08)
(-10 1.73997e-07 3.19954e-09)
(-10 1.76812e-07 2.14641e-08)
(-10 1.8684e-07 3.75197e-08)
(-10 1.02045e-07 5.40967e-08)
(-10 7.97691e-08 6.45955e-08)
(-10 6.75611e-08 5.51423e-08)
(-10 7.26017e-07 1.61179e-07)
(-10 6.89658e-07 1.49211e-07)
(-10 6.55197e-07 1.42414e-07)
(-10 6.17277e-07 1.31899e-07)
(-10 5.76898e-07 1.13803e-07)
(-10 5.33446e-07 9.16395e-08)
(-10 4.87728e-07 4.26537e-08)
(-10 4.43224e-07 1.30803e-08)
(-10 3.98948e-07 -1.02868e-08)
(-10 3.66053e-07 -1.40229e-08)
(-10 3.46183e-07 -7.91117e-09)
(-10 3.39317e-07 4.92079e-09)
(-10 3.43692e-07 2.20358e-08)
(-10 3.55505e-07 3.98568e-08)
(-10 2.1449e-07 5.26816e-08)
(-10 1.79402e-07 6.19119e-08)
(-10 1.59824e-07 5.75512e-08)
(-10 1.00922e-06 1.5125e-07)
(-10 9.59451e-07 1.4229e-07)
(-10 9.10147e-07 1.36719e-07)
(-10 8.57338e-07 1.20957e-07)
(-10 8.00027e-07 1.03503e-07)
(-10 7.39123e-07 7.38418e-08)
(-10 6.7392e-07 3.53743e-08)
(-10 6.10964e-07 7.35933e-09)
(-10 5.49047e-07 -1.1275e-08)
(-10 5.02945e-07 -1.38135e-08)
(-10 4.75673e-07 -7.04622e-09)
(-10 4.67589e-07 4.71991e-09)
(-10 4.74311e-07 2.10175e-08)
(-10 4.91642e-07 3.50841e-08)
(-10 2.95673e-07 4.71097e-08)
(-10 2.42816e-07 6.04567e-08)
(-10 2.18774e-07 5.80455e-08)
(-10 1.28761e-06 1.44322e-07)
(-10 1.22231e-06 1.35061e-07)
(-10 1.16078e-06 1.27744e-07)
(-10 1.09383e-06 1.10697e-07)
(-10 1.02121e-06 9.02221e-08)
(-10 9.43023e-07 5.71609e-08)
(-10 8.62102e-07 3.46789e-08)
(-10 7.78677e-07 5.74699e-09)
(-10 7.02181e-07 -4.6061e-09)
(-10 6.41949e-07 -6.03962e-09)
(-10 6.09037e-07 1.80626e-09)
(-10 6.00324e-07 1.26401e-08)
(-10 6.10814e-07 2.61341e-08)
(-10 6.32532e-07 3.78516e-08)
(-10 3.80912e-07 5.11368e-08)
(-10 3.20048e-07 5.54159e-08)
(-10 2.89254e-07 6.1264e-08)
(-10 1.53736e-06 1.25864e-07)
(-10 1.45872e-06 1.13157e-07)
(-10 1.38496e-06 1.00994e-07)
(-10 1.30504e-06 8.80822e-08)
(-10 1.21925e-06 5.81831e-08)
(-10 1.12563e-06 4.00693e-08)
(-10 1.02901e-06 1.69712e-08)
(-10 9.29132e-07 1.73123e-09)
(-10 8.36603e-07 -3.97569e-09)
(-10 7.64013e-07 -9.21658e-10)
(-10 7.2843e-07 8.04801e-09)
(-10 7.22275e-07 2.00437e-08)
(-10 7.37432e-07 2.64353e-08)
(-10 7.62983e-07 3.55527e-08)
(-10 4.58983e-07 4.1488e-08)
(-10 3.86052e-07 4.84689e-08)
(-10 3.4661e-07 4.24863e-08)
(-10 1.77561e-06 1.11043e-07)
(-10 1.6847e-06 9.27985e-08)
(-10 1.60156e-06 8.23261e-08)
(-10 1.5114e-06 6.76143e-08)
(-10 1.41322e-06 4.2128e-08)
(-10 1.30693e-06 3.14755e-08)
(-10 1.19227e-06 8.94446e-09)
(-10 1.07944e-06 5.05884e-09)
(-10 9.70779e-07 6.60523e-09)
(-10 8.9152e-07 1.6371e-08)
(-10 8.57467e-07 2.71368e-08)
(-10 8.55591e-07 3.17411e-08)
(-10 8.74662e-07 3.3508e-08)
(-10 9.03048e-07 3.79604e-08)
(-10 5.49737e-07 4.03201e-08)
(-10 4.59829e-07 4.23785e-08)
(-10 4.11291e-07 4.40476e-08)
(-10 1.98315e-06 8.06901e-08)
(-10 1.88202e-06 6.23894e-08)
(-10 1.78981e-06 5.79088e-08)
(-10 1.6913e-06 3.99523e-08)
(-10 1.58075e-06 2.09794e-08)
(-10 1.46137e-06 4.20741e-09)
(-10 1.33718e-06 2.56754e-10)
(-10 1.20846e-06 3.01832e-09)
(-10 1.09008e-06 1.71366e-08)
(-10 1.01382e-06 3.39016e-08)
(-10 9.84456e-07 3.88903e-08)
(-10 9.8731e-07 4.01627e-08)
(-10 1.00754e-06 3.64999e-08)
(-10 1.03525e-06 3.24372e-08)
(-10 6.26354e-07 3.10309e-08)
(-10 5.25319e-07 3.51033e-08)
(-10 4.65437e-07 3.42647e-08)
(-10 2.17566e-06 5.90104e-08)
(-10 2.06311e-06 4.58006e-08)
(-10 1.96526e-06 4.08707e-08)
(-10 1.85865e-06 2.08753e-08)
(-10 1.7373e-06 8.42086e-09)
(-10 1.60599e-06 -6.17016e-09)
(-10 1.47349e-06 6.46658e-10)
(-10 1.33404e-06 1.54815e-08)
(-10 1.21571e-06 4.18611e-08)
(-10 1.15132e-06 6.20364e-08)
(-10 1.12811e-06 6.63055e-08)
(-10 1.13195e-06 5.4672e-08)
(-10 1.14847e-06 4.20985e-08)
(-10 1.16868e-06 3.44587e-08)
(-10 7.13758e-07 3.38665e-08)
(-10 5.93775e-07 3.26289e-08)
(-10 5.27187e-07 3.69516e-08)
(-10 2.33402e-06 2.05013e-08)
(-10 2.21793e-06 2.22724e-08)
(-10 2.11539e-06 1.16007e-08)
(-10 2.00055e-06 -4.05271e-09)
(-10 1.86952e-06 -2.06388e-08)
(-10 1.73433e-06 -1.44026e-08)
(-10 1.59029e-06 -2.74005e-09)
(-10 1.45012e-06 2.69839e-08)
(-10 1.34702e-06 6.27675e-08)
(-10 1.29518e-06 8.13864e-08)
(-10 1.27691e-06 7.65056e-08)
(-10 1.27648e-06 5.76896e-08)
(-10 1.28262e-06 3.53816e-08)
(-10 1.29041e-06 2.6791e-08)
(-10 7.90883e-07 2.52592e-08)
(-10 6.5848e-07 2.16737e-08)
(-10 5.75582e-07 1.92363e-08)
(-10 2.47533e-06 2.42108e-09)
(-10 2.35837e-06 5.28311e-09)
(-10 2.2543e-06 -2.30246e-09)
(-10 2.13296e-06 -1.50382e-08)
(-10 1.99323e-06 -2.39868e-08)
(-10 1.85692e-06 -9.48034e-09)
(-10 1.70825e-06 1.3329e-08)
(-10 1.57907e-06 5.58875e-08)
(-10 1.49858e-06 9.39347e-08)
(-10 1.45816e-06 1.05769e-07)
(-10 1.44046e-06 9.05414e-08)
(-10 1.42946e-06 5.5677e-08)
(-10 1.4195e-06 4.07059e-08)
(-10 1.41312e-06 2.72594e-08)
(-10 8.75436e-07 1.86012e-08)
(-10 7.21397e-07 1.07913e-08)
(-10 6.25638e-07 1.34721e-08)
(-10 2.58635e-06 -2.97511e-08)
(-10 2.47409e-06 -2.15285e-08)
(-10 2.37063e-06 -2.2085e-08)
(-10 2.24393e-06 -3.37873e-08)
(-10 2.10608e-06 -2.27354e-08)
(-10 1.96406e-06 -1.08184e-08)
(-10 1.81968e-06 2.58335e-08)
(-10 1.71542e-06 7.59512e-08)
(-10 1.65275e-06 1.09465e-07)
(-10 1.62034e-06 1.10003e-07)
(-10 1.59588e-06 8.79801e-08)
(-10 1.56915e-06 4.77279e-08)
(-10 1.54196e-06 3.46306e-08)
(-10 1.52107e-06 1.48054e-08)
(-10 9.43829e-07 1.13125e-09)
(-10 7.71304e-07 2.84654e-09)
(-10 6.65706e-07 -5.01021e-09)
(-10 2.67082e-06 -4.68596e-08)
(-10 2.57457e-06 -2.97213e-08)
(-10 2.47433e-06 -2.66365e-08)
(-10 2.34418e-06 -3.24816e-08)
(-10 2.21601e-06 -1.61498e-08)
(-10 2.07032e-06 4.53794e-09)
(-10 1.94213e-06 5.59571e-08)
(-10 1.86089e-06 1.0481e-07)
(-10 1.81334e-06 1.27969e-07)
(-10 1.78129e-06 1.17803e-07)
(-10 1.74374e-06 6.7919e-08)
(-10 1.69905e-06 4.96946e-08)
(-10 1.65433e-06 3.54312e-08)
(-10 1.61707e-06 1.02133e-08)
(-10 1.00495e-06 4.52969e-10)
(-10 8.20973e-07 -2.73669e-09)
(-10 7.06745e-07 -4.20261e-09)
(-10 2.74546e-06 -7.54739e-08)
(-10 2.65648e-06 -3.42578e-08)
(-10 2.55391e-06 -4.46887e-08)
(-10 2.42878e-06 -3.55548e-08)
(-10 2.29704e-06 -3.12605e-08)
(-10 2.16852e-06 1.54867e-08)
(-10 2.06963e-06 6.94652e-08)
(-10 2.00552e-06 1.17225e-07)
(-10 1.96803e-06 1.24549e-07)
(-10 1.9281e-06 1.07413e-07)
(-10 1.87351e-06 5.2691e-08)
(-10 1.81041e-06 4.30434e-08)
(-10 1.74867e-06 2.60862e-08)
(-10 1.69309e-06 3.45857e-10)
(-10 1.05398e-06 -8.39556e-09)
(-10 8.57662e-07 -1.60645e-08)
(-10 7.3971e-07 -1.76899e-08)
(-10 2.77082e-06 -9.58288e-08)
(-10 2.68277e-06 -5.84246e-08)
(-10 2.63228e-06 -3.5556e-08)
(-10 2.50174e-06 -2.60847e-08)
(-10 2.37119e-06 -6.72392e-09)
(-10 2.26909e-06 4.15423e-08)
(-10 2.19748e-06 9.06631e-08)
(-10 2.15471e-06 1.25639e-07)
(-10 2.11843e-06 1.22214e-07)
(-10 2.0654e-06 9.81149e-08)
(-10 1.99247e-06 5.27203e-08)
(-10 1.91984e-06 4.55927e-08)
(-10 1.83332e-06 2.87886e-08)
(-10 1.75986e-06 9.17841e-09)
(-10 1.09242e-06 -8.56192e-09)
(-10 8.83169e-07 -2.23995e-08)
(-10 7.52517e-07 -2.71525e-08)
(-10 2.76836e-06 -1.05625e-07)
(-10 2.74684e-06 -8.36704e-08)
(-10 2.66357e-06 -5.29448e-08)
(-10 2.55622e-06 -3.1973e-08)
(-10 2.44205e-06 7.86797e-09)
(-10 2.36492e-06 4.80581e-08)
(-10 2.32296e-06 9.88096e-08)
(-10 2.29343e-06 1.10978e-07)
(-10 2.25138e-06 1.00938e-07)
(-10 2.18248e-06 7.5004e-08)
(-10 2.09062e-06 5.38931e-08)
(-10 2.00466e-06 3.62302e-08)
(-10 1.89905e-06 2.41788e-08)
(-10 1.81074e-06 1.47202e-08)
(-10 1.11374e-06 -8.99382e-09)
(-10 8.90649e-07 -2.55773e-08)
(-10 7.5284e-07 -4.15591e-08)
(-10 2.77255e-06 -7.90865e-08)
(-10 2.67961e-06 -3.17159e-08)
(-10 2.57236e-06 -1.71819e-08)
(-10 2.49258e-06 1.82675e-08)
(-10 2.44926e-06 5.87158e-08)
(-10 2.4355e-06 9.44589e-08)
(-10 2.41237e-06 9.80189e-08)
(-10 2.36156e-06 8.40116e-08)
(-10 2.27619e-06 6.62417e-08)
(-10 2.17882e-06 4.74315e-08)
(-10 2.06909e-06 4.30886e-08)
(-10 1.94884e-06 3.7489e-08)
(-10 1.84856e-06 2.61307e-08)
(-10 1.11692e-06 6.66512e-09)
(-10 8.80384e-07 -2.21156e-08)
(-10 7.35602e-07 -3.4385e-08)
(-10 2.74875e-06 -8.17328e-08)
(-10 2.65338e-06 -5.41327e-08)
(-10 2.57465e-06 -2.49066e-08)
(-10 2.5337e-06 9.16847e-09)
(-10 2.53075e-06 5.07622e-08)
(-10 2.53347e-06 6.69721e-08)
(-10 2.51646e-06 6.6164e-08)
(-10 2.45787e-06 5.42796e-08)
(-10 2.361e-06 5.0192e-08)
(-10 2.26382e-06 3.74617e-08)
(-10 2.13667e-06 4.61488e-08)
(-10 2.00316e-06 4.53131e-08)
(-10 1.89241e-06 3.41125e-08)
(-10 1.11649e-06 1.99607e-08)
(-10 8.63215e-07 -1.50295e-08)
(-10 7.09608e-07 -4.04063e-08)
(-10 2.71392e-06 -6.72872e-08)
(-10 2.61292e-06 -2.46703e-08)
(-10 2.57373e-06 -1.26721e-08)
(-10 2.57034e-06 8.76944e-09)
(-10 2.59719e-06 3.66062e-08)
(-10 2.61999e-06 4.75559e-08)
(-10 2.60412e-06 4.09093e-08)
(-10 2.54236e-06 3.66531e-08)
(-10 2.44294e-06 4.14907e-08)
(-10 2.3471e-06 3.73954e-08)
(-10 2.21153e-06 5.8151e-08)
(-10 2.07496e-06 6.33962e-08)
(-10 1.9524e-06 5.96065e-08)
(-10 1.1185e-06 2.89463e-08)
(-10 8.38569e-07 1.46572e-09)
(-10 6.70137e-07 -1.65041e-08)
(-10 2.7042e-06 -5.38767e-08)
(-10 2.59565e-06 -4.2245e-08)
(-10 2.5884e-06 -2.55009e-08)
(-10 2.61606e-06 -8.68631e-09)
(-10 2.66059e-06 4.67726e-09)
(-10 2.7022e-06 8.55412e-09)
(-10 2.68803e-06 1.58858e-09)
(-10 2.63185e-06 5.3021e-09)
(-10 2.54101e-06 1.89944e-08)
(-10 2.44795e-06 2.30618e-08)
(-10 2.324e-06 4.93327e-08)
(-10 2.18847e-06 6.89803e-08)
(-10 2.05662e-06 7.37975e-08)
(-10 1.14516e-06 5.84636e-08)
(-10 8.34073e-07 3.37813e-08)
(-10 6.58408e-07 8.06044e-09)
(-10 2.70101e-06 -7.50631e-08)
(-10 2.62323e-06 -2.72501e-08)
(-10 2.63788e-06 -2.6762e-08)
(-10 2.67999e-06 -1.18626e-08)
(-10 2.74599e-06 -1.22067e-08)
(-10 2.78805e-06 -1.35784e-08)
(-10 2.7792e-06 -1.07375e-08)
(-10 2.73801e-06 -5.14309e-09)
(-10 2.66591e-06 8.33055e-09)
(-10 2.57868e-06 2.53368e-08)
(-10 2.47789e-06 5.21355e-08)
(-10 2.34718e-06 8.75366e-08)
(-10 2.21657e-06 1.05833e-07)
(-10 1.21265e-06 1.04743e-07)
(-10 8.68381e-07 8.55194e-08)
(-10 6.94691e-07 6.80194e-08)
(-10 2.73941e-06 -2.58947e-08)
(-10 2.67757e-06 -5.66713e-08)
(-10 2.70221e-06 -2.50511e-08)
(-10 2.75252e-06 -1.90178e-08)
(-10 2.82212e-06 -1.93146e-08)
(-10 2.84858e-06 -1.81269e-08)
(-10 2.85096e-06 -2.12289e-08)
(-10 2.82797e-06 -2.73793e-09)
(-10 2.78146e-06 7.0894e-09)
(-10 2.71058e-06 2.40589e-08)
(-10 2.642e-06 6.10736e-08)
(-10 2.52813e-06 1.01603e-07)
(-10 2.39728e-06 1.38037e-07)
(-10 1.30001e-06 1.56679e-07)
(-10 9.27117e-07 1.51832e-07)
(-10 7.57121e-07 1.263e-07)
(-10 2.65536e-06 -8.28974e-09)
(-10 2.63455e-06 1.53404e-08)
(-10 2.66289e-06 1.73217e-08)
(-10 2.72077e-06 2.83673e-08)
(-10 2.74643e-06 2.45559e-08)
(-10 2.78821e-06 2.00887e-08)
(-10 2.80325e-06 1.93102e-08)
(-10 2.80939e-06 3.34454e-08)
(-10 2.79248e-06 3.75962e-08)
(-10 2.75501e-06 6.94628e-08)
(-10 2.69317e-06 1.15583e-07)
(-10 2.61662e-06 1.38107e-07)
(-10 2.51971e-06 1.95976e-07)
(-10 1.31925e-06 2.5378e-07)
(-10 9.58655e-07 2.36971e-07)
(-10 7.84652e-07 2.25516e-07)
(-10 2.29174e-06 9.01321e-08)
(-10 2.36346e-06 6.28229e-08)
(-10 2.37449e-06 8.86047e-08)
(-10 2.40083e-06 8.24635e-08)
(-10 2.44523e-06 1.06385e-07)
(-10 2.46517e-06 1.08632e-07)
(-10 2.49291e-06 9.24573e-08)
(-10 2.52406e-06 6.00788e-08)
(-10 2.53567e-06 7.15367e-08)
(-10 2.54247e-06 8.02298e-08)
(-10 2.5141e-06 1.09085e-07)
(-10 2.48822e-06 1.92089e-07)
(-10 2.44356e-06 2.45186e-07)
(-10 1.18663e-06 2.9924e-07)
(-10 8.18824e-07 2.94164e-07)
(-10 5.98318e-07 2.29913e-07)
(-10 2.1436e-06 1.86704e-07)
(-10 2.27797e-06 1.78288e-07)
(-10 2.28778e-06 1.60796e-07)
(-10 2.30798e-06 2.11523e-07)
(-10 2.3201e-06 2.19924e-07)
(-10 2.35298e-06 1.81345e-07)
(-10 2.40001e-06 1.36826e-07)
(-10 2.44918e-06 1.22372e-07)
(-10 2.49743e-06 5.59211e-08)
(-10 2.53772e-06 7.88877e-08)
(-10 2.57101e-06 1.53334e-07)
(-10 2.57858e-06 1.95276e-07)
(-10 2.56892e-06 2.77757e-07)
(-10 1.28618e-06 3.18425e-07)
(-10 9.06797e-07 2.26482e-07)
(-10 7.57819e-07 2.56595e-07)
(-10 1.36542e-07 2.01425e-07)
(-10 1.37677e-07 2.04684e-07)
(-10 1.30558e-07 1.97928e-07)
(-10 1.2327e-07 1.8121e-07)
(-10 1.15706e-07 1.5012e-07)
(-10 1.07324e-07 1.14638e-07)
(-10 9.93651e-08 7.78156e-08)
(-10 9.06067e-08 4.20459e-08)
(-10 8.25602e-08 1.67659e-08)
(-10 7.61746e-08 8.79829e-09)
(-10 7.1988e-08 1.29076e-08)
(-10 6.96371e-08 2.5557e-08)
(-10 6.96864e-08 4.35042e-08)
(-10 7.47498e-08 5.70073e-08)
(-10 4.95922e-08 7.37706e-08)
(-10 4.2189e-08 9.00015e-08)
(-10 3.61088e-08 9.04277e-08)
(-10 4.04822e-07 1.27274e-07)
(-10 3.86134e-07 1.24668e-07)
(-10 3.64195e-07 1.21617e-07)
(-10 3.4113e-07 1.12617e-07)
(-10 3.16872e-07 8.49952e-08)
(-10 2.90782e-07 5.81999e-08)
(-10 2.65808e-07 2.86739e-08)
(-10 2.39215e-07 4.69326e-10)
(-10 2.15106e-07 -1.80235e-08)
(-10 1.965e-07 -2.07315e-08)
(-10 1.84611e-07 -1.32938e-08)
(-10 1.79758e-07 8.25093e-10)
(-10 1.81008e-07 1.87197e-08)
(-10 1.88615e-07 3.66226e-08)
(-10 1.04338e-07 5.01227e-08)
(-10 8.04711e-08 6.45116e-08)
(-10 6.92887e-08 6.55175e-08)
(-10 7.18932e-07 1.37338e-07)
(-10 6.85438e-07 1.27149e-07)
(-10 6.51875e-07 1.21006e-07)
(-10 6.14597e-07 1.06969e-07)
(-10 5.73245e-07 8.38565e-08)
(-10 5.30757e-07 5.8824e-08)
(-10 4.87448e-07 2.99933e-08)
(-10 4.43012e-07 3.22811e-09)
(-10 4.02246e-07 -1.38561e-08)
(-10 3.71113e-07 -1.56435e-08)
(-10 3.51335e-07 -8.21133e-09)
(-10 3.43057e-07 5.19634e-09)
(-10 3.45021e-07 2.17223e-08)
(-10 3.54368e-07 3.97893e-08)
(-10 2.12299e-07 5.3027e-08)
(-10 1.75583e-07 6.47227e-08)
(-10 1.56847e-07 6.80096e-08)
(-10 9.94972e-07 1.34729e-07)
(-10 9.48074e-07 1.15663e-07)
(-10 9.00629e-07 1.08994e-07)
(-10 8.49217e-07 9.32639e-08)
(-10 7.92159e-07 7.26449e-08)
(-10 7.33353e-07 4.94902e-08)
(-10 6.72035e-07 2.28308e-08)
(-10 6.10631e-07 -1.01952e-09)
(-10 5.54078e-07 -1.50169e-08)
(-10 5.11403e-07 -1.49452e-08)
(-10 4.84646e-07 -7.12055e-09)
(-10 4.74545e-07 5.10253e-09)
(-10 4.78118e-07 1.98342e-08)
(-10 4.91535e-07 3.55198e-08)
(-10 2.90842e-07 4.86272e-08)
(-10 2.39955e-07 5.87738e-08)
(-10 2.14402e-07 6.04532e-08)
(-10 1.26396e-06 1.29276e-07)
(-10 1.20375e-06 1.09412e-07)
(-10 1.14469e-06 1.03663e-07)
(-10 1.07955e-06 8.81457e-08)
(-10 1.00815e-06 6.75813e-08)
(-10 9.3274e-07 4.58691e-08)
(-10 8.55215e-07 2.22832e-08)
(-10 7.77373e-07 2.92525e-09)
(-10 7.06515e-07 -6.38336e-09)
(-10 6.52931e-07 -4.08181e-09)
(-10 6.20806e-07 4.40836e-09)
(-10 6.09308e-07 1.52402e-08)
(-10 6.149e-07 2.72381e-08)
(-10 6.31755e-07 3.97574e-08)
(-10 3.75464e-07 5.19562e-08)
(-10 3.13704e-07 6.15538e-08)
(-10 2.82017e-07 6.38519e-08)
(-10 1.50921e-06 1.04854e-07)
(-10 1.43749e-06 8.82367e-08)
(-10 1.36614e-06 8.18815e-08)
(-10 1.28829e-06 6.74009e-08)
(-10 1.20334e-06 4.74629e-08)
(-10 1.11317e-06 2.84626e-08)
(-10 1.02094e-06 8.89071e-09)
(-10 9.28385e-07 -3.7416e-09)
(-10 8.44875e-07 -6.68041e-09)
(-10 7.8142e-07 -1.11142e-09)
(-10 7.45891e-07 8.1114e-09)
(-10 7.35206e-07 1.6676e-08)
(-10 7.43545e-07 2.46837e-08)
(-10 7.63257e-07 3.33455e-08)
(-10 4.54025e-07 4.33715e-08)
(-10 3.77927e-07 5.05213e-08)
(-10 3.37252e-07 4.89617e-08)
(-10 1.74267e-06 9.58173e-08)
(-10 1.65868e-06 7.86123e-08)
(-10 1.57813e-06 7.34109e-08)
(-10 1.48971e-06 5.92265e-08)
(-10 1.39268e-06 3.95716e-08)
(-10 1.29009e-06 2.34687e-08)
(-10 1.18389e-06 9.60199e-09)
(-10 1.07893e-06 4.96912e-09)
(-10 9.84551e-07 9.70264e-09)
(-10 9.14446e-07 1.9706e-08)
(-10 8.78575e-07 2.87286e-08)
(-10 8.6957e-07 3.35735e-08)
(-10 8.79662e-07 3.61799e-08)
(-10 9.00447e-07 4.02596e-08)
(-10 5.40726e-07 4.5918e-08)
(-10 4.50553e-07 4.91708e-08)
(-10 3.99927e-07 5.23636e-08)
(-10 1.94816e-06 6.42015e-08)
(-10 1.85509e-06 5.0913e-08)
(-10 1.76583e-06 4.55995e-08)
(-10 1.66853e-06 3.15824e-08)
(-10 1.56121e-06 1.32062e-08)
(-10 1.44729e-06 6.00903e-10)
(-10 1.33011e-06 -4.58508e-09)
(-10 1.21545e-06 5.71501e-10)
(-10 1.11405e-06 1.45872e-08)
(-10 1.04256e-06 2.91954e-08)
(-10 1.00842e-06 3.63631e-08)
(-10 1.00137e-06 3.54065e-08)
(-10 1.01142e-06 3.13708e-08)
(-10 1.03034e-06 2.95328e-08)
(-10 6.21219e-07 3.14841e-08)
(-10 5.13519e-07 3.29156e-08)
(-10 4.535e-07 3.29356e-08)
(-10 2.1373e-06 5.43761e-08)
(-10 2.03628e-06 4.17842e-08)
(-10 1.94166e-06 3.78795e-08)
(-10 1.83698e-06 2.31788e-08)
(-10 1.72052e-06 6.11501e-09)
(-10 1.59634e-06 -5.24672e-10)
(-10 1.47188e-06 3.73111e-09)
(-10 1.35161e-06 1.94437e-08)
(-10 1.24824e-06 4.20439e-08)
(-10 1.18131e-06 5.88937e-08)
(-10 1.15001e-06 6.18789e-08)
(-10 1.14251e-06 5.36093e-08)
(-10 1.14856e-06 4.24315e-08)
(-10 1.16149e-06 3.50529e-08)
(-10 7.05374e-07 3.35165e-08)
(-10 5.81431e-07 3.49752e-08)
(-10 5.12718e-07 3.68411e-08)
(-10 2.29646e-06 1.83763e-08)
(-10 2.19349e-06 1.38765e-08)
(-10 2.09466e-06 8.79653e-09)
(-10 1.98382e-06 -4.71289e-09)
(-10 1.85918e-06 -1.88192e-08)
(-10 1.72923e-06 -1.57843e-08)
(-10 1.60133e-06 -1.72477e-09)
(-10 1.48054e-06 2.42271e-08)
(-10 1.38156e-06 5.41399e-08)
(-10 1.32298e-06 6.96492e-08)
(-10 1.29363e-06 6.63967e-08)
(-10 1.28228e-06 5.03988e-08)
(-10 1.2798e-06 3.26119e-08)
(-10 1.28341e-06 2.09173e-08)
(-10 7.83504e-07 1.73626e-08)
(-10 6.44891e-07 1.74077e-08)
(-10 5.61153e-07 1.4184e-08)
(-10 2.43737e-06 9.1981e-09)
(-10 2.33575e-06 7.23692e-09)
(-10 2.23579e-06 4.66211e-09)
(-10 2.12072e-06 -6.92143e-09)
(-10 1.98934e-06 -1.57144e-08)
(-10 1.85956e-06 -2.34554e-09)
(-10 1.73241e-06 1.91843e-08)
(-10 1.61589e-06 5.3759e-08)
(-10 1.52817e-06 8.70836e-08)
(-10 1.47738e-06 9.71564e-08)
(-10 1.44707e-06 8.59253e-08)
(-10 1.42722e-06 5.8322e-08)
(-10 1.41251e-06 4.25676e-08)
(-10 1.40469e-06 2.76618e-08)
(-10 8.64138e-07 2.03776e-08)
(-10 7.08084e-07 1.72e-08)
(-10 6.12463e-07 1.82146e-08)
(-10 2.54881e-06 -2.84119e-08)
(-10 2.4547e-06 -1.91683e-08)
(-10 2.35629e-06 -2.16467e-08)
(-10 2.23886e-06 -2.91409e-08)
(-10 2.10441e-06 -2.95569e-08)
(-10 1.98231e-06 -9.74343e-09)
(-10 1.85576e-06 1.91127e-08)
(-10 1.74972e-06 6.1528e-08)
(-10 1.67564e-06 9.25568e-08)
(-10 1.62895e-06 9.48011e-08)
(-10 1.59413e-06 7.58217e-08)
(-10 1.56158e-06 4.8378e-08)
(-10 1.53644e-06 2.84354e-08)
(-10 1.51292e-06 1.26913e-08)
(-10 9.34285e-07 2.10189e-09)
(-10 7.60793e-07 -8.46581e-10)
(-10 6.54025e-07 -4.79961e-09)
(-10 2.64772e-06 -3.40633e-08)
(-10 2.55873e-06 -1.98716e-08)
(-10 2.46244e-06 -1.92476e-08)
(-10 2.3475e-06 -2.09637e-08)
(-10 2.21538e-06 -1.04975e-08)
(-10 2.09913e-06 2.8711e-09)
(-10 1.98043e-06 4.68821e-08)
(-10 1.88958e-06 9.19881e-08)
(-10 1.8268e-06 1.15356e-07)
(-10 1.77993e-06 1.0847e-07)
(-10 1.736e-06 8.43429e-08)
(-10 1.69055e-06 4.79119e-08)
(-10 1.64769e-06 3.91622e-08)
(-10 1.61136e-06 1.95531e-08)
(-10 9.98413e-07 7.24612e-09)
(-10 8.11135e-07 1.96504e-09)
(-10 6.94616e-07 1.05672e-09)
(-10 2.69867e-06 -6.24651e-08)
(-10 2.63177e-06 -4.17392e-08)
(-10 2.55822e-06 -4.22385e-08)
(-10 2.44021e-06 -3.5719e-08)
(-10 2.31336e-06 -1.31275e-08)
(-10 2.19619e-06 5.29092e-09)
(-10 2.09971e-06 5.35558e-08)
(-10 2.02538e-06 9.60254e-08)
(-10 1.9701e-06 1.06579e-07)
(-10 1.91845e-06 9.27861e-08)
(-10 1.86109e-06 5.96496e-08)
(-10 1.80373e-06 3.68873e-08)
(-10 1.74577e-06 2.45496e-08)
(-10 1.69281e-06 5.65965e-09)
(-10 1.04978e-06 -6.70958e-09)
(-10 8.49679e-07 -1.48083e-08)
(-10 7.23973e-07 -2.30226e-08)
(-10 2.74533e-06 -6.86975e-08)
(-10 2.70231e-06 -4.14262e-08)
(-10 2.61987e-06 -3.17257e-08)
(-10 2.52167e-06 -2.11284e-08)
(-10 2.40119e-06 9.3209e-09)
(-10 2.29492e-06 3.82281e-08)
(-10 2.21795e-06 8.19447e-08)
(-10 2.15997e-06 1.13278e-07)
(-10 2.10778e-06 1.13192e-07)
(-10 2.0481e-06 9.60253e-08)
(-10 1.97652e-06 6.03586e-08)
(-10 1.90957e-06 4.88796e-08)
(-10 1.83303e-06 3.55078e-08)
(-10 1.76433e-06 1.90221e-08)
(-10 1.09305e-06 4.60165e-09)
(-10 8.78821e-07 -9.15289e-09)
(-10 7.44301e-07 -1.51053e-08)
(-10 2.69244e-06 -6.56209e-08)
(-10 2.74646e-06 -5.14823e-08)
(-10 2.68425e-06 -5.37324e-08)
(-10 2.57268e-06 -4.5801e-08)
(-10 2.46587e-06 3.49735e-09)
(-10 2.38259e-06 3.70215e-08)
(-10 2.32675e-06 7.61624e-08)
(-10 2.28122e-06 9.21934e-08)
(-10 2.22844e-06 8.62741e-08)
(-10 2.15932e-06 6.98874e-08)
(-10 2.07517e-06 5.18055e-08)
(-10 1.99611e-06 3.60407e-08)
(-10 1.90448e-06 2.56201e-08)
(-10 1.82188e-06 1.21131e-08)
(-10 1.12062e-06 -4.26178e-09)
(-10 8.93715e-07 -2.10162e-08)
(-10 7.5117e-07 -3.65491e-08)
(-10 2.79598e-06 -5.92296e-08)
(-10 2.75332e-06 -3.85008e-08)
(-10 2.69745e-06 -3.17451e-08)
(-10 2.59007e-06 -2.5275e-08)
(-10 2.5042e-06 1.25499e-08)
(-10 2.45226e-06 5.09689e-08)
(-10 2.42038e-06 8.23635e-08)
(-10 2.38262e-06 8.74518e-08)
(-10 2.32769e-06 7.96458e-08)
(-10 2.24979e-06 6.84261e-08)
(-10 2.15872e-06 5.3879e-08)
(-10 2.06611e-06 4.95118e-08)
(-10 1.96135e-06 4.43706e-08)
(-10 1.86722e-06 3.31218e-08)
(-10 1.13365e-06 1.42693e-08)
(-10 8.92669e-07 -7.07727e-09)
(-10 7.4215e-07 -2.04011e-08)
(-10 2.70662e-06 -4.95931e-08)
(-10 2.67282e-06 -5.53289e-08)
(-10 2.57872e-06 -3.16353e-08)
(-10 2.53249e-06 1.58698e-09)
(-10 2.51128e-06 3.42159e-08)
(-10 2.49849e-06 5.28959e-08)
(-10 2.46908e-06 5.26671e-08)
(-10 2.41323e-06 4.69435e-08)
(-10 2.3303e-06 4.39244e-08)
(-10 2.24071e-06 3.44324e-08)
(-10 2.13554e-06 4.12419e-08)
(-10 2.02157e-06 4.25003e-08)
(-10 1.91754e-06 3.50064e-08)
(-10 1.14479e-06 1.63516e-08)
(-10 8.86292e-07 -7.78206e-09)
(-10 7.2694e-07 -3.05794e-08)
(-10 2.72914e-06 -5.41639e-08)
(-10 2.60677e-06 -1.45965e-08)
(-10 2.56729e-06 -3.26099e-09)
(-10 2.55339e-06 1.50968e-08)
(-10 2.55791e-06 3.27746e-08)
(-10 2.56189e-06 4.08153e-08)
(-10 2.53973e-06 3.8251e-08)
(-10 2.48624e-06 3.59485e-08)
(-10 2.40427e-06 4.06136e-08)
(-10 2.31723e-06 3.84648e-08)
(-10 2.21027e-06 5.23701e-08)
(-10 2.08981e-06 6.31248e-08)
(-10 1.98191e-06 6.33264e-08)
(-10 1.15485e-06 3.87685e-08)
(-10 8.74352e-07 1.82379e-08)
(-10 7.05629e-07 1.9947e-09)
(-10 2.73696e-06 -7.06604e-08)
(-10 2.58172e-06 -2.90476e-08)
(-10 2.57108e-06 -1.87873e-08)
(-10 2.59029e-06 -6.26215e-09)
(-10 2.61271e-06 -4.61234e-09)
(-10 2.63155e-06 -1.72107e-09)
(-10 2.61759e-06 -4.36938e-09)
(-10 2.57156e-06 -1.83619e-09)
(-10 2.49809e-06 9.99927e-09)
(-10 2.419e-06 1.16516e-08)
(-10 2.31843e-06 3.57297e-08)
(-10 2.20173e-06 5.88679e-08)
(-10 2.09068e-06 6.8862e-08)
(-10 1.19046e-06 5.87823e-08)
(-10 8.86167e-07 3.61141e-08)
(-10 7.11567e-07 1.44378e-08)
(-10 2.77026e-06 -1.78859e-08)
(-10 2.60834e-06 -4.92121e-08)
(-10 2.62602e-06 -2.04026e-08)
(-10 2.65352e-06 -2.14953e-08)
(-10 2.69323e-06 -1.04343e-08)
(-10 2.72054e-06 -1.20269e-08)
(-10 2.7177e-06 -9.45499e-09)
(-10 2.6854e-06 -6.11356e-09)
(-10 2.63001e-06 1.11919e-08)
(-10 2.55732e-06 1.71461e-08)
(-10 2.47121e-06 4.9069e-08)
(-10 2.36443e-06 8.47706e-08)
(-10 2.25377e-06 1.09637e-07)
(-10 1.27022e-06 1.09652e-07)
(-10 9.36904e-07 8.6904e-08)
(-10 7.67963e-07 7.68247e-08)
(-10 2.78784e-06 -9.40358e-08)
(-10 2.70672e-06 -5.6936e-08)
(-10 2.70742e-06 -3.54429e-08)
(-10 2.75057e-06 -3.40215e-08)
(-10 2.77894e-06 -3.17016e-08)
(-10 2.81829e-06 -3.14652e-08)
(-10 2.82494e-06 -3.22668e-08)
(-10 2.80502e-06 -1.44222e-08)
(-10 2.74812e-06 -1.5348e-08)
(-10 2.70362e-06 1.2957e-08)
(-10 2.65461e-06 4.78789e-08)
(-10 2.5536e-06 9.39987e-08)
(-10 2.45902e-06 1.23307e-07)
(-10 1.36953e-06 1.33071e-07)
(-10 1.0233e-06 1.21325e-07)
(-10 8.54538e-07 1.10145e-07)
(-10 2.72746e-06 -5.51376e-09)
(-10 2.70287e-06 -1.64692e-08)
(-10 2.70686e-06 1.64567e-09)
(-10 2.71347e-06 1.1959e-08)
(-10 2.76289e-06 1.23056e-08)
(-10 2.77919e-06 1.97482e-08)
(-10 2.80139e-06 1.99133e-08)
(-10 2.81417e-06 2.34726e-08)
(-10 2.80986e-06 3.53569e-08)
(-10 2.7771e-06 7.349e-08)
(-10 2.72324e-06 9.62743e-08)
(-10 2.66371e-06 1.39252e-07)
(-10 2.57216e-06 2.05741e-07)
(-10 1.42693e-06 2.07968e-07)
(-10 1.06465e-06 2.20989e-07)
(-10 9.02954e-07 2.12875e-07)
(-10 2.42188e-06 5.31217e-08)
(-10 2.41418e-06 3.81831e-08)
(-10 2.40968e-06 4.19909e-08)
(-10 2.42736e-06 5.13801e-08)
(-10 2.43998e-06 6.7232e-08)
(-10 2.47372e-06 6.22109e-08)
(-10 2.52738e-06 6.32906e-08)
(-10 2.55123e-06 5.20251e-08)
(-10 2.5664e-06 5.82928e-08)
(-10 2.56688e-06 6.05069e-08)
(-10 2.55801e-06 1.10602e-07)
(-10 2.53187e-06 1.43033e-07)
(-10 2.49933e-06 2.04181e-07)
(-10 1.27411e-06 2.46841e-07)
(-10 9.25398e-07 2.63142e-07)
(-10 7.28643e-07 2.50634e-07)
(-10 2.19162e-06 1.18529e-07)
(-10 2.33189e-06 1.13275e-07)
(-10 2.32081e-06 1.19915e-07)
(-10 2.32189e-06 1.36526e-07)
(-10 2.35623e-06 1.56897e-07)
(-10 2.41027e-06 1.74705e-07)
(-10 2.44619e-06 1.43122e-07)
(-10 2.49241e-06 1.03515e-07)
(-10 2.53393e-06 6.52835e-08)
(-10 2.56996e-06 9.18372e-08)
(-10 2.59526e-06 7.41905e-08)
(-10 2.60593e-06 1.45411e-07)
(-10 2.61314e-06 2.1458e-07)
(-10 1.33878e-06 2.96128e-07)
(-10 9.65819e-07 3.29643e-07)
(-10 7.75905e-07 2.54355e-07)
(-10 1.43333e-07 1.68491e-07)
(-10 1.43479e-07 1.55832e-07)
(-10 1.35143e-07 1.49811e-07)
(-10 1.27012e-07 1.40466e-07)
(-10 1.19412e-07 1.24305e-07)
(-10 1.11031e-07 1.0292e-07)
(-10 1.02394e-07 7.84036e-08)
(-10 9.36654e-08 5.50909e-08)
(-10 8.5617e-08 3.92988e-08)
(-10 7.92151e-08 3.48474e-08)
(-10 7.49288e-08 3.8466e-08)
(-10 7.21525e-08 4.77924e-08)
(-10 7.19278e-08 6.19239e-08)
(-10 7.627e-08 7.09292e-08)
(-10 5.105e-08 8.16415e-08)
(-10 4.3672e-08 9.26705e-08)
(-10 3.62245e-08 9.16408e-08)
(-10 4.12079e-07 1.10192e-07)
(-10 3.94601e-07 1.01734e-07)
(-10 3.73197e-07 9.89384e-08)
(-10 3.49467e-07 9.1649e-08)
(-10 3.23534e-07 8.1547e-08)
(-10 2.97693e-07 6.56372e-08)
(-10 2.7165e-07 4.63721e-08)
(-10 2.45749e-07 2.83737e-08)
(-10 2.22199e-07 1.7219e-08)
(-10 2.03778e-07 1.63932e-08)
(-10 1.91585e-07 2.23407e-08)
(-10 1.85936e-07 3.27761e-08)
(-10 1.86027e-07 4.80238e-08)
(-10 1.90077e-07 5.77335e-08)
(-10 1.05481e-07 6.74943e-08)
(-10 8.19219e-08 7.72535e-08)
(-10 7.10333e-08 7.66462e-08)
(-10 7.14076e-07 1.09437e-07)
(-10 6.83397e-07 9.97126e-08)
(-10 6.5032e-07 9.74277e-08)
(-10 6.13432e-07 8.88942e-08)
(-10 5.71689e-07 7.72589e-08)
(-10 5.29127e-07 6.22267e-08)
(-10 4.86477e-07 4.38319e-08)
(-10 4.44192e-07 2.71273e-08)
(-10 4.05605e-07 1.68495e-08)
(-10 3.75591e-07 1.67367e-08)
(-10 3.5584e-07 2.28223e-08)
(-10 3.46326e-07 3.29315e-08)
(-10 3.46205e-07 4.69205e-08)
(-10 3.53703e-07 5.64718e-08)
(-10 2.08074e-07 6.69821e-08)
(-10 1.72269e-07 7.59741e-08)
(-10 1.53817e-07 7.54867e-08)
(-10 9.87899e-07 1.03534e-07)
(-10 9.42637e-07 9.57101e-08)
(-10 8.96335e-07 9.28032e-08)
(-10 8.45276e-07 8.41161e-08)
(-10 7.89422e-07 7.07877e-08)
(-10 7.30435e-07 5.70461e-08)
(-10 6.71559e-07 4.044e-08)
(-10 6.13436e-07 2.57907e-08)
(-10 5.6055e-07 1.73176e-08)
(-10 5.19738e-07 1.80786e-08)
(-10 4.93191e-07 2.43966e-08)
(-10 4.81426e-07 3.37781e-08)
(-10 4.82431e-07 4.64435e-08)
(-10 4.92361e-07 5.40834e-08)
(-10 2.88258e-07 6.3107e-08)
(-10 2.36804e-07 7.01743e-08)
(-10 2.12347e-07 7.088e-08)
(-10 1.24917e-06 9.87747e-08)
(-10 1.19163e-06 8.85198e-08)
(-10 1.13356e-06 8.61142e-08)
(-10 1.06922e-06 7.72027e-08)
(-10 9.99339e-07 6.33607e-08)
(-10 9.25315e-07 5.07997e-08)
(-10 8.51208e-07 3.66178e-08)
(-10 7.78347e-07 2.48125e-08)
(-10 7.12647e-07 1.94275e-08)
(-10 6.61778e-07 2.14494e-08)
(-10 6.29997e-07 2.83241e-08)
(-10 6.16201e-07 3.80357e-08)
(-10 6.17854e-07 4.65985e-08)
(-10 6.30818e-07 5.38537e-08)
(-10 3.7089e-07 6.20073e-08)
(-10 3.07711e-07 6.9941e-08)
(-10 2.7536e-07 6.97324e-08)
(-10 1.49264e-06 8.2855e-08)
(-10 1.42322e-06 7.56106e-08)
(-10 1.35364e-06 7.20391e-08)
(-10 1.27711e-06 6.33348e-08)
(-10 1.19405e-06 4.99787e-08)
(-10 1.10648e-06 3.93454e-08)
(-10 1.01864e-06 2.79005e-08)
(-10 9.32527e-07 1.98743e-08)
(-10 8.55479e-07 1.82051e-08)
(-10 7.95922e-07 2.23301e-08)
(-10 7.60175e-07 2.96088e-08)
(-10 7.46014e-07 3.73447e-08)
(-10 7.49239e-07 4.29159e-08)
(-10 7.63742e-07 4.80632e-08)
(-10 4.50428e-07 5.46148e-08)
(-10 3.72242e-07 5.90159e-08)
(-10 3.31753e-07 5.81411e-08)
(-10 1.72003e-06 7.70203e-08)
(-10 1.64019e-06 6.65118e-08)
(-10 1.56177e-06 6.39681e-08)
(-10 1.4748e-06 5.52006e-08)
(-10 1.3801e-06 4.24034e-08)
(-10 1.28061e-06 3.38896e-08)
(-10 1.18083e-06 2.57308e-08)
(-10 1.08343e-06 2.23703e-08)
(-10 9.97114e-07 2.54858e-08)
(-10 9.31382e-07 3.26091e-08)
(-10 8.93886e-07 3.98822e-08)
(-10 8.79548e-07 4.45695e-08)
(-10 8.83084e-07 4.73871e-08)
(-10 8.98314e-07 5.03067e-08)
(-10 5.3424e-07 5.4239e-08)
(-10 4.42582e-07 5.83908e-08)
(-10 3.91859e-07 5.80403e-08)
(-10 1.92481e-06 5.41449e-08)
(-10 1.83676e-06 4.81973e-08)
(-10 1.75035e-06 4.4856e-08)
(-10 1.65464e-06 3.64291e-08)
(-10 1.54999e-06 2.47624e-08)
(-10 1.44042e-06 1.88609e-08)
(-10 1.33112e-06 1.52905e-08)
(-10 1.22521e-06 1.77611e-08)
(-10 1.13262e-06 2.64745e-08)
(-10 1.06427e-06 3.64552e-08)
(-10 1.02644e-06 4.23662e-08)
(-10 1.01229e-06 4.34221e-08)
(-10 1.01514e-06 4.18064e-08)
(-10 1.02807e-06 4.09184e-08)
(-10 6.15094e-07 4.24792e-08)
(-10 5.06603e-07 4.32788e-08)
(-10 4.46216e-07 4.23447e-08)
(-10 2.11035e-06 4.8873e-08)
(-10 2.0168e-06 3.98518e-08)
(-10 1.92511e-06 3.84801e-08)
(-10 1.8225e-06 2.99146e-08)
(-10 1.70948e-06 1.93522e-08)
(-10 1.59181e-06 1.66964e-08)
(-10 1.47604e-06 1.85108e-08)
(-10 1.36509e-06 2.7486e-08)
(-10 1.26994e-06 4.17055e-08)
(-10 1.20274e-06 5.3378e-08)
(-10 1.16552e-06 5.68087e-08)
(-10 1.14978e-06 5.32799e-08)
(-10 1.14858e-06 4.74089e-08)
(-10 1.15668e-06 4.31885e-08)
(-10 6.97417e-07 4.21972e-08)
(-10 5.74127e-07 4.41856e-08)
(-10 5.02743e-07 4.31614e-08)
(-10 2.27038e-06 2.17735e-08)
(-10 2.17605e-06 2.07307e-08)
(-10 2.0807e-06 1.77497e-08)
(-10 1.97305e-06 1.03702e-08)
(-10 1.85364e-06 2.10112e-09)
(-10 1.73096e-06 4.37672e-09)
(-10 1.61274e-06 1.21861e-08)
(-10 1.50075e-06 2.75927e-08)
(-10 1.40719e-06 4.62791e-08)
(-10 1.34381e-06 5.7366e-08)
(-10 1.30662e-06 5.67388e-08)
(-10 1.28737e-06 4.82274e-08)
(-10 1.2793e-06 3.80604e-08)
(-10 1.27911e-06 3.09309e-08)
(-10 7.76592e-07 2.84568e-08)
(-10 6.36178e-07 2.60839e-08)
(-10 5.53645e-07 2.60487e-08)
(-10 2.41099e-06 1.83057e-08)
(-10 2.31843e-06 1.49461e-08)
(-10 2.22287e-06 1.47941e-08)
(-10 2.11259e-06 8.23413e-09)
(-10 1.98916e-06 3.33178e-09)
(-10 1.86488e-06 1.09433e-08)
(-10 1.74851e-06 2.32775e-08)
(-10 1.63891e-06 4.42239e-08)
(-10 1.5506e-06 6.55041e-08)
(-10 1.49169e-06 7.34005e-08)
(-10 1.45287e-06 6.79805e-08)
(-10 1.42657e-06 5.50021e-08)
(-10 1.40868e-06 4.22889e-08)
(-10 1.39799e-06 3.33308e-08)
(-10 8.55773e-07 2.86684e-08)
(-10 6.99059e-07 2.79615e-08)
(-10 6.03597e-07 2.676e-08)
(-10 2.52521e-06 -9.46828e-09)
(-10 2.43958e-06 -4.57134e-09)
(-10 2.34634e-06 -5.44642e-09)
(-10 2.23573e-06 -9.11347e-09)
(-10 2.11143e-06 -8.38885e-09)
(-10 1.99513e-06 3.26453e-09)
(-10 1.87805e-06 1.79357e-08)
(-10 1.77406e-06 4.45829e-08)
(-10 1.69353e-06 6.58552e-08)
(-10 1.63744e-06 6.84076e-08)
(-10 1.59435e-06 5.81514e-08)
(-10 1.55875e-06 4.21325e-08)
(-10 1.52904e-06 2.78895e-08)
(-10 1.507e-06 1.84745e-08)
(-10 9.27505e-07 1.17782e-08)
(-10 7.54038e-07 7.84659e-09)
(-10 6.47295e-07 6.02516e-09)
(-10 2.62175e-06 -8.58211e-09)
(-10 2.54638e-06 -6.4467e-09)
(-10 2.45764e-06 -4.45353e-09)
(-10 2.34987e-06 -5.23257e-09)
(-10 2.22829e-06 1.35013e-09)
(-10 2.10558e-06 9.15765e-09)
(-10 2.00203e-06 3.25583e-08)
(-10 1.90939e-06 6.17839e-08)
(-10 1.83734e-06 7.86304e-08)
(-10 1.78084e-06 7.58548e-08)
(-10 1.73105e-06 6.15612e-08)
(-10 1.68372e-06 4.50745e-08)
(-10 1.64363e-06 3.20418e-08)
(-10 1.6066e-06 2.17626e-08)
(-10 9.94163e-07 1.40528e-08)
(-10 8.04923e-07 1.11457e-08)
(-10 6.87506e-07 8.98766e-09)
(-10 2.69044e-06 -3.76022e-08)
(-10 2.63145e-06 -2.49691e-08)
(-10 2.549e-06 -2.25938e-08)
(-10 2.44588e-06 -2.07319e-08)
(-10 2.32969e-06 -8.85634e-09)
(-10 2.21428e-06 1.13457e-08)
(-10 2.1182e-06 3.25754e-08)
(-10 2.03873e-06 5.86372e-08)
(-10 1.9729e-06 6.7744e-08)
(-10 1.91338e-06 6.06387e-08)
(-10 1.85446e-06 4.48327e-08)
(-10 1.79477e-06 2.90642e-08)
(-10 1.7431e-06 1.7706e-08)
(-10 1.69133e-06 6.92254e-09)
(-10 1.04857e-06 -1.76847e-09)
(-10 8.45674e-07 -9.02242e-09)
(-10 7.18488e-07 -1.26812e-08)
(-10 2.71994e-06 -1.52073e-08)
(-10 2.68595e-06 -2.0533e-08)
(-10 2.62496e-06 -2.38379e-08)
(-10 2.52816e-06 -1.37262e-08)
(-10 2.41839e-06 3.07338e-09)
(-10 2.31486e-06 2.71711e-08)
(-10 2.23075e-06 4.9638e-08)
(-10 2.16306e-06 6.94478e-08)
(-10 2.10072e-06 7.12429e-08)
(-10 2.03641e-06 6.20754e-08)
(-10 1.96695e-06 4.78741e-08)
(-10 1.89903e-06 3.33141e-08)
(-10 1.83175e-06 2.44428e-08)
(-10 1.76682e-06 1.46519e-08)
(-10 1.09551e-06 4.91794e-09)
(-10 8.78009e-07 -1.77605e-09)
(-10 7.4102e-07 -7.90152e-09)
(-10 2.77367e-06 -3.32811e-08)
(-10 2.74633e-06 -3.29717e-08)
(-10 2.66952e-06 -3.1784e-08)
(-10 2.57832e-06 -2.82835e-08)
(-10 2.48211e-06 -5.50868e-09)
(-10 2.39555e-06 1.8524e-08)
(-10 2.32834e-06 4.08332e-08)
(-10 2.27105e-06 5.21372e-08)
(-10 2.21059e-06 5.04011e-08)
(-10 2.14119e-06 4.16507e-08)
(-10 2.0626e-06 3.12787e-08)
(-10 1.98723e-06 1.96061e-08)
(-10 1.90503e-06 1.31645e-08)
(-10 1.82779e-06 4.79811e-09)
(-10 1.12703e-06 -5.87502e-09)
(-10 8.97134e-07 -1.8179e-08)
(-10 7.52597e-07 -2.52306e-08)
(-10 2.71934e-06 2.19353e-08)
(-10 2.77149e-06 -2.67544e-08)
(-10 2.70159e-06 -3.09914e-08)
(-10 2.597e-06 -1.56786e-08)
(-10 2.51852e-06 7.31796e-09)
(-10 2.45364e-06 2.74941e-08)
(-10 2.40712e-06 4.61373e-08)
(-10 2.35884e-06 5.13522e-08)
(-10 2.30034e-06 4.83163e-08)
(-10 2.22721e-06 4.22675e-08)
(-10 2.14495e-06 3.29416e-08)
(-10 2.05998e-06 2.92327e-08)
(-10 1.96606e-06 2.62861e-08)
(-10 1.87946e-06 1.99453e-08)
(-10 1.14656e-06 8.73244e-09)
(-10 9.02448e-07 -2.1642e-09)
(-10 7.49008e-07 -1.27563e-08)
(-10 2.80799e-06 -2.36597e-08)
(-10 2.71738e-06 -2.55601e-08)
(-10 2.68525e-06 -4.00193e-08)
(-10 2.6011e-06 -1.50448e-08)
(-10 2.53591e-06 -2.13784e-10)
(-10 2.49812e-06 1.70426e-08)
(-10 2.46969e-06 2.92438e-08)
(-10 2.43224e-06 3.11828e-08)
(-10 2.37735e-06 2.90333e-08)
(-10 2.30335e-06 2.7161e-08)
(-10 2.22301e-06 1.99474e-08)
(-10 2.13073e-06 2.33671e-08)
(-10 2.02853e-06 2.51475e-08)
(-10 1.93433e-06 2.2069e-08)
(-10 1.16255e-06 1.10599e-08)
(-10 9.01334e-07 -6.55288e-09)
(-10 7.41341e-07 -1.69238e-08)
(-10 2.69281e-06 3.08396e-09)
(-10 2.64161e-06 -1.33571e-08)
(-10 2.5708e-06 6.26114e-10)
(-10 2.54022e-06 1.19148e-08)
(-10 2.5273e-06 2.09357e-08)
(-10 2.51832e-06 2.87096e-08)
(-10 2.49171e-06 2.88694e-08)
(-10 2.44294e-06 2.8067e-08)
(-10 2.37196e-06 3.05515e-08)
(-10 2.29658e-06 2.65453e-08)
(-10 2.20173e-06 3.64513e-08)
(-10 2.09813e-06 4.51013e-08)
(-10 2.00147e-06 4.68227e-08)
(-10 1.17528e-06 3.50369e-08)
(-10 8.96551e-07 2.1745e-08)
(-10 7.29686e-07 1.06515e-08)
(-10 2.78498e-06 -2.29422e-08)
(-10 2.56478e-06 -6.554e-09)
(-10 2.5552e-06 -6.27258e-09)
(-10 2.56525e-06 3.62618e-09)
(-10 2.57822e-06 4.29873e-09)
(-10 2.58269e-06 8.53685e-09)
(-10 2.57009e-06 9.6239e-09)
(-10 2.53069e-06 1.11041e-08)
(-10 2.46868e-06 1.8251e-08)
(-10 2.39865e-06 1.76598e-08)
(-10 2.3115e-06 3.53233e-08)
(-10 2.21044e-06 5.28538e-08)
(-10 2.11174e-06 6.04142e-08)
(-10 1.21871e-06 5.30994e-08)
(-10 9.14097e-07 3.44892e-08)
(-10 7.47883e-07 2.74646e-08)
(-10 2.80198e-06 -2.28174e-08)
(-10 2.61045e-06 -2.95647e-09)
(-10 2.61263e-06 6.13992e-11)
(-10 2.64061e-06 6.49157e-09)
(-10 2.6539e-06 3.74618e-09)
(-10 2.67541e-06 7.39696e-09)
(-10 2.67598e-06 6.45377e-09)
(-10 2.64676e-06 9.73187e-09)
(-10 2.59695e-06 1.99578e-08)
(-10 2.53303e-06 2.40678e-08)
(-10 2.45702e-06 4.88245e-08)
(-10 2.36385e-06 7.7129e-08)
(-10 2.26916e-06 9.29295e-08)
(-10 1.29583e-06 7.92756e-08)
(-10 9.60341e-07 7.28716e-08)
(-10 8.08545e-07 7.15352e-08)
(-10 2.8166e-06 -5.42169e-08)
(-10 2.73117e-06 -4.21291e-08)
(-10 2.72285e-06 -2.73416e-08)
(-10 2.73084e-06 -1.8572e-08)
(-10 2.77327e-06 -1.70648e-08)
(-10 2.7933e-06 -1.84664e-08)
(-10 2.80256e-06 -2.01565e-08)
(-10 2.78907e-06 -1.72126e-08)
(-10 2.76012e-06 -6.13807e-09)
(-10 2.69611e-06 1.1091e-08)
(-10 2.64961e-06 4.45834e-08)
(-10 2.57086e-06 7.83548e-08)
(-10 2.47565e-06 9.44627e-08)
(-10 1.41619e-06 8.72831e-08)
(-10 1.08659e-06 9.28674e-08)
(-10 9.35205e-07 8.88152e-08)
(-10 2.80792e-06 -1.29143e-08)
(-10 2.7092e-06 -2.00262e-08)
(-10 2.70791e-06 -8.48338e-09)
(-10 2.73377e-06 -4.37825e-09)
(-10 2.74766e-06 -2.31181e-09)
(-10 2.7783e-06 -4.3325e-09)
(-10 2.80056e-06 -5.70444e-09)
(-10 2.80476e-06 -6.42067e-09)
(-10 2.79321e-06 1.2683e-08)
(-10 2.76427e-06 4.03757e-08)
(-10 2.72798e-06 7.6793e-08)
(-10 2.68102e-06 1.18861e-07)
(-10 2.63632e-06 1.39627e-07)
(-10 1.50355e-06 1.55827e-07)
(-10 1.18948e-06 1.61735e-07)
(-10 9.88119e-07 1.55214e-07)
(-10 2.35842e-06 -5.17384e-08)
(-10 2.44419e-06 -3.35512e-08)
(-10 2.41861e-06 -3.43433e-08)
(-10 2.42501e-06 -2.91396e-08)
(-10 2.44563e-06 -2.39982e-08)
(-10 2.47295e-06 -2.36074e-08)
(-10 2.49071e-06 -2.62842e-08)
(-10 2.52189e-06 -1.6152e-08)
(-10 2.53397e-06 -1.74228e-08)
(-10 2.5597e-06 9.43456e-09)
(-10 2.55118e-06 5.74422e-08)
(-10 2.54427e-06 8.09544e-08)
(-10 2.53876e-06 9.73872e-08)
(-10 1.34799e-06 1.42757e-07)
(-10 1.00103e-06 1.31298e-07)
(-10 7.98313e-07 1.31322e-07)
(-10 2.26051e-06 4.42276e-08)
(-10 2.34642e-06 4.17959e-08)
(-10 2.3422e-06 5.09828e-08)
(-10 2.35273e-06 6.18299e-08)
(-10 2.37896e-06 7.15317e-08)
(-10 2.40156e-06 7.12319e-08)
(-10 2.45118e-06 7.87967e-08)
(-10 2.50419e-06 6.57473e-08)
(-10 2.54704e-06 9.0253e-08)
(-10 2.57427e-06 9.86301e-08)
(-10 2.60135e-06 1.04826e-07)
(-10 2.62873e-06 1.25336e-07)
(-10 2.65091e-06 1.74492e-07)
(-10 1.38978e-06 1.75488e-07)
(-10 1.01667e-06 2.15103e-07)
(-10 8.27028e-07 2.12152e-07)
(-10 1.64266e-07 8.70562e-08)
(-10 1.66516e-07 8.52124e-08)
(-10 1.59339e-07 8.27809e-08)
(-10 1.51629e-07 7.83536e-08)
(-10 1.43244e-07 7.20881e-08)
(-10 1.34633e-07 6.36326e-08)
(-10 1.25678e-07 5.42439e-08)
(-10 1.16825e-07 4.54365e-08)
(-10 1.08667e-07 3.92876e-08)
(-10 1.02091e-07 3.70811e-08)
(-10 9.73134e-08 3.79323e-08)
(-10 9.40605e-08 4.10357e-08)
(-10 9.41477e-08 4.53548e-08)
(-10 9.46631e-08 4.9794e-08)
(-10 7.18692e-08 5.34584e-08)
(-10 6.45374e-08 5.68038e-08)
(-10 5.79246e-08 5.3994e-08)
(-10 4.69848e-07 7.15303e-08)
(-10 4.52265e-07 6.94399e-08)
(-10 4.31947e-07 6.85715e-08)
(-10 4.09864e-07 6.52068e-08)
(-10 3.85388e-07 5.9183e-08)
(-10 3.58774e-07 5.28445e-08)
(-10 3.32314e-07 4.601e-08)
(-10 3.06642e-07 3.91599e-08)
(-10 2.83213e-07 3.44358e-08)
(-10 2.64291e-07 3.30493e-08)
(-10 2.5129e-07 3.46702e-08)
(-10 2.44436e-07 3.81244e-08)
(-10 2.42851e-07 4.23705e-08)
(-10 2.45696e-07 4.70524e-08)
(-10 1.62187e-07 5.13829e-08)
(-10 1.41925e-07 5.33499e-08)
(-10 1.31545e-07 5.3165e-08)
(-10 7.94848e-07 6.89198e-08)
(-10 7.67461e-07 6.5923e-08)
(-10 7.35999e-07 6.48358e-08)
(-10 7.00361e-07 6.11581e-08)
(-10 6.611e-07 5.51395e-08)
(-10 6.18859e-07 4.80664e-08)
(-10 5.76462e-07 4.27456e-08)
(-10 5.3549e-07 3.66732e-08)
(-10 4.97783e-07 3.23313e-08)
(-10 4.66833e-07 3.0839e-08)
(-10 4.45734e-07 3.25125e-08)
(-10 4.34133e-07 3.59844e-08)
(-10 4.32062e-07 4.01187e-08)
(-10 4.36805e-07 4.46071e-08)
(-10 2.9511e-07 4.87522e-08)
(-10 2.6435e-07 5.14071e-08)
(-10 2.45701e-07 5.03e-08)
(-10 1.0975e-06 6.69158e-08)
(-10 1.05546e-06 6.44147e-08)
(-10 1.01236e-06 6.28434e-08)
(-10 9.63511e-07 5.90692e-08)
(-10 9.09634e-07 5.30903e-08)
(-10 8.51855e-07 4.59372e-08)
(-10 7.94759e-07 4.23122e-08)
(-10 7.38854e-07 3.63651e-08)
(-10 6.87439e-07 3.24163e-08)
(-10 6.45418e-07 3.13237e-08)
(-10 6.16832e-07 3.29516e-08)
(-10 6.02645e-07 3.62525e-08)
(-10 5.99954e-07 3.9971e-08)
(-10 6.06382e-07 4.39175e-08)
(-10 4.083e-07 4.77511e-08)
(-10 3.64563e-07 4.90517e-08)
(-10 3.40835e-07 4.95623e-08)
(-10 1.38168e-06 6.14904e-08)
(-10 1.32993e-06 5.75927e-08)
(-10 1.27549e-06 5.61032e-08)
(-10 1.21385e-06 5.21792e-08)
(-10 1.14593e-06 4.63037e-08)
(-10 1.07334e-06 4.064e-08)
(-10 1.00327e-06 3.7529e-08)
(-10 9.32909e-07 3.19778e-08)
(-10 8.6869e-07 2.90592e-08)
(-10 8.16832e-07 2.88859e-08)
(-10 7.82443e-07 3.0993e-08)
(-10 7.65364e-07 3.41552e-08)
(-10 7.63337e-07 3.75384e-08)
(-10 7.716e-07 4.08675e-08)
(-10 5.19417e-07 4.41191e-08)
(-10 4.65743e-07 4.667e-08)
(-10 4.33408e-07 4.52841e-08)
(-10 1.64975e-06 5.44999e-08)
(-10 1.58557e-06 5.21059e-08)
(-10 1.52073e-06 5.0155e-08)
(-10 1.44752e-06 4.6288e-08)
(-10 1.36675e-06 4.061e-08)
(-10 1.28156e-06 3.78838e-08)
(-10 1.19907e-06 3.36637e-08)
(-10 1.11533e-06 2.91247e-08)
(-10 1.03986e-06 2.75149e-08)
(-10 9.79634e-07 2.83598e-08)
(-10 9.41112e-07 3.08782e-08)
(-10 9.23199e-07 3.36443e-08)
(-10 9.2096e-07 3.61284e-08)
(-10 9.30405e-07 3.84114e-08)
(-10 6.26843e-07 4.09676e-08)
(-10 5.60553e-07 4.12936e-08)
(-10 5.21411e-07 4.20026e-08)
(-10 1.89465e-06 4.82132e-08)
(-10 1.82222e-06 4.39444e-08)
(-10 1.74861e-06 4.24679e-08)
(-10 1.66519e-06 3.86409e-08)
(-10 1.57309e-06 3.32714e-08)
(-10 1.4782e-06 3.31734e-08)
(-10 1.38364e-06 2.83345e-08)
(-10 1.28863e-06 2.56286e-08)
(-10 1.20415e-06 2.60491e-08)
(-10 1.13793e-06 2.83755e-08)
(-10 1.09745e-06 3.1301e-08)
(-10 1.07825e-06 3.34478e-08)
(-10 1.07649e-06 3.48712e-08)
(-10 1.08602e-06 3.60784e-08)
(-10 7.33561e-07 3.7635e-08)
(-10 6.55877e-07 3.93972e-08)
(-10 6.06452e-07 3.76912e-08)
(-10 2.11689e-06 3.79806e-08)
(-10 2.03632e-06 3.62515e-08)
(-10 1.95554e-06 3.44201e-08)
(-10 1.8638e-06 3.08672e-08)
(-10 1.76225e-06 2.60003e-08)
(-10 1.65977e-06 2.76195e-08)
(-10 1.55499e-06 2.34531e-08)
(-10 1.4515e-06 2.30181e-08)
(-10 1.36104e-06 2.56359e-08)
(-10 1.29222e-06 2.92984e-08)
(-10 1.25076e-06 3.19048e-08)
(-10 1.23127e-06 3.28454e-08)
(-10 1.22785e-06 3.26903e-08)
(-10 1.23541e-06 3.24389e-08)
(-10 8.3637e-07 3.30067e-08)
(-10 7.44465e-07 3.20206e-08)
(-10 6.86288e-07 3.29695e-08)
(-10 2.31293e-06 3.18511e-08)
(-10 2.22857e-06 2.82573e-08)
(-10 2.14293e-06 2.72665e-08)
(-10 2.04488e-06 2.39346e-08)
(-10 1.93593e-06 1.97331e-08)
(-10 1.82751e-06 2.27556e-08)
(-10 1.71573e-06 2.01754e-08)
(-10 1.60735e-06 2.24888e-08)
(-10 1.51448e-06 2.75604e-08)
(-10 1.44626e-06 3.21876e-08)
(-10 1.40464e-06 3.4156e-08)
(-10 1.38314e-06 3.36833e-08)
(-10 1.37672e-06 3.20037e-08)
(-10 1.37967e-06 3.05168e-08)
(-10 9.36635e-07 3.00794e-08)
(-10 8.31621e-07 3.10427e-08)
(-10 7.61908e-07 2.89725e-08)
(-10 2.48263e-06 1.99038e-08)
(-10 2.39762e-06 1.97398e-08)
(-10 2.30933e-06 1.85434e-08)
(-10 2.20737e-06 1.58077e-08)
(-10 2.09351e-06 1.27298e-08)
(-10 1.98124e-06 1.73333e-08)
(-10 1.86651e-06 1.67265e-08)
(-10 1.75721e-06 2.19041e-08)
(-10 1.66552e-06 2.88343e-08)
(-10 1.59998e-06 3.33432e-08)
(-10 1.55792e-06 3.39852e-08)
(-10 1.53334e-06 3.16968e-08)
(-10 1.52059e-06 2.83943e-08)
(-10 1.51634e-06 2.55985e-08)
(-10 1.03215e-06 2.44257e-08)
(-10 9.11666e-07 2.21591e-08)
(-10 8.31288e-07 2.28322e-08)
(-10 2.62662e-06 1.49624e-08)
(-10 2.54465e-06 1.29944e-08)
(-10 2.45673e-06 1.29207e-08)
(-10 2.35356e-06 1.07768e-08)
(-10 2.23782e-06 9.12334e-09)
(-10 2.12445e-06 1.53217e-08)
(-10 2.01079e-06 1.6659e-08)
(-10 1.90406e-06 2.44628e-08)
(-10 1.8165e-06 3.2492e-08)
(-10 1.75416e-06 3.61363e-08)
(-10 1.7105e-06 3.52655e-08)
(-10 1.67996e-06 3.13861e-08)
(-10 1.65909e-06 2.71451e-08)
(-10 1.64514e-06 2.35662e-08)
(-10 1.12294e-06 2.1609e-08)
(-10 9.87722e-07 2.15331e-08)
(-10 8.9555e-07 1.91987e-08)
(-10 2.74404e-06 3.11658e-09)
(-10 2.66979e-06 4.85642e-09)
(-10 2.58486e-06 4.5817e-09)
(-10 2.48326e-06 3.67886e-09)
(-10 2.3689e-06 4.27213e-09)
(-10 2.25143e-06 8.44631e-09)
(-10 2.14744e-06 1.3e-08)
(-10 2.04637e-06 2.3736e-08)
(-10 1.96462e-06 3.19108e-08)
(-10 1.90425e-06 3.38048e-08)
(-10 1.85702e-06 3.11281e-08)
(-10 1.81891e-06 2.60293e-08)
(-10 1.78719e-06 2.08653e-08)
(-10 1.76173e-06 1.66976e-08)
(-10 1.20476e-06 1.40448e-08)
(-10 1.05455e-06 1.11053e-08)
(-10 9.49846e-07 1.14841e-08)
(-10 2.83895e-06 2.86613e-10)
(-10 2.77407e-06 1.19808e-10)
(-10 2.69489e-06 1.5446e-09)
(-10 2.59766e-06 1.21192e-09)
(-10 2.48727e-06 3.65815e-09)
(-10 2.37502e-06 1.04272e-08)
(-10 2.27202e-06 1.41531e-08)
(-10 2.18291e-06 2.55787e-08)
(-10 2.108e-06 3.32816e-08)
(-10 2.0475e-06 3.33748e-08)
(-10 1.99466e-06 2.93376e-08)
(-10 1.94665e-06 2.37302e-08)
(-10 1.90348e-06 1.87001e-08)
(-10 1.86579e-06 1.44555e-08)
(-10 1.27723e-06 1.15279e-08)
(-10 1.11131e-06 1.05202e-08)
(-10 9.96612e-07 8.01532e-09)
(-10 2.90508e-06 -7.82127e-09)
(-10 2.85515e-06 -7.12951e-09)
(-10 2.78544e-06 -7.65557e-09)
(-10 2.69425e-06 -6.64172e-09)
(-10 2.59004e-06 -2.00849e-09)
(-10 2.48512e-06 6.26664e-09)
(-10 2.39054e-06 1.68693e-08)
(-10 2.30974e-06 2.4112e-08)
(-10 2.24096e-06 2.81548e-08)
(-10 2.17846e-06 2.65796e-08)
(-10 2.11829e-06 2.15657e-08)
(-10 2.06105e-06 1.55358e-08)
(-10 2.00541e-06 1.12465e-08)
(-10 1.95391e-06 6.98319e-09)
(-10 1.33581e-06 3.44698e-09)
(-10 1.15652e-06 6.01668e-12)
(-10 1.03102e-06 -2.2095e-10)
(-10 2.95184e-06 -4.69524e-09)
(-10 2.92251e-06 -9.81685e-09)
(-10 2.85525e-06 -8.93885e-09)
(-10 2.77369e-06 -7.59818e-09)
(-10 2.67763e-06 -1.24177e-09)
(-10 2.58333e-06 8.01126e-09)
(-10 2.50015e-06 1.7898e-08)
(-10 2.42849e-06 2.45451e-08)
(-10 2.36305e-06 2.62901e-08)
(-10 2.29722e-06 2.34247e-08)
(-10 2.22892e-06 1.91892e-08)
(-10 2.16268e-06 1.36369e-08)
(-10 2.09388e-06 1.02989e-08)
(-10 2.02927e-06 6.41889e-09)
(-10 1.38295e-06 2.83252e-09)
(-10 1.18949e-06 1.17558e-09)
(-10 1.05457e-06 -2.97111e-09)
(-10 2.95249e-06 2.38181e-09)
(-10 2.95355e-06 -4.48904e-09)
(-10 2.91919e-06 -1.75621e-08)
(-10 2.82811e-06 -1.45892e-08)
(-10 2.74098e-06 -5.54926e-09)
(-10 2.66067e-06 4.31728e-09)
(-10 2.591e-06 1.29149e-08)
(-10 2.52943e-06 1.76988e-08)
(-10 2.46614e-06 1.81025e-08)
(-10 2.39673e-06 1.47157e-08)
(-10 2.32331e-06 9.43588e-09)
(-10 2.24689e-06 7.12516e-09)
(-10 2.165e-06 4.52375e-09)
(-10 2.08926e-06 1.2288e-09)
(-10 1.41314e-06 -2.87806e-09)
(-10 1.20792e-06 -8.26167e-09)
(-10 1.06531e-06 -8.12173e-09)
(-10 3.00659e-06 -2.27488e-08)
(-10 3.00016e-06 -1.3957e-08)
(-10 2.92945e-06 -4.0988e-09)
(-10 2.86149e-06 -1.05544e-08)
(-10 2.78315e-06 -2.95005e-09)
(-10 2.7184e-06 5.8405e-09)
(-10 2.66539e-06 1.27278e-08)
(-10 2.61324e-06 1.57382e-08)
(-10 2.5532e-06 1.57946e-08)
(-10 2.48126e-06 1.31927e-08)
(-10 2.40708e-06 8.09874e-09)
(-10 2.31955e-06 8.6606e-09)
(-10 2.22776e-06 7.79596e-09)
(-10 2.14196e-06 5.46254e-09)
(-10 1.43357e-06 1.82453e-09)
(-10 1.21465e-06 -5.53206e-10)
(-10 1.06459e-06 -6.30212e-09)
(-10 2.97414e-06 1.22498e-08)
(-10 3.01629e-06 -1.3436e-08)
(-10 2.95499e-06 -3.15499e-08)
(-10 2.86436e-06 -5.76311e-09)
(-10 2.80174e-06 -8.56155e-10)
(-10 2.76004e-06 4.58772e-09)
(-10 2.72472e-06 9.11463e-09)
(-10 2.68377e-06 1.10167e-08)
(-10 2.62877e-06 1.11245e-08)
(-10 2.55675e-06 1.08762e-08)
(-10 2.48306e-06 6.96158e-09)
(-10 2.38903e-06 9.37773e-09)
(-10 2.2897e-06 9.77955e-09)
(-10 2.19796e-06 9.04435e-09)
(-10 1.44837e-06 4.82737e-09)
(-10 1.21606e-06 -2.20981e-09)
(-10 1.06199e-06 -1.39405e-09)
(-10 3.07812e-06 -4.26507e-08)
(-10 3.04241e-06 1.48646e-08)
(-10 2.91947e-06 9.43727e-09)
(-10 2.84024e-06 -4.01293e-09)
(-10 2.80825e-06 2.04514e-09)
(-10 2.78815e-06 2.68531e-09)
(-10 2.77425e-06 8.65609e-09)
(-10 2.74868e-06 1.1927e-08)
(-10 2.70087e-06 1.22025e-08)
(-10 2.63313e-06 1.38702e-08)
(-10 2.56187e-06 1.18582e-08)
(-10 2.46737e-06 1.68085e-08)
(-10 2.36673e-06 2.06102e-08)
(-10 2.27119e-06 2.08376e-08)
(-10 1.46928e-06 1.61833e-08)
(-10 1.22172e-06 1.38568e-08)
(-10 1.06478e-06 8.05742e-09)
(-10 2.9469e-06 2.84079e-08)
(-10 2.88067e-06 -1.93372e-08)
(-10 2.83887e-06 7.00565e-10)
(-10 2.83645e-06 5.89675e-09)
(-10 2.84229e-06 3.8406e-09)
(-10 2.83921e-06 9.01119e-09)
(-10 2.82983e-06 1.16339e-08)
(-10 2.79161e-06 1.33462e-08)
(-10 2.73076e-06 1.62009e-08)
(-10 2.66527e-06 1.56212e-08)
(-10 2.57579e-06 2.46348e-08)
(-10 2.47583e-06 3.18969e-08)
(-10 2.38064e-06 3.44639e-08)
(-10 1.51727e-06 3.07102e-08)
(-10 1.24331e-06 2.22971e-08)
(-10 1.09717e-06 2.56064e-08)
(-10 3.08882e-06 -5.13372e-08)
(-10 2.86991e-06 3.98781e-08)
(-10 2.88214e-06 5.57206e-09)
(-10 2.9025e-06 6.17238e-09)
(-10 2.91076e-06 4.95691e-09)
(-10 2.93031e-06 9.30091e-09)
(-10 2.93398e-06 9.88899e-09)
(-10 2.90709e-06 1.19258e-08)
(-10 2.85833e-06 1.54714e-08)
(-10 2.79711e-06 1.47636e-08)
(-10 2.71882e-06 2.71756e-08)
(-10 2.62969e-06 4.12521e-08)
(-10 2.53862e-06 4.48405e-08)
(-10 1.57602e-06 3.61143e-08)
(-10 1.32082e-06 3.92811e-08)
(-10 1.18039e-06 4.02259e-08)
(-10 3.10389e-06 -8.40614e-09)
(-10 2.95204e-06 -4.30405e-08)
(-10 2.97044e-06 -5.8229e-09)
(-10 2.98673e-06 -2.82216e-09)
(-10 3.012e-06 -1.03549e-09)
(-10 3.04712e-06 -1.63503e-09)
(-10 3.05629e-06 -8.19157e-10)
(-10 3.04456e-06 4.7843e-10)
(-10 3.00138e-06 6.1153e-09)
(-10 2.95385e-06 1.79664e-08)
(-10 2.90422e-06 2.21578e-08)
(-10 2.83104e-06 4.52432e-08)
(-10 2.758e-06 4.53021e-08)
(-10 1.75648e-06 4.63763e-08)
(-10 1.52631e-06 5.37384e-08)
(-10 1.32984e-06 5.76061e-08)
(-10 2.93073e-06 -3.39005e-08)
(-10 2.91842e-06 1.15008e-08)
(-10 2.9026e-06 -9.49121e-09)
(-10 2.91755e-06 -6.63582e-09)
(-10 2.95346e-06 -7.89389e-09)
(-10 2.97756e-06 -6.50302e-09)
(-10 2.99863e-06 -7.8206e-09)
(-10 3.00342e-06 -5.90166e-09)
(-10 2.9889e-06 3.78733e-09)
(-10 2.97171e-06 1.89821e-08)
(-10 2.93841e-06 4.81006e-08)
(-10 2.91615e-06 4.44068e-08)
(-10 2.89019e-06 6.25616e-08)
(-10 1.85894e-06 4.55717e-08)
(-10 1.53965e-06 8.33942e-08)
(-10 1.41284e-06 5.86167e-08)
(-10 2.65195e-06 -4.59839e-08)
(-10 2.65186e-06 -5.2032e-08)
(-10 2.65629e-06 -4.15382e-08)
(-10 2.67752e-06 -3.59465e-08)
(-10 2.707e-06 -3.61654e-08)
(-10 2.73813e-06 -3.06278e-08)
(-10 2.76635e-06 -3.1574e-08)
(-10 2.77116e-06 -3.1063e-08)
(-10 2.79465e-06 -2.3015e-08)
(-10 2.7972e-06 2.49574e-09)
(-10 2.82497e-06 -6.90296e-09)
(-10 2.84828e-06 3.55976e-08)
(-10 2.88065e-06 1.37271e-08)
(-10 1.75239e-06 6.14095e-08)
(-10 1.45731e-06 4.71378e-09)
(-10 1.2618e-06 5.45092e-08)
(-10 2.50488e-06 1.81349e-09)
(-10 2.61269e-06 2.00148e-08)
(-10 2.62211e-06 1.65198e-08)
(-10 2.64576e-06 2.46577e-08)
(-10 2.68023e-06 2.67286e-08)
(-10 2.72033e-06 3.15934e-08)
(-10 2.7627e-06 3.24519e-08)
(-10 2.81122e-06 3.88371e-08)
(-10 2.84748e-06 4.99596e-08)
(-10 2.89753e-06 6.24735e-08)
(-10 2.95969e-06 1.03676e-07)
(-10 2.99597e-06 8.80627e-08)
(-10 3.06268e-06 1.08319e-07)
(-10 1.82674e-06 7.39265e-08)
(-10 1.53133e-06 1.28309e-07)
(-10 1.38358e-06 7.95146e-08)
)
;

boundaryField
{
    frontAndBack
    {
        type            slip;
    }
    inlet
    {
        type            fixedValue;
        value           nonuniform List<vector> 0();
    }
    outlet
    {
        type            inletOutlet;
        inletValue      nonuniform List<vector> 0();
        value           nonuniform List<vector> 0();
    }
    lowerWall
    {
        type            fixedValue;
        value           uniform (-10 0 0);
    }
    upperWall
    {
        type            slip;
    }
    procBoundary1to0
    {
        type            processor;
        value           nonuniform List<vector> 
135
(
(-10 1.29064e-07 1.28169e-07)
(-10 3.9645e-07 1.03984e-07)
(-10 7.33828e-07 9.7685e-08)
(-10 1.00378e-06 9.18071e-08)
(-10 1.28531e-06 8.69351e-08)
(-10 1.53082e-06 6.87094e-08)
(-10 1.75624e-06 5.61237e-08)
(-10 1.95358e-06 4.50443e-08)
(-10 2.14693e-06 3.33484e-08)
(-10 2.30846e-06 8.01285e-09)
(-10 2.44313e-06 -8.65836e-09)
(-10 2.55243e-06 -2.26532e-08)
(-10 2.6496e-06 -3.37329e-08)
(-10 2.70585e-06 -6.17376e-08)
(-10 2.68237e-06 -3.79539e-08)
(-10 2.68237e-06 -3.79539e-08)
(-10 2.68237e-06 -3.79539e-08)
(-10 2.6976e-06 -6.20277e-08)
(-10 2.6976e-06 -6.20277e-08)
(-10 2.71246e-06 -4.75774e-08)
(-10 2.72323e-06 -8.41479e-08)
(-10 2.7254e-06 -2.81561e-08)
(-10 2.7233e-06 -6.72677e-08)
(-10 2.72533e-06 -8.4571e-09)
(-10 2.70134e-06 -1.66654e-08)
(-10 2.58279e-06 3.99081e-08)
(-10 2.2255e-06 5.93421e-08)
(-10 2.05896e-06 5.19697e-08)
(-10 1.38811e-07 2.47865e-07)
(-10 4.11031e-07 1.60543e-07)
(-10 7.57782e-07 1.628e-07)
(-10 1.0498e-06 1.59188e-07)
(-10 1.34398e-06 1.5289e-07)
(-10 1.6025e-06 1.28177e-07)
(-10 1.8539e-06 1.1447e-07)
(-10 2.06816e-06 8.83707e-08)
(-10 2.27042e-06 6.60742e-08)
(-10 2.43203e-06 1.92671e-08)
(-10 2.57315e-06 -9.45512e-09)
(-10 2.67756e-06 -4.66322e-08)
(-10 2.75265e-06 -6.72736e-08)
(-10 2.79879e-06 -1.02264e-07)
(-10 2.83046e-06 -1.08496e-07)
(-10 2.80185e-06 -1.40107e-07)
(-10 2.76752e-06 -9.15298e-08)
(-10 2.76752e-06 -9.15298e-08)
(-10 2.76752e-06 -9.15298e-08)
(-10 2.82596e-06 -6.21898e-08)
(-10 2.84793e-06 -1.13212e-07)
(-10 2.84406e-06 -8.52316e-08)
(-10 2.8559e-06 -6.82146e-08)
(-10 2.81896e-06 -2.52887e-08)
(-10 2.6998e-06 -4.53205e-10)
(-10 2.32327e-06 1.08803e-07)
(-10 2.13722e-06 1.15735e-07)
(-10 1.4537e-07 2.44659e-07)
(-10 4.2042e-07 1.55331e-07)
(-10 7.50087e-07 1.57661e-07)
(-10 1.03387e-06 1.44795e-07)
(-10 1.31747e-06 1.39768e-07)
(-10 1.56983e-06 1.13553e-07)
(-10 1.81539e-06 1.04732e-07)
(-10 2.02651e-06 7.0225e-08)
(-10 2.22341e-06 5.9317e-08)
(-10 2.38293e-06 1.80932e-08)
(-10 2.52342e-06 5.80441e-09)
(-10 2.62975e-06 -3.86612e-08)
(-10 2.71618e-06 -4.77862e-08)
(-10 2.76891e-06 -8.2532e-08)
(-10 2.77034e-06 -7.9811e-08)
(-10 2.7884e-06 -1.18173e-07)
(-10 2.8002e-06 -7.00026e-08)
(-10 2.8375e-06 -7.35056e-08)
(-10 2.8375e-06 -7.35056e-08)
(-10 2.8375e-06 -7.35056e-08)
(-10 2.87768e-06 -9.18519e-08)
(-10 2.90096e-06 -1.13526e-07)
(-10 2.92175e-06 -6.43382e-08)
(-10 2.91172e-06 -5.64635e-08)
(-10 2.76126e-06 -8.62963e-09)
(-10 2.3909e-06 2.65194e-08)
(-10 2.21264e-06 1.22013e-07)
(-10 1.49193e-07 1.76493e-07)
(-10 4.28124e-07 1.14768e-07)
(-10 7.44851e-07 1.1534e-07)
(-10 1.02633e-06 1.07476e-07)
(-10 1.30077e-06 1.05066e-07)
(-10 1.55114e-06 8.55361e-08)
(-10 1.78973e-06 8.32198e-08)
(-10 1.99928e-06 5.53338e-08)
(-10 2.19093e-06 5.33237e-08)
(-10 2.35071e-06 1.98837e-08)
(-10 2.48996e-06 1.964e-08)
(-10 2.59852e-06 -1.5798e-08)
(-10 2.68668e-06 -1.17379e-08)
(-10 2.74866e-06 -4.3949e-08)
(-10 2.78235e-06 -2.91697e-08)
(-10 2.79653e-06 -1.69268e-08)
(-10 2.84642e-06 2.56485e-09)
(-10 2.85036e-06 -1.08677e-08)
(-10 2.8565e-06 -3.97289e-08)
(-10 2.8565e-06 -3.97289e-08)
(-10 2.8565e-06 -3.97289e-08)
(-10 2.93797e-06 -6.24866e-08)
(-10 2.94795e-06 -3.59287e-08)
(-10 2.95169e-06 -6.44106e-08)
(-10 2.77348e-06 -4.34802e-08)
(-10 2.43948e-06 -5.52705e-08)
(-10 2.2488e-06 1.71705e-08)
(-10 1.70185e-07 9.19586e-08)
(-10 4.82696e-07 7.36651e-08)
(-10 8.20091e-07 7.17462e-08)
(-10 1.13063e-06 6.81758e-08)
(-10 1.42616e-06 6.44436e-08)
(-10 1.70129e-06 5.52328e-08)
(-10 1.95566e-06 5.131e-08)
(-10 2.18253e-06 3.79274e-08)
(-10 2.38319e-06 3.43016e-08)
(-10 2.55247e-06 1.84956e-08)
(-10 2.69452e-06 1.63186e-08)
(-10 2.8063e-06 5.11808e-10)
(-10 2.8939e-06 1.07826e-09)
(-10 2.95331e-06 -1.1736e-08)
(-10 2.99259e-06 -2.51395e-09)
(-10 3.02757e-06 -4.08267e-09)
(-10 3.00343e-06 4.92282e-09)
(-10 3.07651e-06 -1.62428e-08)
(-10 3.19957e-06 -9.12949e-09)
(-10 3.14284e-06 -1.10367e-08)
(-10 3.14284e-06 -1.10367e-08)
(-10 3.19443e-06 -7.87725e-09)
(-10 3.18023e-06 -2.3009e-08)
(-10 3.00571e-06 -4.59473e-08)
(-10 2.63926e-06 -5.21954e-08)
(-10 2.49836e-06 -1.72954e-08)
)
;
    }
    procBoundary1to2
    {
        type            processor;
        value           nonuniform List<vector> 
124
(
(-10 3.26106e-08 2.89496e-08)
(-10 5.93904e-08 2.24573e-08)
(-10 1.2631e-07 1.68737e-08)
(-10 1.76343e-07 1.69157e-08)
(-10 2.40738e-07 1.83855e-08)
(-10 2.87378e-07 1.02148e-08)
(-10 3.30904e-07 9.53291e-09)
(-10 3.71043e-07 1.16918e-08)
(-10 4.23817e-07 1.01533e-08)
(-10 4.62628e-07 -3.05111e-09)
(-10 4.97316e-07 -3.96847e-09)
(-10 5.28441e-07 -8.67405e-10)
(-10 5.64945e-07 1.3363e-09)
(-10 5.88529e-07 -1.52896e-08)
(-10 6.0185e-07 -1.79013e-08)
(-10 6.09771e-07 -1.64483e-08)
(-10 6.15358e-07 -1.65704e-08)
(-10 6.15275e-07 -2.57202e-08)
(-10 6.11915e-07 -1.84489e-08)
(-10 6.31512e-07 -7.99655e-10)
(-10 6.88927e-07 2.12298e-08)
(-10 7.33691e-07 4.76531e-08)
(-10 7.67549e-07 1.13985e-07)
(-10 5.09672e-07 1.24853e-07)
(-10 3.02476e-08 6.27438e-08)
(-10 5.60242e-08 4.38695e-08)
(-10 1.3707e-07 4.4623e-08)
(-10 1.87673e-07 4.2992e-08)
(-10 2.45834e-07 4.40372e-08)
(-10 2.96232e-07 3.53246e-08)
(-10 3.47396e-07 3.3782e-08)
(-10 3.93547e-07 2.86659e-08)
(-10 4.41758e-07 2.9119e-08)
(-10 4.79511e-07 3.44992e-09)
(-10 5.17633e-07 4.36809e-09)
(-10 5.5363e-07 5.48654e-09)
(-10 5.89697e-07 5.84718e-09)
(-10 5.97223e-07 -3.12224e-08)
(-10 6.09668e-07 -3.07473e-08)
(-10 6.10764e-07 -3.61186e-08)
(-10 5.94722e-07 -3.65612e-08)
(-10 5.64423e-07 -4.95216e-08)
(-10 5.36417e-07 -2.78231e-08)
(-10 5.36887e-07 -1.51338e-09)
(-10 5.82956e-07 4.40932e-08)
(-10 6.42517e-07 9.41383e-08)
(-10 6.66395e-07 1.87779e-07)
(-10 5.48595e-07 2.01075e-07)
(-10 6.42454e-07 2.36529e-07)
(-10 3.05396e-08 6.49284e-08)
(-10 5.71735e-08 4.68732e-08)
(-10 1.30647e-07 4.88691e-08)
(-10 1.83862e-07 4.45913e-08)
(-10 2.38904e-07 4.56275e-08)
(-10 2.91012e-07 3.59057e-08)
(-10 3.41484e-07 3.79633e-08)
(-10 3.84877e-07 2.83082e-08)
(-10 4.32162e-07 3.14097e-08)
(-10 4.70219e-07 1.24192e-08)
(-10 5.11193e-07 1.71379e-08)
(-10 5.40905e-07 -3.62705e-09)
(-10 5.75592e-07 9.45128e-10)
(-10 5.91391e-07 -2.12515e-08)
(-10 6.0733e-07 -1.766e-08)
(-10 6.06431e-07 -3.59358e-08)
(-10 5.97113e-07 -2.99858e-08)
(-10 5.81628e-07 -3.59193e-08)
(-10 5.67933e-07 -1.11472e-08)
(-10 5.82708e-07 6.36369e-09)
(-10 6.48983e-07 6.20781e-08)
(-10 7.33401e-07 1.01935e-07)
(-10 7.46464e-07 1.79575e-07)
(-10 6.01192e-07 2.2708e-07)
(-10 6.92281e-07 1.87811e-07)
(-10 3.11514e-08 8.00763e-08)
(-10 5.9426e-08 6.79394e-08)
(-10 1.28858e-07 6.73231e-08)
(-10 1.84398e-07 6.32478e-08)
(-10 2.3488e-07 6.13905e-08)
(-10 2.86502e-07 5.25202e-08)
(-10 3.35568e-07 5.16733e-08)
(-10 3.81435e-07 4.14873e-08)
(-10 4.27726e-07 4.24418e-08)
(-10 4.63656e-07 2.3882e-08)
(-10 5.06503e-07 2.76076e-08)
(-10 5.35671e-07 7.44796e-09)
(-10 5.69565e-07 1.26218e-08)
(-10 5.8714e-07 -1.15625e-08)
(-10 6.07618e-07 -7.62187e-09)
(-10 6.08036e-07 -2.4611e-08)
(-10 6.05158e-07 -1.55204e-08)
(-10 5.96671e-07 -1.74133e-08)
(-10 5.91744e-07 8.20628e-09)
(-10 6.27348e-07 3.25405e-08)
(-10 6.99145e-07 7.48621e-08)
(-10 7.91723e-07 9.47457e-08)
(-10 8.69607e-07 1.40745e-07)
(-10 6.16097e-07 1.20006e-07)
(-10 7.40187e-07 1.93626e-07)
(-10 5.28789e-08 5.29589e-08)
(-10 1.19948e-07 5.0716e-08)
(-10 2.22427e-07 4.93502e-08)
(-10 3.13818e-07 4.67268e-08)
(-10 3.94474e-07 4.46047e-08)
(-10 4.76646e-07 3.95628e-08)
(-10 5.49502e-07 3.78003e-08)
(-10 6.21879e-07 3.16031e-08)
(-10 6.85572e-07 3.00938e-08)
(-10 7.45233e-07 2.23021e-08)
(-10 7.97675e-07 2.0772e-08)
(-10 8.42015e-07 1.11191e-08)
(-10 8.79178e-07 9.64195e-09)
(-10 9.02983e-07 -1.25746e-09)
(-10 9.21087e-07 -1.07565e-09)
(-10 9.23862e-07 -9.7918e-09)
(-10 9.21979e-07 -4.61511e-09)
(-10 9.21122e-07 -3.29262e-09)
(-10 9.38958e-07 1.23973e-08)
(-10 9.93243e-07 3.08962e-08)
(-10 1.07264e-06 4.4709e-08)
(-10 1.24148e-06 4.91365e-08)
(-10 1.21073e-06 8.92944e-08)
(-10 1.07987e-06 2.5416e-08)
(-10 1.29083e-06 1.43713e-07)
)
;
    }
    procBoundary1to4
    {
        type            processor;
        value           nonuniform List<vector> 
82
(
(-10 7.73871e-07 1.28611e-07)
(-10 2.41761e-06 9.94037e-08)
(-10 2.46029e-06 1.01306e-07)
(-10 2.47989e-06 1.5212e-07)
(-10 2.4962e-06 1.29272e-07)
(-10 2.52391e-06 7.59633e-08)
(-10 2.56967e-06 9.88246e-08)
(-10 2.6255e-06 5.79668e-08)
(-10 2.68213e-06 4.0786e-08)
(-10 2.74499e-06 -1.56391e-08)
(-10 2.81365e-06 3.09295e-09)
(-10 2.89111e-06 2.11951e-08)
(-10 2.98456e-06 5.16367e-08)
(-10 3.08758e-06 1.17138e-07)
(-10 1.74814e-06 7.72184e-08)
(-10 7.73871e-07 1.28611e-07)
(-10 1.38547e-06 9.41451e-08)
(-10 7.73871e-07 1.28611e-07)
(-10 2.37904e-06 1.89386e-07)
(-10 2.54837e-06 2.02765e-07)
(-10 2.55185e-06 2.63744e-07)
(-10 2.55903e-06 2.52065e-07)
(-10 2.57944e-06 2.33248e-07)
(-10 2.63687e-06 2.14844e-07)
(-10 2.68067e-06 1.66898e-07)
(-10 2.74731e-06 6.91021e-08)
(-10 2.81852e-06 6.98891e-08)
(-10 2.88131e-06 8.53989e-08)
(-10 2.98981e-06 9.33227e-08)
(-10 3.06436e-06 1.65631e-07)
(-10 3.16558e-06 2.81934e-07)
(-10 1.80877e-06 2.36099e-07)
(-10 1.41868e-06 2.84145e-07)
(-10 1.33194e-06 2.46397e-07)
(-10 2.44835e-06 1.87021e-07)
(-10 2.50321e-06 1.77769e-07)
(-10 2.55572e-06 1.9238e-07)
(-10 2.58115e-06 2.06542e-07)
(-10 2.62542e-06 2.23111e-07)
(-10 2.6523e-06 1.86122e-07)
(-10 2.70983e-06 1.486e-07)
(-10 2.7663e-06 9.42806e-08)
(-10 2.82432e-06 9.48084e-08)
(-10 2.89303e-06 3.16301e-08)
(-10 2.94811e-06 8.98553e-08)
(-10 3.05395e-06 1.46078e-07)
(-10 3.11267e-06 2.10327e-07)
(-10 1.77944e-06 3.02334e-07)
(-10 1.42281e-06 3.28805e-07)
(-10 1.30436e-06 3.45045e-07)
(-10 2.35596e-06 7.58864e-08)
(-10 2.52199e-06 8.43066e-08)
(-10 2.54532e-06 9.4715e-08)
(-10 2.57452e-06 1.04095e-07)
(-10 2.60464e-06 1.10784e-07)
(-10 2.66155e-06 1.08498e-07)
(-10 2.72247e-06 9.22696e-08)
(-10 2.77075e-06 1.03688e-07)
(-10 2.82159e-06 7.95975e-08)
(-10 2.87961e-06 7.73694e-08)
(-10 2.95479e-06 1.08315e-07)
(-10 3.00782e-06 1.25752e-07)
(-10 3.1067e-06 1.51176e-07)
(-10 1.76474e-06 2.08589e-07)
(-10 1.40605e-06 2.40776e-07)
(-10 1.26715e-06 2.40743e-07)
(-10 2.60513e-06 2.67923e-08)
(-10 2.71711e-06 1.9744e-08)
(-10 2.77593e-06 3.54234e-08)
(-10 2.81771e-06 3.89734e-08)
(-10 2.86654e-06 4.56308e-08)
(-10 2.92392e-06 4.5579e-08)
(-10 2.98594e-06 4.72535e-08)
(-10 3.06336e-06 5.05974e-08)
(-10 3.14404e-06 5.46068e-08)
(-10 3.22913e-06 7.80188e-08)
(-10 3.29309e-06 5.28923e-08)
(-10 3.38071e-06 9.26543e-08)
(-10 3.44829e-06 6.00872e-08)
(-10 2.19494e-06 1.36699e-07)
(-10 1.84864e-06 9.61577e-08)
(-10 1.8275e-06 1.46004e-07)
)
;
    }
}


// ************************************************************************* //
