/*--------------------------------*- C++ -*----------------------------------*\
  =========                 |
  \\      /  F ield         | OpenFOAM: The Open Source CFD Toolbox
   \\    /   O peration     | Website:  https://openfoam.org
    \\  /    A nd           | Version:  10
     \\/     M anipulation  |
\*---------------------------------------------------------------------------*/
FoamFile
{
    format      ascii;
    class       surfaceScalarField;
    location    "0";
    object      phi;
}
// * * * * * * * * * * * * * * * * * * * * * * * * * * * * * * * * * * * * * //

dimensions      [0 3 -1 0 0 0 0];

internalField   nonuniform List<scalar> 
5613
(
-200
0.000221078
-200
0.00021871
-200
0.000242304
7.67398e-06
-200
0.000253161
4.28064e-06
-200
0.000261935
2.81864e-06
-200
0.000265212
-5.14566e-06
-200
0.000271298
-5.66001e-06
-200
0.000276272
-4.0876e-06
-200
0.000279608
-3.27741e-06
-200
0.00028097
-2.85569e-06
-200
0.000279899
-2.19615e-06
-200
0.000285181
-5.95338e-07
0.000281141
-2.53224e-06
-200
0.000222124
2.83197e-05
-200
0.000245488
3.2272e-05
-200
0.000279309
3.72542e-05
-200
0.000263979
2.3122e-05
-200
0.000278908
1.21332e-05
-200
0.000300676
1.64892e-05
-200
0.000293251
6.12241e-06
-200
0.000294924
2.09448e-06
-200
0.000295727
-6.84255e-06
-200
0.000303487
-3.666e-06
-200
0.000305759
-3.43826e-06
-200
0.000307026
-4.44127e-06
-200
0.000307696
-4.18722e-06
-200
0.000308253
-3.26082e-06
-200
0.000309909
-2.37896e-06
-200
0.0003071
-2.21737e-06
0.000310525
-1.11106e-06
-200
0.000295887
3.67581e-05
-200
0.000299043
3.25555e-05
-200
0.000296731
2.58047e-05
-200
0.000335183
2.87976e-05
-200
0.000332957
2.29163e-05
-200
0.00031925
6.6341e-06
-200
0.000333396
7.4575e-06
-200
0.000336434
2.31968e-06
-200
0.000340023
4.16993e-06
-200
0.000335874
-3.15501e-06
-200
0.000336988
-4.33801e-06
-200
0.000338009
-2.68896e-06
-200
0.000338058
-2.13987e-06
-200
0.000336799
-2.05582e-06
-200
0.000333299
-1.87085e-06
-200
0.00033547
-8.2011e-07
0.000330514
-1.77121e-06
-200
0.000277609
1.95158e-05
-200
0.000312829
2.40744e-05
-200
0.000352392
2.84188e-05
-200
0.000336421
1.71211e-05
-200
0.000353307
1.17953e-05
-200
0.000376363
1.84413e-05
-200
0.000364181
7.38186e-06
-200
0.000362123
4.63854e-06
-200
0.000358837
-3.81981e-06
-200
0.000363726
4.36074e-07
-200
0.000362466
2.6932e-07
-200
0.000360473
-1.78776e-06
-200
0.000358551
-2.11404e-06
-200
0.000357091
-1.69396e-06
-200
0.000357529
-1.28195e-06
-200
0.000352668
-1.7797e-06
0.000355639
-4.6281e-07
-200
0.000343507
3.17522e-05
-200
0.000354972
2.54553e-05
-200
0.000348322
1.54785e-05
-200
0.000391704
2.09742e-05
-200
0.000390686
1.89354e-05
-200
0.000373824
3.13933e-06
-200
0.000388505
6.80183e-06
-200
0.000390093
3.13192e-06
-200
0.000392099
7.23136e-06
-200
0.000385029
-2.61679e-07
-200
0.000383891
-1.6803e-06
-200
0.00038288
-1.78728e-07
-200
0.000381119
1.43991e-08
-200
0.000378347
-3.52127e-07
-200
0.000373544
-6.34205e-07
-200
0.00037497
9.13733e-08
0.00036915
-1.08875e-06
-200
0.000331274
1.24104e-05
-200
0.000355188
1.13948e-05
-200
0.00040073
1.87295e-05
-200
0.000381997
7.81144e-06
-200
0.000398762
4.16537e-06
-200
0.000422193
1.44048e-05
-200
0.000407834
4.94199e-06
-200
0.000404431
4.13529e-06
-200
0.000399325
-3.56315e-06
-200
0.000402922
1.91976e-06
-200
0.000399825
2.04711e-06
-200
0.000396083
-1.98927e-07
-200
0.000392677
-6.91969e-07
-200
0.000390074
-4.52446e-07
-200
0.000389908
-2.34725e-07
-200
0.000384363
-1.00681e-06
0.000387212
2.48809e-07
-200
1.80501e-05
-200
0.000391732
1.72073e-05
-200
0.000388532
3.29575e-06
-200
0.000435702
1.14799e-05
-200
0.000430398
1.15498e-05
-200
0.000409945
-2.62113e-06
-200
0.000423865
3.65324e-06
-200
0.000424032
1.51914e-06
-200
0.000424743
7.25246e-06
-200
0.000415723
1.42692e-07
-200
0.000413017
-9.67517e-07
-200
0.000410617
7.75e-07
-200
0.000407631
9.92003e-07
-200
0.000403869
5.61266e-07
-200
0.000398233
1.6294e-07
-200
0.000399289
8.27975e-07
0.000393137
-4.67243e-07
-200
0.000449623
8.68755e-06
-200
0.000471413
1.30377e-05
-200
0.00042938
-6.75261e-07
-200
0.000435666
-3.07674e-06
-200
0.000454977
9.85406e-06
-200
0.000436649
1.79391e-06
-200
0.000430933
2.50311e-06
-200
0.000423601
-4.47932e-06
-200
0.000425589
1.92514e-06
-200
0.000420809
2.47348e-06
-200
0.000415583
3.39649e-07
-200
0.000410974
-8.11333e-08
-200
0.00040745
1.81321e-07
-200
0.000406731
4.00405e-07
-200
0.000400804
-4.29497e-07
0.000403524
7.96382e-07
-200
0.00047495
-2.94386e-06
-200
0.000444112
-9.84534e-06
-200
0.000476856
2.30049e-06
-200
0.000463209
5.35392e-06
-200
0.000435937
-7.30931e-06
-200
0.000446211
9.01123e-07
-200
0.000443297
-8.76526e-08
-200
0.000441759
6.74532e-06
-200
0.000430617
1.03831e-07
-200
0.000426212
-7.0085e-07
-200
0.000422425
1.25065e-06
-200
0.000418326
1.54284e-06
-200
0.000413711
1.13223e-06
-200
0.000407441
7.2113e-07
-200
0.000408087
1.38356e-06
0.000401839
5.92145e-08
-200
0.000488425
-1.65383e-05
-200
0.000503091
-4.79951e-06
-200
0.000456918
-1.14703e-05
-200
0.000458015
-1.01394e-05
-200
0.000472958
5.62796e-06
-200
0.00045095
-6.77002e-07
-200
0.000442174
1.31628e-06
-200
0.000432191
-4.90549e-06
-200
0.000432008
1.97941e-06
-200
0.000425503
2.81855e-06
-200
0.000418925
8.20464e-07
-200
0.000413302
4.51685e-07
-200
0.000409039
7.18532e-07
-200
0.000407845
9.43141e-07
-200
0.000401782
1.00112e-07
0.000404262
1.24983e-06
-200
0.000487813
-2.14333e-05
-200
0.000459025
-2.32102e-05
-200
0.000490049
-7.15947e-06
-200
0.000473942
-9.38194e-07
-200
0.000444121
-1.09454e-05
-200
0.000450875
-1.20097e-06
-200
0.000445028
-1.05899e-06
-200
0.000441065
6.4206e-06
-200
0.000428144
3.80654e-07
-200
0.000422222
-2.16199e-07
-200
0.0004173
1.76185e-06
-200
0.0004124
2.04065e-06
-200
0.000407305
1.62769e-06
-200
0.000400805
1.20304e-06
-200
0.000401114
1.82935e-06
0.000395023
5.1338e-07
-200
0.000486696
-2.80331e-05
-200
0.000502259
-1.46338e-05
-200
0.000456889
-1.8846e-05
-200
0.000455695
-1.52305e-05
-200
0.000467916
2.04391e-06
-200
0.000444316
-2.4458e-06
-200
0.000433489
5.63798e-07
-200
0.0004216
-4.78483e-06
-200
0.00041956
2.13491e-06
-200
0.00041194
3.10021e-06
-200
0.000404665
1.21917e-06
-200
0.000398654
8.50857e-07
-200
0.000394202
1.07038e-06
-200
0.000392894
1.29105e-06
-200
0.000387126
4.81701e-07
0.000389364
1.50328e-06
-200
0.000470008
-2.81582e-05
-200
0.000444119
-2.89806e-05
-200
0.000472397
-1.25847e-05
-200
0.000457362
-4.86503e-06
-200
0.000427784
-1.29259e-05
-200
0.000432151
-2.6185e-06
-200
0.00042461
-1.73713e-06
-200
0.00041922
5.8417e-06
-200
0.000405779
4.77385e-07
-200
0.000399297
1.83536e-09
-200
0.000394088
1.83119e-06
-200
0.000389213
2.04246e-06
-200
0.000384365
1.63258e-06
-200
0.000378329
1.26483e-06
-200
0.00037862
1.89199e-06
0.000373048
6.48582e-07
-200
0.000456756
-2.86797e-05
-200
0.000469382
-1.70659e-05
-200
0.000428197
-2.04269e-05
-200
0.000426253
-1.68297e-05
-200
0.000436283
-2.21782e-07
-200
0.000413554
-3.60766e-06
-200
0.000402233
-3.01238e-07
-200
0.000390118
-4.89067e-06
-200
0.000387345
1.61861e-06
-200
0.000379872
2.54947e-06
-200
0.00037306
8.20589e-07
-200
0.000367623
4.11531e-07
-200
0.000363778
6.60657e-07
-200
0.000362893
9.80416e-07
-200
0.000357934
3.48177e-07
0.000360036
1.27879e-06
-200
0.000431573
-2.34483e-05
-200
0.000404752
-2.54965e-05
-200
0.000429287
-1.18721e-05
-200
0.000414995
-5.63908e-06
-200
0.000388058
-1.29276e-05
-200
0.000390897
-3.7092e-06
-200
0.000383311
-2.73919e-06
-200
0.000377836
4.2491e-06
-200
0.000365515
-4.05939e-07
-200
0.000359671
-8.17993e-07
-200
0.000355244
7.967e-07
-200
0.000351205
9.50218e-07
-200
0.00034735
7.20354e-07
-200
0.000342331
5.84416e-07
-200
0.000342825
1.34556e-06
0.000338104
3.22803e-07
-200
0.000409986
-2.05089e-05
-200
0.000418842
-1.12696e-05
-200
0.000380526
-1.65594e-05
-200
0.000377475
-1.49339e-05
-200
0.000385544
-1.26551e-06
-200
0.00036485
-4.64407e-06
-200
0.000354538
-1.78207e-06
-200
0.000343595
-5.74668e-06
-200
0.000341169
5.10354e-08
-200
0.000334825
9.66524e-07
-200
0.000329131
-6.63586e-07
-200
0.000324829
-8.6946e-07
-200
0.000321881
-4.57318e-07
-200
0.000321487
1.52633e-07
-200
0.00031746
-1.53291e-07
0.000319385
7.67428e-07
-200
0.000380586
-1.3071e-05
-200
0.000355968
-1.6815e-05
-200
0.000374492
-7.64795e-06
-200
0.000361374
-4.21196e-06
-200
0.000336572
-1.2129e-05
-200
0.000338246
-4.81679e-06
-200
0.000331225
-4.28045e-06
-200
0.000326681
1.96933e-06
-200
0.000316117
-1.92124e-06
-200
0.000311237
-2.24723e-06
-200
0.000307611
-7.88198e-07
-200
0.000304446
-4.14843e-07
-200
0.000301312
-2.97742e-07
-200
0.000297082
-7.86213e-08
-200
0.000297422
8.32411e-07
0.000293517
9.90549e-08
-200
0.00035953
-9.53395e-06
-200
0.000363396
-4.49109e-06
-200
0.000329293
-1.13565e-05
-200
0.000323657
-1.25902e-05
-200
0.000328825
-2.4113e-06
-200
0.000310922
-5.77198e-06
-200
0.000301978
-3.32606e-06
-200
0.000292508
-6.55907e-06
-200
0.000290172
-1.44953e-06
-200
0.000284468
-5.58903e-07
-200
0.000279437
-1.63362e-06
-200
0.000275547
-1.54257e-06
-200
0.000272813
-7.94948e-07
-200
0.000272165
-3.37604e-09
-200
0.000268648
-8.36853e-08
0.000270036
7.3955e-07
-200
0.000326907
-6.1424e-06
-200
0.000304636
-1.07754e-05
-200
0.00031685
-5.50084e-06
-200
0.000304688
-4.31886e-06
-200
0.000283335
-1.15364e-05
-200
0.000283466
-6.01016e-06
-200
0.000277356
-5.26165e-06
-200
0.000273054
2.24365e-07
-200
0.000263697
-2.55983e-06
-200
0.000258776
-2.58268e-06
-200
0.000255009
-9.58129e-07
-200
0.000251654
-2.42417e-07
-200
0.000248354
1.57863e-07
-200
0.00024421
4.72581e-07
-200
0.000243827
1.24417e-06
0.000240559
6.65055e-07
-200
0.000297218
-6.5412e-06
-200
0.000299452
-3.26736e-06
-200
0.000272048
-9.99325e-06
-200
0.000265111
-1.21927e-05
-200
0.000267981
-4.45263e-06
-200
0.00025372
-6.56103e-06
-200
0.000246078
-3.96638e-06
-200
0.000237546
-5.96706e-06
-200
0.000234279
-1.55836e-06
-200
0.000228468
-2.85632e-07
-200
0.000223201
-6.40139e-07
-200
0.000218993
-1.10289e-07
-200
0.000215763
6.6754e-07
-200
0.000214393
1.28368e-06
-200
0.000211245
1.08294e-06
0.000211883
1.56399e-06
-200
0.000258293
-5.63421e-06
-200
0.000240184
-9.9719e-06
-200
0.00024611
-7.34644e-06
-200
0.000237438
-6.34483e-06
-200
0.000221171
-1.13014e-05
-200
0.000220073
-6.40033e-06
-200
0.000214527
-5.06066e-06
-200
0.000210256
-9.0924e-08
-200
0.000202058
-1.42497e-06
-200
0.000197037
-8.00315e-07
-200
0.000192984
9.90992e-07
-200
0.00018924
1.87279e-06
-200
0.000185775
2.25753e-06
-200
0.000181901
2.27184e-06
-200
0.0001809
2.55168e-06
0.000178488
1.9541e-06
-200
0.000214746
-8.7092e-06
-200
0.000213481
-6.82359e-06
-200
0.000196017
-1.12976e-05
-200
0.000189172
-1.29109e-05
-200
0.000189961
-6.8372e-06
-200
0.000180422
-6.50463e-06
-200
0.000174589
-3.41687e-06
-200
0.000167481
-3.84563e-06
-200
0.00016414
-6.04832e-08
-200
0.000159141
1.64005e-06
-200
0.00015461
1.99844e-06
-200
0.000150879
2.72876e-06
-200
0.000147943
3.16289e-06
-200
0.000146521
3.26317e-06
-200
0.000144448
2.74352e-06
0.000144524
2.73125e-06
-200
0.000160063
-1.01273e-05
-200
0.000150142
-1.21389e-05
-200
0.000150776
-1.10009e-05
-200
0.000146567
-9.30754e-06
-200
0.000136636
-1.04129e-05
-200
0.000134776
-6.18174e-06
-200
0.000130689
-4.03458e-06
-200
0.000127901
2.95346e-07
-200
0.000122735
6.78849e-07
-200
0.000119561
1.92455e-06
-200
0.000116727
3.60573e-06
-200
0.00011421
4.42142e-06
-200
0.000111887
4.46466e-06
-200
0.000109584
4.05191e-06
-200
0.000108691
3.75155e-06
0.000107141
3.16544e-06
-200
9.92067e-05
-1.36406e-05
-200
9.92312e-05
-1.21101e-05
-200
9.44114e-05
-1.25693e-05
-200
8.84275e-05
-1.2953e-05
-200
8.82407e-05
-8.00382e-06
-200
8.34575e-05
-6.05868e-06
-200
8.08231e-05
-2.5762e-06
-200
7.73557e-05
-1.52952e-06
-200
7.5916e-05
1.50991e-06
-200
7.37912e-05
3.3032e-06
-200
7.1883e-05
4.3419e-06
-200
7.02514e-05
4.93507e-06
-200
6.90918e-05
4.99166e-06
-200
6.87406e-05
4.58474e-06
-200
6.80834e-05
3.88659e-06
6.78242e-05
3.49222e-06
-200
3.21532e-05
-1.36375e-05
-200
3.22883e-05
-1.27892e-05
-200
3.08336e-05
-1.28458e-05
-200
3.21344e-05
-9.45006e-06
-200
2.97718e-05
-8.54408e-06
-200
3.05365e-05
-4.78984e-06
-200
2.99237e-05
-2.76987e-06
-200
3.04261e-05
5.21569e-07
-200
2.9898e-05
2.02587e-06
-200
2.97434e-05
3.48439e-06
-200
2.96133e-05
4.86416e-06
-200
2.93039e-05
5.44798e-06
-200
2.92746e-05
5.29373e-06
-200
2.91992e-05
4.67961e-06
-200
2.88825e-05
4.11488e-06
2.833e-05
3.56499e-06
-200
-1.41059e-05
-200
-1.29258e-05
-200
-1.09062e-05
-200
-9.94655e-06
-200
-6.97743e-06
-200
-4.6671e-06
-200
-1.9795e-06
-200
-2.33849e-08
-200
1.74361e-06
-200
3.63101e-06
-200
4.63061e-06
-200
5.21509e-06
-200
5.02008e-06
-200
4.53767e-06
-200
3.90722e-06
3.41856e-06
-200
0.000239879
-200
0.000249745
-200
0.000246839
-200
0.000267524
-2.69844e-06
-200
0.000274769
-1.97749e-06
-200
0.000275719
-8.67903e-06
-200
0.000278186
-8.43589e-06
-200
0.000280337
-7.13574e-06
-200
0.000279613
-4.72169e-06
-200
0.000282647
-2.85916e-06
0.000283361
-2.8349e-06
-200
0.000235309
4.49855e-05
-200
0.000245931
4.39365e-05
-200
0.000261419
4.30238e-05
-200
0.000272847
3.93145e-05
-200
0.000295757
3.69258e-05
-200
0.000285278
2.15802e-05
-200
0.000295337
1.31352e-05
-200
0.000295276
-1.2374e-06
-200
0.000312934
4.78839e-06
-200
0.000304286
-3.83758e-06
-200
0.000304353
-1.14171e-05
-200
0.000309763
-7.84683e-06
-200
0.000310895
-6.75023e-06
-200
0.000310136
-4.9403e-06
-200
0.000310703
-4.67621e-06
-200
0.000309284
-3.72465e-06
0.000309494
-2.90245e-06
-200
0.000268946
4.03105e-05
-200
0.000285791
3.96738e-05
-200
0.000300815
3.76786e-05
-200
0.000316938
3.49556e-05
-200
0.00031558
2.63578e-05
-200
0.000337699
2.40348e-05
-200
0.000333278
1.32794e-05
-200
0.000340057
1.07923e-05
-200
0.000327539
-4.606e-06
-200
0.000341485
-2.54491e-06
-200
0.000344187
5.84496e-08
-200
0.000339417
-5.63101e-06
-200
0.000338098
-6.15395e-06
-200
0.000337364
-6.01989e-06
-200
0.000334219
-3.56608e-06
-200
0.000333971
-2.25141e-06
0.000332559
-2.06992e-06
-200
0.000296728
3.38344e-05
-200
0.000314987
3.29203e-05
-200
0.000332173
3.13456e-05
-200
0.000342441
2.76653e-05
-200
0.000364463
2.71343e-05
-200
0.000352454
1.61953e-05
-200
0.000363274
1.3651e-05
-200
0.000359769
3.12038e-06
-200
0.000376104
1.03278e-05
-200
0.000362636
1.44224e-06
-200
0.00035942
-6.15796e-06
-200
0.000362987
-2.0928e-06
-200
0.000361877
-1.84035e-06
-200
0.000359188
-1.11577e-06
-200
0.000358542
-2.31028e-06
-200
0.000355592
-2.3264e-06
0.000354661
-1.8467e-06
-200
0.000313285
2.79238e-05
-200
0.000333003
2.63239e-05
-200
0.000353402
2.4559e-05
-200
0.000371137
2.30855e-05
-200
0.000367608
1.59227e-05
-200
0.000391426
1.78026e-05
-200
0.000385599
1.03418e-05
-200
0.00039166
1.21197e-05
-200
0.000375233
-2.82999e-06
-200
0.000388437
9.06015e-07
-200
0.000389715
5.15437e-06
-200
0.000382849
-9.84493e-07
-200
0.000380015
-1.99943e-06
-200
0.000378191
-2.8036e-06
-200
0.000374168
-1.10807e-06
-200
0.000373254
-5.70572e-07
0.00037124
-7.81717e-07
-200
0.000340086
2.29099e-05
-200
0.00036427
2.21559e-05
-200
0.000376615
1.87948e-05
-200
0.000387729
1.56814e-05
-200
0.0004103
1.73707e-05
-200
0.00039559
8.5879e-06
-200
0.000405821
9.27722e-06
-200
0.000400343
9.03928e-07
-200
0.000416224
1.10485e-05
-200
0.000400146
3.17482e-06
-200
0.000395115
-4.0087e-06
-200
0.000397605
7.48825e-07
-200
0.000395308
9.75144e-07
-200
0.000391658
1.42942e-06
-200
0.00039053
-4.1471e-07
-200
0.00038723
-9.18808e-07
0.000386093
-6.9509e-07
-200
0.000356813
1.93219e-05
-200
0.00037842
1.52283e-05
-200
0.000403753
1.43305e-05
-200
0.00041671
1.23284e-05
-200
0.000407544
5.9564e-06
-200
0.000429437
1.05249e-05
-200
0.000420959
5.25579e-06
-200
0.000425569
9.66925e-06
-200
0.000406412
-4.22642e-06
-200
0.000418508
1.02575e-06
-200
0.000418393
6.46579e-06
-200
0.000409936
5.19792e-07
-200
0.000405954
-3.52203e-07
-200
0.000403275
-1.29055e-06
-200
0.000398604
2.8787e-07
-200
0.000397324
6.05869e-07
0.000395111
2.52012e-07
-200
2.15944e-05
-200
0.000431449
1.48337e-05
-200
0.000435658
9.05588e-06
-200
0.00043403
5.11691e-06
-200
0.000448838
8.40019e-06
-200
0.000428159
1.38956e-06
-200
0.000435254
4.39739e-06
-200
0.000426885
-2.38158e-06
-200
0.000441139
9.73894e-06
-200
0.000422743
2.85473e-06
-200
0.000415849
-3.81019e-06
-200
0.000417007
1.5456e-06
-200
0.000413512
1.98364e-06
-200
0.000408936
2.54613e-06
-200
0.000407232
5.97648e-07
-200
0.000403637
-1.49976e-09
0.000402372
1.48566e-07
-200
0.000453709
5.20565e-06
-200
0.000451996
-2.1909e-06
-200
0.000455339
-6.16043e-07
-200
0.000439001
-3.70991e-06
-200
0.000456152
3.79458e-06
-200
0.000443745
6.39845e-07
-200
0.00044549
6.99569e-06
-200
0.000423554
-5.7646e-06
-200
0.000433547
4.66626e-07
-200
0.000431711
6.69716e-06
-200
0.000421753
1.10041e-06
-200
0.000416621
4.47149e-07
-200
0.000413065
-4.43903e-07
-200
0.000407788
1.15151e-06
-200
0.000406081
1.42154e-06
0.000403699
1.02866e-06
-200
0.000480776
-1.62063e-05
-200
0.000474324
-1.08645e-05
-200
0.000463654
-8.8977e-06
-200
0.000472392
-1.24425e-06
-200
0.000447063
-5.17386e-06
-200
0.000450131
1.57042e-07
-200
0.000438463
-4.95754e-06
-200
0.000449888
8.37953e-06
-200
0.00042951
2.52765e-06
-200
0.000420761
-3.5555e-06
-200
0.000420396
2.06089e-06
-200
0.000415784
2.62422e-06
-200
0.000410459
3.26133e-06
-200
0.000408251
1.33574e-06
-200
0.000404484
7.24852e-07
0.000403111
8.09935e-07
-200
0.000477501
-2.66338e-05
-200
0.000472426
-2.29985e-05
-200
0.000471789
-1.46841e-05
-200
0.00045161
-1.32001e-05
-200
0.000464417
-2.52837e-06
-200
0.00044893
-3.26129e-06
-200
0.000447564
4.70226e-06
-200
0.000423557
-6.55327e-06
-200
0.000430885
1.81843e-07
-200
0.000427404
6.76522e-06
-200
0.000416452
1.6022e-06
-200
0.000410541
1.07036e-06
-200
0.000406434
1.89088e-07
-200
0.000400943
1.74162e-06
-200
0.000399008
1.97719e-06
0.000396569
1.54705e-06
-200
0.0004865
-4.23545e-05
-200
0.000479843
-2.84141e-05
-200
0.000466672
-2.12201e-05
-200
0.000471891
-9.78235e-06
-200
0.000444525
-1.06224e-05
-200
0.000444046
-3.40152e-06
-200
0.000429894
-6.81886e-06
-200
0.000438204
6.94274e-06
-200
0.000416971
2.15863e-06
-200
0.000407099
-3.27395e-06
-200
0.000405621
2.18899e-06
-200
0.000400516
2.72141e-06
-200
0.00039508
3.36266e-06
-200
0.000392853
1.55988e-06
-200
0.00038933
1.01887e-06
0.000388029
1.05153e-06
-200
0.000469193
-4.05584e-05
-200
0.000462736
-3.52498e-05
-200
0.000460144
-2.35662e-05
-200
0.000438667
-1.93343e-05
-200
0.000447634
-7.19104e-06
-200
0.000430606
-6.23223e-06
-200
0.000426853
2.47325e-06
-200
0.000402451
-7.18203e-06
-200
0.000407562
-4.86009e-07
-200
0.000403277
5.90794e-06
-200
0.000392509
1.20192e-06
-200
0.000386664
6.21408e-07
-200
0.000382846
-1.71494e-07
-200
0.000377885
1.40516e-06
-200
0.000376208
1.74953e-06
0.000374033
1.38126e-06
-200
0.00046493
-4.32962e-05
-200
0.00045621
-3.0906e-05
-200
0.000441564
-2.42892e-05
-200
0.000443738
-1.32844e-05
-200
0.00041643
-1.33068e-05
-200
0.000413395
-5.94607e-06
-200
0.000398424
-8.38792e-06
-200
0.000404398
4.72289e-06
-200
0.000384182
7.6817e-07
-200
0.00037461
-4.09224e-06
-200
0.000373022
7.42372e-07
-200
0.000368465
1.19407e-06
-200
0.000363872
1.92092e-06
-200
0.000362275
5.59829e-07
-200
0.000359492
3.42229e-07
0.000358542
4.91061e-07
-200
0.000436165
-3.22152e-05
-200
0.000426982
-2.9778e-05
-200
0.000421963
-2.14968e-05
-200
0.000400472
-1.91729e-05
-200
0.00040628
-8.93903e-06
-200
0.000389436
-8.10844e-06
-200
0.000384807
-4.76421e-08
-200
0.000362217
-8.39366e-06
-200
0.000366229
-2.39078e-06
-200
0.00036246
3.361e-06
-200
0.000352963
-1.12663e-06
-200
0.000348362
-1.50501e-06
-200
0.000345509
-1.96543e-06
-200
0.000341657
-6.23895e-08
-200
0.000340483
6.37957e-07
0.000338799
5.41123e-07
-200
0.000421608
-2.87417e-05
-200
0.000410177
-2.10207e-05
-200
0.000394451
-1.87434e-05
-200
0.000394229
-1.17234e-05
-200
0.000368569
-1.33882e-05
-200
0.00036458
-7.61304e-06
-200
0.000350635
-9.96922e-06
-200
0.000355651
1.60109e-06
-200
0.000338087
-1.73224e-06
-200
0.000329803
-6.37219e-06
-200
0.000328936
-2.09363e-06
-200
0.000325539
-1.53223e-06
-200
0.00032213
-2.7849e-07
-200
0.000321126
-9.3731e-07
-200
0.000319
-6.59569e-07
0.000318341
-2.6683e-07
-200
0.000386112
-1.65411e-05
-200
0.000375224
-1.8002e-05
-200
0.000368697
-1.46459e-05
-200
0.000348283
-1.59331e-05
-200
0.000351756
-9.14035e-06
-200
0.000336754
-9.45236e-06
-200
0.000332716
-2.69547e-06
-200
0.000313355
-9.93669e-06
-200
0.000316854
-4.89778e-06
-200
0.000313875
-5.38166e-08
-200
0.00030629
-3.59897e-06
-200
0.000302684
-3.50823e-06
-200
0.000300535
-3.23697e-06
-200
0.000297199
-1.03433e-06
-200
0.000295991
-3.74612e-08
0.000294517
1.20108e-07
-200
0.00036483
-1.42248e-05
-200
0.000353577
-1.08549e-05
-200
0.000338442
-1.2559e-05
-200
0.000336581
-9.70856e-06
-200
0.000314567
-1.29633e-05
-200
0.00031055
-9.11397e-06
-200
0.000298953
-1.12827e-05
-200
0.000303108
-1.45671e-06
-200
0.000288437
-4.07453e-06
-200
0.000281306
-7.72244e-06
-200
0.000280492
-3.65922e-06
-200
0.000277578
-2.39997e-06
-200
0.000274302
-7.56974e-07
-200
0.000272909
-8.78931e-07
-200
0.000270723
-4.31583e-07
0.00026992
-5.82168e-09
-200
0.000326284
-7.12412e-06
-200
0.000316368
-1.0538e-05
-200
0.000309831
-1.07129e-05
-200
0.000292385
-1.41291e-05
-200
0.000294404
-1.01752e-05
-200
0.000282605
-1.07151e-05
-200
0.00027938
-5.03768e-06
-200
0.00026338
-1.04765e-05
-200
0.000265262
-6.1934e-06
-200
0.000262366
-1.19796e-06
-200
0.000255506
-3.30113e-06
-200
0.00025186
-2.31622e-06
-200
0.000249151
-1.63688e-06
-200
0.000245477
3.14032e-07
-200
0.000243575
1.04187e-06
0.000241964
1.11267e-06
-200
0.000298635
-8.90427e-06
-200
0.000288976
-7.95684e-06
-200
0.000276183
-1.13555e-05
-200
0.000274248
-1.06251e-05
-200
0.00025728
-1.39211e-05
-200
0.000253971
-1.06513e-05
-200
0.000244368
-1.18932e-05
-200
0.000246727
-3.42749e-06
-200
0.000234487
-4.16385e-06
-200
0.000227664
-5.83904e-06
-200
0.00022575
-1.45912e-06
-200
0.000222091
3.30399e-07
-200
0.000218247
1.99948e-06
-200
0.000215937
1.71102e-06
-200
0.00021354
1.71882e-06
0.000212492
1.77093e-06
-200
0.000253488
-7.61176e-06
-200
0.000245104
-1.09205e-05
-200
0.000239936
-1.21621e-05
-200
0.000227179
-1.56574e-05
-200
0.000228146
-1.25262e-05
-200
0.00021991
-1.21739e-05
-200
0.000217096
-6.64671e-06
-200
0.000204389
-9.34251e-06
-200
0.00020419
-4.66397e-06
-200
0.00020085
6.28464e-07
-200
0.000194559
7.14399e-07
-200
0.000190578
2.2861e-06
-200
0.000187189
2.7659e-06
-200
0.000183449
3.73594e-06
-200
0.0001812
3.63489e-06
0.000179702
3.28665e-06
-200
0.00021253
-1.27411e-05
-200
0.000205176
-1.22222e-05
-200
0.000196481
-1.49528e-05
-200
0.000194802
-1.44779e-05
-200
0.000184374
-1.55828e-05
-200
0.000180926
-1.2278e-05
-200
0.000173624
-1.15111e-05
-200
0.000173952
-4.03941e-06
-200
0.000165295
-2.08435e-06
-200
0.000159585
-1.19935e-06
-200
0.000157121
3.34439e-06
-200
0.000153524
5.19065e-06
-200
0.000149977
6.19859e-06
-200
0.000147753
5.31806e-06
-200
0.000146023
4.58047e-06
0.000145203
4.07641e-06
-200
0.000154574
-1.54424e-05
-200
0.000150187
-1.636e-05
-200
0.000148325
-1.67983e-05
-200
0.000140871
-1.81107e-05
-200
0.000140401
-1.51786e-05
-200
0.000134968
-1.30583e-05
-200
0.000132967
-7.59516e-06
-200
0.00012505
-6.69277e-06
-200
0.000124034
-1.88281e-06
-200
0.000121715
3.69311e-06
-200
0.000117877
5.57589e-06
-200
0.000115013
7.11545e-06
-200
0.000112711
7.09218e-06
-200
0.000110416
6.82825e-06
-200
0.000108902
5.91147e-06
0.000107651
5.18671e-06
-200
9.92116e-05
-2.00687e-05
-200
9.81701e-05
-1.8274e-05
-200
9.39794e-05
-1.91061e-05
-200
9.39008e-05
-1.71312e-05
-200
8.73966e-05
-1.6299e-05
-200
8.544e-05
-1.20962e-05
-200
8.05205e-05
-9.80835e-06
-200
8.05605e-05
-3.58394e-06
-200
7.67222e-05
3.00928e-07
-200
7.40743e-05
3.2348e-06
-200
7.2699e-05
6.84111e-06
-200
7.10528e-05
8.43929e-06
-200
6.95638e-05
8.59985e-06
-200
6.88889e-05
7.40616e-06
-200
6.84401e-05
6.28877e-06
6.79379e-05
5.47085e-06
-200
3.14212e-05
-2.13629e-05
-200
3.20748e-05
-2.0125e-05
-200
3.38642e-05
-1.82538e-05
-200
3.13587e-05
-1.76905e-05
-200
3.22197e-05
-1.40546e-05
-200
3.07283e-05
-1.10641e-05
-200
3.11586e-05
-6.44185e-06
-200
2.95746e-05
-3.00411e-06
-200
2.9457e-05
7.50702e-07
-200
2.99725e-05
5.43534e-06
-200
2.92484e-05
7.58366e-06
-200
2.894e-05
8.87554e-06
-200
2.8847e-05
8.42398e-06
-200
2.89774e-05
7.56706e-06
-200
2.8558e-05
6.45049e-06
2.81012e-05
5.67065e-06
-200
-2.09833e-05
-200
-1.88157e-05
-200
-1.75649e-05
-200
-1.5388e-05
-200
-1.25567e-05
-200
-9.5797e-06
-200
-5.93311e-06
-200
-2.60165e-06
-200
1.97744e-06
-200
4.61106e-06
-200
7.31519e-06
-200
8.02834e-06
-200
8.01355e-06
-200
7.00721e-06
-200
6.11387e-06
5.39681e-06
-200
0.000265744
-200
0.00026002
-200
0.00027702
-4.55149e-06
-200
0.00028082
-6.72096e-06
-200
0.000283767
-3.03017e-06
-200
0.000279684
-7.13499e-06
-200
0.000281294
-4.93732e-06
0.000283256
-5.47994e-06
-200
0.000228005
3.86335e-05
-200
0.00023927
3.59458e-05
-200
0.000253067
3.41309e-05
-200
0.000266036
3.17964e-05
-200
0.000279244
2.93461e-05
-200
0.000289113
2.47979e-05
-200
0.000295562
1.93834e-05
-200
0.000314073
1.74148e-05
-200
0.000298255
3.35853e-06
-200
0.000306305
-7.66134e-06
-200
0.000322284
1.41161e-07
-200
0.000313226
-7.70553e-06
-200
0.000311827
-7.88668e-06
-200
0.000308449
-1.30356e-05
-200
0.000312438
-6.54443e-06
-200
0.000311586
-4.63778e-06
0.000310794
-2.72809e-06
-200
0.000258827
3.24255e-05
-200
0.000275239
3.18354e-05
-200
0.00029092
3.02229e-05
-200
0.000305547
2.79789e-05
-200
0.000316793
2.47478e-05
-200
0.00032545
2.06931e-05
-200
0.000333858
1.65677e-05
-200
0.00032807
8.26802e-06
-200
0.000350873
8.48414e-06
-200
0.000347715
4.62084e-06
-200
0.000334474
-8.44037e-06
-200
0.000344946
-5.11326e-06
-200
0.000344838
-7.21679e-06
-200
0.000345027
-1.64543e-06
-200
0.000336181
-5.11403e-06
-200
0.000333854
-3.36317e-06
0.000332908
-3.68558e-06
-200
0.000287493
2.81206e-05
-200
0.00030468
2.71877e-05
-200
0.000321568
2.56737e-05
-200
0.000335285
2.33377e-05
-200
0.000346945
2.07451e-05
-200
0.000354965
1.73459e-05
-200
0.000358104
1.32111e-05
-200
0.00037383
1.33904e-05
-200
0.000355545
3.81872e-06
-200
0.000361798
-1.9282e-06
-200
0.000377095
6.04929e-06
-200
0.000364719
-2.06414e-06
-200
0.000361628
-2.04937e-06
-200
0.00035655
-8.30836e-06
-200
0.00036042
-2.70964e-06
-200
0.000358335
-2.48423e-06
0.000356325
-8.19154e-07
-200
0.000305451
2.17593e-05
-200
0.00032649
2.13124e-05
-200
0.000344395
2.00256e-05
-200
0.000359568
1.84153e-05
-200
0.00036987
1.60602e-05
-200
0.000377028
1.35872e-05
-200
0.000383936
1.14378e-05
-200
0.000374136
4.63533e-06
-200
0.000396918
8.08714e-06
-200
0.000391982
7.82856e-06
-200
0.000375397
-5.28542e-06
-200
0.000385557
-4.51532e-07
-200
0.000384663
-2.62188e-06
-200
0.000384805
3.31894e-06
-200
0.000375252
-1.90372e-06
-200
0.00037271
-1.22697e-06
0.000371375
-2.14776e-06
-200
0.00033448
1.87513e-05
-200
0.000353446
1.74982e-05
-200
0.00036964
1.59166e-05
-200
0.00038249
1.40425e-05
-200
0.000392465
1.24266e-05
-200
0.000398617
1.05551e-05
-200
0.000399537
8.09953e-06
-200
0.000414039
1.04774e-05
-200
0.000392357
2.35061e-06
-200
0.000396788
-1.74827e-06
-200
0.000411482
8.28473e-06
-200
0.000397247
7.57967e-07
-200
0.000393234
1.30077e-06
-200
0.000387408
-5.66085e-06
-200
0.000391628
-3.52002e-07
-200
0.000389612
-8.40566e-07
0.000387573
5.44718e-07
-200
0.000360363
1.48736e-05
-200
0.000377803
1.31807e-05
-200
0.000395512
1.16216e-05
-200
0.000405442
9.90897e-06
-200
0.000411362
8.27664e-06
-200
0.000415163
7.10718e-06
-200
0.000419618
6.54743e-06
-200
0.00040674
9.99964e-07
-200
0.000428233
6.214e-06
-200
0.000421366
7.55637e-06
-200
0.000402337
-5.0042e-06
-200
0.000411539
8.98565e-07
-200
0.000409604
-9.55623e-07
-200
0.00040927
5.40572e-06
-200
0.000399088
-3.19698e-07
-200
0.000396375
7.40383e-08
0.00039495
-1.15297e-06
-200
0.000397818
1.33469e-05
-200
0.000416405
1.13749e-05
-200
0.000418085
6.97341e-06
-200
0.000425072
5.47787e-06
-200
0.000429916
4.93349e-06
-200
0.000431917
4.4301e-06
-200
0.000429382
3.35052e-06
-200
0.000441537
7.25526e-06
-200
0.000416915
1.61559e-07
-200
0.000419012
-3.01253e-06
-200
0.000432267
8.28237e-06
-200
0.000416311
1.33859e-06
-200
0.000411111
2.433e-06
-200
0.000404264
-4.59609e-06
-200
0.000408098
7.73665e-07
-200
0.00040586
1.05896e-07
0.000403747
1.37074e-06
-200
0.000419363
6.02596e-06
-200
0.000420252
-3.48738e-07
-200
0.000438444
9.89564e-07
-200
0.000442399
5.2037e-07
-200
0.000442853
5.64402e-07
-200
0.000442138
1.08712e-06
-200
0.00044299
2.0414e-06
-200
0.000426813
-2.35372e-06
-200
0.000445655
4.00191e-06
-200
0.000436768
6.44196e-06
-200
0.000415691
-5.41444e-06
-200
0.000423254
1.11265e-06
-200
0.000420022
-4.0009e-07
-200
0.000418854
6.25271e-06
-200
0.000408076
5.35011e-07
-200
0.000404993
8.87571e-07
0.000403357
-4.8859e-07
-200
-9.10383e-07
-200
0.000464483
4.89576e-07
-200
0.000455365
-5.60708e-06
-200
0.000454613
-5.3428e-06
-200
0.000453711
-3.37353e-06
-200
0.000451196
-1.6737e-06
-200
0.00044479
-1.08915e-06
-200
0.000453556
4.12917e-06
-200
0.000426555
-1.84829e-06
-200
0.000425845
-4.23965e-06
-200
0.000436888
7.66283e-06
-200
0.000419679
1.40586e-06
-200
0.000413357
2.89022e-06
-200
0.000405659
-3.92524e-06
-200
0.000408885
1.40153e-06
-200
0.000406441
6.99049e-07
0.000404263
1.83335e-06
-200
0.000452937
-2.45767e-05
-200
0.000463964
-1.63589e-05
-200
0.000461576
-1.22744e-05
-200
0.00045695
-8.37256e-06
-200
0.00045177
-5.12378e-06
-200
0.000448711
-2.30167e-06
-200
0.000429562
-5.31887e-06
-200
0.000444644
1.7921e-06
-200
0.000433974
5.07774e-06
-200
0.000411718
-5.75127e-06
-200
0.000417369
9.35832e-07
-200
0.000413121
-3.1952e-07
-200
0.000411393
6.33188e-06
-200
0.000400659
8.74724e-07
-200
0.000397511
1.24739e-06
0.000395795
-2.02846e-07
-200
0.000489307
-2.84616e-05
-200
0.000469162
-2.80069e-05
-200
0.000463007
-1.92411e-05
-200
0.000456966
-1.21778e-05
-200
0.000449887
-7.55837e-06
-200
0.000439623
-5.2093e-06
-200
0.000444413
1.00239e-06
-200
0.000416134
-3.76911e-06
-200
0.000412838
-5.46392e-06
-200
0.000421446
6.30086e-06
-200
0.000404079
7.81337e-07
-200
0.000397234
2.37936e-06
-200
0.000389558
-4.00826e-06
-200
0.000392611
1.18488e-06
-200
0.000390471
5.98942e-07
0.000388544
1.63722e-06
-200
0.000464915
-4.70939e-05
-200
0.000469523
-2.91158e-05
-200
0.000459015
-2.09531e-05
-200
0.00044812
-1.45854e-05
-200
0.000438078
-9.78523e-06
-200
0.000431053
-5.91629e-06
-200
0.000409883
-7.88583e-06
-200
0.000421052
-6.43152e-07
-200
0.000409522
2.97797e-06
-200
0.000387652
-6.70197e-06
-200
0.000391791
-5.24837e-07
-200
0.000387559
-1.5856e-06
-200
0.000386115
4.83586e-06
-200
0.000376564
4.71937e-08
-200
0.000374009
6.35667e-07
0.000372642
-6.76899e-07
-200
0.000482244
-3.28106e-05
-200
0.000457972
-3.07129e-05
-200
0.000445927
-2.18296e-05
-200
0.000434538
-1.50877e-05
-200
0.000423255
-1.05643e-05
-200
0.000410016
-8.0329e-06
-200
0.000411455
-1.91399e-06
-200
0.000383904
-5.87018e-06
-200
0.000379246
-7.29273e-06
-200
0.000386256
3.45696e-06
-200
0.000370102
-1.6158e-06
-200
0.000364247
6.14455e-08
-200
0.000357799
-5.44843e-06
-200
0.000361303
-2.70799e-07
-200
0.000359954
-4.50218e-07
0.000358621
6.72354e-07
-200
0.000441593
-3.47019e-05
-200
0.000440665
-2.27715e-05
-200
0.000426266
-1.83984e-05
-200
0.000412112
-1.45166e-05
-200
0.000399329
-1.1142e-05
-200
0.00039021
-7.99711e-06
-200
0.000369304
-9.80197e-06
-200
0.000377834
-3.38372e-06
-200
0.000367258
-4.17276e-08
-200
0.000347251
-9.14227e-06
-200
0.000351452
-3.50803e-06
-200
0.00034832
-4.28675e-06
-200
0.000348145
2.19284e-06
-200
0.000340289
-1.5552e-06
-200
0.000338455
-5.63471e-07
0.000337536
-1.53599e-06
-200
0.000440671
-1.74658e-05
-200
0.000414894
-2.03836e-05
-200
0.000400853
-1.62803e-05
-200
0.000387651
-1.30661e-05
-200
0.000375207
-1.06916e-05
-200
0.000361706
-9.34991e-06
-200
0.000362
-4.32319e-06
-200
0.000337624
-8.00816e-06
-200
0.000333141
-9.7688e-06
-200
0.000339676
-5.49695e-07
-200
0.000326584
-4.73272e-06
-200
0.000322452
-2.60776e-06
-200
0.000317507
-6.83264e-06
-200
0.000320974
-1.6494e-06
-200
0.000319972
-1.40848e-06
0.000318946
-1.99304e-07
-200
0.000389731
-1.93391e-05
-200
0.000386391
-1.24847e-05
-200
0.000371958
-1.22566e-05
-200
0.000358009
-1.16424e-05
-200
0.000345783
-1.06124e-05
-200
0.000337282
-8.91862e-06
-200
0.000319299
-1.11255e-05
-200
0.000326605
-5.98425e-06
-200
0.000318141
-3.53402e-06
-200
0.000301893
-1.10764e-05
-200
0.000306196
-5.94524e-06
-200
0.000304415
-5.68381e-06
-200
0.00030441
6.05085e-07
-200
0.000297442
-2.07534e-06
-200
0.000295375
-9.29377e-07
0.000294321
-1.65855e-06
-200
0.000375924
-6.28595e-06
-200
0.000354072
-1.11984e-05
-200
0.000341327
-1.06538e-05
-200
0.000329674
-1.0399e-05
-200
0.000318923
-1.01908e-05
-200
0.000308049
-1.00277e-05
-200
0.000308711
-6.36753e-06
-200
0.000289014
-9.7649e-06
-200
0.000285127
-1.14581e-05
-200
0.000291501
-2.93382e-06
-200
0.000281052
-5.56972e-06
-200
0.000277709
-2.74237e-06
-200
0.000272927
-5.6677e-06
-200
0.000274773
-1.07835e-06
-200
0.000273025
-8.30214e-07
0.000271668
1.60183e-07
-200
0.000323503
-9.62316e-06
-200
0.000320401
-6.45612e-06
-200
0.000308827
-8.53442e-06
-200
0.00029786
-1.01013e-05
-200
0.000288551
-1.05821e-05
-200
0.000282704
-1.00137e-05
-200
0.000268668
-1.21461e-05
-200
0.000274394
-8.23912e-06
-200
0.000268433
-5.00331e-06
-200
0.000255114
-1.04065e-05
-200
0.000258384
-4.68321e-06
-200
0.000255995
-3.64092e-06
-200
0.000254832
2.09211e-06
-200
0.00024766
-6.36828e-08
-200
0.000244633
6.70021e-07
0.000242992
-1.70204e-07
-200
0.000300655
-2.72241e-06
-200
0.000284345
-7.91476e-06
-200
0.000274923
-9.21267e-06
-200
0.000266385
-1.05368e-05
-200
0.00025946
-1.11759e-05
-200
0.000251592
-1.16071e-05
-200
0.000252566
-8.61767e-06
-200
0.000237485
-1.05686e-05
-200
0.000233706
-1.06045e-05
-200
0.000237769
-2.37363e-06
-200
0.000229146
-2.43328e-06
-200
0.000225147
8.45025e-07
-200
0.000219445
-1.24131e-06
-200
0.000219101
2.00993e-06
-200
0.000216533
1.66906e-06
0.00021486
1.99608e-06
-200
0.000245473
-9.02182e-06
-200
0.00024307
-7.59718e-06
-200
0.000235576
-1.01121e-05
-200
0.000229022
-1.19093e-05
-200
0.00022337
-1.27887e-05
-200
0.000219747
-1.2223e-05
-200
0.000209495
-1.344e-05
-200
0.000212675
-9.09962e-06
-200
0.000208221
-4.86117e-06
-200
0.000197994
-5.93017e-06
-200
0.000198668
-1.88978e-07
-200
0.000195116
1.5124e-06
-200
0.000192553
5.82057e-06
-200
0.000185922
3.72004e-06
-200
0.000182677
3.59405e-06
0.000180936
2.38217e-06
-200
0.000208309
-8.07009e-06
-200
0.00019871
-1.1367e-05
-200
0.000193597
-1.25542e-05
-200
0.000189126
-1.3684e-05
-200
0.000185005
-1.42021e-05
-200
0.000179707
-1.39939e-05
-200
0.000179743
-1.09195e-05
-200
0.000169806
-1.00902e-05
-200
0.00016561
-7.79817e-06
-200
0.00016723
5.43878e-07
-200
0.000160608
2.59952e-06
-200
0.000156531
5.82008e-06
-200
0.000151373
4.2194e-06
-200
0.000150113
5.60296e-06
-200
0.000148103
4.59074e-06
0.000146937
4.12215e-06
-200
0.000147345
-1.47712e-05
-200
0.000147197
-1.3458e-05
-200
0.000144719
-1.45757e-05
-200
0.000142401
-1.55212e-05
-200
0.00013865
-1.55625e-05
-200
0.000136472
-1.4393e-05
-200
0.000129509
-1.35264e-05
-200
0.000129908
-8.98272e-06
-200
0.000127446
-2.93905e-06
-200
0.000120999
-7.09936e-07
-200
0.000119854
4.3989e-06
-200
0.000117081
6.14105e-06
-200
0.000115066
8.4478e-06
-200
0.000111319
6.67889e-06
-200
0.000109492
5.92529e-06
0.000108095
4.5086e-06
-200
9.71894e-05
-1.62724e-05
-200
9.52779e-05
-1.63432e-05
-200
9.53111e-05
-1.63518e-05
-200
9.30269e-05
-1.6416e-05
-200
9.09035e-05
-1.597e-05
-200
8.70526e-05
-1.46018e-05
-200
8.57806e-05
-1.13478e-05
-200
8.14665e-05
-7.69539e-06
-200
7.74249e-05
-3.99366e-06
-200
7.75127e-05
2.78422e-06
-200
7.38593e-05
5.71618e-06
-200
7.17345e-05
8.10563e-06
-200
6.9289e-05
7.11085e-06
-200
6.91403e-05
7.13936e-06
-200
6.86928e-05
6.02856e-06
6.82501e-05
5.06251e-06
-200
3.20143e-05
-1.90659e-05
-200
3.41205e-05
-1.76121e-05
-200
3.49406e-05
-1.68109e-05
-200
3.49563e-05
-1.66516e-05
-200
3.45602e-05
-1.47921e-05
-200
3.30477e-05
-1.35306e-05
-200
3.19535e-05
-9.89765e-06
-200
3.02034e-05
-6.6699e-06
-200
3.13738e-05
-1.12465e-07
-200
2.86845e-05
2.50082e-06
-200
2.88289e-05
6.60826e-06
-200
2.76163e-05
7.2051e-06
-200
2.82057e-05
8.25016e-06
-200
2.81027e-05
6.96225e-06
-200
2.80321e-05
6.13435e-06
2.76734e-05
4.88654e-06
-200
-1.95583e-05
-200
-1.77824e-05
-200
-1.7164e-05
-200
-1.54152e-05
-200
-1.45607e-05
-200
-1.16015e-05
-200
-9.27451e-06
-200
-4.32138e-06
-200
-1.32146e-06
-200
3.19497e-06
-200
5.21591e-06
-200
6.88737e-06
-200
6.44398e-06
-200
5.98196e-06
-200
5.24922e-06
3.94971e-06
-200
0.000272091
-200
0.000278998
-200
0.000268134
-200
0.000280607
-1.9419e-06
-200
0.000281762
-4.53392e-06
0.000287555
4.7847e-07
-200
0.000218304
1.89887e-05
-200
0.000232848
2.04049e-05
-200
0.000246961
2.02802e-05
-200
0.000260071
1.96945e-05
-200
0.000272059
1.8248e-05
-200
0.000282699
1.68623e-05
-200
0.000291163
1.40735e-05
-200
0.000299781
1.28496e-05
-200
0.000306264
9.48207e-06
-200
0.000325496
1.17111e-05
-200
0.000308875
-1.97734e-06
-200
0.000317276
-2.85498e-06
-200
0.000312873
-1.4107e-05
-200
0.000326246
9.65764e-07
-200
0.000314673
-3.43746e-06
-200
0.000313577
-7.45848e-07
0.000309298
-1.0161e-06
-200
0.000252101
1.81779e-05
-200
0.000267977
1.89573e-05
-200
0.000283812
1.87053e-05
-200
0.000298295
1.78565e-05
-200
0.000310539
1.6365e-05
-200
0.00032022
1.45587e-05
-200
0.000328614
1.24332e-05
-200
0.000336074
1.07139e-05
-200
0.000343583
8.59423e-06
-200
0.000337482
3.1887e-06
-200
0.000357114
4.99615e-06
-200
0.00034971
-9.82876e-07
-200
0.000352912
2.40556e-06
-200
0.000334616
-8.0812e-06
-200
0.000339938
-2.41188e-07
-200
0.000335227
-2.11298e-06
0.000337386
6.54823e-07
-200
0.000277554
1.65268e-05
-200
0.0002955
1.66681e-05
-200
0.000312743
1.60667e-05
-200
0.000327594
1.49972e-05
-200
0.000339625
1.35494e-05
-200
0.000349092
1.19604e-05
-200
0.000355333
9.94475e-06
-200
0.000360151
8.1379e-06
-200
0.000362215
5.88014e-06
-200
0.000377043
7.72688e-06
-200
0.000359385
-6.11615e-07
-200
0.000367239
9.94329e-07
-200
0.000360734
-6.7969e-06
-200
0.000374718
5.13262e-06
-200
0.000361679
-1.96971e-06
-200
0.0003603
9.7244e-07
0.000354249
-3.4094e-07
-200
0.000300751
1.36588e-05
-200
0.000320531
1.38411e-05
-200
0.000337975
1.32045e-05
-200
0.000352736
1.21665e-05
-200
0.000364193
1.08812e-05
-200
0.000372291
9.41992e-06
-200
0.00037872
8.13247e-06
-200
0.000383264
6.84991e-06
-200
0.000387955
5.86164e-06
-200
0.000377019
5.63688e-07
-200
0.000396601
5.35123e-06
-200
0.000387447
4.51011e-07
-200
0.000390792
6.34512e-06
-200
0.000370774
-6.45532e-06
-200
0.000377676
1.11675e-06
-200
0.000373314
-1.27606e-06
0.000375582
1.19196e-06
-200
0.000328421
1.31892e-05
-200
0.0003467
1.21773e-05
-200
0.000362929
1.10463e-05
-200
0.000376031
9.74361e-06
-200
0.000385981
8.50516e-06
-200
0.00039323
7.39448e-06
-200
0.000397112
6.10359e-06
-200
0.00039923
4.93384e-06
-200
0.000398393
3.44152e-06
-200
0.000411326
6.39016e-06
-200
0.000390718
-1.11881e-06
-200
0.000397466
1.67714e-06
-200
0.000389709
-5.95634e-06
-200
0.0004047
6.6053e-06
-200
0.000391678
-1.27967e-06
-200
0.000391041
1.58048e-06
0.00038492
-1.39989e-07
-200
0.000357978
1.05108e-05
-200
0.000374982
1.00721e-05
-200
0.000388249
8.86427e-06
-200
0.000398518
7.50009e-06
-200
0.000406138
6.32449e-06
-200
0.00041098
5.30616e-06
-200
0.000414623
4.66555e-06
-200
0.000416513
4.0279e-06
-200
0.000418776
3.73816e-06
-200
0.000404852
-1.1242e-06
-200
0.000423097
4.74066e-06
-200
0.000412227
3.81599e-07
-200
0.000414899
7.1769e-06
-200
0.000393642
-6.10413e-06
-200
0.000400797
1.60794e-06
-200
0.000396424
-1.08693e-06
0.000398893
1.20028e-06
-200
0.000386379
9.53006e-06
-200
0.000398087
8.11686e-06
-200
0.000408736
6.46969e-06
-200
0.000417326
5.09004e-06
-200
0.00042309
4.11006e-06
-200
0.000426694
3.52295e-06
-200
0.000427337
2.82757e-06
-200
0.000426523
2.23035e-06
-200
0.000422916
1.24897e-06
-200
0.000433784
4.90818e-06
-200
0.000410865
-2.14737e-06
-200
0.000415958
1.31078e-06
-200
0.000406684
-6.18031e-06
-200
0.000421215
6.82805e-06
-200
0.000407725
-1.14364e-06
-200
0.000407082
1.67411e-06
0.000400842
-2.90717e-07
-200
0.000408525
6.48047e-06
-200
0.000421562
6.35305e-06
-200
0.000428137
3.90449e-06
-200
0.000433238
2.2585e-06
-200
0.0004367
1.59827e-06
-200
0.000437825
1.30636e-06
-200
0.000438099
1.36575e-06
-200
0.000436943
1.31771e-06
-200
0.000436514
1.54475e-06
-200
0.000420078
-2.91418e-06
-200
0.000436125
3.50505e-06
-200
0.000423712
-3.64667e-07
-200
0.000425163
6.93428e-06
-200
0.000402951
-6.15698e-06
-200
0.00040943
1.58421e-06
-200
0.000404698
-1.19454e-06
0.000406985
8.81666e-07
-200
0.000424678
1.77191e-06
-200
0.000425317
-3.76913e-06
-200
0.000438565
-1.64809e-06
-200
0.000443782
-1.78032e-06
-200
0.0004459
-1.3801e-06
-200
0.000445805
-7.83899e-07
-200
0.000442895
-5.95739e-07
-200
0.000438794
-5.67227e-07
-200
0.000432243
-1.08546e-06
-200
0.000440403
3.02042e-06
-200
0.000415928
-3.46575e-06
-200
0.000418945
3.63711e-07
-200
0.000408341
-6.74893e-06
-200
0.000421686
6.2629e-06
-200
0.000408062
-1.3867e-06
-200
0.000407298
1.36355e-06
0.000401081
-7.38566e-07
-200
-1.06477e-05
-200
0.000446867
-4.37692e-06
-200
0.000445764
-1.00011e-05
-200
0.000450691
-7.16895e-06
-200
0.000451004
-4.78815e-06
-200
0.000447966
-3.32135e-06
-200
0.000444168
-2.22659e-06
-200
0.000439439
-1.62047e-06
-200
0.000435955
-9.28316e-07
-200
0.000417503
-4.88956e-06
-200
0.000430549
1.68329e-06
-200
0.000417128
-1.64382e-06
-200
0.000417338
5.79377e-06
-200
0.000395236
-6.60934e-06
-200
0.000401143
9.76183e-07
-200
0.000396498
-1.7077e-06
0.00039867
1.41832e-07
-200
0.000460194
-2.05292e-05
-200
0.000467429
-1.08106e-05
-200
0.000460332
-8.77563e-06
-200
0.000453204
-6.79184e-06
-200
0.000446407
-5.05162e-06
-200
0.000438518
-4.07332e-06
-200
0.000430525
-3.52308e-06
-200
0.000421018
-3.65127e-06
-200
0.000426029
5.81104e-07
-200
0.000401129
-5.18355e-06
-200
0.000402038
-1.3572e-06
-200
0.000391039
-7.8829e-06
-200
0.000403377
4.70262e-06
-200
0.000390833
-2.25486e-06
-200
0.000390529
4.46245e-07
0.000384928
-1.62179e-06
-200
0.000487233
-1.92075e-05
-200
0.000467027
-1.77619e-05
-200
0.000457645
-1.22824e-05
-200
0.000447335
-8.9437e-06
-200
0.000436861
-6.93844e-06
-200
0.000427746
-5.46235e-06
-200
0.000419214
-4.53646e-06
-200
0.000412885
-3.63851e-06
-200
0.000393474
-7.11535e-06
-200
0.000403525
-9.0535e-07
-200
0.000390086
-3.76805e-06
-200
0.000390133
3.53842e-06
-200
0.000370046
-7.61238e-06
-200
0.000376067
-3.16744e-07
-200
0.000372313
-2.68387e-06
0.00037475
-1.00304e-06
-200
0.000479289
-2.43592e-05
-200
0.000470381
-1.32138e-05
-200
0.000451288
-1.11508e-05
-200
0.00043543
-9.35838e-06
-200
0.000422352
-7.74369e-06
-200
0.000410072
-6.75721e-06
-200
0.000399131
-6.12673e-06
-200
0.000387789
-6.19865e-06
-200
0.000390575
-2.23139e-06
-200
0.00036657
-7.55991e-06
-200
0.000367145
-3.73551e-06
-200
0.000357453
-9.40615e-06
-200
0.000369739
2.54535e-06
-200
0.000359296
-3.39515e-06
-200
0.000359777
-7.70429e-07
0.00035517
-2.66713e-06
-200
0.000468524
-1.27887e-05
-200
0.000444396
-1.57854e-05
-200
0.000429575
-1.22888e-05
-200
0.000414378
-1.00423e-05
-200
0.000400032
-8.67478e-06
-200
0.000388096
-7.50918e-06
-200
0.000377865
-6.78185e-06
-200
0.000370608
-6.00657e-06
-200
0.00035206
-9.41694e-06
-200
0.000360677
-3.75732e-06
-200
0.000349538
-5.98306e-06
-200
0.000350943
1.22091e-06
-200
0.000334043
-8.33823e-06
-200
0.000340142
-1.49939e-06
-200
0.000337135
-3.53629e-06
0.000339625
-2.05128e-06
-200
0.000437744
-1.68104e-05
-200
0.000427236
-9.96435e-06
-200
0.00040714
-9.87352e-06
-200
0.000389875
-9.32214e-06
-200
0.000375331
-8.54175e-06
-200
0.00036238
-8.02139e-06
-200
0.000351371
-7.74194e-06
-200
0.000340786
-8.05677e-06
-200
0.000342883
-4.9381e-06
-200
0.000323228
-9.15712e-06
-200
0.000324689
-5.49107e-06
-200
0.000317645
-9.86707e-06
-200
0.000329129
1.02801e-06
-200
0.000320309
-3.91252e-06
-200
0.00032072
-1.54608e-06
0.000316666
-3.24626e-06
-200
0.000410127
-7.19606e-06
-200
0.000388401
-1.18276e-05
-200
0.000374462
-1.0201e-05
-200
0.000359952
-9.27093e-06
-200
0.000346441
-8.71519e-06
-200
0.000335549
-8.17753e-06
-200
0.000326733
-7.82189e-06
-200
0.000320698
-7.70355e-06
-200
0.000305759
-1.05088e-05
-200
0.000314615
-5.39538e-06
-200
0.000306783
-6.5569e-06
-200
0.000309011
2.4301e-07
-200
0.000294609
-7.61815e-06
-200
0.000299
-1.71924e-06
-200
0.00029553
-3.50912e-06
0.000297162
-2.37133e-06
-200
0.00037071
-1.15038e-05
-200
0.000361482
-7.14979e-06
-200
0.000344638
-8.04168e-06
-200
0.000330139
-8.3411e-06
-200
0.000318312
-8.24604e-06
-200
0.00030807
-8.23121e-06
-200
0.000299682
-8.3874e-06
-200
0.000291398
-9.068e-06
-200
0.000295212
-5.80017e-06
-200
0.000279825
-9.19013e-06
-200
0.000282437
-5.03024e-06
-200
0.000276305
-8.45512e-06
-200
0.000285052
8.94813e-07
-200
0.000276359
-3.09941e-06
-200
0.000275369
-1.27296e-06
0.000271151
-2.89646e-06
-200
0.000334285
-5.35411e-06
-200
0.000318122
-9.4521e-06
-200
0.000307767
-8.75754e-06
-200
0.000297179
-8.52451e-06
-200
0.000287623
-8.53499e-06
-200
0.000280215
-8.40592e-06
-200
0.000274181
-8.57e-06
-200
0.000270754
-8.05074e-06
-200
0.000259681
-1.03041e-05
-200
0.000267665
-4.99679e-06
-200
0.000261899
-5.26974e-06
-200
0.000263005
8.4994e-07
-200
0.000249624
-5.31621e-06
-200
0.0002509
-7.17596e-07
-200
0.000246194
-2.42427e-06
0.000246377
-1.86866e-06
-200
0.000290812
-1.00219e-05
-200
0.000284841
-7.06104e-06
-200
0.000273518
-7.95885e-06
-200
0.00026424
-8.44962e-06
-200
0.00025694
-8.64522e-06
-200
0.00025063
-8.87427e-06
-200
0.000245031
-9.11487e-06
-200
0.00023978
-9.09763e-06
-200
0.00024268
-6.05396e-06
-200
0.000232212
-7.06861e-06
-200
0.000232653
-3.43069e-06
-200
0.00022619
-5.58172e-06
-200
0.000230479
1.63664e-06
-200
0.000221773
-1.48574e-06
-200
0.000219541
-3.43274e-07
0.000215464
-1.92885e-06
-200
0.00024696
-7.26243e-06
-200
0.000237179
-1.01827e-05
-200
0.00023176
-9.71859e-06
-200
0.000226249
-9.64143e-06
-200
0.000221162
-9.74961e-06
-200
0.00021698
-9.81457e-06
-200
0.000213433
-9.48336e-06
-200
0.000211127
-8.74962e-06
-200
0.000203632
-8.78437e-06
-200
0.00020811
-4.13277e-06
-200
0.000203025
-3.23808e-06
-200
0.000201847
1.76125e-06
-200
0.000190051
-2.59943e-06
-200
0.000188864
4.58598e-07
-200
0.000184234
-9.9413e-07
0.000183655
-1.10259e-06
-200
0.000197839
-1.20043e-05
-200
0.000195443
-1.00281e-05
-200
0.000190439
-1.03094e-05
-200
0.000186255
-1.04847e-05
-200
0.00018288
-1.05728e-05
-200
0.000179083
-1.0647e-05
-200
0.00017567
-1.02808e-05
-200
0.000171536
-9.39769e-06
-200
0.000173202
-5.68179e-06
-200
0.000165271
-5.26825e-06
-200
0.000163419
-1.82554e-06
-200
0.000157033
-3.05306e-06
-200
0.00015798
1.69548e-06
-200
0.000151794
-8.02802e-08
-200
0.000150188
4.69633e-07
0.000147541
-9.82463e-07
-200
0.000145
-1.23116e-05
-200
0.000142689
-1.30756e-05
-200
0.000141944
-1.23543e-05
-200
0.000141003
-1.19336e-05
-200
0.000138013
-1.19594e-05
-200
0.000136145
-1.14886e-05
-200
0.000132913
-1.07959e-05
-200
0.000131919
-8.6969e-06
-200
0.000125798
-7.7262e-06
-200
0.000126459
-3.59794e-06
-200
0.000121912
-2.29393e-06
-200
0.000120151
1.18672e-06
-200
0.000112977
-8.40937e-07
-200
0.000112039
8.85971e-07
-200
0.000109653
-1.12805e-08
0.000108961
-7.31601e-07
-200
9.28246e-05
-1.56795e-05
-200
9.32952e-05
-1.40146e-05
-200
9.45938e-05
-1.28862e-05
-200
9.26589e-05
-1.28837e-05
-200
9.27441e-05
-1.18151e-05
-200
8.87265e-05
-1.19974e-05
-200
8.80465e-05
-1.01284e-05
-200
8.30688e-05
-9.19321e-06
-200
8.34893e-05
-5.22334e-06
-200
7.70699e-05
-4.2792e-06
-200
7.52531e-05
-1.27619e-06
-200
7.03274e-05
-1.90983e-06
-200
7.10692e-05
7.83551e-07
-200
6.88635e-05
2.56254e-07
-200
6.88581e-05
2.893e-07
6.79751e-05
-1.01683e-06
-200
3.12449e-05
-1.70791e-05
-200
3.38545e-05
-1.55214e-05
-200
3.43888e-05
-1.52188e-05
-200
3.68881e-05
-1.3247e-05
-200
3.49218e-05
-1.36596e-05
-200
3.60619e-05
-1.1363e-05
-200
3.29272e-05
-1.11678e-05
-200
3.3873e-05
-7.56819e-06
-200
2.94847e-05
-6.89781e-06
-200
2.97691e-05
-3.00593e-06
-200
2.66534e-05
-2.48458e-06
-200
2.71198e-05
1.37061e-09
-200
2.53836e-05
-6.2145e-07
-200
2.6571e-05
1.09563e-07
-200
2.66491e-05
-3.99845e-07
2.62096e-05
-1.61341e-06
-200
-1.87349e-05
-200
-1.75554e-05
-200
-1.56448e-05
-200
-1.50307e-05
-200
-1.32534e-05
-200
-1.26364e-05
-200
-1.02529e-05
-200
-8.9524e-06
-200
-5.97145e-06
-200
-4.47937e-06
-200
-2.66326e-06
-200
-2.33526e-06
-200
-1.55644e-06
-200
-1.06216e-06
-200
-1.57867e-06
-2.44227e-06
-200
0.00027827
-200
0.000287681
0.00028522
-200
0.000217038
-200
0.000230586
-200
0.0002445
-200
0.000257199
-200
0.000269117
-200
0.0002791
-200
0.0002886
-200
0.000296444
-200
0.000304877
-200
0.00031218
-200
0.000319771
-200
0.000320201
-200
0.000338674
-200
0.000312111
-200
0.000319667
-200
0.000311441
0.000311909
-200
0.000249521
-200
0.0002644
-200
0.000279689
-200
0.000293828
-200
0.00030614
-200
0.00031616
-200
0.000324725
-200
0.000332049
-200
0.000339343
-200
0.000344573
-200
0.000348352
-200
0.0003528
-200
0.000338533
-200
0.000355262
-200
0.000337237
-200
0.000340048
0.00033583
-200
0.000273072
-200
0.000291083
-200
0.000308271
-200
0.000323171
-200
0.000335456
-200
0.000345123
-200
0.000352501
-200
0.000358138
-200
0.000362186
-200
0.00036585
-200
0.000368702
-200
0.00036639
-200
0.000381268
-200
0.000356612
-200
0.000366502
-200
0.000356786
0.000356644
-200
0.000300017
-200
0.000317931
-200
0.000334603
-200
0.00034895
-200
0.00036048
-200
0.000369126
-200
0.00037555
-200
0.00038027
-200
0.000384173
-200
0.000386123
-200
0.000386491
-200
0.000389363
-200
0.000371571
-200
0.000391181
-200
0.000373932
-200
0.000377777
0.000373501
-200
0.000324236
-200
0.00034341
-200
0.000359519
-200
0.000372526
-200
0.000382573
-200
0.000389967
-200
0.000394865
-200
0.000397815
-200
0.000398857
-200
0.000399585
-200
0.000399873
-200
0.000395442
-200
0.00041023
-200
0.000384841
-200
0.00039619
-200
0.000386873
0.000387014
-200
0.000356446
-200
0.000371927
-200
0.000384507
-200
0.000394753
-200
0.000402678
-200
0.000408194
-200
0.000411751
-200
0.000413705
-200
0.000414886
-200
0.000414277
-200
0.000412335
-200
0.000413679
-200
0.000394028
-200
0.000413849
-200
0.000396497
-200
0.000400739
0.000396563
-200
0.000381614
-200
0.000395331
-200
0.000404727
-200
0.000412901
-200
0.000419165
-200
0.00042323
-200
0.000425053
-200
0.000425097
-200
0.000423378
-200
0.000421562
-200
0.000419697
-200
0.00041334
-200
0.000427176
-200
0.000400926
-200
0.000411987
-200
0.000402599
0.000402674
-200
0.000401168
-200
0.000405746
-200
0.000419461
-200
0.000426927
-200
0.000432047
-200
0.000434559
-200
0.000435034
-200
0.000433998
-200
0.000432404
-200
0.000429351
-200
0.000425233
-200
0.00042485
-200
0.000403783
-200
0.000422357
-200
0.000404788
-200
0.000408695
0.000404454
-200
0.000405273
-200
0.000424367
-200
0.000425513
-200
0.000435363
-200
0.000440575
-200
0.000441841
-200
0.000440347
-200
0.000437148
-200
0.000432489
-200
0.000428044
-200
0.000423973
-200
0.000415808
-200
0.000427939
-200
0.000401573
-200
0.000411754
-200
0.000402499
0.000402457
-200
0.000418293
-200
0.000421629
-200
0.000444499
-200
0.00044818
-200
0.000447873
-200
0.000445262
-200
0.000441282
-200
0.000436466
-200
0.0004317
-200
0.000426051
-200
0.00041982
-200
0.000417576
-200
0.000395968
-200
0.000412911
-200
0.000396095
-200
0.000399863
0.000395914
-200
-200
0.000462259
-200
0.000456568
-200
0.000454852
-200
0.000449842
-200
0.000443459
-200
0.000436348
-200
0.000428942
-200
0.000421038
-200
0.000414003
-200
0.000407813
-200
0.000398271
-200
0.000408885
-200
0.000384135
-200
0.000393862
-200
0.000385638
0.000385895
-200
0.000479183
-200
0.000474134
-200
0.000459413
-200
0.000446687
-200
0.000435603
-200
0.000425722
-200
0.000416729
-200
0.000408885
-200
0.000401105
-200
0.000393128
-200
0.000390137
-200
0.000369907
-200
0.000385918
-200
0.000371257
-200
0.000375302
0.00037215
-200
0.000497368
-200
0.000466362
-200
0.00044951
-200
0.000434361
-200
0.000420898
-200
0.000408897
-200
0.000398107
-200
0.000388089
-200
0.000379348
-200
0.000372511
-200
0.000363634
-200
0.000374058
-200
0.000352733
-200
0.000362258
-200
0.000355456
0.000356132
-200
0.00046224
-200
0.000453492
-200
0.000433349
-200
0.000415503
-200
0.00040024
-200
0.000387296
-200
0.000376365
-200
0.000367405
-200
0.000359058
-200
0.00035224
-200
0.000350307
-200
0.000333618
-200
0.000348678
-200
0.000336372
-200
0.000340245
0.000337758
-200
0.000452766
-200
0.000424324
-200
0.000406628
-200
0.000389955
-200
0.00037506
-200
0.000362136
-200
0.000351246
-200
0.000341338
-200
0.000334178
-200
0.000329105
-200
0.000323024
-200
0.000333442
-200
0.000315619
-200
0.000323736
-200
0.000317653
0.000318033
-200
0.000403396
-200
0.00039571
-200
0.000377836
-200
0.000361405
-200
0.000347174
-200
0.000335466
-200
0.00032585
-200
0.000318566
-200
0.000313117
-200
0.000308686
-200
0.000309168
-200
0.000295421
-200
0.000307911
-200
0.000296843
-200
0.000299024
0.000296342
-200
0.000380319
-200
0.000357885
-200
0.00034352
-200
0.000329853
-200
0.00031786
-200
0.000307797
-200
0.000299397
-200
0.000292988
-200
0.000288175
-200
0.000286377
-200
0.000282063
-200
0.000290844
-200
0.000275347
-200
0.00028008
-200
0.00027357
0.000272757
-200
0.000326992
-200
0.000321858
-200
0.000309015
-200
0.000297296
-200
0.00028745
-200
0.000279483
-200
0.00027333
-200
0.000269118
-200
0.000266322
-200
0.000264428
-200
0.000264773
-200
0.000252955
-200
0.000260488
-200
0.0002497
-200
0.000249445
0.000246283
-200
0.000295124
-200
0.000279964
-200
0.000270768
-200
0.000262378
-200
0.000255214
-200
0.000249161
-200
0.000244456
-200
0.000240324
-200
0.000238413
-200
0.000236799
-200
0.000232954
-200
0.000237663
-200
0.00022386
-200
0.000224811
-200
0.000218524
0.000216755
-200
0.000239551
-200
0.000237421
-200
0.000230837
-200
0.000224931
-200
0.000219876
-200
0.000215679
-200
0.000212187
-200
0.000210115
-200
0.000208479
-200
0.000206336
-200
0.000205232
-200
0.000194325
-200
0.000196762
-200
0.000188022
-200
0.000186522
0.000183843
-200
0.000197359
-200
0.000190681
-200
0.000187243
-200
0.000183991
-200
0.000180713
-200
0.000177768
-200
0.000174865
-200
0.000172631
-200
0.000170008
-200
0.000167881
-200
0.000162687
-200
0.000163658
-200
0.000154016
-200
0.000153303
-200
0.000149437
0.000147933
-200
0.000139737
-200
0.000141222
-200
0.000141112
-200
0.000139519
-200
0.000138239
-200
0.000135351
-200
0.000133956
-200
0.000131144
-200
0.000129709
-200
0.000125394
-200
0.000123502
-200
0.000115313
-200
0.000115516
-200
0.000111055
-200
0.000110123
0.000108515
-200
9.06376e-05
-200
9.09409e-05
-200
9.09492e-05
-200
9.20912e-05
-200
8.9862e-05
-200
8.97177e-05
-200
8.64224e-05
-200
8.56079e-05
-200
8.0873e-05
-200
7.90593e-05
-200
7.3365e-05
-200
7.33136e-05
-200
6.88738e-05
-200
6.86343e-05
-200
6.77813e-05
6.70429e-05
-200
2.86579e-05
-200
3.06763e-05
-200
3.37231e-05
-200
3.4101e-05
-200
3.55565e-05
-200
3.40721e-05
-200
3.43567e-05
-200
3.17102e-05
-200
3.09321e-05
-200
2.74669e-05
-200
2.63742e-05
-200
2.34688e-05
-200
2.39226e-05
-200
2.47401e-05
-200
2.48071e-05
2.49145e-05
-200
-200
-200
-200
-200
-200
-200
-200
-200
-200
-200
-200
-200
-200
-200
)
;

boundaryField
{
    frontAndBack
    {
        type            calculated;
        value           uniform 0;
    }
    inlet
    {
        type            calculated;
        value           uniform -200;
    }
    outlet
    {
        type            calculated;
        value           nonuniform List<scalar> 0();
    }
    lowerWall
    {
        type            calculated;
        value           uniform 0;
    }
    upperWall
    {
        type            calculated;
        value           uniform 0;
    }
    procBoundary5to2
    {
        type            processor;
        value           nonuniform List<scalar> 
100
(
-0.000142674
-0.000171248
-0.0001813
-0.000196152
-0.000211922
-0.000225954
-0.000235102
-0.000241421
-0.000245896
-0.000249699
-0.000254179
-0.000250141
-0.000256801
-0.000179779
-0.000172326
-0.000163912
200
-0.000209795
2.27241e-05
4.49994e-06
-0.00017613
-0.000193073
-0.000213601
-0.000216742
-0.000227825
-0.000238577
-0.000244637
-0.000248502
-0.000253628
-0.000252499
-0.000253433
-0.000163926
-0.000171239
-0.00017819
-0.00019248
-0.00020453
200
-0.000237443
1.67463e-05
9.0019e-06
-7.69017e-06
-0.000211454
-0.000229491
-0.000228369
-0.000235219
-0.000241569
-0.000250869
-0.000252897
-0.000252709
-0.000168186
-0.000175788
-0.000183715
-0.000194396
-0.000204718
-0.000217444
-0.000234237
-0.000233746
200
-0.000266337
3.05153e-06
-1.28083e-05
-0.000223847
-0.000228765
-0.000244419
-0.000244583
-0.000249573
-0.000246259
-0.000179325
-0.00018187
-0.000187951
-0.000196498
-0.000206
-0.00021606
-0.000227771
-0.000236648
-0.000248363
-0.000249005
200
-0.000280253
-3.08465e-06
-1.53821e-06
-1.50024e-05
-0.000249204
-0.000243598
-0.000249762
-0.000177429
-0.000183997
-0.000190323
-0.000198804
-0.000207034
-0.000217533
-0.00022635
-0.000237356
-0.000244665
-0.000253577
-0.000257161
-0.00027245
-0.00025936
200
-0.000293084
)
;
    }
    procBoundary5to4
    {
        type            processor;
        value           nonuniform List<scalar> 
135
(
200
200
200
200
200
200
0.000396653
200
7.4475e-06
200
200
200
200
200
200
200
200
200
200
200
200
200
200
200
200
200
200
200
200
200
200
200
200
200
0.000428616
200
-1.88354e-06
200
2.06999e-05
200
200
200
200
200
200
200
200
200
200
200
200
200
200
200
200
200
200
200
200
200
200
200
200
200
0.000450576
200
1.74852e-05
200
200
200
200
200
200
200
200
200
200
200
200
200
200
200
200
200
200
200
200
200
200
200
200
200
0.000438836
200
2.37951e-05
200
200
200
200
200
200
200
200
200
200
200
200
200
200
200
200
200
200
200
200
200
200
200
200
200
0.000460177
200
200
200
200
200
200
200
200
200
200
200
200
200
200
)
;
    }
}


// ************************************************************************* //
