/*--------------------------------*- C++ -*----------------------------------*\
  =========                 |
  \\      /  F ield         | OpenFOAM: The Open Source CFD Toolbox
   \\    /   O peration     | Website:  https://openfoam.org
    \\  /    A nd           | Version:  10
     \\/     M anipulation  |
\*---------------------------------------------------------------------------*/
FoamFile
{
    format      ascii;
    class       volVectorField;
    location    "0";
    object      U;
}
// * * * * * * * * * * * * * * * * * * * * * * * * * * * * * * * * * * * * * //

dimensions      [0 1 -1 0 0 0 0];

internalField   nonuniform List<vector> 
2084
(
(-10 9.0938e-06 7.10127e-07)
(-10 9.74894e-06 1.40623e-07)
(-10 1.05901e-05 2.39812e-07)
(-10 1.12328e-05 1.3377e-07)
(-10 1.18464e-05 8.80825e-08)
(-10 1.22791e-05 -1.60802e-07)
(-10 1.266e-05 -1.76875e-07)
(-10 1.29423e-05 -1.27737e-07)
(-10 1.31376e-05 -1.02419e-07)
(-10 1.32667e-05 -8.92403e-08)
(-10 1.3352e-05 -6.86297e-08)
(-10 1.33831e-05 -1.86043e-08)
(-10 1.34485e-05 -7.91324e-08)
(-10 1.00476e-05 8.8499e-07)
(-10 1.04453e-05 1.0085e-06)
(-10 1.10805e-05 1.16419e-06)
(-10 1.18443e-05 7.22561e-07)
(-10 1.24997e-05 3.79162e-07)
(-10 1.29846e-05 5.15286e-07)
(-10 1.33889e-05 1.91325e-07)
(-10 1.37021e-05 6.54525e-08)
(-10 1.39415e-05 -2.1383e-07)
(-10 1.42175e-05 -1.14563e-07)
(-10 1.44264e-05 -1.07446e-07)
(-10 1.45824e-05 -1.3879e-07)
(-10 1.46826e-05 -1.30851e-07)
(-10 1.47306e-05 -1.01901e-07)
(-10 1.47452e-05 -7.43426e-08)
(-10 1.4807e-05 -6.9293e-08)
(-10 1.47916e-05 -3.47206e-08)
(-10 1.29503e-05 1.14869e-06)
(-10 1.36133e-05 1.01736e-06)
(-10 1.4401e-05 8.06396e-07)
(-10 1.4979e-05 8.99926e-07)
(-10 1.52966e-05 7.16134e-07)
(-10 1.54982e-05 2.07316e-07)
(-10 1.56662e-05 2.33047e-07)
(-10 1.5784e-05 7.24901e-08)
(-10 1.58938e-05 1.3031e-07)
(-10 1.5984e-05 -9.85941e-08)
(-10 1.60687e-05 -1.35563e-07)
(-10 1.61259e-05 -8.40299e-08)
(-10 1.61438e-05 -6.68709e-08)
(-10 1.61263e-05 -6.42443e-08)
(-10 1.60802e-05 -5.8464e-08)
(-10 1.60643e-05 -2.56284e-08)
(-10 1.6026e-05 -5.53503e-08)
(-10 1.43374e-05 6.09868e-07)
(-10 1.52968e-05 7.52325e-07)
(-10 1.62281e-05 8.88088e-07)
(-10 1.67901e-05 5.35033e-07)
(-10 1.71566e-05 3.68604e-07)
(-10 1.73903e-05 5.76292e-07)
(-10 1.74394e-05 2.30683e-07)
(-10 1.74639e-05 1.44955e-07)
(-10 1.74715e-05 -1.19369e-07)
(-10 1.749e-05 1.36273e-08)
(-10 1.74864e-05 8.41624e-09)
(-10 1.74621e-05 -5.58676e-08)
(-10 1.74152e-05 -6.60636e-08)
(-10 1.73472e-05 -5.29362e-08)
(-10 1.72707e-05 -4.00611e-08)
(-10 1.72035e-05 -5.56156e-08)
(-10 1.71538e-05 -1.44628e-08)
(-10 1.55279e-05 9.92255e-07)
(-10 1.6695e-05 7.95479e-07)
(-10 1.75178e-05 4.83704e-07)
(-10 1.82031e-05 6.55445e-07)
(-10 1.85998e-05 5.91731e-07)
(-10 1.87547e-05 9.81042e-08)
(-10 1.88171e-05 2.12557e-07)
(-10 1.88054e-05 9.78724e-08)
(-10 1.87734e-05 2.2598e-07)
(-10 1.87189e-05 -8.17747e-09)
(-10 1.86589e-05 -5.25093e-08)
(-10 1.85838e-05 -5.58526e-09)
(-10 1.84917e-05 4.49973e-10)
(-10 1.8386e-05 -1.1004e-08)
(-10 1.82768e-05 -1.98189e-08)
(-10 1.81909e-05 2.85542e-09)
(-10 1.81197e-05 -3.40233e-08)
(-10 1.68695e-05 3.87824e-07)
(-10 1.7754e-05 3.56086e-07)
(-10 1.87263e-05 5.85298e-07)
(-10 1.93425e-05 2.44107e-07)
(-10 1.97362e-05 1.30168e-07)
(-10 1.99004e-05 4.5015e-07)
(-10 1.99085e-05 1.54437e-07)
(-10 1.98631e-05 1.29228e-07)
(-10 1.97856e-05 -1.11348e-07)
(-10 1.96988e-05 5.99925e-08)
(-10 1.95929e-05 6.39721e-08)
(-10 1.94741e-05 -6.21645e-09)
(-10 1.93449e-05 -2.1624e-08)
(-10 1.92105e-05 -1.41389e-08)
(-10 1.90863e-05 -7.33516e-09)
(-10 1.89833e-05 -3.14628e-08)
(-10 1.8909e-05 7.77527e-09)
(-10 1.81982e-05 5.64065e-07)
(-10 1.8673e-05 5.37729e-07)
(-10 1.97315e-05 1.02992e-07)
(-10 2.04425e-05 3.58748e-07)
(-10 2.0729e-05 3.60931e-07)
(-10 2.08035e-05 -8.19103e-08)
(-10 2.07925e-05 1.14164e-07)
(-10 2.07116e-05 4.74731e-08)
(-10 2.06017e-05 2.2664e-07)
(-10 2.04661e-05 4.45911e-09)
(-10 2.03211e-05 -3.02349e-08)
(-10 2.01675e-05 2.42188e-08)
(-10 2.00077e-05 3.10001e-08)
(-10 1.98486e-05 1.75395e-08)
(-10 1.97035e-05 5.09186e-09)
(-10 1.95913e-05 2.58742e-08)
(-10 1.95087e-05 -1.46013e-08)
(-10 2.10339e-05 2.71486e-07)
(-9.99999 2.14986e-05 4.07427e-07)
(-9.99999 2.16271e-05 -2.11019e-08)
(-10 2.16516e-05 -9.6148e-08)
(-10 2.16231e-05 3.07939e-07)
(-10 2.15128e-05 5.60598e-08)
(-10 2.13741e-05 7.82223e-08)
(-10 2.12086e-05 -1.39979e-07)
(-10 2.10328e-05 6.01606e-08)
(-10 2.08456e-05 7.72962e-08)
(-10 2.0655e-05 1.0614e-08)
(-10 2.04651e-05 -2.53542e-09)
(-10 2.0283e-05 5.66629e-09)
(-10 2.01241e-05 1.25127e-08)
(-10 2.00023e-05 -1.34218e-08)
(-10 1.99165e-05 2.48869e-08)
(-9.99999 2.31143e-05 -9.19956e-08)
(-10 2.28881e-05 -3.07667e-07)
(-10 2.26559e-05 7.18904e-08)
(-10 2.24719e-05 1.6731e-07)
(-10 2.22729e-05 -2.28416e-07)
(-10 2.20715e-05 2.81601e-08)
(-10 2.18557e-05 -2.73914e-09)
(-10 2.1634e-05 2.10791e-07)
(-10 2.14051e-05 3.24471e-09)
(-10 2.11755e-05 -2.19016e-08)
(-10 2.09502e-05 3.90828e-08)
(-10 2.07325e-05 4.82138e-08)
(-10 2.0529e-05 3.53822e-08)
(-10 2.03543e-05 2.25353e-08)
(-10 2.02223e-05 4.32364e-08)
(-10 2.01341e-05 1.85045e-09)
(-10 2.40844e-05 -5.16821e-07)
(-10 2.36801e-05 -1.49985e-07)
(-10 2.33444e-05 -3.58448e-07)
(-10 2.30306e-05 -3.16857e-07)
(-10 2.27224e-05 1.75874e-07)
(-10 2.2429e-05 -2.11563e-08)
(-10 2.21368e-05 4.11337e-08)
(-10 2.18487e-05 -1.53297e-07)
(-10 2.15656e-05 6.18564e-08)
(-10 2.12929e-05 8.80796e-08)
(-10 2.10338e-05 2.56395e-08)
(-10 2.07907e-05 1.41152e-08)
(-10 2.05687e-05 2.24541e-08)
(-10 2.03822e-05 2.94732e-08)
(-10 2.02467e-05 3.12849e-09)
(-10 2.01525e-05 3.90571e-08)
(-9.99999 2.44059e-05 -6.6979e-07)
(-10 2.40529e-05 -7.2532e-07)
(-10 2.36742e-05 -2.23734e-07)
(-10 2.32989e-05 -2.93186e-08)
(-10 2.2927e-05 -3.42044e-07)
(-10 2.25456e-05 -3.75304e-08)
(-10 2.21801e-05 -3.30935e-08)
(-10 2.18314e-05 2.00644e-07)
(-10 2.15038e-05 1.18954e-08)
(-10 2.11931e-05 -6.75621e-09)
(-10 2.09056e-05 5.50578e-08)
(-10 2.06426e-05 6.37702e-08)
(-10 2.04086e-05 5.08654e-08)
(-10 2.02162e-05 3.7595e-08)
(-10 2.00724e-05 5.71671e-08)
(-10 1.99821e-05 1.60431e-08)
(-10 2.43627e-05 -8.76035e-07)
(-10 2.40321e-05 -4.57306e-07)
(-10 2.36735e-05 -5.88937e-07)
(-10 2.32409e-05 -4.75953e-07)
(-10 2.28009e-05 6.38721e-08)
(-10 2.23798e-05 -7.64312e-08)
(-10 2.19629e-05 1.76187e-08)
(-10 2.15666e-05 -1.49526e-07)
(-10 2.11926e-05 6.6716e-08)
(-10 2.08541e-05 9.68816e-08)
(-10 2.05491e-05 3.80992e-08)
(-10 2.02763e-05 2.65893e-08)
(-10 2.00377e-05 3.34492e-08)
(-10 1.98425e-05 4.03453e-08)
(-10 1.9706e-05 1.50532e-08)
(-10 1.96097e-05 4.69775e-08)
(-10 2.39176e-05 -8.79945e-07)
(-10 2.36595e-05 -9.05642e-07)
(-10 2.32322e-05 -3.93272e-07)
(-10 2.28264e-05 -1.52032e-07)
(-10 2.23925e-05 -4.03934e-07)
(-10 2.19117e-05 -8.18282e-08)
(-10 2.14525e-05 -5.42854e-08)
(-10 2.10205e-05 1.82553e-07)
(-10 2.06335e-05 1.49183e-08)
(-10 2.02809e-05 5.7355e-11)
(-10 1.99688e-05 5.72248e-08)
(-10 1.96967e-05 6.3827e-08)
(-10 1.94642e-05 5.1018e-08)
(-10 1.92806e-05 3.95259e-08)
(-10 1.91437e-05 5.91248e-08)
(-10 1.90603e-05 2.02682e-08)
(-10 2.31691e-05 -8.96241e-07)
(-10 2.28375e-05 -5.33309e-07)
(-10 2.25149e-05 -6.3834e-07)
(-10 2.20904e-05 -5.25928e-07)
(-10 2.16017e-05 -6.93069e-09)
(-10 2.11426e-05 -1.12739e-07)
(-10 2.06711e-05 -9.4137e-09)
(-10 2.02334e-05 -1.52834e-07)
(-10 1.98281e-05 5.05816e-08)
(-10 1.94792e-05 7.96711e-08)
(-10 1.91787e-05 2.56434e-08)
(-10 1.89209e-05 1.28603e-08)
(-10 1.87036e-05 2.06455e-08)
(-10 1.85306e-05 3.0638e-08)
(-10 1.84139e-05 1.08805e-08)
(-10 1.83271e-05 3.99622e-08)
(-10 2.22082e-05 -7.32759e-07)
(-10 2.18534e-05 -7.96764e-07)
(-10 2.14371e-05 -3.71002e-07)
(-10 2.10312e-05 -1.76221e-07)
(-10 2.06085e-05 -4.03988e-07)
(-10 2.01113e-05 -1.15913e-07)
(-10 1.96386e-05 -8.55997e-08)
(-10 1.91988e-05 1.32784e-07)
(-10 1.88215e-05 -1.26856e-08)
(-10 1.84886e-05 -2.55623e-08)
(-10 1.82076e-05 2.48969e-08)
(-10 1.79707e-05 2.96943e-08)
(-10 1.77782e-05 2.25111e-08)
(-10 1.76306e-05 1.8263e-08)
(-10 1.7519e-05 4.20488e-08)
(-10 1.74535e-05 1.00876e-08)
(-10 2.1039e-05 -6.40903e-07)
(-10 2.05899e-05 -3.52176e-07)
(-10 2.02453e-05 -5.17482e-07)
(-10 1.98118e-05 -4.66685e-07)
(-10 1.934e-05 -3.95472e-08)
(-10 1.88937e-05 -1.45127e-07)
(-10 1.84462e-05 -5.56897e-08)
(-10 1.80358e-05 -1.79584e-07)
(-10 1.76671e-05 1.59486e-09)
(-10 1.73624e-05 3.02039e-08)
(-10 1.71094e-05 -2.0737e-08)
(-10 1.69009e-05 -2.71706e-08)
(-10 1.67308e-05 -1.42912e-08)
(-10 1.65955e-05 4.76979e-09)
(-10 1.65071e-05 -4.79034e-09)
(-10 1.64372e-05 2.39821e-08)
(-10 1.97643e-05 -4.08467e-07)
(-10 1.93702e-05 -5.25468e-07)
(-10 1.88755e-05 -2.38998e-07)
(-10 1.84712e-05 -1.31624e-07)
(-10 1.80529e-05 -3.7903e-07)
(-10 1.75774e-05 -1.50525e-07)
(-10 1.71441e-05 -1.33764e-07)
(-10 1.67569e-05 6.15417e-08)
(-10 1.64321e-05 -6.00388e-08)
(-10 1.61515e-05 -7.0226e-08)
(-10 1.59186e-05 -2.46312e-08)
(-10 1.57319e-05 -1.29639e-08)
(-10 1.55798e-05 -9.30444e-09)
(-10 1.54642e-05 -2.45691e-09)
(-10 1.5372e-05 2.60129e-08)
(-10 1.53226e-05 3.09547e-09)
(-10 1.85029e-05 -2.97936e-07)
(-10 1.79841e-05 -1.40346e-07)
(-10 1.75946e-05 -3.5489e-07)
(-10 1.71258e-05 -3.93443e-07)
(-10 1.66349e-05 -7.5353e-08)
(-10 1.62292e-05 -1.80374e-07)
(-10 1.58301e-05 -1.03939e-07)
(-10 1.54797e-05 -2.04971e-07)
(-10 1.51572e-05 -4.52979e-08)
(-10 1.48926e-05 -1.74657e-08)
(-10 1.46762e-05 -5.10506e-08)
(-10 1.44998e-05 -4.82054e-08)
(-10 1.43531e-05 -2.48421e-08)
(-10 1.42312e-05 -1.05501e-10)
(-10 1.41518e-05 -2.61517e-09)
(-10 1.40888e-05 2.31109e-08)
(-10 1.71609e-05 -1.9195e-07)
(-10 1.67008e-05 -3.36731e-07)
(-10 1.61536e-05 -1.71901e-07)
(-10 1.57086e-05 -1.34964e-07)
(-10 1.5304e-05 -3.60513e-07)
(-10 1.48597e-05 -1.87818e-07)
(-10 1.44833e-05 -1.64427e-07)
(-10 1.41391e-05 7.01141e-09)
(-10 1.38467e-05 -7.99947e-08)
(-10 1.35811e-05 -8.07086e-08)
(-10 1.33611e-05 -2.99415e-08)
(-10 1.318e-05 -7.57552e-09)
(-10 1.30292e-05 4.93321e-09)
(-10 1.29094e-05 1.47681e-08)
(-10 1.28119e-05 3.88803e-08)
(-10 1.27649e-05 2.0783e-08)
(-10 1.56031e-05 -2.04412e-07)
(-10 1.51022e-05 -1.02105e-07)
(-10 1.47224e-05 -3.12289e-07)
(-10 1.4245e-05 -3.81021e-07)
(-10 1.37829e-05 -1.39145e-07)
(-10 1.34296e-05 -2.05032e-07)
(-10 1.30859e-05 -1.23949e-07)
(-10 1.2765e-05 -1.86471e-07)
(-10 1.24494e-05 -4.86989e-08)
(-10 1.21811e-05 -8.92601e-09)
(-10 1.19552e-05 -2.00043e-08)
(-10 1.17662e-05 -3.44653e-09)
(-10 1.16029e-05 2.08606e-08)
(-10 1.14651e-05 4.01149e-08)
(-10 1.13768e-05 3.38418e-08)
(-10 1.1311e-05 4.88746e-08)
(-10 1.38878e-05 -1.76069e-07)
(-10 1.34909e-05 -3.11622e-07)
(-10 1.29539e-05 -2.29576e-07)
(-10 1.25637e-05 -1.98276e-07)
(-10 1.22288e-05 -3.5317e-07)
(-10 1.18448e-05 -2.0001e-07)
(-10 1.15151e-05 -1.58145e-07)
(-10 1.1195e-05 -2.84138e-09)
(-10 1.09084e-05 -4.45303e-08)
(-10 1.06376e-05 -2.50099e-08)
(-10 1.04046e-05 3.09685e-08)
(-10 1.02058e-05 5.85245e-08)
(-10 1.00384e-05 7.05478e-08)
(-10 9.90733e-06 7.0995e-08)
(-10 9.80362e-06 7.97401e-08)
(-10 9.75926e-06 6.10655e-08)
(-10 1.1826e-05 -2.72163e-07)
(-10 1.13416e-05 -2.13237e-07)
(-10 1.10532e-05 -3.53051e-07)
(-10 1.06653e-05 -4.03464e-07)
(-10 1.02783e-05 -2.13663e-07)
(-10 1.00124e-05 -2.0327e-07)
(-10 9.72792e-06 -1.06777e-07)
(-10 9.44343e-06 -1.20176e-07)
(-10 9.15494e-06 -1.8901e-09)
(-10 8.90445e-06 5.12516e-08)
(-10 8.68985e-06 6.24511e-08)
(-10 8.50299e-06 8.52737e-08)
(-10 8.34293e-06 9.88403e-08)
(-10 8.21053e-06 1.01974e-07)
(-10 8.1337e-06 8.57349e-08)
(-10 8.0753e-06 8.53514e-08)
(-10 9.37023e-06 -3.16479e-07)
(-10 9.09058e-06 -3.79341e-07)
(-10 8.66981e-06 -3.43777e-07)
(-10 8.39347e-06 -2.90861e-07)
(-10 8.16493e-06 -3.25403e-07)
(-10 7.87995e-06 -1.93179e-07)
(-10 7.63196e-06 -1.26081e-07)
(-10 7.38457e-06 9.22955e-09)
(-10 7.17187e-06 2.1214e-08)
(-10 6.96755e-06 6.01422e-08)
(-10 6.78341e-06 1.12679e-07)
(-10 6.62723e-06 1.38169e-07)
(-10 6.49574e-06 1.39521e-07)
(-10 6.4026e-06 1.26622e-07)
(-10 6.32849e-06 1.17236e-07)
(-10 6.29163e-06 9.892e-08)
(-10 6.48174e-06 -4.2627e-07)
(-10 6.23434e-06 -3.7844e-07)
(-10 6.12967e-06 -3.92791e-07)
(-10 5.87486e-06 -4.0478e-07)
(-10 5.62193e-06 -2.5012e-07)
(-10 5.45584e-06 -1.89334e-07)
(-10 5.28779e-06 -8.05062e-08)
(-10 5.13143e-06 -4.77974e-08)
(-10 4.96628e-06 4.71847e-08)
(-10 4.83381e-06 1.03225e-07)
(-10 4.71524e-06 1.35684e-07)
(-10 4.61154e-06 1.54221e-07)
(-10 4.52448e-06 1.5599e-07)
(-10 4.45811e-06 1.43273e-07)
(-10 4.41937e-06 1.21456e-07)
(-10 4.37413e-06 1.09132e-07)
(-10 3.284e-06 -4.26171e-07)
(-10 3.28799e-06 -3.99662e-07)
(-10 3.13113e-06 -4.0143e-07)
(-10 3.01405e-06 -2.95314e-07)
(-10 2.95031e-06 -2.67002e-07)
(-10 2.84985e-06 -1.49683e-07)
(-10 2.76867e-06 -8.65585e-08)
(-10 2.69454e-06 1.6299e-08)
(-10 2.64535e-06 6.33085e-08)
(-10 2.58837e-06 1.08887e-07)
(-10 2.53741e-06 1.52005e-07)
(-10 2.48888e-06 1.70249e-07)
(-10 2.45916e-06 1.65429e-07)
(-10 2.4485e-06 1.46238e-07)
(-10 2.42415e-06 1.2859e-07)
(-10 2.40385e-06 1.11406e-07)
(-10 8.03829e-07 -4.4081e-07)
(-10 8.07207e-07 -4.03932e-07)
(-10 7.70841e-07 -3.40819e-07)
(-10 8.03361e-07 -3.1083e-07)
(-10 7.44295e-07 -2.18045e-07)
(-10 7.63413e-07 -1.45847e-07)
(-10 7.48091e-07 -6.18595e-08)
(-10 7.60652e-07 -7.30779e-10)
(-10 7.4745e-07 5.44879e-08)
(-10 7.43585e-07 1.13469e-07)
(-10 7.40332e-07 1.44706e-07)
(-10 7.32597e-07 1.62972e-07)
(-10 7.31865e-07 1.56877e-07)
(-10 7.2998e-07 1.41802e-07)
(-10 7.22063e-07 1.22101e-07)
(-10 7.0825e-07 1.0683e-07)
(-10 1.04002e-05 7.63133e-07)
(-10 1.10705e-05 4.15079e-07)
(-10 1.1511e-05 -1.52235e-07)
(-10 1.21067e-05 -2.45128e-07)
(-10 1.25649e-05 -2.38672e-07)
(-10 1.28574e-05 -3.98957e-07)
(-10 1.30706e-05 -3.66041e-07)
(-10 1.3221e-05 -3.12232e-07)
(-10 1.3331e-05 -2.16183e-07)
(-10 1.33786e-05 -1.07953e-07)
(-10 1.34198e-05 -1.67723e-07)
(-10 9.98088e-06 2.29079e-06)
(-10 1.04292e-05 2.38151e-06)
(-10 1.09902e-05 2.50869e-06)
(-10 1.16332e-05 1.95114e-06)
(-10 1.25072e-05 1.53309e-06)
(-10 1.3068e-05 1.18967e-06)
(-10 1.33804e-05 6.018e-07)
(-10 1.36255e-05 2.67838e-08)
(-10 1.39943e-05 -6.41927e-08)
(-10 1.42952e-05 -2.34487e-07)
(-10 1.44781e-05 -4.6423e-07)
(-10 1.46371e-05 -3.84003e-07)
(-10 1.4727e-05 -3.41795e-07)
(-10 1.47618e-05 -2.56285e-07)
(-10 1.47579e-05 -2.20474e-07)
(-10 1.47983e-05 -1.85688e-07)
(-10 1.48214e-05 -1.25422e-07)
(-10 1.26064e-05 2.4084e-06)
(-10 1.3293e-05 2.25716e-06)
(-10 1.40559e-05 1.98385e-06)
(-10 1.47446e-05 1.99229e-06)
(-10 1.52834e-05 1.53982e-06)
(-10 1.55744e-05 9.58404e-07)
(-10 1.57154e-05 6.48028e-07)
(-10 1.58833e-05 4.0975e-07)
(-10 1.60118e-05 -1.36273e-08)
(-10 1.61443e-05 -1.78123e-07)
(-10 1.62135e-05 -1.33736e-07)
(-10 1.62295e-05 -2.59999e-07)
(-10 1.62248e-05 -2.59182e-07)
(-10 1.61875e-05 -2.52366e-07)
(-10 1.61231e-05 -1.69904e-07)
(-10 1.60814e-05 -9.59851e-08)
(-10 1.60513e-05 -1.20035e-07)
(-10 1.41419e-05 1.66719e-06)
(-10 1.50194e-05 1.78109e-06)
(-10 1.58247e-05 1.86764e-06)
(-10 1.64845e-05 1.39957e-06)
(-10 1.70011e-05 1.21655e-06)
(-10 1.72538e-05 1.08239e-06)
(-10 1.74138e-05 6.57275e-07)
(-10 1.74957e-05 2.42466e-07)
(-10 1.75911e-05 2.03373e-07)
(-10 1.7603e-05 5.86974e-08)
(-10 1.75902e-05 -1.8402e-07)
(-10 1.75601e-05 -1.21268e-07)
(-10 1.74994e-05 -1.23575e-07)
(-10 1.74138e-05 -8.78041e-08)
(-10 1.7319e-05 -1.12257e-07)
(-10 1.72391e-05 -1.28316e-07)
(-10 1.71805e-05 -7.21721e-08)
(-10 1.52503e-05 1.86488e-06)
(-10 1.61997e-05 1.6181e-06)
(-10 1.71394e-05 1.25117e-06)
(-10 1.78395e-05 1.37687e-06)
(-10 1.83018e-05 1.08932e-06)
(-10 1.8597e-05 6.54434e-07)
(-10 1.87218e-05 5.35739e-07)
(-10 1.87857e-05 4.76612e-07)
(-10 1.87834e-05 1.37543e-07)
(-10 1.87768e-05 2.01355e-08)
(-10 1.87284e-05 1.08565e-07)
(-10 1.86459e-05 -3.63507e-08)
(-10 1.85473e-05 -6.20322e-08)
(-10 1.84345e-05 -9.86166e-08)
(-10 1.83177e-05 -5.44462e-08)
(-10 1.82211e-05 -1.4975e-08)
(-10 1.81475e-05 -5.8452e-08)
(-10 1.63343e-05 1.10376e-06)
(-10 1.74318e-05 1.04846e-06)
(-10 1.82504e-05 1.17264e-06)
(-10 1.89716e-05 7.34151e-07)
(-10 1.94477e-05 6.73002e-07)
(-10 1.96754e-05 7.18522e-07)
(-10 1.97855e-05 4.4435e-07)
(-10 1.98001e-05 1.57475e-07)
(-10 1.97864e-05 2.33917e-07)
(-10 1.97146e-05 1.59206e-07)
(-10 1.96207e-05 -6.12998e-08)
(-10 1.95113e-05 1.71843e-08)
(-10 1.93831e-05 8.84921e-09)
(-10 1.92462e-05 3.05303e-08)
(-10 1.91174e-05 -2.02949e-08)
(-10 1.90121e-05 -6.01756e-08)
(-10 1.89333e-05 -1.39463e-08)
(-10 1.74225e-05 1.16787e-06)
(-10 1.85673e-05 1.01361e-06)
(-10 1.95092e-05 5.50821e-07)
(-10 2.0111e-05 7.44011e-07)
(-10 2.04461e-05 5.47069e-07)
(-10 2.06257e-05 2.46994e-07)
(-10 2.06695e-05 2.78407e-07)
(-10 2.06478e-05 3.49637e-07)
(-10 2.05659e-05 9.45639e-08)
(-10 2.04663e-05 3.65137e-08)
(-10 2.03377e-05 1.71821e-07)
(-10 2.01885e-05 4.04623e-08)
(-10 2.00316e-05 1.99938e-08)
(-10 1.98733e-05 -2.27902e-08)
(-10 1.97284e-05 1.40878e-08)
(-10 1.96138e-05 4.48076e-08)
(-10 1.95301e-05 -6.72597e-09)
(-10 1.96357e-05 4.4209e-07)
(-10 2.02467e-05 7.3504e-07)
(-10 2.09853e-05 6.90424e-07)
(-10 2.12685e-05 1.38801e-07)
(-10 2.14095e-05 1.66358e-07)
(-10 2.14399e-05 3.51363e-07)
(-10 2.14053e-05 1.93478e-07)
(-10 2.13113e-05 3.79788e-09)
(-10 2.11888e-05 1.64363e-07)
(-10 2.10313e-05 1.49371e-07)
(-10 2.08561e-05 -4.17722e-08)
(-10 2.06736e-05 5.89141e-08)
(-10 2.04866e-05 5.94534e-08)
(-10 2.03053e-05 8.52329e-08)
(-10 2.01459e-05 3.11892e-08)
(-10 2.0024e-05 -1.34687e-08)
(-10 1.99371e-05 2.95296e-08)
(-9.99999 2.21289e-05 7.06809e-08)
(-10 2.21914e-05 -3.76133e-07)
(-10 2.22342e-05 5.26391e-08)
(-10 2.2196e-05 5.13753e-08)
(-10 2.21078e-05 -1.09835e-07)
(-10 2.1975e-05 4.81552e-08)
(-10 2.18094e-05 2.15876e-07)
(-10 2.16173e-05 3.06475e-08)
(-10 2.14073e-05 1.78268e-08)
(-10 2.1189e-05 1.87385e-07)
(-10 2.0969e-05 7.34708e-08)
(-10 2.07533e-05 6.21872e-08)
(-10 2.055e-05 2.15103e-08)
(-10 2.03755e-05 5.852e-08)
(-10 2.0243e-05 8.76593e-08)
(-10 2.01518e-05 3.3996e-08)
(-10 2.33621e-05 -1.02327e-06)
(-10 2.3158e-05 -4.89501e-07)
(-10 2.29748e-05 -6.36501e-07)
(-10 2.27848e-05 -3.5574e-07)
(-10 2.25804e-05 1.41905e-08)
(-10 2.23469e-05 -1.62488e-08)
(-10 2.20988e-05 -1.13789e-07)
(-10 2.18361e-05 1.08564e-07)
(-10 2.15764e-05 1.40845e-07)
(-10 2.13118e-05 -2.30299e-08)
(-10 2.10537e-05 9.00422e-08)
(-10 2.08101e-05 9.6122e-08)
(-10 2.05881e-05 1.24371e-07)
(-10 2.0401e-05 7.12152e-08)
(-10 2.02641e-05 2.57801e-08)
(-10 2.01702e-05 6.43676e-08)
(-9.99999 2.39569e-05 -1.5021e-06)
(-10 2.36687e-05 -1.44402e-06)
(-10 2.33861e-05 -6.82611e-07)
(-10 2.31001e-05 -4.41821e-07)
(-10 2.2787e-05 -4.21055e-07)
(-10 2.24765e-05 -1.39446e-07)
(-10 2.21507e-05 1.13852e-07)
(-10 2.18361e-05 -4.1459e-09)
(-10 2.15099e-05 1.7578e-08)
(-10 2.12041e-05 2.04657e-07)
(-10 2.09212e-05 1.05127e-07)
(-10 2.06581e-05 9.72191e-08)
(-10 2.04223e-05 5.67744e-08)
(-10 2.02298e-05 9.20207e-08)
(-10 2.00873e-05 1.18954e-07)
(-10 1.9992e-05 6.43884e-08)
(-10 2.41e-05 -2.19961e-06)
(-10 2.38067e-05 -1.34525e-06)
(-10 2.34615e-05 -1.25207e-06)
(-10 2.30875e-05 -7.81651e-07)
(-10 2.27235e-05 -2.68078e-07)
(-10 2.23244e-05 -1.82729e-07)
(-10 2.19364e-05 -1.95471e-07)
(-10 2.1544e-05 6.74347e-08)
(-10 2.11964e-05 1.34173e-07)
(-10 2.08626e-05 -5.4294e-09)
(-10 2.05518e-05 1.06505e-07)
(-10 2.02764e-05 1.11633e-07)
(-10 2.00379e-05 1.38532e-07)
(-10 1.98449e-05 8.90915e-08)
(-10 1.97084e-05 4.68928e-08)
(-10 1.96149e-05 7.98379e-08)
(-10 2.38923e-05 -2.14739e-06)
(-10 2.35645e-05 -2.0072e-06)
(-10 2.31704e-05 -1.12972e-06)
(-10 2.27639e-05 -7.56228e-07)
(-10 2.2304e-05 -6.28654e-07)
(-10 2.18663e-05 -2.76585e-07)
(-10 2.14187e-05 2.30038e-08)
(-10 2.10164e-05 -4.18853e-08)
(-10 2.06133e-05 -2.69495e-10)
(-10 2.02594e-05 1.84681e-07)
(-10 1.99533e-05 9.47848e-08)
(-10 1.96795e-05 8.3246e-08)
(-10 1.94482e-05 4.56588e-08)
(-10 1.92684e-05 8.3437e-08)
(-10 1.91384e-05 1.13798e-07)
(-10 1.90515e-05 6.34324e-08)
(-10 2.33531e-05 -2.24925e-06)
(-10 2.29736e-05 -1.49912e-06)
(-10 2.25427e-05 -1.39738e-06)
(-10 2.20601e-05 -9.41065e-07)
(-10 2.16016e-05 -4.22769e-07)
(-10 2.11e-05 -2.98554e-07)
(-10 2.06319e-05 -2.71536e-07)
(-10 2.01712e-05 -5.24318e-09)
(-10 1.97936e-05 7.45869e-08)
(-10 1.94472e-05 -4.82113e-08)
(-10 1.91383e-05 4.88425e-08)
(-10 1.88782e-05 5.01751e-08)
(-10 1.86679e-05 8.06742e-08)
(-10 1.8504e-05 4.81327e-08)
(-10 1.83925e-05 2.15752e-08)
(-10 1.83144e-05 5.53079e-08)
(-10 2.25274e-05 -1.73948e-06)
(-10 2.20798e-05 -1.72733e-06)
(-10 2.15882e-05 -1.04278e-06)
(-10 2.11053e-05 -7.75374e-07)
(-10 2.05678e-05 -6.83333e-07)
(-10 2.00708e-05 -3.69301e-07)
(-10 1.95808e-05 -8.70885e-08)
(-10 1.91654e-05 -1.29518e-07)
(-10 1.87603e-05 -8.73976e-08)
(-10 1.84267e-05 7.94691e-08)
(-10 1.81496e-05 -1.03102e-08)
(-10 1.79207e-05 -1.73371e-08)
(-10 1.77345e-05 -3.89088e-08)
(-10 1.75983e-05 1.63133e-08)
(-10 1.74994e-05 6.19849e-08)
(-10 1.74335e-05 2.69977e-08)
(-10 2.14443e-05 -1.53908e-06)
(-10 2.0929e-05 -1.00907e-06)
(-10 2.04103e-05 -1.10321e-06)
(-10 1.98675e-05 -8.3304e-07)
(-10 1.93712e-05 -4.57929e-07)
(-10 1.88504e-05 -3.83035e-07)
(-10 1.8386e-05 -3.67228e-07)
(-10 1.79467e-05 -1.2955e-07)
(-10 1.76079e-05 -5.25377e-08)
(-10 1.73066e-05 -1.68927e-07)
(-10 1.70475e-05 -8.61629e-08)
(-10 1.68475e-05 -7.50529e-08)
(-10 1.6691e-05 -2.2994e-08)
(-10 1.65696e-05 -2.45211e-08)
(-10 1.64871e-05 -2.54019e-08)
(-10 1.64285e-05 1.56437e-08)
(-10 2.0193e-05 -9.25376e-07)
(-10 1.9635e-05 -1.08803e-06)
(-10 1.90787e-05 -6.96683e-07)
(-10 1.85628e-05 -6.29533e-07)
(-10 1.80081e-05 -6.64666e-07)
(-10 1.75333e-05 -4.45911e-07)
(-10 1.70838e-05 -2.17998e-07)
(-10 1.67252e-05 -2.4898e-07)
(-10 1.63735e-05 -2.13094e-07)
(-10 1.60919e-05 -7.19078e-08)
(-10 1.58807e-05 -1.37099e-07)
(-10 1.57056e-05 -1.22596e-07)
(-10 1.55666e-05 -1.1046e-07)
(-10 1.54581e-05 -3.47798e-08)
(-10 1.53748e-05 2.48422e-08)
(-10 1.53215e-05 6.84884e-09)
(-10 1.87735e-05 -7.42462e-07)
(-10 1.822e-05 -4.79561e-07)
(-10 1.76785e-05 -7.47358e-07)
(-10 1.71216e-05 -6.96835e-07)
(-10 1.66581e-05 -4.80455e-07)
(-10 1.61826e-05 -4.65186e-07)
(-10 1.57917e-05 -4.56524e-07)
(-10 1.54116e-05 -2.50493e-07)
(-10 1.51323e-05 -1.72627e-07)
(-10 1.48795e-05 -2.58792e-07)
(-10 1.46696e-05 -1.65401e-07)
(-10 1.45066e-05 -1.23204e-07)
(-10 1.43709e-05 -4.84976e-08)
(-10 1.42527e-05 -2.75721e-08)
(-10 1.41678e-05 -1.61021e-08)
(-10 1.41109e-05 2.2929e-08)
(-10 1.72778e-05 -4.14579e-07)
(-10 1.67486e-05 -6.66044e-07)
(-10 1.62068e-05 -5.0668e-07)
(-10 1.57242e-05 -5.76499e-07)
(-10 1.52243e-05 -6.7849e-07)
(-10 1.48289e-05 -5.22663e-07)
(-10 1.44583e-05 -3.21854e-07)
(-10 1.41622e-05 -3.20381e-07)
(-10 1.38425e-05 -2.73538e-07)
(-10 1.35918e-05 -1.18145e-07)
(-10 1.33999e-05 -1.33102e-07)
(-10 1.3236e-05 -7.99573e-08)
(-10 1.30863e-05 -4.62192e-08)
(-10 1.29597e-05 2.45817e-08)
(-10 1.28574e-05 7.14388e-08)
(-10 1.27971e-05 5.55539e-08)
(-10 1.5623e-05 -4.82671e-07)
(-10 1.51336e-05 -3.50756e-07)
(-10 1.46503e-05 -6.67147e-07)
(-10 1.41658e-05 -7.13057e-07)
(-10 1.37921e-05 -5.7418e-07)
(-10 1.34144e-05 -5.37886e-07)
(-10 1.30937e-05 -4.95613e-07)
(-10 1.27527e-05 -2.9358e-07)
(-10 1.24937e-05 -1.78819e-07)
(-10 1.22507e-05 -1.91396e-07)
(-10 1.20314e-05 -6.56019e-08)
(-10 1.18488e-05 6.87845e-09)
(-10 1.16849e-05 8.33443e-08)
(-10 1.15353e-05 9.35843e-08)
(-10 1.14279e-05 8.75548e-08)
(-10 1.13614e-05 1.04216e-07)
(-10 1.38031e-05 -4.13937e-07)
(-10 1.3352e-05 -6.52886e-07)
(-10 1.2903e-05 -6.09642e-07)
(-10 1.25357e-05 -6.87569e-07)
(-10 1.21357e-05 -7.44615e-07)
(-10 1.1847e-05 -5.80445e-07)
(-10 1.15366e-05 -3.65855e-07)
(-10 1.12779e-05 -2.94795e-07)
(-10 1.09669e-05 -1.90279e-07)
(-10 1.07129e-05 -5.37037e-09)
(-10 1.05077e-05 5.32935e-08)
(-10 1.03167e-05 1.29965e-07)
(-10 1.01359e-05 1.56982e-07)
(-10 9.98465e-06 1.87743e-07)
(-10 9.86848e-06 1.93331e-07)
(-10 9.80486e-06 1.63773e-07)
(-10 1.16504e-05 -6.70324e-07)
(-10 1.1257e-05 -5.95181e-07)
(-10 1.09104e-05 -8.20327e-07)
(-10 1.05495e-05 -8.55897e-07)
(-10 1.0313e-05 -7.00624e-07)
(-10 1.00209e-05 -5.86956e-07)
(-10 9.768e-06 -4.665e-07)
(-10 9.45852e-06 -2.46407e-07)
(-10 9.23712e-06 -6.70259e-08)
(-10 9.01089e-06 1.37719e-08)
(-10 8.79199e-06 1.66963e-07)
(-10 8.60255e-06 2.47481e-07)
(-10 8.42915e-06 2.92546e-07)
(-10 8.28006e-06 2.68163e-07)
(-10 8.18057e-06 2.28875e-07)
(-10 8.12262e-06 2.12739e-07)
(-10 9.17759e-06 -7.99054e-07)
(-10 8.88408e-06 -8.90591e-07)
(-10 8.62014e-06 -8.68723e-07)
(-10 8.39182e-06 -8.56822e-07)
(-10 8.11936e-06 -7.99734e-07)
(-10 7.89737e-06 -6.01251e-07)
(-10 7.66479e-06 -3.6343e-07)
(-10 7.47504e-06 -1.99919e-07)
(-10 7.23321e-06 -3.76237e-08)
(-10 7.03252e-06 1.75552e-07)
(-10 6.87495e-06 2.86925e-07)
(-10 6.71342e-06 3.60527e-07)
(-10 6.56718e-06 3.61151e-07)
(-10 6.45423e-06 3.40005e-07)
(-10 6.37314e-06 3.01969e-07)
(-10 6.32135e-06 2.61005e-07)
(-10 6.34463e-06 -1.05342e-06)
(-10 6.20894e-06 -9.49502e-07)
(-10 6.05761e-06 -9.89856e-07)
(-10 5.86929e-06 -9.4013e-07)
(-10 5.69493e-06 -7.59465e-07)
(-10 5.51021e-06 -5.6734e-07)
(-10 5.3372e-06 -3.87017e-07)
(-10 5.14026e-06 -1.59796e-07)
(-10 5.01889e-06 5.65887e-08)
(-10 4.89474e-06 2.04313e-07)
(-10 4.7644e-06 3.49469e-07)
(-10 4.65164e-06 4.17949e-07)
(-10 4.55686e-06 4.24735e-07)
(-10 4.48263e-06 3.74716e-07)
(-10 4.43356e-06 3.1798e-07)
(-10 4.38973e-06 2.80096e-07)
(-10 3.26582e-06 -1.09376e-06)
(-10 3.25612e-06 -1.02857e-06)
(-10 3.19609e-06 -9.71863e-07)
(-10 3.13149e-06 -8.48142e-07)
(-10 2.99041e-06 -7.06209e-07)
(-10 2.90421e-06 -4.95436e-07)
(-10 2.79198e-06 -2.87866e-07)
(-10 2.75338e-06 -7.75793e-08)
(-10 2.65448e-06 8.6768e-08)
(-10 2.60117e-06 2.78742e-07)
(-10 2.54869e-06 3.88994e-07)
(-10 2.49982e-06 4.4761e-07)
(-10 2.46027e-06 4.28679e-07)
(-10 2.44666e-06 3.82708e-07)
(-10 2.42495e-06 3.30168e-07)
(-10 2.40098e-06 2.88614e-07)
(-10 7.85531e-07 -1.09654e-06)
(-10 8.01869e-07 -9.91922e-07)
(-10 8.46605e-07 -8.89724e-07)
(-10 7.83967e-07 -7.91704e-07)
(-10 8.05492e-07 -6.10441e-07)
(-10 7.68208e-07 -4.45212e-07)
(-10 7.78965e-07 -2.47269e-07)
(-10 7.39364e-07 -8.20322e-08)
(-10 7.36424e-07 1.16283e-07)
(-10 7.49312e-07 2.57565e-07)
(-10 7.31209e-07 3.73306e-07)
(-10 7.235e-07 4.13857e-07)
(-10 7.21176e-07 4.07301e-07)
(-10 7.24436e-07 3.60778e-07)
(-10 7.13951e-07 3.13159e-07)
(-10 7.0253e-07 2.75481e-07)
(-10 1.19299e-05 1.1034e-08)
(-10 1.22378e-05 -4.62054e-07)
(-10 1.26347e-05 -4.13454e-07)
(-10 1.2901e-05 -4.73652e-07)
(-10 1.31334e-05 -3.17685e-07)
(-10 1.32638e-05 -3.70521e-07)
(-10 1.33548e-05 -2.4364e-07)
(-10 1.33991e-05 -2.59839e-07)
(-10 9.90475e-06 2.61309e-06)
(-10 1.03765e-05 2.49632e-06)
(-10 1.09196e-05 2.41108e-06)
(-10 1.15108e-05 2.22222e-06)
(-10 1.20991e-05 2.071e-06)
(-10 1.26639e-05 1.44931e-06)
(-10 1.3245e-05 1.01621e-06)
(-10 1.36955e-05 5.05544e-07)
(-10 1.41148e-05 2.54591e-07)
(-10 1.43012e-05 -3.59341e-07)
(-10 1.45576e-05 -3.52373e-07)
(-10 1.47561e-05 -4.86011e-07)
(-10 1.48162e-05 -4.57403e-07)
(-10 1.48054e-05 -5.61746e-07)
(-10 1.48031e-05 -3.50645e-07)
(-10 1.4822e-05 -2.61326e-07)
(-10 1.48512e-05 -1.75954e-07)
(-10 1.21708e-05 2.273e-06)
(-10 1.28627e-05 2.23466e-06)
(-10 1.35997e-05 2.12192e-06)
(-10 1.42896e-05 1.9667e-06)
(-10 1.49009e-05 1.59705e-06)
(-10 1.53641e-05 1.39775e-06)
(-10 1.57355e-05 9.32723e-07)
(-10 1.60536e-05 5.95636e-07)
(-10 1.62282e-05 1.21192e-07)
(-10 1.63505e-05 6.48728e-08)
(-10 1.64189e-05 -2.61935e-07)
(-10 1.64543e-05 -3.35758e-07)
(-10 1.64166e-05 -4.17836e-07)
(-10 1.63369e-05 -2.39541e-07)
(-10 1.62155e-05 -2.71253e-07)
(-10 1.6136e-05 -1.75456e-07)
(-10 1.60925e-05 -1.79859e-07)
(-10 1.3658e-05 1.93609e-06)
(-10 1.4498e-05 1.87838e-06)
(-10 1.53122e-05 1.78185e-06)
(-10 1.60208e-05 1.59384e-06)
(-10 1.65935e-05 1.49623e-06)
(-10 1.70104e-05 1.04816e-06)
(-10 1.72991e-05 8.39439e-07)
(-10 1.75475e-05 5.15962e-07)
(-10 1.76605e-05 4.42078e-07)
(-10 1.77378e-05 -1.51861e-08)
(-10 1.77892e-05 -3.3958e-09)
(-10 1.77416e-05 -1.29904e-07)
(-10 1.76617e-05 -1.21554e-07)
(-10 1.75394e-05 -2.94504e-07)
(-10 1.7415e-05 -1.56873e-07)
(-10 1.73047e-05 -1.50332e-07)
(-10 1.72308e-05 -8.33079e-08)
(-10 1.48236e-05 1.5526e-06)
(-10 1.57793e-05 1.48863e-06)
(-10 1.66491e-05 1.39327e-06)
(-10 1.73713e-05 1.2969e-06)
(-10 1.79204e-05 9.99465e-07)
(-10 1.82998e-05 9.8093e-07)
(-10 1.8551e-05 6.80613e-07)
(-10 1.86992e-05 5.23594e-07)
(-10 1.88116e-05 1.64286e-07)
(-10 1.88445e-05 2.72956e-07)
(-10 1.88123e-05 -4.09531e-09)
(-10 1.87569e-05 -4.48758e-08)
(-10 1.86573e-05 -1.44416e-07)
(-10 1.85339e-05 1.61043e-08)
(-10 1.83918e-05 -9.41187e-08)
(-10 1.82761e-05 -5.61733e-08)
(-10 1.81925e-05 -9.15463e-08)
(-10 1.59983e-05 1.30191e-06)
(-10 1.69984e-05 1.23919e-06)
(-10 1.78509e-05 1.08473e-06)
(-10 1.85514e-05 9.28872e-07)
(-10 1.90584e-05 9.31164e-07)
(-10 1.93911e-05 5.98218e-07)
(-10 1.95868e-05 5.43023e-07)
(-10 1.97044e-05 3.55667e-07)
(-10 1.97319e-05 4.18722e-07)
(-10 1.97193e-05 4.45797e-08)
(-10 1.9672e-05 1.33626e-07)
(-10 1.95701e-05 4.70873e-08)
(-10 1.94474e-05 7.11223e-08)
(-10 1.93053e-05 -1.32232e-07)
(-10 1.9172e-05 -2.39598e-08)
(-10 1.9058e-05 -5.49804e-08)
(-10 1.89737e-05 -4.69913e-09)
(-10 1.73711e-05 1.06861e-06)
(-10 1.82812e-05 8.87784e-07)
(-10 1.91288e-05 8.11004e-07)
(-10 1.96983e-05 6.94918e-07)
(-10 2.00957e-05 4.44783e-07)
(-10 2.03445e-05 5.51003e-07)
(-10 2.04789e-05 3.68851e-07)
(-10 2.05195e-05 3.33413e-07)
(-10 2.05147e-05 6.2112e-08)
(-10 2.04538e-05 2.68191e-07)
(-10 2.03455e-05 4.56748e-08)
(-10 2.02196e-05 4.43237e-08)
(-10 2.0071e-05 -4.08696e-08)
(-10 1.9917e-05 1.28599e-07)
(-10 1.97679e-05 -9.94646e-10)
(-10 1.96497e-05 2.12471e-08)
(-10 1.95631e-05 -2.81549e-08)
(-10 1.89545e-05 1.09191e-06)
(-10 1.98552e-05 8.19021e-07)
(-10 2.03399e-05 5.00915e-07)
(-10 2.07628e-05 3.31087e-07)
(-10 2.1032e-05 4.16678e-07)
(-10 2.1177e-05 1.81864e-07)
(-10 2.1225e-05 2.42122e-07)
(-10 2.12069e-05 1.52303e-07)
(-10 2.11287e-05 3.09391e-07)
(-10 2.10094e-05 -4.93137e-09)
(-10 2.08651e-05 1.39756e-07)
(-10 2.06963e-05 9.0131e-08)
(-10 2.05179e-05 1.3802e-07)
(-10 2.03383e-05 -6.40611e-08)
(-10 2.01797e-05 4.28535e-08)
(-10 2.00559e-05 3.26239e-09)
(-10 1.99674e-05 4.74784e-08)
(-10 2.04295e-05 2.47172e-07)
(-10 2.09164e-05 1.51778e-07)
(-10 2.14132e-05 -3.75418e-08)
(-10 2.16868e-05 -2.98976e-09)
(-10 2.18192e-05 -9.8297e-08)
(-10 2.18514e-05 1.52553e-07)
(-10 2.18093e-05 8.3789e-08)
(-10 2.17088e-05 1.45062e-07)
(-10 2.15642e-05 -5.50841e-08)
(-10 2.13945e-05 2.15893e-07)
(-10 2.1199e-05 4.00849e-08)
(-10 2.09891e-05 6.91583e-08)
(-10 2.07783e-05 1.47057e-09)
(-10 2.05779e-05 1.81525e-07)
(-10 2.04043e-05 5.27038e-08)
(-10 2.02713e-05 7.21596e-08)
(-10 2.01776e-05 1.68772e-08)
(-10 2.17485e-05 -6.75321e-07)
(-9.99999 2.21184e-05 -4.91147e-07)
(-9.99999 2.23452e-05 -5.14738e-07)
(-10 2.24253e-05 -4.45016e-07)
(-10 2.24141e-05 -1.44305e-07)
(-10 2.23334e-05 -2.13986e-07)
(-10 2.21945e-05 -2.91285e-08)
(-10 2.20092e-05 -2.58865e-08)
(-10 2.18052e-05 2.04101e-07)
(-10 2.15653e-05 -5.35e-08)
(-10 2.13145e-05 1.28354e-07)
(-10 2.10733e-05 1.08336e-07)
(-10 2.08345e-05 1.72326e-07)
(-10 2.06128e-05 -2.07471e-08)
(-10 2.0424e-05 8.55397e-08)
(-10 2.02858e-05 4.44969e-08)
(-10 2.01905e-05 8.26026e-08)
(-9.99999 2.29355e-05 -1.60033e-06)
(-9.99999 2.29832e-05 -1.22992e-06)
(-10 2.29047e-05 -8.42453e-07)
(-10 2.27665e-05 -6.74145e-07)
(-10 2.25741e-05 -2.39129e-07)
(-10 2.23375e-05 -1.73842e-07)
(-10 2.2078e-05 -1.92689e-08)
(-10 2.178e-05 -1.48786e-07)
(-10 2.14955e-05 1.64362e-07)
(-10 2.12151e-05 3.16862e-08)
(-10 2.09262e-05 7.93136e-08)
(-10 2.06619e-05 2.34639e-08)
(-10 2.04263e-05 2.0378e-07)
(-10 2.02386e-05 8.17608e-08)
(-10 2.00988e-05 1.00768e-07)
(-10 2.00014e-05 4.20063e-08)
(-9.99999 2.35561e-05 -2.213e-06)
(-9.99999 2.33282e-05 -1.76316e-06)
(-10 2.31146e-05 -1.26442e-06)
(-10 2.28479e-05 -6.86256e-07)
(-10 2.25414e-05 -5.68149e-07)
(-10 2.22084e-05 -2.69088e-07)
(-10 2.18494e-05 -1.81765e-07)
(-10 2.15195e-05 9.91761e-08)
(-10 2.11703e-05 -1.0329e-07)
(-10 2.08291e-05 9.45911e-08)
(-10 2.05362e-05 9.28226e-08)
(-10 2.02589e-05 1.59399e-07)
(-10 2.00238e-05 -2.01751e-08)
(-10 1.98317e-05 8.57735e-08)
(-10 1.96996e-05 5.05566e-08)
(-10 1.96085e-05 8.40236e-08)
(-9.99999 2.38556e-05 -2.73913e-06)
(-10 2.34671e-05 -2.01143e-06)
(-10 2.30505e-05 -1.39123e-06)
(-10 2.26271e-05 -1.05999e-06)
(-10 2.21991e-05 -5.30508e-07)
(-10 2.17669e-05 -3.79641e-07)
(-10 2.13574e-05 -1.69143e-07)
(-10 2.09296e-05 -2.44537e-07)
(-10 2.0559e-05 7.78737e-08)
(-10 2.02274e-05 -2.48134e-08)
(-10 1.98967e-05 2.11589e-08)
(-10 1.96198e-05 -3.01311e-08)
(-10 1.93918e-05 1.45761e-07)
(-10 1.92294e-05 4.53859e-08)
(-10 1.9112e-05 7.45375e-08)
(-10 1.90296e-05 2.20111e-08)
(-10 2.3679e-05 -2.37834e-06)
(-10 2.31874e-05 -1.92559e-06)
(-10 2.26235e-05 -1.44121e-06)
(-10 2.20664e-05 -8.86628e-07)
(-10 2.15333e-05 -7.45971e-07)
(-10 2.10267e-05 -4.36843e-07)
(-10 2.05335e-05 -3.21935e-07)
(-10 2.01239e-05 -3.58526e-08)
(-10 1.97192e-05 -2.03893e-07)
(-10 1.93477e-05 -1.98523e-08)
(-10 1.90473e-05 -2.72947e-08)
(-10 1.87952e-05 3.9235e-08)
(-10 1.85979e-05 -1.10235e-07)
(-10 1.84467e-05 9.03219e-09)
(-10 1.83491e-05 -3.37465e-09)
(-10 1.82816e-05 3.63567e-08)
(-10 2.30959e-05 -2.09116e-06)
(-10 2.24659e-05 -1.64217e-06)
(-10 2.18048e-05 -1.24673e-06)
(-10 2.11662e-05 -1.0528e-06)
(-10 2.05646e-05 -6.27533e-07)
(-10 2.00057e-05 -5.03298e-07)
(-10 1.9519e-05 -3.078e-07)
(-10 1.90434e-05 -3.68043e-07)
(-10 1.86626e-05 -7.6016e-08)
(-10 1.83377e-05 -1.80665e-07)
(-10 1.80388e-05 -1.44833e-07)
(-10 1.78142e-05 -1.80993e-07)
(-10 1.76486e-05 7.10637e-09)
(-10 1.75398e-05 -5.05497e-08)
(-10 1.74602e-05 2.32768e-09)
(-10 1.74039e-05 -3.10895e-08)
(-10 2.20566e-05 -1.44398e-06)
(-10 2.1389e-05 -1.29388e-06)
(-10 2.0678e-05 -1.09449e-06)
(-10 1.99941e-05 -7.7467e-07)
(-10 1.93634e-05 -7.52495e-07)
(-10 1.87979e-05 -5.30092e-07)
(-10 1.82826e-05 -4.46638e-07)
(-10 1.78864e-05 -2.00221e-07)
(-10 1.751e-05 -3.59408e-07)
(-10 1.71732e-05 -2.16309e-07)
(-10 1.69509e-05 -2.13323e-07)
(-10 1.67693e-05 -1.29375e-07)
(-10 1.66413e-05 -2.22223e-07)
(-10 1.65316e-05 -8.08347e-08)
(-10 1.64607e-05 -6.46266e-08)
(-10 1.64121e-05 -1.45667e-08)
(-10 2.07601e-05 -1.12126e-06)
(-10 2.00321e-05 -9.52711e-07)
(-10 1.93203e-05 -8.40702e-07)
(-10 1.86415e-05 -8.61735e-07)
(-10 1.80247e-05 -6.17273e-07)
(-10 1.74747e-05 -5.74093e-07)
(-10 1.70325e-05 -4.31905e-07)
(-10 1.66057e-05 -4.97529e-07)
(-10 1.6282e-05 -2.63494e-07)
(-10 1.60392e-05 -3.4782e-07)
(-10 1.58195e-05 -2.98257e-07)
(-10 1.56717e-05 -2.87251e-07)
(-10 1.55479e-05 -8.22464e-08)
(-10 1.54604e-05 -9.71772e-08)
(-10 1.53837e-05 -3.02137e-08)
(-10 1.53317e-05 -4.80762e-08)
(-10 1.91414e-05 -6.40962e-07)
(-10 1.85116e-05 -6.89166e-07)
(-10 1.78321e-05 -7.25399e-07)
(-10 1.71921e-05 -6.28362e-07)
(-10 1.66176e-05 -7.23563e-07)
(-10 1.61333e-05 -5.98178e-07)
(-10 1.57002e-05 -5.51569e-07)
(-10 1.53905e-05 -3.50675e-07)
(-10 1.50817e-05 -4.85393e-07)
(-10 1.48348e-05 -3.33008e-07)
(-10 1.46812e-05 -2.88404e-07)
(-10 1.45531e-05 -1.60698e-07)
(-10 1.44334e-05 -2.00771e-07)
(-10 1.43054e-05 -6.1165e-08)
(-10 1.421e-05 -3.94312e-08)
(-10 1.41497e-05 4.82379e-09)
(-10 1.74857e-05 -5.23352e-07)
(-10 1.68618e-05 -5.31067e-07)
(-10 1.62538e-05 -6.0148e-07)
(-10 1.56883e-05 -7.57199e-07)
(-10 1.51868e-05 -6.48666e-07)
(-10 1.47688e-05 -6.47775e-07)
(-10 1.44345e-05 -5.36992e-07)
(-10 1.40852e-05 -5.84865e-07)
(-10 1.3839e-05 -3.49897e-07)
(-10 1.36654e-05 -3.62639e-07)
(-10 1.34859e-05 -2.49511e-07)
(-10 1.33426e-05 -1.8616e-07)
(-10 1.3194e-05 1.42258e-08)
(-10 1.30608e-05 7.82342e-09)
(-10 1.29414e-05 5.34966e-08)
(-10 1.28665e-05 2.9452e-08)
(-10 1.56039e-05 -3.63334e-07)
(-10 1.51186e-05 -4.95988e-07)
(-10 1.45937e-05 -6.42754e-07)
(-10 1.41061e-05 -6.6131e-07)
(-10 1.37003e-05 -7.84283e-07)
(-10 1.33574e-05 -6.95574e-07)
(-10 1.30309e-05 -6.40966e-07)
(-10 1.2797e-05 -4.37379e-07)
(-10 1.25535e-05 -4.61512e-07)
(-10 1.23221e-05 -2.56646e-07)
(-10 1.21882e-05 -1.21638e-07)
(-10 1.20286e-05 3.6732e-08)
(-10 1.18569e-05 2.36927e-08)
(-10 1.1669e-05 1.1628e-07)
(-10 1.15292e-05 1.05871e-07)
(-10 1.14463e-05 1.17719e-07)
(-10 1.36532e-05 -5.19799e-07)
(-10 1.31854e-05 -5.78676e-07)
(-10 1.27625e-05 -6.96068e-07)
(-10 1.23852e-05 -8.6146e-07)
(-10 1.20707e-05 -7.91093e-07)
(-10 1.17835e-05 -7.62405e-07)
(-10 1.15515e-05 -6.27709e-07)
(-10 1.1254e-05 -5.76316e-07)
(-10 1.10482e-05 -2.97661e-07)
(-10 1.08941e-05 -1.65678e-07)
(-10 1.06953e-05 1.64194e-08)
(-10 1.05066e-05 1.18703e-07)
(-10 1.02999e-05 2.68327e-07)
(-10 1.01256e-05 2.33e-07)
(-10 9.98027e-06 2.25904e-07)
(-10 9.89492e-06 1.77151e-07)
(-10 1.13446e-05 -6.50351e-07)
(-10 1.10445e-05 -7.37162e-07)
(-10 1.07293e-05 -8.59594e-07)
(-10 1.04537e-05 -8.80059e-07)
(-10 1.02094e-05 -9.30777e-07)
(-10 9.98635e-06 -8.20996e-07)
(-10 9.73095e-06 -7.00957e-07)
(-10 9.56202e-06 -4.41551e-07)
(-10 9.34576e-06 -3.08829e-07)
(-10 9.1306e-06 -2.04835e-08)
(-10 8.98189e-06 1.85747e-07)
(-10 8.79119e-06 3.44085e-07)
(-10 8.59814e-06 3.25562e-07)
(-10 8.40085e-06 3.41282e-07)
(-10 8.2695e-06 2.866e-07)
(-10 8.19684e-06 2.56205e-07)
(-10 8.89136e-06 -9.44177e-07)
(-10 8.64768e-06 -9.31813e-07)
(-10 8.4579e-06 -9.80437e-07)
(-10 8.28818e-06 -1.051e-06)
(-10 8.09138e-06 -9.6066e-07)
(-10 7.90447e-06 -8.57854e-07)
(-10 7.73131e-06 -6.6005e-07)
(-10 7.49283e-06 -4.89859e-07)
(-10 7.32639e-06 -1.50683e-07)
(-10 7.20573e-06 9.32242e-08)
(-10 7.01154e-06 3.11712e-07)
(-10 6.84032e-06 4.14265e-07)
(-10 6.66098e-06 4.85624e-07)
(-10 6.5358e-06 4.22098e-07)
(-10 6.43987e-06 3.69899e-07)
(-10 6.37582e-06 3.02979e-07)
(-10 6.11336e-06 -1.13566e-06)
(-10 6.06187e-06 -1.08179e-06)
(-10 6.00075e-06 -1.10806e-06)
(-10 5.88571e-06 -1.04835e-06)
(-10 5.73884e-06 -1.00841e-06)
(-10 5.58811e-06 -8.34313e-07)
(-10 5.38225e-06 -6.61131e-07)
(-10 5.28435e-06 -3.52479e-07)
(-10 5.12177e-06 -1.15398e-07)
(-10 4.9628e-06 1.88094e-07)
(-10 4.84283e-06 3.92415e-07)
(-10 4.72039e-06 5.17029e-07)
(-10 4.60889e-06 4.90959e-07)
(-10 4.51149e-06 4.54548e-07)
(-10 4.45462e-06 3.84917e-07)
(-10 4.40864e-06 3.29168e-07)
(-10 3.23009e-06 -1.2634e-06)
(-10 3.23496e-06 -1.17928e-06)
(-10 3.25629e-06 -1.09577e-06)
(-10 3.19958e-06 -1.07319e-06)
(-10 3.13659e-06 -9.0146e-07)
(-10 3.00251e-06 -7.68584e-07)
(-10 2.94335e-06 -5.10609e-07)
(-10 2.79175e-06 -3.02313e-07)
(-10 2.71997e-06 1.99449e-08)
(-10 2.65493e-06 2.48005e-07)
(-10 2.5672e-06 4.43497e-07)
(-10 2.48377e-06 5.0252e-07)
(-10 2.43737e-06 5.21067e-07)
(-10 2.43107e-06 4.54041e-07)
(-10 2.41812e-06 3.93276e-07)
(-10 2.39809e-06 3.29912e-07)
(-10 8.00358e-07 -1.26693e-06)
(-10 8.53013e-07 -1.14369e-06)
(-10 8.73515e-07 -1.08528e-06)
(-10 8.73908e-07 -9.62601e-07)
(-10 8.64005e-07 -8.47418e-07)
(-10 8.26193e-07 -6.61913e-07)
(-10 7.98838e-07 -4.75238e-07)
(-10 7.55086e-07 -2.16345e-07)
(-10 7.84344e-07 2.04993e-08)
(-10 7.17114e-07 2.43938e-07)
(-10 7.20723e-07 3.91597e-07)
(-10 6.90407e-07 4.66116e-07)
(-10 7.05143e-07 4.51798e-07)
(-10 7.02567e-07 4.05912e-07)
(-10 7.00802e-07 3.55097e-07)
(-10 6.91834e-07 2.92079e-07)
(-10 1.23985e-05 -2.38629e-07)
(-10 1.26941e-05 -2.58099e-07)
(-10 1.28138e-05 -5.63517e-07)
(-10 1.31298e-05 -2.83653e-07)
(-10 1.32834e-05 -2.95976e-07)
(-10 1.33454e-05 -1.56296e-07)
(-10 9.94073e-06 1.80069e-06)
(-10 1.0368e-05 1.76096e-06)
(-10 1.08728e-05 1.70035e-06)
(-10 1.14142e-05 1.60909e-06)
(-10 1.19515e-05 1.48732e-06)
(-10 1.2469e-05 1.30188e-06)
(-10 1.29733e-05 1.04553e-06)
(-10 1.34107e-05 9.45762e-07)
(-10 1.38657e-05 4.01269e-07)
(-10 1.43625e-05 1.26555e-07)
(-10 1.47282e-05 -5.73805e-08)
(-10 1.47342e-05 -3.30016e-07)
(-10 1.47968e-05 -6.87302e-07)
(-10 1.48595e-05 -3.77182e-07)
(-10 1.4882e-05 -3.11934e-07)
(-10 1.48835e-05 -1.68238e-07)
(-10 1.49213e-05 -1.17006e-07)
(-10 1.17601e-05 1.58135e-06)
(-10 1.25206e-05 1.58727e-06)
(-10 1.32693e-05 1.52901e-06)
(-10 1.39592e-05 1.43236e-06)
(-10 1.4565e-05 1.28478e-06)
(-10 1.5073e-05 1.10162e-06)
(-10 1.54944e-05 9.06281e-07)
(-10 1.58964e-05 5.93184e-07)
(-10 1.62462e-05 5.33699e-07)
(-10 1.65745e-05 2.44048e-07)
(-10 1.66497e-05 -1.07632e-07)
(-10 1.66747e-05 -1.90504e-07)
(-10 1.66446e-05 -1.50351e-07)
(-10 1.65216e-05 -3.03957e-07)
(-10 1.63653e-05 -1.6735e-07)
(-10 1.62201e-05 -1.7113e-07)
(-10 1.61671e-05 -9.4711e-08)
(-10 1.32414e-05 1.39523e-06)
(-10 1.40869e-05 1.37049e-06)
(-10 1.49139e-05 1.30439e-06)
(-10 1.56472e-05 1.19797e-06)
(-10 1.62541e-05 1.0717e-06)
(-10 1.67328e-05 9.15823e-07)
(-10 1.70987e-05 7.2362e-07)
(-10 1.74056e-05 6.7276e-07)
(-10 1.7645e-05 3.0309e-07)
(-10 1.78631e-05 1.81209e-07)
(-10 1.79125e-05 1.69927e-07)
(-10 1.79237e-05 -3.34317e-08)
(-10 1.78411e-05 -2.76446e-07)
(-10 1.77333e-05 -9.92418e-08)
(-10 1.75404e-05 -1.4623e-07)
(-10 1.73882e-05 -4.72435e-08)
(-10 1.72909e-05 -3.62529e-08)
(-10 1.44576e-05 1.10681e-06)
(-10 1.54008e-05 1.09855e-06)
(-10 1.6268e-05 1.03844e-06)
(-10 1.70082e-05 9.55681e-07)
(-10 1.75954e-05 8.41919e-07)
(-10 1.80346e-05 7.18972e-07)
(-10 1.83513e-05 6.11571e-07)
(-10 1.85854e-05 3.58914e-07)
(-10 1.87542e-05 4.35899e-07)
(-10 1.88515e-05 2.62258e-07)
(-10 1.88996e-05 2.0564e-09)
(-10 1.88671e-05 -1.62856e-11)
(-10 1.87881e-05 1.16351e-07)
(-10 1.86373e-05 -9.8012e-08)
(-10 1.84839e-05 -2.4593e-08)
(-10 1.83403e-05 -7.82199e-08)
(-10 1.82458e-05 -2.98689e-08)
(-10 1.57293e-05 9.98142e-07)
(-10 1.66808e-05 9.27361e-07)
(-10 1.75226e-05 8.42591e-07)
(-10 1.82192e-05 7.43316e-07)
(-10 1.87543e-05 6.54116e-07)
(-10 1.9138e-05 5.60924e-07)
(-10 1.93958e-05 4.43848e-07)
(-10 1.95624e-05 4.81601e-07)
(-10 1.96587e-05 1.81004e-07)
(-10 1.97086e-05 1.45059e-07)
(-10 1.9683e-05 2.23935e-07)
(-10 1.96228e-05 7.60972e-08)
(-10 1.95125e-05 -1.45487e-07)
(-10 1.93868e-05 2.95144e-08)
(-10 1.92339e-05 -5.09898e-08)
(-10 1.91089e-05 2.31222e-08)
(-10 1.90126e-05 1.26478e-08)
(-10 1.716e-05 7.9326e-07)
(-10 1.8042e-05 7.26651e-07)
(-10 1.87794e-05 6.40183e-07)
(-10 1.93637e-05 5.44033e-07)
(-10 1.9803e-05 4.56285e-07)
(-10 2.01052e-05 3.87917e-07)
(-10 2.02934e-05 3.50406e-07)
(-10 2.03936e-05 1.57121e-07)
(-10 2.04292e-05 3.11005e-07)
(-10 2.04045e-05 2.01005e-07)
(-10 2.03454e-05 -8.23567e-09)
(-10 2.02423e-05 4.00051e-08)
(-10 2.01152e-05 1.94415e-07)
(-10 1.99585e-05 -2.18254e-08)
(-10 1.98119e-05 4.02576e-08)
(-10 1.96866e-05 -3.16527e-08)
(-10 1.95953e-05 1.47838e-09)
(-10 1.86089e-05 7.14904e-07)
(-10 1.93267e-05 6.09119e-07)
(-10 1.99246e-05 4.20097e-07)
(-10 2.03961e-05 3.30247e-07)
(-10 2.07307e-05 2.82611e-07)
(-10 2.09419e-05 2.48533e-07)
(-10 2.1049e-05 1.93065e-07)
(-10 2.10759e-05 2.96425e-07)
(-10 2.10423e-05 4.40792e-08)
(-10 2.09659e-05 5.92391e-08)
(-10 2.08491e-05 1.91719e-07)
(-10 2.07046e-05 8.2793e-08)
(-10 2.05396e-05 -1.17103e-07)
(-10 2.03714e-05 6.97488e-08)
(-10 2.0213e-05 -1.15617e-08)
(-10 2.00877e-05 5.56252e-08)
(-10 1.99934e-05 3.37508e-08)
(-10 1.98726e-05 3.90826e-07)
(-10 2.04912e-05 1.87635e-07)
(-10 2.09218e-05 1.52939e-07)
(-10 2.12641e-05 8.68397e-08)
(-10 2.14948e-05 6.75835e-08)
(-10 2.1613e-05 7.47962e-08)
(-10 2.16359e-05 1.06474e-07)
(-10 2.15866e-05 -3.23753e-08)
(-10 2.14857e-05 1.73333e-07)
(-10 2.13466e-05 1.10243e-07)
(-10 2.11748e-05 -5.96684e-08)
(-10 2.09918e-05 2.33746e-08)
(-10 2.07962e-05 2.04193e-07)
(-10 2.06042e-05 2.99153e-09)
(-10 2.04289e-05 6.62255e-08)
(-10 2.02945e-05 -9.59275e-09)
(-10 2.01957e-05 1.22836e-08)
(-10 2.08301e-05 2.69227e-08)
(-9.99999 2.1172e-05 -1.02486e-07)
(-9.99999 2.16675e-05 -2.26724e-07)
(-10 2.19255e-05 -2.22598e-07)
(-10 2.2065e-05 -1.48551e-07)
(-10 2.20908e-05 -7.67998e-08)
(-10 2.20249e-05 -5.26529e-08)
(-10 2.18934e-05 1.11311e-07)
(-10 2.17189e-05 -9.16797e-08)
(-10 2.1512e-05 -3.81008e-08)
(-10 2.13013e-05 1.31159e-07)
(-10 2.10664e-05 5.52992e-08)
(-10 2.08376e-05 -1.20585e-07)
(-10 2.06159e-05 7.30519e-08)
(-10 2.04373e-05 4.63274e-10)
(-10 2.02999e-05 6.44562e-08)
(-10 2.02017e-05 3.4212e-08)
(-10 2.15879e-05 -8.79152e-07)
(-9.99999 2.18046e-05 -9.04799e-07)
(-9.99999 2.21082e-05 -8.23751e-07)
(-9.99999 2.23618e-05 -6.07605e-07)
(-10 2.24226e-05 -4.11272e-07)
(-10 2.23443e-05 -2.6391e-07)
(-10 2.21766e-05 -1.41508e-07)
(-10 2.19558e-05 -2.16854e-07)
(-10 2.1705e-05 2.69933e-08)
(-10 2.14477e-05 5.88048e-09)
(-10 2.11619e-05 -1.27124e-07)
(-10 2.09018e-05 -2.21247e-08)
(-10 2.0642e-05 1.7107e-07)
(-10 2.04231e-05 -8.67064e-09)
(-10 2.02301e-05 5.78409e-08)
(-10 2.00949e-05 -1.43848e-08)
(-10 1.99938e-05 -1.90667e-09)
(-9.99999 2.26765e-05 -1.53096e-06)
(-9.99999 2.28298e-05 -1.21305e-06)
(-9.99999 2.27756e-05 -8.75524e-07)
(-10 2.26052e-05 -5.92803e-07)
(-10 2.23593e-05 -3.94062e-07)
(-10 2.20672e-05 -2.90082e-07)
(-10 2.17491e-05 -7.87716e-08)
(-10 2.14243e-05 -2.31887e-07)
(-10 2.10883e-05 -1.52588e-07)
(-10 2.07919e-05 3.4916e-08)
(-10 2.04792e-05 -1.79959e-08)
(-10 2.02094e-05 -1.71985e-07)
(-10 1.99653e-05 2.16988e-08)
(-10 1.97994e-05 -3.34369e-08)
(-10 1.96757e-05 3.26621e-08)
(-10 1.959e-05 4.82288e-10)
(-9.99999 2.36857e-05 -2.07192e-06)
(-9.99999 2.33614e-05 -1.46493e-06)
(-10 2.29494e-05 -1.03861e-06)
(-10 2.25135e-05 -7.35284e-07)
(-10 2.20817e-05 -5.22615e-07)
(-10 2.16566e-05 -3.55582e-07)
(-10 2.12435e-05 -3.88196e-07)
(-10 2.08476e-05 -1.33802e-07)
(-10 2.04876e-05 -1.29293e-07)
(-10 2.01164e-05 -2.37729e-07)
(-10 1.98031e-05 -1.34153e-07)
(-10 1.95293e-05 6.10254e-08)
(-10 1.93356e-05 -8.67662e-08)
(-10 1.91725e-05 -8.42346e-09)
(-10 1.9071e-05 -6.40062e-08)
(-10 1.89919e-05 -5.24981e-08)
(-9.99999 2.41631e-05 -1.78656e-06)
(-10 2.34352e-05 -1.37271e-06)
(-10 2.27233e-05 -1.03064e-06)
(-10 2.20691e-05 -7.63941e-07)
(-10 2.14803e-05 -5.72123e-07)
(-10 2.09454e-05 -4.62191e-07)
(-10 2.04586e-05 -2.51272e-07)
(-10 2.00168e-05 -3.77151e-07)
(-10 1.96012e-05 -2.97629e-07)
(-10 1.92524e-05 -1.28217e-07)
(-10 1.89308e-05 -1.67229e-07)
(-10 1.86896e-05 -2.92022e-07)
(-10 1.84946e-05 -9.0721e-08)
(-10 1.83841e-05 -1.14561e-07)
(-10 1.83022e-05 -3.81452e-08)
(-10 1.8248e-05 -6.23367e-08)
(-10 2.36953e-05 -1.48408e-06)
(-10 2.28694e-05 -1.2049e-06)
(-10 2.20216e-05 -9.58976e-07)
(-10 2.12452e-05 -7.67468e-07)
(-10 2.05596e-05 -6.19275e-07)
(-10 1.99542e-05 -4.84572e-07)
(-10 1.94249e-05 -5.18244e-07)
(-10 1.89599e-05 -2.93447e-07)
(-10 1.85659e-05 -2.95583e-07)
(-10 1.81812e-05 -4.03112e-07)
(-10 1.79171e-05 -2.96597e-07)
(-10 1.77099e-05 -9.58076e-08)
(-10 1.75945e-05 -1.92043e-07)
(-10 1.74859e-05 -9.54559e-08)
(-10 1.74228e-05 -1.28117e-07)
(-10 1.73699e-05 -1.12102e-07)
(-10 2.26567e-05 -1.07113e-06)
(-10 2.17908e-05 -9.48372e-07)
(-10 2.09179e-05 -8.17305e-07)
(-10 2.01063e-05 -6.99633e-07)
(-10 1.93841e-05 -6.01043e-07)
(-10 1.87619e-05 -5.42853e-07)
(-10 1.82309e-05 -3.77035e-07)
(-10 1.77849e-05 -5.02029e-07)
(-10 1.73736e-05 -4.59591e-07)
(-10 1.70976e-05 -3.03338e-07)
(-10 1.68557e-05 -3.19493e-07)
(-10 1.67147e-05 -3.89839e-07)
(-10 1.65793e-05 -1.81395e-07)
(-10 1.65113e-05 -1.7381e-07)
(-10 1.64464e-05 -9.23299e-08)
(-10 1.64073e-05 -1.07674e-07)
(-10 2.11968e-05 -8.29223e-07)
(-10 2.03909e-05 -7.59761e-07)
(-10 1.95401e-05 -7.01798e-07)
(-10 1.87457e-05 -6.53543e-07)
(-10 1.80443e-05 -6.03987e-07)
(-10 1.74482e-05 -5.34255e-07)
(-10 1.69526e-05 -5.92105e-07)
(-10 1.65371e-05 -4.27744e-07)
(-10 1.6216e-05 -4.38839e-07)
(-10 1.59461e-05 -5.14744e-07)
(-10 1.57868e-05 -3.90692e-07)
(-10 1.56664e-05 -1.70025e-07)
(-10 1.55934e-05 -2.19158e-07)
(-10 1.54827e-05 -1.18581e-07)
(-10 1.54063e-05 -1.38703e-07)
(-10 1.53457e-05 -1.25934e-07)
(-10 1.95209e-05 -5.5593e-07)
(-10 1.87471e-05 -5.73382e-07)
(-10 1.79775e-05 -5.84233e-07)
(-10 1.72523e-05 -5.85629e-07)
(-10 1.66188e-05 -5.7615e-07)
(-10 1.60905e-05 -5.70592e-07)
(-10 1.56604e-05 -4.61092e-07)
(-10 1.53024e-05 -5.88528e-07)
(-10 1.50243e-05 -5.3932e-07)
(-10 1.4861e-05 -3.78873e-07)
(-10 1.47305e-05 -3.31249e-07)
(-10 1.46329e-05 -3.49921e-07)
(-10 1.44915e-05 -1.49153e-07)
(-10 1.4384e-05 -1.30555e-07)
(-10 1.42725e-05 -6.57243e-08)
(-10 1.42078e-05 -8.55087e-08)
(-10 1.76249e-05 -4.6804e-07)
(-10 1.69901e-05 -4.97132e-07)
(-10 1.63101e-05 -5.40374e-07)
(-10 1.5683e-05 -5.82055e-07)
(-10 1.51484e-05 -5.97408e-07)
(-10 1.47071e-05 -5.75614e-07)
(-10 1.43466e-05 -6.47377e-07)
(-10 1.40538e-05 -5.09058e-07)
(-10 1.38723e-05 -4.78356e-07)
(-10 1.36872e-05 -4.81352e-07)
(-10 1.36084e-05 -3.1103e-07)
(-10 1.34827e-05 -8.7218e-08)
(-10 1.33669e-05 -1.00753e-07)
(-10 1.31815e-05 -2.4415e-08)
(-10 1.30391e-05 -5.48203e-08)
(-10 1.29382e-05 -6.37143e-08)
(-10 1.56274e-05 -3.98259e-07)
(-10 1.50741e-05 -4.67994e-07)
(-10 1.45321e-05 -5.3661e-07)
(-10 1.40355e-05 -5.93325e-07)
(-10 1.36141e-05 -6.1941e-07)
(-10 1.32711e-05 -6.40042e-07)
(-10 1.29803e-05 -5.54142e-07)
(-10 1.27634e-05 -6.14571e-07)
(-10 1.2559e-05 -5.20578e-07)
(-10 1.24969e-05 -2.9507e-07)
(-10 1.23638e-05 -1.83249e-07)
(-10 1.22299e-05 -1.48022e-07)
(-10 1.20026e-05 1.23541e-08)
(-10 1.18168e-05 1.63807e-08)
(-10 1.16434e-05 4.14308e-08)
(-10 1.1546e-05 2.10082e-09)
(-10 1.34443e-05 -5.08883e-07)
(-10 1.30505e-05 -5.55621e-07)
(-10 1.26319e-05 -6.19708e-07)
(-10 1.22622e-05 -6.73462e-07)
(-10 1.19525e-05 -7.04323e-07)
(-10 1.16902e-05 -6.88675e-07)
(-10 1.14616e-05 -7.16355e-07)
(-10 1.12727e-05 -5.57789e-07)
(-10 1.11578e-05 -4.26423e-07)
(-10 1.10081e-05 -3.14467e-07)
(-10 1.08919e-05 -1.07096e-07)
(-10 1.07009e-05 1.02301e-07)
(-10 1.05132e-05 1.0066e-07)
(-10 1.02659e-05 1.30582e-07)
(-10 1.00944e-05 8.12474e-08)
(-10 9.97797e-06 3.99869e-08)
(-10 1.112e-05 -6.27325e-07)
(-10 1.08156e-05 -6.68595e-07)
(-10 1.0555e-05 -7.14487e-07)
(-10 1.03126e-05 -7.55274e-07)
(-10 1.0101e-05 -7.74214e-07)
(-10 9.90158e-06 -7.70027e-07)
(-10 9.72757e-06 -6.62511e-07)
(-10 9.56659e-06 -6.08997e-07)
(-10 9.42084e-06 -4.21249e-07)
(-10 9.33452e-06 -1.47637e-07)
(-10 9.1611e-06 2.41869e-08)
(-10 8.972e-06 8.64694e-08)
(-10 8.70077e-06 1.8484e-07)
(-10 8.51643e-06 1.72584e-07)
(-10 8.36057e-06 1.58137e-07)
(-10 8.27991e-06 9.81151e-08)
(-10 8.57096e-06 -8.4634e-07)
(-10 8.4533e-06 -8.29176e-07)
(-10 8.30956e-06 -8.41561e-07)
(-10 8.18146e-06 -8.57962e-07)
(-10 8.02232e-06 -8.6006e-07)
(-10 7.88072e-06 -8.08801e-07)
(-10 7.71458e-06 -7.60074e-07)
(-10 7.58638e-06 -5.52488e-07)
(-10 7.475e-06 -3.33289e-07)
(-10 7.29324e-06 -1.34621e-07)
(-10 7.13328e-06 6.57805e-08)
(-10 6.9296e-06 2.28993e-07)
(-10 6.77393e-06 2.37714e-07)
(-10 6.59581e-06 2.36402e-07)
(-10 6.49604e-06 1.84813e-07)
(-10 6.41256e-06 1.18031e-07)
(-10 5.9456e-06 -9.98497e-07)
(-10 5.8996e-06 -9.4868e-07)
(-10 5.91344e-06 -9.13689e-07)
(-10 5.84155e-06 -9.15617e-07)
(-10 5.76893e-06 -8.68285e-07)
(-10 5.6218e-06 -8.31224e-07)
(-10 5.524e-06 -6.71132e-07)
(-10 5.3747e-06 -5.27769e-07)
(-10 5.23218e-06 -2.88031e-07)
(-10 5.08822e-06 -4.67181e-08)
(-10 4.92913e-06 1.3875e-07)
(-10 4.76196e-06 1.93619e-07)
(-10 4.60117e-06 2.467e-07)
(-10 4.52256e-06 2.31113e-07)
(-10 4.46278e-06 1.97433e-07)
(-10 4.4234e-06 1.26428e-07)
(-10 3.10174e-06 -1.12953e-06)
(-10 3.17874e-06 -1.03542e-06)
(-10 3.22456e-06 -1.00093e-06)
(-10 3.23867e-06 -9.34331e-07)
(-10 3.19165e-06 -8.89117e-07)
(-10 3.11971e-06 -7.77923e-07)
(-10 3.02434e-06 -6.58295e-07)
(-10 2.92355e-06 -4.4494e-07)
(-10 2.82435e-06 -2.19071e-07)
(-10 2.67098e-06 -1.57847e-08)
(-10 2.54766e-06 1.28865e-07)
(-10 2.43618e-06 2.25202e-07)
(-10 2.41132e-06 2.38397e-07)
(-10 2.38586e-06 2.20994e-07)
(-10 2.38768e-06 1.79203e-07)
(-10 2.35462e-06 1.02285e-07)
(-10 7.81123e-07 -1.19666e-06)
(-10 8.46361e-07 -1.10431e-06)
(-10 8.5972e-07 -1.02528e-06)
(-10 9.22202e-07 -9.51437e-07)
(-10 8.73044e-07 -8.69191e-07)
(-10 9.01547e-07 -7.57435e-07)
(-10 8.23179e-07 -6.10231e-07)
(-10 8.46825e-07 -4.14806e-07)
(-10 7.37117e-07 -2.27903e-07)
(-10 7.44229e-07 -4.01375e-08)
(-10 6.66334e-07 7.97704e-08)
(-10 6.77995e-07 1.42253e-07)
(-10 6.34589e-07 1.52736e-07)
(-10 6.64274e-07 1.53744e-07)
(-10 6.66226e-07 1.14705e-07)
(-10 6.55239e-07 4.71075e-08)
(-10 1.31869e-05 -6.06843e-08)
(-10 1.3282e-05 -1.41685e-07)
(-10 1.33746e-05 1.49522e-08)
(-10 9.86167e-06 5.93396e-07)
(-10 1.03646e-05 6.37654e-07)
(-10 1.08706e-05 6.33756e-07)
(-10 1.14001e-05 6.15453e-07)
(-10 1.19038e-05 5.7025e-07)
(-10 1.24158e-05 5.26947e-07)
(-10 1.28737e-05 4.39797e-07)
(-10 1.3345e-05 4.0155e-07)
(-10 1.37386e-05 2.96315e-07)
(-10 1.41439e-05 3.65972e-07)
(-10 1.44233e-05 -6.17918e-08)
(-10 1.48163e-05 -8.92183e-08)
(-10 1.49508e-05 -4.40844e-07)
(-10 1.51299e-05 3.01801e-08)
(-10 1.49484e-05 -1.07421e-07)
(-10 1.49781e-05 -2.33077e-08)
(-10 1.49282e-05 -3.17533e-08)
(-10 1.1664e-05 5.68058e-07)
(-10 1.23746e-05 5.92417e-07)
(-10 1.31047e-05 5.84541e-07)
(-10 1.37757e-05 5.58015e-07)
(-10 1.43814e-05 5.11406e-07)
(-10 1.48815e-05 4.54959e-07)
(-10 1.53331e-05 3.88539e-07)
(-10 1.57123e-05 3.34809e-07)
(-10 1.61055e-05 2.6857e-07)
(-10 1.64188e-05 9.96469e-08)
(-10 1.67031e-05 1.5613e-07)
(-10 1.6825e-05 -3.07149e-08)
(-10 1.69302e-05 7.51738e-08)
(-10 1.66843e-05 -2.52537e-07)
(-10 1.64226e-05 -7.53712e-09)
(-10 1.62872e-05 -6.60306e-08)
(-10 1.61935e-05 2.04632e-08)
(-10 1.30648e-05 5.16461e-07)
(-10 1.38871e-05 5.20877e-07)
(-10 1.4699e-05 5.02085e-07)
(-10 1.5425e-05 4.68664e-07)
(-10 1.60399e-05 4.23417e-07)
(-10 1.65321e-05 3.73763e-07)
(-10 1.69307e-05 3.10773e-07)
(-10 1.72547e-05 2.54309e-07)
(-10 1.75382e-05 1.83754e-07)
(-10 1.77606e-05 2.41465e-07)
(-10 1.79263e-05 -1.9113e-08)
(-10 1.79797e-05 3.10728e-08)
(-10 1.7995e-05 -2.12403e-07)
(-10 1.77969e-05 1.60394e-07)
(-10 1.75935e-05 -6.15533e-08)
(-10 1.74209e-05 3.03887e-08)
(-10 1.73119e-05 -1.06544e-08)
(-10 1.43272e-05 4.26837e-07)
(-10 1.52253e-05 4.32536e-07)
(-10 1.60719e-05 4.12641e-07)
(-10 1.6803e-05 3.80204e-07)
(-10 1.73984e-05 3.40038e-07)
(-10 1.78562e-05 2.94373e-07)
(-10 1.82013e-05 2.5414e-07)
(-10 1.84602e-05 2.1406e-07)
(-10 1.8659e-05 1.83176e-07)
(-10 1.87993e-05 1.76152e-08)
(-10 1.88798e-05 1.67226e-07)
(-10 1.88938e-05 1.40941e-08)
(-10 1.8821e-05 1.98285e-07)
(-10 1.86948e-05 -2.01729e-07)
(-10 1.85108e-05 3.48984e-08)
(-10 1.83641e-05 -3.9877e-08)
(-10 1.82536e-05 3.72487e-08)
(-10 1.56063e-05 4.12164e-07)
(-10 1.65335e-05 3.80541e-07)
(-10 1.73531e-05 3.45198e-07)
(-10 1.80369e-05 3.04488e-07)
(-10 1.85763e-05 2.65786e-07)
(-10 1.89773e-05 2.31078e-07)
(-10 1.92604e-05 1.90737e-07)
(-10 1.94521e-05 1.54182e-07)
(-10 1.95758e-05 1.07548e-07)
(-10 1.96427e-05 1.99693e-07)
(-10 1.96591e-05 -3.49627e-08)
(-10 1.96201e-05 5.24107e-08)
(-10 1.9545e-05 -1.86136e-07)
(-10 1.94006e-05 2.06416e-07)
(-10 1.9253e-05 -3.99898e-08)
(-10 1.91163e-05 4.93899e-08)
(-10 1.90129e-05 -4.37464e-09)
(-10 1.7017e-05 3.28461e-07)
(-10 1.78834e-05 3.14753e-07)
(-10 1.86007e-05 2.77008e-07)
(-10 1.9182e-05 2.34378e-07)
(-10 1.96313e-05 1.9764e-07)
(-10 1.9954e-05 1.65817e-07)
(-10 2.01654e-05 1.45798e-07)
(-10 2.0288e-05 1.25872e-07)
(-10 2.03436e-05 1.16817e-07)
(-10 2.03466e-05 -3.51313e-08)
(-10 2.03052e-05 1.48146e-07)
(-10 2.0228e-05 1.1925e-08)
(-10 2.01064e-05 2.24278e-07)
(-10 1.99672e-05 -1.90754e-07)
(-10 1.98172e-05 5.02481e-08)
(-10 1.96903e-05 -3.39664e-08)
(-10 1.95894e-05 3.75087e-08)
(-10 1.84515e-05 2.97814e-07)
(-10 1.91814e-05 2.53652e-07)
(-10 1.97309e-05 2.02178e-07)
(-10 2.01914e-05 1.59064e-07)
(-10 2.05461e-05 1.2844e-07)
(-10 2.07856e-05 1.10092e-07)
(-10 2.09201e-05 8.83614e-08)
(-10 2.097e-05 6.96983e-08)
(-10 2.09566e-05 3.90305e-08)
(-10 2.0896e-05 1.53381e-07)
(-10 2.08008e-05 -6.71053e-08)
(-10 2.06755e-05 4.0962e-08)
(-10 2.05301e-05 -1.93135e-07)
(-10 2.03694e-05 2.13377e-07)
(-10 2.02121e-05 -3.57387e-08)
(-10 2.00834e-05 5.2316e-08)
(-10 1.99809e-05 -9.08491e-09)
(-10 1.95696e-05 2.02515e-07)
(-10 2.00269e-05 1.98533e-07)
(-10 2.06047e-05 1.22015e-07)
(-10 2.09957e-05 7.05782e-08)
(-10 2.12803e-05 4.9946e-08)
(-10 2.14447e-05 4.08239e-08)
(-10 2.15022e-05 4.26797e-08)
(-10 2.14774e-05 4.11785e-08)
(-10 2.13945e-05 4.82735e-08)
(-10 2.12728e-05 -9.10682e-08)
(-10 2.11233e-05 1.09533e-07)
(-10 2.09548e-05 -1.13959e-08)
(-10 2.0774e-05 2.16696e-07)
(-10 2.05821e-05 -1.92406e-07)
(-10 2.04194e-05 4.95064e-08)
(-10 2.02824e-05 -3.73294e-08)
(-10 2.01782e-05 2.75521e-08)
(-10 2.0161e-05 5.53721e-08)
(-9.99999 2.07528e-05 -1.17785e-07)
(-9.99999 2.11243e-05 -5.1503e-08)
(-10 2.15572e-05 -5.5635e-08)
(-10 2.18155e-05 -4.31282e-08)
(-10 2.191e-05 -2.44968e-08)
(-10 2.18845e-05 -1.86168e-08)
(-10 2.17786e-05 -1.77259e-08)
(-10 2.16223e-05 -3.39206e-08)
(-10 2.14349e-05 9.43882e-08)
(-10 2.12302e-05 -1.08305e-07)
(-10 2.10164e-05 1.1366e-08)
(-10 2.07931e-05 -2.10904e-07)
(-10 2.05982e-05 1.95716e-07)
(-10 2.04136e-05 -4.33344e-08)
(-10 2.02799e-05 4.26109e-08)
(-10 2.01728e-05 -2.30802e-08)
(-9.99999 2.05891e-05 -3.3274e-07)
(-9.99999 2.11499e-05 -1.36779e-07)
(-9.99999 2.17503e-05 -3.12535e-07)
(-9.99999 2.20886e-05 -2.2403e-07)
(-10 2.22112e-05 -1.4963e-07)
(-10 2.21776e-05 -1.03792e-07)
(-10 2.20407e-05 -6.9581e-08)
(-10 2.18404e-05 -5.06396e-08)
(-10 2.16047e-05 -2.90099e-08)
(-10 2.13524e-05 -1.52799e-07)
(-10 2.10948e-05 5.26028e-08)
(-10 2.08346e-05 -5.13694e-08)
(-10 2.05977e-05 1.81055e-07)
(-10 2.03621e-05 -2.06542e-07)
(-10 2.01962e-05 3.05057e-08)
(-10 2.0059e-05 -5.33657e-08)
(-10 1.99593e-05 4.43225e-09)
(-9.99999 2.19618e-05 -7.43597e-07)
(-9.99999 2.20972e-05 -6.41539e-07)
(-9.99999 2.25267e-05 -3.37831e-07)
(-9.99999 2.25758e-05 -2.74238e-07)
(-10 2.24429e-05 -2.12245e-07)
(-10 2.2218e-05 -1.57863e-07)
(-10 2.19408e-05 -1.27291e-07)
(-10 2.16352e-05 -1.10096e-07)
(-10 2.13185e-05 -1.14102e-07)
(-10 2.10013e-05 1.81595e-08)
(-10 2.06908e-05 -1.61986e-07)
(-10 2.03962e-05 -4.24126e-08)
(-10 2.01213e-05 -2.46341e-07)
(-10 1.99262e-05 1.46957e-07)
(-10 1.97489e-05 -7.04643e-08)
(-10 1.96375e-05 1.39452e-08)
(-10 1.95452e-05 -5.0681e-08)
(-9.99999 2.35361e-05 -6.00235e-07)
(-9.99999 2.32675e-05 -5.5506e-07)
(-9.99999 2.28566e-05 -3.83824e-07)
(-10 2.24132e-05 -2.79491e-07)
(-10 2.19766e-05 -2.16826e-07)
(-10 2.15518e-05 -1.70698e-07)
(-10 2.11418e-05 -1.41764e-07)
(-10 2.07481e-05 -1.13704e-07)
(-10 2.03777e-05 -2.22355e-07)
(-10 2.00235e-05 -2.82922e-08)
(-10 1.97102e-05 -1.17752e-07)
(-10 1.94698e-05 1.10575e-07)
(-10 1.92513e-05 -2.37887e-07)
(-10 1.9128e-05 -9.89826e-09)
(-10 1.90235e-05 -8.38708e-08)
(-10 1.89511e-05 -3.13451e-08)
(-9.99999 2.44138e-05 -7.61225e-07)
(-9.99999 2.35124e-05 -4.12932e-07)
(-10 2.27231e-05 -3.48463e-07)
(-10 2.20262e-05 -2.92449e-07)
(-10 2.14125e-05 -2.4199e-07)
(-10 2.08655e-05 -2.11163e-07)
(-10 2.03709e-05 -1.9146e-07)
(-10 1.99243e-05 -1.93708e-07)
(-10 1.95113e-05 -6.97308e-08)
(-10 1.9141e-05 -2.36247e-07)
(-10 1.88443e-05 -1.16735e-07)
(-10 1.85991e-05 -2.93942e-07)
(-10 1.84663e-05 7.95423e-08)
(-10 1.83379e-05 -1.06098e-07)
(-10 1.8269e-05 -2.40759e-08)
(-10 1.82071e-05 -8.33477e-08)
(-10 2.39902e-05 -3.99646e-07)
(-10 2.29964e-05 -4.93295e-07)
(-10 2.20715e-05 -3.84025e-07)
(-10 2.12466e-05 -3.13823e-07)
(-10 2.05284e-05 -2.71087e-07)
(-10 1.99048e-05 -2.34662e-07)
(-10 1.93618e-05 -2.11933e-07)
(-10 1.88873e-05 -1.87705e-07)
(-10 1.84601e-05 -2.94279e-07)
(-10 1.81188e-05 -1.17416e-07)
(-10 1.78485e-05 -1.86971e-07)
(-10 1.76919e-05 3.81534e-08)
(-10 1.75353e-05 -2.6057e-07)
(-10 1.74657e-05 -4.68558e-08)
(-10 1.73925e-05 -1.10509e-07)
(-10 1.73473e-05 -6.41025e-08)
(-10 2.28752e-05 -5.25324e-07)
(-10 2.19454e-05 -3.11386e-07)
(-10 2.09994e-05 -3.08547e-07)
(-10 2.01365e-05 -2.91317e-07)
(-10 1.93825e-05 -2.6693e-07)
(-10 1.87358e-05 -2.50669e-07)
(-10 1.81903e-05 -2.41936e-07)
(-10 1.77186e-05 -2.51774e-07)
(-10 1.73309e-05 -1.54316e-07)
(-10 1.70336e-05 -2.8616e-07)
(-10 1.68333e-05 -1.71596e-07)
(-10 1.66765e-05 -3.08346e-07)
(-10 1.66074e-05 3.21253e-08)
(-10 1.65027e-05 -1.22266e-07)
(-10 1.64474e-05 -4.83149e-08)
(-10 1.63948e-05 -1.01446e-07)
(-10 2.14041e-05 -2.24877e-07)
(-10 2.05009e-05 -3.69613e-07)
(-10 1.96116e-05 -3.18781e-07)
(-10 1.8784e-05 -2.89717e-07)
(-10 1.80558e-05 -2.7235e-07)
(-10 1.744e-05 -2.55548e-07)
(-10 1.69274e-05 -2.44434e-07)
(-10 1.64976e-05 -2.40736e-07)
(-10 1.61824e-05 -3.28401e-07)
(-10 1.59448e-05 -1.68606e-07)
(-10 1.58048e-05 -2.04903e-07)
(-10 1.57216e-05 7.59405e-09)
(-10 1.55882e-05 -2.38067e-07)
(-10 1.55145e-05 -5.37264e-08)
(-10 1.54169e-05 -1.0966e-07)
(-10 1.53594e-05 -7.4104e-08)
(-10 1.95929e-05 -3.59494e-07)
(-10 1.88399e-05 -2.23431e-07)
(-10 1.80339e-05 -2.51302e-07)
(-10 1.72814e-05 -2.6066e-07)
(-10 1.66259e-05 -2.57689e-07)
(-10 1.60816e-05 -2.57225e-07)
(-10 1.56312e-05 -2.62106e-07)
(-10 1.52888e-05 -2.83375e-07)
(-10 1.50323e-05 -1.81255e-07)
(-10 1.48766e-05 -2.87191e-07)
(-10 1.47808e-05 -1.57195e-07)
(-10 1.46566e-05 -2.64222e-07)
(-10 1.45814e-05 2.79629e-08)
(-10 1.44231e-05 -9.68565e-08)
(-10 1.43149e-05 -3.97801e-08)
(-10 1.42275e-05 -9.05144e-08)
(-10 1.76828e-05 -1.67316e-07)
(-10 1.69936e-05 -2.95378e-07)
(-10 1.63134e-05 -2.73673e-07)
(-10 1.56787e-05 -2.66391e-07)
(-10 1.51328e-05 -2.66719e-07)
(-10 1.4682e-05 -2.62685e-07)
(-10 1.43182e-05 -2.67812e-07)
(-10 1.40526e-05 -2.51586e-07)
(-10 1.38624e-05 -3.22003e-07)
(-10 1.37701e-05 -1.5615e-07)
(-10 1.36709e-05 -1.64679e-07)
(-10 1.3595e-05 2.65606e-08)
(-10 1.33959e-05 -1.66132e-07)
(-10 1.32445e-05 -2.24249e-08)
(-10 1.30754e-05 -7.57584e-08)
(-10 1.2976e-05 -5.83955e-08)
(-10 1.55529e-05 -3.13183e-07)
(-10 1.50455e-05 -2.20658e-07)
(-10 1.44946e-05 -2.48714e-07)
(-10 1.39919e-05 -2.64051e-07)
(-10 1.35666e-05 -2.70163e-07)
(-10 1.32161e-05 -2.77321e-07)
(-10 1.29446e-05 -2.8484e-07)
(-10 1.27361e-05 -2.84301e-07)
(-10 1.26184e-05 -1.89186e-07)
(-10 1.25307e-05 -2.20894e-07)
(-10 1.24432e-05 -1.07209e-07)
(-10 1.22655e-05 -1.74429e-07)
(-10 1.21087e-05 5.1145e-08)
(-10 1.18628e-05 -4.64295e-08)
(-10 1.16992e-05 -1.07273e-08)
(-10 1.15759e-05 -6.02767e-08)
(-10 1.33669e-05 -2.26951e-07)
(-10 1.29346e-05 -3.1821e-07)
(-10 1.25401e-05 -3.03706e-07)
(-10 1.21827e-05 -3.01295e-07)
(-10 1.18772e-05 -3.04675e-07)
(-10 1.1621e-05 -3.06705e-07)
(-10 1.14161e-05 -2.96355e-07)
(-10 1.1261e-05 -2.73426e-07)
(-10 1.11723e-05 -2.74512e-07)
(-10 1.10784e-05 -1.29149e-07)
(-10 1.09546e-05 -1.0119e-07)
(-10 1.07997e-05 5.50389e-08)
(-10 1.05155e-05 -8.12322e-08)
(-10 1.03208e-05 1.43312e-08)
(-10 1.01261e-05 -3.10665e-08)
(-10 1.00149e-05 -3.44561e-08)
(-10 1.09227e-05 -3.75135e-07)
(-10 1.07026e-05 -3.13377e-07)
(-10 1.0452e-05 -3.22169e-07)
(-10 1.02231e-05 -3.27648e-07)
(-10 1.00147e-05 -3.30399e-07)
(-10 9.83619e-06 -3.32717e-07)
(-10 9.6763e-06 -3.21276e-07)
(-10 9.56865e-06 -2.93678e-07)
(-10 9.46218e-06 -1.77556e-07)
(-10 9.35541e-06 -1.64633e-07)
(-10 9.19799e-06 -5.7048e-08)
(-10 8.94956e-06 -9.5408e-08)
(-10 8.76946e-06 5.29836e-08)
(-10 8.53313e-06 -2.50876e-09)
(-10 8.39896e-06 1.4676e-08)
(-10 8.2944e-06 -3.0702e-08)
(-10 8.4274e-06 -3.84738e-07)
(-10 8.29758e-06 -4.08613e-07)
(-10 8.2089e-06 -3.86071e-07)
(-10 8.08775e-06 -3.72924e-07)
(-10 7.97379e-06 -3.73732e-07)
(-10 7.82797e-06 -3.59019e-07)
(-10 7.72053e-06 -3.37373e-07)
(-10 7.59437e-06 -2.71778e-07)
(-10 7.49291e-06 -2.41444e-07)
(-10 7.33187e-06 -1.12436e-07)
(-10 7.15474e-06 -7.16852e-08)
(-10 6.97426e-06 3.7085e-08)
(-10 6.7383e-06 -2.62793e-08)
(-10 6.60896e-06 2.76866e-08)
(-10 6.48899e-06 -3.52514e-10)
(-10 6.41121e-06 -2.28625e-08)
(-10 5.75937e-06 -4.89984e-07)
(-10 5.80406e-06 -4.37956e-07)
(-10 5.80154e-06 -4.02695e-07)
(-10 5.79025e-06 -4.02616e-07)
(-10 5.70252e-06 -3.69221e-07)
(-10 5.62671e-06 -3.74918e-07)
(-10 5.50947e-06 -3.16512e-07)
(-10 5.41879e-06 -2.87288e-07)
(-10 5.26454e-06 -1.63229e-07)
(-10 5.11134e-06 -1.33725e-07)
(-10 4.92168e-06 -3.9881e-08)
(-10 4.71566e-06 -5.96821e-08)
(-10 4.60974e-06 2.4486e-08)
(-10 4.49223e-06 8.00793e-09)
(-10 4.44761e-06 9.04063e-09)
(-10 4.38896e-06 -3.17758e-08)
(-10 2.98239e-06 -5.33723e-07)
(-10 3.04043e-06 -4.85043e-07)
(-10 3.11681e-06 -4.75587e-07)
(-10 3.15481e-06 -4.13969e-07)
(-10 3.13546e-06 -4.26863e-07)
(-10 3.09475e-06 -3.55093e-07)
(-10 3.01948e-06 -3.48993e-07)
(-10 2.93295e-06 -2.36506e-07)
(-10 2.79513e-06 -2.15556e-07)
(-10 2.66316e-06 -9.39353e-08)
(-10 2.49348e-06 -7.76431e-08)
(-10 2.41956e-06 4.28315e-11)
(-10 2.31991e-06 -1.94203e-08)
(-10 2.33436e-06 3.42385e-09)
(-10 2.31471e-06 -1.24951e-08)
(-10 2.29894e-06 -5.0419e-08)
(-10 7.16447e-07 -5.85464e-07)
(-10 7.66908e-07 -5.48606e-07)
(-10 8.43078e-07 -4.889e-07)
(-10 8.52526e-07 -4.6971e-07)
(-10 8.88912e-07 -4.14169e-07)
(-10 8.51803e-07 -3.94888e-07)
(-10 8.58918e-07 -3.20402e-07)
(-10 7.92754e-07 -2.79763e-07)
(-10 7.73303e-07 -1.86608e-07)
(-10 6.86673e-07 -1.3998e-07)
(-10 6.59354e-07 -8.32269e-08)
(-10 5.8672e-07 -7.2977e-08)
(-10 5.98066e-07 -4.86387e-08)
(-10 6.18504e-07 -3.31926e-08)
(-10 6.20179e-07 -4.93333e-08)
(-10 6.22862e-07 -7.63211e-08)
)
;

boundaryField
{
    frontAndBack
    {
        type            slip;
    }
    inlet
    {
        type            fixedValue;
        value           uniform (-10 0 0);
    }
    outlet
    {
        type            inletOutlet;
        inletValue      nonuniform List<vector> 0();
        value           nonuniform List<vector> 0();
    }
    lowerWall
    {
        type            fixedValue;
        value           uniform (-10 0 0);
    }
    upperWall
    {
        type            slip;
    }
    procBoundary5to2
    {
        type            processor;
        value           nonuniform List<vector> 
100
(
(-10 6.52892e-06 7.45758e-07)
(-10 7.68231e-06 6.45954e-07)
(-10 8.51038e-06 3.43228e-07)
(-10 9.37056e-06 1.95351e-07)
(-10 1.00706e-05 5.44961e-08)
(-10 1.06793e-05 2.34289e-08)
(-10 1.11096e-05 -3.13268e-08)
(-10 1.14203e-05 -7.08624e-08)
(-10 1.16469e-05 -7.72404e-08)
(-10 1.18281e-05 -6.52992e-08)
(-10 1.1977e-05 -5.76004e-08)
(-10 1.19933e-05 -6.57561e-08)
(-10 1.20656e-05 -1.1764e-08)
(-10 6.73114e-06 1.20206e-06)
(-10 6.92461e-06 1.03024e-06)
(-10 7.12165e-06 8.78618e-07)
(-10 8.04328e-06 1.06885e-06)
(-10 8.04328e-06 1.06885e-06)
(-10 8.63556e-06 1.86029e-06)
(-10 9.58561e-06 1.21499e-06)
(-10 8.35509e-06 1.04497e-06)
(-10 9.17252e-06 6.26731e-07)
(-10 9.97692e-06 3.78e-07)
(-10 1.04237e-05 4.48698e-08)
(-10 1.09135e-05 -1.2644e-07)
(-10 1.13296e-05 -1.37912e-07)
(-10 1.16032e-05 -1.52503e-07)
(-10 1.18024e-05 -1.49637e-07)
(-10 1.19728e-05 -1.49981e-07)
(-10 1.20284e-05 -1.6307e-07)
(-10 1.20499e-05 -8.58701e-08)
(-10 6.8832e-06 2.52266e-06)
(-10 7.18683e-06 2.31227e-06)
(-10 7.53596e-06 2.11261e-06)
(-10 8.08065e-06 2.25913e-06)
(-10 8.63556e-06 1.86029e-06)
(-10 9.58561e-06 1.21499e-06)
(-10 9.58561e-06 1.21499e-06)
(-10 1.00361e-05 1.25838e-06)
(-10 1.04829e-05 7.67492e-07)
(-10 1.12937e-05 2.2412e-07)
(-10 1.00651e-05 2.60449e-07)
(-10 1.07195e-05 1.25841e-07)
(-10 1.09893e-05 -1.18854e-07)
(-10 1.13275e-05 -1.56205e-07)
(-10 1.15886e-05 -2.36025e-07)
(-10 1.18713e-05 -1.89635e-07)
(-10 1.19966e-05 -1.85125e-07)
(-10 1.20236e-05 -1.16363e-07)
(-10 7.38406e-06 2.30512e-06)
(-10 7.62964e-06 2.28369e-06)
(-10 7.9228e-06 2.21587e-06)
(-10 8.33656e-06 2.14187e-06)
(-10 8.84058e-06 2.04159e-06)
(-10 9.40837e-06 1.87697e-06)
(-10 1.00361e-05 1.25838e-06)
(-10 1.04829e-05 7.67492e-07)
(-10 1.12937e-05 2.2412e-07)
(-10 1.12937e-05 2.2412e-07)
(-10 1.13319e-05 3.69892e-07)
(-10 1.19671e-05 -2.05659e-10)
(-10 1.05784e-05 9.83776e-08)
(-10 1.08947e-05 -1.2835e-07)
(-10 1.13843e-05 -1.09056e-07)
(-10 1.15894e-05 -2.50353e-07)
(-10 1.18449e-05 -1.10007e-07)
(-10 1.18901e-05 -9.73682e-08)
(-10 7.86098e-06 1.61582e-06)
(-10 8.02108e-06 1.59677e-06)
(-10 8.24414e-06 1.56819e-06)
(-10 8.58208e-06 1.52092e-06)
(-10 9.00735e-06 1.44099e-06)
(-10 9.48616e-06 1.3001e-06)
(-10 9.99635e-06 1.20327e-06)
(-10 1.05e-05 8.73569e-07)
(-10 1.09992e-05 8.34702e-07)
(-10 1.13319e-05 3.69892e-07)
(-10 1.19671e-05 -2.05659e-10)
(-10 1.19671e-05 -2.05659e-10)
(-10 1.20992e-05 -9.63952e-08)
(-10 1.22023e-05 -4.80691e-08)
(-10 1.27983e-05 -4.68824e-07)
(-10 1.1453e-05 -1.53099e-07)
(-10 1.16779e-05 -2.21959e-08)
(-10 1.18492e-05 -5.51117e-08)
(-10 8.24819e-06 6.31304e-07)
(-10 8.36136e-06 5.95114e-07)
(-10 8.55871e-06 5.86318e-07)
(-10 8.86633e-06 5.69324e-07)
(-10 9.25862e-06 5.49565e-07)
(-10 9.70496e-06 4.97494e-07)
(-10 1.01732e-05 4.68206e-07)
(-10 1.06359e-05 3.87386e-07)
(-10 1.10681e-05 3.70264e-07)
(-10 1.14443e-05 2.74532e-07)
(-10 1.17565e-05 4.00052e-07)
(-10 1.20992e-05 -9.63952e-08)
(-10 1.22023e-05 -4.80691e-08)
(-10 1.27983e-05 -4.68824e-07)
(-10 1.27983e-05 -4.68824e-07)
)
;
    }
    procBoundary5to4
    {
        type            processor;
        value           nonuniform List<vector> 
135
(
(-10 9.70799e-06 9.9325e-07)
(-10 1.19591e-05 6.8449e-07)
(-10 1.35507e-05 9.35658e-07)
(-10 1.44765e-05 4.16142e-07)
(-10 1.57579e-05 7.78254e-07)
(-10 1.71952e-05 5.74679e-08)
(-10 2.05788e-05 -2.32735e-07)
(-10 2.05788e-05 -2.32735e-07)
(-10 2.05788e-05 -2.32735e-07)
(-10 2.23848e-05 -1.90404e-07)
(-9.99999 2.3796e-05 -4.75268e-07)
(-9.99999 2.41633e-05 -7.66294e-07)
(-9.99999 2.40969e-05 -8.10013e-07)
(-9.99999 2.38239e-05 -8.80846e-07)
(-9.99999 2.33e-05 -8.05289e-07)
(-9.99999 2.24731e-05 -7.53244e-07)
(-9.99999 2.14599e-05 -5.52859e-07)
(-10 2.02964e-05 -4.38825e-07)
(-10 1.89682e-05 -2.76643e-07)
(-10 1.75558e-05 -2.09822e-07)
(-10 1.60226e-05 -1.68991e-07)
(-10 1.41921e-05 -2.26764e-07)
(-10 1.20318e-05 -2.65023e-07)
(-10 9.50281e-06 -3.50528e-07)
(-10 6.58984e-06 -3.98688e-07)
(-10 3.26718e-06 -4.58567e-07)
(-10 7.3192e-07 -4.41736e-07)
(-10 9.843e-06 2.24855e-06)
(-10 1.18871e-05 1.78183e-06)
(-10 1.32152e-05 1.88755e-06)
(-10 1.42798e-05 1.20097e-06)
(-10 1.53096e-05 1.4376e-06)
(-10 1.68943e-05 6.77213e-07)
(-10 1.88083e-05 9.28462e-07)
(-10 2.20817e-05 -1.31543e-07)
(-10 2.20817e-05 -1.31543e-07)
(-10 2.20817e-05 -1.31543e-07)
(-10 2.30761e-05 -1.12214e-06)
(-10 2.30761e-05 -1.12214e-06)
(-9.99999 2.37449e-05 -1.76953e-06)
(-9.99999 2.39537e-05 -2.06043e-06)
(-9.99999 2.38298e-05 -2.21774e-06)
(-9.99999 2.34595e-05 -2.04767e-06)
(-9.99999 2.27887e-05 -1.78595e-06)
(-9.99999 2.18529e-05 -1.3585e-06)
(-9.99999 2.06416e-05 -1.0091e-06)
(-10 1.92544e-05 -6.64876e-07)
(-10 1.76903e-05 -4.81315e-07)
(-10 1.60014e-05 -4.10518e-07)
(-10 1.40721e-05 -5.16619e-07)
(-10 1.1877e-05 -6.50119e-07)
(-10 9.33573e-06 -8.71477e-07)
(-10 6.45479e-06 -1.02286e-06)
(-10 3.21337e-06 -1.14668e-06)
(-10 7.52959e-07 -1.10595e-06)
(-10 9.65504e-06 2.2296e-06)
(-10 1.15079e-05 1.98136e-06)
(-10 1.28246e-05 1.7204e-06)
(-10 1.39141e-05 1.43165e-06)
(-10 1.51032e-05 1.22278e-06)
(-10 1.65588e-05 1.08303e-06)
(-10 1.82215e-05 7.30678e-07)
(-10 1.98432e-05 3.32229e-07)
(-10 2.10124e-05 -5.42246e-07)
(-9.99999 2.29905e-05 -1.54965e-06)
(-9.99999 2.29905e-05 -1.54965e-06)
(-9.99999 2.29905e-05 -1.54965e-06)
(-9.99999 2.35366e-05 -2.40096e-06)
(-9.99999 2.38399e-05 -2.58433e-06)
(-9.99999 2.38397e-05 -2.49308e-06)
(-9.99999 2.33346e-05 -1.89026e-06)
(-9.99999 2.24309e-05 -1.55937e-06)
(-9.99999 2.11634e-05 -9.72135e-07)
(-10 1.96279e-05 -7.68577e-07)
(-10 1.78737e-05 -4.48914e-07)
(-10 1.59785e-05 -4.97478e-07)
(-10 1.38926e-05 -4.89518e-07)
(-10 1.15882e-05 -7.63896e-07)
(-10 9.03688e-06 -9.57356e-07)
(-10 6.24584e-06 -1.22271e-06)
(-10 3.16331e-06 -1.31364e-06)
(-10 7.82827e-07 -1.31609e-06)
(-10 9.54569e-06 1.61823e-06)
(-10 1.12506e-05 1.41828e-06)
(-10 1.25281e-05 1.23844e-06)
(-10 1.36578e-05 1.0456e-06)
(-10 1.48738e-05 9.37648e-07)
(-10 1.62792e-05 8.00495e-07)
(-10 1.78698e-05 6.38872e-07)
(-10 1.9145e-05 3.26658e-07)
(-10 2.03332e-05 -1.15966e-07)
(-10 2.1125e-05 -7.74265e-07)
(-9.99999 2.26604e-05 -1.89414e-06)
(-9.99999 2.26604e-05 -1.89414e-06)
(-9.99999 2.26604e-05 -1.89414e-06)
(-9.99999 2.37147e-05 -2.13905e-06)
(-9.99999 2.43271e-05 -1.77477e-06)
(-9.99999 2.39558e-05 -1.47036e-06)
(-9.99999 2.30005e-05 -1.07166e-06)
(-10 2.16301e-05 -8.43203e-07)
(-10 1.99084e-05 -6.03158e-07)
(-10 1.80292e-05 -5.33759e-07)
(-10 1.59507e-05 -4.82349e-07)
(-10 1.37391e-05 -5.89145e-07)
(-10 1.12923e-05 -7.29706e-07)
(-10 8.76221e-06 -9.35083e-07)
(-10 6.00943e-06 -1.10714e-06)
(-10 3.09665e-06 -1.23311e-06)
(-10 7.49905e-07 -1.28824e-06)
(-10 9.65411e-06 6.43932e-07)
(-10 1.10331e-05 5.34271e-07)
(-10 1.23587e-05 4.69933e-07)
(-10 1.35381e-05 3.98785e-07)
(-10 1.47968e-05 3.74207e-07)
(-10 1.61853e-05 3.37212e-07)
(-10 1.76292e-05 2.99087e-07)
(-10 1.88997e-05 1.44753e-07)
(-10 1.96362e-05 1.02856e-07)
(-10 2.05736e-05 -4.1282e-07)
(-10 2.17271e-05 -3.38318e-07)
(-9.99999 2.39891e-05 -8.91617e-07)
(-9.99999 2.39891e-05 -8.91617e-07)
(-9.99999 2.46756e-05 -5.24063e-07)
(-9.99999 2.42135e-05 -6.12799e-07)
(-9.99999 2.32149e-05 -3.17937e-07)
(-9.99999 2.1749e-05 -4.41346e-07)
(-10 2.00147e-05 -2.22814e-07)
(-10 1.80247e-05 -3.56337e-07)
(-10 1.59092e-05 -2.26398e-07)
(-10 1.35834e-05 -3.89481e-07)
(-10 1.11558e-05 -3.50906e-07)
(-10 8.56509e-06 -4.98676e-07)
(-10 5.8733e-06 -5.08597e-07)
(-10 2.93694e-06 -6.07582e-07)
(-10 7.13919e-07 -6.36371e-07)
)
;
    }
}


// ************************************************************************* //
