/*--------------------------------*- C++ -*----------------------------------*\
  =========                 |
  \\      /  F ield         | OpenFOAM: The Open Source CFD Toolbox
   \\    /   O peration     | Website:  https://openfoam.org
    \\  /    A nd           | Version:  10
     \\/     M anipulation  |
\*---------------------------------------------------------------------------*/
FoamFile
{
    format      ascii;
    class       labelList;
    note        "nPoints: 2763 nCells: 2083 nFaces: 6881 nInternalFaces: 5617";
    location    "constant/polyMesh";
    object      neighbour;
}
// * * * * * * * * * * * * * * * * * * * * * * * * * * * * * * * * * * * * * //


5617
(
1
17
2
18
3
19
4
20
422
5
21
423
6
22
424
7
23
425
8
24
426
9
25
427
10
26
428
11
27
429
12
28
430
13
29
431
30
432
15
31
433
16
32
434
17
33
435
18
34
436
19
35
437
20
36
438
21
37
439
22
38
440
23
39
441
24
40
442
25
41
443
26
42
444
27
43
445
28
44
446
29
45
447
30
46
448
47
449
32
48
450
33
49
451
34
50
452
35
51
453
36
52
454
37
53
455
38
54
456
39
55
457
40
56
458
41
57
459
42
58
460
43
59
461
44
60
462
45
61
463
46
62
464
47
63
465
64
466
49
65
467
50
66
468
51
67
469
52
68
470
53
69
471
54
70
472
55
71
473
56
72
474
57
73
475
58
74
476
59
75
477
60
76
478
61
77
479
62
78
480
63
79
481
64
80
482
81
483
66
82
484
67
83
485
68
84
486
69
85
487
70
86
488
71
87
489
72
88
490
73
89
491
74
90
492
75
91
493
76
92
494
77
93
495
78
94
496
79
95
497
80
96
498
81
97
499
98
500
83
99
501
84
100
502
85
101
503
86
102
504
87
103
505
88
104
506
89
105
507
90
106
508
91
107
509
92
108
510
93
109
511
94
110
512
95
111
513
96
112
514
97
113
515
98
114
516
115
517
100
116
518
101
117
519
102
118
520
103
119
521
104
120
522
105
121
523
106
122
524
107
123
525
108
124
526
109
125
527
110
126
528
111
127
529
112
128
530
113
129
531
114
130
532
115
131
533
132
534
117
133
535
118
134
536
119
135
537
120
136
538
121
137
539
122
138
540
123
139
541
124
140
542
125
141
543
126
142
544
127
143
545
128
144
546
129
145
547
130
146
548
131
147
549
132
148
550
149
551
134
150
552
135
151
553
136
152
554
137
153
555
138
154
556
139
155
557
140
156
558
141
157
559
142
158
560
143
159
561
144
160
562
145
161
563
146
162
564
147
163
565
148
164
566
149
165
567
166
568
151
167
569
152
168
570
153
169
571
154
170
572
155
171
573
156
172
574
157
173
575
158
174
576
159
175
577
160
176
578
161
177
579
162
178
580
163
179
581
164
180
582
165
181
583
166
182
584
183
585
168
184
586
169
185
587
170
186
588
171
187
589
172
188
590
173
189
591
174
190
592
175
191
593
176
192
594
177
193
595
178
194
596
179
195
597
180
196
598
181
197
599
182
198
600
183
199
601
200
602
185
201
603
186
202
604
187
203
605
188
204
606
189
205
607
190
206
608
191
207
609
192
208
610
193
209
611
194
210
612
195
211
613
196
212
614
197
213
615
198
214
616
199
215
617
200
216
618
217
619
202
218
620
203
219
621
204
220
622
205
221
623
206
222
624
207
223
625
208
224
626
209
225
627
210
226
628
211
227
629
212
228
630
213
229
631
214
230
632
215
231
633
216
232
634
217
233
635
234
636
219
235
637
220
236
638
221
237
639
222
238
640
223
239
641
224
240
642
225
241
643
226
242
644
227
243
645
228
244
646
229
245
647
230
246
648
231
247
649
232
248
650
233
249
651
234
250
652
251
653
236
252
654
237
253
655
238
254
656
239
255
657
240
256
658
241
257
659
242
258
660
243
259
661
244
260
662
245
261
663
246
262
664
247
263
665
248
264
666
249
265
667
250
266
668
251
267
669
268
670
253
269
671
254
270
672
255
271
673
256
272
674
257
273
675
258
274
676
259
275
677
260
276
678
261
277
679
262
278
680
263
279
681
264
280
682
265
281
683
266
282
684
267
283
685
268
284
686
285
687
270
286
688
271
287
689
272
288
690
273
289
691
274
290
692
275
291
693
276
292
694
277
293
695
278
294
696
279
295
697
280
296
698
281
297
699
282
298
700
283
299
701
284
300
702
285
301
703
302
704
287
303
705
288
304
706
289
305
707
290
306
708
291
307
709
292
308
710
293
309
711
294
310
712
295
311
713
296
312
714
297
313
715
298
314
716
299
315
717
300
316
718
301
317
719
302
318
720
319
721
304
320
722
305
321
723
306
322
724
307
323
725
308
324
726
309
325
727
310
326
728
311
327
729
312
328
730
313
329
731
314
330
732
315
331
733
316
332
734
317
333
735
318
334
736
319
335
737
336
738
321
337
739
322
338
740
323
339
741
324
340
742
325
341
743
326
342
744
327
343
745
328
344
746
329
345
747
330
346
748
331
347
749
332
348
750
333
349
751
334
350
752
335
351
753
336
352
754
353
755
338
354
756
339
355
757
340
356
758
341
357
759
342
358
760
343
359
761
344
360
762
345
361
763
346
362
764
347
363
765
348
364
766
349
365
767
350
366
768
351
367
769
352
368
770
353
369
771
370
772
355
371
773
356
372
774
357
373
775
358
374
776
359
375
777
360
376
778
361
377
779
362
378
780
363
379
781
364
380
782
365
381
783
366
382
784
367
383
785
368
384
786
369
385
787
370
386
788
387
789
372
388
790
373
389
791
374
390
792
375
391
793
376
392
794
377
393
795
378
394
796
379
395
797
380
396
798
381
397
799
382
398
800
383
399
801
384
400
802
385
401
803
386
402
804
387
403
805
404
806
389
405
807
390
406
808
391
407
809
392
408
810
393
409
811
394
410
812
395
411
813
396
412
814
397
413
815
398
414
816
399
415
817
400
416
818
401
417
819
402
418
820
403
419
821
404
420
822
421
823
406
824
407
825
408
826
409
827
410
828
411
829
412
830
413
831
414
832
415
833
416
834
417
835
418
836
419
837
420
838
421
839
840
423
439
424
440
425
441
841
426
442
842
427
443
843
428
444
844
429
445
845
430
446
846
431
447
847
432
448
848
449
849
434
450
850
435
451
851
436
452
852
437
453
853
438
454
854
439
455
855
440
456
856
441
457
857
442
458
858
443
459
859
444
460
860
445
461
861
446
462
862
447
463
863
448
464
864
449
465
865
466
866
451
467
867
452
468
868
453
469
869
454
470
870
455
471
871
456
472
872
457
473
873
458
474
874
459
475
875
460
476
876
461
477
877
462
478
878
463
479
879
464
480
880
465
481
881
466
482
882
483
883
468
484
884
469
485
885
470
486
886
471
487
887
472
488
888
473
489
889
474
490
890
475
491
891
476
492
892
477
493
893
478
494
894
479
495
895
480
496
896
481
497
897
482
498
898
483
499
899
500
900
485
501
901
486
502
902
487
503
903
488
504
904
489
505
905
490
506
906
491
507
907
492
508
908
493
509
909
494
510
910
495
511
911
496
512
912
497
513
913
498
514
914
499
515
915
500
516
916
517
917
502
518
918
503
519
919
504
520
920
505
521
921
506
522
922
507
523
923
508
524
924
509
525
925
510
526
926
511
527
927
512
528
928
513
529
929
514
530
930
515
531
931
516
532
932
517
533
933
534
934
519
535
935
520
536
936
521
537
937
522
538
938
523
539
939
524
540
940
525
541
941
526
542
942
527
543
943
528
544
944
529
545
945
530
546
946
531
547
947
532
548
948
533
549
949
534
550
950
551
951
536
552
952
537
553
953
538
554
954
539
555
955
540
556
956
541
557
957
542
558
958
543
559
959
544
560
960
545
561
961
546
562
962
547
563
963
548
564
964
549
565
965
550
566
966
551
567
967
568
968
553
569
969
554
570
970
555
571
971
556
572
972
557
573
973
558
574
974
559
575
975
560
576
976
561
577
977
562
578
978
563
579
979
564
580
980
565
581
981
566
582
982
567
583
983
568
584
984
585
985
570
586
986
571
587
987
572
588
988
573
589
989
574
590
990
575
591
991
576
592
992
577
593
993
578
594
994
579
595
995
580
596
996
581
597
997
582
598
998
583
599
999
584
600
1000
585
601
1001
602
1002
587
603
1003
588
604
1004
589
605
1005
590
606
1006
591
607
1007
592
608
1008
593
609
1009
594
610
1010
595
611
1011
596
612
1012
597
613
1013
598
614
1014
599
615
1015
600
616
1016
601
617
1017
602
618
1018
619
1019
604
620
1020
605
621
1021
606
622
1022
607
623
1023
608
624
1024
609
625
1025
610
626
1026
611
627
1027
612
628
1028
613
629
1029
614
630
1030
615
631
1031
616
632
1032
617
633
1033
618
634
1034
619
635
1035
636
1036
621
637
1037
622
638
1038
623
639
1039
624
640
1040
625
641
1041
626
642
1042
627
643
1043
628
644
1044
629
645
1045
630
646
1046
631
647
1047
632
648
1048
633
649
1049
634
650
1050
635
651
1051
636
652
1052
653
1053
638
654
1054
639
655
1055
640
656
1056
641
657
1057
642
658
1058
643
659
1059
644
660
1060
645
661
1061
646
662
1062
647
663
1063
648
664
1064
649
665
1065
650
666
1066
651
667
1067
652
668
1068
653
669
1069
670
1070
655
671
1071
656
672
1072
657
673
1073
658
674
1074
659
675
1075
660
676
1076
661
677
1077
662
678
1078
663
679
1079
664
680
1080
665
681
1081
666
682
1082
667
683
1083
668
684
1084
669
685
1085
670
686
1086
687
1087
672
688
1088
673
689
1089
674
690
1090
675
691
1091
676
692
1092
677
693
1093
678
694
1094
679
695
1095
680
696
1096
681
697
1097
682
698
1098
683
699
1099
684
700
1100
685
701
1101
686
702
1102
687
703
1103
704
1104
689
705
1105
690
706
1106
691
707
1107
692
708
1108
693
709
1109
694
710
1110
695
711
1111
696
712
1112
697
713
1113
698
714
1114
699
715
1115
700
716
1116
701
717
1117
702
718
1118
703
719
1119
704
720
1120
721
1121
706
722
1122
707
723
1123
708
724
1124
709
725
1125
710
726
1126
711
727
1127
712
728
1128
713
729
1129
714
730
1130
715
731
1131
716
732
1132
717
733
1133
718
734
1134
719
735
1135
720
736
1136
721
737
1137
738
1138
723
739
1139
724
740
1140
725
741
1141
726
742
1142
727
743
1143
728
744
1144
729
745
1145
730
746
1146
731
747
1147
732
748
1148
733
749
1149
734
750
1150
735
751
1151
736
752
1152
737
753
1153
738
754
1154
755
1155
740
756
1156
741
757
1157
742
758
1158
743
759
1159
744
760
1160
745
761
1161
746
762
1162
747
763
1163
748
764
1164
749
765
1165
750
766
1166
751
767
1167
752
768
1168
753
769
1169
754
770
1170
755
771
1171
772
1172
757
773
1173
758
774
1174
759
775
1175
760
776
1176
761
777
1177
762
778
1178
763
779
1179
764
780
1180
765
781
1181
766
782
1182
767
783
1183
768
784
1184
769
785
1185
770
786
1186
771
787
1187
772
788
1188
789
1189
774
790
1190
775
791
1191
776
792
1192
777
793
1193
778
794
1194
779
795
1195
780
796
1196
781
797
1197
782
798
1198
783
799
1199
784
800
1200
785
801
1201
786
802
1202
787
803
1203
788
804
1204
789
805
1205
806
1206
791
807
1207
792
808
1208
793
809
1209
794
810
1210
795
811
1211
796
812
1212
797
813
1213
798
814
1214
799
815
1215
800
816
1216
801
817
1217
802
818
1218
803
819
1219
804
820
1220
805
821
1221
806
822
1222
823
1223
808
824
1224
809
825
1225
810
826
1226
811
827
1227
812
828
1228
813
829
1229
814
830
1230
815
831
1231
816
832
1232
817
833
1233
818
834
1234
819
835
1235
820
836
1236
821
837
1237
822
838
1238
823
839
1239
840
1240
825
1241
826
1242
827
1243
828
1244
829
1245
830
1246
831
1247
832
1248
833
1249
834
1250
835
1251
836
1252
837
1253
838
1254
839
1255
840
1256
1257
842
858
843
859
844
860
845
861
1258
846
862
1259
847
863
1260
848
864
1261
849
865
1262
866
1263
851
867
1264
852
868
1265
853
869
1266
854
870
1267
855
871
1268
856
872
1269
857
873
1270
858
874
1271
859
875
1272
860
876
1273
861
877
1274
862
878
1275
863
879
1276
864
880
1277
865
881
1278
866
882
1279
883
1280
868
884
1281
869
885
1282
870
886
1283
871
887
1284
872
888
1285
873
889
1286
874
890
1287
875
891
1288
876
892
1289
877
893
1290
878
894
1291
879
895
1292
880
896
1293
881
897
1294
882
898
1295
883
899
1296
900
1297
885
901
1298
886
902
1299
887
903
1300
888
904
1301
889
905
1302
890
906
1303
891
907
1304
892
908
1305
893
909
1306
894
910
1307
895
911
1308
896
912
1309
897
913
1310
898
914
1311
899
915
1312
900
916
1313
917
1314
902
918
1315
903
919
1316
904
920
1317
905
921
1318
906
922
1319
907
923
1320
908
924
1321
909
925
1322
910
926
1323
911
927
1324
912
928
1325
913
929
1326
914
930
1327
915
931
1328
916
932
1329
917
933
1330
934
1331
919
935
1332
920
936
1333
921
937
1334
922
938
1335
923
939
1336
924
940
1337
925
941
1338
926
942
1339
927
943
1340
928
944
1341
929
945
1342
930
946
1343
931
947
1344
932
948
1345
933
949
1346
934
950
1347
951
1348
936
952
1349
937
953
1350
938
954
1351
939
955
1352
940
956
1353
941
957
1354
942
958
1355
943
959
1356
944
960
1357
945
961
1358
946
962
1359
947
963
1360
948
964
1361
949
965
1362
950
966
1363
951
967
1364
968
1365
953
969
1366
954
970
1367
955
971
1368
956
972
1369
957
973
1370
958
974
1371
959
975
1372
960
976
1373
961
977
1374
962
978
1375
963
979
1376
964
980
1377
965
981
1378
966
982
1379
967
983
1380
968
984
1381
985
1382
970
986
1383
971
987
1384
972
988
1385
973
989
1386
974
990
1387
975
991
1388
976
992
1389
977
993
1390
978
994
1391
979
995
1392
980
996
1393
981
997
1394
982
998
1395
983
999
1396
984
1000
1397
985
1001
1398
1002
1399
987
1003
1400
988
1004
1401
989
1005
1402
990
1006
1403
991
1007
1404
992
1008
1405
993
1009
1406
994
1010
1407
995
1011
1408
996
1012
1409
997
1013
1410
998
1014
1411
999
1015
1412
1000
1016
1413
1001
1017
1414
1002
1018
1415
1019
1416
1004
1020
1417
1005
1021
1418
1006
1022
1419
1007
1023
1420
1008
1024
1421
1009
1025
1422
1010
1026
1423
1011
1027
1424
1012
1028
1425
1013
1029
1426
1014
1030
1427
1015
1031
1428
1016
1032
1429
1017
1033
1430
1018
1034
1431
1019
1035
1432
1036
1433
1021
1037
1434
1022
1038
1435
1023
1039
1436
1024
1040
1437
1025
1041
1438
1026
1042
1439
1027
1043
1440
1028
1044
1441
1029
1045
1442
1030
1046
1443
1031
1047
1444
1032
1048
1445
1033
1049
1446
1034
1050
1447
1035
1051
1448
1036
1052
1449
1053
1450
1038
1054
1451
1039
1055
1452
1040
1056
1453
1041
1057
1454
1042
1058
1455
1043
1059
1456
1044
1060
1457
1045
1061
1458
1046
1062
1459
1047
1063
1460
1048
1064
1461
1049
1065
1462
1050
1066
1463
1051
1067
1464
1052
1068
1465
1053
1069
1466
1070
1467
1055
1071
1468
1056
1072
1469
1057
1073
1470
1058
1074
1471
1059
1075
1472
1060
1076
1473
1061
1077
1474
1062
1078
1475
1063
1079
1476
1064
1080
1477
1065
1081
1478
1066
1082
1479
1067
1083
1480
1068
1084
1481
1069
1085
1482
1070
1086
1483
1087
1484
1072
1088
1485
1073
1089
1486
1074
1090
1487
1075
1091
1488
1076
1092
1489
1077
1093
1490
1078
1094
1491
1079
1095
1492
1080
1096
1493
1081
1097
1494
1082
1098
1495
1083
1099
1496
1084
1100
1497
1085
1101
1498
1086
1102
1499
1087
1103
1500
1104
1501
1089
1105
1502
1090
1106
1503
1091
1107
1504
1092
1108
1505
1093
1109
1506
1094
1110
1507
1095
1111
1508
1096
1112
1509
1097
1113
1510
1098
1114
1511
1099
1115
1512
1100
1116
1513
1101
1117
1514
1102
1118
1515
1103
1119
1516
1104
1120
1517
1121
1518
1106
1122
1519
1107
1123
1520
1108
1124
1521
1109
1125
1522
1110
1126
1523
1111
1127
1524
1112
1128
1525
1113
1129
1526
1114
1130
1527
1115
1131
1528
1116
1132
1529
1117
1133
1530
1118
1134
1531
1119
1135
1532
1120
1136
1533
1121
1137
1534
1138
1535
1123
1139
1536
1124
1140
1537
1125
1141
1538
1126
1142
1539
1127
1143
1540
1128
1144
1541
1129
1145
1542
1130
1146
1543
1131
1147
1544
1132
1148
1545
1133
1149
1546
1134
1150
1547
1135
1151
1548
1136
1152
1549
1137
1153
1550
1138
1154
1551
1155
1552
1140
1156
1553
1141
1157
1554
1142
1158
1555
1143
1159
1556
1144
1160
1557
1145
1161
1558
1146
1162
1559
1147
1163
1560
1148
1164
1561
1149
1165
1562
1150
1166
1563
1151
1167
1564
1152
1168
1565
1153
1169
1566
1154
1170
1567
1155
1171
1568
1172
1569
1157
1173
1570
1158
1174
1571
1159
1175
1572
1160
1176
1573
1161
1177
1574
1162
1178
1575
1163
1179
1576
1164
1180
1577
1165
1181
1578
1166
1182
1579
1167
1183
1580
1168
1184
1581
1169
1185
1582
1170
1186
1583
1171
1187
1584
1172
1188
1585
1189
1586
1174
1190
1587
1175
1191
1588
1176
1192
1589
1177
1193
1590
1178
1194
1591
1179
1195
1592
1180
1196
1593
1181
1197
1594
1182
1198
1595
1183
1199
1596
1184
1200
1597
1185
1201
1598
1186
1202
1599
1187
1203
1600
1188
1204
1601
1189
1205
1602
1206
1603
1191
1207
1604
1192
1208
1605
1193
1209
1606
1194
1210
1607
1195
1211
1608
1196
1212
1609
1197
1213
1610
1198
1214
1611
1199
1215
1612
1200
1216
1613
1201
1217
1614
1202
1218
1615
1203
1219
1616
1204
1220
1617
1205
1221
1618
1206
1222
1619
1223
1620
1208
1224
1621
1209
1225
1622
1210
1226
1623
1211
1227
1624
1212
1228
1625
1213
1229
1626
1214
1230
1627
1215
1231
1628
1216
1232
1629
1217
1233
1630
1218
1234
1631
1219
1235
1632
1220
1236
1633
1221
1237
1634
1222
1238
1635
1223
1239
1636
1240
1637
1225
1241
1638
1226
1242
1639
1227
1243
1640
1228
1244
1641
1229
1245
1642
1230
1246
1643
1231
1247
1644
1232
1248
1645
1233
1249
1646
1234
1250
1647
1235
1251
1648
1236
1252
1649
1237
1253
1650
1238
1254
1651
1239
1255
1652
1240
1256
1653
1257
1654
1242
1655
1243
1656
1244
1657
1245
1658
1246
1659
1247
1660
1248
1661
1249
1662
1250
1663
1251
1664
1252
1665
1253
1666
1254
1667
1255
1668
1256
1669
1257
1670
1671
1259
1275
1260
1276
1261
1277
1262
1278
1672
1263
1279
1673
1280
1674
1265
1281
1675
1266
1282
1676
1267
1283
1677
1268
1284
1678
1269
1285
1679
1270
1286
1680
1271
1287
1681
1272
1288
1682
1273
1289
1683
1274
1290
1684
1275
1291
1685
1276
1292
1686
1277
1293
1687
1278
1294
1688
1279
1295
1689
1280
1296
1690
1297
1691
1282
1298
1692
1283
1299
1693
1284
1300
1694
1285
1301
1695
1286
1302
1696
1287
1303
1697
1288
1304
1698
1289
1305
1699
1290
1306
1700
1291
1307
1701
1292
1308
1702
1293
1309
1703
1294
1310
1704
1295
1311
1705
1296
1312
1706
1297
1313
1707
1314
1708
1299
1315
1709
1300
1316
1710
1301
1317
1711
1302
1318
1712
1303
1319
1713
1304
1320
1714
1305
1321
1715
1306
1322
1716
1307
1323
1717
1308
1324
1718
1309
1325
1719
1310
1326
1720
1311
1327
1721
1312
1328
1722
1313
1329
1723
1314
1330
1724
1331
1725
1316
1332
1726
1317
1333
1727
1318
1334
1728
1319
1335
1729
1320
1336
1730
1321
1337
1731
1322
1338
1732
1323
1339
1733
1324
1340
1734
1325
1341
1735
1326
1342
1736
1327
1343
1737
1328
1344
1738
1329
1345
1739
1330
1346
1740
1331
1347
1741
1348
1742
1333
1349
1743
1334
1350
1744
1335
1351
1745
1336
1352
1746
1337
1353
1747
1338
1354
1748
1339
1355
1749
1340
1356
1750
1341
1357
1751
1342
1358
1752
1343
1359
1753
1344
1360
1754
1345
1361
1755
1346
1362
1756
1347
1363
1757
1348
1364
1758
1365
1759
1350
1366
1760
1351
1367
1761
1352
1368
1762
1353
1369
1763
1354
1370
1764
1355
1371
1765
1356
1372
1766
1357
1373
1767
1358
1374
1768
1359
1375
1769
1360
1376
1770
1361
1377
1771
1362
1378
1772
1363
1379
1773
1364
1380
1774
1365
1381
1775
1382
1776
1367
1383
1777
1368
1384
1778
1369
1385
1779
1370
1386
1780
1371
1387
1781
1372
1388
1782
1373
1389
1783
1374
1390
1784
1375
1391
1785
1376
1392
1786
1377
1393
1787
1378
1394
1788
1379
1395
1789
1380
1396
1790
1381
1397
1791
1382
1398
1792
1399
1793
1384
1400
1794
1385
1401
1795
1386
1402
1796
1387
1403
1797
1388
1404
1798
1389
1405
1799
1390
1406
1800
1391
1407
1801
1392
1408
1802
1393
1409
1803
1394
1410
1804
1395
1411
1805
1396
1412
1806
1397
1413
1807
1398
1414
1808
1399
1415
1809
1416
1810
1401
1417
1811
1402
1418
1812
1403
1419
1813
1404
1420
1814
1405
1421
1815
1406
1422
1816
1407
1423
1817
1408
1424
1818
1409
1425
1819
1410
1426
1820
1411
1427
1821
1412
1428
1822
1413
1429
1823
1414
1430
1824
1415
1431
1825
1416
1432
1826
1433
1827
1418
1434
1828
1419
1435
1829
1420
1436
1830
1421
1437
1831
1422
1438
1832
1423
1439
1833
1424
1440
1834
1425
1441
1835
1426
1442
1836
1427
1443
1837
1428
1444
1838
1429
1445
1839
1430
1446
1840
1431
1447
1841
1432
1448
1842
1433
1449
1843
1450
1844
1435
1451
1845
1436
1452
1846
1437
1453
1847
1438
1454
1848
1439
1455
1849
1440
1456
1850
1441
1457
1851
1442
1458
1852
1443
1459
1853
1444
1460
1854
1445
1461
1855
1446
1462
1856
1447
1463
1857
1448
1464
1858
1449
1465
1859
1450
1466
1860
1467
1861
1452
1468
1862
1453
1469
1863
1454
1470
1864
1455
1471
1865
1456
1472
1866
1457
1473
1867
1458
1474
1868
1459
1475
1869
1460
1476
1870
1461
1477
1871
1462
1478
1872
1463
1479
1873
1464
1480
1874
1465
1481
1875
1466
1482
1876
1467
1483
1877
1484
1878
1469
1485
1879
1470
1486
1880
1471
1487
1881
1472
1488
1882
1473
1489
1883
1474
1490
1884
1475
1491
1885
1476
1492
1886
1477
1493
1887
1478
1494
1888
1479
1495
1889
1480
1496
1890
1481
1497
1891
1482
1498
1892
1483
1499
1893
1484
1500
1894
1501
1895
1486
1502
1896
1487
1503
1897
1488
1504
1898
1489
1505
1899
1490
1506
1900
1491
1507
1901
1492
1508
1902
1493
1509
1903
1494
1510
1904
1495
1511
1905
1496
1512
1906
1497
1513
1907
1498
1514
1908
1499
1515
1909
1500
1516
1910
1501
1517
1911
1518
1912
1503
1519
1913
1504
1520
1914
1505
1521
1915
1506
1522
1916
1507
1523
1917
1508
1524
1918
1509
1525
1919
1510
1526
1920
1511
1527
1921
1512
1528
1922
1513
1529
1923
1514
1530
1924
1515
1531
1925
1516
1532
1926
1517
1533
1927
1518
1534
1928
1535
1929
1520
1536
1930
1521
1537
1931
1522
1538
1932
1523
1539
1933
1524
1540
1934
1525
1541
1935
1526
1542
1936
1527
1543
1937
1528
1544
1938
1529
1545
1939
1530
1546
1940
1531
1547
1941
1532
1548
1942
1533
1549
1943
1534
1550
1944
1535
1551
1945
1552
1946
1537
1553
1947
1538
1554
1948
1539
1555
1949
1540
1556
1950
1541
1557
1951
1542
1558
1952
1543
1559
1953
1544
1560
1954
1545
1561
1955
1546
1562
1956
1547
1563
1957
1548
1564
1958
1549
1565
1959
1550
1566
1960
1551
1567
1961
1552
1568
1962
1569
1963
1554
1570
1964
1555
1571
1965
1556
1572
1966
1557
1573
1967
1558
1574
1968
1559
1575
1969
1560
1576
1970
1561
1577
1971
1562
1578
1972
1563
1579
1973
1564
1580
1974
1565
1581
1975
1566
1582
1976
1567
1583
1977
1568
1584
1978
1569
1585
1979
1586
1980
1571
1587
1981
1572
1588
1982
1573
1589
1983
1574
1590
1984
1575
1591
1985
1576
1592
1986
1577
1593
1987
1578
1594
1988
1579
1595
1989
1580
1596
1990
1581
1597
1991
1582
1598
1992
1583
1599
1993
1584
1600
1994
1585
1601
1995
1586
1602
1996
1603
1997
1588
1604
1998
1589
1605
1999
1590
1606
2000
1591
1607
2001
1592
1608
2002
1593
1609
2003
1594
1610
2004
1595
1611
2005
1596
1612
2006
1597
1613
2007
1598
1614
2008
1599
1615
2009
1600
1616
2010
1601
1617
2011
1602
1618
2012
1603
1619
2013
1620
2014
1605
1621
2015
1606
1622
2016
1607
1623
2017
1608
1624
2018
1609
1625
2019
1610
1626
2020
1611
1627
2021
1612
1628
2022
1613
1629
2023
1614
1630
2024
1615
1631
2025
1616
1632
2026
1617
1633
2027
1618
1634
2028
1619
1635
2029
1620
1636
2030
1637
2031
1622
1638
2032
1623
1639
2033
1624
1640
2034
1625
1641
2035
1626
1642
2036
1627
1643
2037
1628
1644
2038
1629
1645
2039
1630
1646
2040
1631
1647
2041
1632
1648
2042
1633
1649
2043
1634
1650
2044
1635
1651
2045
1636
1652
2046
1637
1653
2047
1654
2048
1639
1655
2049
1640
1656
2050
1641
1657
2051
1642
1658
2052
1643
1659
2053
1644
1660
2054
1645
1661
2055
1646
1662
2056
1647
1663
2057
1648
1664
2058
1649
1665
2059
1650
1666
2060
1651
1667
2061
1652
1668
2062
1653
1669
2063
1654
1670
2064
1671
2065
1656
2066
1657
2067
1658
2068
1659
2069
1660
2070
1661
2071
1662
2072
1663
2073
1664
2074
1665
2075
1666
2076
1667
2077
1668
2078
1669
2079
1670
2080
1671
2081
2082
1673
1689
1674
1690
1691
1676
1692
1677
1693
1678
1694
1679
1695
1680
1696
1681
1697
1682
1698
1683
1699
1684
1700
1685
1701
1686
1702
1687
1703
1688
1704
1689
1705
1690
1706
1691
1707
1708
1693
1709
1694
1710
1695
1711
1696
1712
1697
1713
1698
1714
1699
1715
1700
1716
1701
1717
1702
1718
1703
1719
1704
1720
1705
1721
1706
1722
1707
1723
1708
1724
1725
1710
1726
1711
1727
1712
1728
1713
1729
1714
1730
1715
1731
1716
1732
1717
1733
1718
1734
1719
1735
1720
1736
1721
1737
1722
1738
1723
1739
1724
1740
1725
1741
1742
1727
1743
1728
1744
1729
1745
1730
1746
1731
1747
1732
1748
1733
1749
1734
1750
1735
1751
1736
1752
1737
1753
1738
1754
1739
1755
1740
1756
1741
1757
1742
1758
1759
1744
1760
1745
1761
1746
1762
1747
1763
1748
1764
1749
1765
1750
1766
1751
1767
1752
1768
1753
1769
1754
1770
1755
1771
1756
1772
1757
1773
1758
1774
1759
1775
1776
1761
1777
1762
1778
1763
1779
1764
1780
1765
1781
1766
1782
1767
1783
1768
1784
1769
1785
1770
1786
1771
1787
1772
1788
1773
1789
1774
1790
1775
1791
1776
1792
1793
1778
1794
1779
1795
1780
1796
1781
1797
1782
1798
1783
1799
1784
1800
1785
1801
1786
1802
1787
1803
1788
1804
1789
1805
1790
1806
1791
1807
1792
1808
1793
1809
1810
1795
1811
1796
1812
1797
1813
1798
1814
1799
1815
1800
1816
1801
1817
1802
1818
1803
1819
1804
1820
1805
1821
1806
1822
1807
1823
1808
1824
1809
1825
1810
1826
1827
1812
1828
1813
1829
1814
1830
1815
1831
1816
1832
1817
1833
1818
1834
1819
1835
1820
1836
1821
1837
1822
1838
1823
1839
1824
1840
1825
1841
1826
1842
1827
1843
1844
1829
1845
1830
1846
1831
1847
1832
1848
1833
1849
1834
1850
1835
1851
1836
1852
1837
1853
1838
1854
1839
1855
1840
1856
1841
1857
1842
1858
1843
1859
1844
1860
1861
1846
1862
1847
1863
1848
1864
1849
1865
1850
1866
1851
1867
1852
1868
1853
1869
1854
1870
1855
1871
1856
1872
1857
1873
1858
1874
1859
1875
1860
1876
1861
1877
1878
1863
1879
1864
1880
1865
1881
1866
1882
1867
1883
1868
1884
1869
1885
1870
1886
1871
1887
1872
1888
1873
1889
1874
1890
1875
1891
1876
1892
1877
1893
1878
1894
1895
1880
1896
1881
1897
1882
1898
1883
1899
1884
1900
1885
1901
1886
1902
1887
1903
1888
1904
1889
1905
1890
1906
1891
1907
1892
1908
1893
1909
1894
1910
1895
1911
1912
1897
1913
1898
1914
1899
1915
1900
1916
1901
1917
1902
1918
1903
1919
1904
1920
1905
1921
1906
1922
1907
1923
1908
1924
1909
1925
1910
1926
1911
1927
1912
1928
1929
1914
1930
1915
1931
1916
1932
1917
1933
1918
1934
1919
1935
1920
1936
1921
1937
1922
1938
1923
1939
1924
1940
1925
1941
1926
1942
1927
1943
1928
1944
1929
1945
1946
1931
1947
1932
1948
1933
1949
1934
1950
1935
1951
1936
1952
1937
1953
1938
1954
1939
1955
1940
1956
1941
1957
1942
1958
1943
1959
1944
1960
1945
1961
1946
1962
1963
1948
1964
1949
1965
1950
1966
1951
1967
1952
1968
1953
1969
1954
1970
1955
1971
1956
1972
1957
1973
1958
1974
1959
1975
1960
1976
1961
1977
1962
1978
1963
1979
1980
1965
1981
1966
1982
1967
1983
1968
1984
1969
1985
1970
1986
1971
1987
1972
1988
1973
1989
1974
1990
1975
1991
1976
1992
1977
1993
1978
1994
1979
1995
1980
1996
1997
1982
1998
1983
1999
1984
2000
1985
2001
1986
2002
1987
2003
1988
2004
1989
2005
1990
2006
1991
2007
1992
2008
1993
2009
1994
2010
1995
2011
1996
2012
1997
2013
2014
1999
2015
2000
2016
2001
2017
2002
2018
2003
2019
2004
2020
2005
2021
2006
2022
2007
2023
2008
2024
2009
2025
2010
2026
2011
2027
2012
2028
2013
2029
2014
2030
2031
2016
2032
2017
2033
2018
2034
2019
2035
2020
2036
2021
2037
2022
2038
2023
2039
2024
2040
2025
2041
2026
2042
2027
2043
2028
2044
2029
2045
2030
2046
2031
2047
2048
2033
2049
2034
2050
2035
2051
2036
2052
2037
2053
2038
2054
2039
2055
2040
2056
2041
2057
2042
2058
2043
2059
2044
2060
2045
2061
2046
2062
2047
2063
2048
2064
2065
2050
2066
2051
2067
2052
2068
2053
2069
2054
2070
2055
2071
2056
2072
2057
2073
2058
2074
2059
2075
2060
2076
2061
2077
2062
2078
2063
2079
2064
2080
2065
2081
2082
2067
2068
2069
2070
2071
2072
2073
2074
2075
2076
2077
2078
2079
2080
2081
2082
)


// ************************************************************************* //
