/*--------------------------------*- C++ -*----------------------------------*\
  =========                 |
  \\      /  F ield         | OpenFOAM: The Open Source CFD Toolbox
   \\    /   O peration     | Website:  https://openfoam.org
    \\  /    A nd           | Version:  10
     \\/     M anipulation  |
\*---------------------------------------------------------------------------*/
FoamFile
{
    format      ascii;
    class       vectorField;
    location    "constant/polyMesh";
    object      points;
}
// * * * * * * * * * * * * * * * * * * * * * * * * * * * * * * * * * * * * * //


2763
(
(-88 0 0)
(-84 0 0)
(-80 0 0)
(-76 0 0)
(-72 0 0)
(-68 0 0)
(-64 0 0)
(-60 0 0)
(-56 0 0)
(-52 0 0)
(-48 0 0)
(-44 0 0)
(-40 0 0)
(-36 0 0)
(-32 0 0)
(-100 4 0)
(-96 4 0)
(-92 4 0)
(-88 4 0)
(-84 4 0)
(-80 4 0)
(-76 4 0)
(-72 4 0)
(-68 4 0)
(-64 4 0)
(-60 4 0)
(-56 4 0)
(-52 4 0)
(-48 4 0)
(-44 4 0)
(-40 4 0)
(-36 4 0)
(-32 4 0)
(-100 8 0)
(-96 8 0)
(-92 8 0)
(-88 8 0)
(-84 8 0)
(-80 8 0)
(-76 8 0)
(-72 8 0)
(-68 8 0)
(-64 8 0)
(-60 8 0)
(-56 8 0)
(-52 8 0)
(-48 8 0)
(-44 8 0)
(-40 8 0)
(-36 8 0)
(-32 8 0)
(-100 12 0)
(-96 12 0)
(-92 12 0)
(-88 12 0)
(-84 12 0)
(-80 12 0)
(-76 12 0)
(-72 12 0)
(-68 12 0)
(-64 12 0)
(-60 12 0)
(-56 12 0)
(-52 12 0)
(-48 12 0)
(-44 12 0)
(-40 12 0)
(-36 12 0)
(-32 12 0)
(-100 16 0)
(-96 16 0)
(-92 16 0)
(-88 16 0)
(-84 16 0)
(-80 16 0)
(-76 16 0)
(-72 16 0)
(-68 16 0)
(-64 16 0)
(-60 16 0)
(-56 16 0)
(-52 16 0)
(-48 16 0)
(-44 16 0)
(-40 16 0)
(-36 16 0)
(-32 16 0)
(-100 20 0)
(-96 20 0)
(-92 20 0)
(-88 20 0)
(-84 20 0)
(-80 20 0)
(-76 20 0)
(-72 20 0)
(-68 20 0)
(-64 20 0)
(-60 20 0)
(-56 20 0)
(-52 20 0)
(-48 20 0)
(-44 20 0)
(-40 20 0)
(-36 20 0)
(-32 20 0)
(-100 24 0)
(-96 24 0)
(-92 24 0)
(-88 24 0)
(-84 24 0)
(-80 24 0)
(-76 24 0)
(-72 24 0)
(-68 24 0)
(-64 24 0)
(-60 24 0)
(-56 24 0)
(-52 24 0)
(-48 24 0)
(-44 24 0)
(-40 24 0)
(-36 24 0)
(-32 24 0)
(-100 28 0)
(-96 28 0)
(-92 28 0)
(-88 28 0)
(-84 28 0)
(-80 28 0)
(-76 28 0)
(-72 28 0)
(-68 28 0)
(-64 28 0)
(-60 28 0)
(-56 28 0)
(-52 28 0)
(-48 28 0)
(-44 28 0)
(-40 28 0)
(-36 28 0)
(-32 28 0)
(-100 32 0)
(-96 32 0)
(-92 32 0)
(-88 32 0)
(-84 32 0)
(-80 32 0)
(-76 32 0)
(-72 32 0)
(-68 32 0)
(-64 32 0)
(-60 32 0)
(-56 32 0)
(-52 32 0)
(-48 32 0)
(-44 32 0)
(-40 32 0)
(-36 32 0)
(-32 32 0)
(-100 36 0)
(-96 36 0)
(-92 36 0)
(-88 36 0)
(-84 36 0)
(-80 36 0)
(-76 36 0)
(-72 36 0)
(-68 36 0)
(-64 36 0)
(-60 36 0)
(-56 36 0)
(-52 36 0)
(-48 36 0)
(-44 36 0)
(-40 36 0)
(-36 36 0)
(-32 36 0)
(-100 40 0)
(-96 40 0)
(-92 40 0)
(-88 40 0)
(-84 40 0)
(-80 40 0)
(-76 40 0)
(-72 40 0)
(-68 40 0)
(-64 40 0)
(-60 40 0)
(-56 40 0)
(-52 40 0)
(-48 40 0)
(-44 40 0)
(-40 40 0)
(-36 40 0)
(-32 40 0)
(-100 44 0)
(-96 44 0)
(-92 44 0)
(-88 44 0)
(-84 44 0)
(-80 44 0)
(-76 44 0)
(-72 44 0)
(-68 44 0)
(-64 44 0)
(-60 44 0)
(-56 44 0)
(-52 44 0)
(-48 44 0)
(-44 44 0)
(-40 44 0)
(-36 44 0)
(-32 44 0)
(-100 48 0)
(-96 48 0)
(-92 48 0)
(-88 48 0)
(-84 48 0)
(-80 48 0)
(-76 48 0)
(-72 48 0)
(-68 48 0)
(-64 48 0)
(-60 48 0)
(-56 48 0)
(-52 48 0)
(-48 48 0)
(-44 48 0)
(-40 48 0)
(-36 48 0)
(-32 48 0)
(-100 52 0)
(-96 52 0)
(-92 52 0)
(-88 52 0)
(-84 52 0)
(-80 52 0)
(-76 52 0)
(-72 52 0)
(-68 52 0)
(-64 52 0)
(-60 52 0)
(-56 52 0)
(-52 52 0)
(-48 52 0)
(-44 52 0)
(-40 52 0)
(-36 52 0)
(-32 52 0)
(-100 56 0)
(-96 56 0)
(-92 56 0)
(-88 56 0)
(-84 56 0)
(-80 56 0)
(-76 56 0)
(-72 56 0)
(-68 56 0)
(-64 56 0)
(-60 56 0)
(-56 56 0)
(-52 56 0)
(-48 56 0)
(-44 56 0)
(-40 56 0)
(-36 56 0)
(-32 56 0)
(-100 60 0)
(-96 60 0)
(-92 60 0)
(-88 60 0)
(-84 60 0)
(-80 60 0)
(-76 60 0)
(-72 60 0)
(-68 60 0)
(-64 60 0)
(-60 60 0)
(-56 60 0)
(-52 60 0)
(-48 60 0)
(-44 60 0)
(-40 60 0)
(-36 60 0)
(-32 60 0)
(-100 64 0)
(-96 64 0)
(-92 64 0)
(-88 64 0)
(-84 64 0)
(-80 64 0)
(-76 64 0)
(-72 64 0)
(-68 64 0)
(-64 64 0)
(-60 64 0)
(-56 64 0)
(-52 64 0)
(-48 64 0)
(-44 64 0)
(-40 64 0)
(-36 64 0)
(-32 64 0)
(-100 68 0)
(-96 68 0)
(-92 68 0)
(-88 68 0)
(-84 68 0)
(-80 68 0)
(-76 68 0)
(-72 68 0)
(-68 68 0)
(-64 68 0)
(-60 68 0)
(-56 68 0)
(-52 68 0)
(-48 68 0)
(-44 68 0)
(-40 68 0)
(-36 68 0)
(-32 68 0)
(-100 72 0)
(-96 72 0)
(-92 72 0)
(-88 72 0)
(-84 72 0)
(-80 72 0)
(-76 72 0)
(-72 72 0)
(-68 72 0)
(-64 72 0)
(-60 72 0)
(-56 72 0)
(-52 72 0)
(-48 72 0)
(-44 72 0)
(-40 72 0)
(-36 72 0)
(-32 72 0)
(-100 76 0)
(-96 76 0)
(-92 76 0)
(-88 76 0)
(-84 76 0)
(-80 76 0)
(-76 76 0)
(-72 76 0)
(-68 76 0)
(-64 76 0)
(-60 76 0)
(-56 76 0)
(-52 76 0)
(-48 76 0)
(-44 76 0)
(-40 76 0)
(-36 76 0)
(-32 76 0)
(-100 80 0)
(-96 80 0)
(-92 80 0)
(-88 80 0)
(-84 80 0)
(-80 80 0)
(-76 80 0)
(-72 80 0)
(-68 80 0)
(-64 80 0)
(-60 80 0)
(-56 80 0)
(-52 80 0)
(-48 80 0)
(-44 80 0)
(-40 80 0)
(-36 80 0)
(-32 80 0)
(-100 84 0)
(-96 84 0)
(-92 84 0)
(-88 84 0)
(-84 84 0)
(-80 84 0)
(-76 84 0)
(-72 84 0)
(-68 84 0)
(-64 84 0)
(-60 84 0)
(-56 84 0)
(-52 84 0)
(-48 84 0)
(-44 84 0)
(-40 84 0)
(-36 84 0)
(-32 84 0)
(-100 88 0)
(-96 88 0)
(-92 88 0)
(-88 88 0)
(-84 88 0)
(-80 88 0)
(-76 88 0)
(-72 88 0)
(-68 88 0)
(-64 88 0)
(-60 88 0)
(-56 88 0)
(-52 88 0)
(-48 88 0)
(-44 88 0)
(-40 88 0)
(-36 88 0)
(-32 88 0)
(-100 92 0)
(-96 92 0)
(-92 92 0)
(-88 92 0)
(-84 92 0)
(-80 92 0)
(-76 92 0)
(-72 92 0)
(-68 92 0)
(-64 92 0)
(-60 92 0)
(-56 92 0)
(-52 92 0)
(-48 92 0)
(-44 92 0)
(-40 92 0)
(-36 92 0)
(-32 92 0)
(-100 96 0)
(-96 96 0)
(-92 96 0)
(-88 96 0)
(-84 96 0)
(-80 96 0)
(-76 96 0)
(-72 96 0)
(-68 96 0)
(-64 96 0)
(-60 96 0)
(-56 96 0)
(-52 96 0)
(-48 96 0)
(-44 96 0)
(-40 96 0)
(-36 96 0)
(-32 96 0)
(-100 100 0)
(-96 100 0)
(-92 100 0)
(-88 100 0)
(-84 100 0)
(-80 100 0)
(-76 100 0)
(-72 100 0)
(-68 100 0)
(-64 100 0)
(-60 100 0)
(-56 100 0)
(-52 100 0)
(-48 100 0)
(-44 100 0)
(-40 100 0)
(-36 100 0)
(-32 100 0)
(-88 0 5)
(-84 0 5)
(-80 0 5)
(-76 0 5)
(-72 0 5)
(-68 0 5)
(-64 0 5)
(-60 0 5)
(-56 0 5)
(-52 0 5)
(-48 0 5)
(-44 0 5)
(-40 0 5)
(-36 0 5)
(-32 0 5)
(-100 4 5)
(-96 4 5)
(-92 4 5)
(-88 4 5)
(-84 4 5)
(-80 4 5)
(-76 4 5)
(-72 4 5)
(-68 4 5)
(-64 4 5)
(-60 4 5)
(-56 4 5)
(-52 4 5)
(-48 4 5)
(-44 4 5)
(-40 4 5)
(-36 4 5)
(-32 4 5)
(-100 8 5)
(-96 8 5)
(-92 8 5)
(-88 8 5)
(-84 8 5)
(-80 8 5)
(-76 8 5)
(-72 8 5)
(-68 8 5)
(-64 8 5)
(-60 8 5)
(-56 8 5)
(-52 8 5)
(-48 8 5)
(-44 8 5)
(-40 8 5)
(-36 8 5)
(-32 8 5)
(-100 12 5)
(-96 12 5)
(-92 12 5)
(-88 12 5)
(-84 12 5)
(-80 12 5)
(-76 12 5)
(-72 12 5)
(-68 12 5)
(-64 12 5)
(-60 12 5)
(-56 12 5)
(-52 12 5)
(-48 12 5)
(-44 12 5)
(-40 12 5)
(-36 12 5)
(-32 12 5)
(-100 16 5)
(-96 16 5)
(-92 16 5)
(-88 16 5)
(-84 16 5)
(-80 16 5)
(-76 16 5)
(-72 16 5)
(-68 16 5)
(-64 16 5)
(-60 16 5)
(-56 16 5)
(-52 16 5)
(-48 16 5)
(-44 16 5)
(-40 16 5)
(-36 16 5)
(-32 16 5)
(-100 20 5)
(-96 20 5)
(-92 20 5)
(-88 20 5)
(-84 20 5)
(-80 20 5)
(-76 20 5)
(-72 20 5)
(-68 20 5)
(-64 20 5)
(-60 20 5)
(-56 20 5)
(-52 20 5)
(-48 20 5)
(-44 20 5)
(-40 20 5)
(-36 20 5)
(-32 20 5)
(-100 24 5)
(-96 24 5)
(-92 24 5)
(-88 24 5)
(-84 24 5)
(-80 24 5)
(-76 24 5)
(-72 24 5)
(-68 24 5)
(-64 24 5)
(-60 24 5)
(-56 24 5)
(-52 24 5)
(-48 24 5)
(-44 24 5)
(-40 24 5)
(-36 24 5)
(-32 24 5)
(-100 28 5)
(-96 28 5)
(-92 28 5)
(-88 28 5)
(-84 28 5)
(-80 28 5)
(-76 28 5)
(-72 28 5)
(-68 28 5)
(-64 28 5)
(-60 28 5)
(-56 28 5)
(-52 28 5)
(-48 28 5)
(-44 28 5)
(-40 28 5)
(-36 28 5)
(-32 28 5)
(-100 32 5)
(-96 32 5)
(-92 32 5)
(-88 32 5)
(-84 32 5)
(-80 32 5)
(-76 32 5)
(-72 32 5)
(-68 32 5)
(-64 32 5)
(-60 32 5)
(-56 32 5)
(-52 32 5)
(-48 32 5)
(-44 32 5)
(-40 32 5)
(-36 32 5)
(-32 32 5)
(-100 36 5)
(-96 36 5)
(-92 36 5)
(-88 36 5)
(-84 36 5)
(-80 36 5)
(-76 36 5)
(-72 36 5)
(-68 36 5)
(-64 36 5)
(-60 36 5)
(-56 36 5)
(-52 36 5)
(-48 36 5)
(-44 36 5)
(-40 36 5)
(-36 36 5)
(-32 36 5)
(-100 40 5)
(-96 40 5)
(-92 40 5)
(-88 40 5)
(-84 40 5)
(-80 40 5)
(-76 40 5)
(-72 40 5)
(-68 40 5)
(-64 40 5)
(-60 40 5)
(-56 40 5)
(-52 40 5)
(-48 40 5)
(-44 40 5)
(-40 40 5)
(-36 40 5)
(-32 40 5)
(-100 44 5)
(-96 44 5)
(-92 44 5)
(-88 44 5)
(-84 44 5)
(-80 44 5)
(-76 44 5)
(-72 44 5)
(-68 44 5)
(-64 44 5)
(-60 44 5)
(-56 44 5)
(-52 44 5)
(-48 44 5)
(-44 44 5)
(-40 44 5)
(-36 44 5)
(-32 44 5)
(-100 48 5)
(-96 48 5)
(-92 48 5)
(-88 48 5)
(-84 48 5)
(-80 48 5)
(-76 48 5)
(-72 48 5)
(-68 48 5)
(-64 48 5)
(-60 48 5)
(-56 48 5)
(-52 48 5)
(-48 48 5)
(-44 48 5)
(-40 48 5)
(-36 48 5)
(-32 48 5)
(-100 52 5)
(-96 52 5)
(-92 52 5)
(-88 52 5)
(-84 52 5)
(-80 52 5)
(-76 52 5)
(-72 52 5)
(-68 52 5)
(-64 52 5)
(-60 52 5)
(-56 52 5)
(-52 52 5)
(-48 52 5)
(-44 52 5)
(-40 52 5)
(-36 52 5)
(-32 52 5)
(-100 56 5)
(-96 56 5)
(-92 56 5)
(-88 56 5)
(-84 56 5)
(-80 56 5)
(-76 56 5)
(-72 56 5)
(-68 56 5)
(-64 56 5)
(-60 56 5)
(-56 56 5)
(-52 56 5)
(-48 56 5)
(-44 56 5)
(-40 56 5)
(-36 56 5)
(-32 56 5)
(-100 60 5)
(-96 60 5)
(-92 60 5)
(-88 60 5)
(-84 60 5)
(-80 60 5)
(-76 60 5)
(-72 60 5)
(-68 60 5)
(-64 60 5)
(-60 60 5)
(-56 60 5)
(-52 60 5)
(-48 60 5)
(-44 60 5)
(-40 60 5)
(-36 60 5)
(-32 60 5)
(-100 64 5)
(-96 64 5)
(-92 64 5)
(-88 64 5)
(-84 64 5)
(-80 64 5)
(-76 64 5)
(-72 64 5)
(-68 64 5)
(-64 64 5)
(-60 64 5)
(-56 64 5)
(-52 64 5)
(-48 64 5)
(-44 64 5)
(-40 64 5)
(-36 64 5)
(-32 64 5)
(-100 68 5)
(-96 68 5)
(-92 68 5)
(-88 68 5)
(-84 68 5)
(-80 68 5)
(-76 68 5)
(-72 68 5)
(-68 68 5)
(-64 68 5)
(-60 68 5)
(-56 68 5)
(-52 68 5)
(-48 68 5)
(-44 68 5)
(-40 68 5)
(-36 68 5)
(-32 68 5)
(-100 72 5)
(-96 72 5)
(-92 72 5)
(-88 72 5)
(-84 72 5)
(-80 72 5)
(-76 72 5)
(-72 72 5)
(-68 72 5)
(-64 72 5)
(-60 72 5)
(-56 72 5)
(-52 72 5)
(-48 72 5)
(-44 72 5)
(-40 72 5)
(-36 72 5)
(-32 72 5)
(-100 76 5)
(-96 76 5)
(-92 76 5)
(-88 76 5)
(-84 76 5)
(-80 76 5)
(-76 76 5)
(-72 76 5)
(-68 76 5)
(-64 76 5)
(-60 76 5)
(-56 76 5)
(-52 76 5)
(-48 76 5)
(-44 76 5)
(-40 76 5)
(-36 76 5)
(-32 76 5)
(-100 80 5)
(-96 80 5)
(-92 80 5)
(-88 80 5)
(-84 80 5)
(-80 80 5)
(-76 80 5)
(-72 80 5)
(-68 80 5)
(-64 80 5)
(-60 80 5)
(-56 80 5)
(-52 80 5)
(-48 80 5)
(-44 80 5)
(-40 80 5)
(-36 80 5)
(-32 80 5)
(-100 84 5)
(-96 84 5)
(-92 84 5)
(-88 84 5)
(-84 84 5)
(-80 84 5)
(-76 84 5)
(-72 84 5)
(-68 84 5)
(-64 84 5)
(-60 84 5)
(-56 84 5)
(-52 84 5)
(-48 84 5)
(-44 84 5)
(-40 84 5)
(-36 84 5)
(-32 84 5)
(-100 88 5)
(-96 88 5)
(-92 88 5)
(-88 88 5)
(-84 88 5)
(-80 88 5)
(-76 88 5)
(-72 88 5)
(-68 88 5)
(-64 88 5)
(-60 88 5)
(-56 88 5)
(-52 88 5)
(-48 88 5)
(-44 88 5)
(-40 88 5)
(-36 88 5)
(-32 88 5)
(-100 92 5)
(-96 92 5)
(-92 92 5)
(-88 92 5)
(-84 92 5)
(-80 92 5)
(-76 92 5)
(-72 92 5)
(-68 92 5)
(-64 92 5)
(-60 92 5)
(-56 92 5)
(-52 92 5)
(-48 92 5)
(-44 92 5)
(-40 92 5)
(-36 92 5)
(-32 92 5)
(-100 96 5)
(-96 96 5)
(-92 96 5)
(-88 96 5)
(-84 96 5)
(-80 96 5)
(-76 96 5)
(-72 96 5)
(-68 96 5)
(-64 96 5)
(-60 96 5)
(-56 96 5)
(-52 96 5)
(-48 96 5)
(-44 96 5)
(-40 96 5)
(-36 96 5)
(-32 96 5)
(-100 100 5)
(-96 100 5)
(-92 100 5)
(-88 100 5)
(-84 100 5)
(-80 100 5)
(-76 100 5)
(-72 100 5)
(-68 100 5)
(-64 100 5)
(-60 100 5)
(-56 100 5)
(-52 100 5)
(-48 100 5)
(-44 100 5)
(-40 100 5)
(-36 100 5)
(-32 100 5)
(-76 0 10)
(-72 0 10)
(-68 0 10)
(-64 0 10)
(-60 0 10)
(-56 0 10)
(-52 0 10)
(-48 0 10)
(-44 0 10)
(-40 0 10)
(-36 0 10)
(-32 0 10)
(-100 4 10)
(-96 4 10)
(-92 4 10)
(-88 4 10)
(-84 4 10)
(-80 4 10)
(-76 4 10)
(-72 4 10)
(-68 4 10)
(-64 4 10)
(-60 4 10)
(-56 4 10)
(-52 4 10)
(-48 4 10)
(-44 4 10)
(-40 4 10)
(-36 4 10)
(-32 4 10)
(-100 8 10)
(-96 8 10)
(-92 8 10)
(-88 8 10)
(-84 8 10)
(-80 8 10)
(-76 8 10)
(-72 8 10)
(-68 8 10)
(-64 8 10)
(-60 8 10)
(-56 8 10)
(-52 8 10)
(-48 8 10)
(-44 8 10)
(-40 8 10)
(-36 8 10)
(-32 8 10)
(-100 12 10)
(-96 12 10)
(-92 12 10)
(-88 12 10)
(-84 12 10)
(-80 12 10)
(-76 12 10)
(-72 12 10)
(-68 12 10)
(-64 12 10)
(-60 12 10)
(-56 12 10)
(-52 12 10)
(-48 12 10)
(-44 12 10)
(-40 12 10)
(-36 12 10)
(-32 12 10)
(-100 16 10)
(-96 16 10)
(-92 16 10)
(-88 16 10)
(-84 16 10)
(-80 16 10)
(-76 16 10)
(-72 16 10)
(-68 16 10)
(-64 16 10)
(-60 16 10)
(-56 16 10)
(-52 16 10)
(-48 16 10)
(-44 16 10)
(-40 16 10)
(-36 16 10)
(-32 16 10)
(-100 20 10)
(-96 20 10)
(-92 20 10)
(-88 20 10)
(-84 20 10)
(-80 20 10)
(-76 20 10)
(-72 20 10)
(-68 20 10)
(-64 20 10)
(-60 20 10)
(-56 20 10)
(-52 20 10)
(-48 20 10)
(-44 20 10)
(-40 20 10)
(-36 20 10)
(-32 20 10)
(-100 24 10)
(-96 24 10)
(-92 24 10)
(-88 24 10)
(-84 24 10)
(-80 24 10)
(-76 24 10)
(-72 24 10)
(-68 24 10)
(-64 24 10)
(-60 24 10)
(-56 24 10)
(-52 24 10)
(-48 24 10)
(-44 24 10)
(-40 24 10)
(-36 24 10)
(-32 24 10)
(-100 28 10)
(-96 28 10)
(-92 28 10)
(-88 28 10)
(-84 28 10)
(-80 28 10)
(-76 28 10)
(-72 28 10)
(-68 28 10)
(-64 28 10)
(-60 28 10)
(-56 28 10)
(-52 28 10)
(-48 28 10)
(-44 28 10)
(-40 28 10)
(-36 28 10)
(-32 28 10)
(-100 32 10)
(-96 32 10)
(-92 32 10)
(-88 32 10)
(-84 32 10)
(-80 32 10)
(-76 32 10)
(-72 32 10)
(-68 32 10)
(-64 32 10)
(-60 32 10)
(-56 32 10)
(-52 32 10)
(-48 32 10)
(-44 32 10)
(-40 32 10)
(-36 32 10)
(-32 32 10)
(-100 36 10)
(-96 36 10)
(-92 36 10)
(-88 36 10)
(-84 36 10)
(-80 36 10)
(-76 36 10)
(-72 36 10)
(-68 36 10)
(-64 36 10)
(-60 36 10)
(-56 36 10)
(-52 36 10)
(-48 36 10)
(-44 36 10)
(-40 36 10)
(-36 36 10)
(-32 36 10)
(-100 40 10)
(-96 40 10)
(-92 40 10)
(-88 40 10)
(-84 40 10)
(-80 40 10)
(-76 40 10)
(-72 40 10)
(-68 40 10)
(-64 40 10)
(-60 40 10)
(-56 40 10)
(-52 40 10)
(-48 40 10)
(-44 40 10)
(-40 40 10)
(-36 40 10)
(-32 40 10)
(-100 44 10)
(-96 44 10)
(-92 44 10)
(-88 44 10)
(-84 44 10)
(-80 44 10)
(-76 44 10)
(-72 44 10)
(-68 44 10)
(-64 44 10)
(-60 44 10)
(-56 44 10)
(-52 44 10)
(-48 44 10)
(-44 44 10)
(-40 44 10)
(-36 44 10)
(-32 44 10)
(-100 48 10)
(-96 48 10)
(-92 48 10)
(-88 48 10)
(-84 48 10)
(-80 48 10)
(-76 48 10)
(-72 48 10)
(-68 48 10)
(-64 48 10)
(-60 48 10)
(-56 48 10)
(-52 48 10)
(-48 48 10)
(-44 48 10)
(-40 48 10)
(-36 48 10)
(-32 48 10)
(-100 52 10)
(-96 52 10)
(-92 52 10)
(-88 52 10)
(-84 52 10)
(-80 52 10)
(-76 52 10)
(-72 52 10)
(-68 52 10)
(-64 52 10)
(-60 52 10)
(-56 52 10)
(-52 52 10)
(-48 52 10)
(-44 52 10)
(-40 52 10)
(-36 52 10)
(-32 52 10)
(-100 56 10)
(-96 56 10)
(-92 56 10)
(-88 56 10)
(-84 56 10)
(-80 56 10)
(-76 56 10)
(-72 56 10)
(-68 56 10)
(-64 56 10)
(-60 56 10)
(-56 56 10)
(-52 56 10)
(-48 56 10)
(-44 56 10)
(-40 56 10)
(-36 56 10)
(-32 56 10)
(-100 60 10)
(-96 60 10)
(-92 60 10)
(-88 60 10)
(-84 60 10)
(-80 60 10)
(-76 60 10)
(-72 60 10)
(-68 60 10)
(-64 60 10)
(-60 60 10)
(-56 60 10)
(-52 60 10)
(-48 60 10)
(-44 60 10)
(-40 60 10)
(-36 60 10)
(-32 60 10)
(-100 64 10)
(-96 64 10)
(-92 64 10)
(-88 64 10)
(-84 64 10)
(-80 64 10)
(-76 64 10)
(-72 64 10)
(-68 64 10)
(-64 64 10)
(-60 64 10)
(-56 64 10)
(-52 64 10)
(-48 64 10)
(-44 64 10)
(-40 64 10)
(-36 64 10)
(-32 64 10)
(-100 68 10)
(-96 68 10)
(-92 68 10)
(-88 68 10)
(-84 68 10)
(-80 68 10)
(-76 68 10)
(-72 68 10)
(-68 68 10)
(-64 68 10)
(-60 68 10)
(-56 68 10)
(-52 68 10)
(-48 68 10)
(-44 68 10)
(-40 68 10)
(-36 68 10)
(-32 68 10)
(-100 72 10)
(-96 72 10)
(-92 72 10)
(-88 72 10)
(-84 72 10)
(-80 72 10)
(-76 72 10)
(-72 72 10)
(-68 72 10)
(-64 72 10)
(-60 72 10)
(-56 72 10)
(-52 72 10)
(-48 72 10)
(-44 72 10)
(-40 72 10)
(-36 72 10)
(-32 72 10)
(-100 76 10)
(-96 76 10)
(-92 76 10)
(-88 76 10)
(-84 76 10)
(-80 76 10)
(-76 76 10)
(-72 76 10)
(-68 76 10)
(-64 76 10)
(-60 76 10)
(-56 76 10)
(-52 76 10)
(-48 76 10)
(-44 76 10)
(-40 76 10)
(-36 76 10)
(-32 76 10)
(-100 80 10)
(-96 80 10)
(-92 80 10)
(-88 80 10)
(-84 80 10)
(-80 80 10)
(-76 80 10)
(-72 80 10)
(-68 80 10)
(-64 80 10)
(-60 80 10)
(-56 80 10)
(-52 80 10)
(-48 80 10)
(-44 80 10)
(-40 80 10)
(-36 80 10)
(-32 80 10)
(-100 84 10)
(-96 84 10)
(-92 84 10)
(-88 84 10)
(-84 84 10)
(-80 84 10)
(-76 84 10)
(-72 84 10)
(-68 84 10)
(-64 84 10)
(-60 84 10)
(-56 84 10)
(-52 84 10)
(-48 84 10)
(-44 84 10)
(-40 84 10)
(-36 84 10)
(-32 84 10)
(-100 88 10)
(-96 88 10)
(-92 88 10)
(-88 88 10)
(-84 88 10)
(-80 88 10)
(-76 88 10)
(-72 88 10)
(-68 88 10)
(-64 88 10)
(-60 88 10)
(-56 88 10)
(-52 88 10)
(-48 88 10)
(-44 88 10)
(-40 88 10)
(-36 88 10)
(-32 88 10)
(-100 92 10)
(-96 92 10)
(-92 92 10)
(-88 92 10)
(-84 92 10)
(-80 92 10)
(-76 92 10)
(-72 92 10)
(-68 92 10)
(-64 92 10)
(-60 92 10)
(-56 92 10)
(-52 92 10)
(-48 92 10)
(-44 92 10)
(-40 92 10)
(-36 92 10)
(-32 92 10)
(-100 96 10)
(-96 96 10)
(-92 96 10)
(-88 96 10)
(-84 96 10)
(-80 96 10)
(-76 96 10)
(-72 96 10)
(-68 96 10)
(-64 96 10)
(-60 96 10)
(-56 96 10)
(-52 96 10)
(-48 96 10)
(-44 96 10)
(-40 96 10)
(-36 96 10)
(-32 96 10)
(-100 100 10)
(-96 100 10)
(-92 100 10)
(-88 100 10)
(-84 100 10)
(-80 100 10)
(-76 100 10)
(-72 100 10)
(-68 100 10)
(-64 100 10)
(-60 100 10)
(-56 100 10)
(-52 100 10)
(-48 100 10)
(-44 100 10)
(-40 100 10)
(-36 100 10)
(-32 100 10)
(-68 0 15)
(-64 0 15)
(-60 0 15)
(-56 0 15)
(-52 0 15)
(-48 0 15)
(-44 0 15)
(-40 0 15)
(-36 0 15)
(-32 0 15)
(-100 4 15)
(-96 4 15)
(-92 4 15)
(-88 4 15)
(-84 4 15)
(-80 4 15)
(-76 4 15)
(-72 4 15)
(-68 4 15)
(-64 4 15)
(-60 4 15)
(-56 4 15)
(-52 4 15)
(-48 4 15)
(-44 4 15)
(-40 4 15)
(-36 4 15)
(-32 4 15)
(-100 8 15)
(-96 8 15)
(-92 8 15)
(-88 8 15)
(-84 8 15)
(-80 8 15)
(-76 8 15)
(-72 8 15)
(-68 8 15)
(-64 8 15)
(-60 8 15)
(-56 8 15)
(-52 8 15)
(-48 8 15)
(-44 8 15)
(-40 8 15)
(-36 8 15)
(-32 8 15)
(-100 12 15)
(-96 12 15)
(-92 12 15)
(-88 12 15)
(-84 12 15)
(-80 12 15)
(-76 12 15)
(-72 12 15)
(-68 12 15)
(-64 12 15)
(-60 12 15)
(-56 12 15)
(-52 12 15)
(-48 12 15)
(-44 12 15)
(-40 12 15)
(-36 12 15)
(-32 12 15)
(-100 16 15)
(-96 16 15)
(-92 16 15)
(-88 16 15)
(-84 16 15)
(-80 16 15)
(-76 16 15)
(-72 16 15)
(-68 16 15)
(-64 16 15)
(-60 16 15)
(-56 16 15)
(-52 16 15)
(-48 16 15)
(-44 16 15)
(-40 16 15)
(-36 16 15)
(-32 16 15)
(-100 20 15)
(-96 20 15)
(-92 20 15)
(-88 20 15)
(-84 20 15)
(-80 20 15)
(-76 20 15)
(-72 20 15)
(-68 20 15)
(-64 20 15)
(-60 20 15)
(-56 20 15)
(-52 20 15)
(-48 20 15)
(-44 20 15)
(-40 20 15)
(-36 20 15)
(-32 20 15)
(-100 24 15)
(-96 24 15)
(-92 24 15)
(-88 24 15)
(-84 24 15)
(-80 24 15)
(-76 24 15)
(-72 24 15)
(-68 24 15)
(-64 24 15)
(-60 24 15)
(-56 24 15)
(-52 24 15)
(-48 24 15)
(-44 24 15)
(-40 24 15)
(-36 24 15)
(-32 24 15)
(-100 28 15)
(-96 28 15)
(-92 28 15)
(-88 28 15)
(-84 28 15)
(-80 28 15)
(-76 28 15)
(-72 28 15)
(-68 28 15)
(-64 28 15)
(-60 28 15)
(-56 28 15)
(-52 28 15)
(-48 28 15)
(-44 28 15)
(-40 28 15)
(-36 28 15)
(-32 28 15)
(-100 32 15)
(-96 32 15)
(-92 32 15)
(-88 32 15)
(-84 32 15)
(-80 32 15)
(-76 32 15)
(-72 32 15)
(-68 32 15)
(-64 32 15)
(-60 32 15)
(-56 32 15)
(-52 32 15)
(-48 32 15)
(-44 32 15)
(-40 32 15)
(-36 32 15)
(-32 32 15)
(-100 36 15)
(-96 36 15)
(-92 36 15)
(-88 36 15)
(-84 36 15)
(-80 36 15)
(-76 36 15)
(-72 36 15)
(-68 36 15)
(-64 36 15)
(-60 36 15)
(-56 36 15)
(-52 36 15)
(-48 36 15)
(-44 36 15)
(-40 36 15)
(-36 36 15)
(-32 36 15)
(-100 40 15)
(-96 40 15)
(-92 40 15)
(-88 40 15)
(-84 40 15)
(-80 40 15)
(-76 40 15)
(-72 40 15)
(-68 40 15)
(-64 40 15)
(-60 40 15)
(-56 40 15)
(-52 40 15)
(-48 40 15)
(-44 40 15)
(-40 40 15)
(-36 40 15)
(-32 40 15)
(-100 44 15)
(-96 44 15)
(-92 44 15)
(-88 44 15)
(-84 44 15)
(-80 44 15)
(-76 44 15)
(-72 44 15)
(-68 44 15)
(-64 44 15)
(-60 44 15)
(-56 44 15)
(-52 44 15)
(-48 44 15)
(-44 44 15)
(-40 44 15)
(-36 44 15)
(-32 44 15)
(-100 48 15)
(-96 48 15)
(-92 48 15)
(-88 48 15)
(-84 48 15)
(-80 48 15)
(-76 48 15)
(-72 48 15)
(-68 48 15)
(-64 48 15)
(-60 48 15)
(-56 48 15)
(-52 48 15)
(-48 48 15)
(-44 48 15)
(-40 48 15)
(-36 48 15)
(-32 48 15)
(-100 52 15)
(-96 52 15)
(-92 52 15)
(-88 52 15)
(-84 52 15)
(-80 52 15)
(-76 52 15)
(-72 52 15)
(-68 52 15)
(-64 52 15)
(-60 52 15)
(-56 52 15)
(-52 52 15)
(-48 52 15)
(-44 52 15)
(-40 52 15)
(-36 52 15)
(-32 52 15)
(-100 56 15)
(-96 56 15)
(-92 56 15)
(-88 56 15)
(-84 56 15)
(-80 56 15)
(-76 56 15)
(-72 56 15)
(-68 56 15)
(-64 56 15)
(-60 56 15)
(-56 56 15)
(-52 56 15)
(-48 56 15)
(-44 56 15)
(-40 56 15)
(-36 56 15)
(-32 56 15)
(-100 60 15)
(-96 60 15)
(-92 60 15)
(-88 60 15)
(-84 60 15)
(-80 60 15)
(-76 60 15)
(-72 60 15)
(-68 60 15)
(-64 60 15)
(-60 60 15)
(-56 60 15)
(-52 60 15)
(-48 60 15)
(-44 60 15)
(-40 60 15)
(-36 60 15)
(-32 60 15)
(-100 64 15)
(-96 64 15)
(-92 64 15)
(-88 64 15)
(-84 64 15)
(-80 64 15)
(-76 64 15)
(-72 64 15)
(-68 64 15)
(-64 64 15)
(-60 64 15)
(-56 64 15)
(-52 64 15)
(-48 64 15)
(-44 64 15)
(-40 64 15)
(-36 64 15)
(-32 64 15)
(-100 68 15)
(-96 68 15)
(-92 68 15)
(-88 68 15)
(-84 68 15)
(-80 68 15)
(-76 68 15)
(-72 68 15)
(-68 68 15)
(-64 68 15)
(-60 68 15)
(-56 68 15)
(-52 68 15)
(-48 68 15)
(-44 68 15)
(-40 68 15)
(-36 68 15)
(-32 68 15)
(-100 72 15)
(-96 72 15)
(-92 72 15)
(-88 72 15)
(-84 72 15)
(-80 72 15)
(-76 72 15)
(-72 72 15)
(-68 72 15)
(-64 72 15)
(-60 72 15)
(-56 72 15)
(-52 72 15)
(-48 72 15)
(-44 72 15)
(-40 72 15)
(-36 72 15)
(-32 72 15)
(-100 76 15)
(-96 76 15)
(-92 76 15)
(-88 76 15)
(-84 76 15)
(-80 76 15)
(-76 76 15)
(-72 76 15)
(-68 76 15)
(-64 76 15)
(-60 76 15)
(-56 76 15)
(-52 76 15)
(-48 76 15)
(-44 76 15)
(-40 76 15)
(-36 76 15)
(-32 76 15)
(-100 80 15)
(-96 80 15)
(-92 80 15)
(-88 80 15)
(-84 80 15)
(-80 80 15)
(-76 80 15)
(-72 80 15)
(-68 80 15)
(-64 80 15)
(-60 80 15)
(-56 80 15)
(-52 80 15)
(-48 80 15)
(-44 80 15)
(-40 80 15)
(-36 80 15)
(-32 80 15)
(-100 84 15)
(-96 84 15)
(-92 84 15)
(-88 84 15)
(-84 84 15)
(-80 84 15)
(-76 84 15)
(-72 84 15)
(-68 84 15)
(-64 84 15)
(-60 84 15)
(-56 84 15)
(-52 84 15)
(-48 84 15)
(-44 84 15)
(-40 84 15)
(-36 84 15)
(-32 84 15)
(-100 88 15)
(-96 88 15)
(-92 88 15)
(-88 88 15)
(-84 88 15)
(-80 88 15)
(-76 88 15)
(-72 88 15)
(-68 88 15)
(-64 88 15)
(-60 88 15)
(-56 88 15)
(-52 88 15)
(-48 88 15)
(-44 88 15)
(-40 88 15)
(-36 88 15)
(-32 88 15)
(-100 92 15)
(-96 92 15)
(-92 92 15)
(-88 92 15)
(-84 92 15)
(-80 92 15)
(-76 92 15)
(-72 92 15)
(-68 92 15)
(-64 92 15)
(-60 92 15)
(-56 92 15)
(-52 92 15)
(-48 92 15)
(-44 92 15)
(-40 92 15)
(-36 92 15)
(-32 92 15)
(-100 96 15)
(-96 96 15)
(-92 96 15)
(-88 96 15)
(-84 96 15)
(-80 96 15)
(-76 96 15)
(-72 96 15)
(-68 96 15)
(-64 96 15)
(-60 96 15)
(-56 96 15)
(-52 96 15)
(-48 96 15)
(-44 96 15)
(-40 96 15)
(-36 96 15)
(-32 96 15)
(-100 100 15)
(-96 100 15)
(-92 100 15)
(-88 100 15)
(-84 100 15)
(-80 100 15)
(-76 100 15)
(-72 100 15)
(-68 100 15)
(-64 100 15)
(-60 100 15)
(-56 100 15)
(-52 100 15)
(-48 100 15)
(-44 100 15)
(-40 100 15)
(-36 100 15)
(-32 100 15)
(-56 0 20)
(-52 0 20)
(-48 0 20)
(-44 0 20)
(-40 0 20)
(-36 0 20)
(-32 0 20)
(-100 4 20)
(-96 4 20)
(-92 4 20)
(-88 4 20)
(-84 4 20)
(-80 4 20)
(-76 4 20)
(-72 4 20)
(-68 4 20)
(-64 4 20)
(-60 4 20)
(-56 4 20)
(-52 4 20)
(-48 4 20)
(-44 4 20)
(-40 4 20)
(-36 4 20)
(-32 4 20)
(-100 8 20)
(-96 8 20)
(-92 8 20)
(-88 8 20)
(-84 8 20)
(-80 8 20)
(-76 8 20)
(-72 8 20)
(-68 8 20)
(-64 8 20)
(-60 8 20)
(-56 8 20)
(-52 8 20)
(-48 8 20)
(-44 8 20)
(-40 8 20)
(-36 8 20)
(-32 8 20)
(-100 12 20)
(-96 12 20)
(-92 12 20)
(-88 12 20)
(-84 12 20)
(-80 12 20)
(-76 12 20)
(-72 12 20)
(-68 12 20)
(-64 12 20)
(-60 12 20)
(-56 12 20)
(-52 12 20)
(-48 12 20)
(-44 12 20)
(-40 12 20)
(-36 12 20)
(-32 12 20)
(-100 16 20)
(-96 16 20)
(-92 16 20)
(-88 16 20)
(-84 16 20)
(-80 16 20)
(-76 16 20)
(-72 16 20)
(-68 16 20)
(-64 16 20)
(-60 16 20)
(-56 16 20)
(-52 16 20)
(-48 16 20)
(-44 16 20)
(-40 16 20)
(-36 16 20)
(-32 16 20)
(-100 20 20)
(-96 20 20)
(-92 20 20)
(-88 20 20)
(-84 20 20)
(-80 20 20)
(-76 20 20)
(-72 20 20)
(-68 20 20)
(-64 20 20)
(-60 20 20)
(-56 20 20)
(-52 20 20)
(-48 20 20)
(-44 20 20)
(-40 20 20)
(-36 20 20)
(-32 20 20)
(-100 24 20)
(-96 24 20)
(-92 24 20)
(-88 24 20)
(-84 24 20)
(-80 24 20)
(-76 24 20)
(-72 24 20)
(-68 24 20)
(-64 24 20)
(-60 24 20)
(-56 24 20)
(-52 24 20)
(-48 24 20)
(-44 24 20)
(-40 24 20)
(-36 24 20)
(-32 24 20)
(-100 28 20)
(-96 28 20)
(-92 28 20)
(-88 28 20)
(-84 28 20)
(-80 28 20)
(-76 28 20)
(-72 28 20)
(-68 28 20)
(-64 28 20)
(-60 28 20)
(-56 28 20)
(-52 28 20)
(-48 28 20)
(-44 28 20)
(-40 28 20)
(-36 28 20)
(-32 28 20)
(-100 32 20)
(-96 32 20)
(-92 32 20)
(-88 32 20)
(-84 32 20)
(-80 32 20)
(-76 32 20)
(-72 32 20)
(-68 32 20)
(-64 32 20)
(-60 32 20)
(-56 32 20)
(-52 32 20)
(-48 32 20)
(-44 32 20)
(-40 32 20)
(-36 32 20)
(-32 32 20)
(-100 36 20)
(-96 36 20)
(-92 36 20)
(-88 36 20)
(-84 36 20)
(-80 36 20)
(-76 36 20)
(-72 36 20)
(-68 36 20)
(-64 36 20)
(-60 36 20)
(-56 36 20)
(-52 36 20)
(-48 36 20)
(-44 36 20)
(-40 36 20)
(-36 36 20)
(-32 36 20)
(-100 40 20)
(-96 40 20)
(-92 40 20)
(-88 40 20)
(-84 40 20)
(-80 40 20)
(-76 40 20)
(-72 40 20)
(-68 40 20)
(-64 40 20)
(-60 40 20)
(-56 40 20)
(-52 40 20)
(-48 40 20)
(-44 40 20)
(-40 40 20)
(-36 40 20)
(-32 40 20)
(-100 44 20)
(-96 44 20)
(-92 44 20)
(-88 44 20)
(-84 44 20)
(-80 44 20)
(-76 44 20)
(-72 44 20)
(-68 44 20)
(-64 44 20)
(-60 44 20)
(-56 44 20)
(-52 44 20)
(-48 44 20)
(-44 44 20)
(-40 44 20)
(-36 44 20)
(-32 44 20)
(-100 48 20)
(-96 48 20)
(-92 48 20)
(-88 48 20)
(-84 48 20)
(-80 48 20)
(-76 48 20)
(-72 48 20)
(-68 48 20)
(-64 48 20)
(-60 48 20)
(-56 48 20)
(-52 48 20)
(-48 48 20)
(-44 48 20)
(-40 48 20)
(-36 48 20)
(-32 48 20)
(-100 52 20)
(-96 52 20)
(-92 52 20)
(-88 52 20)
(-84 52 20)
(-80 52 20)
(-76 52 20)
(-72 52 20)
(-68 52 20)
(-64 52 20)
(-60 52 20)
(-56 52 20)
(-52 52 20)
(-48 52 20)
(-44 52 20)
(-40 52 20)
(-36 52 20)
(-32 52 20)
(-100 56 20)
(-96 56 20)
(-92 56 20)
(-88 56 20)
(-84 56 20)
(-80 56 20)
(-76 56 20)
(-72 56 20)
(-68 56 20)
(-64 56 20)
(-60 56 20)
(-56 56 20)
(-52 56 20)
(-48 56 20)
(-44 56 20)
(-40 56 20)
(-36 56 20)
(-32 56 20)
(-100 60 20)
(-96 60 20)
(-92 60 20)
(-88 60 20)
(-84 60 20)
(-80 60 20)
(-76 60 20)
(-72 60 20)
(-68 60 20)
(-64 60 20)
(-60 60 20)
(-56 60 20)
(-52 60 20)
(-48 60 20)
(-44 60 20)
(-40 60 20)
(-36 60 20)
(-32 60 20)
(-100 64 20)
(-96 64 20)
(-92 64 20)
(-88 64 20)
(-84 64 20)
(-80 64 20)
(-76 64 20)
(-72 64 20)
(-68 64 20)
(-64 64 20)
(-60 64 20)
(-56 64 20)
(-52 64 20)
(-48 64 20)
(-44 64 20)
(-40 64 20)
(-36 64 20)
(-32 64 20)
(-100 68 20)
(-96 68 20)
(-92 68 20)
(-88 68 20)
(-84 68 20)
(-80 68 20)
(-76 68 20)
(-72 68 20)
(-68 68 20)
(-64 68 20)
(-60 68 20)
(-56 68 20)
(-52 68 20)
(-48 68 20)
(-44 68 20)
(-40 68 20)
(-36 68 20)
(-32 68 20)
(-100 72 20)
(-96 72 20)
(-92 72 20)
(-88 72 20)
(-84 72 20)
(-80 72 20)
(-76 72 20)
(-72 72 20)
(-68 72 20)
(-64 72 20)
(-60 72 20)
(-56 72 20)
(-52 72 20)
(-48 72 20)
(-44 72 20)
(-40 72 20)
(-36 72 20)
(-32 72 20)
(-100 76 20)
(-96 76 20)
(-92 76 20)
(-88 76 20)
(-84 76 20)
(-80 76 20)
(-76 76 20)
(-72 76 20)
(-68 76 20)
(-64 76 20)
(-60 76 20)
(-56 76 20)
(-52 76 20)
(-48 76 20)
(-44 76 20)
(-40 76 20)
(-36 76 20)
(-32 76 20)
(-100 80 20)
(-96 80 20)
(-92 80 20)
(-88 80 20)
(-84 80 20)
(-80 80 20)
(-76 80 20)
(-72 80 20)
(-68 80 20)
(-64 80 20)
(-60 80 20)
(-56 80 20)
(-52 80 20)
(-48 80 20)
(-44 80 20)
(-40 80 20)
(-36 80 20)
(-32 80 20)
(-100 84 20)
(-96 84 20)
(-92 84 20)
(-88 84 20)
(-84 84 20)
(-80 84 20)
(-76 84 20)
(-72 84 20)
(-68 84 20)
(-64 84 20)
(-60 84 20)
(-56 84 20)
(-52 84 20)
(-48 84 20)
(-44 84 20)
(-40 84 20)
(-36 84 20)
(-32 84 20)
(-100 88 20)
(-96 88 20)
(-92 88 20)
(-88 88 20)
(-84 88 20)
(-80 88 20)
(-76 88 20)
(-72 88 20)
(-68 88 20)
(-64 88 20)
(-60 88 20)
(-56 88 20)
(-52 88 20)
(-48 88 20)
(-44 88 20)
(-40 88 20)
(-36 88 20)
(-32 88 20)
(-100 92 20)
(-96 92 20)
(-92 92 20)
(-88 92 20)
(-84 92 20)
(-80 92 20)
(-76 92 20)
(-72 92 20)
(-68 92 20)
(-64 92 20)
(-60 92 20)
(-56 92 20)
(-52 92 20)
(-48 92 20)
(-44 92 20)
(-40 92 20)
(-36 92 20)
(-32 92 20)
(-100 96 20)
(-96 96 20)
(-92 96 20)
(-88 96 20)
(-84 96 20)
(-80 96 20)
(-76 96 20)
(-72 96 20)
(-68 96 20)
(-64 96 20)
(-60 96 20)
(-56 96 20)
(-52 96 20)
(-48 96 20)
(-44 96 20)
(-40 96 20)
(-36 96 20)
(-32 96 20)
(-100 100 20)
(-96 100 20)
(-92 100 20)
(-88 100 20)
(-84 100 20)
(-80 100 20)
(-76 100 20)
(-72 100 20)
(-68 100 20)
(-64 100 20)
(-60 100 20)
(-56 100 20)
(-52 100 20)
(-48 100 20)
(-44 100 20)
(-40 100 20)
(-36 100 20)
(-32 100 20)
(-44 0 25)
(-40 0 25)
(-36 0 25)
(-32 0 25)
(-100 4 25)
(-96 4 25)
(-92 4 25)
(-88 4 25)
(-84 4 25)
(-80 4 25)
(-76 4 25)
(-72 4 25)
(-68 4 25)
(-64 4 25)
(-60 4 25)
(-56 4 25)
(-52 4 25)
(-48 4 25)
(-44 4 25)
(-40 4 25)
(-36 4 25)
(-32 4 25)
(-100 8 25)
(-96 8 25)
(-92 8 25)
(-88 8 25)
(-84 8 25)
(-80 8 25)
(-76 8 25)
(-72 8 25)
(-68 8 25)
(-64 8 25)
(-60 8 25)
(-56 8 25)
(-52 8 25)
(-48 8 25)
(-44 8 25)
(-40 8 25)
(-36 8 25)
(-32 8 25)
(-100 12 25)
(-96 12 25)
(-92 12 25)
(-88 12 25)
(-84 12 25)
(-80 12 25)
(-76 12 25)
(-72 12 25)
(-68 12 25)
(-64 12 25)
(-60 12 25)
(-56 12 25)
(-52 12 25)
(-48 12 25)
(-44 12 25)
(-40 12 25)
(-36 12 25)
(-32 12 25)
(-100 16 25)
(-96 16 25)
(-92 16 25)
(-88 16 25)
(-84 16 25)
(-80 16 25)
(-76 16 25)
(-72 16 25)
(-68 16 25)
(-64 16 25)
(-60 16 25)
(-56 16 25)
(-52 16 25)
(-48 16 25)
(-44 16 25)
(-40 16 25)
(-36 16 25)
(-32 16 25)
(-100 20 25)
(-96 20 25)
(-92 20 25)
(-88 20 25)
(-84 20 25)
(-80 20 25)
(-76 20 25)
(-72 20 25)
(-68 20 25)
(-64 20 25)
(-60 20 25)
(-56 20 25)
(-52 20 25)
(-48 20 25)
(-44 20 25)
(-40 20 25)
(-36 20 25)
(-32 20 25)
(-100 24 25)
(-96 24 25)
(-92 24 25)
(-88 24 25)
(-84 24 25)
(-80 24 25)
(-76 24 25)
(-72 24 25)
(-68 24 25)
(-64 24 25)
(-60 24 25)
(-56 24 25)
(-52 24 25)
(-48 24 25)
(-44 24 25)
(-40 24 25)
(-36 24 25)
(-32 24 25)
(-100 28 25)
(-96 28 25)
(-92 28 25)
(-88 28 25)
(-84 28 25)
(-80 28 25)
(-76 28 25)
(-72 28 25)
(-68 28 25)
(-64 28 25)
(-60 28 25)
(-56 28 25)
(-52 28 25)
(-48 28 25)
(-44 28 25)
(-40 28 25)
(-36 28 25)
(-32 28 25)
(-100 32 25)
(-96 32 25)
(-92 32 25)
(-88 32 25)
(-84 32 25)
(-80 32 25)
(-76 32 25)
(-72 32 25)
(-68 32 25)
(-64 32 25)
(-60 32 25)
(-56 32 25)
(-52 32 25)
(-48 32 25)
(-44 32 25)
(-40 32 25)
(-36 32 25)
(-32 32 25)
(-100 36 25)
(-96 36 25)
(-92 36 25)
(-88 36 25)
(-84 36 25)
(-80 36 25)
(-76 36 25)
(-72 36 25)
(-68 36 25)
(-64 36 25)
(-60 36 25)
(-56 36 25)
(-52 36 25)
(-48 36 25)
(-44 36 25)
(-40 36 25)
(-36 36 25)
(-32 36 25)
(-100 40 25)
(-96 40 25)
(-92 40 25)
(-88 40 25)
(-84 40 25)
(-80 40 25)
(-76 40 25)
(-72 40 25)
(-68 40 25)
(-64 40 25)
(-60 40 25)
(-56 40 25)
(-52 40 25)
(-48 40 25)
(-44 40 25)
(-40 40 25)
(-36 40 25)
(-32 40 25)
(-100 44 25)
(-96 44 25)
(-92 44 25)
(-88 44 25)
(-84 44 25)
(-80 44 25)
(-76 44 25)
(-72 44 25)
(-68 44 25)
(-64 44 25)
(-60 44 25)
(-56 44 25)
(-52 44 25)
(-48 44 25)
(-44 44 25)
(-40 44 25)
(-36 44 25)
(-32 44 25)
(-100 48 25)
(-96 48 25)
(-92 48 25)
(-88 48 25)
(-84 48 25)
(-80 48 25)
(-76 48 25)
(-72 48 25)
(-68 48 25)
(-64 48 25)
(-60 48 25)
(-56 48 25)
(-52 48 25)
(-48 48 25)
(-44 48 25)
(-40 48 25)
(-36 48 25)
(-32 48 25)
(-100 52 25)
(-96 52 25)
(-92 52 25)
(-88 52 25)
(-84 52 25)
(-80 52 25)
(-76 52 25)
(-72 52 25)
(-68 52 25)
(-64 52 25)
(-60 52 25)
(-56 52 25)
(-52 52 25)
(-48 52 25)
(-44 52 25)
(-40 52 25)
(-36 52 25)
(-32 52 25)
(-100 56 25)
(-96 56 25)
(-92 56 25)
(-88 56 25)
(-84 56 25)
(-80 56 25)
(-76 56 25)
(-72 56 25)
(-68 56 25)
(-64 56 25)
(-60 56 25)
(-56 56 25)
(-52 56 25)
(-48 56 25)
(-44 56 25)
(-40 56 25)
(-36 56 25)
(-32 56 25)
(-100 60 25)
(-96 60 25)
(-92 60 25)
(-88 60 25)
(-84 60 25)
(-80 60 25)
(-76 60 25)
(-72 60 25)
(-68 60 25)
(-64 60 25)
(-60 60 25)
(-56 60 25)
(-52 60 25)
(-48 60 25)
(-44 60 25)
(-40 60 25)
(-36 60 25)
(-32 60 25)
(-100 64 25)
(-96 64 25)
(-92 64 25)
(-88 64 25)
(-84 64 25)
(-80 64 25)
(-76 64 25)
(-72 64 25)
(-68 64 25)
(-64 64 25)
(-60 64 25)
(-56 64 25)
(-52 64 25)
(-48 64 25)
(-44 64 25)
(-40 64 25)
(-36 64 25)
(-32 64 25)
(-100 68 25)
(-96 68 25)
(-92 68 25)
(-88 68 25)
(-84 68 25)
(-80 68 25)
(-76 68 25)
(-72 68 25)
(-68 68 25)
(-64 68 25)
(-60 68 25)
(-56 68 25)
(-52 68 25)
(-48 68 25)
(-44 68 25)
(-40 68 25)
(-36 68 25)
(-32 68 25)
(-100 72 25)
(-96 72 25)
(-92 72 25)
(-88 72 25)
(-84 72 25)
(-80 72 25)
(-76 72 25)
(-72 72 25)
(-68 72 25)
(-64 72 25)
(-60 72 25)
(-56 72 25)
(-52 72 25)
(-48 72 25)
(-44 72 25)
(-40 72 25)
(-36 72 25)
(-32 72 25)
(-100 76 25)
(-96 76 25)
(-92 76 25)
(-88 76 25)
(-84 76 25)
(-80 76 25)
(-76 76 25)
(-72 76 25)
(-68 76 25)
(-64 76 25)
(-60 76 25)
(-56 76 25)
(-52 76 25)
(-48 76 25)
(-44 76 25)
(-40 76 25)
(-36 76 25)
(-32 76 25)
(-100 80 25)
(-96 80 25)
(-92 80 25)
(-88 80 25)
(-84 80 25)
(-80 80 25)
(-76 80 25)
(-72 80 25)
(-68 80 25)
(-64 80 25)
(-60 80 25)
(-56 80 25)
(-52 80 25)
(-48 80 25)
(-44 80 25)
(-40 80 25)
(-36 80 25)
(-32 80 25)
(-100 84 25)
(-96 84 25)
(-92 84 25)
(-88 84 25)
(-84 84 25)
(-80 84 25)
(-76 84 25)
(-72 84 25)
(-68 84 25)
(-64 84 25)
(-60 84 25)
(-56 84 25)
(-52 84 25)
(-48 84 25)
(-44 84 25)
(-40 84 25)
(-36 84 25)
(-32 84 25)
(-100 88 25)
(-96 88 25)
(-92 88 25)
(-88 88 25)
(-84 88 25)
(-80 88 25)
(-76 88 25)
(-72 88 25)
(-68 88 25)
(-64 88 25)
(-60 88 25)
(-56 88 25)
(-52 88 25)
(-48 88 25)
(-44 88 25)
(-40 88 25)
(-36 88 25)
(-32 88 25)
(-100 92 25)
(-96 92 25)
(-92 92 25)
(-88 92 25)
(-84 92 25)
(-80 92 25)
(-76 92 25)
(-72 92 25)
(-68 92 25)
(-64 92 25)
(-60 92 25)
(-56 92 25)
(-52 92 25)
(-48 92 25)
(-44 92 25)
(-40 92 25)
(-36 92 25)
(-32 92 25)
(-100 96 25)
(-96 96 25)
(-92 96 25)
(-88 96 25)
(-84 96 25)
(-80 96 25)
(-76 96 25)
(-72 96 25)
(-68 96 25)
(-64 96 25)
(-60 96 25)
(-56 96 25)
(-52 96 25)
(-48 96 25)
(-44 96 25)
(-40 96 25)
(-36 96 25)
(-32 96 25)
(-100 100 25)
(-96 100 25)
(-92 100 25)
(-88 100 25)
(-84 100 25)
(-80 100 25)
(-76 100 25)
(-72 100 25)
(-68 100 25)
(-64 100 25)
(-60 100 25)
(-56 100 25)
(-52 100 25)
(-48 100 25)
(-44 100 25)
(-40 100 25)
(-36 100 25)
(-32 100 25)
)


// ************************************************************************* //
