/*--------------------------------*- C++ -*----------------------------------*\
  =========                 |
  \\      /  F ield         | OpenFOAM: The Open Source CFD Toolbox
   \\    /   O peration     | Website:  https://openfoam.org
    \\  /    A nd           | Version:  10
     \\/     M anipulation  |
\*---------------------------------------------------------------------------*/
FoamFile
{
    format      ascii;
    class       volScalarField;
    location    "10";
    object      k;
}
// * * * * * * * * * * * * * * * * * * * * * * * * * * * * * * * * * * * * * //

dimensions      [0 2 -2 0 0 0 0];

internalField   nonuniform List<scalar> 
2083
(
0.233785
0.233786
0.233785
0.233785
0.233785
0.233785
0.233785
0.233785
0.233785
0.233785
0.233785
0.233785
0.233785
0.233785
0.233783
0.233785
0.233785
0.233782
0.233781
0.233781
0.233781
0.233781
0.233781
0.233781
0.233781
0.233781
0.233781
0.233781
0.233781
0.233781
0.233781
0.233782
0.233782
0.233782
0.233781
0.233781
0.233781
0.233781
0.233781
0.233781
0.233781
0.233781
0.233781
0.233781
0.233781
0.233781
0.233781
0.233782
0.233782
0.233782
0.233781
0.233781
0.233781
0.233781
0.233781
0.233781
0.233781
0.233781
0.233781
0.233781
0.233781
0.233781
0.233781
0.233782
0.233782
0.233782
0.233781
0.233781
0.233781
0.233781
0.233781
0.233781
0.233781
0.233781
0.233781
0.233781
0.233781
0.233781
0.233781
0.233782
0.233782
0.233782
0.233781
0.233781
0.233781
0.233781
0.233781
0.233781
0.233781
0.233781
0.233781
0.233781
0.233781
0.233781
0.233781
0.233782
0.233782
0.233782
0.233781
0.233781
0.233781
0.233781
0.233781
0.233781
0.233781
0.233781
0.233781
0.233781
0.233781
0.233781
0.233781
0.233782
0.233783
0.233783
0.233782
0.233781
0.233781
0.233781
0.233781
0.233781
0.233781
0.233781
0.233781
0.233781
0.233781
0.233781
0.233781
0.233781
0.233781
0.233782
0.233782
0.233782
0.233781
0.233781
0.233781
0.233781
0.233781
0.233781
0.233781
0.233781
0.233781
0.233781
0.233781
0.233781
0.233781
0.233781
0.233782
0.233782
0.233782
0.233781
0.233781
0.233781
0.233781
0.233781
0.233781
0.233781
0.233781
0.233781
0.233781
0.233781
0.233781
0.233781
0.233781
0.233782
0.233782
0.233782
0.233781
0.233781
0.233781
0.233781
0.233781
0.233781
0.233781
0.233781
0.233781
0.233781
0.233781
0.233781
0.233781
0.233781
0.233782
0.233782
0.233782
0.233781
0.233781
0.233781
0.233781
0.233781
0.233781
0.233781
0.233781
0.233781
0.233781
0.233781
0.233781
0.233781
0.233781
0.233782
0.233782
0.233782
0.233781
0.233781
0.233781
0.233781
0.233781
0.233781
0.233781
0.233781
0.233781
0.233781
0.233781
0.233781
0.233781
0.233781
0.233782
0.233782
0.233782
0.233781
0.233781
0.233781
0.233781
0.233781
0.233781
0.233781
0.233781
0.233781
0.233781
0.233781
0.233781
0.233781
0.233781
0.233782
0.233782
0.233782
0.233781
0.233781
0.233781
0.233781
0.233781
0.233781
0.233781
0.233781
0.233781
0.233781
0.233781
0.233781
0.233781
0.233781
0.233782
0.233782
0.233782
0.233781
0.233781
0.233781
0.233781
0.233781
0.233781
0.233781
0.233781
0.233781
0.233781
0.233781
0.233781
0.233781
0.233781
0.233782
0.233782
0.233782
0.233781
0.233781
0.233781
0.233781
0.233781
0.233781
0.233781
0.233781
0.233781
0.233781
0.233781
0.233781
0.233781
0.233781
0.233782
0.233782
0.233782
0.233781
0.233781
0.233781
0.233781
0.233781
0.233781
0.233781
0.233781
0.233781
0.233781
0.233781
0.233781
0.233781
0.233781
0.233782
0.233782
0.233782
0.233781
0.233781
0.233781
0.233781
0.233781
0.233781
0.233781
0.233781
0.233781
0.233781
0.233781
0.233781
0.233781
0.233781
0.233782
0.233782
0.233782
0.233781
0.233781
0.233781
0.233781
0.233781
0.233781
0.233781
0.233781
0.233781
0.233781
0.233781
0.233781
0.233781
0.233781
0.233782
0.233782
0.233782
0.233781
0.233781
0.233781
0.233781
0.233781
0.233781
0.233781
0.233781
0.233781
0.233781
0.233781
0.233781
0.233781
0.233781
0.233782
0.233782
0.233782
0.233781
0.233781
0.233781
0.233781
0.233781
0.233781
0.233781
0.233781
0.233781
0.233781
0.233781
0.233781
0.233781
0.233781
0.233782
0.233782
0.233782
0.233781
0.233781
0.233781
0.233781
0.233781
0.233781
0.233781
0.233781
0.233781
0.233781
0.233781
0.233781
0.233781
0.233781
0.233782
0.233782
0.233782
0.233781
0.233781
0.233781
0.233781
0.233781
0.233781
0.233781
0.233781
0.233781
0.233781
0.233781
0.233781
0.233781
0.233781
0.233782
0.233782
0.233765
0.233764
0.233764
0.233764
0.233764
0.233764
0.233764
0.233764
0.233764
0.233764
0.233764
0.233764
0.233764
0.233764
0.233764
0.233765
0.233765
0.228489
0.228486
0.228486
0.228486
0.228486
0.228486
0.228486
0.228486
0.228486
0.228486
0.228486
0.228486
0.228486
0.228486
0.228489
0.228489
0.228482
0.22848
0.22848
0.22848
0.22848
0.22848
0.22848
0.22848
0.22848
0.22848
0.22848
0.22848
0.22848
0.22848
0.228482
0.228482
0.228482
0.22848
0.22848
0.22848
0.22848
0.22848
0.22848
0.22848
0.22848
0.22848
0.22848
0.22848
0.22848
0.22848
0.228482
0.228482
0.228482
0.22848
0.22848
0.22848
0.22848
0.22848
0.22848
0.22848
0.22848
0.22848
0.22848
0.22848
0.22848
0.22848
0.228482
0.228482
0.228482
0.22848
0.22848
0.22848
0.22848
0.22848
0.22848
0.22848
0.22848
0.22848
0.22848
0.22848
0.22848
0.22848
0.228482
0.228482
0.228482
0.22848
0.22848
0.22848
0.22848
0.22848
0.22848
0.22848
0.22848
0.22848
0.22848
0.22848
0.22848
0.22848
0.228482
0.228482
0.228482
0.22848
0.22848
0.22848
0.22848
0.22848
0.22848
0.22848
0.22848
0.22848
0.22848
0.22848
0.22848
0.22848
0.228483
0.228483
0.228482
0.22848
0.22848
0.22848
0.22848
0.22848
0.22848
0.22848
0.22848
0.22848
0.22848
0.22848
0.22848
0.22848
0.228482
0.228484
0.228484
0.228482
0.22848
0.22848
0.22848
0.22848
0.22848
0.22848
0.22848
0.22848
0.22848
0.22848
0.22848
0.22848
0.22848
0.22848
0.228482
0.228482
0.228482
0.22848
0.22848
0.22848
0.22848
0.22848
0.22848
0.22848
0.22848
0.22848
0.22848
0.22848
0.22848
0.22848
0.22848
0.228482
0.228482
0.228482
0.22848
0.22848
0.22848
0.22848
0.22848
0.22848
0.22848
0.22848
0.22848
0.22848
0.22848
0.22848
0.22848
0.22848
0.228482
0.228482
0.228482
0.22848
0.22848
0.22848
0.22848
0.22848
0.22848
0.22848
0.22848
0.22848
0.22848
0.22848
0.22848
0.22848
0.22848
0.228482
0.228482
0.228482
0.22848
0.22848
0.22848
0.22848
0.22848
0.22848
0.22848
0.22848
0.22848
0.22848
0.22848
0.22848
0.22848
0.22848
0.228482
0.228482
0.228482
0.22848
0.22848
0.22848
0.22848
0.22848
0.22848
0.22848
0.22848
0.22848
0.22848
0.22848
0.22848
0.22848
0.22848
0.228482
0.228482
0.228482
0.22848
0.22848
0.22848
0.22848
0.22848
0.22848
0.22848
0.22848
0.22848
0.22848
0.22848
0.22848
0.22848
0.22848
0.228482
0.228482
0.228482
0.22848
0.22848
0.22848
0.22848
0.22848
0.22848
0.22848
0.22848
0.22848
0.22848
0.22848
0.22848
0.22848
0.22848
0.228482
0.228482
0.228482
0.22848
0.22848
0.22848
0.22848
0.22848
0.22848
0.22848
0.22848
0.22848
0.22848
0.22848
0.22848
0.22848
0.22848
0.228482
0.228482
0.228482
0.22848
0.22848
0.22848
0.22848
0.22848
0.22848
0.22848
0.22848
0.22848
0.22848
0.22848
0.22848
0.22848
0.22848
0.228482
0.228482
0.228482
0.22848
0.22848
0.22848
0.22848
0.22848
0.22848
0.22848
0.22848
0.22848
0.22848
0.22848
0.22848
0.22848
0.22848
0.228482
0.228482
0.228482
0.22848
0.22848
0.22848
0.22848
0.22848
0.22848
0.22848
0.22848
0.22848
0.22848
0.22848
0.22848
0.22848
0.22848
0.228482
0.228482
0.228482
0.22848
0.22848
0.22848
0.22848
0.22848
0.22848
0.22848
0.22848
0.22848
0.22848
0.22848
0.22848
0.22848
0.22848
0.228482
0.228482
0.228482
0.22848
0.22848
0.22848
0.22848
0.22848
0.22848
0.22848
0.22848
0.22848
0.22848
0.22848
0.22848
0.22848
0.22848
0.228482
0.228482
0.228482
0.22848
0.22848
0.22848
0.22848
0.22848
0.22848
0.22848
0.22848
0.22848
0.22848
0.22848
0.22848
0.22848
0.22848
0.228482
0.228482
0.228482
0.22848
0.22848
0.22848
0.22848
0.22848
0.22848
0.22848
0.22848
0.22848
0.22848
0.22848
0.22848
0.22848
0.22848
0.228482
0.228482
0.228449
0.228446
0.228446
0.228446
0.228446
0.228446
0.228446
0.228446
0.228446
0.228446
0.228446
0.228446
0.228446
0.228446
0.228446
0.228448
0.228449
0.228478
0.228476
0.228476
0.228476
0.228476
0.228476
0.228476
0.228476
0.228476
0.228476
0.228476
0.228476
0.228476
0.228476
0.228478
0.228478
0.228471
0.228469
0.228469
0.228469
0.228469
0.228469
0.228469
0.228469
0.228469
0.228469
0.228469
0.228469
0.228469
0.228469
0.228471
0.228471
0.228471
0.228469
0.228469
0.228469
0.228469
0.228469
0.228469
0.228469
0.228469
0.228469
0.228469
0.228469
0.228469
0.228469
0.228471
0.228471
0.228471
0.228469
0.228469
0.228469
0.228469
0.228469
0.228469
0.228469
0.228469
0.228469
0.228469
0.228469
0.228469
0.228469
0.228471
0.228471
0.228471
0.228469
0.228469
0.228469
0.228469
0.228469
0.228469
0.228469
0.228469
0.228469
0.228469
0.228469
0.228469
0.228469
0.228471
0.228471
0.228471
0.228469
0.228469
0.228469
0.228469
0.228469
0.228469
0.228469
0.228469
0.228469
0.228469
0.228469
0.228469
0.228469
0.228471
0.228471
0.228471
0.228469
0.228469
0.228469
0.228469
0.228469
0.228469
0.228469
0.228469
0.228469
0.228469
0.228469
0.228469
0.228469
0.228471
0.228471
0.228471
0.228469
0.228469
0.228469
0.228469
0.228469
0.228469
0.228469
0.228469
0.228469
0.228469
0.228469
0.228469
0.228469
0.228472
0.228473
0.228471
0.228469
0.228469
0.228469
0.228469
0.228469
0.228469
0.228469
0.228469
0.228469
0.228469
0.228469
0.228469
0.228469
0.228472
0.228473
0.228471
0.228469
0.228469
0.228469
0.228469
0.228469
0.228469
0.228469
0.228469
0.228469
0.228469
0.228469
0.228469
0.228469
0.228471
0.228473
0.228473
0.228471
0.228469
0.228469
0.228469
0.228469
0.228469
0.228469
0.228469
0.228469
0.228469
0.228469
0.228469
0.228469
0.228469
0.228469
0.228471
0.228471
0.228471
0.228469
0.228469
0.228469
0.228469
0.228469
0.228469
0.228469
0.228469
0.228469
0.228469
0.228469
0.228469
0.228469
0.228469
0.228471
0.228471
0.228471
0.228469
0.228469
0.228469
0.228469
0.228469
0.228469
0.228469
0.228469
0.228469
0.228469
0.228469
0.228469
0.228469
0.228469
0.228471
0.228471
0.228471
0.228469
0.228469
0.228469
0.228469
0.228469
0.228469
0.228469
0.228469
0.228469
0.228469
0.228469
0.228469
0.228469
0.228469
0.228471
0.228471
0.228471
0.228469
0.228469
0.228469
0.228469
0.228469
0.228469
0.228469
0.228469
0.228469
0.228469
0.228469
0.228469
0.228469
0.228469
0.228471
0.228471
0.228471
0.228469
0.228469
0.228469
0.228469
0.228469
0.228469
0.228469
0.228469
0.228469
0.228469
0.228469
0.228469
0.228469
0.228469
0.228471
0.228471
0.228471
0.228469
0.228469
0.228469
0.228469
0.228469
0.228469
0.228469
0.228469
0.228469
0.228469
0.228469
0.228469
0.228469
0.228469
0.228471
0.228471
0.228471
0.228469
0.228469
0.228469
0.228469
0.228469
0.228469
0.228469
0.228469
0.228469
0.228469
0.228469
0.228469
0.228469
0.228469
0.228471
0.228471
0.228471
0.228469
0.228469
0.228469
0.228469
0.228469
0.228469
0.228469
0.228469
0.228469
0.228469
0.228469
0.228469
0.228469
0.228469
0.228471
0.228471
0.228471
0.228469
0.228469
0.228469
0.228469
0.228469
0.228469
0.228469
0.228469
0.228469
0.228469
0.228469
0.228469
0.228469
0.228469
0.228471
0.228471
0.228471
0.228469
0.228469
0.228469
0.228469
0.228469
0.228469
0.228469
0.228469
0.228469
0.228469
0.228469
0.228469
0.228469
0.228469
0.228471
0.228471
0.228471
0.228469
0.228469
0.228469
0.228469
0.228469
0.228469
0.228469
0.228469
0.228469
0.228469
0.228469
0.228469
0.228469
0.228469
0.228471
0.228471
0.228471
0.228469
0.228469
0.228469
0.228469
0.228469
0.228469
0.228469
0.228469
0.228469
0.228469
0.228469
0.228469
0.228469
0.228469
0.228471
0.228471
0.228471
0.228469
0.228469
0.228469
0.228469
0.228469
0.228469
0.228469
0.228469
0.228469
0.228469
0.228469
0.228469
0.228469
0.228469
0.228471
0.228471
0.228438
0.228435
0.228435
0.228435
0.228435
0.228435
0.228435
0.228435
0.228435
0.228435
0.228435
0.228435
0.228435
0.228435
0.228435
0.228438
0.228438
0.228475
0.228473
0.228473
0.228473
0.228473
0.228473
0.228473
0.228473
0.228473
0.228473
0.228473
0.228473
0.228472
0.228472
0.228475
0.228475
0.228468
0.228466
0.228466
0.228466
0.228466
0.228466
0.228466
0.228466
0.228466
0.228466
0.228466
0.228466
0.228466
0.228466
0.228468
0.228468
0.228468
0.228466
0.228466
0.228466
0.228466
0.228466
0.228466
0.228466
0.228466
0.228466
0.228466
0.228466
0.228466
0.228466
0.228468
0.228468
0.228468
0.228466
0.228466
0.228466
0.228466
0.228466
0.228466
0.228466
0.228466
0.228466
0.228466
0.228466
0.228466
0.228466
0.228468
0.228468
0.228468
0.228466
0.228466
0.228466
0.228466
0.228466
0.228466
0.228466
0.228466
0.228466
0.228466
0.228466
0.228466
0.228466
0.228468
0.228468
0.228468
0.228466
0.228466
0.228466
0.228466
0.228466
0.228466
0.228466
0.228466
0.228466
0.228466
0.228466
0.228466
0.228466
0.228468
0.228468
0.228468
0.228466
0.228466
0.228466
0.228466
0.228466
0.228466
0.228466
0.228466
0.228466
0.228466
0.228466
0.228466
0.228466
0.228468
0.228468
0.228468
0.228466
0.228466
0.228466
0.228466
0.228466
0.228466
0.228466
0.228466
0.228466
0.228466
0.228466
0.228466
0.228466
0.228468
0.228468
0.228468
0.228466
0.228466
0.228466
0.228466
0.228466
0.228466
0.228466
0.228466
0.228466
0.228466
0.228466
0.228466
0.228466
0.228468
0.228468
0.228468
0.228466
0.228466
0.228466
0.228466
0.228466
0.228466
0.228466
0.228466
0.228466
0.228466
0.228466
0.228466
0.228466
0.228469
0.228469
0.228468
0.228466
0.228466
0.228466
0.228466
0.228466
0.228466
0.228466
0.228466
0.228466
0.228466
0.228466
0.228466
0.228466
0.228468
0.22847
0.22847
0.228468
0.228466
0.228466
0.228466
0.228466
0.228466
0.228466
0.228466
0.228466
0.228466
0.228466
0.228466
0.228466
0.228466
0.228466
0.228468
0.228468
0.228468
0.228466
0.228466
0.228466
0.228466
0.228466
0.228466
0.228466
0.228466
0.228466
0.228466
0.228466
0.228466
0.228466
0.228466
0.228468
0.228468
0.228468
0.228466
0.228466
0.228466
0.228466
0.228466
0.228466
0.228466
0.228466
0.228466
0.228466
0.228466
0.228466
0.228466
0.228466
0.228468
0.228468
0.228468
0.228466
0.228466
0.228466
0.228466
0.228466
0.228466
0.228466
0.228466
0.228466
0.228466
0.228466
0.228466
0.228466
0.228466
0.228468
0.228468
0.228468
0.228466
0.228466
0.228466
0.228466
0.228466
0.228466
0.228466
0.228466
0.228466
0.228466
0.228466
0.228466
0.228466
0.228466
0.228468
0.228468
0.228468
0.228466
0.228466
0.228466
0.228466
0.228466
0.228466
0.228466
0.228466
0.228466
0.228466
0.228466
0.228466
0.228466
0.228466
0.228468
0.228468
0.228468
0.228466
0.228466
0.228466
0.228466
0.228466
0.228466
0.228466
0.228466
0.228466
0.228466
0.228466
0.228466
0.228466
0.228466
0.228468
0.228468
0.228468
0.228466
0.228466
0.228466
0.228466
0.228466
0.228466
0.228466
0.228466
0.228466
0.228466
0.228466
0.228466
0.228466
0.228466
0.228468
0.228468
0.228468
0.228466
0.228466
0.228466
0.228466
0.228466
0.228466
0.228466
0.228466
0.228466
0.228466
0.228466
0.228466
0.228466
0.228466
0.228468
0.228468
0.228468
0.228466
0.228466
0.228466
0.228466
0.228466
0.228466
0.228466
0.228466
0.228466
0.228466
0.228466
0.228466
0.228466
0.228466
0.228468
0.228468
0.228468
0.228466
0.228466
0.228466
0.228466
0.228466
0.228466
0.228466
0.228466
0.228466
0.228466
0.228466
0.228466
0.228466
0.228466
0.228468
0.228468
0.228468
0.228466
0.228466
0.228466
0.228466
0.228466
0.228466
0.228466
0.228466
0.228466
0.228466
0.228466
0.228466
0.228466
0.228466
0.228468
0.228468
0.228468
0.228466
0.228466
0.228466
0.228466
0.228466
0.228466
0.228466
0.228466
0.228466
0.228466
0.228466
0.228466
0.228466
0.228466
0.228468
0.228468
0.228435
0.228432
0.228432
0.228432
0.228432
0.228432
0.228432
0.228432
0.228432
0.228432
0.228432
0.228432
0.228432
0.228432
0.228432
0.228435
0.228435
0.228394
0.228392
0.228392
0.228392
0.228392
0.228392
0.228392
0.228392
0.228392
0.228392
0.228392
0.228392
0.228392
0.228392
0.228394
0.228394
0.228388
0.228386
0.228386
0.228386
0.228386
0.228386
0.228386
0.228386
0.228386
0.228386
0.228386
0.228386
0.228386
0.228386
0.228388
0.228388
0.228388
0.228386
0.228386
0.228386
0.228386
0.228386
0.228386
0.228386
0.228386
0.228386
0.228386
0.228386
0.228386
0.228386
0.228388
0.228388
0.228388
0.228386
0.228386
0.228386
0.228386
0.228386
0.228386
0.228386
0.228386
0.228386
0.228386
0.228386
0.228386
0.228386
0.228388
0.228388
0.228388
0.228386
0.228386
0.228386
0.228386
0.228386
0.228386
0.228386
0.228386
0.228386
0.228386
0.228386
0.228386
0.228386
0.228388
0.228388
0.228388
0.228386
0.228386
0.228386
0.228386
0.228386
0.228386
0.228386
0.228386
0.228386
0.228386
0.228386
0.228386
0.228386
0.228388
0.228388
0.228388
0.228386
0.228386
0.228386
0.228386
0.228386
0.228386
0.228386
0.228386
0.228386
0.228386
0.228386
0.228386
0.228386
0.228388
0.228388
0.228388
0.228386
0.228386
0.228386
0.228386
0.228386
0.228386
0.228386
0.228386
0.228386
0.228386
0.228386
0.228386
0.228386
0.228388
0.228388
0.228388
0.228386
0.228386
0.228386
0.228386
0.228386
0.228386
0.228386
0.228386
0.228386
0.228386
0.228386
0.228386
0.228386
0.228388
0.228388
0.228388
0.228386
0.228386
0.228386
0.228386
0.228386
0.228386
0.228386
0.228386
0.228386
0.228386
0.228386
0.228386
0.228386
0.228388
0.228388
0.228388
0.228386
0.228386
0.228386
0.228386
0.228386
0.228386
0.228386
0.228386
0.228386
0.228386
0.228386
0.228386
0.228386
0.228389
0.228389
0.228388
0.228386
0.228386
0.228386
0.228386
0.228386
0.228386
0.228386
0.228386
0.228386
0.228386
0.228386
0.228386
0.228386
0.228388
0.22839
0.22839
0.228388
0.228386
0.228386
0.228386
0.228386
0.228386
0.228386
0.228386
0.228386
0.228386
0.228386
0.228386
0.228386
0.228386
0.228386
0.228388
0.228388
0.228388
0.228386
0.228386
0.228386
0.228386
0.228386
0.228386
0.228386
0.228386
0.228386
0.228386
0.228386
0.228386
0.228386
0.228386
0.228388
0.228388
0.228388
0.228386
0.228386
0.228386
0.228386
0.228386
0.228386
0.228386
0.228386
0.228386
0.228386
0.228386
0.228386
0.228386
0.228386
0.228388
0.228388
0.228388
0.228386
0.228386
0.228386
0.228386
0.228386
0.228386
0.228386
0.228386
0.228386
0.228386
0.228386
0.228386
0.228386
0.228386
0.228388
0.228388
0.228388
0.228386
0.228386
0.228386
0.228386
0.228386
0.228386
0.228386
0.228386
0.228386
0.228386
0.228386
0.228386
0.228386
0.228386
0.228388
0.228388
0.228388
0.228386
0.228386
0.228386
0.228386
0.228386
0.228386
0.228386
0.228386
0.228386
0.228386
0.228386
0.228386
0.228386
0.228386
0.228388
0.228388
0.228388
0.228386
0.228386
0.228386
0.228386
0.228386
0.228386
0.228386
0.228386
0.228386
0.228386
0.228386
0.228386
0.228386
0.228386
0.228388
0.228388
0.228388
0.228386
0.228386
0.228386
0.228386
0.228386
0.228386
0.228386
0.228386
0.228386
0.228386
0.228386
0.228386
0.228386
0.228386
0.228388
0.228388
0.228388
0.228386
0.228386
0.228386
0.228386
0.228386
0.228386
0.228386
0.228386
0.228386
0.228386
0.228386
0.228386
0.228386
0.228386
0.228388
0.228388
0.228388
0.228386
0.228386
0.228386
0.228386
0.228386
0.228386
0.228386
0.228386
0.228386
0.228386
0.228386
0.228386
0.228386
0.228386
0.228388
0.228388
0.228388
0.228386
0.228386
0.228386
0.228386
0.228386
0.228386
0.228386
0.228386
0.228386
0.228386
0.228386
0.228386
0.228386
0.228386
0.228388
0.228388
0.228388
0.228386
0.228386
0.228386
0.228386
0.228386
0.228386
0.228386
0.228386
0.228386
0.228386
0.228386
0.228386
0.228386
0.228386
0.228388
0.228388
0.228359
0.228357
0.228357
0.228357
0.228357
0.228357
0.228357
0.228357
0.228357
0.228357
0.228357
0.228357
0.228357
0.228357
0.228357
0.228359
0.228359
)
;

boundaryField
{
    frontAndBack
    {
        type            slip;
    }
    inlet
    {
        type            fixedValue;
        value           nonuniform List<scalar> 0();
    }
    outlet
    {
        type            inletOutlet;
        inletValue      nonuniform List<scalar> 0();
        value           nonuniform List<scalar> 0();
    }
    lowerWall
    {
        type            kqRWallFunction;
        value           nonuniform List<scalar> 
420
(
0.233786
0.233782
0.233782
0.233782
0.233782
0.233782
0.233782
0.233782
0.233782
0.233782
0.233782
0.233782
0.233782
0.233782
0.233782
0.233782
0.233782
0.233782
0.233782
0.233782
0.233782
0.233782
0.233782
0.233782
0.233765
0.233785
0.233781
0.233781
0.233781
0.233781
0.233781
0.233781
0.233781
0.233781
0.233781
0.233781
0.233781
0.233781
0.233781
0.233781
0.233781
0.233781
0.233781
0.233781
0.233781
0.233781
0.233781
0.233781
0.233781
0.233764
0.233785
0.233781
0.233781
0.233781
0.233781
0.233781
0.233781
0.233781
0.233781
0.233781
0.233781
0.233781
0.233781
0.233781
0.233781
0.233781
0.233781
0.233781
0.233781
0.233781
0.233781
0.233781
0.233781
0.233781
0.233764
0.233785
0.233781
0.233781
0.233781
0.233781
0.233781
0.233781
0.233781
0.233781
0.233781
0.233781
0.233781
0.233781
0.233781
0.233781
0.233781
0.233781
0.233781
0.233781
0.233781
0.233781
0.233781
0.233781
0.233781
0.233764
0.233785
0.233781
0.233781
0.233781
0.233781
0.233781
0.233781
0.233781
0.233781
0.233781
0.233781
0.233781
0.233781
0.233781
0.233781
0.233781
0.233781
0.233781
0.233781
0.233781
0.233781
0.233781
0.233781
0.233781
0.233764
0.233785
0.233781
0.233781
0.233781
0.233781
0.233781
0.233781
0.233781
0.233781
0.233781
0.233781
0.233781
0.233781
0.233781
0.233781
0.233781
0.233781
0.233781
0.233781
0.233781
0.233781
0.233781
0.233781
0.233781
0.233764
0.233785
0.233781
0.233781
0.233781
0.233781
0.233781
0.233781
0.233781
0.233781
0.233781
0.233781
0.233781
0.233781
0.233781
0.233781
0.233781
0.233781
0.233781
0.233781
0.233781
0.233781
0.233781
0.233781
0.233781
0.233764
0.233785
0.233781
0.233781
0.233781
0.233781
0.233781
0.233781
0.233781
0.233781
0.233781
0.233781
0.233781
0.233781
0.233781
0.233781
0.233781
0.233781
0.233781
0.233781
0.233781
0.233781
0.233781
0.233781
0.233781
0.233764
0.233785
0.233781
0.233781
0.233781
0.233781
0.233781
0.233781
0.233781
0.233781
0.233781
0.233781
0.233781
0.233781
0.233781
0.233781
0.233781
0.233781
0.233781
0.233781
0.233781
0.233781
0.233781
0.233781
0.233781
0.233764
0.233785
0.233781
0.233781
0.233781
0.233781
0.233781
0.233781
0.233781
0.233781
0.233781
0.233781
0.233781
0.233781
0.233781
0.233781
0.233781
0.233781
0.233781
0.233781
0.233781
0.233781
0.233781
0.233781
0.233781
0.233764
0.233785
0.233781
0.233781
0.233781
0.233781
0.233781
0.233781
0.233781
0.233781
0.233781
0.233781
0.233781
0.233781
0.233781
0.233781
0.233781
0.233781
0.233781
0.233781
0.233781
0.233781
0.233781
0.233781
0.233781
0.233764
0.233785
0.233781
0.233781
0.233781
0.233781
0.233781
0.233781
0.233781
0.233781
0.233781
0.233781
0.233781
0.233781
0.233781
0.233781
0.233781
0.233781
0.233781
0.233781
0.233781
0.233781
0.233781
0.233781
0.233781
0.233764
0.233785
0.233781
0.233781
0.233781
0.233781
0.233781
0.233781
0.233781
0.233781
0.233781
0.233781
0.233781
0.233781
0.233781
0.233781
0.233781
0.233781
0.233781
0.233781
0.233781
0.233781
0.233781
0.233781
0.233781
0.233764
0.233783
0.233781
0.233781
0.233781
0.233781
0.233781
0.233781
0.233781
0.233781
0.233781
0.233781
0.233781
0.233781
0.233781
0.233781
0.233781
0.233781
0.233781
0.233781
0.233781
0.233781
0.233781
0.233781
0.233781
0.233764
0.233785
0.233782
0.233782
0.233782
0.233782
0.233782
0.233782
0.233781
0.233781
0.233781
0.233781
0.233781
0.233781
0.233781
0.233781
0.233781
0.233781
0.233781
0.233781
0.233781
0.233781
0.233781
0.233781
0.233781
0.233764
0.233785
0.233785
0.233782
0.233782
0.233782
0.233782
0.233782
0.233783
0.233782
0.233782
0.233782
0.233782
0.233782
0.233782
0.233782
0.233782
0.233782
0.233782
0.233782
0.233782
0.233782
0.233782
0.233782
0.233782
0.233782
0.233765
0.233783
0.233782
0.233782
0.233782
0.233782
0.233782
0.233782
0.233782
0.233782
0.233782
0.233782
0.233782
0.233782
0.233782
0.233782
0.233782
0.233782
0.233782
0.233765
)
;
    }
    upperWall
    {
        type            slip;
    }
    procBoundary4to1
    {
        type            processor;
        value           nonuniform List<scalar> 
82
(
0.233782
0.233782
0.233781
0.233781
0.233781
0.233781
0.233781
0.233781
0.233781
0.233781
0.233781
0.233781
0.233781
0.233781
0.233783
0.233785
0.233785
0.228483
0.228482
0.22848
0.22848
0.22848
0.22848
0.22848
0.22848
0.22848
0.22848
0.22848
0.22848
0.22848
0.22848
0.22848
0.228483
0.228483
0.228471
0.228469
0.228469
0.228469
0.228469
0.228469
0.228469
0.228469
0.228469
0.228469
0.228469
0.228469
0.228469
0.228469
0.228471
0.228471
0.228468
0.228466
0.228466
0.228466
0.228466
0.228466
0.228466
0.228466
0.228466
0.228466
0.228466
0.228466
0.228466
0.228466
0.228468
0.228468
0.228388
0.228386
0.228386
0.228386
0.228386
0.228386
0.228386
0.228386
0.228386
0.228386
0.228386
0.228386
0.228386
0.228386
0.228388
0.228388
)
;
    }
    procBoundary4to2
    {
        type            processor;
        value           uniform 0.233782;
    }
    procBoundary4to3
    {
        type            processor;
        value           nonuniform List<scalar> 
125
(
0.233786
0.233782
0.233782
0.233782
0.233782
0.233782
0.233782
0.233782
0.233782
0.233782
0.233782
0.233782
0.233782
0.233782
0.233782
0.233782
0.233782
0.233782
0.233782
0.233782
0.233782
0.233782
0.233782
0.233782
0.233765
0.228489
0.228482
0.228482
0.228482
0.228482
0.228482
0.228482
0.228482
0.228482
0.228482
0.228482
0.228482
0.228482
0.228482
0.228482
0.228482
0.228482
0.228482
0.228482
0.228482
0.228482
0.228482
0.228482
0.228482
0.228449
0.228478
0.228471
0.228471
0.228471
0.228471
0.228471
0.228471
0.228471
0.228471
0.228471
0.228471
0.228471
0.228471
0.228471
0.228471
0.228471
0.228471
0.228471
0.228471
0.228471
0.228471
0.228471
0.228471
0.228471
0.228438
0.228475
0.228468
0.228468
0.228468
0.228468
0.228468
0.228468
0.228468
0.228468
0.228468
0.228468
0.228468
0.228468
0.228468
0.228468
0.228468
0.228468
0.228468
0.228468
0.228468
0.228468
0.228468
0.228468
0.228468
0.228435
0.228394
0.228388
0.228388
0.228388
0.228388
0.228388
0.228388
0.228388
0.228388
0.228388
0.228388
0.228388
0.228388
0.228388
0.228388
0.228388
0.228388
0.228388
0.228388
0.228388
0.228388
0.228388
0.228388
0.228388
0.228359
)
;
    }
    procBoundary4to5
    {
        type            processor;
        value           nonuniform List<scalar> 
135
(
0.233786
0.233782
0.233782
0.233782
0.233782
0.233782
0.233782
0.233782
0.228483
0.233782
0.233782
0.233782
0.233782
0.233782
0.233782
0.233782
0.233782
0.233782
0.233782
0.233782
0.233782
0.233782
0.233782
0.233782
0.233782
0.233782
0.233765
0.228489
0.228482
0.228482
0.228482
0.228482
0.228482
0.228483
0.228483
0.228482
0.228473
0.228482
0.228473
0.228482
0.228482
0.228482
0.228482
0.228482
0.228482
0.228482
0.228482
0.228482
0.228482
0.228482
0.228482
0.228482
0.228482
0.228482
0.228449
0.228478
0.228471
0.228471
0.228471
0.228471
0.228471
0.228471
0.228473
0.228473
0.228473
0.228471
0.22847
0.228471
0.228471
0.228471
0.228471
0.228471
0.228471
0.228471
0.228471
0.228471
0.228471
0.228471
0.228471
0.228471
0.228471
0.228438
0.228475
0.228468
0.228468
0.228468
0.228468
0.228468
0.228468
0.228468
0.228468
0.22847
0.22847
0.228468
0.228389
0.228468
0.228468
0.228468
0.228468
0.228468
0.228468
0.228468
0.228468
0.228468
0.228468
0.228468
0.228468
0.228468
0.228435
0.228394
0.228388
0.228388
0.228388
0.228388
0.228388
0.228388
0.228388
0.228388
0.228388
0.228389
0.228389
0.228388
0.228388
0.228388
0.228388
0.228388
0.228388
0.228388
0.228388
0.228388
0.228388
0.228388
0.228388
0.228388
0.228359
)
;
    }
}


// ************************************************************************* //
