/*--------------------------------*- C++ -*----------------------------------*\
  =========                 |
  \\      /  F ield         | OpenFOAM: The Open Source CFD Toolbox
   \\    /   O peration     | Website:  https://openfoam.org
    \\  /    A nd           | Version:  10
     \\/     M anipulation  |
\*---------------------------------------------------------------------------*/
FoamFile
{
    format      ascii;
    class       volScalarField;
    location    "10";
    object      nut;
}
// * * * * * * * * * * * * * * * * * * * * * * * * * * * * * * * * * * * * * //

dimensions      [0 2 -1 0 0 0 0];

internalField   nonuniform List<scalar> 
2083
(
0.267914
0.267915
0.267914
0.267914
0.267914
0.267914
0.267914
0.267914
0.267914
0.267914
0.267914
0.267914
0.267914
0.267914
0.267912
0.267914
0.267914
0.267911
0.26791
0.26791
0.26791
0.26791
0.26791
0.26791
0.26791
0.26791
0.26791
0.26791
0.26791
0.26791
0.26791
0.267911
0.267911
0.267911
0.26791
0.26791
0.26791
0.26791
0.26791
0.26791
0.26791
0.26791
0.26791
0.26791
0.26791
0.26791
0.26791
0.267911
0.267911
0.267911
0.26791
0.26791
0.26791
0.26791
0.26791
0.26791
0.26791
0.26791
0.26791
0.26791
0.26791
0.26791
0.26791
0.267911
0.267911
0.267911
0.26791
0.26791
0.26791
0.26791
0.26791
0.26791
0.26791
0.26791
0.26791
0.26791
0.26791
0.26791
0.26791
0.267911
0.267911
0.267911
0.26791
0.26791
0.26791
0.26791
0.26791
0.26791
0.26791
0.26791
0.26791
0.26791
0.26791
0.26791
0.26791
0.267911
0.267911
0.267911
0.26791
0.26791
0.26791
0.26791
0.26791
0.26791
0.26791
0.26791
0.26791
0.26791
0.26791
0.26791
0.26791
0.267911
0.267912
0.267912
0.267911
0.26791
0.26791
0.26791
0.26791
0.26791
0.26791
0.26791
0.26791
0.26791
0.26791
0.26791
0.26791
0.26791
0.26791
0.267911
0.267911
0.267911
0.26791
0.26791
0.26791
0.26791
0.26791
0.26791
0.26791
0.26791
0.26791
0.26791
0.26791
0.26791
0.26791
0.26791
0.267911
0.267911
0.267911
0.26791
0.26791
0.26791
0.26791
0.26791
0.26791
0.26791
0.26791
0.26791
0.26791
0.26791
0.26791
0.26791
0.26791
0.267911
0.267911
0.267911
0.26791
0.26791
0.26791
0.26791
0.26791
0.26791
0.26791
0.26791
0.26791
0.26791
0.26791
0.26791
0.26791
0.26791
0.267911
0.267911
0.267911
0.26791
0.26791
0.26791
0.26791
0.26791
0.26791
0.26791
0.26791
0.26791
0.26791
0.26791
0.26791
0.26791
0.26791
0.267911
0.267911
0.267911
0.26791
0.26791
0.26791
0.26791
0.26791
0.26791
0.26791
0.26791
0.26791
0.26791
0.26791
0.26791
0.26791
0.26791
0.267911
0.267911
0.267911
0.26791
0.26791
0.26791
0.26791
0.26791
0.26791
0.26791
0.26791
0.26791
0.26791
0.26791
0.26791
0.26791
0.26791
0.267911
0.267911
0.267911
0.26791
0.26791
0.26791
0.26791
0.26791
0.26791
0.26791
0.26791
0.26791
0.26791
0.26791
0.26791
0.26791
0.26791
0.267911
0.267911
0.267911
0.26791
0.26791
0.26791
0.26791
0.26791
0.26791
0.26791
0.26791
0.26791
0.26791
0.26791
0.26791
0.26791
0.26791
0.267911
0.267911
0.267911
0.26791
0.26791
0.26791
0.26791
0.26791
0.26791
0.26791
0.26791
0.26791
0.26791
0.26791
0.26791
0.26791
0.26791
0.267911
0.267911
0.267911
0.26791
0.26791
0.26791
0.26791
0.26791
0.26791
0.26791
0.26791
0.26791
0.26791
0.26791
0.26791
0.26791
0.26791
0.267911
0.267911
0.267911
0.26791
0.26791
0.26791
0.26791
0.26791
0.26791
0.26791
0.26791
0.26791
0.26791
0.26791
0.26791
0.26791
0.26791
0.267911
0.267911
0.267911
0.26791
0.26791
0.26791
0.26791
0.26791
0.26791
0.26791
0.26791
0.26791
0.26791
0.26791
0.26791
0.26791
0.26791
0.267911
0.267911
0.267911
0.26791
0.26791
0.26791
0.26791
0.26791
0.26791
0.26791
0.26791
0.26791
0.26791
0.26791
0.26791
0.26791
0.26791
0.267911
0.267911
0.267911
0.26791
0.26791
0.26791
0.26791
0.26791
0.26791
0.26791
0.26791
0.26791
0.26791
0.26791
0.26791
0.26791
0.26791
0.267911
0.267911
0.267911
0.26791
0.26791
0.26791
0.26791
0.26791
0.26791
0.26791
0.26791
0.26791
0.26791
0.26791
0.26791
0.26791
0.26791
0.267911
0.267911
0.267911
0.26791
0.26791
0.26791
0.26791
0.26791
0.26791
0.26791
0.26791
0.26791
0.26791
0.26791
0.26791
0.26791
0.26791
0.267911
0.267911
0.267892
0.26789
0.26789
0.26789
0.26789
0.26789
0.26789
0.26789
0.26789
0.26789
0.26789
0.26789
0.26789
0.26789
0.26789
0.267892
0.267892
0.134697
0.134697
0.134697
0.134697
0.134697
0.134697
0.134697
0.134697
0.134697
0.134697
0.134697
0.134697
0.134697
0.134697
0.134697
0.134697
0.134696
0.134696
0.134696
0.134696
0.134696
0.134696
0.134696
0.134696
0.134696
0.134696
0.134696
0.134696
0.134696
0.134696
0.134696
0.134696
0.134696
0.134696
0.134696
0.134696
0.134696
0.134696
0.134696
0.134696
0.134696
0.134696
0.134696
0.134696
0.134696
0.134696
0.134696
0.134696
0.134696
0.134696
0.134696
0.134696
0.134696
0.134696
0.134696
0.134696
0.134696
0.134696
0.134696
0.134696
0.134696
0.134696
0.134696
0.134696
0.134696
0.134696
0.134696
0.134696
0.134696
0.134696
0.134696
0.134696
0.134696
0.134696
0.134696
0.134696
0.134696
0.134696
0.134696
0.134696
0.134696
0.134696
0.134696
0.134696
0.134696
0.134696
0.134696
0.134696
0.134696
0.134696
0.134696
0.134696
0.134696
0.134696
0.134696
0.134696
0.134696
0.134696
0.134696
0.134696
0.134696
0.134696
0.134696
0.134696
0.134696
0.134696
0.134696
0.134696
0.134696
0.134696
0.134697
0.134697
0.134696
0.134696
0.134696
0.134696
0.134696
0.134696
0.134696
0.134696
0.134696
0.134696
0.134696
0.134696
0.134696
0.134696
0.134696
0.134696
0.134697
0.134696
0.134696
0.134696
0.134696
0.134696
0.134696
0.134696
0.134696
0.134696
0.134696
0.134696
0.134696
0.134696
0.134696
0.134696
0.134696
0.134696
0.134696
0.134696
0.134696
0.134696
0.134696
0.134696
0.134696
0.134696
0.134696
0.134696
0.134696
0.134696
0.134696
0.134696
0.134696
0.134696
0.134696
0.134696
0.134696
0.134696
0.134696
0.134696
0.134696
0.134696
0.134696
0.134696
0.134696
0.134696
0.134696
0.134696
0.134696
0.134696
0.134696
0.134696
0.134696
0.134696
0.134696
0.134696
0.134696
0.134696
0.134696
0.134696
0.134696
0.134696
0.134696
0.134696
0.134696
0.134696
0.134696
0.134696
0.134696
0.134696
0.134696
0.134696
0.134696
0.134696
0.134696
0.134696
0.134696
0.134696
0.134696
0.134696
0.134696
0.134696
0.134696
0.134696
0.134696
0.134696
0.134696
0.134696
0.134696
0.134696
0.134696
0.134696
0.134696
0.134696
0.134696
0.134696
0.134696
0.134696
0.134696
0.134696
0.134696
0.134696
0.134696
0.134696
0.134696
0.134696
0.134696
0.134696
0.134696
0.134696
0.134696
0.134696
0.134696
0.134696
0.134696
0.134696
0.134696
0.134696
0.134696
0.134696
0.134696
0.134696
0.134696
0.134696
0.134696
0.134696
0.134696
0.134696
0.134696
0.134696
0.134696
0.134696
0.134696
0.134696
0.134696
0.134696
0.134696
0.134696
0.134696
0.134696
0.134696
0.134696
0.134696
0.134696
0.134696
0.134696
0.134696
0.134696
0.134696
0.134696
0.134696
0.134696
0.134696
0.134696
0.134696
0.134696
0.134696
0.134696
0.134696
0.134696
0.134696
0.134696
0.134696
0.134696
0.134696
0.134696
0.134696
0.134696
0.134696
0.134696
0.134696
0.134696
0.134696
0.134696
0.134696
0.134696
0.134696
0.134696
0.134696
0.134696
0.134696
0.134696
0.134696
0.134696
0.134696
0.134696
0.134696
0.134696
0.134696
0.134696
0.134696
0.134696
0.134696
0.134696
0.134696
0.134696
0.134696
0.134696
0.134696
0.134696
0.134696
0.134696
0.134696
0.134696
0.134696
0.134696
0.134696
0.134696
0.134696
0.134696
0.134696
0.134696
0.134696
0.134696
0.134696
0.134696
0.134696
0.134696
0.134696
0.134696
0.134696
0.134696
0.134696
0.134696
0.134696
0.134696
0.134696
0.134696
0.134696
0.134696
0.134696
0.134696
0.134696
0.134696
0.134696
0.134696
0.134696
0.134696
0.134696
0.134696
0.134696
0.134696
0.134696
0.134696
0.134696
0.134696
0.134696
0.134696
0.134696
0.134696
0.134696
0.134696
0.134696
0.134696
0.134696
0.134696
0.134696
0.134696
0.134696
0.134696
0.134696
0.134696
0.134696
0.134696
0.134696
0.134696
0.134696
0.134696
0.134696
0.134696
0.134696
0.134696
0.134696
0.134694
0.134694
0.134694
0.134694
0.134694
0.134694
0.134694
0.134694
0.134694
0.134694
0.134694
0.134694
0.134694
0.134694
0.134694
0.134694
0.134694
0.134626
0.134626
0.134626
0.134626
0.134626
0.134626
0.134626
0.134626
0.134626
0.134626
0.134626
0.134626
0.134626
0.134626
0.134626
0.134626
0.134626
0.134625
0.134625
0.134625
0.134625
0.134625
0.134625
0.134625
0.134625
0.134625
0.134625
0.134625
0.134625
0.134625
0.134626
0.134626
0.134626
0.134625
0.134625
0.134625
0.134625
0.134625
0.134625
0.134625
0.134625
0.134625
0.134625
0.134625
0.134625
0.134625
0.134626
0.134626
0.134626
0.134625
0.134625
0.134625
0.134625
0.134625
0.134625
0.134625
0.134625
0.134625
0.134625
0.134625
0.134625
0.134625
0.134626
0.134626
0.134626
0.134625
0.134625
0.134625
0.134625
0.134625
0.134625
0.134625
0.134625
0.134625
0.134625
0.134625
0.134625
0.134625
0.134626
0.134626
0.134626
0.134625
0.134625
0.134625
0.134625
0.134625
0.134625
0.134625
0.134625
0.134625
0.134625
0.134625
0.134625
0.134625
0.134626
0.134626
0.134626
0.134625
0.134625
0.134625
0.134625
0.134625
0.134625
0.134625
0.134625
0.134625
0.134625
0.134625
0.134625
0.134625
0.134626
0.134626
0.134626
0.134625
0.134625
0.134625
0.134625
0.134625
0.134625
0.134625
0.134625
0.134625
0.134625
0.134625
0.134625
0.134625
0.134626
0.134626
0.134626
0.134625
0.134625
0.134625
0.134625
0.134625
0.134625
0.134625
0.134625
0.134625
0.134625
0.134625
0.134625
0.134625
0.134626
0.134626
0.134626
0.134625
0.134625
0.134625
0.134625
0.134625
0.134625
0.134625
0.134625
0.134625
0.134625
0.134625
0.134625
0.134625
0.134626
0.134626
0.134626
0.134626
0.134625
0.134625
0.134625
0.134625
0.134625
0.134625
0.134625
0.134625
0.134625
0.134625
0.134625
0.134625
0.134625
0.134625
0.134626
0.134626
0.134626
0.134625
0.134625
0.134625
0.134625
0.134625
0.134625
0.134625
0.134625
0.134625
0.134625
0.134625
0.134625
0.134625
0.134625
0.134626
0.134626
0.134626
0.134625
0.134625
0.134625
0.134625
0.134625
0.134625
0.134625
0.134625
0.134625
0.134625
0.134625
0.134625
0.134625
0.134625
0.134626
0.134626
0.134626
0.134625
0.134625
0.134625
0.134625
0.134625
0.134625
0.134625
0.134625
0.134625
0.134625
0.134625
0.134625
0.134625
0.134625
0.134626
0.134626
0.134626
0.134625
0.134625
0.134625
0.134625
0.134625
0.134625
0.134625
0.134625
0.134625
0.134625
0.134625
0.134625
0.134625
0.134625
0.134626
0.134626
0.134626
0.134625
0.134625
0.134625
0.134625
0.134625
0.134625
0.134625
0.134625
0.134625
0.134625
0.134625
0.134625
0.134625
0.134625
0.134626
0.134626
0.134626
0.134625
0.134625
0.134625
0.134625
0.134625
0.134625
0.134625
0.134625
0.134625
0.134625
0.134625
0.134625
0.134625
0.134625
0.134626
0.134626
0.134626
0.134625
0.134625
0.134625
0.134625
0.134625
0.134625
0.134625
0.134625
0.134625
0.134625
0.134625
0.134625
0.134625
0.134625
0.134626
0.134626
0.134626
0.134625
0.134625
0.134625
0.134625
0.134625
0.134625
0.134625
0.134625
0.134625
0.134625
0.134625
0.134625
0.134625
0.134625
0.134626
0.134626
0.134626
0.134625
0.134625
0.134625
0.134625
0.134625
0.134625
0.134625
0.134625
0.134625
0.134625
0.134625
0.134625
0.134625
0.134625
0.134626
0.134626
0.134626
0.134625
0.134625
0.134625
0.134625
0.134625
0.134625
0.134625
0.134625
0.134625
0.134625
0.134625
0.134625
0.134625
0.134625
0.134626
0.134626
0.134626
0.134625
0.134625
0.134625
0.134625
0.134625
0.134625
0.134625
0.134625
0.134625
0.134625
0.134625
0.134625
0.134625
0.134625
0.134626
0.134626
0.134626
0.134625
0.134625
0.134625
0.134625
0.134625
0.134625
0.134625
0.134625
0.134625
0.134625
0.134625
0.134625
0.134625
0.134625
0.134626
0.134626
0.134626
0.134625
0.134625
0.134625
0.134625
0.134625
0.134625
0.134625
0.134625
0.134625
0.134625
0.134625
0.134625
0.134625
0.134625
0.134626
0.134626
0.134623
0.134623
0.134623
0.134623
0.134623
0.134623
0.134623
0.134623
0.134623
0.134623
0.134623
0.134623
0.134623
0.134623
0.134623
0.134623
0.134623
0.134613
0.134613
0.134613
0.134613
0.134613
0.134613
0.134613
0.134613
0.134613
0.134613
0.134613
0.134613
0.134613
0.134613
0.134613
0.134613
0.134612
0.134612
0.134612
0.134612
0.134612
0.134612
0.134612
0.134612
0.134612
0.134612
0.134612
0.134612
0.134612
0.134612
0.134612
0.134612
0.134612
0.134612
0.134612
0.134612
0.134612
0.134612
0.134612
0.134612
0.134612
0.134612
0.134612
0.134612
0.134612
0.134612
0.134612
0.134612
0.134612
0.134612
0.134612
0.134612
0.134612
0.134612
0.134612
0.134612
0.134612
0.134612
0.134612
0.134612
0.134612
0.134612
0.134612
0.134612
0.134612
0.134612
0.134612
0.134612
0.134612
0.134612
0.134612
0.134612
0.134612
0.134612
0.134612
0.134612
0.134612
0.134612
0.134612
0.134612
0.134612
0.134612
0.134612
0.134612
0.134612
0.134612
0.134612
0.134612
0.134612
0.134612
0.134612
0.134612
0.134612
0.134612
0.134612
0.134612
0.134612
0.134612
0.134612
0.134612
0.134612
0.134612
0.134612
0.134612
0.134612
0.134612
0.134612
0.134612
0.134612
0.134612
0.134612
0.134612
0.134612
0.134612
0.134612
0.134612
0.134612
0.134612
0.134612
0.134612
0.134612
0.134612
0.134612
0.134612
0.134612
0.134612
0.134612
0.134612
0.134612
0.134612
0.134612
0.134612
0.134612
0.134612
0.134612
0.134612
0.134612
0.134612
0.134612
0.134612
0.134612
0.134612
0.134612
0.134612
0.134612
0.134612
0.134612
0.134612
0.134612
0.134612
0.134612
0.134612
0.134612
0.134612
0.134612
0.134612
0.134612
0.134612
0.134613
0.134613
0.134612
0.134612
0.134612
0.134612
0.134612
0.134612
0.134612
0.134612
0.134612
0.134612
0.134612
0.134612
0.134612
0.134612
0.134612
0.134613
0.134613
0.134612
0.134612
0.134612
0.134612
0.134612
0.134612
0.134612
0.134612
0.134612
0.134612
0.134612
0.134612
0.134612
0.134612
0.134612
0.134612
0.134612
0.134612
0.134612
0.134612
0.134612
0.134612
0.134612
0.134612
0.134612
0.134612
0.134612
0.134612
0.134612
0.134612
0.134612
0.134612
0.134612
0.134612
0.134612
0.134612
0.134612
0.134612
0.134612
0.134612
0.134612
0.134612
0.134612
0.134612
0.134612
0.134612
0.134612
0.134612
0.134612
0.134612
0.134612
0.134612
0.134612
0.134612
0.134612
0.134612
0.134612
0.134612
0.134612
0.134612
0.134612
0.134612
0.134612
0.134612
0.134612
0.134612
0.134612
0.134612
0.134612
0.134612
0.134612
0.134612
0.134612
0.134612
0.134612
0.134612
0.134612
0.134612
0.134612
0.134612
0.134612
0.134612
0.134612
0.134612
0.134612
0.134612
0.134612
0.134612
0.134612
0.134612
0.134612
0.134612
0.134612
0.134612
0.134612
0.134612
0.134612
0.134612
0.134612
0.134612
0.134612
0.134612
0.134612
0.134612
0.134612
0.134612
0.134612
0.134612
0.134612
0.134612
0.134612
0.134612
0.134612
0.134612
0.134612
0.134612
0.134612
0.134612
0.134612
0.134612
0.134612
0.134612
0.134612
0.134612
0.134612
0.134612
0.134612
0.134612
0.134612
0.134612
0.134612
0.134612
0.134612
0.134612
0.134612
0.134612
0.134612
0.134612
0.134612
0.134612
0.134612
0.134612
0.134612
0.134612
0.134612
0.134612
0.134612
0.134612
0.134612
0.134612
0.134612
0.134612
0.134612
0.134612
0.134612
0.134612
0.134612
0.134612
0.134612
0.134612
0.134612
0.134612
0.134612
0.134612
0.134612
0.134612
0.134612
0.134612
0.134612
0.134612
0.134612
0.134612
0.134612
0.134612
0.134612
0.134612
0.134612
0.134612
0.134612
0.134612
0.134612
0.134612
0.134612
0.134612
0.134612
0.134612
0.134612
0.134612
0.134612
0.134612
0.134612
0.134612
0.134612
0.134612
0.134612
0.134612
0.134612
0.134612
0.134612
0.134612
0.134612
0.134612
0.134612
0.134612
0.134612
0.134612
0.134612
0.134612
0.134612
0.134612
0.134612
0.134612
0.134612
0.134612
0.134612
0.134612
0.134612
0.134612
0.134612
0.134612
0.134612
0.13461
0.134609
0.134609
0.134609
0.134609
0.134609
0.134609
0.134609
0.134609
0.134609
0.134609
0.134609
0.134609
0.134609
0.134609
0.13461
0.13461
0.134059
0.134059
0.134059
0.134059
0.134059
0.134059
0.134059
0.134059
0.134059
0.134059
0.134059
0.134059
0.134059
0.134059
0.134059
0.134059
0.134058
0.134057
0.134057
0.134057
0.134057
0.134057
0.134057
0.134057
0.134057
0.134057
0.134057
0.134057
0.134057
0.134057
0.134058
0.134058
0.134058
0.134057
0.134057
0.134057
0.134057
0.134057
0.134057
0.134057
0.134057
0.134057
0.134057
0.134057
0.134057
0.134057
0.134058
0.134058
0.134058
0.134057
0.134057
0.134057
0.134057
0.134057
0.134057
0.134057
0.134057
0.134057
0.134057
0.134057
0.134057
0.134057
0.134058
0.134058
0.134058
0.134057
0.134057
0.134057
0.134057
0.134057
0.134057
0.134057
0.134057
0.134057
0.134057
0.134057
0.134057
0.134057
0.134058
0.134058
0.134058
0.134057
0.134057
0.134057
0.134057
0.134057
0.134057
0.134057
0.134057
0.134057
0.134057
0.134057
0.134057
0.134057
0.134058
0.134058
0.134058
0.134057
0.134057
0.134057
0.134057
0.134057
0.134057
0.134057
0.134057
0.134057
0.134057
0.134057
0.134057
0.134057
0.134058
0.134058
0.134058
0.134057
0.134057
0.134057
0.134057
0.134057
0.134057
0.134057
0.134057
0.134057
0.134057
0.134057
0.134057
0.134057
0.134058
0.134058
0.134058
0.134057
0.134057
0.134057
0.134057
0.134057
0.134057
0.134057
0.134057
0.134057
0.134057
0.134057
0.134057
0.134057
0.134058
0.134058
0.134058
0.134057
0.134057
0.134057
0.134057
0.134057
0.134057
0.134057
0.134057
0.134057
0.134057
0.134057
0.134057
0.134057
0.134058
0.134058
0.134058
0.134057
0.134057
0.134057
0.134057
0.134057
0.134057
0.134057
0.134057
0.134057
0.134057
0.134057
0.134057
0.134057
0.134058
0.134058
0.134058
0.134057
0.134057
0.134057
0.134057
0.134057
0.134057
0.134057
0.134057
0.134057
0.134057
0.134057
0.134057
0.134057
0.134058
0.134058
0.134058
0.134058
0.134057
0.134057
0.134057
0.134057
0.134057
0.134057
0.134057
0.134057
0.134057
0.134057
0.134057
0.134057
0.134057
0.134057
0.134058
0.134058
0.134058
0.134057
0.134057
0.134057
0.134057
0.134057
0.134057
0.134057
0.134057
0.134057
0.134057
0.134057
0.134057
0.134057
0.134057
0.134058
0.134058
0.134058
0.134057
0.134057
0.134057
0.134057
0.134057
0.134057
0.134057
0.134057
0.134057
0.134057
0.134057
0.134057
0.134057
0.134057
0.134058
0.134058
0.134058
0.134057
0.134057
0.134057
0.134057
0.134057
0.134057
0.134057
0.134057
0.134057
0.134057
0.134057
0.134057
0.134057
0.134057
0.134058
0.134058
0.134058
0.134057
0.134057
0.134057
0.134057
0.134057
0.134057
0.134057
0.134057
0.134057
0.134057
0.134057
0.134057
0.134057
0.134057
0.134058
0.134058
0.134058
0.134057
0.134057
0.134057
0.134057
0.134057
0.134057
0.134057
0.134057
0.134057
0.134057
0.134057
0.134057
0.134057
0.134057
0.134058
0.134058
0.134058
0.134057
0.134057
0.134057
0.134057
0.134057
0.134057
0.134057
0.134057
0.134057
0.134057
0.134057
0.134057
0.134057
0.134057
0.134058
0.134058
0.134058
0.134057
0.134057
0.134057
0.134057
0.134057
0.134057
0.134057
0.134057
0.134057
0.134057
0.134057
0.134057
0.134057
0.134057
0.134058
0.134058
0.134058
0.134057
0.134057
0.134057
0.134057
0.134057
0.134057
0.134057
0.134057
0.134057
0.134057
0.134057
0.134057
0.134057
0.134057
0.134058
0.134058
0.134058
0.134057
0.134057
0.134057
0.134057
0.134057
0.134057
0.134057
0.134057
0.134057
0.134057
0.134057
0.134057
0.134057
0.134057
0.134058
0.134058
0.134058
0.134057
0.134057
0.134057
0.134057
0.134057
0.134057
0.134057
0.134057
0.134057
0.134057
0.134057
0.134057
0.134057
0.134057
0.134058
0.134058
0.134058
0.134057
0.134057
0.134057
0.134057
0.134057
0.134057
0.134057
0.134057
0.134057
0.134057
0.134057
0.134057
0.134057
0.134057
0.134058
0.134058
0.13405
0.134049
0.134049
0.134049
0.134049
0.134049
0.134049
0.134049
0.134049
0.134049
0.134049
0.134049
0.134049
0.134049
0.134049
0.13405
0.13405
)
;

boundaryField
{
    frontAndBack
    {
        type            calculated;
        value           nonuniform List<scalar> 
85
(
0.267892
0.134694
0.134623
0.13461
0.13405
0.26789
0.134694
0.134623
0.134609
0.134049
0.26789
0.134694
0.134623
0.134609
0.134049
0.26789
0.134694
0.134623
0.134609
0.134049
0.26789
0.134694
0.134623
0.134609
0.134049
0.26789
0.134694
0.134623
0.134609
0.134049
0.26789
0.134694
0.134623
0.134609
0.134049
0.26789
0.134694
0.134623
0.134609
0.134049
0.26789
0.134694
0.134623
0.134609
0.134049
0.26789
0.134694
0.134623
0.134609
0.134049
0.26789
0.134694
0.134623
0.134609
0.134049
0.26789
0.134694
0.134623
0.134609
0.134049
0.26789
0.134694
0.134623
0.134609
0.134049
0.26789
0.134694
0.134623
0.134609
0.134049
0.26789
0.134694
0.134623
0.134609
0.134049
0.267892
0.134694
0.134623
0.13461
0.13405
0.267892
0.134694
0.134623
0.13461
0.13405
)
;
    }
    inlet
    {
        type            calculated;
        value           nonuniform List<scalar> 0();
    }
    outlet
    {
        type            calculated;
        value           nonuniform List<scalar> 0();
    }
    lowerWall
    {
        type            nutkWallFunction;
        Cmu             0.09;
        kappa           0.41;
        E               9.8;
        value           nonuniform List<scalar> 
420
(
0.0209022
0.0209021
0.0209021
0.0209021
0.0209021
0.0209021
0.0209021
0.0209021
0.0209021
0.0209021
0.0209021
0.0209021
0.0209021
0.0209021
0.0209021
0.0209021
0.0209021
0.0209021
0.0209021
0.0209021
0.0209021
0.0209021
0.0209021
0.020902
0.0209014
0.0209021
0.020902
0.020902
0.020902
0.020902
0.020902
0.020902
0.020902
0.020902
0.020902
0.020902
0.020902
0.020902
0.020902
0.020902
0.020902
0.020902
0.020902
0.020902
0.020902
0.020902
0.020902
0.020902
0.020902
0.0209013
0.0209021
0.020902
0.020902
0.020902
0.020902
0.020902
0.020902
0.020902
0.020902
0.020902
0.020902
0.020902
0.020902
0.020902
0.020902
0.020902
0.020902
0.020902
0.020902
0.020902
0.020902
0.020902
0.020902
0.020902
0.0209013
0.0209021
0.020902
0.020902
0.020902
0.020902
0.020902
0.020902
0.020902
0.020902
0.020902
0.020902
0.020902
0.020902
0.020902
0.020902
0.020902
0.020902
0.020902
0.020902
0.020902
0.020902
0.020902
0.020902
0.020902
0.0209013
0.0209021
0.020902
0.020902
0.020902
0.020902
0.020902
0.020902
0.020902
0.020902
0.020902
0.020902
0.020902
0.020902
0.020902
0.020902
0.020902
0.020902
0.020902
0.020902
0.020902
0.020902
0.020902
0.020902
0.020902
0.0209013
0.0209021
0.020902
0.020902
0.020902
0.020902
0.020902
0.020902
0.020902
0.020902
0.020902
0.020902
0.020902
0.020902
0.020902
0.020902
0.020902
0.020902
0.020902
0.020902
0.020902
0.020902
0.020902
0.020902
0.020902
0.0209013
0.0209021
0.020902
0.020902
0.020902
0.020902
0.020902
0.020902
0.020902
0.020902
0.020902
0.020902
0.020902
0.020902
0.020902
0.020902
0.020902
0.020902
0.020902
0.020902
0.020902
0.020902
0.020902
0.020902
0.020902
0.0209013
0.0209021
0.020902
0.020902
0.020902
0.020902
0.020902
0.020902
0.020902
0.020902
0.020902
0.020902
0.020902
0.020902
0.020902
0.020902
0.020902
0.020902
0.020902
0.020902
0.020902
0.020902
0.020902
0.020902
0.020902
0.0209013
0.0209021
0.020902
0.020902
0.020902
0.020902
0.020902
0.020902
0.020902
0.020902
0.020902
0.020902
0.020902
0.020902
0.020902
0.020902
0.020902
0.020902
0.020902
0.020902
0.020902
0.020902
0.020902
0.020902
0.020902
0.0209013
0.0209021
0.020902
0.020902
0.020902
0.020902
0.020902
0.020902
0.020902
0.020902
0.020902
0.020902
0.020902
0.020902
0.020902
0.020902
0.020902
0.020902
0.020902
0.020902
0.020902
0.020902
0.020902
0.020902
0.020902
0.0209013
0.0209021
0.020902
0.020902
0.020902
0.020902
0.020902
0.020902
0.020902
0.020902
0.020902
0.020902
0.020902
0.020902
0.020902
0.020902
0.020902
0.020902
0.020902
0.020902
0.020902
0.020902
0.020902
0.020902
0.020902
0.0209013
0.0209021
0.020902
0.020902
0.020902
0.020902
0.020902
0.020902
0.020902
0.020902
0.020902
0.020902
0.020902
0.020902
0.020902
0.020902
0.020902
0.020902
0.020902
0.020902
0.020902
0.020902
0.020902
0.020902
0.020902
0.0209013
0.0209021
0.020902
0.020902
0.020902
0.020902
0.020902
0.020902
0.020902
0.020902
0.020902
0.020902
0.020902
0.020902
0.020902
0.020902
0.020902
0.020902
0.020902
0.020902
0.020902
0.020902
0.020902
0.020902
0.020902
0.0209013
0.0209021
0.020902
0.020902
0.020902
0.020902
0.020902
0.020902
0.020902
0.020902
0.020902
0.020902
0.020902
0.020902
0.020902
0.020902
0.020902
0.020902
0.020902
0.020902
0.020902
0.020902
0.020902
0.020902
0.020902
0.0209013
0.0209021
0.020902
0.020902
0.020902
0.020902
0.020902
0.020902
0.020902
0.020902
0.020902
0.020902
0.020902
0.020902
0.020902
0.020902
0.020902
0.020902
0.020902
0.020902
0.020902
0.020902
0.020902
0.020902
0.020902
0.0209013
0.0209021
0.0209021
0.0209021
0.0209021
0.0209021
0.0209021
0.0209021
0.0209021
0.020902
0.020902
0.020902
0.020902
0.020902
0.020902
0.020902
0.020902
0.020902
0.020902
0.020902
0.020902
0.020902
0.020902
0.020902
0.020902
0.020902
0.0209014
0.0209021
0.0209021
0.0209021
0.0209021
0.0209021
0.0209021
0.0209021
0.0209021
0.0209021
0.0209021
0.0209021
0.0209021
0.0209021
0.0209021
0.0209021
0.0209021
0.0209021
0.020902
0.0209014
)
;
    }
    upperWall
    {
        type            calculated;
        value           nonuniform List<scalar> 
414
(
0.134059
0.134058
0.134058
0.134058
0.134058
0.134058
0.134058
0.134058
0.134058
0.134058
0.134058
0.134058
0.134058
0.134058
0.134058
0.134058
0.134058
0.134058
0.134058
0.134058
0.134058
0.134058
0.134058
0.134058
0.13405
0.134059
0.134057
0.134057
0.134057
0.134057
0.134057
0.134057
0.134057
0.134057
0.134057
0.134057
0.134057
0.134057
0.134057
0.134057
0.134057
0.134057
0.134057
0.134057
0.134057
0.134057
0.134057
0.134057
0.134057
0.134049
0.134059
0.134057
0.134057
0.134057
0.134057
0.134057
0.134057
0.134057
0.134057
0.134057
0.134057
0.134057
0.134057
0.134057
0.134057
0.134057
0.134057
0.134057
0.134057
0.134057
0.134057
0.134057
0.134057
0.134057
0.134049
0.134059
0.134057
0.134057
0.134057
0.134057
0.134057
0.134057
0.134057
0.134057
0.134057
0.134057
0.134057
0.134057
0.134057
0.134057
0.134057
0.134057
0.134057
0.134057
0.134057
0.134057
0.134057
0.134057
0.134057
0.134049
0.134059
0.134057
0.134057
0.134057
0.134057
0.134057
0.134057
0.134057
0.134057
0.134057
0.134057
0.134057
0.134057
0.134057
0.134057
0.134057
0.134057
0.134057
0.134057
0.134057
0.134057
0.134057
0.134057
0.134057
0.134049
0.134059
0.134057
0.134057
0.134057
0.134057
0.134057
0.134057
0.134057
0.134057
0.134057
0.134057
0.134057
0.134057
0.134057
0.134057
0.134057
0.134057
0.134057
0.134057
0.134057
0.134057
0.134057
0.134057
0.134057
0.134049
0.134059
0.134057
0.134057
0.134057
0.134057
0.134057
0.134057
0.134057
0.134057
0.134057
0.134057
0.134057
0.134057
0.134057
0.134057
0.134057
0.134057
0.134057
0.134057
0.134057
0.134057
0.134057
0.134057
0.134057
0.134049
0.134059
0.134057
0.134057
0.134057
0.134057
0.134057
0.134057
0.134057
0.134057
0.134057
0.134057
0.134057
0.134057
0.134057
0.134057
0.134057
0.134057
0.134057
0.134057
0.134057
0.134057
0.134057
0.134057
0.134057
0.134049
0.134059
0.134057
0.134057
0.134057
0.134057
0.134057
0.134057
0.134057
0.134057
0.134057
0.134057
0.134057
0.134057
0.134057
0.134057
0.134057
0.134057
0.134057
0.134057
0.134057
0.134057
0.134057
0.134057
0.134057
0.134049
0.134059
0.134057
0.134057
0.134057
0.134057
0.134057
0.134057
0.134057
0.134057
0.134057
0.134057
0.134057
0.134057
0.134057
0.134057
0.134057
0.134057
0.134057
0.134057
0.134057
0.134057
0.134057
0.134057
0.134057
0.134049
0.134059
0.134057
0.134057
0.134057
0.134057
0.134057
0.134057
0.134057
0.134057
0.134057
0.134057
0.134057
0.134057
0.134057
0.134057
0.134057
0.134057
0.134057
0.134057
0.134057
0.134057
0.134057
0.134057
0.134057
0.134049
0.134059
0.134057
0.134057
0.134057
0.134057
0.134057
0.134057
0.134057
0.134057
0.134057
0.134057
0.134057
0.134057
0.134057
0.134057
0.134057
0.134057
0.134057
0.134057
0.134057
0.134057
0.134057
0.134057
0.134057
0.134049
0.134059
0.134057
0.134057
0.134057
0.134057
0.134057
0.134057
0.134057
0.134057
0.134057
0.134057
0.134057
0.134057
0.134057
0.134057
0.134057
0.134057
0.134057
0.134057
0.134057
0.134057
0.134057
0.134057
0.134057
0.134049
0.134059
0.134057
0.134057
0.134057
0.134057
0.134057
0.134057
0.134057
0.134057
0.134057
0.134057
0.134057
0.134057
0.134057
0.134057
0.134057
0.134057
0.134057
0.134057
0.134057
0.134057
0.134057
0.134057
0.134057
0.134049
0.134059
0.134058
0.134058
0.134058
0.134058
0.134058
0.134058
0.134058
0.134058
0.134058
0.134058
0.134058
0.134057
0.134057
0.134057
0.134057
0.134057
0.134057
0.134057
0.134057
0.134057
0.134057
0.134057
0.134057
0.134049
0.134059
0.134058
0.134058
0.134058
0.134058
0.134058
0.134058
0.134058
0.134058
0.134058
0.134058
0.134058
0.134058
0.134058
0.134058
0.134058
0.134058
0.134058
0.134058
0.134058
0.134058
0.134058
0.134058
0.134058
0.13405
0.134058
0.134058
0.134058
0.134058
0.134058
0.134058
0.134058
0.134058
0.134058
0.134058
0.134058
0.134058
0.134058
0.13405
)
;
    }
    procBoundary4to1
    {
        type            processor;
        value           nonuniform List<scalar> 
82
(
0.267911
0.267911
0.26791
0.26791
0.26791
0.26791
0.26791
0.26791
0.26791
0.26791
0.26791
0.26791
0.26791
0.26791
0.267912
0.267914
0.267914
0.134697
0.134696
0.134696
0.134696
0.134696
0.134696
0.134696
0.134696
0.134696
0.134696
0.134696
0.134696
0.134696
0.134696
0.134697
0.134697
0.134697
0.134626
0.134625
0.134625
0.134625
0.134625
0.134625
0.134625
0.134625
0.134625
0.134625
0.134625
0.134625
0.134625
0.134625
0.134626
0.134626
0.134612
0.134612
0.134612
0.134612
0.134612
0.134612
0.134612
0.134612
0.134612
0.134612
0.134612
0.134612
0.134612
0.134612
0.134612
0.134612
0.134058
0.134057
0.134057
0.134057
0.134057
0.134057
0.134057
0.134057
0.134057
0.134057
0.134057
0.134057
0.134057
0.134057
0.134058
0.134058
)
;
    }
    procBoundary4to2
    {
        type            processor;
        value           uniform 0.267911;
    }
    procBoundary4to3
    {
        type            processor;
        value           nonuniform List<scalar> 
125
(
0.267915
0.267911
0.267911
0.267911
0.267911
0.267911
0.267911
0.267911
0.267911
0.267911
0.267911
0.267911
0.267911
0.267911
0.267911
0.267911
0.267911
0.267911
0.267911
0.267911
0.267911
0.267911
0.267911
0.267911
0.267892
0.134697
0.134696
0.134696
0.134696
0.134696
0.134696
0.134696
0.134696
0.134696
0.134696
0.134696
0.134696
0.134696
0.134696
0.134696
0.134696
0.134696
0.134696
0.134696
0.134696
0.134696
0.134696
0.134696
0.134696
0.134694
0.134626
0.134626
0.134626
0.134626
0.134626
0.134626
0.134626
0.134626
0.134626
0.134626
0.134626
0.134626
0.134626
0.134626
0.134626
0.134626
0.134626
0.134626
0.134626
0.134626
0.134626
0.134626
0.134626
0.134626
0.134623
0.134613
0.134612
0.134612
0.134612
0.134612
0.134612
0.134612
0.134612
0.134612
0.134612
0.134612
0.134612
0.134612
0.134612
0.134612
0.134612
0.134612
0.134612
0.134612
0.134612
0.134612
0.134612
0.134612
0.134612
0.13461
0.134059
0.134058
0.134058
0.134058
0.134058
0.134058
0.134058
0.134058
0.134058
0.134058
0.134058
0.134058
0.134058
0.134058
0.134058
0.134058
0.134058
0.134058
0.134058
0.134058
0.134058
0.134058
0.134058
0.134058
0.13405
)
;
    }
    procBoundary4to5
    {
        type            processor;
        value           nonuniform List<scalar> 
135
(
0.267915
0.267911
0.267911
0.267911
0.267911
0.267911
0.267911
0.267911
0.134697
0.267911
0.267911
0.267911
0.267911
0.267911
0.267911
0.267911
0.267911
0.267911
0.267911
0.267911
0.267911
0.267911
0.267911
0.267911
0.267911
0.267911
0.267892
0.134697
0.134696
0.134696
0.134696
0.134696
0.134696
0.134697
0.134697
0.134696
0.134626
0.134696
0.134626
0.134696
0.134696
0.134696
0.134696
0.134696
0.134696
0.134696
0.134696
0.134696
0.134696
0.134696
0.134696
0.134696
0.134696
0.134696
0.134694
0.134626
0.134626
0.134626
0.134626
0.134626
0.134626
0.134626
0.134626
0.134626
0.134626
0.134626
0.134613
0.134626
0.134626
0.134626
0.134626
0.134626
0.134626
0.134626
0.134626
0.134626
0.134626
0.134626
0.134626
0.134626
0.134626
0.134623
0.134613
0.134612
0.134612
0.134612
0.134612
0.134612
0.134612
0.134612
0.134612
0.134613
0.134613
0.134612
0.134058
0.134612
0.134612
0.134612
0.134612
0.134612
0.134612
0.134612
0.134612
0.134612
0.134612
0.134612
0.134612
0.134612
0.13461
0.134059
0.134058
0.134058
0.134058
0.134058
0.134058
0.134058
0.134058
0.134058
0.134058
0.134058
0.134058
0.134058
0.134058
0.134058
0.134058
0.134058
0.134058
0.134058
0.134058
0.134058
0.134058
0.134058
0.134058
0.134058
0.13405
)
;
    }
}


// ************************************************************************* //
