/*--------------------------------*- C++ -*----------------------------------*\
  =========                 |
  \\      /  F ield         | OpenFOAM: The Open Source CFD Toolbox
   \\    /   O peration     | Website:  https://openfoam.org
    \\  /    A nd           | Version:  10
     \\/     M anipulation  |
\*---------------------------------------------------------------------------*/
FoamFile
{
    format      ascii;
    class       volScalarField;
    location    "10";
    object      omega;
}
// * * * * * * * * * * * * * * * * * * * * * * * * * * * * * * * * * * * * * //

dimensions      [0 0 -1 0 0 0 0];

internalField   nonuniform List<scalar> 
2083
(
0.872612
0.872612
0.872612
0.872612
0.872612
0.872612
0.872612
0.872612
0.872612
0.872612
0.872612
0.872612
0.872612
0.872612
0.872612
0.872612
0.872612
0.872612
0.872612
0.872612
0.872612
0.872612
0.872612
0.872612
0.872612
0.872612
0.872612
0.872612
0.872612
0.872612
0.872612
0.872612
0.872612
0.872612
0.872612
0.872612
0.872612
0.872612
0.872612
0.872612
0.872612
0.872612
0.872612
0.872612
0.872612
0.872612
0.872612
0.872612
0.872612
0.872612
0.872612
0.872612
0.872612
0.872612
0.872612
0.872612
0.872612
0.872612
0.872612
0.872612
0.872612
0.872612
0.872612
0.872612
0.872612
0.872612
0.872612
0.872612
0.872612
0.872612
0.872612
0.872612
0.872612
0.872612
0.872612
0.872612
0.872612
0.872612
0.872612
0.872612
0.872612
0.872612
0.872612
0.872612
0.872612
0.872612
0.872612
0.872612
0.872612
0.872612
0.872612
0.872612
0.872612
0.872612
0.872612
0.872612
0.872612
0.872612
0.872612
0.872612
0.872612
0.872612
0.872612
0.872612
0.872612
0.872612
0.872612
0.872612
0.872612
0.872612
0.872612
0.872612
0.872612
0.872612
0.872612
0.872612
0.872612
0.872612
0.872612
0.872612
0.872612
0.872612
0.872612
0.872612
0.872612
0.872612
0.872612
0.872612
0.872612
0.872612
0.872612
0.872612
0.872612
0.872612
0.872612
0.872612
0.872612
0.872612
0.872612
0.872612
0.872612
0.872612
0.872612
0.872612
0.872612
0.872612
0.872612
0.872612
0.872612
0.872612
0.872612
0.872612
0.872612
0.872612
0.872612
0.872612
0.872612
0.872612
0.872612
0.872612
0.872612
0.872612
0.872612
0.872612
0.872612
0.872612
0.872612
0.872612
0.872612
0.872612
0.872612
0.872612
0.872612
0.872612
0.872612
0.872612
0.872612
0.872612
0.872612
0.872612
0.872612
0.872612
0.872612
0.872612
0.872612
0.872612
0.872612
0.872612
0.872612
0.872612
0.872612
0.872612
0.872612
0.872612
0.872612
0.872612
0.872612
0.872612
0.872612
0.872612
0.872612
0.872612
0.872612
0.872612
0.872612
0.872612
0.872612
0.872612
0.872612
0.872612
0.872612
0.872612
0.872612
0.872612
0.872612
0.872612
0.872612
0.872612
0.872612
0.872612
0.872612
0.872612
0.872612
0.872612
0.872612
0.872612
0.872612
0.872612
0.872612
0.872612
0.872612
0.872612
0.872612
0.872612
0.872612
0.872612
0.872612
0.872612
0.872612
0.872612
0.872612
0.872612
0.872612
0.872612
0.872612
0.872612
0.872612
0.872612
0.872612
0.872612
0.872612
0.872612
0.872612
0.872612
0.872612
0.872612
0.872612
0.872612
0.872612
0.872612
0.872612
0.872612
0.872612
0.872612
0.872612
0.872612
0.872612
0.872612
0.872612
0.872612
0.872612
0.872612
0.872612
0.872612
0.872612
0.872612
0.872612
0.872612
0.872612
0.872612
0.872612
0.872612
0.872612
0.872612
0.872612
0.872612
0.872612
0.872612
0.872612
0.872612
0.872612
0.872612
0.872612
0.872612
0.872612
0.872612
0.872612
0.872612
0.872612
0.872612
0.872612
0.872612
0.872612
0.872612
0.872612
0.872612
0.872612
0.872612
0.872612
0.872612
0.872612
0.872612
0.872612
0.872612
0.872612
0.872612
0.872612
0.872612
0.872612
0.872612
0.872612
0.872612
0.872612
0.872612
0.872612
0.872612
0.872612
0.872612
0.872612
0.872612
0.872612
0.872612
0.872612
0.872612
0.872612
0.872612
0.872612
0.872612
0.872612
0.872612
0.872612
0.872612
0.872612
0.872612
0.872612
0.872612
0.872612
0.872612
0.872612
0.872612
0.872612
0.872612
0.872612
0.872612
0.872612
0.872612
0.872612
0.872612
0.872612
0.872612
0.872612
0.872612
0.872612
0.872612
0.872612
0.872612
0.872612
0.872612
0.872612
0.872612
0.872612
0.872612
0.872612
0.872612
0.872612
0.872612
0.872612
0.872612
0.872612
0.872612
0.872612
0.872612
0.872612
0.872612
0.872612
0.872612
0.872612
0.872612
0.872612
0.872612
0.872612
0.872612
0.872612
0.872612
0.872612
0.872612
0.872612
0.872612
0.872612
0.872612
0.872612
0.872612
0.872612
0.872612
0.872612
0.872612
0.872612
0.872612
0.872612
0.872612
0.872612
0.872612
0.872612
0.872612
0.872612
0.872612
0.872612
0.872612
0.872612
0.872612
1.69632
1.6963
1.6963
1.6963
1.6963
1.6963
1.6963
1.6963
1.6963
1.6963
1.6963
1.6963
1.6963
1.6963
1.69632
1.69632
1.69627
1.69626
1.69626
1.69626
1.69626
1.69626
1.69626
1.69626
1.69626
1.69626
1.69626
1.69626
1.69626
1.69626
1.69627
1.69627
1.69627
1.69626
1.69626
1.69626
1.69626
1.69626
1.69626
1.69626
1.69626
1.69626
1.69626
1.69626
1.69626
1.69626
1.69627
1.69627
1.69627
1.69626
1.69626
1.69626
1.69626
1.69626
1.69626
1.69626
1.69626
1.69626
1.69626
1.69626
1.69626
1.69626
1.69627
1.69627
1.69627
1.69626
1.69626
1.69626
1.69626
1.69626
1.69626
1.69626
1.69626
1.69626
1.69626
1.69626
1.69626
1.69626
1.69627
1.69627
1.69627
1.69626
1.69626
1.69626
1.69626
1.69626
1.69626
1.69626
1.69626
1.69626
1.69626
1.69626
1.69626
1.69626
1.69627
1.69627
1.69627
1.69626
1.69626
1.69626
1.69626
1.69626
1.69626
1.69626
1.69626
1.69626
1.69626
1.69626
1.69626
1.69626
1.69627
1.69627
1.69627
1.69626
1.69626
1.69626
1.69626
1.69626
1.69626
1.69626
1.69626
1.69626
1.69626
1.69626
1.69626
1.69626
1.69627
1.69629
1.69629
1.69627
1.69626
1.69626
1.69626
1.69626
1.69626
1.69626
1.69626
1.69626
1.69626
1.69626
1.69626
1.69626
1.69626
1.69626
1.69627
1.69627
1.69627
1.69626
1.69626
1.69626
1.69626
1.69626
1.69626
1.69626
1.69626
1.69626
1.69626
1.69626
1.69626
1.69626
1.69626
1.69627
1.69627
1.69627
1.69626
1.69626
1.69626
1.69626
1.69626
1.69626
1.69626
1.69626
1.69626
1.69626
1.69626
1.69626
1.69626
1.69626
1.69627
1.69627
1.69627
1.69626
1.69626
1.69626
1.69626
1.69626
1.69626
1.69626
1.69626
1.69626
1.69626
1.69626
1.69626
1.69626
1.69626
1.69627
1.69627
1.69627
1.69626
1.69626
1.69626
1.69626
1.69626
1.69626
1.69626
1.69626
1.69626
1.69626
1.69626
1.69626
1.69626
1.69626
1.69627
1.69627
1.69627
1.69626
1.69626
1.69626
1.69626
1.69626
1.69626
1.69626
1.69626
1.69626
1.69626
1.69626
1.69626
1.69626
1.69626
1.69627
1.69627
1.69627
1.69626
1.69626
1.69626
1.69626
1.69626
1.69626
1.69626
1.69626
1.69626
1.69626
1.69626
1.69626
1.69626
1.69626
1.69627
1.69627
1.69627
1.69626
1.69626
1.69626
1.69626
1.69626
1.69626
1.69626
1.69626
1.69626
1.69626
1.69626
1.69626
1.69626
1.69626
1.69627
1.69627
1.69627
1.69626
1.69626
1.69626
1.69626
1.69626
1.69626
1.69626
1.69626
1.69626
1.69626
1.69626
1.69626
1.69626
1.69626
1.69627
1.69627
1.69627
1.69626
1.69626
1.69626
1.69626
1.69626
1.69626
1.69626
1.69626
1.69626
1.69626
1.69626
1.69626
1.69626
1.69626
1.69627
1.69627
1.69627
1.69626
1.69626
1.69626
1.69626
1.69626
1.69626
1.69626
1.69626
1.69626
1.69626
1.69626
1.69626
1.69626
1.69626
1.69627
1.69627
1.69627
1.69626
1.69626
1.69626
1.69626
1.69626
1.69626
1.69626
1.69626
1.69626
1.69626
1.69626
1.69626
1.69626
1.69626
1.69627
1.69627
1.69627
1.69626
1.69626
1.69626
1.69626
1.69626
1.69626
1.69626
1.69626
1.69626
1.69626
1.69626
1.69626
1.69626
1.69626
1.69627
1.69627
1.69627
1.69626
1.69626
1.69626
1.69626
1.69626
1.69626
1.69626
1.69626
1.69626
1.69626
1.69626
1.69626
1.69626
1.69626
1.69627
1.69627
1.69627
1.69626
1.69626
1.69626
1.69626
1.69626
1.69626
1.69626
1.69626
1.69626
1.69626
1.69626
1.69626
1.69626
1.69626
1.69627
1.69627
1.69627
1.69626
1.69626
1.69626
1.69626
1.69626
1.69626
1.69626
1.69626
1.69626
1.69626
1.69626
1.69626
1.69626
1.69626
1.69627
1.69627
1.69606
1.69604
1.69604
1.69604
1.69604
1.69604
1.69604
1.69604
1.69604
1.69604
1.69604
1.69604
1.69604
1.69604
1.69604
1.69606
1.69606
1.69713
1.69711
1.69711
1.69711
1.69711
1.69711
1.69711
1.69711
1.69711
1.69711
1.69711
1.69711
1.69711
1.69711
1.69713
1.69713
1.69709
1.69707
1.69707
1.69707
1.69707
1.69707
1.69707
1.69707
1.69707
1.69707
1.69707
1.69707
1.69707
1.69707
1.69709
1.69709
1.69709
1.69707
1.69707
1.69707
1.69707
1.69707
1.69707
1.69707
1.69707
1.69707
1.69707
1.69707
1.69707
1.69707
1.69709
1.69709
1.69709
1.69707
1.69707
1.69707
1.69707
1.69707
1.69707
1.69707
1.69707
1.69707
1.69707
1.69707
1.69707
1.69707
1.69709
1.69709
1.69709
1.69707
1.69707
1.69707
1.69707
1.69707
1.69707
1.69707
1.69707
1.69707
1.69707
1.69707
1.69707
1.69707
1.69709
1.69709
1.69709
1.69707
1.69707
1.69707
1.69707
1.69707
1.69707
1.69707
1.69707
1.69707
1.69707
1.69707
1.69707
1.69707
1.69709
1.69709
1.69709
1.69707
1.69707
1.69707
1.69707
1.69707
1.69707
1.69707
1.69707
1.69707
1.69707
1.69707
1.69707
1.69707
1.69709
1.69709
1.69709
1.69707
1.69707
1.69707
1.69707
1.69707
1.69707
1.69707
1.69707
1.69707
1.69707
1.69707
1.69707
1.69707
1.69709
1.6971
1.69709
1.69707
1.69707
1.69707
1.69707
1.69707
1.69707
1.69707
1.69707
1.69707
1.69707
1.69707
1.69707
1.69707
1.69709
1.6971
1.69709
1.69707
1.69707
1.69707
1.69707
1.69707
1.69707
1.69707
1.69707
1.69707
1.69707
1.69707
1.69707
1.69707
1.69709
1.6971
1.6971
1.69709
1.69707
1.69707
1.69707
1.69707
1.69707
1.69707
1.69707
1.69707
1.69707
1.69707
1.69707
1.69707
1.69707
1.69707
1.69709
1.69709
1.69709
1.69707
1.69707
1.69707
1.69707
1.69707
1.69707
1.69707
1.69707
1.69707
1.69707
1.69707
1.69707
1.69707
1.69707
1.69709
1.69709
1.69709
1.69707
1.69707
1.69707
1.69707
1.69707
1.69707
1.69707
1.69707
1.69707
1.69707
1.69707
1.69707
1.69707
1.69707
1.69709
1.69709
1.69709
1.69707
1.69707
1.69707
1.69707
1.69707
1.69707
1.69707
1.69707
1.69707
1.69707
1.69707
1.69707
1.69707
1.69707
1.69709
1.69709
1.69709
1.69707
1.69707
1.69707
1.69707
1.69707
1.69707
1.69707
1.69707
1.69707
1.69707
1.69707
1.69707
1.69707
1.69707
1.69709
1.69709
1.69709
1.69707
1.69707
1.69707
1.69707
1.69707
1.69707
1.69707
1.69707
1.69707
1.69707
1.69707
1.69707
1.69707
1.69707
1.69709
1.69709
1.69709
1.69707
1.69707
1.69707
1.69707
1.69707
1.69707
1.69707
1.69707
1.69707
1.69707
1.69707
1.69707
1.69707
1.69707
1.69709
1.69709
1.69709
1.69707
1.69707
1.69707
1.69707
1.69707
1.69707
1.69707
1.69707
1.69707
1.69707
1.69707
1.69707
1.69707
1.69707
1.69709
1.69709
1.69709
1.69707
1.69707
1.69707
1.69707
1.69707
1.69707
1.69707
1.69707
1.69707
1.69707
1.69707
1.69707
1.69707
1.69707
1.69709
1.69709
1.69709
1.69707
1.69707
1.69707
1.69707
1.69707
1.69707
1.69707
1.69707
1.69707
1.69707
1.69707
1.69707
1.69707
1.69707
1.69709
1.69709
1.69709
1.69707
1.69707
1.69707
1.69707
1.69707
1.69707
1.69707
1.69707
1.69707
1.69707
1.69707
1.69707
1.69707
1.69707
1.69709
1.69709
1.69709
1.69707
1.69707
1.69707
1.69707
1.69707
1.69707
1.69707
1.69707
1.69707
1.69707
1.69707
1.69707
1.69707
1.69707
1.69709
1.69709
1.69709
1.69707
1.69707
1.69707
1.69707
1.69707
1.69707
1.69707
1.69707
1.69707
1.69707
1.69707
1.69707
1.69707
1.69707
1.69709
1.69709
1.69709
1.69707
1.69707
1.69707
1.69707
1.69707
1.69707
1.69707
1.69707
1.69707
1.69707
1.69707
1.69707
1.69707
1.69707
1.69709
1.69709
1.69687
1.69686
1.69686
1.69686
1.69686
1.69686
1.69686
1.69686
1.69686
1.69686
1.69686
1.69686
1.69686
1.69686
1.69686
1.69687
1.69687
1.69727
1.69726
1.69726
1.69726
1.69726
1.69726
1.69726
1.69726
1.69726
1.69726
1.69726
1.69726
1.69726
1.69726
1.69727
1.69727
1.69723
1.69721
1.69721
1.69721
1.69721
1.69721
1.69721
1.69721
1.69721
1.69721
1.69721
1.69721
1.69721
1.69721
1.69723
1.69723
1.69723
1.69721
1.69721
1.69721
1.69721
1.69721
1.69721
1.69721
1.69721
1.69721
1.69721
1.69721
1.69721
1.69721
1.69723
1.69723
1.69723
1.69721
1.69721
1.69721
1.69721
1.69721
1.69721
1.69721
1.69721
1.69721
1.69721
1.69721
1.69721
1.69721
1.69723
1.69723
1.69723
1.69721
1.69721
1.69721
1.69721
1.69721
1.69721
1.69721
1.69721
1.69721
1.69721
1.69721
1.69721
1.69721
1.69723
1.69723
1.69723
1.69721
1.69721
1.69721
1.69721
1.69721
1.69721
1.69721
1.69721
1.69721
1.69721
1.69721
1.69721
1.69721
1.69723
1.69723
1.69723
1.69721
1.69721
1.69721
1.69721
1.69721
1.69721
1.69721
1.69721
1.69721
1.69721
1.69721
1.69721
1.69721
1.69723
1.69723
1.69723
1.69721
1.69721
1.69721
1.69721
1.69721
1.69721
1.69721
1.69721
1.69721
1.69721
1.69721
1.69721
1.69721
1.69723
1.69723
1.69723
1.69721
1.69721
1.69721
1.69721
1.69721
1.69721
1.69721
1.69721
1.69721
1.69721
1.69721
1.69721
1.69721
1.69723
1.69723
1.69723
1.69721
1.69721
1.69721
1.69721
1.69721
1.69721
1.69721
1.69721
1.69721
1.69721
1.69721
1.69721
1.69721
1.69724
1.69724
1.69723
1.69721
1.69721
1.69721
1.69721
1.69721
1.69721
1.69721
1.69721
1.69721
1.69721
1.69721
1.69721
1.69721
1.69723
1.69724
1.69724
1.69723
1.69721
1.69721
1.69721
1.69721
1.69721
1.69721
1.69721
1.69721
1.69721
1.69721
1.69721
1.69721
1.69721
1.69721
1.69723
1.69723
1.69723
1.69721
1.69721
1.69721
1.69721
1.69721
1.69721
1.69721
1.69721
1.69721
1.69721
1.69721
1.69721
1.69721
1.69721
1.69723
1.69723
1.69723
1.69721
1.69721
1.69721
1.69721
1.69721
1.69721
1.69721
1.69721
1.69721
1.69721
1.69721
1.69721
1.69721
1.69721
1.69723
1.69723
1.69723
1.69721
1.69721
1.69721
1.69721
1.69721
1.69721
1.69721
1.69721
1.69721
1.69721
1.69721
1.69721
1.69721
1.69721
1.69723
1.69723
1.69723
1.69721
1.69721
1.69721
1.69721
1.69721
1.69721
1.69721
1.69721
1.69721
1.69721
1.69721
1.69721
1.69721
1.69721
1.69723
1.69723
1.69723
1.69721
1.69721
1.69721
1.69721
1.69721
1.69721
1.69721
1.69721
1.69721
1.69721
1.69721
1.69721
1.69721
1.69721
1.69723
1.69723
1.69723
1.69721
1.69721
1.69721
1.69721
1.69721
1.69721
1.69721
1.69721
1.69721
1.69721
1.69721
1.69721
1.69721
1.69721
1.69723
1.69723
1.69723
1.69721
1.69721
1.69721
1.69721
1.69721
1.69721
1.69721
1.69721
1.69721
1.69721
1.69721
1.69721
1.69721
1.69721
1.69723
1.69723
1.69723
1.69721
1.69721
1.69721
1.69721
1.69721
1.69721
1.69721
1.69721
1.69721
1.69721
1.69721
1.69721
1.69721
1.69721
1.69723
1.69723
1.69723
1.69721
1.69721
1.69721
1.69721
1.69721
1.69721
1.69721
1.69721
1.69721
1.69721
1.69721
1.69721
1.69721
1.69721
1.69723
1.69723
1.69723
1.69721
1.69721
1.69721
1.69721
1.69721
1.69721
1.69721
1.69721
1.69721
1.69721
1.69721
1.69721
1.69721
1.69721
1.69723
1.69723
1.69723
1.69721
1.69721
1.69721
1.69721
1.69721
1.69721
1.69721
1.69721
1.69721
1.69721
1.69721
1.69721
1.69721
1.69721
1.69723
1.69723
1.69723
1.69721
1.69721
1.69721
1.69721
1.69721
1.69721
1.69721
1.69721
1.69721
1.69721
1.69721
1.69721
1.69721
1.69721
1.69723
1.69723
1.69701
1.697
1.697
1.697
1.697
1.697
1.697
1.697
1.697
1.697
1.697
1.697
1.697
1.697
1.697
1.69701
1.69701
1.70368
1.70367
1.70367
1.70367
1.70367
1.70367
1.70367
1.70367
1.70367
1.70367
1.70367
1.70367
1.70367
1.70367
1.70368
1.70368
1.70365
1.70365
1.70365
1.70365
1.70365
1.70365
1.70365
1.70365
1.70365
1.70365
1.70365
1.70365
1.70365
1.70365
1.70365
1.70365
1.70365
1.70365
1.70365
1.70365
1.70365
1.70365
1.70365
1.70365
1.70365
1.70365
1.70365
1.70365
1.70365
1.70365
1.70365
1.70365
1.70365
1.70365
1.70365
1.70365
1.70365
1.70365
1.70365
1.70365
1.70365
1.70365
1.70365
1.70365
1.70365
1.70365
1.70365
1.70365
1.70365
1.70365
1.70365
1.70365
1.70365
1.70365
1.70365
1.70365
1.70365
1.70365
1.70365
1.70365
1.70365
1.70365
1.70365
1.70365
1.70365
1.70365
1.70365
1.70365
1.70365
1.70365
1.70365
1.70365
1.70365
1.70365
1.70365
1.70365
1.70365
1.70365
1.70365
1.70365
1.70365
1.70365
1.70365
1.70365
1.70365
1.70365
1.70365
1.70365
1.70365
1.70365
1.70365
1.70365
1.70365
1.70365
1.70365
1.70365
1.70365
1.70365
1.70365
1.70365
1.70365
1.70365
1.70365
1.70365
1.70365
1.70365
1.70365
1.70365
1.70365
1.70365
1.70365
1.70365
1.70365
1.70365
1.70365
1.70365
1.70365
1.70365
1.70365
1.70365
1.70365
1.70365
1.70365
1.70365
1.70365
1.70365
1.70365
1.70365
1.70365
1.70365
1.70365
1.70365
1.70365
1.70365
1.70365
1.70365
1.70365
1.70365
1.70365
1.70365
1.70365
1.70365
1.70365
1.70365
1.70365
1.70365
1.70365
1.70365
1.70365
1.70365
1.70365
1.70365
1.70365
1.70365
1.70365
1.70365
1.70365
1.70365
1.70366
1.70366
1.70365
1.70365
1.70365
1.70365
1.70365
1.70365
1.70365
1.70365
1.70365
1.70365
1.70365
1.70365
1.70365
1.70365
1.70365
1.70366
1.70366
1.70365
1.70365
1.70365
1.70365
1.70365
1.70365
1.70365
1.70365
1.70365
1.70365
1.70365
1.70365
1.70365
1.70365
1.70365
1.70365
1.70365
1.70365
1.70365
1.70365
1.70365
1.70365
1.70365
1.70365
1.70365
1.70365
1.70365
1.70365
1.70365
1.70365
1.70365
1.70365
1.70365
1.70365
1.70365
1.70365
1.70365
1.70365
1.70365
1.70365
1.70365
1.70365
1.70365
1.70365
1.70365
1.70365
1.70365
1.70365
1.70365
1.70365
1.70365
1.70365
1.70365
1.70365
1.70365
1.70365
1.70365
1.70365
1.70365
1.70365
1.70365
1.70365
1.70365
1.70365
1.70365
1.70365
1.70365
1.70365
1.70365
1.70365
1.70365
1.70365
1.70365
1.70365
1.70365
1.70365
1.70365
1.70365
1.70365
1.70365
1.70365
1.70365
1.70365
1.70365
1.70365
1.70365
1.70365
1.70365
1.70365
1.70365
1.70365
1.70365
1.70365
1.70365
1.70365
1.70365
1.70365
1.70365
1.70365
1.70365
1.70365
1.70365
1.70365
1.70365
1.70365
1.70365
1.70365
1.70365
1.70365
1.70365
1.70365
1.70365
1.70365
1.70365
1.70365
1.70365
1.70365
1.70365
1.70365
1.70365
1.70365
1.70365
1.70365
1.70365
1.70365
1.70365
1.70365
1.70365
1.70365
1.70365
1.70365
1.70365
1.70365
1.70365
1.70365
1.70365
1.70365
1.70365
1.70365
1.70365
1.70365
1.70365
1.70365
1.70365
1.70365
1.70365
1.70365
1.70365
1.70365
1.70365
1.70365
1.70365
1.70365
1.70365
1.70365
1.70365
1.70365
1.70365
1.70365
1.70365
1.70365
1.70365
1.70365
1.70365
1.70365
1.70365
1.70365
1.70365
1.70365
1.70365
1.70365
1.70365
1.70365
1.70365
1.70365
1.70365
1.70365
1.70365
1.70365
1.70365
1.70365
1.70365
1.70365
1.70365
1.70365
1.70365
1.70365
1.70365
1.70365
1.70365
1.70365
1.70365
1.70365
1.70365
1.70365
1.70365
1.70365
1.70365
1.70365
1.70365
1.70365
1.70365
1.70365
1.70365
1.70353
1.70353
1.70353
1.70353
1.70353
1.70353
1.70353
1.70353
1.70353
1.70353
1.70353
1.70353
1.70353
1.70353
1.70353
1.70353
1.70353
)
;

boundaryField
{
    frontAndBack
    {
        type            slip;
    }
    inlet
    {
        type            fixedValue;
        value           nonuniform List<scalar> 0();
    }
    outlet
    {
        type            inletOutlet;
        inletValue      nonuniform List<scalar> 0();
        value           nonuniform List<scalar> 0();
    }
    lowerWall
    {
        beta1           0.075;
        blended         0;
        type            omegaWallFunction;
        value           nonuniform List<scalar> 
420
(
0.872612
0.872612
0.872612
0.872612
0.872612
0.872612
0.872612
0.872612
0.872612
0.872612
0.872612
0.872612
0.872612
0.872612
0.872612
0.872612
0.872612
0.872612
0.872612
0.872612
0.872612
0.872612
0.872612
0.872612
0.872612
0.872612
0.872612
0.872612
0.872612
0.872612
0.872612
0.872612
0.872612
0.872612
0.872612
0.872612
0.872612
0.872612
0.872612
0.872612
0.872612
0.872612
0.872612
0.872612
0.872612
0.872612
0.872612
0.872612
0.872612
0.872612
0.872612
0.872612
0.872612
0.872612
0.872612
0.872612
0.872612
0.872612
0.872612
0.872612
0.872612
0.872612
0.872612
0.872612
0.872612
0.872612
0.872612
0.872612
0.872612
0.872612
0.872612
0.872612
0.872612
0.872612
0.872612
0.872612
0.872612
0.872612
0.872612
0.872612
0.872612
0.872612
0.872612
0.872612
0.872612
0.872612
0.872612
0.872612
0.872612
0.872612
0.872612
0.872612
0.872612
0.872612
0.872612
0.872612
0.872612
0.872612
0.872612
0.872612
0.872612
0.872612
0.872612
0.872612
0.872612
0.872612
0.872612
0.872612
0.872612
0.872612
0.872612
0.872612
0.872612
0.872612
0.872612
0.872612
0.872612
0.872612
0.872612
0.872612
0.872612
0.872612
0.872612
0.872612
0.872612
0.872612
0.872612
0.872612
0.872612
0.872612
0.872612
0.872612
0.872612
0.872612
0.872612
0.872612
0.872612
0.872612
0.872612
0.872612
0.872612
0.872612
0.872612
0.872612
0.872612
0.872612
0.872612
0.872612
0.872612
0.872612
0.872612
0.872612
0.872612
0.872612
0.872612
0.872612
0.872612
0.872612
0.872612
0.872612
0.872612
0.872612
0.872612
0.872612
0.872612
0.872612
0.872612
0.872612
0.872612
0.872612
0.872612
0.872612
0.872612
0.872612
0.872612
0.872612
0.872612
0.872612
0.872612
0.872612
0.872612
0.872612
0.872612
0.872612
0.872612
0.872612
0.872612
0.872612
0.872612
0.872612
0.872612
0.872612
0.872612
0.872612
0.872612
0.872612
0.872612
0.872612
0.872612
0.872612
0.872612
0.872612
0.872612
0.872612
0.872612
0.872612
0.872612
0.872612
0.872612
0.872612
0.872612
0.872612
0.872612
0.872612
0.872612
0.872612
0.872612
0.872612
0.872612
0.872612
0.872612
0.872612
0.872612
0.872612
0.872612
0.872612
0.872612
0.872612
0.872612
0.872612
0.872612
0.872612
0.872612
0.872612
0.872612
0.872612
0.872612
0.872612
0.872612
0.872612
0.872612
0.872612
0.872612
0.872612
0.872612
0.872612
0.872612
0.872612
0.872612
0.872612
0.872612
0.872612
0.872612
0.872612
0.872612
0.872612
0.872612
0.872612
0.872612
0.872612
0.872612
0.872612
0.872612
0.872612
0.872612
0.872612
0.872612
0.872612
0.872612
0.872612
0.872612
0.872612
0.872612
0.872612
0.872612
0.872612
0.872612
0.872612
0.872612
0.872612
0.872612
0.872612
0.872612
0.872612
0.872612
0.872612
0.872612
0.872612
0.872612
0.872612
0.872612
0.872612
0.872612
0.872612
0.872612
0.872612
0.872612
0.872612
0.872612
0.872612
0.872612
0.872612
0.872612
0.872612
0.872612
0.872612
0.872612
0.872612
0.872612
0.872612
0.872612
0.872612
0.872612
0.872612
0.872612
0.872612
0.872612
0.872612
0.872612
0.872612
0.872612
0.872612
0.872612
0.872612
0.872612
0.872612
0.872612
0.872612
0.872612
0.872612
0.872612
0.872612
0.872612
0.872612
0.872612
0.872612
0.872612
0.872612
0.872612
0.872612
0.872612
0.872612
0.872612
0.872612
0.872612
0.872612
0.872612
0.872612
0.872612
0.872612
0.872612
0.872612
0.872612
0.872612
0.872612
0.872612
0.872612
0.872612
0.872612
0.872612
0.872612
0.872612
0.872612
0.872612
0.872612
0.872612
0.872612
0.872612
0.872612
0.872612
0.872612
0.872612
0.872612
0.872612
0.872612
0.872612
0.872612
0.872612
0.872612
0.872612
0.872612
0.872612
0.872612
0.872612
0.872612
0.872612
0.872612
0.872612
0.872612
0.872612
0.872612
0.872612
0.872612
0.872612
0.872612
0.872612
0.872612
0.872612
0.872612
0.872612
0.872612
0.872612
0.872612
0.872612
0.872612
0.872612
0.872612
0.872612
0.872612
0.872612
0.872612
0.872612
0.872612
0.872612
0.872612
0.872612
0.872612
0.872612
0.872612
0.872612
)
;
    }
    upperWall
    {
        type            slip;
    }
    procBoundary4to1
    {
        type            processor;
        value           nonuniform List<scalar> 
82
(
0.872612
0.872612
0.872612
0.872612
0.872612
0.872612
0.872612
0.872612
0.872612
0.872612
0.872612
0.872612
0.872612
0.872612
0.872612
0.872612
0.872612
1.69627
1.69627
1.69626
1.69626
1.69626
1.69626
1.69626
1.69626
1.69626
1.69626
1.69626
1.69626
1.69626
1.69626
1.69626
1.69627
1.69627
1.69709
1.69707
1.69707
1.69707
1.69707
1.69707
1.69707
1.69707
1.69707
1.69707
1.69707
1.69707
1.69707
1.69707
1.69709
1.69709
1.69723
1.69721
1.69721
1.69721
1.69721
1.69721
1.69721
1.69721
1.69721
1.69721
1.69721
1.69721
1.69721
1.69721
1.69723
1.69723
1.70365
1.70365
1.70365
1.70365
1.70365
1.70365
1.70365
1.70365
1.70365
1.70365
1.70365
1.70365
1.70365
1.70365
1.70365
1.70365
)
;
    }
    procBoundary4to2
    {
        type            processor;
        value           uniform 0.872612;
    }
    procBoundary4to3
    {
        type            processor;
        value           nonuniform List<scalar> 
125
(
0.872612
0.872612
0.872612
0.872612
0.872612
0.872612
0.872612
0.872612
0.872612
0.872612
0.872612
0.872612
0.872612
0.872612
0.872612
0.872612
0.872612
0.872612
0.872612
0.872612
0.872612
0.872612
0.872612
0.872612
0.872612
1.69632
1.69627
1.69627
1.69627
1.69627
1.69627
1.69627
1.69627
1.69627
1.69627
1.69627
1.69627
1.69627
1.69627
1.69627
1.69627
1.69627
1.69627
1.69627
1.69627
1.69627
1.69627
1.69627
1.69627
1.69606
1.69713
1.69709
1.69709
1.69709
1.69709
1.69709
1.69709
1.69709
1.69709
1.69709
1.69709
1.69709
1.69709
1.69709
1.69709
1.69709
1.69709
1.69709
1.69709
1.69709
1.69709
1.69709
1.69709
1.69709
1.69687
1.69727
1.69723
1.69723
1.69723
1.69723
1.69723
1.69723
1.69723
1.69723
1.69723
1.69723
1.69723
1.69723
1.69723
1.69723
1.69723
1.69723
1.69723
1.69723
1.69723
1.69723
1.69723
1.69723
1.69723
1.69701
1.70368
1.70365
1.70365
1.70365
1.70365
1.70365
1.70365
1.70365
1.70365
1.70365
1.70365
1.70365
1.70365
1.70365
1.70365
1.70365
1.70365
1.70365
1.70365
1.70365
1.70365
1.70365
1.70365
1.70365
1.70353
)
;
    }
    procBoundary4to5
    {
        type            processor;
        value           nonuniform List<scalar> 
135
(
0.872612
0.872612
0.872612
0.872612
0.872612
0.872612
0.872612
0.872612
1.69627
0.872612
0.872612
0.872612
0.872612
0.872612
0.872612
0.872612
0.872612
0.872612
0.872612
0.872612
0.872612
0.872612
0.872612
0.872612
0.872612
0.872612
0.872612
1.69632
1.69627
1.69627
1.69627
1.69627
1.69627
1.69627
1.69627
1.69627
1.6971
1.69627
1.6971
1.69627
1.69627
1.69627
1.69627
1.69627
1.69627
1.69627
1.69627
1.69627
1.69627
1.69627
1.69627
1.69627
1.69627
1.69627
1.69606
1.69713
1.69709
1.69709
1.69709
1.69709
1.69709
1.69709
1.6971
1.6971
1.6971
1.69709
1.69724
1.69709
1.69709
1.69709
1.69709
1.69709
1.69709
1.69709
1.69709
1.69709
1.69709
1.69709
1.69709
1.69709
1.69709
1.69687
1.69727
1.69723
1.69723
1.69723
1.69723
1.69723
1.69723
1.69723
1.69723
1.69724
1.69724
1.69723
1.70366
1.69723
1.69723
1.69723
1.69723
1.69723
1.69723
1.69723
1.69723
1.69723
1.69723
1.69723
1.69723
1.69723
1.69701
1.70368
1.70365
1.70365
1.70365
1.70365
1.70365
1.70365
1.70365
1.70365
1.70365
1.70366
1.70366
1.70365
1.70365
1.70365
1.70365
1.70365
1.70365
1.70365
1.70365
1.70365
1.70365
1.70365
1.70365
1.70365
1.70353
)
;
    }
}


// ************************************************************************* //
