/*--------------------------------*- C++ -*----------------------------------*\
  =========                 |
  \\      /  F ield         | OpenFOAM: The Open Source CFD Toolbox
   \\    /   O peration     | Website:  https://openfoam.org
    \\  /    A nd           | Version:  10
     \\/     M anipulation  |
\*---------------------------------------------------------------------------*/
FoamFile
{
    format      ascii;
    class       volScalarField;
    location    "10";
    object      p;
}
// * * * * * * * * * * * * * * * * * * * * * * * * * * * * * * * * * * * * * //

dimensions      [0 2 -2 0 0 0 0];

internalField   nonuniform List<scalar> 
2083
(
3.74767e-05
3.34838e-05
3.44011e-05
3.52721e-05
3.6118e-05
3.69414e-05
3.7735e-05
3.85068e-05
3.92452e-05
3.99323e-05
4.05741e-05
4.12104e-05
4.18957e-05
4.2723e-05
4.38255e-05
4.50937e-05
4.65776e-05
3.95882e-05
4.09353e-05
4.22336e-05
4.34874e-05
4.47155e-05
4.59243e-05
4.70979e-05
4.82265e-05
4.9297e-05
5.03179e-05
5.13212e-05
5.23632e-05
5.3527e-05
5.48945e-05
5.64285e-05
5.81429e-05
4.72495e-05
4.90647e-05
5.0818e-05
5.25402e-05
5.42249e-05
5.58653e-05
5.74577e-05
5.89834e-05
6.04363e-05
6.18331e-05
6.32187e-05
6.46356e-05
6.61468e-05
6.78441e-05
6.96364e-05
7.16089e-05
5.61276e-05
5.8449e-05
6.07148e-05
6.2926e-05
6.50936e-05
6.72051e-05
6.92101e-05
7.11057e-05
7.29105e-05
7.46669e-05
7.64117e-05
7.8193e-05
8.00618e-05
8.20502e-05
8.41558e-05
8.6349e-05
6.60981e-05
6.89573e-05
7.17484e-05
7.44914e-05
7.71785e-05
7.97615e-05
8.21809e-05
8.44293e-05
8.65672e-05
8.86603e-05
9.07638e-05
9.29042e-05
9.51084e-05
9.7432e-05
9.9804e-05
0.00010225
7.71007e-05
8.05221e-05
8.3888e-05
8.71663e-05
9.0403e-05
9.35498e-05
9.63944e-05
9.89432e-05
0.000101386
0.00010382
0.00010628
0.000108783
0.00011133
0.000113924
0.000116552
0.000119161
8.92124e-05
9.32535e-05
9.71966e-05
0.000100971
0.000104856
0.000108815
0.000112056
0.000114762
0.000117517
0.000120313
0.000123159
0.000126032
0.000128905
0.000131768
0.000134549
0.000137278
0.000139904
0.000102497
0.000107244
0.000111853
0.0001168
0.000121477
0.000125292
0.000128726
0.000131917
0.000135093
0.000138321
0.000141593
0.000144877
0.000148101
0.000151169
0.000154096
0.000156838
0.00015937
0.000116895
0.00012248
0.000128377
0.000134236
0.000139129
0.000143194
0.000146804
0.000150355
0.000153953
0.000157629
0.000161358
0.000165073
0.000168637
0.000171925
0.000174892
0.00017754
0.000179909
0.000131898
0.000138608
0.000145338
0.000151894
0.000157391
0.000161877
0.000165905
0.000169752
0.000173749
0.000177887
0.000182068
0.000186268
0.000190251
0.000193683
0.000196658
0.000199093
0.000200918
0.000147716
0.000155378
0.000163079
0.000170019
0.000175754
0.000180913
0.000185687
0.000190123
0.000194537
0.000199218
0.000203863
0.000208187
0.000212118
0.00021551
0.000218287
0.000220397
0.000221731
0.000164368
0.0001728
0.000181219
0.000188627
0.000194745
0.000200441
0.000205822
0.000210961
0.000215969
0.000220895
0.000225602
0.000229944
0.000233793
0.000236969
0.000239499
0.000241237
0.000242054
0.000181737
0.00019082
0.000199809
0.000207679
0.000214208
0.000220338
0.0002262
0.000231811
0.000237186
0.000242288
0.000247032
0.000251301
0.000254962
0.000257898
0.000260062
0.000261379
0.000261733
0.000199593
0.000209222
0.000218681
0.000226933
0.000233828
0.000240351
0.000246577
0.000252501
0.000258082
0.00026326
0.000267951
0.000272061
0.000275476
0.000278049
0.000279818
0.000280676
0.000280493
0.000217626
0.000227777
0.000237573
0.000246084
0.000253317
0.000260169
0.000266678
0.000272803
0.000278473
0.000283619
0.000288173
0.000292042
0.000295119
0.0002973
0.000298598
0.000298922
0.000298202
0.000235551
0.000246335
0.00025622
0.000264692
0.000272351
0.000279518
0.000286238
0.000292463
0.000298127
0.000303164
0.000307503
0.000311073
0.000313779
0.000315506
0.0003163
0.000316054
0.000314609
0.000252934
0.000264151
0.000274206
0.000282779
0.000290696
0.000298077
0.000304926
0.000311177
0.000316766
0.00032163
0.000325711
0.000328943
0.000331238
0.000332507
0.000332776
0.000331959
0.000329964
0.000269451
0.000280975
0.000291231
0.000299947
0.000308035
0.000315562
0.000322465
0.000328682
0.000334148
0.000338809
0.000342608
0.000345491
0.000347389
0.000348197
0.00034798
0.000346663
0.000344151
0.00028479
0.000296551
0.000306967
0.000315836
0.000324064
0.00033167
0.000338586
0.000344738
0.000350063
0.000354508
0.000358033
0.000360583
0.000362098
0.000362491
0.000361813
0.000360022
0.000357099
0.000298706
0.000310613
0.000321098
0.000330101
0.000338454
0.000346124
0.00035303
0.0003591
0.000364281
0.00036853
0.0003718
0.000374053
0.000375236
0.000375246
0.000374152
0.000371932
0.000368595
0.000311065
0.000322875
0.000333149
0.000342412
0.0003509
0.000358619
0.000365507
0.000371505
0.000376565
0.000380648
0.00038371
0.000385717
0.000386608
0.000386301
0.000384822
0.000382058
0.000378373
0.000321145
0.000332942
0.000343153
0.000352506
0.00036108
0.000368829
0.000375697
0.000381631
0.0003866
0.000390553
0.000393461
0.000395273
0.000395948
0.000395362
0.000393564
0.000390448
0.000386438
0.000328703
0.000340526
0.000350719
0.000360105
0.000368714
0.000376473
0.000383323
0.000389221
0.000394131
0.000398006
0.000400818
0.000402501
0.000403005
0.0004022
0.000400156
0.000396746
0.000392499
0.000333504
0.000345348
0.000355502
0.000364884
0.000373475
0.000381232
0.00038807
0.000393956
0.000398844
0.000402707
0.000405472
0.000407093
0.000407472
0.000406508
0.000404268
0.000400668
0.000396288
0.000335779
0.000347569
0.000357682
0.000367035
0.000375611
0.00038335
0.000390183
0.000396073
0.000400974
0.000404848
0.000407618
0.000409214
0.000409534
0.000408484
0.000406146
0.00040247
0.000398021
3.45685e-05
3.55106e-05
3.63955e-05
3.72287e-05
3.80155e-05
3.87789e-05
3.95128e-05
4.02217e-05
4.08963e-05
4.15627e-05
4.22321e-05
4.29536e-05
4.38109e-05
4.48813e-05
4.61024e-05
4.75175e-05
4.06787e-05
4.20733e-05
4.33823e-05
4.46305e-05
4.58287e-05
4.6989e-05
4.8119e-05
4.9214e-05
5.02715e-05
5.12957e-05
5.23213e-05
5.33864e-05
5.45616e-05
5.59232e-05
5.74032e-05
5.90366e-05
4.8231e-05
5.00987e-05
5.18836e-05
5.35947e-05
5.52471e-05
5.68544e-05
5.84053e-05
5.9899e-05
6.13341e-05
6.27372e-05
6.4127e-05
6.5559e-05
6.70792e-05
6.87539e-05
7.05179e-05
7.2397e-05
5.69792e-05
5.93524e-05
6.16375e-05
6.38502e-05
6.59978e-05
6.8063e-05
7.00401e-05
7.19208e-05
7.37259e-05
7.54781e-05
7.72237e-05
7.90057e-05
8.08652e-05
8.28567e-05
8.49109e-05
8.70603e-05
6.67809e-05
6.9684e-05
7.25104e-05
7.52562e-05
7.79191e-05
8.04691e-05
8.28624e-05
8.51113e-05
8.7256e-05
8.93534e-05
9.14425e-05
9.35654e-05
9.57569e-05
9.80424e-05
0.000100397
0.000102786
7.76224e-05
8.10983e-05
8.44889e-05
8.78134e-05
9.1039e-05
9.40761e-05
9.68812e-05
9.94783e-05
0.000101962
0.000104393
0.000106828
0.000109293
0.000111797
0.000114365
0.000116943
0.000119537
8.95498e-05
9.36386e-05
9.76418e-05
0.000101615
0.000105479
0.000109035
0.000112213
0.000115131
0.000117945
0.000120741
0.00012354
0.000126353
0.000129167
0.000131963
0.000134735
0.000137438
0.000102652
0.000107423
0.000111999
0.00011692
0.000121615
0.000125404
0.000128872
0.000132134
0.000135326
0.000138507
0.0001417
0.000144882
0.000148007
0.000151041
0.000153921
0.000156646
0.000159235
0.000116871
0.000122545
0.000128165
0.00013378
0.000138935
0.000143176
0.000146849
0.00015042
0.000153985
0.000157583
0.000161185
0.000164745
0.000168207
0.00017145
0.000174395
0.000177047
0.000179362
0.000131636
0.000138235
0.000144791
0.000151303
0.000157004
0.00016169
0.000165823
0.000169708
0.000173672
0.000177676
0.000181666
0.000185574
0.000189394
0.000192895
0.000195838
0.000198296
0.000200282
0.000147249
0.000154745
0.000162309
0.000169254
0.000175181
0.000180532
0.000185388
0.000189966
0.000194458
0.00019893
0.000203285
0.000207416
0.000211237
0.000214595
0.000217387
0.000219565
0.000221025
0.000163801
0.000172095
0.000180414
0.000187875
0.000194168
0.000199974
0.000205401
0.000210563
0.000215542
0.000220344
0.000224905
0.000229118
0.000232876
0.000236065
0.000238603
0.000240401
0.000241377
0.000181116
0.0001901
0.000199052
0.00020697
0.000213603
0.00021982
0.000225707
0.000231307
0.000236633
0.000241659
0.00024631
0.000250495
0.000254114
0.000257041
0.00025923
0.000260634
0.000261071
0.000198943
0.00020852
0.000217977
0.000226286
0.000233257
0.000239816
0.00024606
0.00025197
0.000257521
0.000262645
0.000267281
0.000271342
0.000274727
0.000277319
0.000279109
0.000279998
0.000279937
0.00021698
0.00022707
0.000236919
0.00024552
0.000252784
0.000259654
0.000266167
0.000272282
0.00027793
0.000283057
0.000287585
0.000291435
0.00029451
0.000296697
0.000298001
0.000298402
0.000297752
0.000234895
0.000245491
0.000255582
0.000264322
0.000271868
0.000279005
0.000285721
0.000291946
0.000297614
0.000302652
0.000306996
0.000310568
0.000313273
0.000315009
0.00031582
0.000315623
0.000314377
0.000252325
0.000263502
0.000273623
0.000282266
0.000290164
0.000297547
0.000304399
0.000310663
0.000316272
0.000321169
0.00032528
0.000328534
0.000330845
0.000332132
0.000332431
0.000331665
0.000329695
0.000268826
0.000280351
0.000290624
0.00029936
0.000307447
0.000314966
0.000321881
0.000328124
0.000333634
0.000338345
0.000342198
0.000345125
0.000347048
0.000347888
0.000347696
0.000346394
0.000343916
0.000284093
0.000295858
0.000306294
0.000315157
0.000323366
0.000330971
0.000337899
0.000344086
0.000349466
0.000353985
0.000357582
0.000360196
0.000361759
0.000362185
0.000361554
0.000359814
0.000356878
0.000297863
0.000309795
0.00032034
0.000329316
0.000337632
0.000345282
0.000352202
0.000358318
0.000363575
0.000367908
0.00037127
0.000373603
0.000374841
0.000374911
0.000373886
0.000371724
0.000368421
0.000309896
0.000321896
0.000332413
0.000341505
0.000349911
0.000357609
0.000364513
0.000370567
0.000375707
0.000379888
0.000383052
0.000385149
0.000386117
0.000385872
0.000384499
0.000381954
0.000378296
0.000320009
0.000331872
0.000342152
0.000351441
0.000359949
0.000367681
0.000374577
0.00038058
0.000385638
0.000389699
0.000392713
0.000394633
0.000395389
0.000394887
0.000393192
0.00039018
0.000386226
0.000327569
0.000339388
0.000349576
0.000358908
0.000367476
0.00037523
0.00038212
0.000388091
0.000393095
0.000397082
0.000400001
0.000401797
0.000402392
0.000401666
0.000399694
0.000396373
0.000392183
0.000332406
0.000344195
0.000354323
0.000363652
0.000372228
0.000379981
0.000386865
0.000392818
0.000397805
0.000401768
0.000404645
0.000406366
0.000406837
0.000405939
0.00040377
0.000400248
0.000395932
0.000334708
0.000346456
0.000356525
0.000365836
0.000374396
0.000382139
0.000389018
0.000394976
0.000399962
0.000403929
0.000406806
0.000408497
0.000408896
0.000407917
0.000405652
0.00040204
0.000397667
3.60666e-05
3.70227e-05
3.79125e-05
3.87407e-05
3.95198e-05
4.02569e-05
4.09565e-05
4.16277e-05
4.23023e-05
4.29916e-05
4.37164e-05
4.45236e-05
4.5451e-05
4.65471e-05
4.77231e-05
4.90101e-05
4.21814e-05
4.36015e-05
4.49348e-05
4.61866e-05
4.7372e-05
4.84979e-05
4.95812e-05
5.06301e-05
5.16581e-05
5.2687e-05
5.37421e-05
5.48584e-05
5.60713e-05
5.74502e-05
5.88792e-05
6.04131e-05
4.95679e-05
5.15019e-05
5.33255e-05
5.50451e-05
5.66832e-05
5.82539e-05
5.97575e-05
6.12047e-05
6.26165e-05
6.40114e-05
6.54128e-05
6.68614e-05
6.84029e-05
7.00595e-05
7.17881e-05
7.35718e-05
5.81189e-05
6.05631e-05
6.28914e-05
6.51182e-05
6.72459e-05
6.92748e-05
7.12123e-05
7.3068e-05
7.48555e-05
7.66059e-05
7.8357e-05
8.01367e-05
8.19876e-05
8.39576e-05
8.59654e-05
8.80247e-05
6.77083e-05
7.06825e-05
7.35496e-05
7.63055e-05
7.89485e-05
8.14616e-05
8.38347e-05
8.60801e-05
8.8238e-05
9.0338e-05
9.24173e-05
9.45249e-05
9.66956e-05
9.89452e-05
0.00010124
0.000103542
7.83435e-05
8.18808e-05
8.53077e-05
8.86396e-05
9.1838e-05
9.4846e-05
9.76502e-05
0.000100284
0.000102794
0.000105237
0.000107659
0.000110086
0.00011255
0.000115081
0.000117611
0.000120139
9.00485e-05
9.41846e-05
9.82231e-05
0.000102185
0.000106009
0.000109544
0.000112761
0.000115751
0.000118614
0.000121407
0.000124164
0.000126918
0.000129677
0.000132438
0.000135165
0.00013783
0.000102866
0.000107648
0.000112308
0.00011701
0.000121608
0.00012567
0.000129228
0.000132538
0.000135731
0.000138872
0.000141985
0.000145056
0.000148074
0.000151034
0.000153879
0.000156581
0.000116806
0.000122296
0.000127545
0.000133058
0.000138774
0.000143376
0.00014702
0.000150565
0.000154059
0.000157544
0.000160989
0.000164363
0.000167626
0.000170707
0.000173583
0.000176251
0.000131315
0.000137442
0.000143635
0.000150108
0.000156392
0.000161682
0.000165927
0.000169782
0.000173524
0.000177357
0.000181139
0.000184788
0.000188233
0.000191418
0.000194241
0.000196787
0.000199162
0.000146667
0.000153751
0.000160822
0.000167821
0.000174494
0.000180255
0.000185081
0.000189597
0.000193956
0.000198225
0.000202334
0.000206215
0.000209785
0.000212941
0.000215671
0.000217954
0.000219788
0.000163012
0.000170995
0.000178911
0.000186601
0.000193442
0.000199373
0.000204818
0.000209916
0.000214767
0.000219393
0.00022375
0.000227754
0.000231325
0.000234397
0.000236911
0.000238857
0.000240158
0.000180237
0.000189029
0.000197827
0.000205856
0.000212751
0.000219088
0.000224995
0.000230542
0.000235768
0.000240653
0.000245145
0.000249179
0.000252674
0.000255534
0.000257761
0.000259261
0.000259943
0.000198054
0.000207529
0.000216939
0.000225317
0.000232411
0.000239055
0.000245313
0.000251189
0.000256656
0.000261685
0.000266221
0.000270183
0.000273489
0.000276066
0.000277889
0.000278892
0.000278979
0.000216125
0.000226167
0.000236017
0.000244668
0.000252001
0.000258915
0.000265433
0.000271517
0.000277124
0.000282198
0.000286671
0.000290474
0.000293523
0.000295719
0.000297071
0.000297511
0.000296966
0.000234076
0.000244651
0.000254765
0.000263543
0.000271115
0.000278274
0.000284986
0.000291198
0.000296849
0.000301879
0.000306222
0.000309791
0.000312501
0.000314267
0.000315108
0.000314968
0.000313782
0.000251517
0.000262691
0.000272828
0.000281488
0.000289396
0.000296776
0.000303622
0.000309887
0.000315519
0.000320446
0.000324596
0.000327889
0.000330243
0.000331563
0.000331897
0.00033117
0.000329231
0.000267977
0.000279501
0.00028978
0.000298514
0.000306586
0.000314091
0.000321003
0.00032727
0.000332826
0.000337606
0.000341538
0.000344538
0.000346521
0.000347413
0.000347267
0.000346014
0.00034355
0.000283137
0.000294904
0.00030534
0.000314176
0.000322352
0.000329931
0.000336863
0.000343089
0.000348548
0.000353168
0.000356872
0.000359588
0.000361238
0.000361736
0.000361167
0.000359473
0.000356545
0.000296729
0.000308672
0.000319219
0.00032815
0.000336404
0.000344024
0.000350954
0.00035713
0.000362483
0.000366944
0.000370443
0.000372903
0.00037425
0.000374406
0.000373468
0.000371385
0.000368097
0.000308507
0.000320553
0.000331135
0.000340137
0.000348452
0.000356109
0.000363032
0.000369158
0.000374415
0.00037874
0.000382054
0.000384301
0.000385399
0.000385262
0.000384
0.00038158
0.000377966
0.000318276
0.000330318
0.000340808
0.000349874
0.000358266
0.000365959
0.000372882
0.00037897
0.000384151
0.000388363
0.000391539
0.000393617
0.000394507
0.000394122
0.000392565
0.0003898
0.000385924
0.000325919
0.00033774
0.000347932
0.000357163
0.000365655
0.000373386
0.000380316
0.000386379
0.000391513
0.000395651
0.000398737
0.000400692
0.000401421
0.000400816
0.000398973
0.000395786
0.000391686
0.000330796
0.000342527
0.000352603
0.000361859
0.000370386
0.00037813
0.00038506
0.000391109
0.000396219
0.000400323
0.00040336
0.000405228
0.000405833
0.000405052
0.000402999
0.000399595
0.000395382
0.000333113
0.000344817
0.000354823
0.000364078
0.000372592
0.000380339
0.000387266
0.000393311
0.000398413
0.000402515
0.000405534
0.000407365
0.000407896
0.000407033
0.00040488
0.000401385
0.000397116
3.72508e-05
3.82372e-05
3.91363e-05
3.99757e-05
4.07598e-05
4.14894e-05
4.21839e-05
4.28609e-05
4.35469e-05
4.42601e-05
4.50472e-05
4.59208e-05
4.69194e-05
4.80622e-05
4.92233e-05
5.04111e-05
4.3382e-05
4.48484e-05
4.62027e-05
4.74662e-05
4.86481e-05
4.97656e-05
5.08307e-05
5.18611e-05
5.28814e-05
5.39219e-05
5.5006e-05
5.61594e-05
5.74203e-05
5.88207e-05
6.02278e-05
6.16715e-05
5.06768e-05
5.26517e-05
5.45072e-05
5.62441e-05
5.78818e-05
5.9434e-05
6.09151e-05
6.2341e-05
6.37404e-05
6.51318e-05
6.65487e-05
6.80161e-05
6.95683e-05
7.1232e-05
7.29238e-05
7.46446e-05
5.906e-05
6.15558e-05
6.39235e-05
6.61652e-05
6.82866e-05
7.03021e-05
7.22198e-05
7.40582e-05
7.58386e-05
7.75946e-05
7.93443e-05
8.11301e-05
8.29785e-05
8.49326e-05
8.68988e-05
8.88865e-05
6.84834e-05
7.15109e-05
7.44095e-05
7.71783e-05
7.98161e-05
8.23143e-05
8.46798e-05
8.69285e-05
8.90931e-05
9.11981e-05
9.32855e-05
9.53859e-05
9.75368e-05
9.97592e-05
0.000101999
0.000104235
7.8947e-05
8.25239e-05
8.59789e-05
8.93124e-05
9.25037e-05
9.55152e-05
9.83306e-05
0.000100984
0.000103516
0.000105974
0.000108389
0.0001108
0.000113239
0.000115732
0.000118218
0.000120675
9.04768e-05
9.46325e-05
9.86712e-05
0.000102622
0.000106447
0.000110005
0.000113264
0.000116296
0.000119183
0.000121975
0.000124719
0.000127436
0.000130154
0.000132874
0.000135566
0.000138185
0.000103082
0.000107843
0.000112466
0.000117114
0.000121728
0.0001259
0.000129538
0.000132886
0.000136079
0.000139199
0.000142251
0.000145256
0.000148206
0.000151112
0.00015393
0.000156635
0.000116818
0.000122197
0.000127272
0.000132704
0.00013855
0.00014337
0.000147157
0.000150713
0.000154148
0.00015755
0.000160894
0.000164144
0.000167277
0.000170267
0.000173117
0.000175827
0.00013115
0.000137118
0.000142909
0.000149146
0.000155583
0.000161381
0.000166031
0.000169721
0.000173319
0.000177011
0.00018063
0.000184091
0.000187337
0.000190337
0.000193095
0.000195681
0.000146421
0.000152851
0.000159564
0.000166643
0.000173452
0.000179754
0.000184954
0.000189255
0.000193446
0.000197537
0.000201461
0.000205122
0.000208445
0.00021137
0.000213863
0.000216127
0.000218424
0.000162431
0.000170015
0.000177611
0.000185212
0.000192482
0.00019889
0.00020433
0.000209298
0.000213991
0.00021845
0.000222611
0.000226413
0.000229774
0.000232642
0.000235055
0.000237098
0.000238785
0.000179515
0.00018806
0.000196514
0.000204714
0.00021204
0.000218456
0.000224347
0.000229806
0.00023491
0.00023965
0.000243992
0.000247865
0.000251205
0.000253949
0.000256125
0.000257746
0.000258782
0.000197339
0.000206683
0.000215981
0.000224406
0.000231654
0.000238375
0.000244635
0.000250455
0.000255842
0.000260776
0.000265203
0.000269062
0.000272281
0.000274791
0.000276627
0.000277734
0.000278007
0.000215453
0.000225463
0.000235248
0.000243878
0.00025128
0.000258243
0.000264765
0.000270818
0.000276377
0.000281392
0.000285812
0.000289561
0.000292568
0.000294749
0.000296122
0.00029662
0.00029619
0.000233458
0.000244164
0.000254095
0.000262681
0.000270405
0.000277606
0.00028432
0.000290516
0.000296148
0.000301165
0.000305492
0.000309057
0.000311773
0.000313557
0.00031444
0.000314321
0.000313071
0.000250864
0.00026206
0.000272148
0.000280758
0.000288686
0.000296067
0.000302908
0.000309172
0.000314809
0.000319751
0.000323929
0.000327255
0.000329646
0.000331009
0.000331374
0.00033066
0.000328751
0.00026726
0.000278783
0.000289042
0.000297744
0.000305796
0.000313288
0.000320195
0.000326471
0.000332058
0.000336888
0.000340879
0.000343946
0.000345999
0.000346949
0.000346846
0.000345632
0.00034316
0.000282314
0.00029408
0.000304488
0.000313287
0.000321426
0.000328979
0.000335909
0.000342161
0.000347673
0.000352367
0.000356165
0.000358978
0.000360719
0.000361294
0.00036078
0.000359117
0.000356209
0.000295752
0.000307684
0.000318204
0.00032708
0.000335283
0.000342873
0.000349806
0.000356019
0.000361444
0.000366007
0.000369622
0.000372203
0.000373665
0.000373918
0.000373055
0.000371023
0.000367738
0.000307339
0.000319377
0.000329932
0.000338865
0.000347117
0.000354739
0.000361667
0.000367841
0.000373188
0.000377631
0.000381082
0.000383467
0.00038469
0.000384664
0.000383492
0.000381139
0.000377568
0.000316917
0.000328953
0.000339425
0.000348405
0.000356723
0.000364381
0.000371314
0.000377457
0.00038274
0.000387088
0.000390409
0.000392632
0.000393649
0.000393379
0.000391931
0.000389271
0.000385452
0.000324465
0.000336243
0.000346385
0.000355544
0.000363969
0.000371673
0.000378617
0.000384742
0.000389985
0.000394255
0.000397494
0.000399582
0.000400443
0.000399954
0.000398222
0.00039514
0.000391126
0.00032927
0.00034096
0.000350977
0.000360165
0.000368637
0.000376361
0.00038331
0.000389425
0.000394634
0.000398859
0.000402036
0.000404034
0.00040477
0.000404109
0.00040217
0.000398881
0.000394767
0.000331577
0.000343218
0.000353164
0.000362358
0.000370827
0.000378558
0.000385502
0.00039161
0.000396807
0.000401023
0.000404156
0.000406123
0.000406773
0.000406033
0.000404006
0.000400629
0.000396467
3.78718e-05
3.88692e-05
3.97851e-05
4.06355e-05
4.14277e-05
4.21671e-05
4.28701e-05
4.35619e-05
4.42637e-05
4.50128e-05
4.58334e-05
4.6746e-05
4.7771e-05
4.89299e-05
5.00646e-05
5.12197e-05
4.40286e-05
4.55081e-05
4.68805e-05
4.81541e-05
4.93418e-05
5.04581e-05
5.15219e-05
5.25572e-05
5.35913e-05
5.46471e-05
5.57485e-05
5.69282e-05
5.82082e-05
5.96094e-05
6.09875e-05
6.23959e-05
5.12597e-05
5.32646e-05
5.51365e-05
5.68851e-05
5.85249e-05
6.00733e-05
6.15489e-05
6.29765e-05
6.43777e-05
6.57782e-05
6.7202e-05
6.86814e-05
7.02377e-05
7.19075e-05
7.35781e-05
7.52549e-05
5.95599e-05
6.20849e-05
6.44716e-05
6.67225e-05
6.88464e-05
7.0857e-05
7.27703e-05
7.46057e-05
7.63925e-05
7.81499e-05
7.9907e-05
8.1698e-05
8.35543e-05
8.5491e-05
8.74399e-05
8.93812e-05
6.88978e-05
7.19494e-05
7.48658e-05
7.76423e-05
8.02809e-05
8.27779e-05
8.51415e-05
8.73949e-05
8.95638e-05
9.16791e-05
9.37717e-05
9.58752e-05
9.80192e-05
0.000100235
0.000102446
0.00010464
7.92669e-05
8.2865e-05
8.63311e-05
8.96695e-05
9.28638e-05
9.58772e-05
9.87002e-05
0.000101362
0.00010391
0.000106374
0.000108794
0.000111206
0.000113642
0.000116112
0.000118572
0.000120984
9.07003e-05
9.48638e-05
9.89019e-05
0.000102856
0.000106685
0.000110258
0.000113532
0.000116583
0.000119478
0.00012228
0.000125019
0.000127728
0.000130423
0.000133138
0.000135806
0.000138397
0.000103208
0.000107941
0.000112552
0.000117197
0.000121827
0.000126029
0.000129698
0.000133059
0.00013626
0.000139364
0.000142397
0.00014537
0.000148301
0.000151184
0.000154007
0.000156715
0.000116826
0.000122109
0.000127156
0.000132627
0.000138509
0.000143369
0.000147194
0.000150754
0.000154163
0.000157526
0.000160818
0.000164004
0.000167072
0.000170043
0.0001729
0.000175638
0.00013095
0.000136651
0.000142528
0.000148959
0.000155308
0.000161217
0.000165962
0.000169611
0.000173141
0.000176753
0.000180278
0.000183626
0.000186737
0.000189618
0.000192364
0.000195054
0.000146011
0.000152309
0.000158948
0.000166105
0.000172954
0.000179454
0.000184799
0.000189044
0.00019314
0.00019714
0.000200948
0.000204453
0.000207455
0.00021009
0.000212601
0.000215035
0.000162296
0.000169318
0.000176723
0.00018444
0.000191716
0.000198517
0.000204211
0.000208971
0.00021355
0.000217899
0.000221947
0.000225609
0.0002288
0.000231502
0.000233712
0.00023568
0.000237773
0.000179193
0.000187502
0.000195787
0.000203854
0.00021146
0.000218215
0.000224027
0.000229386
0.000234395
0.000239048
0.000243292
0.000247062
0.00025029
0.000252939
0.000255083
0.000256782
0.000257998
0.000196973
0.000206219
0.000215442
0.000223842
0.000231181
0.000238005
0.000244254
0.000250029
0.000255362
0.000260232
0.000264594
0.000268389
0.000271557
0.000274038
0.000275876
0.000277033
0.00027744
0.000215089
0.000225023
0.000234799
0.000243457
0.000250872
0.000257856
0.000264372
0.000270404
0.000275926
0.000280907
0.000285289
0.000289009
0.000291991
0.000294163
0.000295572
0.000296141
0.000295785
0.000233064
0.00024359
0.000253664
0.000262429
0.000270026
0.000277206
0.000283909
0.00029009
0.000295706
0.000300704
0.000305021
0.00030858
0.000311305
0.000313109
0.000314012
0.000313947
0.000312857
0.000250487
0.000261638
0.00027174
0.000280375
0.000288276
0.000295645
0.000302479
0.000308738
0.000314371
0.000319321
0.000323512
0.000326862
0.000329277
0.000330669
0.000331073
0.000330407
0.000328514
0.000266847
0.000278363
0.000288602
0.000297286
0.000305326
0.000312807
0.000319709
0.000325988
0.000331589
0.000336443
0.00034047
0.00034358
0.000345683
0.000346677
0.00034661
0.000345416
0.000342956
0.000281843
0.000293598
0.000303979
0.000312746
0.000320869
0.00032841
0.000335338
0.000341603
0.000347138
0.000351874
0.000355726
0.000358601
0.000360402
0.000361031
0.000360563
0.000358936
0.000356017
0.000295184
0.000307109
0.000317593
0.00032643
0.00033461
0.000342186
0.000349119
0.00035535
0.000360813
0.000365429
0.000369112
0.00037177
0.000373307
0.00037362
0.000372816
0.000370811
0.000367538
0.000306664
0.000318692
0.000329206
0.000338098
0.000346319
0.000353929
0.000360855
0.000367057
0.000372443
0.000376955
0.000380481
0.000382952
0.000384251
0.000384297
0.000383195
0.000380893
0.00037733
0.000316139
0.000328148
0.000338593
0.000347521
0.000355814
0.000363453
0.000370392
0.000376559
0.000381896
0.000386307
0.000389717
0.000392018
0.000393128
0.000392937
0.000391558
0.000388946
0.00038516
0.00032362
0.000335355
0.000345456
0.000354574
0.000362973
0.000370655
0.000377609
0.000383759
0.000389061
0.000393402
0.000396726
0.000398895
0.000399845
0.000399429
0.000397771
0.000394739
0.000390764
0.00032835
0.000339998
0.000349956
0.000359117
0.000367547
0.000375263
0.00038221
0.000388357
0.000393618
0.000397925
0.000401165
0.000403253
0.000404055
0.000403483
0.000401626
0.000398398
0.000394337
0.000330587
0.000342175
0.000352074
0.000361223
0.000369666
0.000377374
0.000384323
0.000390455
0.000395701
0.00039998
0.000403182
0.000405212
0.000405944
0.0004053
0.000403368
0.000400063
0.000395967
)
;

boundaryField
{
    frontAndBack
    {
        type            slip;
    }
    inlet
    {
        type            zeroGradient;
    }
    outlet
    {
        type            fixedValue;
        value           nonuniform List<scalar> 0();
    }
    lowerWall
    {
        type            zeroGradient;
    }
    upperWall
    {
        type            slip;
    }
    procBoundary4to1
    {
        type            processor;
        value           nonuniform List<scalar> 
82
(
3.04837e-05
2.90931e-05
2.96344e-05
3.01516e-05
3.06357e-05
3.11001e-05
3.15476e-05
3.19585e-05
3.23355e-05
3.26819e-05
3.30025e-05
3.33327e-05
3.37422e-05
3.43174e-05
3.51622e-05
3.62245e-05
3.62245e-05
3.8448e-05
3.00227e-05
3.05612e-05
3.10783e-05
3.15729e-05
3.20288e-05
3.2442e-05
3.28404e-05
3.32149e-05
3.3571e-05
3.39245e-05
3.43117e-05
3.47812e-05
3.53991e-05
3.62405e-05
3.72555e-05
3.8448e-05
3.1256e-05
3.18143e-05
3.23315e-05
3.28254e-05
3.32802e-05
3.36983e-05
3.40879e-05
3.44624e-05
3.48356e-05
3.52464e-05
3.57219e-05
3.62884e-05
3.69951e-05
3.78804e-05
3.88557e-05
3.99484e-05
3.21904e-05
3.27767e-05
3.33118e-05
3.38152e-05
3.42863e-05
3.47208e-05
3.51249e-05
3.55236e-05
3.59407e-05
3.641e-05
3.69506e-05
3.76073e-05
3.83918e-05
3.93331e-05
4.03126e-05
4.13207e-05
3.26438e-05
3.32513e-05
3.38013e-05
3.43171e-05
3.47999e-05
3.52502e-05
3.56789e-05
3.61022e-05
3.65573e-05
3.70665e-05
3.76641e-05
3.83615e-05
3.91867e-05
4.01391e-05
4.11207e-05
4.20851e-05
)
;
    }
    procBoundary4to2
    {
        type            processor;
        value           uniform 3.89576e-05;
    }
    procBoundary4to3
    {
        type            processor;
        value           nonuniform List<scalar> 
125
(
3.25358e-05
3.82056e-05
4.53739e-05
5.37508e-05
6.3163e-05
7.36075e-05
8.51077e-05
9.77341e-05
0.000111043
0.000125021
0.000139967
0.00015585
0.000172531
0.000189783
0.00020726
0.000224643
0.000241568
0.000257717
0.000272744
0.000286355
0.000298282
0.000308134
0.000315585
0.000320335
0.000322553
3.3604e-05
3.92423e-05
4.62925e-05
5.45184e-05
6.37883e-05
7.40618e-05
8.54044e-05
9.78736e-05
0.000111053
0.000124865
0.000139644
0.000155419
0.000172023
0.000189219
0.00020668
0.000224064
0.000240995
0.000257112
0.000272065
0.000285567
0.000297336
0.000307098
0.000314503
0.000319278
0.000321544
3.50392e-05
4.06648e-05
4.75559e-05
5.55733e-05
6.46335e-05
7.47038e-05
8.58251e-05
9.79899e-05
0.000111114
0.000124816
0.000139328
0.00015486
0.000171327
0.00018845
0.000205903
0.000223285
0.000240209
0.000256268
0.000271121
0.000284466
0.000296037
0.000305607
0.00031294
0.000317718
0.00032002
3.61667e-05
4.18224e-05
4.85973e-05
5.64549e-05
6.53453e-05
7.52545e-05
8.62015e-05
9.81848e-05
0.000111204
0.000124805
0.000139319
0.000154504
0.000170784
0.000187851
0.00020529
0.00022267
0.000239562
0.000255556
0.000270304
0.0002835
0.000294903
0.000304301
0.000311527
0.000316248
0.000318518
3.6754e-05
4.24311e-05
4.9154e-05
5.69279e-05
6.57313e-05
7.55538e-05
8.64176e-05
9.83161e-05
0.000111273
0.000124775
0.000139137
0.000154537
0.000170578
0.000187564
0.00020498
0.000222335
0.000239207
0.000255152
0.000269836
0.00028294
0.000294239
0.00030354
0.000310708
0.000315349
0.000317545
)
;
    }
    procBoundary4to5
    {
        type            processor;
        value           nonuniform List<scalar> 
135
(
4.83249e-05
6.01044e-05
7.37367e-05
8.86587e-05
0.000104732
0.000121755
0.000121755
0.000142389
0.000140079
0.000161723
0.000181654
0.000202041
0.000222079
0.00024181
0.000260929
0.000279188
0.000296378
0.00031231
0.000327191
0.000340974
0.000353527
0.000364712
0.000374313
0.000382165
0.000388035
0.000391712
0.000393411
4.91379e-05
6.08516e-05
7.44081e-05
8.92669e-05
0.000105191
0.000122121
0.000140079
0.000140079
0.000161659
0.000159173
0.000181284
0.000178759
0.000201646
0.000221636
0.000241351
0.000260465
0.000278765
0.000296044
0.000312145
0.000326961
0.000340733
0.000353299
0.000364496
0.000374118
0.000381929
0.000387754
0.000391424
0.000393129
5.04531e-05
6.20622e-05
7.54487e-05
9.01145e-05
0.000105834
0.000122603
0.000140394
0.000159173
0.000178759
0.000178759
0.000201135
0.000198182
0.000221065
0.000240726
0.000259732
0.000278053
0.000295424
0.000311623
0.000326528
0.000340349
0.000352943
0.000364143
0.000373749
0.000381529
0.000387298
0.000390961
0.000392681
5.16964e-05
6.31957e-05
7.64057e-05
9.08775e-05
0.000106439
0.00012305
0.000140676
0.000159189
0.000178417
0.000198182
0.000198182
0.000220341
0.000217642
0.000239954
0.000259088
0.000277365
0.000294778
0.000310967
0.000326052
0.00033996
0.000352584
0.000363771
0.000373342
0.000381077
0.0003868
0.000390437
0.000392138
5.24143e-05
6.38383e-05
7.69631e-05
9.13282e-05
0.000106796
0.000123315
0.000140852
0.000159246
0.00017828
0.000197839
0.000217642
0.000217642
0.000239448
0.000258608
0.000276947
0.000294439
0.000310788
0.000325815
0.000339736
0.000352372
0.000363554
0.000373101
0.000380797
0.000386486
0.000390077
0.000391712
)
;
    }
}


// ************************************************************************* //
