/*--------------------------------*- C++ -*----------------------------------*\
  =========                 |
  \\      /  F ield         | OpenFOAM: The Open Source CFD Toolbox
   \\    /   O peration     | Website:  https://openfoam.org
    \\  /    A nd           | Version:  10
     \\/     M anipulation  |
\*---------------------------------------------------------------------------*/
FoamFile
{
    format      ascii;
    class       surfaceScalarField;
    location    "10";
    object      phi;
}
// * * * * * * * * * * * * * * * * * * * * * * * * * * * * * * * * * * * * * //

dimensions      [0 3 -1 0 0 0 0];

internalField   nonuniform List<scalar> 
5618
(
2.20985e-05
-200
4.81638e-05
4.2494e-07
-200
4.87316e-05
4.46638e-07
-200
4.88972e-05
1.27644e-06
-200
4.93627e-05
1.05768e-06
-200
5.00574e-05
6.65616e-07
-200
5.0832e-05
7.97443e-07
-200
5.19439e-05
2.03803e-07
-200
5.31241e-05
-6.55892e-07
-200
5.43795e-05
-1.03033e-06
-200
5.57622e-05
-8.30624e-07
-200
5.74854e-05
-6.53118e-07
-200
5.95021e-05
2.0752e-07
-200
6.16153e-05
1.69047e-06
-200
3.41504e-05
1.25861e-06
-200
2.7064e-05
1.91612e-06
2.52483e-05
2.08522e-06
-200
4.68912e-05
7.64802e-07
-200
4.73947e-05
5.76559e-07
-200
4.78219e-05
3.89912e-07
-200
4.81876e-05
8.47144e-07
-200
4.88426e-05
1.00918e-06
-200
5.00632e-05
3.05445e-07
-200
5.12551e-05
4.93435e-08
-200
5.26303e-05
-3.93025e-07
-200
5.42468e-05
-6.28303e-07
-200
5.62902e-05
-7.58093e-07
-200
5.86143e-05
-3.77569e-07
-200
6.14231e-05
3.01714e-07
-200
6.45922e-05
7.26797e-07
-200
3.45963e-05
2.46712e-06
-200
2.87919e-05
1.91371e-06
2.65997e-05
2.99127e-06
-200
4.5871e-05
4.96998e-08
-200
4.62637e-05
1.26204e-07
-200
4.64477e-05
9.02917e-07
-200
4.71503e-05
5.06289e-07
-200
4.79621e-05
2.28989e-07
-200
4.87597e-05
6.21958e-07
-200
5.00891e-05
1.24775e-07
-200
5.19007e-05
-4.24809e-07
-200
5.40511e-05
-7.05778e-07
-200
5.65404e-05
-3.63613e-07
-200
5.9612e-05
-3.7942e-07
-200
6.31036e-05
4.85017e-08
-200
6.68262e-05
1.08502e-06
-200
3.62526e-05
3.28525e-07
-200
2.99386e-05
1.88763e-06
2.83853e-05
1.54414e-06
-200
4.40791e-05
8.87025e-07
-200
4.4355e-05
9.64985e-07
-200
4.50879e-05
4.73484e-07
-200
4.5602e-05
8.75902e-07
-200
4.6224e-05
8.80459e-07
-200
4.70487e-05
-4.68333e-08
-200
4.83918e-05
-1.27837e-07
-200
5.05093e-05
-1.40391e-07
-200
5.31945e-05
5.85605e-08
-200
5.6374e-05
9.19964e-09
-200
5.99288e-05
3.84101e-07
-200
6.40202e-05
6.99541e-07
-200
6.86904e-05
3.70869e-07
-200
3.61956e-05
2.0173e-06
-200
3.06634e-05
1.36197e-06
2.82571e-05
2.0141e-06
-200
4.22812e-05
5.40516e-07
-200
4.28732e-05
3.13546e-07
-200
4.33778e-05
9.58781e-07
-200
4.44287e-05
2.91257e-07
-200
4.47494e-05
-2.18121e-07
-200
4.40983e-05
1.50188e-07
-200
4.5402e-05
4.40144e-08
-200
4.87688e-05
-1.50776e-07
-200
5.24434e-05
3.97014e-08
-200
5.61343e-05
4.80828e-07
-200
6.03399e-05
3.50888e-07
-200
6.4799e-05
4.41444e-07
-200
6.96012e-05
1.28217e-06
-200
3.69414e-05
5.00413e-07
-200
3.0377e-05
1.46274e-06
2.8501e-05
1.07193e-06
-200
4.0108e-05
8.94896e-07
-200
4.0601e-05
1.34434e-06
-200
4.17281e-05
1.73339e-07
-200
4.4016e-05
-2.01355e-07
-200
4.28633e-05
-5.22388e-07
-200
3.8224e-05
-3.99641e-07
-200
4.05055e-05
3.95232e-07
-200
4.71795e-05
5.56769e-07
-200
5.15743e-05
7.57583e-07
-200
5.58643e-05
8.0296e-07
-200
6.01761e-05
1.03621e-06
-200
6.49007e-05
8.46371e-07
-200
6.99664e-05
6.37918e-07
-200
3.55952e-05
1.94731e-06
-200
2.95983e-05
1.11863e-06
2.72491e-05
8.60168e-07
-200
3.85417e-05
4.89565e-07
-200
3.81278e-05
8.43815e-07
-200
3.82876e-05
5.69582e-07
-200
2.8982e-05
-2.92951e-06
-200
2.56506e-05
-3.52934e-06
-200
3.83408e-05
1.70449e-06
-200
4.49782e-05
2.6694e-06
-200
4.68239e-05
8.02361e-07
-200
5.04089e-05
6.6178e-07
-200
5.43545e-05
1.0017e-06
-200
5.84825e-05
5.86567e-07
-200
6.25109e-05
6.38885e-07
-200
6.66164e-05
1.12469e-06
-200
3.18723e-05
3.3237e-07
-200
2.46779e-05
9.8473e-07
-200
2.19626e-05
1.21486e-06
1.80939e-05
-200
3.82336e-05
3.50978e-07
-200
3.55316e-05
4.12162e-07
-200
2.48358e-05
-3.17098e-07
-200
2.00666e-05
6.02679e-08
-200
2.70534e-05
-1.71696e-07
-200
3.30514e-05
-3.2266e-07
-200
4.05654e-05
3.70757e-07
-200
4.52634e-05
6.49223e-07
-200
4.94954e-05
1.08553e-06
-200
5.33162e-05
1.01117e-06
-200
5.66926e-05
1.15491e-06
-200
5.95169e-05
1.0083e-06
-200
6.27839e-05
3.03943e-08
-200
2.63395e-05
1.48944e-06
-200
1.9035e-05
1.65184e-06
-200
1.58336e-05
3.81434e-07
1.12169e-05
2.12065e-06
-200
4.57951e-05
9.09683e-09
-200
3.77373e-05
-2.16894e-06
-200
3.46065e-05
1.19308e-06
-200
3.32545e-05
3.09531e-06
-200
3.31219e-05
4.71204e-08
-200
3.61327e-05
-4.72533e-07
-200
3.9479e-05
-4.8818e-07
-200
4.54498e-05
-9.90878e-08
-200
4.98361e-05
3.1312e-07
-200
5.27418e-05
7.30894e-07
-200
5.49854e-05
6.82942e-07
-200
5.52403e-05
6.9874e-07
-200
5.55094e-05
1.29634e-06
-200
1.87088e-05
1.05665e-06
-200
1.04869e-05
7.26822e-07
-200
7.91038e-06
1.70129e-06
8.577e-06
7.27405e-07
-200
4.82889e-05
-4.62508e-07
-200
4.2703e-05
1.92885e-07
-200
3.63016e-05
1.19179e-06
-200
3.9895e-05
2.11685e-06
-200
4.5729e-05
7.26423e-07
-200
4.39953e-05
-1.22537e-06
-200
4.1263e-05
-1.20122e-06
-200
4.16297e-05
-7.22523e-07
-200
4.46828e-05
-4.64401e-07
-200
4.4763e-05
-2.18644e-07
-200
4.47883e-05
4.76829e-07
-200
4.93907e-05
1.96419e-06
-200
5.57795e-05
1.18855e-06
-200
2.06688e-05
2.04635e-06
-200
1.46317e-05
7.92575e-07
-200
1.28461e-05
-7.65163e-07
1.19763e-05
1.36572e-06
-200
4.84015e-05
4.92769e-07
-200
4.5109e-05
6.17335e-07
-200
4.22899e-05
2.25234e-06
-200
4.3629e-05
2.07662e-06
-200
4.63247e-05
4.95728e-07
-200
4.64554e-05
3.57005e-07
-200
4.55446e-05
1.56849e-07
-200
4.28556e-05
-1.22277e-06
-200
4.12914e-05
-2.74705e-06
-200
4.45727e-05
-1.36226e-06
-200
4.93926e-05
-9.2863e-08
-200
5.35365e-05
3.42912e-07
-200
5.80539e-05
8.09998e-07
-200
2.4744e-05
-5.04403e-07
-200
1.80519e-05
-3.22875e-07
-200
1.63405e-05
5.05197e-07
1.55011e-05
-1.81136e-06
-200
4.72654e-05
-2.37113e-07
-200
4.48925e-05
9.17083e-08
-200
4.38386e-05
5.45988e-07
-200
4.44686e-05
8.61727e-07
-200
4.60097e-05
4.31135e-07
-200
4.72858e-05
-3.18464e-07
-200
4.76586e-05
1.85566e-07
-200
4.75811e-05
2.77317e-07
-200
4.81302e-05
-8.15948e-08
-200
5.02489e-05
-3.3565e-07
-200
5.31773e-05
5.01336e-09
-200
5.65234e-05
-2.71031e-07
-200
6.0583e-05
-1.74315e-06
-200
2.68321e-05
8.77015e-08
-200
2.09442e-05
-6.64596e-07
-200
1.91753e-05
-2.38839e-06
1.68913e-05
-9.37559e-07
-200
4.51959e-05
9.75e-08
-200
4.37955e-05
-5.01393e-07
-200
4.36322e-05
4.62084e-07
-200
4.49865e-05
2.88959e-07
-200
4.66082e-05
-2.59242e-08
-200
4.78459e-05
8.68559e-07
-200
4.90125e-05
9.06054e-07
-200
5.01254e-05
7.09274e-07
-200
5.13086e-05
3.32866e-07
-200
5.29589e-05
1.90252e-07
-200
5.52168e-05
-1.70924e-07
-200
5.78313e-05
-7.0111e-07
-200
6.07875e-05
-4.6275e-07
-200
2.88874e-05
-1.33316e-06
-200
2.24943e-05
-1.72298e-06
-200
2.03357e-05
-5.51999e-07
1.87285e-05
-3.27563e-06
-200
4.25903e-05
-5.85254e-07
-200
4.10224e-05
-1.74754e-07
-200
4.25843e-05
-3.773e-07
-200
4.54659e-05
5.6285e-08
-200
4.69751e-05
6.02558e-07
-200
4.83464e-05
4.24208e-07
-200
4.96382e-05
6.4918e-07
-200
5.08748e-05
6.03097e-07
-200
5.21022e-05
3.19524e-07
-200
5.36354e-05
-1.2182e-07
-200
5.53609e-05
-2.63894e-07
-200
5.75199e-05
-6.56841e-07
-200
6.02807e-05
-1.75708e-06
-200
2.91684e-05
-9.11515e-07
-200
2.32184e-05
-7.46152e-07
-200
2.14417e-05
-2.73643e-06
1.94073e-05
-1.40529e-06
-200
3.87493e-05
5.87311e-08
-200
3.47374e-05
6.82308e-08
-200
4.01625e-05
5.19781e-07
-200
4.77573e-05
-2.39475e-07
-200
4.70704e-05
-4.0805e-08
-200
4.75933e-05
8.69679e-07
-200
4.88224e-05
6.5803e-07
-200
5.00488e-05
2.16437e-07
-200
5.12801e-05
-2.32318e-07
-200
5.24839e-05
-1.78514e-07
-200
5.39757e-05
-5.93143e-07
-200
5.57022e-05
-9.0097e-07
-200
5.76606e-05
-7.50466e-07
-200
2.85967e-05
-8.12265e-07
-200
2.26272e-05
-1.81702e-06
-200
2.10862e-05
-6.47188e-07
2.21675e-05
-3.29639e-06
-200
3.64527e-05
4.01317e-08
-200
3.52648e-05
2.71115e-06
-200
3.87343e-05
1.8695e-07
-200
4.33831e-05
-1.89382e-06
-200
4.48794e-05
1.74173e-07
-200
4.61497e-05
1.25803e-07
-200
4.73656e-05
4.81354e-08
-200
4.84632e-05
-2.18628e-07
-200
4.9563e-05
-2.89288e-07
-200
5.07564e-05
-5.83086e-07
-200
5.19576e-05
-3.82866e-07
-200
5.34328e-05
-5.08505e-07
-200
5.53091e-05
-9.83139e-07
-200
2.80278e-05
-7.75887e-07
-200
2.2504e-05
-4.9498e-07
-200
2.09884e-05
-2.28178e-06
1.93148e-05
-2.13732e-06
-200
3.37101e-05
9.8672e-08
-200
3.4045e-05
5.48774e-07
-200
3.64048e-05
6.5114e-07
-200
3.96843e-05
-3.19685e-07
-200
4.18312e-05
-2.92366e-07
-200
4.32864e-05
2.59973e-08
-200
4.46136e-05
-4.71943e-07
-200
4.57865e-05
-9.34537e-07
-200
4.68785e-05
-1.10708e-06
-200
4.78321e-05
-9.06916e-07
-200
4.8943e-05
-8.32091e-07
-200
5.01559e-05
-8.65906e-07
-200
5.16909e-05
-7.03819e-07
-200
2.69848e-05
-9.1136e-07
-200
2.14846e-05
-1.58081e-06
-200
1.93771e-05
1.86835e-07
1.7642e-05
-2.14796e-06
-200
2.99953e-05
-1.58235e-07
-200
3.10596e-05
4.53468e-07
-200
3.37305e-05
-7.52381e-08
-200
3.61463e-05
-1.10088e-08
-200
3.80782e-05
-1.42753e-07
-200
3.97332e-05
-9.3975e-07
-200
4.09982e-05
-1.32278e-06
-200
4.19876e-05
-1.43181e-06
-200
4.28655e-05
-1.33643e-06
-200
4.3714e-05
-1.19666e-06
-200
4.45685e-05
-7.80894e-07
-200
4.56369e-05
-5.26398e-07
-200
4.72475e-05
-9.78025e-07
-200
2.49655e-05
-1.03405e-06
-200
2.03091e-05
-6.87532e-07
-200
1.86162e-05
-1.61231e-06
1.59194e-05
-2.20208e-08
-200
2.4505e-05
3.30129e-07
-200
2.68242e-05
3.44354e-07
-200
3.05546e-05
3.86555e-07
-200
3.27463e-05
-3.77468e-07
-200
3.4169e-05
-1.06639e-06
-200
3.53309e-05
-1.26169e-06
-200
3.63594e-05
-1.69511e-06
-200
3.72221e-05
-1.83891e-06
-200
3.78899e-05
-1.7383e-06
-200
3.85121e-05
-1.1635e-06
-200
3.92388e-05
-8.59468e-07
-200
4.0243e-05
-5.67183e-07
-200
4.15395e-05
-3.90262e-07
-200
2.24575e-05
-8.45145e-07
-200
1.85908e-05
-1.27541e-06
-200
1.72988e-05
5.62257e-07
1.54924e-05
-1.11842e-06
-200
1.57944e-05
7.18647e-07
-200
2.16708e-05
7.66174e-07
-200
2.9661e-05
-6.49514e-07
-200
2.89309e-05
-9.71823e-07
-200
2.93696e-05
-1.30461e-06
-200
3.02126e-05
-1.99935e-06
-200
3.0854e-05
-2.12638e-06
-200
3.13875e-05
-2.01853e-06
-200
3.17384e-05
-1.54383e-06
-200
3.21668e-05
-1.17481e-06
-200
3.27444e-05
-5.27918e-07
-200
3.36332e-05
-7.17026e-08
-200
3.49922e-05
-4.29184e-07
-200
1.8777e-05
-7.95726e-07
-200
1.62984e-05
-2.83334e-07
-200
1.79717e-05
-1.67246e-06
1.61842e-05
-4.65902e-07
-200
1.43227e-05
3.33554e-06
-200
1.73208e-05
9.08913e-07
-200
2.22112e-05
-2.26931e-06
-200
2.36015e-05
-1.73851e-06
-200
2.41723e-05
-1.9063e-06
-200
2.47125e-05
-2.06155e-06
-200
2.51729e-05
-2.12634e-06
-200
2.54826e-05
-1.88358e-06
-200
2.57848e-05
-1.52363e-06
-200
2.59259e-05
-8.89542e-07
-200
2.67067e-05
-3.41146e-07
-200
2.75262e-05
6.64128e-08
-200
2.86451e-05
4.6621e-07
-200
1.55788e-05
-2.484e-07
-200
1.35246e-05
-1.13825e-06
-200
1.32978e-05
-1.54382e-06
1.20768e-05
-2.74858e-06
-200
1.11419e-05
1.43785e-06
-200
1.3154e-05
5.8923e-07
-200
1.59088e-05
-1.32715e-06
-200
1.74911e-05
-1.67328e-06
-200
1.80413e-05
-2.01267e-06
-200
1.85394e-05
-2.34897e-06
-200
1.87964e-05
-2.26954e-06
-200
1.89168e-05
-1.7863e-06
-200
1.88949e-05
-1.32328e-06
-200
1.9413e-05
-1.11027e-06
-200
1.99365e-05
-4.34219e-07
-200
2.09196e-05
1.39215e-07
-200
2.16858e-05
-4.62771e-08
-200
1.15594e-05
-5.0324e-07
-200
9.71031e-06
-3.58921e-07
-200
8.81784e-06
-1.61293e-06
8.16423e-06
-1.06071e-06
-200
7.58914e-06
3.419e-07
-200
8.84352e-06
4.61325e-08
-200
1.00319e-05
-9.1638e-07
-200
1.12598e-05
-1.46691e-06
-200
1.16288e-05
-2.2707e-06
-200
1.19163e-05
-2.32284e-06
-200
1.19299e-05
-2.1676e-06
-200
1.20828e-05
-1.85338e-06
-200
1.17997e-05
-1.53356e-06
-200
1.26548e-05
-1.09614e-06
-200
1.28232e-05
-7.18019e-07
-200
1.39342e-05
-1.81929e-07
-200
1.39567e-05
-1.85404e-07
-200
7.23517e-06
-5.16619e-07
-200
5.32669e-06
-9.44995e-07
-200
4.39715e-06
-5.80984e-07
4.92515e-06
-9.65332e-07
-200
3.81832e-06
2.13964e-07
-200
3.87158e-06
-5.0145e-07
-200
4.52476e-06
-6.37938e-07
-200
4.94318e-06
-1.79006e-06
-200
4.86571e-06
-1.5807e-06
-200
4.90315e-06
-2.24789e-06
-200
4.95594e-06
-2.00498e-06
-200
4.87464e-06
-1.79137e-06
-200
4.77271e-06
-1.3596e-06
-200
5.07499e-06
-1.02855e-06
-200
5.36974e-06
-5.92073e-07
-200
5.80489e-06
-2.57733e-07
-200
5.63274e-06
-2.07978e-07
-200
2.18795e-06
-6.11388e-07
-200
6.00614e-07
-4.76197e-07
-200
1.08368e-06
-7.52757e-07
1.78916e-06
-7.20978e-07
-200
-7.9785e-07
-200
-8.11526e-07
-200
-1.42015e-06
-200
-1.91087e-06
-200
-2.47444e-06
-200
-2.75776e-06
-200
-2.50827e-06
-200
-2.34574e-06
-200
-2.01297e-06
-200
-1.69183e-06
-200
-1.15206e-06
-200
-8.36182e-07
-200
-7.96647e-07
-200
-1.00966e-06
-200
-1.20146e-06
-200
-1.05431e-06
-1.07489e-06
-200
4.79676e-05
9.52582e-07
-200
5.00067e-05
1.06284e-06
-200
5.03307e-05
1.70534e-06
-200
5.04464e-05
1.74959e-06
-200
5.08885e-05
1.68542e-06
-200
5.19327e-05
1.28459e-06
-200
5.28693e-05
6.73323e-07
-200
5.39204e-05
-3.97567e-07
-200
5.50807e-05
-3.90554e-07
-200
5.66237e-05
-7.63578e-07
-200
5.84415e-05
-2.7746e-07
-200
6.08109e-05
5.55641e-07
-200
6.31275e-05
1.88983e-06
-200
3.49824e-05
2.15508e-06
-200
2.80842e-05
2.83141e-06
2.59018e-05
2.90803e-06
-200
4.7274e-05
8.13645e-07
-200
4.81829e-05
9.43938e-07
-200
4.87674e-05
9.42418e-07
-200
4.92169e-05
1.26299e-06
-200
5.01937e-05
1.12352e-06
-200
5.10396e-05
7.54962e-07
-200
5.21241e-05
2.69958e-07
-200
5.31444e-05
-1.9674e-07
-200
5.46364e-05
-7.09305e-07
-200
5.64835e-05
-5.39946e-07
-200
5.8861e-05
-5.8403e-08
-200
6.25911e-05
5.17352e-07
-200
6.59418e-05
1.26896e-06
-200
3.68396e-05
2.80762e-06
-200
3.02413e-05
2.6083e-06
2.88041e-05
3.48393e-06
-200
4.54547e-05
7.01098e-07
-200
4.61202e-05
7.7219e-07
-200
4.70893e-05
1.33912e-06
-200
4.78896e-05
8.72586e-07
-200
4.90077e-05
7.14034e-07
-200
5.01315e-05
6.30035e-07
-200
5.107e-05
2.59213e-07
-200
5.21947e-05
-4.34722e-07
-200
5.37066e-05
-2.79448e-07
-200
5.61386e-05
-2.05461e-07
-200
5.93361e-05
-5.85584e-08
-200
6.36452e-05
6.00289e-07
-200
6.81942e-05
1.62188e-06
-200
3.7394e-05
1.44607e-06
-200
3.15154e-05
2.79527e-06
3.05857e-05
2.27769e-06
-200
4.37112e-05
1.12224e-06
-200
4.43897e-05
1.16962e-06
-200
4.54152e-05
9.08981e-07
-200
4.65701e-05
1.1116e-06
-200
4.7803e-05
7.05194e-07
-200
4.84992e-05
1.0357e-07
-200
4.95031e-05
-2.03592e-07
-200
5.08573e-05
-9.50156e-08
-200
5.30377e-05
-1.81089e-07
-200
5.58634e-05
1.96743e-07
-200
5.98591e-05
5.38173e-07
-200
6.48234e-05
9.36529e-07
-200
7.00625e-05
9.00963e-07
-200
3.81243e-05
2.47887e-06
-200
3.25553e-05
2.11556e-06
3.08686e-05
2.90673e-06
-200
4.163e-05
1.08353e-06
-200
4.236e-05
1.02615e-06
-200
4.37101e-05
1.29612e-06
-200
4.48182e-05
6.59845e-07
-200
4.53592e-05
3.15135e-07
-200
4.59772e-05
-2.02499e-08
-200
4.70715e-05
-2.31658e-08
-200
4.90952e-05
-1.94371e-07
-200
5.17961e-05
4.76986e-07
-200
5.56858e-05
5.63652e-07
-200
6.03277e-05
5.5026e-07
-200
6.58391e-05
7.24385e-07
-200
7.16069e-05
1.48959e-06
-200
3.87889e-05
1.19285e-06
-200
3.27434e-05
2.1001e-06
3.06244e-05
1.75776e-06
-200
3.96904e-05
1.36261e-06
-200
4.07011e-05
1.52037e-06
-200
4.19972e-05
7.73582e-07
-200
4.23669e-05
5.70476e-07
-200
4.16149e-05
-8.21898e-08
-200
4.1798e-05
-3.04901e-07
-200
4.39876e-05
-1.47836e-07
-200
4.73095e-05
3.70058e-07
-200
5.11779e-05
4.58244e-07
-200
5.57194e-05
9.05545e-07
-200
6.09586e-05
1.00281e-06
-200
6.68108e-05
6.7752e-07
-200
7.28825e-05
6.35011e-07
-200
3.94508e-05
1.60787e-06
-200
3.28259e-05
1.46319e-06
3.0152e-05
1.4752e-06
-200
3.74847e-05
1.75339e-06
-200
3.82107e-05
1.8768e-06
-200
4.08724e-05
1.25394e-06
-200
3.61388e-05
1.12721e-07
-200
3.20536e-05
-3.50452e-08
-200
3.76074e-05
2.55507e-07
-200
4.20366e-05
5.27676e-07
-200
4.59124e-05
4.86513e-07
-200
5.03793e-05
1.17965e-06
-200
5.56353e-05
1.22502e-06
-200
6.11234e-05
7.95577e-07
-200
6.67621e-05
8.80151e-07
-200
7.2663e-05
1.17921e-06
-200
3.83813e-05
1.18422e-06
-200
3.16301e-05
1.39776e-06
2.87863e-05
1.70399e-06
-200
3.66611e-05
1.30277e-06
-200
3.40769e-05
1.3464e-06
-200
2.84607e-05
-7.91003e-07
-200
2.80746e-05
1.37276e-06
-200
3.04948e-05
1.99561e-06
-200
3.24688e-05
-7.33262e-07
-200
3.90433e-05
-7.10673e-07
-200
4.44027e-05
2.34071e-07
-200
4.99583e-05
5.45173e-07
-200
5.50851e-05
9.7435e-07
-200
6.02445e-05
9.05336e-07
-200
6.50871e-05
6.75777e-07
-200
6.98149e-05
9.80298e-08
-200
3.46358e-05
1.29325e-06
-200
2.72432e-05
1.66915e-06
-200
2.4445e-05
8.01138e-07
1.94933e-05
-200
4.57353e-05
6.28049e-07
-200
4.24064e-05
1.79446e-06
-200
3.83549e-05
5.65627e-06
-200
3.38712e-05
5.91994e-06
-200
3.45465e-05
-1.69711e-07
-200
3.68048e-05
-3.29206e-06
-200
3.91141e-05
-1.68655e-06
-200
4.49692e-05
-6.51531e-07
-200
5.01637e-05
8.08177e-07
-200
5.50337e-05
1.07502e-06
-200
5.93265e-05
1.14019e-06
-200
6.31582e-05
1.18816e-06
-200
6.5532e-05
2.08379e-06
-200
2.79122e-05
2.81301e-06
-200
1.96307e-05
3.65509e-06
-200
1.71627e-05
3.43329e-06
1.17877e-05
-200
4.86785e-05
-7.88096e-07
-200
4.49034e-05
3.31616e-06
-200
3.88927e-05
6.39196e-06
-200
4.18899e-05
7.07739e-06
-200
4.78842e-05
1.13466e-06
-200
4.61813e-05
-4.44216e-06
-200
4.38468e-05
-4.55958e-06
-200
4.30922e-05
-3.04656e-06
-200
4.52334e-05
-1.17776e-06
-200
4.77258e-05
-3.35081e-07
-200
5.03562e-05
-5.94019e-08
-200
5.4106e-05
3.80552e-07
-200
6.02851e-05
1.75509e-06
-200
2.68981e-05
5.5574e-06
-200
2.04166e-05
5.09427e-06
-200
1.802e-05
5.33912e-06
1.57479e-05
3.65361e-06
-200
4.8123e-05
-7.24891e-07
-200
4.49186e-05
1.93859e-06
-200
4.23502e-05
7.12125e-06
-200
4.31084e-05
6.63701e-06
-200
4.62206e-05
-5.37898e-07
-200
4.79478e-05
-3.59541e-06
-200
4.81597e-05
-2.05464e-06
-200
4.87477e-05
-1.20695e-06
-200
5.0274e-05
-2.81146e-08
-200
5.30138e-05
3.50664e-07
-200
5.59326e-05
5.62663e-07
-200
5.95251e-05
8.05571e-07
-200
6.39615e-05
1.61132e-06
-200
2.92586e-05
1.12835e-06
-200
2.21435e-05
2.77754e-06
-200
2.12414e-05
2.03535e-06
1.78212e-05
3.13665e-07
-200
4.73316e-05
-8.56636e-07
-200
4.47632e-05
7.68717e-07
-200
4.32234e-05
4.5439e-06
-200
4.42845e-05
3.03785e-06
-200
4.7354e-05
-1.72961e-06
-200
4.95019e-05
-1.84987e-06
-200
5.13871e-05
-1.03993e-06
-200
5.31912e-05
5.9271e-08
-200
5.53263e-05
3.48162e-08
-200
5.73014e-05
3.24714e-07
-200
5.96492e-05
3.9659e-07
-200
6.24288e-05
1.58505e-07
-200
6.55254e-05
-7.24533e-07
-200
3.13075e-05
5.99367e-07
-200
2.40888e-05
-2.56917e-07
-200
2.15408e-05
-3.5245e-08
1.95463e-05
-1.1357e-06
-200
4.59656e-05
-3.29376e-07
-200
4.3791e-05
1.23334e-08
-200
4.35913e-05
1.87066e-06
-200
4.51073e-05
1.32609e-06
-200
4.78341e-05
-1.5763e-07
-200
5.08056e-05
-4.35326e-08
-200
5.35728e-05
3.84861e-07
-200
5.60615e-05
4.32967e-07
-200
5.79043e-05
7.75326e-07
-200
5.95999e-05
4.67961e-07
-200
6.1276e-05
2.38372e-07
-200
6.33326e-05
-2.46972e-07
-200
6.57811e-05
-3.2292e-07
-200
3.21028e-05
-1.29767e-06
-200
2.53663e-05
-1.27552e-06
-200
2.28836e-05
-1.71178e-06
1.97555e-05
-2.84429e-06
-200
4.35719e-05
-7.25762e-07
-200
4.19233e-05
-4.02506e-07
-200
4.29188e-05
-5.17247e-09
-200
4.56643e-05
3.95741e-07
-200
4.87476e-05
7.1459e-08
-200
5.17098e-05
1.55738e-07
-200
5.47131e-05
2.63364e-07
-200
5.71567e-05
5.39438e-07
-200
5.88804e-05
4.46599e-08
-200
6.00014e-05
3.97457e-09
-200
6.1183e-05
-1.84529e-07
-200
6.26687e-05
-6.503e-07
-200
6.43589e-05
-1.82274e-06
-200
3.25471e-05
-1.52737e-06
-200
2.58359e-05
-1.78572e-06
-200
2.26051e-05
-2.16021e-06
1.99602e-05
-2.11845e-06
-200
4.0319e-05
-3.59015e-07
-200
3.8116e-05
-3.50919e-07
-200
4.1063e-05
3.28128e-07
-200
4.61933e-05
1.9894e-07
-200
4.9008e-05
3.96824e-07
-200
5.18523e-05
6.01188e-07
-200
5.45227e-05
4.76527e-07
-200
5.65264e-05
-1.22021e-10
-200
5.76687e-05
-9.96031e-09
-200
5.85811e-05
-2.34194e-07
-200
5.93303e-05
-5.77359e-07
-200
6.03285e-05
-9.7327e-07
-200
6.1537e-05
-1.09704e-06
-200
3.14364e-05
-1.48636e-06
-200
2.57446e-05
-2.18035e-06
-200
2.28992e-05
-2.32135e-06
1.98905e-05
-2.90827e-06
-200
3.66505e-05
-5.04272e-07
-200
3.24067e-05
-4.57855e-08
-200
3.86584e-05
-3.67423e-07
-200
4.75668e-05
-4.76558e-08
-200
4.85897e-05
1.61874e-07
-200
5.06633e-05
-5.1101e-08
-200
5.28886e-05
-4.08017e-07
-200
5.43258e-05
-5.47724e-07
-200
5.52702e-05
-9.1608e-07
-200
5.57114e-05
-9.41643e-07
-200
5.61578e-05
-8.55818e-07
-200
5.68027e-05
-1.13146e-06
-200
5.76845e-05
-1.87559e-06
-200
3.02635e-05
-2.07718e-06
-200
2.42236e-05
-1.56114e-06
-200
2.0977e-05
-1.93909e-06
2.08822e-05
-1.55533e-06
-200
3.4231e-05
-2.23576e-07
-200
3.33569e-05
1.44267e-07
-200
3.71298e-05
4.63575e-07
-200
4.23306e-05
3.12002e-08
-200
4.54346e-05
-5.1302e-08
-200
4.82271e-05
-3.20367e-07
-200
5.00732e-05
-7.41316e-07
-200
5.11939e-05
-1.25409e-06
-200
5.17304e-05
-1.14671e-06
-200
5.21195e-05
-1.15649e-06
-200
5.24274e-05
-1.1011e-06
-200
5.29298e-05
-1.21302e-06
-200
5.40175e-05
-1.2922e-06
-200
2.885e-05
-1.59303e-06
-200
2.28097e-05
-1.79858e-06
-200
2.02962e-05
-1.27525e-06
1.72737e-05
-2.07848e-06
-200
3.07917e-05
-2.00008e-07
-200
3.13166e-05
2.38959e-07
-200
3.45719e-05
-1.18083e-07
-200
3.86124e-05
-1.50303e-07
-200
4.19957e-05
-6.9754e-07
-200
4.44089e-05
-1.28778e-06
-200
4.58618e-05
-1.77205e-06
-200
4.66527e-05
-1.80856e-06
-200
4.71185e-05
-1.93447e-06
-200
4.72943e-05
-1.60707e-06
-200
4.75435e-05
-1.20248e-06
-200
4.80447e-05
-1.04581e-06
-200
4.91706e-05
-1.5331e-06
-200
2.67095e-05
-1.72109e-06
-200
2.11518e-05
-1.66943e-06
-200
1.83025e-05
-1.45045e-06
1.56657e-05
-9.294e-07
-200
2.61331e-05
2.34761e-07
-200
2.75446e-05
5.49055e-07
-200
3.13664e-05
3.77398e-07
-200
3.47516e-05
-4.81972e-07
-200
3.74584e-05
-1.12973e-06
-200
3.93924e-05
-1.71774e-06
-200
4.03919e-05
-2.11246e-06
-200
4.09281e-05
-2.3666e-06
-200
4.11129e-05
-2.03378e-06
-200
4.1327e-05
-1.60596e-06
-200
4.16111e-05
-1.2289e-06
-200
4.21385e-05
-9.01515e-07
-200
4.32013e-05
-7.4817e-07
-200
2.37003e-05
-1.25235e-06
-200
1.91344e-05
-1.77502e-06
-200
1.74898e-05
-7.08179e-07
1.44622e-05
-1.40477e-06
-200
1.98853e-05
3.68444e-07
-200
2.30882e-05
5.84457e-07
-200
2.80386e-05
-4.63534e-07
-200
3.07708e-05
-1.12811e-06
-200
3.22913e-05
-1.93694e-06
-200
3.35097e-05
-2.58759e-06
-200
3.40799e-05
-2.89174e-06
-200
3.43849e-05
-2.75679e-06
-200
3.45567e-05
-2.48467e-06
-200
3.46882e-05
-1.88501e-06
-200
3.50051e-05
-1.13538e-06
-200
3.5637e-05
-6.39942e-07
-200
3.66042e-05
-8.12524e-07
-200
2.00639e-05
-1.19685e-06
-200
1.6883e-05
-1.1397e-06
-200
1.59501e-05
-1.41726e-06
1.40023e-05
-1.1079e-06
-200
1.20078e-05
1.65017e-06
-200
1.78403e-05
8.54817e-07
-200
2.57981e-05
-9.08561e-07
-200
2.55791e-05
-1.92507e-06
-200
2.60832e-05
-2.2928e-06
-200
2.67317e-05
-2.85773e-06
-200
2.70384e-05
-3.01824e-06
-200
2.71853e-05
-2.89506e-06
-200
2.72157e-05
-2.35542e-06
-200
2.73403e-05
-1.70312e-06
-200
2.78659e-05
-1.09186e-06
-200
2.84687e-05
-4.7354e-07
-200
2.94017e-05
-1.20533e-07
-200
1.58362e-05
-7.70515e-07
-200
1.35193e-05
-1.53742e-06
-200
1.51094e-05
-1.48483e-06
1.38269e-05
-2.01343e-06
-200
1.07747e-05
3.2009e-06
-200
1.34243e-05
7.64713e-07
-200
1.83437e-05
-3.25054e-06
-200
1.89351e-05
-2.30038e-06
-200
1.97921e-05
-2.94411e-06
-200
1.98294e-05
-3.18022e-06
-200
2.01684e-05
-3.27424e-06
-200
2.01928e-05
-2.7509e-06
-200
2.0395e-05
-2.32599e-06
-200
2.03769e-05
-1.75016e-06
-200
2.11929e-05
-8.63506e-07
-200
2.18264e-05
-1.32484e-07
-200
2.25827e-05
-1.65255e-07
-200
1.19234e-05
-6.16189e-07
-200
9.95585e-06
-1.10488e-06
-200
9.65363e-06
-2.97304e-06
9.23412e-06
-2.81918e-06
-200
7.94218e-06
9.0337e-07
-200
9.1492e-06
3.28511e-08
-200
1.13942e-05
-1.53304e-06
-200
1.21484e-05
-2.14369e-06
-200
1.26177e-05
-3.10664e-06
-200
1.2737e-05
-3.37427e-06
-200
1.28648e-05
-3.24553e-06
-200
1.30127e-05
-2.96823e-06
-200
1.28597e-05
-2.20592e-06
-200
1.31789e-05
-1.84067e-06
-200
1.38577e-05
-1.03949e-06
-200
1.45348e-05
-4.26858e-07
-200
1.46573e-05
-3.81489e-07
-200
7.27893e-06
-9.08942e-07
-200
5.43165e-06
-1.41409e-06
-200
5.0018e-06
-1.48157e-06
5.3816e-06
-1.7178e-06
-200
4.02408e-06
2.32852e-07
-200
4.2267e-06
-4.68222e-07
-200
5.02806e-06
-8.73253e-07
-200
5.4695e-06
-2.51349e-06
-200
5.45938e-06
-2.57518e-06
-200
5.50999e-06
-3.33556e-06
-200
5.46879e-06
-3.20252e-06
-200
5.43546e-06
-2.58648e-06
-200
5.2856e-06
-2.13386e-06
-200
5.58182e-06
-1.75827e-06
-200
5.84899e-06
-8.25224e-07
-200
6.17777e-06
-4.0442e-07
-200
5.77493e-06
-3.61376e-07
-200
2.10849e-06
-1.02967e-06
-200
1.03738e-06
-1.16906e-06
-200
1.06028e-06
-1.1729e-06
2.07615e-06
-1.16758e-06
-200
-1.042e-06
-200
-1.27077e-06
-200
-2.24458e-06
-200
-2.88195e-06
-200
-3.98356e-06
-200
-4.22715e-06
-200
-4.12544e-06
-200
-3.83746e-06
-200
-3.32338e-06
-200
-2.64647e-06
-200
-2.03502e-06
-200
-1.52793e-06
-200
-1.64462e-06
-200
-2.06343e-06
-200
-2.16919e-06
-200
-1.92671e-06
-1.89196e-06
-200
4.78539e-05
1.39841e-06
-200
5.00826e-05
1.29071e-06
-200
5.08315e-05
1.4996e-06
-200
5.12923e-05
1.64131e-06
-200
5.19062e-05
1.80016e-06
-200
5.26301e-05
1.48187e-06
-200
5.3496e-05
1.00746e-06
-200
5.44375e-05
5.6701e-07
-200
5.56078e-05
3.59164e-07
-200
5.69935e-05
-1.3367e-07
-200
5.85678e-05
4.78142e-07
-200
6.05206e-05
1.04486e-06
-200
6.27987e-05
1.63249e-06
-200
3.43536e-05
2.68168e-06
-200
2.79117e-05
3.03313e-06
2.54808e-05
3.26946e-06
-200
4.61491e-05
8.54257e-07
-200
4.86202e-05
9.02195e-07
-200
4.92711e-05
1.09129e-06
-200
5.01453e-05
1.27224e-06
-200
5.09093e-05
1.1086e-06
-200
5.17431e-05
9.35568e-07
-200
5.26645e-05
5.38248e-07
-200
5.3879e-05
3.23562e-08
-200
5.51646e-05
-2.14838e-07
-200
5.68672e-05
7.59592e-08
-200
5.95214e-05
9.7704e-08
-200
6.21107e-05
6.62356e-07
-200
6.55669e-05
1.47955e-06
-200
3.57233e-05
2.38431e-06
-200
2.97508e-05
2.72729e-06
2.8097e-05
3.00245e-06
-200
4.46349e-05
8.91665e-07
-200
4.64097e-05
1.06224e-06
-200
4.75068e-05
1.29611e-06
-200
4.84635e-05
1.14956e-06
-200
4.94356e-05
1.03913e-06
-200
5.05411e-05
6.9466e-07
-200
5.16256e-05
3.44411e-07
-200
5.28111e-05
4.87913e-08
-200
5.45527e-05
6.37725e-08
-200
5.68625e-05
-6.05158e-08
-200
5.98281e-05
4.93362e-07
-200
6.34318e-05
9.48483e-07
-200
6.7766e-05
1.49544e-06
-200
3.63184e-05
2.18531e-06
-200
3.09019e-05
2.71259e-06
2.93229e-05
2.83043e-06
-200
4.32256e-05
7.7588e-07
-200
4.45553e-05
9.97078e-07
-200
4.56154e-05
1.0319e-06
-200
4.68148e-05
1.03932e-06
-200
4.78671e-05
5.63826e-07
-200
4.88022e-05
2.632e-07
-200
5.00088e-05
2.25196e-10
-200
5.17014e-05
-1.71142e-07
-200
5.38404e-05
-1.10212e-07
-200
5.66924e-05
3.91058e-07
-200
6.05362e-05
3.52381e-07
-200
6.48904e-05
7.59015e-07
-200
6.94702e-05
1.33824e-06
-200
3.75016e-05
2.02613e-06
-200
3.16177e-05
2.40564e-06
3.05474e-05
2.31881e-06
-200
4.13649e-05
1.2173e-06
-200
4.23792e-05
1.33706e-06
-200
4.36663e-05
1.3148e-06
-200
4.45592e-05
9.62889e-07
-200
4.52374e-05
6.97535e-07
-200
4.61874e-05
1.61426e-07
-200
4.77057e-05
5.79544e-08
-200
4.97864e-05
1.99742e-07
-200
5.27406e-05
5.7262e-07
-200
5.63691e-05
5.46499e-07
-200
6.065e-05
9.76369e-07
-200
6.56852e-05
1.09545e-06
-200
7.11102e-05
1.3121e-06
-200
3.78534e-05
1.73688e-06
-200
3.18581e-05
2.12191e-06
3.01978e-05
2.13419e-06
-200
3.9696e-05
1.25147e-06
-200
4.05999e-05
1.37482e-06
-200
4.16109e-05
1.18308e-06
-200
4.19333e-05
8.75852e-07
-200
4.16723e-05
1.57661e-07
-200
4.23267e-05
-1.36881e-08
-200
4.45705e-05
-2.62447e-09
-200
4.77932e-05
1.8129e-07
-200
5.14949e-05
5.42555e-07
-200
5.58614e-05
1.05864e-06
-200
6.09999e-05
8.02206e-07
-200
6.62865e-05
7.84045e-07
-200
7.19812e-05
1.04634e-06
-200
3.80533e-05
1.51084e-06
-200
3.15148e-05
1.91883e-06
2.89306e-05
1.78279e-06
-200
3.791e-05
2.0527e-06
-200
3.86191e-05
2.17868e-06
-200
3.98867e-05
1.68784e-06
-200
3.85561e-05
1.06511e-06
-200
3.58334e-05
7.30813e-07
-200
3.67677e-05
2.39893e-07
-200
4.0798e-05
3.4026e-07
-200
4.52492e-05
8.3134e-07
-200
5.01757e-05
1.28981e-06
-200
5.52424e-05
1.28057e-06
-200
6.04136e-05
1.42278e-06
-200
6.59605e-05
1.37232e-06
-200
7.20408e-05
1.28957e-06
-200
3.69316e-05
1.86547e-06
-200
3.00841e-05
1.9262e-06
2.66552e-05
2.42082e-06
-200
3.63567e-05
1.46087e-06
-200
3.64491e-05
1.57735e-06
-200
3.83456e-05
1.29931e-06
-200
3.58924e-05
1.33493e-06
-200
2.71232e-05
6.66415e-07
-200
2.80006e-05
-9.89214e-08
-200
3.68034e-05
-2.40869e-07
-200
4.32937e-05
2.03622e-07
-200
4.91016e-05
7.48235e-07
-200
5.45342e-05
1.25798e-06
-200
5.97683e-05
8.98074e-07
-200
6.50613e-05
7.46459e-07
-200
7.03045e-05
9.48333e-07
-200
3.53204e-05
1.04978e-06
-200
2.77104e-05
1.68013e-06
2.38232e-05
1.89744e-06
-200
4.5039e-05
8.19841e-07
-200
4.63003e-05
1.60033e-06
-200
4.1797e-05
2.74896e-06
-200
3.65889e-05
2.99069e-06
-200
3.73346e-05
1.69208e-06
-200
3.56644e-05
-3.44271e-07
-200
3.53824e-05
-9.8382e-07
-200
4.08381e-05
-1.79521e-07
-200
4.75126e-05
7.81665e-07
-200
5.24193e-05
8.69686e-07
-200
5.65972e-05
1.2191e-06
-200
6.11644e-05
1.05898e-06
-200
6.59031e-05
9.8156e-07
-200
3.01367e-05
1.72066e-06
-200
2.2799e-05
2.10143e-06
1.92065e-05
1.92638e-06
-200
4.87251e-05
-1.18245e-06
-200
4.36395e-05
-5.85064e-07
-200
4.0034e-05
3.096e-06
-200
4.1916e-05
5.63564e-06
-200
4.55712e-05
4.18832e-06
-200
4.74592e-05
-4.40967e-07
-200
4.75642e-05
-4.11273e-06
-200
4.64422e-05
-1.75468e-06
-200
4.61957e-05
-3.39407e-07
-200
4.82693e-05
4.7753e-07
-200
5.1199e-05
2.47935e-07
-200
5.44492e-05
4.14248e-07
-200
5.84499e-05
1.10853e-06
-200
2.36041e-05
1.78595e-06
-200
1.58877e-05
2.44046e-06
-200
1.35007e-05
3.07954e-06
1.1619e-05
-200
4.82868e-05
-3.865e-06
-200
4.33064e-05
2.28088e-06
-200
3.95993e-05
5.74115e-06
-200
3.7899e-05
4.9573e-06
-200
4.49912e-05
4.48321e-06
-200
5.17813e-05
-8.24445e-07
-200
5.09565e-05
-4.27093e-06
-200
5.05612e-05
-1.56235e-06
-200
5.14298e-05
-2.9926e-07
-200
5.32161e-05
-1.66097e-07
-200
5.56316e-05
1.67176e-07
-200
5.85901e-05
1.69879e-07
-200
6.24252e-05
3.31214e-07
-200
2.72001e-05
1.07802e-06
-200
2.03535e-05
2.96512e-06
-200
1.73193e-05
3.9731e-06
1.41588e-05
3.40496e-06
-200
4.6645e-05
-2.08535e-06
-200
4.23211e-05
7.06724e-07
-200
3.6859e-05
3.84348e-06
-200
4.07076e-05
5.52639e-06
-200
4.91713e-05
1.5638e-06
-200
5.14309e-05
-2.70504e-06
-200
5.26209e-05
-2.04843e-06
-200
5.37135e-05
-7.4626e-07
-200
5.49391e-05
1.51766e-08
-200
5.65784e-05
4.88017e-07
-200
5.87431e-05
2.198e-07
-200
6.12245e-05
9.98504e-08
-200
6.40293e-05
1.89156e-07
-200
3.01814e-05
4.10494e-07
-200
2.29744e-05
8.78576e-07
-200
2.04862e-05
1.17383e-06
1.75766e-05
-1.6457e-07
-200
4.49461e-05
-5.9023e-07
-200
4.16857e-05
8.90688e-07
-200
4.00257e-05
4.4063e-06
-200
4.28639e-05
2.99978e-06
-200
4.81046e-05
-7.16282e-07
-200
5.15089e-05
-8.78635e-07
-200
5.37258e-05
-3.55337e-07
-200
5.55601e-05
3.58209e-07
-200
5.7215e-05
7.40708e-07
-200
5.87978e-05
5.16928e-07
-200
6.04406e-05
6.51986e-07
-200
6.25282e-05
3.21808e-07
-200
6.52236e-05
-1.24567e-07
-200
3.21374e-05
-4.74236e-07
-200
2.53418e-05
-7.0772e-07
-200
2.24955e-05
-1.06338e-06
1.91997e-05
-9.88733e-07
-200
4.25847e-05
-5.71628e-07
-200
4.0349e-05
-1.43213e-07
-200
4.08411e-05
9.30649e-07
-200
4.41591e-05
1.00609e-06
-200
4.81061e-05
-2.02606e-07
-200
5.1289e-05
-2.03444e-07
-200
5.39784e-05
-1.02137e-07
-200
5.62428e-05
3.08476e-08
-200
5.7787e-05
-6.16805e-08
-200
5.91405e-05
8.18499e-08
-200
6.0649e-05
-3.68234e-07
-200
6.23008e-05
-7.31445e-07
-200
6.42625e-05
-1.18113e-06
-200
3.28663e-05
-1.59399e-06
-200
2.62154e-05
-1.83598e-06
-200
2.3522e-05
-1.93829e-06
2.08269e-05
-2.47128e-06
-200
3.95849e-05
-4.57288e-07
-200
3.70686e-05
-4.12468e-07
-200
3.97854e-05
2.12493e-07
-200
4.49905e-05
7.24224e-07
-200
4.81996e-05
5.91122e-07
-200
5.08395e-05
2.27878e-07
-200
5.33826e-05
3.12762e-08
-200
5.52831e-05
-9.18793e-08
-200
5.67832e-05
-2.13093e-07
-200
5.7987e-05
-5.89662e-07
-200
5.90033e-05
-6.44396e-07
-200
6.03343e-05
-1.05691e-06
-200
6.22401e-05
-1.62264e-06
-200
3.24751e-05
-2.17923e-06
-200
2.60804e-05
-2.52571e-06
-200
2.35914e-05
-2.83414e-06
2.11594e-05
-1.76647e-06
-200
3.61551e-05
-9.13746e-07
-200
3.1557e-05
-2.63572e-06
-200
3.78268e-05
-6.05312e-07
-200
4.67028e-05
1.73423e-06
-200
4.73816e-05
3.81619e-08
-200
4.93546e-05
-3.91813e-07
-200
5.15008e-05
-7.70645e-07
-200
5.31931e-05
-1.0763e-06
-200
5.43455e-05
-1.3247e-06
-200
5.5203e-05
-1.27265e-06
-200
5.60748e-05
-1.56795e-06
-200
5.70417e-05
-1.85812e-06
-200
5.83235e-05
-2.21509e-06
-200
3.04413e-05
-2.55738e-06
-200
2.46941e-05
-2.34724e-06
-200
2.24478e-05
-2.03486e-06
2.25533e-05
-1.14173e-06
-200
3.40303e-05
-4.4944e-07
-200
3.29809e-05
-3.82616e-07
-200
3.65827e-05
4.63707e-08
-200
4.14267e-05
3.14304e-07
-200
4.42764e-05
-8.85231e-08
-200
4.68277e-05
-6.35111e-07
-200
4.88014e-05
-1.02596e-06
-200
5.0145e-05
-1.27719e-06
-200
5.11726e-05
-1.39243e-06
-200
5.19075e-05
-1.57383e-06
-200
5.24692e-05
-1.44056e-06
-200
5.3241e-05
-1.57554e-06
-200
5.44945e-05
-1.86827e-06
-200
2.90431e-05
-2.2803e-06
-200
2.38256e-05
-2.37734e-06
-200
2.08844e-05
-2.23116e-06
1.83651e-05
-1.41283e-06
-200
3.09878e-05
-4.92268e-07
-200
3.13121e-05
-2.1313e-07
-200
3.40312e-05
-2.92436e-07
-200
3.77155e-05
-5.05759e-07
-200
4.07222e-05
-1.12363e-06
-200
4.31307e-05
-1.54536e-06
-200
4.47853e-05
-1.93308e-06
-200
4.59954e-05
-2.17457e-06
-200
4.67161e-05
-2.23912e-06
-200
4.722e-05
-1.95316e-06
-200
4.77464e-05
-1.84971e-06
-200
4.83661e-05
-1.7775e-06
-200
4.92816e-05
-1.856e-06
-200
2.6502e-05
-2.11558e-06
-200
2.14977e-05
-2.00398e-06
-200
1.88644e-05
-1.67973e-06
1.61843e-05
-1.81992e-06
-200
2.68556e-05
-8.9766e-08
-200
2.79546e-05
2.99793e-07
-200
3.07611e-05
-3.59775e-08
-200
3.38761e-05
-7.03059e-07
-200
3.63629e-05
-1.26602e-06
-200
3.84406e-05
-1.93508e-06
-200
3.97167e-05
-2.31334e-06
-200
4.05479e-05
-2.44502e-06
-200
4.11116e-05
-2.31259e-06
-200
4.15502e-05
-2.17285e-06
-200
4.18664e-05
-1.71343e-06
-200
4.24433e-05
-1.47674e-06
-200
4.34299e-05
-1.47587e-06
-200
2.3366e-05
-1.69595e-06
-200
1.91548e-05
-2.15805e-06
-200
1.71834e-05
-1.97162e-06
1.40988e-05
-1.34048e-06
-200
2.1651e-05
-2.069e-07
-200
2.37406e-05
1.6154e-08
-200
2.6936e-05
-6.60502e-07
-200
2.97442e-05
-1.39665e-06
-200
3.15108e-05
-2.29244e-06
-200
3.29298e-05
-2.80664e-06
-200
3.37859e-05
-3.12952e-06
-200
3.43824e-05
-3.17085e-06
-200
3.47339e-05
-3.00934e-06
-200
3.50158e-05
-2.44952e-06
-200
3.53687e-05
-1.96614e-06
-200
3.59732e-05
-1.56254e-06
-200
3.67249e-05
-1.41969e-06
-200
1.97722e-05
-1.64094e-06
-200
1.65215e-05
-1.7895e-06
-200
1.50162e-05
-1.51465e-06
1.2943e-05
-1.82765e-06
-200
1.54061e-05
3.13471e-07
-200
1.84408e-05
2.03575e-07
-200
2.34538e-05
-7.69126e-07
-200
2.50214e-05
-1.80273e-06
-200
2.5972e-05
-2.38473e-06
-200
2.66379e-05
-3.1003e-06
-200
2.71677e-05
-3.32025e-06
-200
2.74293e-05
-3.32164e-06
-200
2.77122e-05
-2.94675e-06
-200
2.78107e-05
-2.46042e-06
-200
2.83038e-05
-1.87286e-06
-200
2.87993e-05
-1.27954e-06
-200
2.96702e-05
-1.18115e-06
-200
1.58274e-05
-1.44767e-06
-200
1.35512e-05
-1.94886e-06
-200
1.32461e-05
-1.95324e-06
1.16529e-05
-1.54495e-06
-200
7.61326e-06
2.44198e-07
-200
1.29988e-05
-3.65849e-07
-200
2.10356e-05
-1.67774e-06
-200
1.96905e-05
-2.20235e-06
-200
1.98049e-05
-3.23436e-06
-200
1.98022e-05
-3.54541e-06
-200
2.00749e-05
-3.80259e-06
-200
2.01916e-05
-3.64123e-06
-200
2.03717e-05
-3.28737e-06
-200
2.02469e-05
-2.65438e-06
-200
2.08806e-05
-1.85475e-06
-200
2.12975e-05
-1.38711e-06
-200
2.19147e-05
-1.27662e-06
-200
1.13439e-05
-1.61748e-06
-200
9.9052e-06
-1.94551e-06
-200
1.14127e-05
-1.90095e-06
1.1421e-05
-1.95554e-06
-200
6.94319e-06
1.77879e-07
-200
9.14385e-06
-5.19474e-07
-200
1.21126e-05
-1.41283e-06
-200
1.28485e-05
-2.24563e-06
-200
1.28471e-05
-3.14609e-06
-200
1.30488e-05
-3.62073e-06
-200
1.30787e-05
-3.65468e-06
-200
1.31915e-05
-3.50715e-06
-200
1.31726e-05
-2.75575e-06
-200
1.33664e-05
-2.51559e-06
-200
1.37279e-05
-1.60229e-06
-200
1.43114e-05
-1.37005e-06
-200
1.43549e-05
-1.0941e-06
-200
7.35459e-06
-1.769e-06
-200
5.61291e-06
-1.86911e-06
-200
5.5612e-06
-1.9261e-06
6.02049e-06
-1.73149e-06
-200
3.60814e-06
-5.22105e-07
-200
4.59113e-06
-7.15708e-07
-200
5.53026e-06
-1.25209e-06
-200
5.85227e-06
-2.4512e-06
-200
5.90505e-06
-3.04713e-06
-200
5.92383e-06
-3.51344e-06
-200
5.86606e-06
-3.61544e-06
-200
5.88895e-06
-3.10135e-06
-200
5.81246e-06
-2.7143e-06
-200
5.86785e-06
-2.15161e-06
-200
6.03703e-06
-1.57356e-06
-200
6.18427e-06
-9.39435e-07
-200
5.96481e-06
-1.27042e-06
-200
2.49364e-06
-1.70429e-06
-200
1.18759e-06
-1.81401e-06
-200
1.47696e-06
-1.59475e-06
2.47018e-06
-1.60543e-06
-200
-1.19356e-06
-200
-1.66397e-06
-200
-2.45387e-06
-200
-3.28311e-06
-200
-4.22321e-06
-200
-4.53746e-06
-200
-4.64095e-06
-200
-4.3618e-06
-200
-3.77765e-06
-200
-3.1471e-06
-200
-2.71652e-06
-200
-2.35914e-06
-200
-2.51094e-06
-200
-2.81018e-06
-200
-2.85391e-06
-200
-2.56786e-06
-2.32585e-06
-200
4.78134e-05
7.46111e-07
-200
5.02893e-05
7.82003e-07
-200
5.104e-05
9.24457e-07
-200
5.15368e-05
9.98851e-07
-200
5.21934e-05
1.07562e-06
-200
5.31143e-05
9.81111e-07
-200
5.41489e-05
8.03847e-07
-200
5.50603e-05
8.56315e-07
-200
5.61866e-05
6.40626e-07
-200
5.74041e-05
6.79792e-07
-200
5.89962e-05
7.18443e-07
-200
6.0697e-05
1.14831e-06
-200
6.27126e-05
1.14711e-06
-200
3.44681e-05
2.2627e-06
-200
2.74884e-05
2.29898e-06
2.55236e-05
2.59739e-06
-200
4.65226e-05
5.32712e-07
-200
4.85113e-05
7.22097e-07
-200
4.96941e-05
8.54284e-07
-200
5.0453e-05
9.38271e-07
-200
5.12806e-05
9.07834e-07
-200
5.23487e-05
8.03987e-07
-200
5.34194e-05
6.7952e-07
-200
5.45629e-05
3.78737e-07
-200
5.59081e-05
4.45491e-07
-200
5.78342e-05
4.42764e-07
-200
5.97693e-05
5.73326e-07
-200
6.2459e-05
8.34107e-07
-200
6.50453e-05
1.65465e-06
-200
3.52244e-05
1.80987e-06
-200
2.85637e-05
2.36768e-06
2.76949e-05
2.32302e-06
-200
4.47624e-05
8.39849e-07
-200
4.66401e-05
8.43799e-07
-200
4.79191e-05
9.95914e-07
-200
4.88694e-05
1.0005e-06
-200
4.99015e-05
9.29456e-07
-200
5.10272e-05
7.8078e-07
-200
5.22593e-05
5.5066e-07
-200
5.36433e-05
5.20306e-07
-200
5.54928e-05
3.52943e-07
-200
5.7731e-05
5.10711e-07
-200
6.04764e-05
6.92233e-07
-200
6.38021e-05
1.12901e-06
-200
6.73765e-05
1.16538e-06
-200
3.5835e-05
2.12392e-06
-200
2.9713e-05
2.13769e-06
2.89008e-05
2.44786e-06
-200
4.29342e-05
7.20299e-07
-200
4.45415e-05
8.56067e-07
-200
4.58227e-05
9.22677e-07
-200
4.69053e-05
8.99255e-07
-200
4.78938e-05
7.23463e-07
-200
4.90511e-05
5.32593e-07
-200
5.04327e-05
4.45031e-07
-200
5.22259e-05
2.38601e-07
-200
5.44694e-05
4.9513e-07
-200
5.74309e-05
5.93862e-07
-200
6.07981e-05
6.85039e-07
-200
6.47863e-05
9.0319e-07
-200
6.9024e-05
1.59909e-06
-200
3.65547e-05
1.57716e-06
-200
3.061e-05
1.97883e-06
2.95061e-05
1.84904e-06
-200
4.1192e-05
1.05164e-06
-200
4.25083e-05
1.11645e-06
-200
4.37576e-05
1.11334e-06
-200
4.46007e-05
9.77976e-07
-200
4.53786e-05
7.72892e-07
-200
4.63193e-05
5.74648e-07
-200
4.79971e-05
4.50527e-07
-200
5.03277e-05
6.29781e-07
-200
5.33567e-05
6.49381e-07
-200
5.678e-05
9.02731e-07
-200
6.1009e-05
1.02173e-06
-200
6.55656e-05
1.24474e-06
-200
7.06131e-05
1.04401e-06
-200
3.68304e-05
1.84225e-06
-200
3.10036e-05
1.79214e-06
2.92698e-05
1.94564e-06
-200
3.94157e-05
1.03494e-06
-200
4.05926e-05
1.16987e-06
-200
4.17151e-05
1.10952e-06
-200
4.21071e-05
8.91495e-07
-200
4.17967e-05
5.93864e-07
-200
4.24575e-05
4.14721e-07
-200
4.46766e-05
4.70919e-07
-200
4.79443e-05
4.61201e-07
-200
5.16826e-05
9.19848e-07
-200
5.61169e-05
9.88948e-07
-200
6.07902e-05
1.00418e-06
-200
6.59311e-05
9.60972e-07
-200
7.1184e-05
1.51212e-06
-200
3.70733e-05
1.27025e-06
-200
3.08086e-05
1.72772e-06
2.83202e-05
1.43902e-06
-200
3.79543e-05
1.44999e-06
-200
3.91761e-05
1.57247e-06
-200
4.05324e-05
1.36501e-06
-200
3.9965e-05
1.02544e-06
-200
3.70832e-05
7.52407e-07
-200
3.68446e-05
5.67433e-07
-200
4.04942e-05
5.69111e-07
-200
4.53108e-05
9.66157e-07
-200
5.02893e-05
1.02782e-06
-200
5.53361e-05
1.2688e-06
-200
6.04997e-05
1.30059e-06
-200
6.60626e-05
1.33269e-06
-200
7.16628e-05
9.51289e-07
-200
3.68668e-05
1.71212e-06
-200
2.99762e-05
1.62387e-06
2.69966e-05
1.70012e-06
-200
3.60588e-05
1.21953e-06
-200
3.70949e-05
1.46885e-06
-200
4.11759e-05
1.30121e-06
-200
3.90437e-05
9.44725e-07
-200
2.84733e-05
5.37453e-07
-200
2.77029e-05
2.9456e-07
-200
3.56242e-05
3.7379e-07
-200
4.23595e-05
5.47006e-07
-200
4.87502e-05
1.04844e-06
-200
5.43664e-05
1.11295e-06
-200
5.96284e-05
1.01419e-06
-200
6.50722e-05
8.62733e-07
-200
7.06568e-05
1.31201e-06
-200
3.56333e-05
8.8938e-07
-200
2.86247e-05
1.22155e-06
2.51206e-05
1.2561e-06
-200
4.38785e-05
1.33192e-06
-200
4.53557e-05
1.86179e-06
-200
4.48624e-05
1.71401e-06
-200
4.21301e-05
8.95435e-07
-200
4.28049e-05
4.40516e-07
-200
3.59846e-05
2.31814e-07
-200
3.12395e-05
2.37027e-07
-200
3.90011e-05
7.5458e-07
-200
4.65976e-05
9.27039e-07
-200
5.13272e-05
1.22986e-06
-200
5.60488e-05
1.27075e-06
-200
6.06315e-05
1.34703e-06
-200
6.5933e-05
8.66087e-07
-200
3.05148e-05
1.74763e-06
-200
2.34754e-05
1.88266e-06
2.0003e-05
1.79549e-06
-200
4.58603e-05
1.06035e-06
-200
4.96419e-05
3.69937e-06
-200
4.49709e-05
2.00206e-06
-200
4.13874e-05
-3.64237e-07
-200
4.54851e-05
7.15204e-07
-200
4.69045e-05
-1.01422e-07
-200
4.72032e-05
-6.92568e-07
-200
4.63534e-05
-1.64484e-07
-200
4.55048e-05
7.07419e-07
-200
4.75029e-05
8.44818e-07
-200
5.0127e-05
9.06885e-07
-200
5.35047e-05
9.51053e-07
-200
5.74653e-05
2.03662e-06
-200
2.21328e-05
2.32122e-06
-200
1.64085e-05
2.46794e-06
1.52091e-05
1.64726e-06
-200
5.11046e-05
1.13225e-06
-200
4.21297e-05
1.93709e-06
-200
3.7448e-05
2.64889e-06
-200
3.9124e-05
1.74034e-06
-200
4.1155e-05
1.54122e-06
-200
4.93282e-05
-2.56267e-07
-200
5.46385e-05
-1.63544e-06
-200
5.23519e-05
-8.20362e-07
-200
5.21533e-05
-5.11967e-07
-200
5.36443e-05
-3.21335e-07
-200
5.59237e-05
-2.86111e-07
-200
5.87567e-05
1.02931e-07
-200
6.16246e-05
1.59271e-06
-200
2.56339e-05
3.81061e-06
-200
1.58333e-05
3.72858e-06
-200
1.09807e-05
2.60296e-06
1.03973e-05
-200
4.77859e-05
-3.22482e-06
-200
4.0942e-05
2.41263e-06
-200
3.61742e-05
4.1769e-06
-200
3.567e-05
3.08182e-06
-200
4.44221e-05
3.39995e-06
-200
5.37095e-05
-6.00014e-07
-200
5.48357e-05
-3.16069e-06
-200
5.4703e-05
-1.17382e-06
-200
5.51277e-05
-3.73275e-07
-200
5.65957e-05
-3.02244e-07
-200
5.84325e-05
-4.05065e-07
-200
6.07351e-05
-5.56359e-07
-200
6.3099e-05
1.34357e-07
-200
2.84293e-05
8.14066e-07
-200
2.04213e-05
2.47127e-06
-200
1.68831e-05
2.71614e-06
1.46867e-05
2.05786e-06
-200
4.45257e-05
-4.81288e-07
-200
3.93815e-05
9.76026e-07
-200
3.39512e-05
2.67446e-06
-200
3.92006e-05
4.32613e-06
-200
4.96454e-05
1.57592e-06
-200
5.28916e-05
-1.916e-06
-200
5.4595e-05
-1.00428e-06
-200
5.55498e-05
-2.51952e-08
-200
5.67844e-05
8.91481e-08
-200
5.80954e-05
2.28489e-07
-200
5.98454e-05
1.06494e-07
-200
6.17793e-05
7.57427e-08
-200
6.41733e-05
-3.68487e-07
-200
3.11207e-05
-6.42413e-07
-200
2.39833e-05
-2.58963e-07
-200
2.05834e-05
7.49377e-07
1.88206e-05
-5.64749e-07
-200
4.18531e-05
-3.33939e-07
-200
3.80813e-05
4.31906e-07
-200
3.7933e-05
8.04431e-07
-200
4.26506e-05
1.17272e-06
-200
4.80334e-05
3.89279e-07
-200
5.14365e-05
-5.79403e-07
-200
5.38337e-05
-4.33849e-07
-200
5.56674e-05
-3.56107e-07
-200
5.71468e-05
-2.01254e-07
-200
5.86914e-05
-3.47642e-07
-200
6.02016e-05
-5.76949e-07
-200
6.20035e-05
-9.779e-07
-200
6.40846e-05
-1.05703e-06
-200
3.27882e-05
-1.17649e-06
-200
2.64482e-05
-1.42458e-06
-200
2.36912e-05
-2.69837e-06
2.14962e-05
-2.11958e-06
-200
3.86006e-05
1.86382e-07
-200
3.3283e-05
4.56849e-07
-200
3.81718e-05
4.34668e-07
-200
4.63339e-05
8.50922e-08
-200
4.77935e-05
-3.2591e-09
-200
5.02032e-05
-2.02106e-07
-200
5.25707e-05
-3.39241e-07
-200
5.44825e-05
-2.97817e-07
-200
5.61054e-05
-5.94865e-07
-200
5.73843e-05
-7.02876e-07
-200
5.87315e-05
-9.17527e-07
-200
6.0193e-05
-1.10945e-06
-200
6.21208e-05
-1.73739e-06
-200
3.26165e-05
-2.42596e-06
-200
2.61832e-05
-2.49187e-06
-200
2.37726e-05
-1.92572e-06
2.40766e-05
-2.53902e-06
-200
3.63797e-05
-1.13139e-07
-200
3.36958e-05
2.01365e-06
-200
3.74945e-05
5.72592e-08
-200
4.35592e-05
-2.09919e-06
-200
4.61356e-05
-7.96806e-07
-200
4.84873e-05
-6.82898e-07
-200
5.07206e-05
-7.57848e-07
-200
5.25654e-05
-1.00151e-06
-200
5.39916e-05
-1.03694e-06
-200
5.52337e-05
-1.21802e-06
-200
5.62821e-05
-1.37117e-06
-200
5.75083e-05
-1.68879e-06
-200
5.90403e-05
-1.72948e-06
-200
3.13874e-05
-1.76099e-06
-200
2.5655e-05
-2.11684e-06
-200
2.37248e-05
-3.03155e-06
2.15139e-05
-3.6339e-06
-200
3.41513e-05
-8.79709e-08
-200
3.3479e-05
1.70443e-07
-200
3.61863e-05
-1.74491e-07
-200
4.02438e-05
-7.67561e-07
-200
4.32803e-05
-7.93129e-07
-200
4.58523e-05
-9.66867e-07
-200
4.79643e-05
-1.1997e-06
-200
4.96314e-05
-1.30262e-06
-200
5.09486e-05
-1.62329e-06
-200
5.18422e-05
-1.6484e-06
-200
5.27084e-05
-1.75838e-06
-200
5.36194e-05
-1.78788e-06
-200
5.50135e-05
-2.18882e-06
-200
2.95115e-05
-2.67215e-06
-200
2.39033e-05
-2.76961e-06
-200
2.17042e-05
-2.11014e-06
1.87084e-05
-2.57662e-06
-200
3.11926e-05
-7.89197e-07
-200
3.12894e-05
-4.31926e-07
-200
3.36642e-05
-7.14817e-07
-200
3.68754e-05
-1.03315e-06
-200
3.96936e-05
-1.39241e-06
-200
4.2183e-05
-1.70153e-06
-200
4.40586e-05
-1.92193e-06
-200
4.55201e-05
-2.19995e-06
-200
4.65066e-05
-2.19535e-06
-200
4.72803e-05
-2.25782e-06
-200
4.78637e-05
-2.20638e-06
-200
4.85958e-05
-2.3164e-06
-200
4.9639e-05
-2.23008e-06
-200
2.65448e-05
-2.41105e-06
-200
2.18041e-05
-2.33156e-06
-200
1.94862e-05
-2.89443e-06
1.6088e-05
-2.23768e-06
-200
2.72303e-05
-4.98168e-07
-200
2.80471e-05
-5.56196e-07
-200
3.04826e-05
-7.31678e-07
-200
3.31741e-05
-1.08847e-06
-200
3.57001e-05
-1.5981e-06
-200
3.773e-05
-1.99058e-06
-200
3.92748e-05
-2.29797e-06
-200
4.041e-05
-2.3879e-06
-200
4.11957e-05
-2.51965e-06
-200
4.16763e-05
-2.4517e-06
-200
4.21175e-05
-2.29526e-06
-200
4.26774e-05
-2.14274e-06
-200
4.36346e-05
-2.31152e-06
-200
2.32651e-05
-2.37383e-06
-200
1.90524e-05
-2.79724e-06
-200
1.66663e-05
-2.0686e-06
1.41674e-05
-2.17433e-06
-200
2.21803e-05
-9.17349e-07
-200
2.38059e-05
-8.25963e-07
-200
2.65284e-05
-1.22016e-06
-200
2.9103e-05
-1.68611e-06
-200
3.08218e-05
-2.25426e-06
-200
3.24566e-05
-2.67612e-06
-200
3.3497e-05
-2.90093e-06
-200
3.43646e-05
-3.05495e-06
-200
3.48037e-05
-2.97167e-06
-200
3.51905e-05
-2.79095e-06
-200
3.5474e-05
-2.53454e-06
-200
3.60391e-05
-2.39986e-06
-200
3.67874e-05
-2.20501e-06
-200
1.95992e-05
-2.43814e-06
-200
1.61686e-05
-2.41795e-06
-200
1.47042e-05
-2.91207e-06
1.23317e-05
-2.23179e-06
-200
1.60573e-05
-7.14923e-07
-200
1.86092e-05
-9.38157e-07
-200
2.29697e-05
-1.31776e-06
-200
2.47519e-05
-1.95769e-06
-200
2.56644e-05
-2.40291e-06
-200
2.65269e-05
-2.96743e-06
-200
2.71502e-05
-3.13338e-06
-200
2.76472e-05
-3.24783e-06
-200
2.79068e-05
-3.13168e-06
-200
2.80199e-05
-2.89508e-06
-200
2.83504e-05
-2.56752e-06
-200
2.88213e-05
-2.25637e-06
-200
2.95771e-05
-2.33059e-06
-200
1.57349e-05
-2.53696e-06
-200
1.30838e-05
-2.84581e-06
-200
1.2537e-05
-2.29792e-06
1.13268e-05
-2.26521e-06
-200
7.03582e-06
-1.09544e-06
-200
1.26937e-05
-1.34002e-06
-200
2.1601e-05
-1.99525e-06
-200
1.98022e-05
-2.25552e-06
-200
1.98579e-05
-3.1597e-06
-200
1.98532e-05
-3.2976e-06
-200
2.0238e-05
-3.67137e-06
-200
2.02858e-05
-3.55669e-06
-200
2.04842e-05
-3.47596e-06
-200
2.00959e-05
-3.03292e-06
-200
2.08432e-05
-2.70443e-06
-200
2.09214e-05
-2.52349e-06
-200
2.17561e-05
-2.52165e-06
-200
1.12882e-05
-2.73339e-06
-200
9.59372e-06
-2.82533e-06
-200
1.19567e-05
-3.0317e-06
1.17157e-05
-2.39149e-06
-200
6.80311e-06
-1.08e-06
-200
9.00911e-06
-1.41161e-06
-200
1.27713e-05
-1.79575e-06
-200
1.31261e-05
-2.43049e-06
-200
1.33386e-05
-2.93368e-06
-200
1.3399e-05
-3.4127e-06
-200
1.34873e-05
-3.40712e-06
-200
1.35216e-05
-3.45983e-06
-200
1.36412e-05
-3.1951e-06
-200
1.33923e-05
-2.96267e-06
-200
1.37121e-05
-2.5161e-06
-200
1.41929e-05
-2.5704e-06
-200
1.45498e-05
-2.39369e-06
-200
7.53215e-06
-2.91431e-06
-200
5.77049e-06
-2.9822e-06
-200
5.98038e-06
-2.49366e-06
6.48212e-06
-2.30124e-06
-200
4.03386e-06
-1.53262e-06
-200
4.7278e-06
-1.50521e-06
-200
6.07239e-06
-1.73097e-06
-200
6.27791e-06
-2.30876e-06
-200
6.52963e-06
-3.04412e-06
-200
6.46456e-06
-3.10897e-06
-200
6.45404e-06
-3.42517e-06
-200
6.52153e-06
-3.23488e-06
-200
6.30818e-06
-2.95153e-06
-200
6.42411e-06
-2.6601e-06
-200
6.08134e-06
-2.54319e-06
-200
6.77722e-06
-2.12151e-06
-200
6.32747e-06
-2.53812e-06
-200
2.76212e-06
-2.59445e-06
-200
1.67172e-06
-2.65574e-06
-200
2.02284e-06
-2.46534e-06
2.83616e-06
-2.09207e-06
-200
-1.44233e-06
-200
-1.91862e-06
-200
-2.12012e-06
-200
-3.05899e-06
-200
-3.29313e-06
-200
-3.81585e-06
-200
-3.76145e-06
-200
-3.74465e-06
-200
-3.37818e-06
-200
-3.11032e-06
-200
-2.95502e-06
-200
-2.8653e-06
-200
-2.96182e-06
-200
-3.18235e-06
-200
-3.21848e-06
-200
-2.82228e-06
-2.40902e-06
-200
5.20744e-05
-200
5.50049e-05
-200
5.60474e-05
-200
5.68952e-05
-200
5.78708e-05
-200
5.90204e-05
-200
6.0294e-05
-200
6.18514e-05
-200
6.34611e-05
-200
6.51717e-05
-200
6.68318e-05
-200
6.87771e-05
-200
7.05868e-05
-200
4.38694e-05
-200
3.85648e-05
3.71867e-05
-200
5.06505e-05
-200
5.39451e-05
-200
5.52596e-05
-200
5.64074e-05
-200
5.75971e-05
-200
5.89602e-05
-200
6.05141e-05
-200
6.22269e-05
-200
6.42907e-05
-200
6.6397e-05
-200
6.87436e-05
-200
7.13257e-05
-200
7.43161e-05
-200
4.53343e-05
-200
4.14924e-05
4.01243e-05
-200
4.98238e-05
-200
5.25688e-05
-200
5.42009e-05
-200
5.55973e-05
-200
5.70048e-05
-200
5.85339e-05
-200
6.02744e-05
-200
6.23165e-05
-200
6.46432e-05
-200
6.73144e-05
-200
7.03864e-05
-200
7.37703e-05
-200
7.74199e-05
-200
4.75121e-05
-200
4.37879e-05
4.31808e-05
-200
4.87946e-05
-200
5.11247e-05
-200
5.28597e-05
-200
5.43826e-05
-200
5.5841e-05
-200
5.74502e-05
-200
5.94259e-05
-200
6.17511e-05
-200
6.46589e-05
-200
6.79157e-05
-200
7.16579e-05
-200
7.57972e-05
-200
8.04015e-05
-200
4.93493e-05
-200
4.57068e-05
4.51861e-05
-200
4.79483e-05
-200
4.99939e-05
-200
5.16444e-05
-200
5.30656e-05
-200
5.4257e-05
-200
5.58059e-05
-200
5.80422e-05
-200
6.09793e-05
-200
6.44238e-05
-200
6.84579e-05
-200
7.28879e-05
-200
7.77559e-05
-200
8.27029e-05
-200
5.11798e-05
-200
4.7291e-05
4.66274e-05
-200
4.71083e-05
-200
4.89763e-05
-200
5.06373e-05
-200
5.15646e-05
-200
5.18408e-05
-200
5.30499e-05
-200
5.58356e-05
-200
5.95365e-05
-200
6.39788e-05
-200
6.87278e-05
-200
7.37859e-05
-200
7.91836e-05
-200
8.48419e-05
-200
5.23939e-05
-200
4.83151e-05
4.68009e-05
-200
4.66034e-05
-200
4.84752e-05
-200
5.06386e-05
-200
5.05035e-05
-200
4.83344e-05
-200
4.86081e-05
-200
5.26958e-05
-200
5.79378e-05
-200
6.34897e-05
-200
6.89622e-05
-200
7.46503e-05
-200
8.03619e-05
-200
8.61948e-05
-200
5.34315e-05
-200
4.8765e-05
4.63662e-05
-200
4.54426e-05
-200
4.81315e-05
-200
5.27167e-05
-200
5.04943e-05
-200
4.07835e-05
-200
4.06589e-05
-200
4.87239e-05
-200
5.58915e-05
-200
6.29635e-05
-200
6.89524e-05
-200
7.47251e-05
-200
8.06024e-05
-200
8.6799e-05
-200
5.34703e-05
-200
4.81955e-05
4.48127e-05
-200
5.49075e-05
-200
6.02038e-05
-200
5.79538e-05
-200
5.35297e-05
-200
5.67189e-05
-200
4.99639e-05
-200
4.48516e-05
-200
5.37051e-05
-200
6.16192e-05
-200
6.72352e-05
-200
7.22699e-05
-200
7.77782e-05
-200
8.35678e-05
-200
5.0596e-05
-200
4.49993e-05
4.15202e-05
-200
5.83611e-05
-200
6.02066e-05
-200
5.90172e-05
-200
5.81448e-05
-200
6.06043e-05
-200
6.11685e-05
-200
6.12019e-05
-200
6.10207e-05
-200
6.0913e-05
-200
6.32048e-05
-200
6.63309e-05
-200
7.03205e-05
-200
7.67186e-05
-200
4.50018e-05
-200
4.01054e-05
3.77196e-05
-200
5.69961e-05
-200
5.59949e-05
-200
5.44372e-05
-200
5.59453e-05
-200
5.94219e-05
-200
6.45012e-05
-200
6.85279e-05
-200
6.91857e-05
-200
6.9909e-05
-200
7.19219e-05
-200
7.47479e-05
-200
7.74483e-05
-200
7.77784e-05
-200
4.12431e-05
-200
3.65527e-05
3.6139e-05
-200
6.28253e-05
-200
5.17077e-05
-200
4.757e-05
-200
5.21558e-05
-200
5.67724e-05
-200
6.72972e-05
-200
7.46321e-05
-200
7.32773e-05
-200
7.4004e-05
-200
7.5763e-05
-200
7.80854e-05
-200
8.04138e-05
-200
8.24785e-05
-200
4.8207e-05
-200
3.91467e-05
-200
3.43212e-05
3.35241e-05
-200
5.81531e-05
-200
5.19155e-05
-200
4.59609e-05
-200
5.00637e-05
-200
6.39114e-05
-200
7.17663e-05
-200
7.28126e-05
-200
7.35156e-05
-200
7.47273e-05
-200
7.64772e-05
-200
7.84494e-05
-200
8.05344e-05
-200
8.25612e-05
-200
5.03727e-05
-200
4.43323e-05
-200
4.10724e-05
3.86544e-05
-200
5.52115e-05
-200
5.20212e-05
-200
5.15966e-05
-200
5.59458e-05
-200
6.30824e-05
-200
6.83181e-05
-200
7.10893e-05
-200
7.30839e-05
-200
7.49629e-05
-200
7.67685e-05
-200
7.8584e-05
-200
8.04711e-05
-200
8.27437e-05
-200
5.28087e-05
-200
4.72341e-05
-200
4.37318e-05
4.14688e-05
-200
5.25037e-05
-200
4.98563e-05
-200
5.26736e-05
-200
5.8548e-05
-200
6.28124e-05
-200
6.63279e-05
-200
6.91867e-05
-200
7.15459e-05
-200
7.34485e-05
-200
7.51593e-05
-200
7.6735e-05
-200
7.83679e-05
-200
8.01453e-05
-200
5.16705e-05
-200
4.67077e-05
-200
4.39306e-05
4.20496e-05
-200
4.90227e-05
-200
4.47558e-05
-200
5.11207e-05
-200
5.99699e-05
-200
6.11423e-05
-200
6.36382e-05
-200
6.62002e-05
-200
6.83654e-05
-200
7.01724e-05
-200
7.15866e-05
-200
7.28025e-05
-200
7.40035e-05
-200
7.55974e-05
-200
4.8985e-05
-200
4.39018e-05
-200
4.13782e-05
4.1711e-05
-200
4.67662e-05
-200
4.59343e-05
-200
4.95513e-05
-200
5.44545e-05
-200
5.74401e-05
-200
6.01854e-05
-200
6.26331e-05
-200
6.4653e-05
-200
6.61471e-05
-200
6.73274e-05
-200
6.82498e-05
-200
6.92083e-05
-200
7.03735e-05
-200
4.54496e-05
-200
4.10458e-05
-200
3.83333e-05
3.59609e-05
-200
4.29392e-05
-200
4.33894e-05
-200
4.60958e-05
-200
4.95701e-05
-200
5.25848e-05
-200
5.52632e-05
-200
5.74742e-05
-200
5.9163e-05
-200
6.04396e-05
-200
6.12981e-05
-200
6.19433e-05
-200
6.26014e-05
-200
6.36286e-05
-200
4.10781e-05
-200
3.7243e-05
-200
3.39453e-05
3.13232e-05
-200
3.81198e-05
-200
3.90831e-05
-200
4.16296e-05
-200
4.45683e-05
-200
4.71369e-05
-200
4.94413e-05
-200
5.12382e-05
-200
5.26095e-05
-200
5.35046e-05
-200
5.40787e-05
-200
5.45206e-05
-200
5.50318e-05
-200
5.57273e-05
-200
3.5984e-05
-200
3.27047e-05
-200
2.98166e-05
2.71961e-05
-200
3.1764e-05
-200
3.33589e-05
-200
3.61155e-05
-200
3.87379e-05
-200
4.06326e-05
-200
4.24208e-05
-200
4.37339e-05
-200
4.46975e-05
-200
4.53154e-05
-200
4.56846e-05
-200
4.6015e-05
-200
4.64155e-05
-200
4.70541e-05
-200
3.05887e-05
-200
2.75956e-05
-200
2.52924e-05
2.33379e-05
-200
2.42563e-05
-200
2.63087e-05
-200
3.09211e-05
-200
3.23785e-05
-200
3.38349e-05
-200
3.44109e-05
-200
3.56201e-05
-200
3.57727e-05
-200
3.6493e-05
-200
3.63049e-05
-200
3.69599e-05
-200
3.70803e-05
-200
3.77752e-05
-200
2.44589e-05
-200
2.2257e-05
-200
2.14641e-05
2.01155e-05
-200
1.31823e-05
-200
1.88401e-05
-200
2.69544e-05
-200
2.55603e-05
-200
2.55309e-05
-200
2.57612e-05
-200
2.61885e-05
-200
2.62832e-05
-200
2.648e-05
-200
2.64764e-05
-200
2.69e-05
-200
2.7116e-05
-200
2.74773e-05
-200
1.75383e-05
-200
1.62039e-05
-200
1.83339e-05
1.82942e-05
-200
1.07623e-05
-200
1.32122e-05
-200
1.61025e-05
-200
1.70755e-05
-200
1.69207e-05
-200
1.73797e-05
-200
1.72126e-05
-200
1.76451e-05
-200
1.71192e-05
-200
1.77644e-05
-200
1.75268e-05
-200
1.82277e-05
-200
1.78858e-05
-200
1.13883e-05
-200
9.89483e-06
-200
1.033e-05
1.06712e-05
-200
5.76858e-06
-200
6.5785e-06
-200
7.89808e-06
-200
8.25993e-06
-200
8.39028e-06
-200
8.43244e-06
-200
8.43588e-06
-200
8.42944e-06
-200
8.22204e-06
-200
8.35121e-06
-200
8.26485e-06
-200
8.49442e-06
-200
7.9844e-06
-200
4.78757e-06
-200
3.81121e-06
-200
4.15103e-06
4.98474e-06
-200
-200
-200
-200
-200
-200
-200
-200
-200
-200
-200
-200
-200
-200
-200
-200
)
;

boundaryField
{
    frontAndBack
    {
        type            calculated;
        value           uniform 0;
    }
    inlet
    {
        type            calculated;
        value           nonuniform List<scalar> 0();
    }
    outlet
    {
        type            calculated;
        value           nonuniform List<scalar> 0();
    }
    lowerWall
    {
        type            calculated;
        value           uniform 0;
    }
    upperWall
    {
        type            calculated;
        value           uniform 0;
    }
    procBoundary4to1
    {
        type            processor;
        value           nonuniform List<scalar> 
82
(
-1.98405e-05
-4.89181e-05
-4.98551e-05
-5.04573e-05
-5.06625e-05
-5.1069e-05
-5.18356e-05
-5.25471e-05
-5.32004e-05
-5.40082e-05
-5.49143e-05
-5.58743e-05
-5.71191e-05
-5.83274e-05
-3.20875e-05
200
-2.51204e-05
1.84292e-06
-4.87516e-05
-5.15691e-05
-5.15679e-05
-5.18709e-05
-5.22082e-05
-5.28322e-05
-5.36625e-05
-5.46742e-05
-5.57857e-05
-5.65485e-05
-5.78562e-05
-5.86524e-05
-5.9477e-05
-3.29943e-05
-2.53055e-05
-2.2779e-05
-4.95807e-05
-5.14374e-05
-5.1692e-05
-5.19906e-05
-5.27228e-05
-5.34266e-05
-5.42797e-05
-5.52935e-05
-5.60451e-05
-5.69715e-05
-5.78027e-05
-5.88594e-05
-5.94517e-05
-3.33724e-05
-2.59635e-05
-2.29036e-05
-4.88703e-05
-5.13388e-05
-5.14915e-05
-5.18572e-05
-5.23977e-05
-5.3206e-05
-5.42228e-05
-5.51554e-05
-5.59662e-05
-5.68647e-05
-5.7693e-05
-5.8519e-05
-5.96357e-05
-3.36034e-05
-2.62507e-05
-2.29492e-05
-5.33988e-05
-5.55889e-05
-5.62218e-05
-5.68513e-05
-5.76636e-05
-5.86261e-05
-5.96525e-05
-6.08065e-05
-6.19929e-05
-6.32717e-05
-6.45192e-05
-6.57099e-05
-6.7111e-05
-4.2004e-05
-3.58269e-05
-3.38776e-05
)
;
    }
    procBoundary4to2
    {
        type            processor;
        value           uniform -200;
    }
    procBoundary4to3
    {
        type            processor;
        value           nonuniform List<scalar> 
125
(
200
200
200
200
200
200
200
200
200
200
200
200
200
200
200
200
200
200
200
200
200
200
200
200
200
200
200
200
200
200
200
200
200
200
200
200
200
200
200
200
200
200
200
200
200
200
200
200
200
200
200
200
200
200
200
200
200
200
200
200
200
200
200
200
200
200
200
200
200
200
200
200
200
200
200
200
200
200
200
200
200
200
200
200
200
200
200
200
200
200
200
200
200
200
200
200
200
200
200
200
200
200
200
200
200
200
200
200
200
200
200
200
200
200
200
200
200
200
200
200
200
200
200
200
200
)
;
    }
    procBoundary4to5
    {
        type            processor;
        value           nonuniform List<scalar> 
135
(
-200
-200
-200
-200
-200
-200
-2.37614e-05
-200
-1.57313e-07
-200
-200
-200
-200
-200
-200
-200
-200
-200
-200
-200
-200
-200
-200
-200
-200
-200
-200
-200
-200
-200
-200
-200
-200
-200
-2.36558e-05
-200
1.56219e-06
-200
1.79251e-06
-200
-200
-200
-200
-200
-200
-200
-200
-200
-200
-200
-200
-200
-200
-200
-200
-200
-200
-200
-200
-200
-200
-200
-200
-200
-1.25214e-05
-200
2.99012e-06
-200
-200
-200
-200
-200
-200
-200
-200
-200
-200
-200
-200
-200
-200
-200
-200
-200
-200
-200
-200
-200
-200
-200
-200
-200
-1.04844e-05
-200
7.39027e-07
-200
-200
-200
-200
-200
-200
-200
-200
-200
-200
-200
-200
-200
-200
-200
-200
-200
-200
-200
-200
-200
-200
-200
-200
-200
-3.44008e-05
-200
-200
-200
-200
-200
-200
-200
-200
-200
-200
-200
-200
-200
-200
)
;
    }
}


// ************************************************************************* //
