/*--------------------------------*- C++ -*----------------------------------*\
  =========                 |
  \\      /  F ield         | OpenFOAM: The Open Source CFD Toolbox
   \\    /   O peration     | Website:  https://openfoam.org
    \\  /    A nd           | Version:  10
     \\/     M anipulation  |
\*---------------------------------------------------------------------------*/
FoamFile
{
    format      ascii;
    class       volVectorField;
    location    "10";
    object      U;
}
// * * * * * * * * * * * * * * * * * * * * * * * * * * * * * * * * * * * * * //

dimensions      [0 1 -1 0 0 0 0];

internalField   nonuniform List<vector> 
2083
(
(-10 7.73871e-07 1.28611e-07)
(-10 2.41761e-06 9.94037e-08)
(-10 2.46029e-06 1.01306e-07)
(-10 2.47989e-06 1.5212e-07)
(-10 2.4962e-06 1.29272e-07)
(-10 2.52391e-06 7.59633e-08)
(-10 2.56967e-06 9.88246e-08)
(-10 2.6255e-06 5.79668e-08)
(-10 2.68213e-06 4.0786e-08)
(-10 2.74499e-06 -1.56391e-08)
(-10 2.81365e-06 3.09295e-09)
(-10 2.89111e-06 2.11951e-08)
(-10 2.98456e-06 5.16367e-08)
(-10 3.08758e-06 1.17138e-07)
(-10 1.74814e-06 7.72184e-08)
(-10 1.38547e-06 9.41451e-08)
(-10 1.27909e-06 1.49685e-07)
(-10 2.46788e-06 1.1252e-07)
(-10 2.48866e-06 1.25972e-07)
(-10 2.50577e-06 1.06849e-07)
(-10 2.52969e-06 1.35488e-07)
(-10 2.56883e-06 1.34254e-07)
(-10 2.62368e-06 6.97548e-08)
(-10 2.68956e-06 5.91448e-08)
(-10 2.76055e-06 3.45187e-08)
(-10 2.84237e-06 4.05623e-08)
(-10 2.93899e-06 2.91971e-08)
(-10 3.05385e-06 3.36909e-08)
(-10 3.18968e-06 6.58026e-08)
(-10 3.33044e-06 7.59497e-08)
(-10 1.89802e-06 1.6423e-07)
(-10 1.58174e-06 1.54675e-07)
(-10 1.4939e-06 1.66611e-07)
(-10 2.37083e-06 7.03495e-08)
(-10 2.40061e-06 8.07465e-08)
(-10 2.41315e-06 1.30343e-07)
(-10 2.44334e-06 1.10456e-07)
(-10 2.48081e-06 7.34289e-08)
(-10 2.5379e-06 1.01194e-07)
(-10 2.60145e-06 6.38667e-08)
(-10 2.68298e-06 4.78893e-08)
(-10 2.77592e-06 9.27935e-09)
(-10 2.88927e-06 3.24577e-08)
(-10 3.02389e-06 4.82562e-08)
(-10 3.18147e-06 5.62111e-08)
(-10 3.35784e-06 1.07792e-07)
(-10 1.83633e-06 6.58692e-08)
(-10 1.54463e-06 1.3529e-07)
(-10 1.4418e-06 1.37538e-07)
(-10 2.2711e-06 1.11853e-07)
(-10 2.28338e-06 1.28654e-07)
(-10 2.30884e-06 9.43489e-08)
(-10 2.33915e-06 1.16192e-07)
(-10 2.37846e-06 1.21731e-07)
(-10 2.41833e-06 5.14324e-08)
(-10 2.4842e-06 5.87937e-08)
(-10 2.57939e-06 4.7273e-08)
(-10 2.69623e-06 7.74865e-08)
(-10 2.83481e-06 6.7719e-08)
(-10 2.99724e-06 7.10967e-08)
(-10 3.18667e-06 8.98325e-08)
(-10 3.39686e-06 7.06479e-08)
(-10 1.82444e-06 1.68255e-07)
(-10 1.52964e-06 1.34308e-07)
(-10 1.44644e-06 1.37152e-07)
(-10 2.16328e-06 7.62047e-08)
(-10 2.18181e-06 5.98215e-08)
(-10 2.21356e-06 1.10306e-07)
(-10 2.25191e-06 7.50571e-08)
(-10 2.27766e-06 3.56756e-08)
(-10 2.27977e-06 7.3806e-08)
(-10 2.34422e-06 5.46826e-08)
(-10 2.47629e-06 5.59049e-08)
(-10 2.63214e-06 3.58613e-08)
(-10 2.79964e-06 6.67801e-08)
(-10 2.9937e-06 7.9626e-08)
(-10 3.20938e-06 6.85052e-08)
(-10 3.45278e-06 1.08899e-07)
(-10 1.82415e-06 4.2224e-08)
(-10 1.54955e-06 1.00924e-07)
(-10 1.4462e-06 1.0389e-07)
(-10 2.03103e-06 6.93227e-08)
(-10 2.05711e-06 1.15181e-07)
(-10 2.09648e-06 4.67422e-08)
(-10 2.18186e-06 4.36269e-08)
(-10 2.15814e-06 3.80436e-08)
(-10 2.02218e-06 4.87586e-09)
(-10 2.10551e-06 4.73937e-08)
(-10 2.35033e-06 4.93087e-08)
(-10 2.54614e-06 8.68037e-08)
(-10 2.74027e-06 7.61088e-08)
(-10 2.95221e-06 6.7522e-08)
(-10 3.18102e-06 6.61923e-08)
(-10 3.42948e-06 2.45933e-08)
(-10 1.76311e-06 1.14503e-07)
(-10 1.42245e-06 3.54714e-08)
(-10 1.31671e-06 2.73328e-08)
(-10 1.9517e-06 3.58053e-09)
(-10 1.96215e-06 3.94054e-08)
(-10 1.99787e-06 5.81785e-08)
(-10 1.82663e-06 -7.48308e-08)
(-10 1.71454e-06 -1.13705e-07)
(-10 1.9172e-06 8.08136e-08)
(-10 2.13904e-06 9.7533e-08)
(-10 2.35356e-06 5.06356e-08)
(-10 2.55315e-06 2.42168e-08)
(-10 2.7659e-06 4.55065e-08)
(-10 2.98136e-06 3.74113e-08)
(-10 3.20981e-06 1.37212e-08)
(-10 3.44869e-06 3.23387e-08)
(-10 1.7065e-06 -1.03789e-07)
(-10 1.40466e-06 -2.09431e-08)
(-10 1.30472e-06 1.34206e-08)
(-10 1.10098e-06 -3.25791e-08)
(-10 1.92866e-06 7.47889e-09)
(-10 1.85686e-06 1.5187e-08)
(-10 1.60142e-06 -2.02639e-08)
(-10 1.25437e-06 -1.94199e-09)
(-10 1.35131e-06 6.24709e-09)
(-10 1.82243e-06 -3.28476e-08)
(-10 2.18209e-06 1.20608e-08)
(-10 2.35232e-06 1.90952e-08)
(-10 2.55817e-06 6.31923e-08)
(-10 2.76472e-06 3.68522e-08)
(-10 2.96545e-06 2.1275e-08)
(-10 3.14935e-06 2.91095e-09)
(-10 3.3373e-06 -7.41505e-08)
(-10 1.5695e-06 -1.30289e-09)
(-10 1.19576e-06 -8.94403e-09)
(-10 1.02406e-06 -3.08042e-08)
(-10 8.15559e-07 5.9433e-08)
(-10 2.11802e-06 7.99944e-10)
(-10 1.85143e-06 -8.81765e-08)
(-10 1.51269e-06 2.81005e-08)
(-10 1.36264e-06 7.1284e-08)
(-10 1.53854e-06 -3.33673e-08)
(-10 1.76673e-06 -6.58089e-09)
(-10 2.04448e-06 -1.98368e-08)
(-10 2.317e-06 1.17386e-08)
(-10 2.54483e-06 -2.70161e-09)
(-10 2.72098e-06 1.32596e-08)
(-10 2.87376e-06 1.18956e-08)
(-10 2.95701e-06 -1.52564e-08)
(-10 3.05566e-06 2.10275e-08)
(-10 1.21999e-06 1.20302e-08)
(-10 8.30734e-07 -6.60524e-08)
(-10 6.86675e-07 6.52127e-08)
(-10 5.72156e-07 -4.047e-08)
(-10 2.36983e-06 -4.04686e-08)
(-10 2.03295e-06 -2.15291e-08)
(-10 1.79611e-06 -5.80586e-09)
(-10 1.85469e-06 3.46118e-08)
(-10 1.99886e-06 1.8478e-08)
(-10 2.03453e-06 -6.96486e-08)
(-10 2.05389e-06 -3.60728e-08)
(-10 2.22069e-06 -2.58703e-08)
(-10 2.41429e-06 7.7462e-09)
(-10 2.49834e-06 -8.15158e-09)
(-10 2.56245e-06 -1.08461e-08)
(-10 2.68824e-06 3.11012e-08)
(-10 2.85907e-06 -2.60158e-08)
(-10 1.06145e-06 3.36806e-08)
(-10 7.05064e-07 5.02498e-08)
(-10 5.88746e-07 -2.00673e-07)
(-10 5.78023e-07 6.19964e-09)
(-10 2.44997e-06 -1.23807e-08)
(-10 2.23248e-06 -2.54211e-08)
(-10 2.00237e-06 3.3574e-08)
(-10 2.12755e-06 1.60388e-08)
(-10 2.34131e-06 -3.59584e-08)
(-10 2.30416e-06 1.01485e-08)
(-10 2.21624e-06 -2.83593e-09)
(-10 2.16607e-06 -3.60137e-08)
(-10 2.20629e-06 -1.12244e-07)
(-10 2.29857e-06 -6.70185e-08)
(-10 2.41945e-06 -3.02511e-08)
(-10 2.64047e-06 -3.2978e-08)
(-10 2.9142e-06 2.16083e-09)
(-10 1.19749e-06 6.75144e-09)
(-10 8.81315e-07 -1.4652e-07)
(-10 7.90761e-07 2.46589e-08)
(-10 7.49416e-07 -1.0775e-07)
(-10 2.44243e-06 -4.67897e-08)
(-10 2.30208e-06 -5.02789e-08)
(-10 2.20444e-06 -3.97606e-08)
(-10 2.25269e-06 -1.69832e-08)
(-10 2.35985e-06 3.53979e-09)
(-10 2.39552e-06 -3.38905e-08)
(-10 2.38757e-06 3.95688e-10)
(-10 2.3194e-06 -4.90493e-09)
(-10 2.30199e-06 1.31865e-08)
(-10 2.43577e-06 -2.31577e-08)
(-10 2.63073e-06 -2.73914e-08)
(-10 2.81789e-06 -3.55051e-08)
(-10 3.02994e-06 -1.17374e-07)
(-10 1.34898e-06 -1.38778e-08)
(-10 1.0256e-06 -6.33441e-09)
(-10 9.46644e-07 -2.52195e-07)
(-10 8.68376e-07 -5.85552e-08)
(-10 2.3846e-06 -4.17134e-08)
(-10 2.28301e-06 -7.81068e-08)
(-10 2.25226e-06 -3.33691e-08)
(-10 2.30084e-06 -4.55601e-08)
(-10 2.37969e-06 -5.25776e-08)
(-10 2.44416e-06 2.56545e-08)
(-10 2.48497e-06 1.2253e-08)
(-10 2.51445e-06 1.43712e-08)
(-10 2.55705e-06 -2.77654e-08)
(-10 2.64921e-06 -2.88597e-08)
(-10 2.776e-06 -3.55594e-08)
(-10 2.9216e-06 -6.70748e-08)
(-10 3.09345e-06 -3.14585e-08)
(-10 1.44275e-06 -3.78748e-08)
(-10 1.13901e-06 -1.73991e-07)
(-10 1.03469e-06 -1.49925e-08)
(-10 9.41543e-07 -1.3793e-07)
(-10 2.27191e-06 -7.77348e-08)
(-10 2.19646e-06 -5.88813e-08)
(-10 2.22722e-06 -7.15779e-08)
(-10 2.33162e-06 -3.91499e-08)
(-10 2.40827e-06 1.26247e-08)
(-10 2.47737e-06 -1.55259e-08)
(-10 2.53776e-06 5.86841e-09)
(-10 2.59869e-06 -2.01791e-08)
(-10 2.65484e-06 3.96758e-09)
(-10 2.7313e-06 -2.23601e-08)
(-10 2.82761e-06 -4.12011e-08)
(-10 2.94171e-06 -4.60043e-08)
(-10 3.08072e-06 -7.18168e-08)
(-10 1.49944e-06 -4.92409e-08)
(-10 1.18475e-06 -3.18614e-08)
(-10 1.08976e-06 -2.41194e-07)
(-10 9.90115e-07 -7.18366e-08)
(-10 2.11224e-06 -5.23421e-08)
(-10 1.97205e-06 -5.90878e-08)
(-10 2.14771e-06 -2.75255e-08)
(-10 2.40908e-06 -5.04324e-08)
(-10 2.43128e-06 -4.74917e-08)
(-10 2.47748e-06 1.65022e-08)
(-10 2.54229e-06 -3.4249e-09)
(-10 2.60012e-06 -1.17336e-08)
(-10 2.65779e-06 -5.10885e-08)
(-10 2.72095e-06 -3.91033e-08)
(-10 2.7941e-06 -4.62262e-08)
(-10 2.88466e-06 -5.98098e-08)
(-10 2.99615e-06 -5.05716e-08)
(-10 1.4821e-06 -5.67093e-08)
(-10 1.18137e-06 -1.51411e-07)
(-10 1.08294e-06 -7.58747e-09)
(-10 1.06012e-06 -1.36375e-07)
(-10 1.95412e-06 -5.27723e-08)
(-10 1.82945e-06 2.9581e-08)
(-10 2.05143e-06 -4.81507e-08)
(-10 2.35717e-06 -9.00551e-08)
(-10 2.37971e-06 -4.8468e-09)
(-10 2.42413e-06 -3.12125e-08)
(-10 2.48614e-06 -2.41221e-08)
(-10 2.53893e-06 -4.43477e-08)
(-10 2.592e-06 -2.06287e-08)
(-10 2.64412e-06 -3.77787e-08)
(-10 2.70487e-06 -3.55703e-08)
(-10 2.77938e-06 -3.03044e-08)
(-10 2.86655e-06 -3.62256e-08)
(-10 1.44743e-06 -3.95091e-08)
(-10 1.14724e-06 -2.06822e-08)
(-10 1.0743e-06 -1.82151e-07)
(-10 1.04744e-06 -8.73083e-08)
(-10 1.83352e-06 -4.58263e-08)
(-10 1.80799e-06 -3.66421e-08)
(-10 1.95412e-06 -1.21696e-08)
(-10 2.15579e-06 -4.20676e-08)
(-10 2.24685e-06 -5.95011e-08)
(-10 2.31513e-06 -2.19865e-08)
(-10 2.37167e-06 -4.85231e-08)
(-10 2.42338e-06 -5.61145e-08)
(-10 2.4717e-06 -7.69993e-08)
(-10 2.5229e-06 -6.03616e-08)
(-10 2.57436e-06 -4.25058e-08)
(-10 2.63456e-06 -4.82116e-08)
(-10 2.71099e-06 -4.19058e-08)
(-10 1.40208e-06 -5.09744e-08)
(-10 1.12304e-06 -9.75494e-08)
(-10 1.01387e-06 2.89501e-08)
(-10 9.34411e-07 -8.26765e-08)
(-10 1.67458e-06 -6.35768e-08)
(-10 1.70781e-06 -2.4531e-08)
(-10 1.83087e-06 -4.33768e-08)
(-10 1.97107e-06 -3.4803e-08)
(-10 2.07045e-06 -2.57256e-08)
(-10 2.14705e-06 -7.26036e-08)
(-10 2.20866e-06 -7.91024e-08)
(-10 2.26004e-06 -8.79398e-08)
(-10 2.30759e-06 -6.0814e-08)
(-10 2.3448e-06 -5.43479e-08)
(-10 2.39038e-06 -4.25248e-08)
(-10 2.43959e-06 -2.1994e-08)
(-10 2.51706e-06 -3.89374e-08)
(-10 1.33349e-06 -3.88397e-08)
(-10 1.06903e-06 -1.79957e-08)
(-10 9.8675e-07 -1.11074e-07)
(-10 8.61604e-07 -5.32757e-09)
(-10 1.43291e-06 -4.30342e-08)
(-10 1.51615e-06 -3.83193e-08)
(-10 1.68069e-06 -2.49248e-08)
(-10 1.79597e-06 -5.54744e-08)
(-10 1.8821e-06 -9.67172e-08)
(-10 1.94773e-06 -8.45491e-08)
(-10 2.00506e-06 -1.0585e-07)
(-10 2.04706e-06 -9.99388e-08)
(-10 2.08099e-06 -1.05674e-07)
(-10 2.11402e-06 -7.09033e-08)
(-10 2.14822e-06 -4.6942e-08)
(-10 2.19718e-06 -3.47007e-08)
(-10 2.26452e-06 -2.43649e-08)
(-10 1.22651e-06 -4.36334e-08)
(-10 1.01558e-06 -6.43837e-08)
(-10 9.20961e-07 4.31463e-08)
(-10 8.23787e-07 -4.29569e-08)
(-10 1.0769e-06 -3.29558e-08)
(-10 1.29188e-06 -2.40389e-08)
(-10 1.58459e-06 -7.39391e-08)
(-10 1.62343e-06 -8.48688e-08)
(-10 1.6687e-06 -8.68471e-08)
(-10 1.72034e-06 -1.26816e-07)
(-10 1.75816e-06 -1.23338e-07)
(-10 1.79131e-06 -1.20343e-07)
(-10 1.81188e-06 -7.73006e-08)
(-10 1.83639e-06 -6.08971e-08)
(-10 1.86345e-06 -3.33454e-08)
(-10 1.9085e-06 -7.44872e-09)
(-10 1.97513e-06 -3.11928e-08)
(-10 1.08994e-06 -2.92269e-08)
(-10 9.21563e-07 1.40294e-09)
(-10 9.56162e-07 -8.08936e-08)
(-10 8.42718e-07 -1.00397e-08)
(-10 8.19573e-07 4.24957e-08)
(-10 1.0493e-06 -3.37889e-08)
(-10 1.36644e-06 -1.31295e-07)
(-10 1.38548e-06 -1.20015e-07)
(-10 1.41095e-06 -1.44371e-07)
(-10 1.44407e-06 -1.36441e-07)
(-10 1.46851e-06 -1.3731e-07)
(-10 1.48853e-06 -1.19833e-07)
(-10 1.50109e-06 -1.04125e-07)
(-10 1.51706e-06 -6.60416e-08)
(-10 1.54368e-06 -2.6051e-08)
(-10 1.58782e-06 -1.31185e-08)
(-10 1.64157e-06 4.95364e-09)
(-10 9.17418e-07 -2.42871e-08)
(-10 8.21525e-07 -4.95817e-08)
(-10 8.2013e-07 -2.77773e-08)
(-10 7.73187e-07 -8.00526e-08)
(-10 7.20477e-07 -2.08246e-08)
(-10 8.09278e-07 -4.45154e-08)
(-10 1.02712e-06 -1.09867e-07)
(-10 1.09724e-06 -1.29653e-07)
(-10 1.12844e-06 -1.34888e-07)
(-10 1.15094e-06 -1.53623e-07)
(-10 1.17053e-06 -1.46189e-07)
(-10 1.17327e-06 -1.28979e-07)
(-10 1.18883e-06 -8.78486e-08)
(-10 1.18055e-06 -6.89239e-08)
(-10 1.23105e-06 -2.64747e-08)
(-10 1.2613e-06 -3.0802e-09)
(-10 1.3334e-06 -1.59969e-08)
(-10 7.40398e-07 -2.67407e-08)
(-10 6.28596e-07 6.93316e-09)
(-10 6.66228e-07 -4.60941e-08)
(-10 5.62776e-07 -2.32431e-08)
(-10 4.96807e-07 -6.91324e-08)
(-10 6.28653e-07 -7.72288e-08)
(-10 7.15106e-07 -1.09773e-07)
(-10 7.94753e-07 -1.42306e-07)
(-10 8.20196e-07 -1.68563e-07)
(-10 8.43415e-07 -1.70161e-07)
(-10 8.47647e-07 -1.65591e-07)
(-10 8.5848e-07 -1.41844e-07)
(-10 8.39315e-07 -1.17143e-07)
(-10 8.9199e-07 -8.07125e-08)
(-10 8.97998e-07 -6.13095e-08)
(-10 9.66003e-07 -3.33065e-08)
(-10 9.69765e-07 -2.05249e-08)
(-10 5.51379e-07 -3.63765e-08)
(-10 4.87866e-07 -5.2267e-08)
(-10 3.40179e-07 -2.42654e-08)
(-10 3.71692e-07 -3.42297e-08)
(-10 1.6048e-07 -8.28465e-08)
(-10 1.85348e-07 -1.23192e-07)
(-10 2.09453e-07 -1.21023e-07)
(-10 2.46455e-07 -1.70081e-07)
(-10 2.33351e-07 -1.39466e-07)
(-10 2.40558e-07 -1.86574e-07)
(-10 2.37778e-07 -1.51059e-07)
(-10 2.45635e-07 -1.58903e-07)
(-10 2.37367e-07 -1.2174e-07)
(-10 2.90079e-07 -9.44308e-08)
(-10 2.99018e-07 -7.46849e-08)
(-10 3.55422e-07 -5.10709e-08)
(-10 3.44874e-07 -4.05537e-08)
(-10 8.47422e-08 -6.09153e-08)
(-10 -6.29554e-08 -4.23466e-08)
(-10 -1.26802e-08 -4.99825e-08)
(-10 2.51929e-08 -5.05645e-08)
(-10 3.44726e-08 -1.0063e-07)
(-10 -4.00703e-08 -1.10553e-07)
(-10 -1.65065e-08 -1.39134e-07)
(-10 -3.36828e-08 -1.57801e-07)
(-10 -3.34763e-08 -1.61967e-07)
(-10 -5.12855e-08 -1.79348e-07)
(-10 -4.26017e-08 -1.6982e-07)
(-10 -4.963e-08 -1.56297e-07)
(-10 -3.11267e-08 -1.3316e-07)
(-10 -3.94362e-08 -1.19635e-07)
(-10 6.1448e-09 -8.30143e-08)
(-10 -4.48073e-10 -6.30959e-08)
(-10 -1.74347e-09 -6.11103e-08)
(-10 -8.8683e-08 -6.39532e-08)
(-10 -9.73736e-08 -6.68816e-08)
(-10 -7.94106e-08 -6.34405e-08)
(-10 -4.57186e-08 -5.8543e-08)
(-10 2.37904e-06 1.89386e-07)
(-10 2.54837e-06 2.02765e-07)
(-10 2.55185e-06 2.63744e-07)
(-10 2.55903e-06 2.52065e-07)
(-10 2.57944e-06 2.33248e-07)
(-10 2.63687e-06 2.14844e-07)
(-10 2.68067e-06 1.66898e-07)
(-10 2.74731e-06 6.91021e-08)
(-10 2.81852e-06 6.98891e-08)
(-10 2.88131e-06 8.53989e-08)
(-10 2.98981e-06 9.33227e-08)
(-10 3.06436e-06 1.65631e-07)
(-10 3.16558e-06 2.81934e-07)
(-10 1.80877e-06 2.36099e-07)
(-10 1.41868e-06 2.84145e-07)
(-10 1.33194e-06 2.46397e-07)
(-10 2.47183e-06 2.21216e-07)
(-10 2.51883e-06 2.08755e-07)
(-10 2.54983e-06 2.03521e-07)
(-10 2.5668e-06 2.26802e-07)
(-10 2.60729e-06 2.31681e-07)
(-10 2.65285e-06 1.86222e-07)
(-10 2.71845e-06 1.50509e-07)
(-10 2.77425e-06 1.12451e-07)
(-10 2.84989e-06 7.83106e-08)
(-10 2.95184e-06 7.4029e-08)
(-10 3.05422e-06 1.22441e-07)
(-10 3.24685e-06 1.73409e-07)
(-10 3.40009e-06 2.11127e-07)
(-10 1.96018e-06 3.30084e-07)
(-10 1.67262e-06 2.50423e-07)
(-10 1.52716e-06 3.51132e-07)
(-10 2.36443e-06 1.55794e-07)
(-10 2.40318e-06 1.68579e-07)
(-10 2.44268e-06 2.24599e-07)
(-10 2.47474e-06 1.84045e-07)
(-10 2.53274e-06 1.6872e-07)
(-10 2.58906e-06 1.79691e-07)
(-10 2.64062e-06 1.42289e-07)
(-10 2.69752e-06 8.34459e-08)
(-10 2.77201e-06 8.25504e-08)
(-10 2.8774e-06 1.09555e-07)
(-10 3.02004e-06 9.05463e-08)
(-10 3.21825e-06 1.40942e-07)
(-10 3.41445e-06 2.17732e-07)
(-10 1.95228e-06 1.55554e-07)
(-10 1.58839e-06 2.73627e-07)
(-10 1.59132e-06 1.96177e-07)
(-10 2.24402e-06 1.96989e-07)
(-10 2.27527e-06 2.01356e-07)
(-10 2.32534e-06 1.72586e-07)
(-10 2.37645e-06 1.97085e-07)
(-10 2.43952e-06 1.85018e-07)
(-10 2.48847e-06 1.19562e-07)
(-10 2.53748e-06 9.63886e-08)
(-10 2.59622e-06 1.0466e-07)
(-10 2.68313e-06 1.05859e-07)
(-10 2.80945e-06 1.07109e-07)
(-10 2.98826e-06 1.49196e-07)
(-10 3.21744e-06 1.71135e-07)
(-10 3.47691e-06 1.45718e-07)
(-10 1.8707e-06 2.63757e-07)
(-10 1.64501e-06 1.9596e-07)
(-10 1.57339e-06 2.7553e-07)
(-10 2.13314e-06 1.45304e-07)
(-10 2.16158e-06 1.39101e-07)
(-10 2.22207e-06 1.79749e-07)
(-10 2.2803e-06 1.30053e-07)
(-10 2.32843e-06 9.56595e-08)
(-10 2.35998e-06 9.33289e-08)
(-10 2.40892e-06 8.79586e-08)
(-10 2.48616e-06 6.40178e-08)
(-10 2.60393e-06 1.07967e-07)
(-10 2.76378e-06 1.34241e-07)
(-10 2.97788e-06 9.84279e-08)
(-10 3.24088e-06 1.13967e-07)
(-10 3.51056e-06 1.77047e-07)
(-10 1.9178e-06 1.31878e-07)
(-10 1.62525e-06 2.02353e-07)
(-10 1.53035e-06 1.41429e-07)
(-10 2.00947e-06 1.55669e-07)
(-10 2.05529e-06 1.82777e-07)
(-10 2.11852e-06 1.09395e-07)
(-10 2.16016e-06 9.57261e-08)
(-10 2.15366e-06 6.29198e-08)
(-10 2.17073e-06 4.43066e-08)
(-10 2.24677e-06 7.36146e-08)
(-10 2.37516e-06 1.12893e-07)
(-10 2.53107e-06 1.20259e-07)
(-10 2.74055e-06 1.29738e-07)
(-10 2.98426e-06 1.55274e-07)
(-10 3.26983e-06 1.1879e-07)
(-10 3.56947e-06 1.17836e-07)
(-10 1.90023e-06 1.87573e-07)
(-10 1.56639e-06 1.43834e-07)
(-10 1.47676e-06 1.33194e-07)
(-10 1.92011e-06 1.19322e-07)
(-10 1.96241e-06 1.44801e-07)
(-10 2.06782e-06 1.21655e-07)
(-10 1.96227e-06 -3.85206e-08)
(-10 1.84161e-06 -7.48718e-08)
(-10 1.98379e-06 1.08043e-07)
(-10 2.14572e-06 1.52824e-07)
(-10 2.32677e-06 9.04464e-08)
(-10 2.53339e-06 1.23779e-07)
(-10 2.78377e-06 1.46571e-07)
(-10 3.05765e-06 8.41863e-08)
(-10 3.35101e-06 9.23828e-08)
(-10 3.65724e-06 1.13e-07)
(-10 1.9539e-06 1.15226e-07)
(-10 1.6515e-06 1.23894e-07)
(-10 1.46862e-06 1.12402e-07)
(-10 1.85448e-06 7.06368e-08)
(-10 1.81796e-06 8.33773e-08)
(-10 1.75262e-06 -2.46825e-08)
(-10 1.62892e-06 6.27446e-08)
(-10 1.59043e-06 7.25531e-08)
(-10 1.78e-06 -2.17189e-08)
(-10 2.0617e-06 1.12891e-08)
(-10 2.29472e-06 7.23814e-08)
(-10 2.55702e-06 9.34683e-08)
(-10 2.82683e-06 9.10871e-08)
(-10 3.10991e-06 9.82171e-08)
(-10 3.3848e-06 6.47912e-08)
(-10 3.65812e-06 -1.19197e-08)
(-10 1.95037e-06 9.97123e-08)
(-10 1.55782e-06 1.07274e-07)
(-10 1.46094e-06 -3.42435e-08)
(-10 1.19198e-06 1.33084e-07)
(-10 2.06355e-06 6.5119e-09)
(-10 1.92909e-06 -4.89306e-08)
(-10 1.6894e-06 1.90706e-07)
(-10 1.57236e-06 2.485e-07)
(-10 1.65108e-06 -3.99023e-08)
(-10 1.75885e-06 -1.35657e-07)
(-10 1.98473e-06 -6.98993e-08)
(-10 2.2697e-06 -2.97218e-08)
(-10 2.55021e-06 3.81599e-08)
(-10 2.81112e-06 5.88298e-08)
(-10 3.05879e-06 2.01069e-08)
(-10 3.28732e-06 6.56432e-09)
(-10 3.48697e-06 4.27041e-08)
(-10 1.6432e-06 4.7333e-08)
(-10 1.30796e-06 9.35661e-08)
(-10 1.13582e-06 8.12648e-08)
(-10 8.35706e-07 -4.11813e-08)
(-10 2.37636e-06 -8.87791e-08)
(-10 2.20083e-06 6.28119e-08)
(-10 1.95524e-06 1.77848e-07)
(-10 1.91896e-06 2.35544e-07)
(-10 2.08715e-06 1.59887e-08)
(-10 2.10504e-06 -2.12365e-07)
(-10 2.1067e-06 -2.08415e-07)
(-10 2.24114e-06 -1.21531e-07)
(-10 2.43402e-06 -6.8528e-08)
(-10 2.62928e-06 -5.48665e-08)
(-10 2.81182e-06 -2.66921e-08)
(-10 3.00675e-06 2.59811e-09)
(-10 3.21391e-06 -1.95395e-08)
(-10 1.49427e-06 1.88893e-07)
(-10 1.03617e-06 3.47897e-08)
(-10 9.46858e-07 7.65908e-08)
(-10 7.71761e-07 1.11927e-07)
(-10 2.45206e-06 -4.92232e-08)
(-10 2.28015e-06 7.53384e-09)
(-10 2.06872e-06 2.30355e-07)
(-10 2.16288e-06 2.10765e-07)
(-10 2.39113e-06 -6.29553e-08)
(-10 2.3924e-06 -1.3721e-07)
(-10 2.34025e-06 -8.02599e-08)
(-10 2.34752e-06 -9.73131e-08)
(-10 2.44357e-06 -1.09353e-07)
(-10 2.58544e-06 -5.67874e-08)
(-10 2.72632e-06 -5.33037e-08)
(-10 2.9144e-06 -4.30662e-08)
(-10 3.19439e-06 -9.0463e-09)
(-10 1.40898e-06 -1.3055e-07)
(-10 1.19997e-06 7.80434e-08)
(-10 1.05497e-06 2.05349e-08)
(-10 8.98121e-07 -1.79044e-07)
(-10 2.43689e-06 -1.04658e-07)
(-10 2.29422e-06 -4.6143e-08)
(-10 2.19047e-06 7.11576e-08)
(-10 2.23502e-06 4.53328e-08)
(-10 2.39035e-06 -1.0019e-07)
(-10 2.4888e-06 -1.23754e-07)
(-10 2.54535e-06 -6.82399e-08)
(-10 2.61132e-06 -1.31242e-08)
(-10 2.7129e-06 -5.07815e-08)
(-10 2.83068e-06 -7.06304e-08)
(-10 2.96268e-06 -5.56192e-08)
(-10 3.11919e-06 -9.88031e-08)
(-10 3.2883e-06 -1.99901e-07)
(-10 1.63404e-06 -2.33354e-08)
(-10 1.12749e-06 -1.10488e-07)
(-10 1.14448e-06 -9.09456e-08)
(-10 1.0019e-06 -1.05151e-07)
(-10 2.40821e-06 -7.3396e-08)
(-10 2.28722e-06 -1.14215e-07)
(-10 2.24009e-06 -1.0185e-08)
(-10 2.30498e-06 -2.42338e-08)
(-10 2.44666e-06 -7.61371e-08)
(-10 2.5749e-06 -2.31557e-08)
(-10 2.70107e-06 4.2795e-09)
(-10 2.80937e-06 -1.05494e-08)
(-10 2.91228e-06 -1.51448e-08)
(-10 3.00122e-06 -3.47848e-08)
(-10 3.0983e-06 -8.41627e-08)
(-10 3.21494e-06 -1.23734e-07)
(-10 3.36384e-06 -1.15673e-07)
(-10 1.58725e-06 -2.00041e-07)
(-10 1.35124e-06 -1.09539e-07)
(-10 1.12737e-06 -9.42596e-08)
(-10 1.02719e-06 -3.40322e-07)
(-10 2.32104e-06 -1.4021e-07)
(-10 2.21883e-06 -1.07275e-07)
(-10 2.23908e-06 -1.05721e-07)
(-10 2.33998e-06 -6.70475e-08)
(-10 2.48949e-06 -4.13932e-08)
(-10 2.6403e-06 -4.0167e-08)
(-10 2.78634e-06 -2.5928e-08)
(-10 2.91621e-06 -2.86374e-09)
(-10 2.99996e-06 -5.45927e-08)
(-10 3.06627e-06 -8.78474e-08)
(-10 3.13325e-06 -8.97017e-08)
(-10 3.21727e-06 -1.33642e-07)
(-10 3.30516e-06 -2.38248e-07)
(-10 1.71182e-06 -1.36702e-07)
(-10 1.29171e-06 -1.3043e-07)
(-10 1.20075e-06 -1.88422e-07)
(-10 1.04798e-06 -1.57503e-07)
(-10 2.18372e-06 -9.3539e-08)
(-10 2.08767e-06 -1.11628e-07)
(-10 2.18305e-06 -5.06351e-08)
(-10 2.38105e-06 -7.63414e-08)
(-10 2.52563e-06 -5.65794e-08)
(-10 2.67746e-06 -9.2139e-09)
(-10 2.82068e-06 -1.55533e-08)
(-10 2.93003e-06 -5.871e-08)
(-10 2.99731e-06 -7.60123e-08)
(-10 3.04257e-06 -7.59606e-08)
(-10 3.08426e-06 -1.19865e-07)
(-10 3.14035e-06 -1.41342e-07)
(-10 3.21393e-06 -1.24044e-07)
(-10 1.61649e-06 -1.25065e-07)
(-10 1.32961e-06 -1.67955e-07)
(-10 1.15946e-06 -1.25139e-07)
(-10 1.00895e-06 -3.15206e-07)
(-10 2.00823e-06 -1.15641e-07)
(-10 1.84796e-06 1.08346e-08)
(-10 2.07557e-06 -8.99311e-08)
(-10 2.42625e-06 -1.33175e-07)
(-10 2.5267e-06 -4.87653e-08)
(-10 2.64962e-06 -5.68102e-08)
(-10 2.77456e-06 -7.48852e-08)
(-10 2.8556e-06 -8.36684e-08)
(-10 2.90253e-06 -1.06869e-07)
(-10 2.93001e-06 -1.2387e-07)
(-10 2.95275e-06 -9.61625e-08)
(-10 2.98391e-06 -1.15374e-07)
(-10 3.01597e-06 -1.70613e-07)
(-10 1.58144e-06 -1.4633e-07)
(-10 1.30452e-06 -1.28457e-07)
(-10 1.12734e-06 -1.75648e-07)
(-10 1.0319e-06 -1.3345e-07)
(-10 1.85329e-06 -8.54455e-08)
(-10 1.72526e-06 -6.6306e-08)
(-10 1.97463e-06 -3.70793e-08)
(-10 2.32744e-06 -8.49603e-08)
(-10 2.43263e-06 -8.05232e-08)
(-10 2.55503e-06 -7.64158e-08)
(-10 2.65499e-06 -1.0813e-07)
(-10 2.71294e-06 -1.49814e-07)
(-10 2.74358e-06 -1.44086e-07)
(-10 2.75741e-06 -1.23343e-07)
(-10 2.76852e-06 -1.23545e-07)
(-10 2.78883e-06 -1.20446e-07)
(-10 2.83095e-06 -1.10008e-07)
(-10 1.52363e-06 -1.26823e-07)
(-10 1.17885e-06 -1.54538e-07)
(-10 1.03061e-06 -3.79559e-08)
(-10 9.63232e-07 -2.11552e-07)
(-10 1.70473e-06 -9.615e-08)
(-10 1.69035e-06 -5.83654e-08)
(-10 1.86691e-06 -9.63927e-08)
(-10 2.10278e-06 -8.17294e-08)
(-10 2.2659e-06 -1.02419e-07)
(-10 2.39718e-06 -1.55661e-07)
(-10 2.47179e-06 -1.87982e-07)
(-10 2.51436e-06 -1.82838e-07)
(-10 2.53341e-06 -1.83039e-07)
(-10 2.54116e-06 -1.61003e-07)
(-10 2.54865e-06 -1.10549e-07)
(-10 2.56827e-06 -9.38249e-08)
(-10 2.62568e-06 -1.36942e-07)
(-10 1.40185e-06 -1.40647e-07)
(-10 1.12919e-06 -1.16352e-07)
(-10 9.96638e-07 -1.45979e-07)
(-10 8.36388e-07 -3.33467e-08)
(-10 1.49074e-06 -6.89161e-08)
(-10 1.54146e-06 -7.07981e-08)
(-10 1.72031e-06 -6.40196e-08)
(-10 1.90973e-06 -1.23805e-07)
(-10 2.06095e-06 -1.70559e-07)
(-10 2.16723e-06 -1.98086e-07)
(-10 2.2249e-06 -2.24788e-07)
(-10 2.25247e-06 -2.3803e-07)
(-10 2.26324e-06 -2.08918e-07)
(-10 2.26831e-06 -1.5425e-07)
(-10 2.27679e-06 -1.27498e-07)
(-10 2.29958e-06 -9.42506e-08)
(-10 2.35086e-06 -7.93585e-08)
(-10 1.31908e-06 -1.1938e-07)
(-10 1.03893e-06 -1.40383e-07)
(-10 9.22655e-07 8.90255e-10)
(-10 8.00263e-07 -1.34836e-07)
(-10 1.22817e-06 -7.12443e-08)
(-10 1.33116e-06 -6.02772e-08)
(-10 1.56994e-06 -1.46394e-07)
(-10 1.71214e-06 -1.77956e-07)
(-10 1.83278e-06 -2.21969e-07)
(-10 1.90008e-06 -2.72797e-07)
(-10 1.93651e-06 -2.85699e-07)
(-10 1.95319e-06 -2.63924e-07)
(-10 1.96026e-06 -2.28488e-07)
(-10 1.96412e-06 -1.83449e-07)
(-10 1.97774e-06 -1.13924e-07)
(-10 2.00107e-06 -7.225e-08)
(-10 2.04862e-06 -9.1443e-08)
(-10 1.13659e-06 -1.28385e-07)
(-10 9.59097e-07 -7.72407e-08)
(-10 9.01808e-07 -1.54992e-07)
(-10 7.56458e-07 -5.58989e-08)
(-10 8.41711e-07 4.10561e-08)
(-10 1.10535e-06 -6.84834e-08)
(-10 1.39408e-06 -2.19641e-07)
(-10 1.48952e-06 -2.53747e-07)
(-10 1.50911e-06 -2.75883e-07)
(-10 1.57036e-06 -3.0424e-07)
(-10 1.58489e-06 -3.05968e-07)
(-10 1.59622e-06 -2.79631e-07)
(-10 1.59528e-06 -2.34939e-07)
(-10 1.60472e-06 -1.75541e-07)
(-10 1.61722e-06 -1.28394e-07)
(-10 1.6521e-06 -7.97613e-08)
(-10 1.69894e-06 -3.93541e-08)
(-10 9.49423e-07 -9.42547e-08)
(-10 8.18191e-07 -1.4448e-07)
(-10 8.36027e-07 -1.06581e-07)
(-10 7.66388e-07 -2.00277e-07)
(-10 6.3926e-07 1.19212e-08)
(-10 8.26906e-07 -8.71044e-08)
(-10 1.17741e-06 -2.86803e-07)
(-10 1.16467e-06 -2.76452e-07)
(-10 1.21764e-06 -3.19788e-07)
(-10 1.22227e-06 -3.40807e-07)
(-10 1.23972e-06 -3.28502e-07)
(-10 1.24046e-06 -2.67097e-07)
(-10 1.24647e-06 -2.30582e-07)
(-10 1.24367e-06 -2.00007e-07)
(-10 1.28148e-06 -1.40443e-07)
(-10 1.30873e-06 -7.18695e-08)
(-10 1.35809e-06 -7.27043e-08)
(-10 7.63253e-07 -1.00321e-07)
(-10 6.54115e-07 -9.22725e-08)
(-10 6.87914e-07 -2.10513e-07)
(-10 6.28267e-07 -1.51876e-07)
(-10 5.12679e-07 -1.05654e-07)
(-10 6.24982e-07 -1.37422e-07)
(-10 8.16447e-07 -2.30215e-07)
(-10 8.40445e-07 -2.68617e-07)
(-10 8.79553e-07 -3.44325e-07)
(-10 8.81583e-07 -3.45492e-07)
(-10 8.99494e-07 -3.16745e-07)
(-10 9.02809e-07 -2.82197e-07)
(-10 9.13458e-07 -2.46494e-07)
(-10 9.13197e-07 -2.01659e-07)
(-10 9.57587e-07 -1.57863e-07)
(-10 9.95025e-07 -9.56934e-08)
(-10 1.0284e-06 -9.14131e-08)
(-10 5.47463e-07 -1.04788e-07)
(-10 4.4501e-07 -1.36785e-07)
(-10 4.03244e-07 -1.03961e-07)
(-10 3.99135e-07 -1.33787e-07)
(-10 1.98697e-07 -9.62577e-08)
(-10 2.18934e-07 -1.63259e-07)
(-10 2.65113e-07 -1.82803e-07)
(-10 3.0295e-07 -2.88454e-07)
(-10 2.96599e-07 -2.87259e-07)
(-10 3.01484e-07 -3.22779e-07)
(-10 2.95692e-07 -3.11897e-07)
(-10 3.04619e-07 -2.63294e-07)
(-10 2.87409e-07 -2.20634e-07)
(-10 3.28419e-07 -1.85751e-07)
(-10 3.56015e-07 -1.2924e-07)
(-10 3.89883e-07 -9.17218e-08)
(-10 3.60959e-07 -7.82308e-08)
(-10 8.77327e-08 -1.03472e-07)
(-10 -4.21151e-09 -9.63444e-08)
(-10 -6.58727e-09 -1.09713e-07)
(-10 5.3314e-08 -9.6205e-08)
(-10 2.29711e-08 -1.76242e-07)
(-10 3.38426e-10 -1.81561e-07)
(-10 1.13236e-08 -2.37073e-07)
(-10 3.40787e-09 -2.88838e-07)
(-10 -7.34179e-09 -3.50651e-07)
(-10 -1.56413e-08 -3.66868e-07)
(-10 -1.50985e-08 -3.30251e-07)
(-10 -1.67522e-08 -3.08387e-07)
(-10 -7.43758e-09 -2.72748e-07)
(-10 -4.12963e-09 -2.28877e-07)
(-10 1.4549e-08 -1.74288e-07)
(-10 1.9385e-08 -1.39854e-07)
(-10 2.60173e-09 -1.27457e-07)
(-10 -8.39898e-08 -1.43372e-07)
(-10 -9.39443e-08 -1.53396e-07)
(-10 -7.68767e-08 -1.34951e-07)
(-10 -2.77532e-08 -1.27454e-07)
(-10 2.44835e-06 1.87021e-07)
(-10 2.50321e-06 1.77769e-07)
(-10 2.55572e-06 1.9238e-07)
(-10 2.58115e-06 2.06542e-07)
(-10 2.62542e-06 2.23111e-07)
(-10 2.6523e-06 1.86122e-07)
(-10 2.70983e-06 1.486e-07)
(-10 2.7663e-06 9.42806e-08)
(-10 2.82432e-06 9.48084e-08)
(-10 2.89303e-06 3.16301e-08)
(-10 2.94811e-06 8.98553e-08)
(-10 3.05395e-06 1.46078e-07)
(-10 3.11267e-06 2.10327e-07)
(-10 1.77944e-06 3.02334e-07)
(-10 1.42281e-06 3.28805e-07)
(-10 1.30436e-06 3.45045e-07)
(-10 2.35138e-06 1.33158e-07)
(-10 2.52671e-06 1.46813e-07)
(-10 2.55968e-06 1.57785e-07)
(-10 2.6003e-06 1.74957e-07)
(-10 2.63306e-06 1.55409e-07)
(-10 2.68476e-06 1.50536e-07)
(-10 2.73022e-06 1.14526e-07)
(-10 2.79467e-06 8.00833e-08)
(-10 2.86315e-06 3.65685e-08)
(-10 2.94839e-06 6.00986e-08)
(-10 3.0794e-06 7.45774e-08)
(-10 3.18882e-06 1.10511e-07)
(-10 3.36759e-06 1.72433e-07)
(-10 1.89042e-06 2.52532e-07)
(-10 1.60537e-06 2.98004e-07)
(-10 1.5026e-06 2.9697e-07)
(-10 2.31089e-06 1.38126e-07)
(-10 2.40631e-06 1.48071e-07)
(-10 2.4528e-06 1.67934e-07)
(-10 2.50174e-06 1.54021e-07)
(-10 2.54962e-06 1.50942e-07)
(-10 2.60008e-06 1.2177e-07)
(-10 2.657e-06 1.02081e-07)
(-10 2.71845e-06 6.00901e-08)
(-10 2.79563e-06 7.46459e-08)
(-10 2.89696e-06 5.00276e-08)
(-10 3.03706e-06 8.87352e-08)
(-10 3.19735e-06 1.20421e-07)
(-10 3.39162e-06 1.79395e-07)
(-10 1.86639e-06 2.12269e-07)
(-10 1.58381e-06 2.60755e-07)
(-10 1.51114e-06 2.61418e-07)
(-10 2.20847e-06 1.1545e-07)
(-10 2.28013e-06 1.3069e-07)
(-10 2.33455e-06 1.36624e-07)
(-10 2.38902e-06 1.41685e-07)
(-10 2.44332e-06 9.81711e-08)
(-10 2.49783e-06 8.38522e-08)
(-10 2.55451e-06 5.7452e-08)
(-10 2.62463e-06 5.65286e-08)
(-10 2.72026e-06 3.44073e-08)
(-10 2.84791e-06 7.86329e-08)
(-10 3.01528e-06 8.33316e-08)
(-10 3.21627e-06 1.0722e-07)
(-10 3.44241e-06 1.2631e-07)
(-10 1.85354e-06 1.94744e-07)
(-10 1.58214e-06 2.1715e-07)
(-10 1.52296e-06 2.13689e-07)
(-10 2.11071e-06 1.30465e-07)
(-10 2.16622e-06 1.45494e-07)
(-10 2.22365e-06 1.43807e-07)
(-10 2.27803e-06 1.15482e-07)
(-10 2.32257e-06 1.03107e-07)
(-10 2.3684e-06 5.44031e-08)
(-10 2.4351e-06 5.69301e-08)
(-10 2.52633e-06 5.56264e-08)
(-10 2.65058e-06 1.00247e-07)
(-10 2.80834e-06 8.33801e-08)
(-10 3.00965e-06 1.12818e-07)
(-10 3.24629e-06 1.16955e-07)
(-10 3.49448e-06 1.46346e-07)
(-10 1.87073e-06 1.52063e-07)
(-10 1.57961e-06 1.78187e-07)
(-10 1.52454e-06 1.77545e-07)
(-10 2.01521e-06 1.26793e-07)
(-10 2.0599e-06 1.29527e-07)
(-10 2.11763e-06 1.16642e-07)
(-10 2.14922e-06 9.32246e-08)
(-10 2.15952e-06 3.16347e-08)
(-10 2.19913e-06 3.93711e-08)
(-10 2.29033e-06 3.90681e-08)
(-10 2.42093e-06 6.68331e-08)
(-10 2.58322e-06 6.62702e-08)
(-10 2.78288e-06 1.17706e-07)
(-10 3.01881e-06 1.0548e-07)
(-10 3.27865e-06 9.42807e-08)
(-10 3.56062e-06 8.56945e-08)
(-10 1.88245e-06 1.33282e-07)
(-10 1.56856e-06 1.59096e-07)
(-10 1.48928e-06 1.5409e-07)
(-10 1.93567e-06 1.81842e-07)
(-10 1.97604e-06 1.8137e-07)
(-10 2.03814e-06 1.30296e-07)
(-10 2.01437e-06 7.36504e-08)
(-10 1.94232e-06 6.95438e-08)
(-10 1.98264e-06 4.21372e-08)
(-10 2.13986e-06 6.77846e-08)
(-10 2.33337e-06 8.65345e-08)
(-10 2.5523e-06 1.44569e-07)
(-10 2.79207e-06 1.24907e-07)
(-10 3.05793e-06 1.25295e-07)
(-10 3.33498e-06 1.213e-07)
(-10 3.63846e-06 1.33337e-07)
(-10 1.91444e-06 1.45227e-07)
(-10 1.593e-06 1.46947e-07)
(-10 1.41839e-06 1.95622e-07)
(-10 1.85034e-06 1.11617e-07)
(-10 1.87541e-06 1.11694e-07)
(-10 1.95763e-06 3.57051e-08)
(-10 1.86566e-06 9.30283e-08)
(-10 1.58062e-06 8.05483e-08)
(-10 1.62734e-06 -3.58146e-09)
(-10 1.95376e-06 -9.39094e-09)
(-10 2.22658e-06 4.30196e-08)
(-10 2.50235e-06 5.5512e-08)
(-10 2.77142e-06 1.07756e-07)
(-10 3.04229e-06 8.38198e-08)
(-10 3.32111e-06 7.04167e-08)
(-10 3.61694e-06 5.76422e-08)
(-10 1.85091e-06 7.46987e-08)
(-10 1.48979e-06 1.1479e-07)
(-10 1.31015e-06 1.3781e-07)
(-10 2.03111e-06 3.0719e-08)
(-10 2.07204e-06 1.08829e-07)
(-10 2.01004e-06 2.49601e-07)
(-10 1.82222e-06 2.67999e-07)
(-10 1.62374e-06 5.16166e-08)
(-10 1.60571e-06 -1.26378e-07)
(-10 1.81905e-06 -8.46153e-08)
(-10 2.12543e-06 -2.39314e-08)
(-10 2.44131e-06 7.26005e-08)
(-10 2.71071e-06 6.22569e-08)
(-10 2.95108e-06 7.9059e-08)
(-10 3.20825e-06 6.49969e-08)
(-10 3.45698e-06 8.23872e-08)
(-10 1.69837e-06 1.03015e-07)
(-10 1.29804e-06 1.29678e-07)
(-10 1.09538e-06 1.09318e-07)
(-10 2.35047e-06 -8.61431e-08)
(-10 2.26505e-06 3.75329e-08)
(-10 2.06172e-06 2.53682e-07)
(-10 1.98544e-06 3.52904e-07)
(-10 2.09571e-06 1.1519e-07)
(-10 2.10775e-06 -1.76711e-07)
(-10 2.10323e-06 -2.96073e-07)
(-10 2.21926e-06 -1.69858e-07)
(-10 2.38524e-06 -8.28496e-08)
(-10 2.57027e-06 -1.57418e-08)
(-10 2.75307e-06 -3.1186e-08)
(-10 2.95852e-06 -1.92028e-08)
(-10 3.18294e-06 3.7635e-08)
(-10 1.41516e-06 1.21599e-07)
(-10 1.06203e-06 1.68031e-07)
(-10 9.28777e-07 1.961e-07)
(-10 6.44955e-07 1.24322e-07)
(-10 2.45631e-06 -2.01336e-07)
(-10 2.19907e-06 7.35919e-08)
(-10 2.02712e-06 3.2505e-07)
(-10 2.02817e-06 2.92109e-07)
(-10 2.30169e-06 8.07564e-08)
(-10 2.51592e-06 -1.95366e-07)
(-10 2.50484e-06 -2.42485e-07)
(-10 2.46728e-06 -1.37632e-07)
(-10 2.4936e-06 -4.10575e-08)
(-10 2.58961e-06 -5.34535e-08)
(-10 2.73139e-06 -3.51323e-08)
(-10 2.88077e-06 -4.64986e-08)
(-10 3.08439e-06 -3.12341e-08)
(-10 1.33353e-06 -1.9316e-08)
(-10 9.52123e-07 1.32913e-08)
(-10 8.17338e-07 3.52956e-08)
(-10 7.28349e-07 7.49801e-08)
(-10 2.42221e-06 -1.53733e-07)
(-10 2.19586e-06 -4.05956e-08)
(-10 1.96633e-06 1.781e-07)
(-10 2.02314e-06 1.89354e-07)
(-10 2.41207e-06 -8.52872e-08)
(-10 2.63909e-06 -1.95879e-07)
(-10 2.65375e-06 -1.52735e-07)
(-10 2.67607e-06 -7.69192e-08)
(-10 2.73319e-06 -6.78019e-08)
(-10 2.82427e-06 -3.36964e-08)
(-10 2.93856e-06 -6.2057e-08)
(-10 3.07773e-06 -7.9949e-08)
(-10 3.23746e-06 -1.14071e-07)
(-10 1.49824e-06 -1.41182e-07)
(-10 1.17162e-06 -1.45087e-07)
(-10 1.01814e-06 -8.76457e-08)
(-10 8.32797e-07 -1.74006e-07)
(-10 2.36977e-06 -1.1456e-07)
(-10 2.17901e-06 -4.44534e-08)
(-10 1.99882e-06 1.10419e-07)
(-10 2.16691e-06 5.62871e-08)
(-10 2.50864e-06 -8.11095e-08)
(-10 2.65589e-06 -9.4057e-08)
(-10 2.74033e-06 -5.59455e-08)
(-10 2.82081e-06 -3.84464e-08)
(-10 2.89446e-06 -7.05727e-10)
(-10 2.97457e-06 -4.20643e-08)
(-10 3.06782e-06 -4.603e-08)
(-10 3.18037e-06 -8.84799e-08)
(-10 3.31763e-06 -1.23294e-07)
(-10 1.64612e-06 -1.65096e-07)
(-10 1.27227e-06 -2.1592e-07)
(-10 1.15208e-06 -2.91284e-07)
(-10 9.97714e-07 -1.67376e-07)
(-10 2.27417e-06 -9.59261e-08)
(-10 2.13533e-06 -9.67565e-08)
(-10 2.10551e-06 -4.09049e-08)
(-10 2.25896e-06 -1.86928e-08)
(-10 2.48875e-06 -7.78884e-08)
(-10 2.65427e-06 -4.83929e-08)
(-10 2.78261e-06 -4.61077e-08)
(-10 2.88624e-06 -3.49373e-08)
(-10 2.96383e-06 -6.43246e-08)
(-10 3.03475e-06 -5.10542e-08)
(-10 3.11135e-06 -8.63124e-08)
(-10 3.20189e-06 -1.16885e-07)
(-10 3.31321e-06 -1.73531e-07)
(-10 1.6891e-06 -2.30888e-07)
(-10 1.36151e-06 -2.58522e-07)
(-10 1.20274e-06 -2.14092e-07)
(-10 1.05481e-06 -2.44424e-07)
(-10 2.1495e-06 -9.01673e-08)
(-10 2.02871e-06 -7.19742e-08)
(-10 2.10879e-06 -4.2767e-08)
(-10 2.31874e-06 -2.24402e-08)
(-10 2.50103e-06 -4.13548e-09)
(-10 2.64886e-06 -1.91157e-08)
(-10 2.77848e-06 -2.65046e-08)
(-10 2.88269e-06 -5.08159e-08)
(-10 2.95637e-06 -3.95073e-08)
(-10 3.01702e-06 -7.73254e-08)
(-10 3.07484e-06 -8.66416e-08)
(-10 3.14345e-06 -1.22208e-07)
(-10 3.23503e-06 -1.57952e-07)
(-10 1.69723e-06 -1.95622e-07)
(-10 1.34746e-06 -2.15939e-07)
(-10 1.21649e-06 -2.96016e-07)
(-10 1.08179e-06 -1.70515e-07)
(-10 1.98193e-06 -7.59202e-08)
(-10 1.80579e-06 -1.40291e-07)
(-10 2.02746e-06 -7.11177e-08)
(-10 2.3813e-06 1.28688e-08)
(-10 2.47678e-06 -4.10631e-08)
(-10 2.59234e-06 -4.90686e-08)
(-10 2.71367e-06 -7.78634e-08)
(-10 2.79863e-06 -8.9539e-08)
(-10 2.86078e-06 -1.19537e-07)
(-10 2.90652e-06 -1.06158e-07)
(-10 2.94825e-06 -1.21164e-07)
(-10 2.99806e-06 -1.37288e-07)
(-10 3.06839e-06 -1.73916e-07)
(-10 1.61531e-06 -2.10449e-07)
(-10 1.30677e-06 -1.63823e-07)
(-10 1.18261e-06 -1.49028e-07)
(-10 1.12087e-06 -1.47906e-07)
(-10 1.84145e-06 -6.83108e-08)
(-10 1.69723e-06 -3.69299e-08)
(-10 1.94305e-06 -2.03517e-08)
(-10 2.28416e-06 -2.14354e-08)
(-10 2.37532e-06 -3.01661e-08)
(-10 2.48874e-06 -7.06588e-08)
(-10 2.58656e-06 -9.45814e-08)
(-10 2.65915e-06 -1.20397e-07)
(-10 2.70944e-06 -1.06023e-07)
(-10 2.74357e-06 -1.22899e-07)
(-10 2.77162e-06 -1.10307e-07)
(-10 2.80825e-06 -1.18767e-07)
(-10 2.86447e-06 -1.28154e-07)
(-10 1.51478e-06 -1.45585e-07)
(-10 1.23742e-06 -1.41131e-07)
(-10 1.10862e-06 -1.87081e-07)
(-10 1.02972e-06 -1.11472e-07)
(-10 1.70246e-06 -5.59701e-08)
(-10 1.68016e-06 -3.82655e-08)
(-10 1.83985e-06 -3.93844e-08)
(-10 2.05487e-06 -5.56563e-08)
(-10 2.20023e-06 -1.06408e-07)
(-10 2.32208e-06 -1.2968e-07)
(-10 2.41108e-06 -1.61765e-07)
(-10 2.4694e-06 -1.67168e-07)
(-10 2.50632e-06 -1.76936e-07)
(-10 2.53147e-06 -1.44783e-07)
(-10 2.55347e-06 -1.29122e-07)
(-10 2.58161e-06 -1.14218e-07)
(-10 2.62877e-06 -1.22751e-07)
(-10 1.42461e-06 -1.37026e-07)
(-10 1.16847e-06 -1.4639e-07)
(-10 9.91375e-07 -7.39794e-08)
(-10 8.92153e-07 -1.21688e-07)
(-10 1.515e-06 -4.11347e-08)
(-10 1.55104e-06 1.35708e-09)
(-10 1.69038e-06 -2.47197e-08)
(-10 1.85999e-06 -7.60683e-08)
(-10 1.99912e-06 -1.13642e-07)
(-10 2.11044e-06 -1.69025e-07)
(-10 2.17698e-06 -1.91301e-07)
(-10 2.22481e-06 -2.03701e-07)
(-10 2.25403e-06 -1.73939e-07)
(-10 2.27343e-06 -1.56981e-07)
(-10 2.28949e-06 -1.1919e-07)
(-10 2.31558e-06 -9.56828e-08)
(-10 2.36226e-06 -7.94392e-08)
(-10 1.28204e-06 -9.01083e-08)
(-10 1.03835e-06 -1.26825e-07)
(-10 9.66573e-07 -1.31289e-07)
(-10 7.7918e-07 -7.98129e-08)
(-10 1.27921e-06 -4.13791e-08)
(-10 1.35593e-06 -2.27517e-08)
(-10 1.51123e-06 -7.65961e-08)
(-10 1.65998e-06 -1.31913e-07)
(-10 1.76629e-06 -2.01362e-07)
(-10 1.84934e-06 -2.35259e-07)
(-10 1.90279e-06 -2.59029e-07)
(-10 1.93432e-06 -2.51101e-07)
(-10 1.95339e-06 -2.36581e-07)
(-10 1.96735e-06 -1.8332e-07)
(-10 1.98407e-06 -1.3542e-07)
(-10 2.00923e-06 -9.54676e-08)
(-10 2.05054e-06 -8.23614e-08)
(-10 1.12567e-06 -8.70212e-08)
(-10 9.51375e-07 -1.20469e-07)
(-10 8.27547e-07 -6.03589e-08)
(-10 7.37001e-07 -1.23698e-07)
(-10 9.72386e-07 8.7314e-09)
(-10 1.11949e-06 -1.29375e-08)
(-10 1.30594e-06 -1.12107e-07)
(-10 1.43102e-06 -1.83548e-07)
(-10 1.486e-06 -2.21e-07)
(-10 1.54455e-06 -2.71314e-07)
(-10 1.57047e-06 -2.84851e-07)
(-10 1.59272e-06 -2.81347e-07)
(-10 1.60484e-06 -2.35922e-07)
(-10 1.61997e-06 -1.88542e-07)
(-10 1.62713e-06 -1.36917e-07)
(-10 1.66078e-06 -8.33624e-08)
(-10 1.70134e-06 -5.91063e-08)
(-10 9.31705e-07 -6.98129e-08)
(-10 7.89017e-07 -1.06425e-07)
(-10 7.87391e-07 -1.50805e-07)
(-10 6.57927e-07 -1.17814e-07)
(-10 6.19289e-07 4.41695e-08)
(-10 8.24842e-07 -5.56213e-08)
(-10 1.17412e-06 -2.27812e-07)
(-10 1.15793e-06 -2.2387e-07)
(-10 1.19615e-06 -2.9253e-07)
(-10 1.20132e-06 -3.11335e-07)
(-10 1.22948e-06 -3.28939e-07)
(-10 1.2339e-06 -3.08106e-07)
(-10 1.2456e-06 -2.72201e-07)
(-10 1.23238e-06 -2.11283e-07)
(-10 1.27345e-06 -1.34119e-07)
(-10 1.28956e-06 -8.88464e-08)
(-10 1.33299e-06 -7.05014e-08)
(-10 7.26755e-07 -8.69623e-08)
(-10 6.50393e-07 -1.3327e-07)
(-10 6.52372e-07 -1.47851e-07)
(-10 6.33148e-07 -1.7246e-07)
(-10 4.26211e-07 -3.23573e-08)
(-10 6.0422e-07 -9.20517e-08)
(-10 8.87752e-07 -1.72623e-07)
(-10 8.75888e-07 -2.37605e-07)
(-10 8.8646e-07 -2.98858e-07)
(-10 8.94732e-07 -3.34559e-07)
(-10 8.99748e-07 -3.37783e-07)
(-10 9.06497e-07 -3.20962e-07)
(-10 9.15563e-07 -2.41178e-07)
(-10 9.16739e-07 -2.20763e-07)
(-10 9.42288e-07 -1.37998e-07)
(-10 9.72091e-07 -9.7523e-08)
(-10 9.94559e-07 -8.07196e-08)
(-10 5.35963e-07 -1.1626e-07)
(-10 4.38723e-07 -1.21338e-07)
(-10 4.62923e-07 -1.36368e-07)
(-10 4.52036e-07 -1.22615e-07)
(-10 1.7609e-07 -8.5241e-08)
(-10 2.49752e-07 -1.12968e-07)
(-10 3.22436e-07 -1.50627e-07)
(-10 3.5706e-07 -2.59965e-07)
(-10 3.4014e-07 -2.77227e-07)
(-10 3.44439e-07 -3.34873e-07)
(-10 3.40269e-07 -3.20103e-07)
(-10 3.46566e-07 -2.71064e-07)
(-10 3.38226e-07 -2.40162e-07)
(-10 3.59436e-07 -2.06595e-07)
(-10 3.74771e-07 -1.21423e-07)
(-10 3.96459e-07 -8.49443e-08)
(-10 3.72991e-07 -7.72433e-08)
(-10 1.10165e-07 -1.17815e-07)
(-10 1.86225e-08 -1.25461e-07)
(-10 2.41902e-08 -9.76091e-08)
(-10 1.03155e-07 -9.56115e-08)
(-10 -9.1589e-10 -1.44893e-07)
(-10 3.94365e-08 -1.6204e-07)
(-10 5.32067e-08 -2.35244e-07)
(-10 3.95304e-08 -2.66034e-07)
(-10 3.46971e-08 -3.51601e-07)
(-10 2.90329e-08 -3.6e-07)
(-10 2.50702e-08 -3.73931e-07)
(-10 2.32559e-08 -3.44865e-07)
(-10 2.84722e-08 -2.99004e-07)
(-10 2.63418e-08 -2.38357e-07)
(-10 3.39101e-08 -1.96089e-07)
(-10 3.48138e-08 -1.49746e-07)
(-10 2.78873e-08 -1.56284e-07)
(-10 -4.88455e-08 -1.79769e-07)
(-10 -8.06213e-08 -1.74862e-07)
(-10 -3.87367e-08 -1.46134e-07)
(-10 -1.46976e-08 -1.40344e-07)
(-10 2.35596e-06 7.58864e-08)
(-10 2.52199e-06 8.43066e-08)
(-10 2.54532e-06 9.4715e-08)
(-10 2.57452e-06 1.04095e-07)
(-10 2.60464e-06 1.10784e-07)
(-10 2.66155e-06 1.08498e-07)
(-10 2.72247e-06 9.22696e-08)
(-10 2.77075e-06 1.03688e-07)
(-10 2.82159e-06 7.95975e-08)
(-10 2.87961e-06 7.73694e-08)
(-10 2.95479e-06 1.08315e-07)
(-10 3.00782e-06 1.25752e-07)
(-10 3.1067e-06 1.51176e-07)
(-10 1.76474e-06 2.08589e-07)
(-10 1.40605e-06 2.40776e-07)
(-10 1.26715e-06 2.40743e-07)
(-10 2.38439e-06 6.27522e-08)
(-10 2.4886e-06 7.40762e-08)
(-10 2.5604e-06 8.67062e-08)
(-10 2.59804e-06 9.5564e-08)
(-10 2.64539e-06 9.46967e-08)
(-10 2.70091e-06 8.45607e-08)
(-10 2.75889e-06 7.50151e-08)
(-10 2.81633e-06 4.76277e-08)
(-10 2.88716e-06 6.03315e-08)
(-10 2.97734e-06 7.42945e-08)
(-10 3.06778e-06 6.65325e-08)
(-10 3.19761e-06 1.0006e-07)
(-10 3.30871e-06 1.54024e-07)
(-10 1.84865e-06 1.95912e-07)
(-10 1.52071e-06 2.06114e-07)
(-10 1.48739e-06 2.25407e-07)
(-10 2.30112e-06 7.88218e-08)
(-10 2.40297e-06 8.50556e-08)
(-10 2.46477e-06 9.74455e-08)
(-10 2.51096e-06 9.81095e-08)
(-10 2.55968e-06 9.14079e-08)
(-10 2.6191e-06 7.88068e-08)
(-10 2.67903e-06 5.73588e-08)
(-10 2.74708e-06 6.32051e-08)
(-10 2.82982e-06 4.93505e-08)
(-10 2.93661e-06 5.56793e-08)
(-10 3.05558e-06 9.06177e-08)
(-10 3.20776e-06 1.18942e-07)
(-10 3.36611e-06 1.26995e-07)
(-10 1.83443e-06 1.89588e-07)
(-10 1.51801e-06 2.0105e-07)
(-10 1.4784e-06 2.19882e-07)
(-10 2.19642e-06 6.73207e-08)
(-10 2.28302e-06 8.07947e-08)
(-10 2.34584e-06 8.51249e-08)
(-10 2.39865e-06 8.32488e-08)
(-10 2.45101e-06 6.90141e-08)
(-10 2.50821e-06 5.09084e-08)
(-10 2.57571e-06 4.60245e-08)
(-10 2.65451e-06 2.3082e-08)
(-10 2.7561e-06 5.18331e-08)
(-10 2.88609e-06 7.4327e-08)
(-10 3.03948e-06 5.92914e-08)
(-10 3.22361e-06 8.95202e-08)
(-10 3.42189e-06 1.41196e-07)
(-10 1.82136e-06 1.61399e-07)
(-10 1.52143e-06 1.79531e-07)
(-10 1.48323e-06 1.69643e-07)
(-10 2.09699e-06 9.54227e-08)
(-10 2.1681e-06 9.9382e-08)
(-10 2.2303e-06 9.98124e-08)
(-10 2.27905e-06 8.70094e-08)
(-10 2.32359e-06 6.93394e-08)
(-10 2.37712e-06 5.38937e-08)
(-10 2.45183e-06 4.0982e-08)
(-10 2.55406e-06 6.19032e-08)
(-10 2.68543e-06 6.23616e-08)
(-10 2.84305e-06 7.5004e-08)
(-10 3.03309e-06 1.06652e-07)
(-10 3.24763e-06 1.16573e-07)
(-10 3.48247e-06 1.1002e-07)
(-10 1.8252e-06 1.5315e-07)
(-10 1.5419e-06 1.67473e-07)
(-10 1.4746e-06 1.69597e-07)
(-10 2.01072e-06 8.83637e-08)
(-10 2.066e-06 9.98099e-08)
(-10 2.12803e-06 9.17928e-08)
(-10 2.15676e-06 7.3566e-08)
(-10 2.17105e-06 4.90129e-08)
(-10 2.21033e-06 3.19502e-08)
(-10 2.30748e-06 3.91949e-08)
(-10 2.44682e-06 3.15419e-08)
(-10 2.61695e-06 7.89795e-08)
(-10 2.81168e-06 9.55686e-08)
(-10 3.03904e-06 7.39543e-08)
(-10 3.28084e-06 8.47487e-08)
(-10 3.54819e-06 1.23502e-07)
(-10 1.84739e-06 1.28418e-07)
(-10 1.55445e-06 1.48252e-07)
(-10 1.46073e-06 1.25385e-07)
(-10 1.92675e-06 1.2229e-07)
(-10 1.99048e-06 1.32876e-07)
(-10 2.05229e-06 1.10503e-07)
(-10 2.05127e-06 8.40253e-08)
(-10 1.97259e-06 6.07506e-08)
(-10 1.98446e-06 4.53882e-08)
(-10 2.13388e-06 4.12422e-08)
(-10 2.33815e-06 8.10259e-08)
(-10 2.55761e-06 7.78329e-08)
(-10 2.80067e-06 9.35146e-08)
(-10 3.05077e-06 1.18642e-07)
(-10 3.32888e-06 1.13272e-07)
(-10 3.60363e-06 8.98456e-08)
(-10 1.89246e-06 1.35312e-07)
(-10 1.57632e-06 1.40612e-07)
(-10 1.43034e-06 1.45069e-07)
(-10 1.8446e-06 1.04314e-07)
(-10 1.90876e-06 1.09121e-07)
(-10 2.04194e-06 9.97934e-08)
(-10 1.98198e-06 8.63152e-08)
(-10 1.64546e-06 5.48453e-08)
(-10 1.62474e-06 1.46845e-08)
(-10 1.91439e-06 1.61776e-08)
(-10 2.21134e-06 2.41141e-08)
(-10 2.49671e-06 7.75325e-08)
(-10 2.77552e-06 9.34598e-08)
(-10 3.04003e-06 6.50029e-08)
(-10 3.32905e-06 6.26985e-08)
(-10 3.6154e-06 9.73909e-08)
(-10 1.87387e-06 8.90261e-08)
(-10 1.50679e-06 1.19565e-07)
(-10 1.35542e-06 1.3152e-07)
(-10 1.99678e-06 9.95969e-08)
(-10 2.05581e-06 1.40889e-07)
(-10 2.15452e-06 1.60767e-07)
(-10 2.0321e-06 1.3807e-07)
(-10 1.79031e-06 7.37023e-08)
(-10 1.60217e-06 8.99713e-09)
(-10 1.68761e-06 -1.45998e-08)
(-10 2.04913e-06 3.95439e-08)
(-10 2.40907e-06 5.63998e-08)
(-10 2.66867e-06 7.3121e-08)
(-10 2.93062e-06 1.02459e-07)
(-10 3.18206e-06 9.70919e-08)
(-10 3.4629e-06 7.14804e-08)
(-10 1.68936e-06 1.42206e-07)
(-10 1.3691e-06 1.66481e-07)
(-10 1.19284e-06 1.79658e-07)
(-10 2.2405e-06 6.54677e-09)
(-10 2.3709e-06 1.05373e-07)
(-10 2.24989e-06 1.63255e-07)
(-10 2.09009e-06 1.59814e-07)
(-10 2.21382e-06 1.50491e-07)
(-10 2.07637e-06 -2.94445e-08)
(-10 1.96943e-06 -1.56704e-07)
(-10 2.14061e-06 -7.99169e-08)
(-10 2.31579e-06 1.0645e-08)
(-10 2.484e-06 3.47239e-08)
(-10 2.67312e-06 1.28761e-08)
(-10 2.86995e-06 2.05798e-08)
(-10 3.10484e-06 8.98433e-08)
(-10 1.34169e-06 1.14001e-07)
(-10 9.79689e-07 1.49575e-07)
(-10 8.38308e-07 1.62064e-07)
(-10 2.43323e-06 -1.0519e-07)
(-10 2.32034e-06 1.18617e-07)
(-10 2.08088e-06 2.46795e-07)
(-10 2.0414e-06 1.91315e-07)
(-10 2.1906e-06 1.61303e-07)
(-10 2.436e-06 -5.84442e-08)
(-10 2.57208e-06 -2.18468e-07)
(-10 2.50225e-06 -9.50641e-08)
(-10 2.47217e-06 -7.10678e-08)
(-10 2.56631e-06 -6.3849e-08)
(-10 2.68237e-06 -4.45889e-08)
(-10 2.8442e-06 -4.4797e-08)
(-10 3.00704e-06 -1.16689e-08)
(-10 1.19157e-06 8.10675e-08)
(-10 8.22489e-07 1.31259e-07)
(-10 7.11657e-07 1.24475e-07)
(-10 5.48331e-07 1.00087e-07)
(-10 2.52893e-06 -1.91688e-07)
(-10 2.13534e-06 7.14429e-08)
(-10 1.90195e-06 2.28818e-07)
(-10 1.93322e-06 2.4341e-07)
(-10 2.20465e-06 1.28352e-07)
(-10 2.64477e-06 -1.39652e-07)
(-10 2.80875e-06 -2.00304e-07)
(-10 2.75271e-06 -1.09392e-07)
(-10 2.76264e-06 -4.91072e-08)
(-10 2.84144e-06 -4.1141e-08)
(-10 2.94942e-06 -7.32423e-08)
(-10 3.07657e-06 -8.90905e-08)
(-10 3.20791e-06 -6.70814e-08)
(-10 1.46159e-06 -5.5839e-08)
(-10 1.00229e-06 1.50593e-08)
(-10 7.6233e-07 3.83999e-08)
(-10 7.04037e-07 -2.92764e-08)
(-10 2.39841e-06 -4.51639e-08)
(-10 2.09264e-06 4.63593e-08)
(-10 1.84346e-06 2.00931e-07)
(-10 1.9611e-06 2.08789e-07)
(-10 2.44708e-06 -4.18846e-09)
(-10 2.75949e-06 -1.18747e-07)
(-10 2.839e-06 -8.1467e-08)
(-10 2.86035e-06 -1.80804e-08)
(-10 2.90979e-06 -2.57042e-08)
(-10 2.97869e-06 -3.33609e-08)
(-10 3.07133e-06 -2.86273e-08)
(-10 3.17937e-06 -5.16066e-08)
(-10 3.30424e-06 -9.93317e-08)
(-10 1.60328e-06 -1.24426e-07)
(-10 1.23736e-06 -1.41579e-07)
(-10 1.07438e-06 -8.71159e-08)
(-10 9.4496e-07 -1.02214e-07)
(-10 2.25207e-06 -3.79418e-08)
(-10 2.03187e-06 -5.21994e-09)
(-10 1.89045e-06 3.7125e-08)
(-10 2.1415e-06 4.29473e-08)
(-10 2.53648e-06 -1.67559e-08)
(-10 2.70823e-06 -5.85701e-08)
(-10 2.80937e-06 -4.81423e-08)
(-10 2.88339e-06 -5.35298e-08)
(-10 2.9498e-06 -4.4321e-08)
(-10 3.02332e-06 -4.99788e-08)
(-10 3.10374e-06 -8.95624e-08)
(-10 3.19601e-06 -1.19107e-07)
(-10 3.30489e-06 -1.34763e-07)
(-10 1.69279e-06 -1.61514e-07)
(-10 1.35456e-06 -1.66817e-07)
(-10 1.17927e-06 -2.08933e-07)
(-10 1.05733e-06 -2.12762e-07)
(-10 2.10991e-06 -1.14144e-08)
(-10 1.88088e-06 -2.61741e-09)
(-10 1.99945e-06 3.31271e-09)
(-10 2.32096e-06 3.9579e-09)
(-10 2.49317e-06 -1.12757e-08)
(-10 2.63685e-06 -2.90652e-08)
(-10 2.75844e-06 -4.43719e-08)
(-10 2.85143e-06 -3.77707e-08)
(-10 2.92732e-06 -7.06784e-08)
(-10 2.99309e-06 -9.10078e-08)
(-10 3.06093e-06 -9.39937e-08)
(-10 3.13769e-06 -1.21209e-07)
(-10 3.23312e-06 -1.67299e-07)
(-10 1.7049e-06 -2.10043e-07)
(-10 1.36601e-06 -2.47506e-07)
(-10 1.22652e-06 -2.04525e-07)
(-10 1.20681e-06 -1.78191e-07)
(-10 1.96701e-06 -4.65965e-08)
(-10 1.768e-06 -3.31348e-08)
(-10 1.98353e-06 -3.71048e-08)
(-10 2.33825e-06 -4.1795e-08)
(-10 2.43852e-06 -5.63383e-08)
(-10 2.55891e-06 -7.19274e-08)
(-10 2.67232e-06 -8.37631e-08)
(-10 2.76352e-06 -1.11935e-07)
(-10 2.83637e-06 -1.14829e-07)
(-10 2.89697e-06 -1.22379e-07)
(-10 2.9514e-06 -1.50629e-07)
(-10 3.01296e-06 -1.70459e-07)
(-10 3.08935e-06 -1.79166e-07)
(-10 1.64679e-06 -1.91606e-07)
(-10 1.34339e-06 -1.99494e-07)
(-10 1.22982e-06 -1.98221e-07)
(-10 1.15611e-06 -2.11876e-07)
(-10 1.85263e-06 -3.00018e-08)
(-10 1.76465e-06 -2.0318e-08)
(-10 1.92678e-06 -2.94478e-08)
(-10 2.17873e-06 -4.52772e-08)
(-10 2.3192e-06 -6.6609e-08)
(-10 2.43872e-06 -8.84272e-08)
(-10 2.54777e-06 -1.1209e-07)
(-10 2.63169e-06 -1.17613e-07)
(-10 2.69629e-06 -1.48863e-07)
(-10 2.74269e-06 -1.58332e-07)
(-10 2.7846e-06 -1.51663e-07)
(-10 2.82992e-06 -1.59234e-07)
(-10 2.89823e-06 -1.83388e-07)
(-10 1.56164e-06 -2.10424e-07)
(-10 1.25639e-06 -2.30864e-07)
(-10 1.1435e-06 -1.88741e-07)
(-10 1.02607e-06 -1.56767e-07)
(-10 1.70943e-06 -6.55803e-08)
(-10 1.69491e-06 -4.72566e-08)
(-10 1.82037e-06 -6.49367e-08)
(-10 2.00193e-06 -9.0359e-08)
(-10 2.14606e-06 -1.22182e-07)
(-10 2.27519e-06 -1.51815e-07)
(-10 2.36766e-06 -1.70008e-07)
(-10 2.443e-06 -1.97149e-07)
(-10 2.49588e-06 -1.94985e-07)
(-10 2.53378e-06 -1.88342e-07)
(-10 2.56412e-06 -1.90052e-07)
(-10 2.59973e-06 -1.89001e-07)
(-10 2.6529e-06 -1.8022e-07)
(-10 1.42552e-06 -1.91561e-07)
(-10 1.16829e-06 -1.67005e-07)
(-10 1.08121e-06 -1.94825e-07)
(-10 8.84588e-07 -1.79021e-07)
(-10 1.53037e-06 -4.73908e-08)
(-10 1.55193e-06 -3.8753e-08)
(-10 1.67018e-06 -6.48013e-08)
(-10 1.82048e-06 -1.02486e-07)
(-10 1.95212e-06 -1.44084e-07)
(-10 2.06105e-06 -1.7701e-07)
(-10 2.14738e-06 -2.04628e-07)
(-10 2.20832e-06 -2.08083e-07)
(-10 2.24872e-06 -2.19674e-07)
(-10 2.27477e-06 -2.17201e-07)
(-10 2.29598e-06 -1.88247e-07)
(-10 2.32443e-06 -1.72612e-07)
(-10 2.37332e-06 -1.75564e-07)
(-10 1.28549e-06 -1.824e-07)
(-10 1.06513e-06 -2.03642e-07)
(-10 9.07474e-07 -1.8197e-07)
(-10 7.94896e-07 -1.39222e-07)
(-10 1.29704e-06 -7.30755e-08)
(-10 1.34935e-06 -7.28655e-08)
(-10 1.49227e-06 -1.11825e-07)
(-10 1.61134e-06 -1.57243e-07)
(-10 1.72862e-06 -2.06301e-07)
(-10 1.8138e-06 -2.42309e-07)
(-10 1.87612e-06 -2.60712e-07)
(-10 1.92184e-06 -2.75012e-07)
(-10 1.95147e-06 -2.65342e-07)
(-10 1.97023e-06 -2.40279e-07)
(-10 1.98894e-06 -2.18524e-07)
(-10 2.01216e-06 -1.94378e-07)
(-10 2.0545e-06 -1.73059e-07)
(-10 1.11016e-06 -1.79218e-07)
(-10 9.18853e-07 -1.63157e-07)
(-10 8.52754e-07 -1.90186e-07)
(-10 7.00331e-07 -1.73499e-07)
(-10 9.90882e-07 -6.55104e-08)
(-10 1.12254e-06 -7.55292e-08)
(-10 1.2694e-06 -1.26665e-07)
(-10 1.40415e-06 -1.86688e-07)
(-10 1.44458e-06 -2.23088e-07)
(-10 1.51868e-06 -2.69028e-07)
(-10 1.55262e-06 -2.84709e-07)
(-10 1.59072e-06 -2.89363e-07)
(-10 1.60165e-06 -2.80097e-07)
(-10 1.61604e-06 -2.58126e-07)
(-10 1.61975e-06 -2.19489e-07)
(-10 1.65217e-06 -1.84468e-07)
(-10 1.68924e-06 -1.80574e-07)
(-10 9.1728e-07 -1.89004e-07)
(-10 7.69945e-07 -2.14948e-07)
(-10 7.03057e-07 -1.85694e-07)
(-10 6.43125e-07 -1.55211e-07)
(-10 6.23681e-07 -8.63783e-08)
(-10 8.12286e-07 -1.21553e-07)
(-10 1.16003e-06 -1.89781e-07)
(-10 1.13945e-06 -2.23294e-07)
(-10 1.1797e-06 -2.87305e-07)
(-10 1.19014e-06 -3.10342e-07)
(-10 1.21981e-06 -3.30162e-07)
(-10 1.22845e-06 -3.30657e-07)
(-10 1.23979e-06 -3.13224e-07)
(-10 1.24071e-06 -2.73073e-07)
(-10 1.26269e-06 -2.36671e-07)
(-10 1.28192e-06 -2.04376e-07)
(-10 1.31236e-06 -1.99533e-07)
(-10 7.03935e-07 -2.14519e-07)
(-10 6.03284e-07 -2.05545e-07)
(-10 6.74282e-07 -2.14408e-07)
(-10 6.049e-07 -1.95871e-07)
(-10 3.95844e-07 -9.17678e-08)
(-10 5.84826e-07 -1.34984e-07)
(-10 9.26887e-07 -1.88189e-07)
(-10 8.92429e-07 -2.28542e-07)
(-10 9.02851e-07 -2.90221e-07)
(-10 9.0672e-07 -3.18356e-07)
(-10 9.21129e-07 -3.27351e-07)
(-10 9.2061e-07 -3.21798e-07)
(-10 9.36184e-07 -2.98197e-07)
(-10 8.89046e-07 -2.73066e-07)
(-10 9.55343e-07 -2.22233e-07)
(-10 9.34697e-07 -2.25308e-07)
(-10 9.95504e-07 -1.9334e-07)
(-10 5.49558e-07 -2.27834e-07)
(-10 4.43403e-07 -2.28447e-07)
(-10 4.61599e-07 -2.11304e-07)
(-10 4.89726e-07 -1.85817e-07)
(-10 1.75286e-07 -1.64735e-07)
(-10 2.65469e-07 -1.55005e-07)
(-10 3.66472e-07 -1.8692e-07)
(-10 3.81122e-07 -2.39232e-07)
(-10 3.86555e-07 -3.04572e-07)
(-10 3.83599e-07 -3.13184e-07)
(-10 3.80622e-07 -3.41631e-07)
(-10 3.85377e-07 -3.25451e-07)
(-10 3.75525e-07 -2.9964e-07)
(-10 3.95662e-07 -2.56387e-07)
(-10 3.61709e-07 -2.4953e-07)
(-10 4.25409e-07 -1.97936e-07)
(-10 3.97717e-07 -2.24538e-07)
(-10 1.19834e-07 -2.26936e-07)
(-10 3.13242e-08 -2.22574e-07)
(-10 7.7123e-08 -2.04797e-07)
(-10 1.17261e-07 -1.93166e-07)
(-10 6.63524e-08 -1.62774e-07)
(-10 4.18596e-08 -2.14594e-07)
(-10 7.03393e-08 -2.43679e-07)
(-10 6.79647e-08 -3.23164e-07)
(-10 6.51093e-08 -3.61905e-07)
(-10 5.88076e-08 -3.95889e-07)
(-10 5.28965e-08 -4.0122e-07)
(-10 5.43143e-08 -3.90529e-07)
(-10 4.75863e-08 -3.551e-07)
(-10 5.20756e-08 -3.2704e-07)
(-10 4.15402e-08 -3.10265e-07)
(-10 6.02217e-08 -2.89885e-07)
(-10 2.45531e-08 -2.93855e-07)
(-10 -4.47143e-08 -2.97065e-07)
(-10 -4.85561e-08 -2.92471e-07)
(-10 -4.2877e-08 -2.70381e-07)
(-10 2.20972e-09 -2.31925e-07)
(-10 2.60513e-06 2.67923e-08)
(-10 2.71711e-06 1.9744e-08)
(-10 2.77593e-06 3.54234e-08)
(-10 2.81771e-06 3.89734e-08)
(-10 2.86654e-06 4.56308e-08)
(-10 2.92392e-06 4.5579e-08)
(-10 2.98594e-06 4.72535e-08)
(-10 3.06336e-06 5.05974e-08)
(-10 3.14404e-06 5.46068e-08)
(-10 3.22913e-06 7.80188e-08)
(-10 3.29309e-06 5.28923e-08)
(-10 3.38071e-06 9.26543e-08)
(-10 3.44829e-06 6.00872e-08)
(-10 2.19494e-06 1.36699e-07)
(-10 1.84864e-06 9.61577e-08)
(-10 1.8275e-06 1.46004e-07)
(-10 2.54123e-06 2.50442e-08)
(-10 2.7428e-06 3.01433e-08)
(-10 2.8082e-06 3.89853e-08)
(-10 2.86669e-06 4.35008e-08)
(-10 2.92781e-06 4.57564e-08)
(-10 2.99906e-06 4.51108e-08)
(-10 3.07932e-06 4.4566e-08)
(-10 3.16859e-06 4.43523e-08)
(-10 3.27023e-06 5.2262e-08)
(-10 3.36836e-06 4.4438e-08)
(-10 3.4772e-06 7.01497e-08)
(-10 3.59209e-06 7.41687e-08)
(-10 3.71989e-06 1.191e-07)
(-10 2.30545e-06 8.94508e-08)
(-10 2.13858e-06 1.36764e-07)
(-10 2.04184e-06 1.19441e-07)
(-10 2.52596e-06 3.5837e-08)
(-10 2.67434e-06 3.6367e-08)
(-10 2.75197e-06 4.30247e-08)
(-10 2.81852e-06 4.4892e-08)
(-10 2.88677e-06 4.43409e-08)
(-10 2.96236e-06 4.22112e-08)
(-10 3.04801e-06 3.9119e-08)
(-10 3.14405e-06 3.82133e-08)
(-10 3.25568e-06 3.67609e-08)
(-10 3.37881e-06 5.76294e-08)
(-10 3.51756e-06 4.46184e-08)
(-10 3.6697e-06 7.25888e-08)
(-10 3.83982e-06 6.80876e-08)
(-10 2.36792e-06 1.27047e-07)
(-10 2.17715e-06 1.15693e-07)
(-10 2.14507e-06 1.27523e-07)
(-10 2.46961e-06 3.45777e-08)
(-10 2.59071e-06 3.99408e-08)
(-10 2.67659e-06 4.31146e-08)
(-10 2.75129e-06 4.31311e-08)
(-10 2.82436e-06 3.93838e-08)
(-10 2.90414e-06 3.49139e-08)
(-10 2.99816e-06 3.2837e-08)
(-10 3.10852e-06 3.4094e-08)
(-10 3.23872e-06 4.42922e-08)
(-10 3.38765e-06 3.31824e-08)
(-10 3.55971e-06 6.51584e-08)
(-10 3.75045e-06 6.35713e-08)
(-10 3.96048e-06 1.05359e-07)
(-10 2.43559e-06 7.58976e-08)
(-10 2.25472e-06 1.10798e-07)
(-10 2.22954e-06 9.78368e-08)
(-10 2.41264e-06 4.76816e-08)
(-10 2.51885e-06 4.95295e-08)
(-10 2.60427e-06 4.99058e-08)
(-10 2.6765e-06 4.65301e-08)
(-10 2.74486e-06 4.09267e-08)
(-10 2.82364e-06 3.60775e-08)
(-10 2.92864e-06 3.48086e-08)
(-10 3.05894e-06 3.8385e-08)
(-10 3.21962e-06 4.09948e-08)
(-10 3.40027e-06 6.5273e-08)
(-10 3.60677e-06 4.92468e-08)
(-10 3.8324e-06 7.19291e-08)
(-10 4.07558e-06 5.56451e-08)
(-10 2.5113e-06 1.17477e-07)
(-10 2.32651e-06 9.68254e-08)
(-10 2.30886e-06 1.07415e-07)
(-10 2.36822e-06 4.8148e-08)
(-10 2.46714e-06 5.42486e-08)
(-10 2.54582e-06 5.24294e-08)
(-10 2.6081e-06 4.62393e-08)
(-10 2.64327e-06 3.80773e-08)
(-10 2.71362e-06 3.28364e-08)
(-10 2.83937e-06 3.38649e-08)
(-10 3.00742e-06 3.99571e-08)
(-10 3.20257e-06 5.19902e-08)
(-10 3.42664e-06 4.34817e-08)
(-10 3.66359e-06 7.30857e-08)
(-10 3.92716e-06 6.25488e-08)
(-10 4.19434e-06 9.98505e-08)
(-10 2.59918e-06 6.21281e-08)
(-10 2.40751e-06 9.73569e-08)
(-10 2.36091e-06 7.86192e-08)
(-10 2.33865e-06 6.1575e-08)
(-10 2.43253e-06 6.47905e-08)
(-10 2.52884e-06 6.07036e-08)
(-10 2.55099e-06 5.11282e-08)
(-10 2.50557e-06 4.19032e-08)
(-10 2.54566e-06 3.64018e-08)
(-10 2.71911e-06 3.75472e-08)
(-10 2.9456e-06 4.56496e-08)
(-10 3.19915e-06 5.30959e-08)
(-10 3.46041e-06 7.50264e-08)
(-10 3.73507e-06 5.43925e-08)
(-10 4.02076e-06 7.12157e-08)
(-10 4.31602e-06 4.62358e-08)
(-10 2.69528e-06 1.0651e-07)
(-10 2.48322e-06 8.60169e-08)
(-10 2.38824e-06 8.76879e-08)
(-10 2.3061e-06 5.79987e-08)
(-10 2.40959e-06 7.30061e-08)
(-10 2.58763e-06 6.56346e-08)
(-10 2.52616e-06 5.20475e-08)
(-10 2.23655e-06 3.83949e-08)
(-10 2.24032e-06 2.95819e-08)
(-10 2.55167e-06 3.10289e-08)
(-10 2.86308e-06 4.07504e-08)
(-10 3.18873e-06 5.48277e-08)
(-10 3.47682e-06 4.37019e-08)
(-10 3.77681e-06 6.78961e-08)
(-10 4.07e-06 5.28767e-08)
(-10 4.38887e-06 8.53751e-08)
(-10 2.73414e-06 4.36384e-08)
(-10 2.50844e-06 6.78692e-08)
(-10 2.37359e-06 6.18668e-08)
(-10 2.49217e-06 6.85827e-08)
(-10 2.70468e-06 6.57977e-08)
(-10 2.76205e-06 7.02648e-08)
(-10 2.60174e-06 4.53161e-08)
(-10 2.43897e-06 3.18776e-08)
(-10 2.27091e-06 2.14335e-08)
(-10 2.34555e-06 2.11655e-08)
(-10 2.75055e-06 3.13373e-08)
(-10 3.12694e-06 3.83751e-08)
(-10 3.42508e-06 6.21029e-08)
(-10 3.69731e-06 3.72104e-08)
(-10 3.99161e-06 5.22273e-08)
(-10 4.29068e-06 1.90627e-08)
(-10 2.65378e-06 7.75829e-08)
(-10 2.36266e-06 8.48616e-08)
(-10 2.15516e-06 6.44052e-08)
(-10 2.81747e-06 4.59849e-08)
(-10 3.00419e-06 1.49843e-07)
(-10 2.91643e-06 8.10947e-08)
(-10 2.78865e-06 6.27354e-09)
(-10 2.92642e-06 3.50451e-08)
(-10 2.77523e-06 9.32425e-09)
(-10 2.64426e-06 -1.42417e-08)
(-10 2.86512e-06 5.01358e-09)
(-10 3.05735e-06 2.70805e-08)
(-10 3.25734e-06 1.509e-08)
(-10 3.45738e-06 3.7599e-08)
(-10 3.69489e-06 2.41805e-08)
(-10 3.99929e-06 6.80381e-08)
(-10 2.33002e-06 6.23077e-08)
(-10 2.05159e-06 5.99406e-08)
(-10 1.96667e-06 2.70356e-09)
(-10 2.89863e-06 5.14871e-08)
(-10 2.91752e-06 6.76233e-08)
(-10 2.85524e-06 1.04283e-07)
(-10 2.86826e-06 7.21812e-08)
(-10 3.02078e-06 5.67603e-08)
(-10 3.15829e-06 -3.19069e-09)
(-10 3.26364e-06 -4.75099e-08)
(-10 3.27241e-06 -3.16148e-08)
(-10 3.29016e-06 -2.37446e-08)
(-10 3.39513e-06 -6.78985e-09)
(-10 3.54584e-06 -3.56886e-08)
(-10 3.70507e-06 -1.63614e-08)
(-10 3.85149e-06 2.31581e-09)
(-10 2.15167e-06 6.76065e-08)
(-10 1.91671e-06 1.0415e-07)
(-10 1.76398e-06 9.45329e-08)
(-10 3.057e-06 -9.87692e-08)
(-10 2.75616e-06 9.62952e-08)
(-10 2.61689e-06 1.40444e-07)
(-10 2.77235e-06 1.00342e-07)
(-10 2.9785e-06 1.08713e-07)
(-10 3.37226e-06 -2.16898e-08)
(-10 3.66128e-06 -1.03953e-07)
(-10 3.64777e-06 -4.44765e-08)
(-10 3.69113e-06 -2.68148e-08)
(-10 3.78859e-06 -4.28447e-08)
(-10 3.92247e-06 -3.21198e-08)
(-10 4.0533e-06 -6.0789e-08)
(-10 4.12857e-06 -3.86913e-08)
(-10 2.35766e-06 -7.68416e-09)
(-10 1.99681e-06 2.45499e-08)
(-10 1.93606e-06 -5.53514e-08)
(-10 1.80499e-06 7.48908e-08)
(-10 3.11297e-06 1.83163e-08)
(-10 2.68429e-06 3.40287e-08)
(-10 2.43328e-06 9.72235e-08)
(-10 2.65548e-06 1.43317e-07)
(-10 3.11974e-06 5.19466e-08)
(-10 3.58557e-06 -6.28531e-08)
(-10 3.79843e-06 -3.60611e-08)
(-10 3.78978e-06 -1.4219e-08)
(-10 3.84058e-06 -1.44852e-08)
(-10 3.93754e-06 1.24981e-09)
(-10 4.04844e-06 -3.33511e-08)
(-10 4.16568e-06 -2.73585e-08)
(-10 4.27401e-06 -5.75153e-08)
(-10 2.61467e-06 -9.2534e-08)
(-10 2.26958e-06 -3.07485e-08)
(-10 2.0459e-06 5.20872e-08)
(-10 1.915e-06 -9.7917e-08)
(-10 2.93088e-06 -3.1179e-09)
(-10 2.69407e-06 3.85648e-08)
(-10 2.53603e-06 3.05697e-08)
(-10 2.74805e-06 3.63929e-08)
(-10 3.27493e-06 7.02675e-09)
(-10 3.60342e-06 -2.82818e-08)
(-10 3.70148e-06 -2.85191e-08)
(-10 3.76957e-06 -2.50587e-08)
(-10 3.85177e-06 -2.37593e-08)
(-10 3.93802e-06 -4.73579e-08)
(-10 4.03382e-06 -4.22402e-08)
(-10 4.13155e-06 -7.11793e-08)
(-10 4.23835e-06 -6.90331e-08)
(-10 2.68954e-06 -5.36173e-08)
(-10 2.38111e-06 -8.25958e-08)
(-10 2.18404e-06 -2.01557e-07)
(-10 2.08312e-06 -9.936e-08)
(-10 2.79123e-06 2.16904e-08)
(-10 2.64437e-06 5.13384e-09)
(-10 2.70456e-06 1.30994e-08)
(-10 2.96031e-06 -3.72441e-09)
(-10 3.24579e-06 -1.49979e-08)
(-10 3.46467e-06 -2.58849e-08)
(-10 3.6057e-06 -3.22153e-08)
(-10 3.71616e-06 -3.80787e-08)
(-10 3.80558e-06 -5.03632e-08)
(-10 3.89382e-06 -4.63228e-08)
(-10 3.97436e-06 -7.68609e-08)
(-10 4.05927e-06 -7.46669e-08)
(-10 4.15574e-06 -1.10107e-07)
(-10 2.67807e-06 -1.54139e-07)
(-10 2.40988e-06 -1.07424e-07)
(-10 2.25567e-06 -5.09989e-08)
(-10 2.13735e-06 -1.43966e-07)
(-10 2.63169e-06 -2.06457e-08)
(-10 2.45965e-06 6.10475e-08)
(-10 2.68793e-06 -1.61931e-08)
(-10 3.05541e-06 -8.92267e-08)
(-10 3.19004e-06 -5.31947e-08)
(-10 3.34027e-06 -5.34446e-08)
(-10 3.475e-06 -5.92048e-08)
(-10 3.58409e-06 -6.6419e-08)
(-10 3.6776e-06 -7.18277e-08)
(-10 3.7493e-06 -9.45052e-08)
(-10 3.81509e-06 -8.75098e-08)
(-10 3.87843e-06 -1.10087e-07)
(-10 3.95291e-06 -1.02025e-07)
(-10 2.57565e-06 -8.54923e-08)
(-10 2.31195e-06 -1.23579e-07)
(-10 2.15524e-06 -2.1065e-07)
(-10 2.12708e-06 -1.38461e-07)
(-10 2.4845e-06 -1.05633e-08)
(-10 2.35351e-06 -2.67069e-08)
(-10 2.60233e-06 -3.32492e-08)
(-10 2.94495e-06 -5.67302e-08)
(-10 3.04834e-06 -6.3809e-08)
(-10 3.17775e-06 -7.23818e-08)
(-10 3.30113e-06 -8.18276e-08)
(-10 3.40455e-06 -9.11988e-08)
(-10 3.47942e-06 -1.04916e-07)
(-10 3.54163e-06 -9.80228e-08)
(-10 3.58833e-06 -1.1977e-07)
(-10 3.63677e-06 -1.11317e-07)
(-10 3.70059e-06 -1.3381e-07)
(-10 2.39263e-06 -1.61663e-07)
(-10 2.13901e-06 -1.37646e-07)
(-10 2.028e-06 -6.82547e-08)
(-10 1.95998e-06 -1.59076e-07)
(-10 2.31925e-06 -6.444e-08)
(-10 2.31004e-06 -4.2426e-08)
(-10 2.46704e-06 -6.69666e-08)
(-10 2.67496e-06 -8.31047e-08)
(-10 2.82433e-06 -9.66528e-08)
(-10 2.95817e-06 -1.08783e-07)
(-10 3.0724e-06 -1.18768e-07)
(-10 3.15986e-06 -1.28281e-07)
(-10 3.22806e-06 -1.30694e-07)
(-10 3.27267e-06 -1.47023e-07)
(-10 3.30734e-06 -1.3445e-07)
(-10 3.34067e-06 -1.43739e-07)
(-10 3.38763e-06 -1.31774e-07)
(-10 2.19505e-06 -1.32995e-07)
(-10 1.99114e-06 -1.38154e-07)
(-10 1.82016e-06 -1.81482e-07)
(-10 1.70597e-06 -1.03974e-07)
(-10 2.09684e-06 -4.81803e-08)
(-10 2.12728e-06 -7.17606e-08)
(-10 2.25934e-06 -7.61668e-08)
(-10 2.41953e-06 -9.17933e-08)
(-10 2.55819e-06 -1.11971e-07)
(-10 2.68165e-06 -1.27256e-07)
(-10 2.77866e-06 -1.3879e-07)
(-10 2.85372e-06 -1.47728e-07)
(-10 2.90246e-06 -1.55036e-07)
(-10 2.93568e-06 -1.46094e-07)
(-10 2.95759e-06 -1.51488e-07)
(-10 2.98457e-06 -1.38842e-07)
(-10 3.02861e-06 -1.48407e-07)
(-10 1.95923e-06 -1.39876e-07)
(-10 1.78179e-06 -1.583e-07)
(-10 1.64014e-06 -7.58592e-08)
(-10 1.49332e-06 -1.46281e-07)
(-10 1.80077e-06 -8.81021e-08)
(-10 1.86641e-06 -7.79474e-08)
(-10 2.00265e-06 -1.03061e-07)
(-10 2.13689e-06 -1.2346e-07)
(-10 2.25195e-06 -1.42731e-07)
(-10 2.3485e-06 -1.58446e-07)
(-10 2.42794e-06 -1.68981e-07)
(-10 2.4804e-06 -1.74696e-07)
(-10 2.51952e-06 -1.73945e-07)
(-10 2.53628e-06 -1.75319e-07)
(-10 2.55639e-06 -1.58936e-07)
(-10 2.57454e-06 -1.5693e-07)
(-10 2.60546e-06 -1.42461e-07)
(-10 1.70074e-06 -1.58843e-07)
(-10 1.56142e-06 -1.57562e-07)
(-10 1.40426e-06 -1.91979e-07)
(-10 1.30552e-06 -1.16028e-07)
(-10 1.43727e-06 -7.60974e-08)
(-10 1.5529e-06 -9.87295e-08)
(-10 1.70414e-06 -1.12747e-07)
(-10 1.83435e-06 -1.36971e-07)
(-10 1.88773e-06 -1.55315e-07)
(-10 1.97147e-06 -1.75716e-07)
(-10 2.00976e-06 -1.84081e-07)
(-10 2.05826e-06 -1.9186e-07)
(-10 2.06743e-06 -1.91056e-07)
(-10 2.09236e-06 -1.779e-07)
(-10 2.09371e-06 -1.72164e-07)
(-10 2.12169e-06 -1.57705e-07)
(-10 2.14443e-06 -1.63295e-07)
(-10 1.41133e-06 -1.6942e-07)
(-10 1.25823e-06 -1.6613e-07)
(-10 1.22326e-06 -1.15568e-07)
(-10 1.12602e-06 -1.51719e-07)
(-10 9.82834e-07 -1.06552e-07)
(-10 1.12961e-06 -1.17846e-07)
(-10 1.51309e-06 -1.44575e-07)
(-10 1.45442e-06 -1.48977e-07)
(-10 1.5475e-06 -1.87998e-07)
(-10 1.51333e-06 -1.8383e-07)
(-10 1.60303e-06 -2.09872e-07)
(-10 1.55945e-06 -1.98118e-07)
(-10 1.62838e-06 -2.03812e-07)
(-10 1.57397e-06 -1.93933e-07)
(-10 1.64162e-06 -1.79084e-07)
(-10 1.61682e-06 -1.86466e-07)
(-10 1.67249e-06 -1.71845e-07)
(-10 1.08031e-06 -1.68892e-07)
(-10 1.02327e-06 -1.80068e-07)
(-10 1.02044e-06 -2.01977e-07)
(-10 9.96169e-07 -1.37264e-07)
(-10 6.53473e-07 -1.11942e-07)
(-10 8.86724e-07 -1.2436e-07)
(-10 1.11421e-06 -1.30101e-07)
(-10 1.16168e-06 -1.71027e-07)
(-10 1.10939e-06 -1.67086e-07)
(-10 1.17655e-06 -2.03915e-07)
(-10 1.14063e-06 -1.92053e-07)
(-10 1.19506e-06 -2.10221e-07)
(-10 1.15408e-06 -1.97556e-07)
(-10 1.20508e-06 -1.91904e-07)
(-10 1.19244e-06 -1.82816e-07)
(-10 1.23335e-06 -1.76938e-07)
(-10 1.22122e-06 -1.71651e-07)
(-10 7.9588e-07 -1.94134e-07)
(-10 6.84724e-07 -1.90161e-07)
(-10 7.60195e-07 -1.48928e-07)
(-10 7.51646e-07 -1.53811e-07)
(-10 3.14413e-07 -1.21424e-07)
(-10 3.92676e-07 -1.4237e-07)
(-10 5.04517e-07 -1.58187e-07)
(-10 5.14969e-07 -1.73181e-07)
(-10 5.28234e-07 -2.08596e-07)
(-10 5.21083e-07 -2.06682e-07)
(-10 5.26228e-07 -2.26788e-07)
(-10 5.26534e-07 -2.2015e-07)
(-10 5.0184e-07 -2.09491e-07)
(-10 5.28041e-07 -2.02289e-07)
(-10 4.9771e-07 -2.00809e-07)
(-10 5.39633e-07 -1.83382e-07)
(-10 4.88635e-07 -2.10632e-07)
(-10 2.58234e-07 -1.95944e-07)
(-10 2.01828e-07 -1.91624e-07)
(-10 2.1356e-07 -1.84382e-07)
(-10 2.78509e-07 -1.47448e-07)
(-10 8.67383e-08 -1.47722e-07)
(-10 7.78837e-08 -1.68073e-07)
(-10 1.09429e-07 -1.74518e-07)
(-10 1.07132e-07 -2.21648e-07)
(-10 1.0525e-07 -2.13187e-07)
(-10 9.53199e-08 -2.55067e-07)
(-10 9.57314e-08 -2.44563e-07)
(-10 8.35705e-08 -2.58917e-07)
(-10 9.21213e-08 -2.48535e-07)
(-10 7.09315e-08 -2.39945e-07)
(-10 9.76386e-08 -2.30137e-07)
(-10 6.42599e-08 -2.43707e-07)
(-10 7.07959e-08 -2.38653e-07)
(-10 -1.13056e-08 -2.4163e-07)
(-10 -2.98143e-08 -2.31477e-07)
(-10 1.30101e-08 -1.96067e-07)
(-10 3.86652e-08 -1.75707e-07)
)
;

boundaryField
{
    frontAndBack
    {
        type            slip;
    }
    inlet
    {
        type            fixedValue;
        value           nonuniform List<vector> 0();
    }
    outlet
    {
        type            inletOutlet;
        inletValue      nonuniform List<vector> 0();
        value           nonuniform List<vector> 0();
    }
    lowerWall
    {
        type            fixedValue;
        value           uniform (-10 0 0);
    }
    upperWall
    {
        type            slip;
    }
    procBoundary4to1
    {
        type            processor;
        value           nonuniform List<vector> 
82
(
(-10 6.98394e-07 1.97396e-07)
(-10 2.12764e-06 1.06208e-07)
(-10 2.18787e-06 1.06749e-07)
(-10 2.22273e-06 9.25038e-08)
(-10 2.2454e-06 1.37236e-07)
(-10 2.27228e-06 1.3677e-07)
(-10 2.29884e-06 4.57093e-08)
(-10 2.33376e-06 5.99347e-08)
(-10 2.37099e-06 5.16981e-08)
(-10 2.4078e-06 6.40039e-08)
(-10 2.4464e-06 4.44313e-08)
(-10 2.48876e-06 6.64854e-08)
(-10 2.5316e-06 1.04449e-07)
(-10 2.55352e-06 1.32285e-07)
(-10 1.30446e-06 1.62526e-07)
(-10 9.50499e-07 1.45191e-07)
(-10 9.50499e-07 1.45191e-07)
(-10 7.57819e-07 2.56595e-07)
(-10 2.1436e-06 1.86704e-07)
(-10 2.27797e-06 1.78288e-07)
(-10 2.28778e-06 1.60796e-07)
(-10 2.30798e-06 2.11523e-07)
(-10 2.3201e-06 2.19924e-07)
(-10 2.35298e-06 1.81345e-07)
(-10 2.40001e-06 1.36826e-07)
(-10 2.44918e-06 1.22372e-07)
(-10 2.49743e-06 5.59211e-08)
(-10 2.53772e-06 7.88877e-08)
(-10 2.57101e-06 1.53334e-07)
(-10 2.57858e-06 1.95276e-07)
(-10 2.56892e-06 2.77757e-07)
(-10 1.28618e-06 3.18425e-07)
(-10 9.06797e-07 2.26482e-07)
(-10 7.57819e-07 2.56595e-07)
(-10 2.19162e-06 1.18529e-07)
(-10 2.33189e-06 1.13275e-07)
(-10 2.32081e-06 1.19915e-07)
(-10 2.32189e-06 1.36526e-07)
(-10 2.35623e-06 1.56897e-07)
(-10 2.41027e-06 1.74705e-07)
(-10 2.44619e-06 1.43122e-07)
(-10 2.49241e-06 1.03515e-07)
(-10 2.53393e-06 6.52835e-08)
(-10 2.56996e-06 9.18372e-08)
(-10 2.59526e-06 7.41905e-08)
(-10 2.60593e-06 1.45411e-07)
(-10 2.61314e-06 2.1458e-07)
(-10 1.33878e-06 2.96128e-07)
(-10 9.65819e-07 3.29643e-07)
(-10 7.75905e-07 2.54355e-07)
(-10 2.26051e-06 4.42276e-08)
(-10 2.34642e-06 4.17959e-08)
(-10 2.3422e-06 5.09828e-08)
(-10 2.35273e-06 6.18299e-08)
(-10 2.37896e-06 7.15317e-08)
(-10 2.40156e-06 7.12319e-08)
(-10 2.45118e-06 7.87967e-08)
(-10 2.50419e-06 6.57473e-08)
(-10 2.54704e-06 9.0253e-08)
(-10 2.57427e-06 9.86301e-08)
(-10 2.60135e-06 1.04826e-07)
(-10 2.62873e-06 1.25336e-07)
(-10 2.65091e-06 1.74492e-07)
(-10 1.38978e-06 1.75488e-07)
(-10 1.01667e-06 2.15103e-07)
(-10 8.27028e-07 2.12152e-07)
(-10 2.50488e-06 1.81349e-09)
(-10 2.61269e-06 2.00148e-08)
(-10 2.62211e-06 1.65198e-08)
(-10 2.64576e-06 2.46577e-08)
(-10 2.68023e-06 2.67286e-08)
(-10 2.72033e-06 3.15934e-08)
(-10 2.7627e-06 3.24519e-08)
(-10 2.81122e-06 3.88371e-08)
(-10 2.84748e-06 4.99596e-08)
(-10 2.89753e-06 6.24735e-08)
(-10 2.95969e-06 1.03676e-07)
(-10 2.99597e-06 8.80627e-08)
(-10 3.06268e-06 1.08319e-07)
(-10 1.82674e-06 7.39265e-08)
(-10 1.53133e-06 1.28309e-07)
(-10 1.38358e-06 7.95146e-08)
)
;
    }
    procBoundary4to2
    {
        type            processor;
        value           uniform (-10 6.83059e-07 2.1983e-07);
    }
    procBoundary4to3
    {
        type            processor;
        value           nonuniform List<vector> 
125
(
(-10 2.34709e-06 1.04397e-07)
(-10 2.44168e-06 5.5902e-08)
(-10 2.34541e-06 9.51539e-08)
(-10 2.23541e-06 3.6358e-08)
(-10 2.13168e-06 9.69528e-08)
(-10 2.00738e-06 1.53705e-08)
(-10 1.94954e-06 1.03001e-07)
(-10 2.10513e-06 6.27648e-09)
(-10 2.45967e-06 3.8283e-08)
(-10 2.64343e-06 5.40285e-10)
(-10 2.64283e-06 4.57693e-09)
(-10 2.57753e-06 -2.16462e-08)
(-10 2.49874e-06 -2.1062e-08)
(-10 2.37143e-06 -4.7542e-08)
(-10 2.21316e-06 -5.60949e-08)
(-10 2.03566e-06 -6.39163e-08)
(-10 1.87964e-06 -6.05895e-08)
(-10 1.68899e-06 -7.22192e-08)
(-10 1.4565e-06 -7.00793e-08)
(-10 1.18123e-06 -5.64226e-08)
(-10 9.30628e-07 -4.51839e-08)
(-10 7.15097e-07 -4.22688e-08)
(-10 5.10258e-07 -7.97688e-08)
(-10 1.2639e-07 -9.06913e-08)
(-10 -4.74404e-08 -9.79252e-08)
(-10 2.35151e-06 2.26027e-07)
(-10 2.37462e-06 1.19494e-07)
(-10 2.29931e-06 1.75671e-07)
(-10 2.19101e-06 8.53317e-08)
(-10 2.08378e-06 1.56554e-07)
(-10 1.9642e-06 7.47149e-08)
(-10 1.88242e-06 1.7602e-07)
(-10 2.00818e-06 1.15294e-07)
(-10 2.36705e-06 6.59646e-08)
(-10 2.5859e-06 -1.02222e-07)
(-10 2.61285e-06 -1.99972e-08)
(-10 2.58e-06 -1.30994e-07)
(-10 2.53873e-06 -3.32989e-08)
(-10 2.43254e-06 -1.5247e-07)
(-10 2.29713e-06 -8.29254e-08)
(-10 2.12043e-06 -1.67231e-07)
(-10 1.94633e-06 -1.04182e-07)
(-10 1.74942e-06 -1.73325e-07)
(-10 1.50603e-06 -1.21054e-07)
(-10 1.24221e-06 -1.17663e-07)
(-10 9.52557e-07 -7.17124e-08)
(-10 7.02087e-07 -9.78894e-08)
(-10 5.2934e-07 -1.26641e-07)
(-10 1.66631e-07 -1.39045e-07)
(-10 -6.93859e-09 -1.66273e-07)
(-10 2.3228e-06 1.20541e-07)
(-10 2.33199e-06 9.72375e-08)
(-10 2.25678e-06 1.03624e-07)
(-10 2.15119e-06 8.05749e-08)
(-10 2.0622e-06 1.00856e-07)
(-10 1.97547e-06 9.97649e-08)
(-10 1.92255e-06 1.22771e-07)
(-10 1.92949e-06 1.39657e-07)
(-10 2.18859e-06 2.09848e-08)
(-10 2.51547e-06 -1.27146e-07)
(-10 2.62914e-06 -2.1022e-07)
(-10 2.5963e-06 -1.61248e-07)
(-10 2.53491e-06 -8.67025e-08)
(-10 2.42081e-06 -1.01737e-07)
(-10 2.28678e-06 -7.99952e-08)
(-10 2.11779e-06 -1.18025e-07)
(-10 1.947e-06 -9.0273e-08)
(-10 1.75737e-06 -1.1585e-07)
(-10 1.52814e-06 -8.13939e-08)
(-10 1.27382e-06 -9.04332e-08)
(-10 9.81863e-07 -4.92383e-08)
(-10 7.20371e-07 -6.13792e-08)
(-10 4.77072e-07 -9.17009e-08)
(-10 2.03388e-07 -8.5559e-08)
(-10 3.29233e-08 -1.24338e-07)
(-10 2.34758e-06 6.02474e-08)
(-10 2.27939e-06 3.40167e-08)
(-10 2.22161e-06 5.44137e-08)
(-10 2.12543e-06 4.79694e-08)
(-10 2.04242e-06 7.61372e-08)
(-10 1.96941e-06 7.04605e-08)
(-10 1.92133e-06 9.71821e-08)
(-10 1.88336e-06 7.39278e-08)
(-10 2.05952e-06 3.93272e-08)
(-10 2.31808e-06 -5.85231e-08)
(-10 2.59976e-06 -1.35313e-07)
(-10 2.7226e-06 -2.0345e-07)
(-10 2.59057e-06 -7.25533e-08)
(-10 2.43834e-06 -4.255e-08)
(-10 2.28567e-06 -3.18076e-08)
(-10 2.12136e-06 -6.3801e-08)
(-10 1.9535e-06 -6.09188e-08)
(-10 1.76705e-06 -9.23157e-08)
(-10 1.54239e-06 -8.27002e-08)
(-10 1.28915e-06 -1.01666e-07)
(-10 1.0111e-06 -8.75201e-08)
(-10 6.94168e-07 -1.16851e-07)
(-10 5.19131e-07 -1.02601e-07)
(-10 2.22188e-07 -1.19128e-07)
(-10 2.20556e-08 -1.80904e-07)
(-10 2.5042e-06 2.51715e-08)
(-10 2.4859e-06 2.1641e-08)
(-10 2.44629e-06 2.67123e-08)
(-10 2.38292e-06 2.72135e-08)
(-10 2.33892e-06 3.84954e-08)
(-10 2.30891e-06 4.07712e-08)
(-10 2.29155e-06 5.14625e-08)
(-10 2.27191e-06 4.09556e-08)
(-10 2.47834e-06 4.86765e-08)
(-10 2.80633e-06 -5.36935e-09)
(-10 2.99182e-06 3.84673e-08)
(-10 3.24443e-06 -1.03775e-07)
(-10 3.30796e-06 2.16491e-09)
(-10 3.09162e-06 -1.19939e-08)
(-10 2.92742e-06 1.53448e-08)
(-10 2.75563e-06 -3.27391e-08)
(-10 2.56997e-06 -2.11905e-08)
(-10 2.35537e-06 -7.22346e-08)
(-10 2.08968e-06 -5.92568e-08)
(-10 1.78621e-06 -9.05069e-08)
(-10 1.42931e-06 -8.04079e-08)
(-10 1.0657e-06 -1.08007e-07)
(-10 7.75122e-07 -8.17728e-08)
(-10 3.56568e-07 -1.18359e-07)
(-10 6.50766e-08 -1.49195e-07)
)
;
    }
    procBoundary4to5
    {
        type            processor;
        value           nonuniform List<vector> 
135
(
(-10 1.187e-06 6.60166e-08)
(-10 1.38739e-06 2.00614e-07)
(-10 1.33918e-06 2.65701e-08)
(-10 1.35735e-06 2.01111e-07)
(-10 1.32193e-06 -6.19032e-08)
(-10 1.19107e-06 1.58333e-07)
(-10 1.19107e-06 1.58333e-07)
(-10 8.32531e-07 1.35048e-07)
(-10 1.27459e-06 2.49703e-08)
(-10 6.69558e-07 -4.37946e-08)
(-10 5.60197e-07 1.84218e-08)
(-10 6.17288e-07 -3.10387e-08)
(-10 7.68571e-07 -5.95331e-08)
(-10 7.82018e-07 -8.19968e-08)
(-10 8.06523e-07 -7.18369e-08)
(-10 8.32804e-07 -8.58737e-08)
(-10 8.96112e-07 -3.49849e-08)
(-10 8.79654e-07 -1.30523e-07)
(-10 7.6075e-07 -1.96606e-08)
(-10 6.8753e-07 -6.20186e-08)
(-10 6.25674e-07 -9.95894e-09)
(-10 6.10452e-07 -4.44887e-08)
(-10 5.36363e-07 -2.60307e-08)
(-10 4.41905e-07 -3.49221e-08)
(-10 3.00885e-07 -4.37946e-08)
(-10 2.95318e-08 -4.60543e-08)
(-10 -2.73828e-08 -5.52397e-08)
(-10 1.14287e-06 2.27826e-07)
(-10 1.51865e-06 2.64521e-07)
(-10 1.54985e-06 1.56965e-07)
(-10 1.54233e-06 2.20858e-07)
(-10 1.54767e-06 2.51717e-08)
(-10 1.22177e-06 1.33048e-07)
(-10 1.27459e-06 2.49703e-08)
(-10 1.27459e-06 2.49703e-08)
(-10 7.25813e-07 6.76806e-08)
(-10 1.03864e-06 5.93668e-08)
(-10 5.98914e-07 1.88914e-08)
(-10 8.70323e-07 1.52725e-07)
(-10 5.9218e-07 -2.19177e-08)
(-10 8.16151e-07 -2.15931e-07)
(-10 8.70236e-07 -2.59427e-07)
(-10 9.17287e-07 -2.27263e-07)
(-10 8.45509e-07 -1.78618e-07)
(-10 8.62027e-07 -1.37864e-07)
(-10 8.56843e-07 -2.0051e-07)
(-10 7.8303e-07 -9.40006e-08)
(-10 6.6941e-07 -1.3211e-07)
(-10 5.83598e-07 -9.77734e-08)
(-10 5.92804e-07 -1.28278e-07)
(-10 5.34519e-07 -1.31033e-07)
(-10 4.66707e-07 -1.50229e-07)
(-10 3.27883e-07 -1.4329e-07)
(-10 5.67621e-08 -1.09555e-07)
(-10 -3.3664e-08 -1.50078e-07)
(-10 1.17643e-06 2.10408e-07)
(-10 1.47652e-06 2.41485e-07)
(-10 1.482e-06 2.12019e-07)
(-10 1.49374e-06 1.6033e-07)
(-10 1.44651e-06 1.51272e-07)
(-10 1.34333e-06 7.37092e-08)
(-10 1.25649e-06 1.53357e-07)
(-10 1.03864e-06 5.93668e-08)
(-10 8.70323e-07 1.52725e-07)
(-10 8.70323e-07 1.52725e-07)
(-10 4.88617e-07 -4.06192e-08)
(-10 6.59195e-07 7.32639e-08)
(-10 6.48692e-07 -1.19322e-07)
(-10 8.81163e-07 -3.05965e-07)
(-10 9.38636e-07 -2.32214e-07)
(-10 9.40546e-07 -2.09244e-07)
(-10 8.70292e-07 -1.18604e-07)
(-10 9.11937e-07 -1.02213e-07)
(-10 7.89985e-07 -9.59351e-08)
(-10 6.77538e-07 -1.29904e-07)
(-10 5.75604e-07 -1.04008e-07)
(-10 5.6557e-07 -1.40091e-07)
(-10 4.85894e-07 -1.35816e-07)
(-10 4.55366e-07 -1.67192e-07)
(-10 3.40235e-07 -1.35284e-07)
(-10 8.80791e-08 -1.24457e-07)
(-10 -1.30459e-08 -1.65322e-07)
(-10 1.23362e-06 2.06044e-07)
(-10 1.37829e-06 1.90938e-07)
(-10 1.41625e-06 1.83451e-07)
(-10 1.42299e-06 1.44356e-07)
(-10 1.41005e-06 1.3315e-07)
(-10 1.37237e-06 9.67113e-08)
(-10 1.23926e-06 1.11922e-07)
(-10 1.14235e-06 6.0525e-08)
(-10 8.97956e-07 1.26032e-07)
(-10 6.59195e-07 7.32639e-08)
(-10 6.59195e-07 7.32639e-08)
(-10 5.33892e-07 3.24987e-08)
(-10 1.73323e-06 -6.46489e-08)
(-10 7.47902e-07 -1.64378e-07)
(-10 9.72653e-07 -2.12089e-07)
(-10 1.02152e-06 -1.81802e-07)
(-10 1.00078e-06 -1.5852e-07)
(-10 9.30213e-07 -1.59626e-07)
(-10 8.09826e-07 -1.43473e-07)
(-10 6.65175e-07 -1.49656e-07)
(-10 5.95962e-07 -1.4818e-07)
(-10 5.19551e-07 -1.64719e-07)
(-10 4.95327e-07 -1.73156e-07)
(-10 4.32773e-07 -1.87859e-07)
(-10 3.68854e-07 -1.82678e-07)
(-10 1.08765e-07 -1.80656e-07)
(-10 7.34666e-09 -2.31492e-07)
(-10 1.70372e-06 1.02701e-07)
(-10 2.08233e-06 1.27184e-07)
(-10 2.1299e-06 1.05356e-07)
(-10 2.22102e-06 9.71495e-08)
(-10 2.25599e-06 8.18266e-08)
(-10 2.27301e-06 7.0707e-08)
(-10 2.2436e-06 5.19601e-08)
(-10 2.1006e-06 7.01695e-08)
(-10 1.94266e-06 -2.61368e-08)
(-10 1.61717e-06 2.11591e-10)
(-10 1.73323e-06 -6.46489e-08)
(-10 1.73323e-06 -6.46489e-08)
(-10 1.69525e-06 -5.27519e-09)
(-10 1.99294e-06 -8.95624e-08)
(-10 2.0509e-06 -9.18826e-08)
(-10 1.93727e-06 -1.20663e-07)
(-10 1.895e-06 -1.39032e-07)
(-10 1.70059e-06 -1.18517e-07)
(-10 1.476e-06 -9.67904e-08)
(-10 1.26294e-06 -1.13856e-07)
(-10 1.13328e-06 -1.08238e-07)
(-10 9.5149e-07 -1.25313e-07)
(-10 8.14274e-07 -1.24316e-07)
(-10 6.36214e-07 -1.35155e-07)
(-10 2.56445e-07 -1.28921e-07)
(-10 3.43037e-08 -1.61404e-07)
)
;
    }
}


// ************************************************************************* //
