/*--------------------------------*- C++ -*----------------------------------*\
  =========                 |
  \\      /  F ield         | OpenFOAM: The Open Source CFD Toolbox
   \\    /   O peration     | Website:  https://openfoam.org
    \\  /    A nd           | Version:  10
     \\/     M anipulation  |
\*---------------------------------------------------------------------------*/
FoamFile
{
    format      ascii;
    class       surfaceScalarField;
    location    "0";
    object      phi;
}
// * * * * * * * * * * * * * * * * * * * * * * * * * * * * * * * * * * * * * //

dimensions      [0 3 -1 0 0 0 0];

internalField   nonuniform List<scalar> 
5609
(
-200
6.79691e-07
1.47676e-06
-200
2.31629e-06
3.95258e-06
-200
3.86067e-06
5.44224e-06
-200
5.17699e-06
6.13653e-06
-200
6.50376e-06
6.04848e-06
-200
6.50618e-06
5.43632e-06
-200
6.91374e-06
5.15731e-06
-200
5.95524e-06
4.98971e-06
-200
5.78868e-06
5.83067e-06
-200
5.45391e-06
7.0802e-06
-200
5.7909e-06
8.91858e-06
-200
7.51413e-06
1.11561e-05
-200
9.45997e-06
1.28894e-05
-200
1.1959e-05
1.47836e-05
-200
1.47862e-05
1.63539e-05
1.60916e-05
1.78859e-05
-200
1.38148e-06
1.48708e-06
-200
4.44832e-06
3.7986e-06
-200
7.22973e-06
5.20204e-06
-200
9.92832e-06
5.84657e-06
-200
1.16093e-05
5.52576e-06
-200
1.24939e-05
5.20852e-06
-200
1.24813e-05
4.7462e-06
-200
1.20903e-05
5.09649e-06
-200
1.17817e-05
5.96661e-06
-200
1.2378e-05
7.51464e-06
-200
1.39692e-05
9.57463e-06
-200
1.77402e-05
1.15732e-05
-200
2.17947e-05
1.33611e-05
-200
2.71622e-05
1.5034e-05
-200
3.14389e-05
1.6164e-05
3.51435e-05
1.80829e-05
-200
2.11882e-06
1.45334e-06
-200
5.89509e-06
3.53671e-06
-200
9.67475e-06
4.85933e-06
-200
1.29831e-05
5.25192e-06
-200
1.49495e-05
4.95192e-06
-200
1.64832e-05
4.68995e-06
-200
1.65876e-05
4.49615e-06
-200
1.70425e-05
5.22374e-06
-200
1.77791e-05
6.46954e-06
-200
1.94175e-05
8.27977e-06
-200
2.37127e-05
1.05649e-05
-200
2.85984e-05
1.22277e-05
-200
3.56083e-05
1.40361e-05
-200
4.23399e-05
1.50204e-05
-200
4.77744e-05
1.60307e-05
5.43968e-05
1.75499e-05
-200
2.1245e-06
1.30181e-06
-200
6.48894e-06
3.29282e-06
-200
1.07877e-05
4.41045e-06
-200
1.43491e-05
4.60744e-06
-200
1.69717e-05
4.49329e-06
-200
1.86355e-05
4.1941e-06
-200
1.98361e-05
4.57187e-06
-200
2.11665e-05
5.58374e-06
-200
2.35127e-05
7.21294e-06
-200
2.72454e-05
9.46399e-06
-200
3.34467e-05
1.1379e-05
-200
4.05803e-05
1.32314e-05
-200
4.93848e-05
1.433e-05
-200
5.68896e-05
1.48797e-05
-200
6.4478e-05
1.59401e-05
7.02162e-05
1.65776e-05
-200
2.407e-06
1.23254e-06
-200
7.25659e-06
3.1068e-06
-200
1.18355e-05
4.03225e-06
-200
1.54722e-05
4.19755e-06
-200
1.87097e-05
4.15886e-06
-200
2.07759e-05
4.1303e-06
-200
2.31382e-05
4.91839e-06
-200
2.60923e-05
6.32549e-06
-200
2.99146e-05
8.25625e-06
-200
3.68298e-05
1.06935e-05
-200
4.40821e-05
1.23216e-05
-200
5.43733e-05
1.40483e-05
-200
6.34867e-05
1.4319e-05
-200
7.25167e-05
1.48224e-05
-200
8.15275e-05
1.52608e-05
8.78786e-05
1.56127e-05
-200
2.32179e-06
1.21303e-06
-200
7.21761e-06
2.9221e-06
-200
1.17446e-05
3.72014e-06
-200
1.5858e-05
4.03763e-06
-200
1.92191e-05
4.00489e-06
-200
2.23903e-05
4.47877e-06
-200
2.58268e-05
5.57455e-06
-200
3.04733e-05
7.26792e-06
-200
3.66698e-05
9.64447e-06
-200
4.53224e-05
1.15698e-05
-200
5.5147e-05
1.3476e-05
-200
6.64703e-05
1.41327e-05
-200
7.64097e-05
1.42792e-05
-200
8.69413e-05
1.43789e-05
-200
9.54592e-05
1.39787e-05
0.000103011
1.50316e-05
-200
2.60396e-06
1.19799e-06
-200
7.52413e-06
2.79637e-06
-200
1.21485e-05
3.64045e-06
-200
1.66695e-05
4.01324e-06
-200
2.05808e-05
4.26051e-06
-200
2.48356e-05
5.09279e-06
-200
3.00116e-05
6.54345e-06
-200
3.6058e-05
8.45987e-06
-200
4.54191e-05
1.09223e-05
-200
5.49664e-05
1.25065e-05
-200
6.79251e-05
1.41154e-05
-200
7.88435e-05
1.39357e-05
-200
9.08254e-05
1.40283e-05
-200
0.000101369
1.32863e-05
-200
0.000109826
1.28298e-05
0.000120105
1.31033e-05
-200
2.30322e-06
1.14876e-06
-200
6.98092e-06
2.75431e-06
-200
1.19055e-05
3.73153e-06
-200
1.64954e-05
4.17521e-06
-200
2.13397e-05
4.83207e-06
-200
2.65468e-05
5.97705e-06
-200
3.31365e-05
7.60368e-06
-200
4.13064e-05
9.92208e-06
-200
5.19154e-05
1.17312e-05
-200
6.37922e-05
1.3551e-05
-200
7.68553e-05
1.38475e-05
-200
8.87222e-05
1.37861e-05
-200
0.00010101
1.30037e-05
-200
0.000111093
1.18622e-05
-200
0.000121246
1.16274e-05
0.000128435
1.07929e-05
-200
2.35087e-06
1.14575e-06
-200
7.16498e-06
2.88519e-06
-200
1.2198e-05
3.90961e-06
-200
1.73997e-05
4.64595e-06
-200
2.30002e-05
5.5889e-06
-200
2.98587e-05
7.06314e-06
-200
3.74527e-05
8.83716e-06
-200
4.84376e-05
1.11707e-05
-200
5.94437e-05
1.25725e-05
-200
7.38638e-05
1.39569e-05
-200
8.57884e-05
1.3449e-05
-200
9.94316e-05
1.31728e-05
-200
0.000110608
1.15336e-05
-200
0.000121497
1.04749e-05
-200
0.000132285
9.48955e-06
0.000139993
8.3885e-06
-200
1.88578e-06
1.21627e-06
-200
6.57129e-06
3.06525e-06
-200
1.14769e-05
4.25217e-06
-200
1.7302e-05
5.29116e-06
-200
2.369e-05
6.57746e-06
-200
3.15837e-05
8.13069e-06
-200
4.09851e-05
1.03014e-05
-200
5.26682e-05
1.19088e-05
-200
6.54926e-05
1.35144e-05
-200
7.91671e-05
1.35091e-05
-200
9.17752e-05
1.32058e-05
-200
0.000104488
1.17239e-05
-200
0.0001154
1.00728e-05
-200
0.000126924
8.60197e-06
-200
0.000136201
6.59399e-06
0.000144441
6.39288e-06
-200
2.06832e-06
1.3507e-06
-200
6.26481e-06
3.2669e-06
-200
1.16745e-05
4.79696e-06
-200
1.78565e-05
6.06237e-06
-200
2.58069e-05
7.66667e-06
-200
3.44412e-05
9.32586e-06
-200
4.63964e-05
1.14866e-05
-200
5.81324e-05
1.26698e-05
-200
7.29966e-05
1.38044e-05
-200
8.51204e-05
1.30458e-05
-200
9.90238e-05
1.24021e-05
-200
0.000109828
1.01633e-05
-200
0.000121609
8.47159e-06
-200
0.000132091
6.0406e-06
-200
0.00014025
3.87573e-06
0.000151029
2.77805e-06
-200
1.41846e-06
1.38285e-06
-200
4.96197e-06
3.6254e-06
-200
1.05616e-05
5.38616e-06
-200
1.72994e-05
7.051e-06
-200
2.60829e-05
8.67174e-06
-200
3.6393e-05
1.07294e-05
-200
4.88442e-05
1.21421e-05
-200
6.21625e-05
1.35169e-05
-200
7.59418e-05
1.32852e-05
-200
8.84738e-05
1.27462e-05
-200
0.000100581
1.08241e-05
-200
0.000110934
8.8255e-06
-200
0.000121557
6.28603e-06
-200
0.000129958
3.24134e-06
-200
0.000138796
1.41866e-06
0.000145126
-1.03423e-06
-200
9.11897e-07
1.45339e-06
-200
4.68487e-06
4.14078e-06
-200
9.81432e-06
6.08467e-06
-200
1.80616e-05
8.10121e-06
-200
2.74368e-05
9.80246e-06
-200
4.03378e-05
1.18332e-05
-200
5.28829e-05
1.28252e-05
-200
6.81623e-05
1.37137e-05
-200
8.04088e-05
1.27846e-05
-200
9.39295e-05
1.18787e-05
-200
0.000103587
9.36152e-06
-200
0.000114234
7.28251e-06
-200
0.000122322
3.93638e-06
-200
0.000129558
9.35315e-07
-200
0.00013775
-1.60969e-06
0.000143092
-4.32627e-06
-200
1.2333e-07
1.71718e-06
-200
2.94244e-06
4.54656e-06
-200
8.34133e-06
7.01674e-06
-200
1.7181e-05
9.05456e-06
-200
2.84096e-05
1.11549e-05
-200
4.1907e-05
1.24597e-05
-200
5.62203e-05
1.35803e-05
-200
7.05789e-05
1.31719e-05
-200
8.34295e-05
1.24317e-05
-200
9.50428e-05
1.03491e-05
-200
0.000104455
8.27341e-06
-200
0.000113117
5.3373e-06
-200
0.000119118
1.91339e-06
-200
0.00012569
-9.85288e-07
-200
0.00013033
-4.69123e-06
0.000136512
-5.91617e-06
-200
3.59505e-07
1.9769e-06
-200
2.00817e-06
5.1067e-06
-200
8.4235e-06
8.04143e-06
-200
1.7799e-05
1.02177e-05
-200
3.15132e-05
1.22574e-05
-200
4.54669e-05
1.31414e-05
-200
6.17438e-05
1.37201e-05
-200
7.50978e-05
1.26488e-05
-200
8.90299e-05
1.15122e-05
-200
9.87615e-05
9.00789e-06
-200
0.00010886
6.92296e-06
-200
0.000115093
3.50903e-06
-200
0.000121081
5.13534e-07
-200
0.000125699
-2.98225e-06
-200
0.000127611
-6.6283e-06
-200
0.000132839
-9.46459e-06
0.000136897
-200
-8.25943e-07
2.03214e-06
-200
5.93064e-07
5.81768e-06
-200
7.57289e-06
9.02284e-06
-200
1.84281e-05
1.15211e-05
-200
3.2833e-05
1.29807e-05
-200
4.83036e-05
1.3791e-05
-200
6.401e-05
1.32112e-05
-200
7.80972e-05
1.21371e-05
-200
9.07258e-05
9.98148e-06
-200
0.00010098
7.89581e-06
-200
0.000109822
5.07459e-06
-200
0.000116044
2.16629e-06
-200
0.000121409
-8.68668e-07
-200
0.000123538
-4.94882e-06
-200
0.000127664
-7.20171e-06
-200
0.000128815
-1.0443e-05
0.000131761
-200
-7.19068e-07
2.20397e-06
-200
2.31681e-06
6.85974e-06
-200
9.05308e-06
1.01091e-05
-200
2.1816e-05
1.2731e-05
-200
3.59618e-05
1.36351e-05
-200
5.29786e-05
1.39597e-05
-200
6.75678e-05
1.25906e-05
-200
8.27829e-05
1.11163e-05
-200
9.40783e-05
8.49681e-06
-200
0.000105704
6.38031e-06
-200
0.000113283
3.29763e-06
-200
0.000120805
8.04725e-07
-200
0.000125117
-2.55315e-06
-200
0.000128803
-5.31423e-06
-200
0.00013086
-8.90171e-06
-200
0.000131559
-1.40842e-05
0.000138845
-1.52167e-05
-200
-9.51871e-07
2.69803e-06
-200
2.10015e-06
7.47729e-06
-200
9.61595e-06
1.12072e-05
-200
2.22628e-05
1.33303e-05
-200
3.71571e-05
1.41516e-05
-200
5.29892e-05
1.33752e-05
-200
6.81019e-05
1.1901e-05
-200
8.19135e-05
9.44663e-06
-200
9.41246e-05
7.09752e-06
-200
0.000104653
4.213e-06
-200
0.000113343
1.68858e-06
-200
0.000120608
-1.05099e-06
-200
0.000125457
-3.75495e-06
-200
0.000129844
-6.52172e-06
-200
0.000134232
-1.0665e-05
-200
0.000141217
-1.0748e-05
0.000141082
-1.66483e-05
-200
1.02538e-06
3.17362e-06
-200
3.27355e-06
7.92154e-06
-200
1.22115e-05
1.21182e-05
-200
2.35503e-05
1.36896e-05
-200
3.88477e-05
1.41692e-05
-200
5.33087e-05
1.26448e-05
-200
6.84718e-05
1.07429e-05
-200
8.13259e-05
7.82796e-06
-200
9.40731e-05
5.26006e-06
-200
0.000103922
2.18274e-06
-200
0.000113593
-1.62743e-07
-200
0.000120128
-2.91737e-06
-200
0.000126735
-4.78488e-06
-200
0.000132477
-6.48125e-06
-200
0.000137437
-8.14528e-06
-200
0.000141795
-1.35093e-05
0.000149586
-1.40928e-05
-200
-4.78429e-07
2.858e-06
-200
1.88889e-06
8.58475e-06
-200
9.55835e-06
1.21891e-05
-200
2.06055e-05
1.38952e-05
-200
3.47362e-05
1.34532e-05
-200
4.8155e-05
1.17417e-05
-200
6.25715e-05
9.16063e-06
-200
7.48604e-05
6.23925e-06
-200
8.6862e-05
3.11945e-06
-200
9.67315e-05
3.60026e-07
-200
0.000105592
-2.30576e-06
-200
0.000112778
-4.20565e-06
-200
0.00011978
-5.53561e-06
-200
0.000125875
-6.86385e-06
-200
0.000134779
-8.07217e-06
-200
0.00014382
-6.36761e-06
0.000146024
-9.70749e-06
-200
-1.27076e-06
3.0098e-06
-200
1.4947e-06
9.03729e-06
-200
5.85766e-06
1.22003e-05
-200
1.75531e-05
1.38411e-05
-200
2.92123e-05
1.24942e-05
-200
4.43797e-05
1.09601e-05
-200
5.55161e-05
7.55205e-06
-200
6.91147e-05
4.73599e-06
-200
7.85916e-05
1.2509e-06
-200
8.92886e-05
-1.28451e-06
-200
9.65458e-05
-3.80709e-06
-200
0.000104653
-5.10364e-06
-200
0.000111317
-5.9874e-06
-200
0.000120321
-5.20007e-06
-200
0.000127819
-3.94541e-06
-200
0.000133484
-6.43398e-06
0.000141275
-5.53848e-06
-200
-1.99747e-06
3.51e-06
-200
-4.9697e-06
8.76893e-06
-200
-2.33296e-07
1.28682e-05
-200
7.65864e-06
1.32444e-05
-200
1.87383e-05
1.22921e-05
-200
2.91749e-05
9.11223e-06
-200
4.23144e-05
6.63546e-06
-200
5.23589e-05
3.0731e-06
-200
6.27814e-05
2.73955e-07
-200
7.09363e-05
-2.50585e-06
-200
7.81533e-05
-4.35686e-06
-200
8.56333e-05
-5.27352e-06
-200
9.23253e-05
-5.03458e-06
-200
0.000101207
-3.92264e-06
-200
0.000108611
-2.9532e-06
-200
0.000118589
1.28466e-06
0.000119949
4.88756e-07
-200
-3.82019e-06
3.37308e-06
-200
-6.89239e-06
9.89809e-06
-200
-8.41357e-06
1.33357e-05
-200
-4.26527e-06
1.3969e-05
-200
4.40392e-06
1.23158e-05
-200
1.42316e-05
1.00044e-05
-200
2.22033e-05
6.1735e-06
-200
3.0609e-05
2.43282e-06
-200
4.0325e-05
-8.39585e-08
-200
4.71658e-05
-2.60432e-06
-200
5.61614e-05
-3.46139e-06
-200
6.0708e-05
-4.54318e-06
-200
7.07834e-05
-2.87371e-06
-200
7.55144e-05
-1.90706e-06
-200
8.5575e-05
2.19976e-06
-200
8.72696e-05
2.29755e-06
9.3184e-05
2.54928e-06
-200
-4.38143e-06
4.0205e-06
-200
-1.39285e-05
1.06049e-05
-200
-1.28699e-05
1.60749e-05
-200
-1.63035e-05
1.72411e-05
-200
-1.1002e-05
1.565e-05
-200
-6.55833e-06
1.13533e-05
-200
2.60379e-06
8.12288e-06
-200
1.15251e-05
5.2643e-06
-200
1.70673e-05
1.05208e-06
-200
2.56772e-05
-6.74697e-07
-200
2.9912e-05
-2.56279e-06
-200
3.90961e-05
-1.53075e-06
-200
4.2124e-05
-1.29111e-06
-200
5.18124e-05
1.71748e-06
-200
5.41799e-05
3.00543e-06
-200
6.07914e-05
5.46528e-06
6.34425e-05
7.55941e-06
-200
-5.97252e-06
4.16968e-06
-200
-8.36267e-06
1.37899e-05
-200
-2.13128e-05
1.8326e-05
-200
2.3748e-05
-200
2.0735e-05
-200
1.94548e-05
-200
1.25746e-05
-200
7.07148e-06
-200
5.13915e-06
-200
2.36738e-06
-200
1.86103e-06
-200
7.71946e-07
-200
2.55078e-06
-200
3.39118e-06
-200
5.99931e-06
-200
7.69645e-06
9.09187e-06
-200
5.19231e-06
-200
1.27908e-05
2.4901e-05
-200
6.95815e-07
2.01598e-06
-200
2.07571e-06
5.28389e-06
-200
3.48535e-06
7.54356e-06
-200
4.72394e-06
8.59516e-06
-200
5.68702e-06
8.69831e-06
-200
6.15024e-06
8.20523e-06
-200
6.27138e-06
7.82696e-06
-200
6.12209e-06
7.89084e-06
-200
6.00108e-06
8.77009e-06
-200
6.13272e-06
1.04718e-05
-200
6.81599e-06
1.2839e-05
-200
8.16597e-06
1.55362e-05
-200
1.01969e-05
1.81407e-05
-200
1.23502e-05
2.04507e-05
-200
1.44895e-05
2.26377e-05
1.63994e-05
2.48051e-05
-200
1.32876e-06
1.96353e-06
-200
4.03912e-06
5.11533e-06
-200
6.69425e-06
7.22324e-06
-200
8.99918e-06
8.16015e-06
-200
1.07127e-05
8.18344e-06
-200
1.16836e-05
7.76186e-06
-200
1.20906e-05
7.531e-06
-200
1.22892e-05
7.86639e-06
-200
1.25675e-05
9.02766e-06
-200
1.35735e-05
1.09771e-05
-200
1.55165e-05
1.34808e-05
-200
1.87628e-05
1.61444e-05
-200
2.28494e-05
1.85395e-05
-200
2.7141e-05
2.06039e-05
-200
3.12306e-05
2.25295e-05
3.43107e-05
2.456e-05
-200
1.88206e-06
1.8723e-06
-200
5.51401e-06
4.8286e-06
-200
8.97337e-06
6.70726e-06
-200
1.19761e-05
7.48851e-06
-200
1.42329e-05
7.45957e-06
-200
1.57084e-05
7.20203e-06
-200
1.67059e-05
7.28154e-06
-200
1.7605e-05
8.05376e-06
-200
1.89407e-05
9.67583e-06
-200
2.12679e-05
1.19546e-05
-200
2.49848e-05
1.4607e-05
-200
3.01666e-05
1.70969e-05
-200
3.60675e-05
1.91215e-05
-200
4.21202e-05
2.07756e-05
-200
4.76329e-05
2.22799e-05
5.28776e-05
2.40077e-05
-200
2.01627e-06
1.76167e-06
-200
6.19829e-06
4.48378e-06
-200
1.01967e-05
6.1418e-06
-200
1.37087e-05
6.77918e-06
-200
1.64492e-05
6.79035e-06
-200
1.85358e-05
6.77389e-06
-200
2.03775e-05
7.27081e-06
-200
2.23255e-05
8.54594e-06
-200
2.51429e-05
1.06289e-05
-200
2.91665e-05
1.32001e-05
-200
3.49195e-05
1.58435e-05
-200
4.18568e-05
1.79973e-05
-200
4.93676e-05
1.95436e-05
-200
5.68e-05
2.0648e-05
-200
6.34165e-05
2.17113e-05
6.87085e-05
2.30753e-05
-200
2.37651e-06
1.68041e-06
-200
6.968e-06
4.21461e-06
-200
1.13479e-05
5.71191e-06
-200
1.52223e-05
6.29062e-06
-200
1.84692e-05
6.44494e-06
-200
2.13204e-05
6.77144e-06
-200
2.41635e-05
7.72497e-06
-200
2.75649e-05
9.52594e-06
-200
3.20837e-05
1.19708e-05
-200
3.8199e-05
1.47264e-05
-200
4.58858e-05
1.7144e-05
-200
5.45052e-05
1.88739e-05
-200
6.34245e-05
1.98496e-05
-200
7.18237e-05
2.04031e-05
-200
7.95244e-05
2.10364e-05
8.69707e-05
2.19283e-05
-200
2.2983e-06
1.60682e-06
-200
7.02115e-06
3.99836e-06
-200
1.16201e-05
5.39768e-06
-200
1.58199e-05
6.01921e-06
-200
1.96185e-05
6.40343e-06
-200
2.33497e-05
7.12164e-06
-200
2.73407e-05
8.54986e-06
-200
3.23357e-05
1.07584e-05
-200
3.86665e-05
1.34471e-05
-200
4.6786e-05
1.61064e-05
-200
5.61461e-05
1.81376e-05
-200
6.61623e-05
1.92794e-05
-200
7.60176e-05
1.96291e-05
-200
8.52341e-05
1.96461e-05
-200
9.3664e-05
1.97608e-05
9.99977e-05
2.02535e-05
-200
2.52703e-06
1.57232e-06
-200
7.45841e-06
3.91868e-06
-200
1.22908e-05
5.32663e-06
-200
1.69226e-05
6.10434e-06
-200
2.14739e-05
6.81084e-06
-200
2.62173e-05
7.94727e-06
-200
3.16683e-05
9.83175e-06
-200
3.83427e-05
1.23185e-05
-200
4.6683e-05
1.50768e-05
-200
5.65985e-05
1.74114e-05
-200
6.75064e-05
1.89125e-05
-200
7.86098e-05
1.93813e-05
-200
8.92246e-05
1.91336e-05
-200
9.91441e-05
1.86454e-05
-200
0.000107948
1.82437e-05
0.000116495
1.8272e-05
-200
2.29852e-06
1.57353e-06
-200
7.18543e-06
3.93778e-06
-200
1.21838e-05
5.44764e-06
-200
1.72309e-05
6.45212e-06
-200
2.25222e-05
7.50974e-06
-200
2.82438e-05
9.05328e-06
-200
3.50639e-05
1.12583e-05
-200
4.32574e-05
1.38754e-05
-200
5.32299e-05
1.64124e-05
-200
6.44264e-05
1.82372e-05
-200
7.62327e-05
1.90039e-05
-200
8.7764e-05
1.87623e-05
-200
9.87125e-05
1.79155e-05
-200
0.000108925
1.68562e-05
-200
0.000117905
1.59783e-05
0.000124678
1.55856e-05
-200
2.46104e-06
1.63039e-06
-200
7.44632e-06
4.13272e-06
-200
1.27333e-05
5.84063e-06
-200
1.84078e-05
7.16028e-06
-200
2.45448e-05
8.58171e-06
-200
3.15267e-05
1.05206e-05
-200
3.97406e-05
1.29172e-05
-200
4.95909e-05
1.55125e-05
-200
6.09154e-05
1.7618e-05
-200
7.31641e-05
1.88006e-05
-200
8.54083e-05
1.87866e-05
-200
9.71677e-05
1.79007e-05
-200
0.000108326
1.64546e-05
-200
0.000118571
1.48452e-05
-200
0.000127761
1.34896e-05
0.000136875
1.2607e-05
-200
2.09583e-06
1.73352e-06
-200
6.88637e-06
4.44671e-06
-200
1.23281e-05
6.42091e-06
-200
1.85071e-05
8.06228e-06
-200
2.53919e-05
9.84877e-06
-200
3.34511e-05
1.20405e-05
-200
4.2837e-05
1.45076e-05
-200
5.38573e-05
1.68019e-05
-200
6.59458e-05
1.83327e-05
-200
7.84432e-05
1.86966e-05
-200
9.05194e-05
1.79509e-05
-200
0.00010205
1.63852e-05
-200
0.000112899
1.43189e-05
-200
0.000122922
1.21079e-05
-200
0.000131954
1.0181e-05
0.000138793
8.8489e-06
-200
2.11856e-06
1.90297e-06
-200
6.82498e-06
4.93484e-06
-200
1.25951e-05
7.27367e-06
-200
1.94012e-05
9.258e-06
-200
2.73773e-05
1.14011e-05
-200
3.66342e-05
1.37351e-05
-200
4.74206e-05
1.6132e-05
-200
5.9456e-05
1.79564e-05
-200
7.21853e-05
1.88091e-05
-200
8.46522e-05
1.83804e-05
-200
9.65582e-05
1.69769e-05
-200
0.000107738
1.47643e-05
-200
0.000118194
1.20888e-05
-200
0.000127718
9.25913e-06
-200
0.00013641
6.79092e-06
0.000145072
4.83396e-06
-200
1.52868e-06
2.11508e-06
-200
5.76726e-06
5.56291e-06
-200
1.1653e-05
8.27287e-06
-200
1.89403e-05
1.06239e-05
-200
2.78497e-05
1.29794e-05
-200
3.81177e-05
1.53429e-05
-200
4.99116e-05
1.73991e-05
-200
6.247e-05
1.86301e-05
-200
7.51595e-05
1.86577e-05
-200
8.71184e-05
1.75183e-05
-200
9.8296e-05
1.54114e-05
-200
0.000108523
1.25887e-05
-200
0.000117886
9.2523e-06
-200
0.000126355
5.86194e-06
-200
0.000134064
2.72613e-06
0.000139982
4.73861e-07
-200
1.32406e-06
2.38566e-06
-200
5.31888e-06
6.43049e-06
-200
1.12707e-05
9.52865e-06
-200
1.95512e-05
1.22975e-05
-200
2.95499e-05
1.47298e-05
-200
4.13167e-05
1.70181e-05
-200
5.40627e-05
1.85409e-05
-200
6.73157e-05
1.91158e-05
-200
7.98574e-05
1.83448e-05
-200
9.15394e-05
1.6603e-05
-200
0.000101887
1.38864e-05
-200
0.000111195
1.05745e-05
-200
0.000119161
6.68428e-06
-200
0.000126557
2.84771e-06
-200
0.000132935
-7.35267e-07
0.000140608
-3.36494e-06
-200
5.29144e-07
2.79023e-06
-200
3.81766e-06
7.34399e-06
-200
9.94241e-06
1.10523e-05
-200
1.89983e-05
1.39988e-05
-200
3.01322e-05
1.65153e-05
-200
4.29723e-05
1.83488e-05
-200
5.64387e-05
1.93082e-05
-200
6.97616e-05
1.89885e-05
-200
8.19929e-05
1.7586e-05
-200
9.29472e-05
1.51585e-05
-200
0.000102345
1.20551e-05
-200
0.00011026
8.23108e-06
-200
0.000116931
4.16185e-06
-200
0.00012257
-1.96529e-07
-200
0.000127303
-3.89819e-06
0.000130968
-7.07476e-06
-200
4.45817e-07
3.24539e-06
-200
3.11908e-06
8.5368e-06
-200
9.95696e-06
1.28938e-05
-200
1.98356e-05
1.59594e-05
-200
3.26434e-05
1.83866e-05
-200
4.6482e-05
1.96121e-05
-200
6.09486e-05
1.98757e-05
-200
7.42982e-05
1.87174e-05
-200
8.66381e-05
1.67348e-05
-200
9.70239e-05
1.37892e-05
-200
0.000105972
1.04072e-05
-200
0.000112995
6.39359e-06
-200
0.000118921
2.17381e-06
-200
0.000122626
-2.40854e-06
-200
0.000126715
-6.08013e-06
0.00013131
-9.23991e-06
-200
-5.57459e-07
3.62657e-06
-200
2.22127e-06
1.0076e-05
-200
9.27021e-06
1.46667e-05
-200
2.03186e-05
1.80556e-05
-200
3.38555e-05
1.98511e-05
-200
4.85672e-05
2.05758e-05
-200
6.30403e-05
1.97496e-05
-200
7.65021e-05
1.80184e-05
-200
8.8406e-05
1.5235e-05
-200
9.86117e-05
1.20761e-05
-200
0.000107046
8.30672e-06
-200
0.000113917
4.41124e-06
-200
0.000118777
-1.30848e-07
-200
0.000122967
-4.03205e-06
-200
0.000125008
-8.32419e-06
0.000123126
-1.39046e-05
-200
5.28945e-08
4.31701e-06
-200
3.28174e-06
1.1642e-05
-200
1.07688e-05
1.67428e-05
-200
2.27524e-05
2.00471e-05
-200
3.67688e-05
2.12976e-05
-200
5.20652e-05
2.11913e-05
-200
6.64903e-05
1.9504e-05
-200
8.01741e-05
1.70546e-05
-200
9.18919e-05
1.37391e-05
-200
0.000102318
1.02686e-05
-200
0.000110769
6.38453e-06
-200
0.000117905
2.44904e-06
-200
0.000123239
-1.64258e-06
-200
0.000126916
-5.89015e-06
-200
0.000128105
-1.19961e-05
-200
0.000136772
-1.35714e-05
0.000136608
-200
-2.08761e-07
5.0069e-06
-200
2.79429e-06
1.28759e-05
-200
1.10393e-05
1.86712e-05
-200
2.28242e-05
2.14092e-05
-200
3.71846e-05
2.23209e-05
-200
5.18479e-05
2.10219e-05
-200
6.62925e-05
1.88045e-05
-200
7.93843e-05
1.5348e-05
-200
9.12535e-05
1.1802e-05
-200
0.000101481
7.75637e-06
-200
0.00011045
3.98266e-06
-200
0.000117692
-8.44527e-08
-200
0.000123847
-3.75279e-06
-200
0.000129908
-8.00839e-06
-200
0.000138169
-9.75049e-06
-200
0.000136902
-1.94293e-05
0.000145075
-2.05507e-05
-200
5.32235e-07
5.4451e-06
-200
4.30982e-06
1.43387e-05
-200
1.23223e-05
2.01752e-05
-200
2.38716e-05
2.27592e-05
-200
3.7729e-05
2.28395e-05
-200
5.18977e-05
2.08774e-05
-200
6.59994e-05
1.77626e-05
-200
7.88435e-05
1.37796e-05
-200
9.07284e-05
9.67205e-06
-200
0.000101074
5.43143e-06
-200
0.000110245
1.49783e-06
-200
0.000118115
-2.13554e-06
-200
0.000125562
-5.0347e-06
-200
0.000131879
-8.00023e-06
-200
0.000137551
-1.36144e-05
-200
0.000152954
-1.2675e-05
0.000156438
-1.78214e-05
-200
-2.4124e-07
5.8378e-06
-200
2.59598e-06
1.54216e-05
-200
9.57592e-06
2.11175e-05
-200
2.0521e-05
2.36102e-05
-200
3.32377e-05
2.28076e-05
-200
4.69337e-05
2.03751e-05
-200
6.00581e-05
1.62689e-05
-200
7.25116e-05
1.18933e-05
-200
8.39424e-05
7.11037e-06
-200
9.41619e-05
2.83726e-06
-200
0.000103247
-1.16997e-06
-200
0.000111375
-4.16678e-06
-200
0.000119075
-6.6827e-06
-200
0.000128474
-8.27448e-06
-200
0.000141227
-7.49015e-06
-200
0.000143716
-1.51127e-05
0.000152538
-1.58343e-05
-200
-4.892e-07
6.30341e-06
-200
1.07539e-06
1.6338e-05
-200
6.90126e-06
2.23744e-05
-200
1.66207e-05
2.44278e-05
-200
2.88965e-05
2.32359e-05
-200
4.14924e-05
1.99317e-05
-200
5.40839e-05
1.52372e-05
-200
6.65164e-05
1.03004e-05
-200
7.70651e-05
5.11868e-06
-200
8.73802e-05
7.70619e-07
-200
9.56867e-05
-3.05732e-06
-200
0.000104388
-5.36454e-06
-200
0.000112805
-6.41105e-06
-200
0.000122317
-5.92625e-06
-200
0.000129369
-8.27346e-06
-200
0.000145544
-3.919e-06
0.000150692
-5.51186e-06
-200
-2.2114e-06
6.79384e-06
-200
-3.20539e-06
1.73364e-05
-200
4.97186e-07
2.38611e-05
-200
8.79085e-06
2.55903e-05
-200
1.87754e-05
2.38483e-05
-200
3.05689e-05
1.97451e-05
-200
4.15925e-05
1.45741e-05
-200
5.13585e-05
8.47172e-06
-200
6.22222e-05
3.59155e-06
-200
7.07825e-05
-1.07795e-06
-200
7.95525e-05
-4.03736e-06
-200
8.67745e-05
-5.88281e-06
-200
9.57017e-05
-5.76676e-06
-200
0.000104356
-4.95243e-06
-200
0.000116662
-3.92054e-07
-200
0.000120172
-8.58997e-07
0.000123168
-3.24238e-06
-200
-2.80861e-06
7.31154e-06
-200
-5.78797e-06
1.91936e-05
-200
-4.13365e-06
2.629e-05
-200
8.47494e-07
2.79676e-05
-200
9.61361e-06
2.58819e-05
-200
1.63393e-05
2.09178e-05
-200
2.52492e-05
1.49109e-05
-200
3.50332e-05
9.2455e-06
-200
4.21001e-05
3.40856e-06
-200
5.01808e-05
-1.23093e-06
-200
5.75655e-05
-3.88152e-06
-200
6.54149e-05
-4.98207e-06
-200
7.32562e-05
-3.56773e-06
-200
8.11778e-05
-1.63096e-06
-200
8.68338e-05
5.04794e-07
-200
9.22191e-05
2.27952e-06
0.000101012
6.24774e-06
-200
-4.14833e-06
8.17757e-06
-200
-8.95196e-06
2.1547e-05
-200
-9.35246e-06
2.96575e-05
-200
-6.13656e-06
3.21435e-05
-200
-3.05664e-06
2.9605e-05
-200
6.10026e-06
2.56095e-05
-200
9.55962e-06
1.93168e-05
-200
1.43488e-05
1.16648e-05
-200
2.34533e-05
6.11644e-06
-200
3.04304e-05
2.08498e-06
-200
3.68243e-05
-1.3386e-06
-200
4.26941e-05
-1.32761e-06
-200
4.8127e-05
-1.88223e-06
-200
5.44276e-05
1.47121e-06
-200
5.88578e-05
2.7385e-06
-200
6.42776e-05
6.61965e-06
6.5837e-05
4.87153e-06
-200
-4.37466e-06
9.12439e-06
-200
-9.9238e-06
2.42613e-05
-200
-1.10394e-05
3.3964e-05
-200
-1.34824e-05
3.76012e-05
-200
-3.04707e-06
3.7216e-05
-200
-2.46582e-06
3.16749e-05
-200
2.62711e-05
-200
2.05463e-05
-200
1.2155e-05
-200
6.96652e-06
-200
3.89793e-06
-200
2.6092e-06
-200
4.63526e-06
-200
4.74562e-06
-200
7.66087e-06
-200
8.4432e-06
1.26397e-05
-200
9.8879e-06
-200
2.64534e-05
-200
3.77025e-05
-200
4.59373e-05
-200
4.35079e-05
4.21366e-05
-200
6.13866e-07
1.62099e-06
-200
1.81234e-06
4.36843e-06
-200
2.98485e-06
6.32028e-06
-200
4.04424e-06
7.40329e-06
-200
4.88254e-06
7.67488e-06
-200
5.45747e-06
7.52975e-06
-200
5.80895e-06
7.34424e-06
-200
6.08388e-06
7.51747e-06
-200
6.40353e-06
8.19428e-06
-200
6.92214e-06
9.52071e-06
-200
7.81883e-06
1.13502e-05
-200
9.11636e-06
1.3478e-05
-200
1.08199e-05
1.56291e-05
-200
1.25895e-05
1.76477e-05
-200
1.43204e-05
1.95464e-05
1.60163e-05
2.13192e-05
-200
1.18621e-06
1.57277e-06
-200
3.59112e-06
4.23605e-06
-200
5.88802e-06
6.08833e-06
-200
7.94974e-06
7.09523e-06
-200
9.58162e-06
7.33137e-06
-200
1.08089e-05
7.24366e-06
-200
1.17008e-05
7.17879e-06
-200
1.25819e-05
7.53986e-06
-200
1.35803e-05
8.40597e-06
-200
1.51009e-05
9.91677e-06
-200
1.72763e-05
1.18201e-05
-200
2.0251e-05
1.39446e-05
-200
2.37588e-05
1.59396e-05
-200
2.74092e-05
1.77921e-05
-200
3.08407e-05
1.95239e-05
3.34477e-05
2.1171e-05
-200
1.7092e-06
1.5176e-06
-200
4.97522e-06
4.01527e-06
-200
8.08985e-06
5.72733e-06
-200
1.08678e-05
6.60221e-06
-200
1.31872e-05
6.84969e-06
-200
1.50395e-05
6.85879e-06
-200
1.66891e-05
7.05811e-06
-200
1.8374e-05
7.69148e-06
-200
2.04299e-05
8.90631e-06
-200
2.3214e-05
1.06282e-05
-200
2.69169e-05
1.26423e-05
-200
3.15735e-05
1.46336e-05
-200
3.67271e-05
1.63715e-05
-200
4.19208e-05
1.79119e-05
-200
4.67444e-05
1.93298e-05
5.14207e-05
2.07298e-05
-200
1.88929e-06
1.41956e-06
-200
5.77771e-06
3.74732e-06
-200
9.52504e-06
5.29766e-06
-200
1.29453e-05
6.08926e-06
-200
1.59095e-05
6.37036e-06
-200
1.8532e-05
6.57822e-06
-200
2.10871e-05
7.0673e-06
-200
2.38567e-05
8.06394e-06
-200
2.72397e-05
9.60914e-06
-200
3.15513e-05
1.15353e-05
-200
3.69515e-05
1.35466e-05
-200
4.32265e-05
1.52956e-05
-200
4.98457e-05
1.66771e-05
-200
5.64175e-05
1.78015e-05
-200
6.23619e-05
1.88596e-05
6.69163e-05
1.99748e-05
-200
2.26153e-06
1.37938e-06
-200
6.63011e-06
3.57147e-06
-200
1.08569e-05
5.01478e-06
-200
1.47983e-05
5.77717e-06
-200
1.84043e-05
6.1789e-06
-200
2.18676e-05
6.6374e-06
-200
2.54524e-05
7.46458e-06
-200
2.94906e-05
8.82776e-06
-200
3.43903e-05
1.06617e-05
-200
4.03553e-05
1.26983e-05
-200
4.74382e-05
1.45786e-05
-200
5.51388e-05
1.59924e-05
-200
6.30799e-05
1.69613e-05
-200
7.06409e-05
1.76501e-05
-200
7.75313e-05
1.83268e-05
8.43537e-05
1.90794e-05
-200
2.2444e-06
1.31129e-06
-200
6.89666e-06
3.40871e-06
-200
1.1509e-05
4.79446e-06
-200
1.59529e-05
5.59889e-06
-200
2.0255e-05
6.1773e-06
-200
2.46398e-05
6.91508e-06
-200
2.93437e-05
8.0731e-06
-200
3.47734e-05
9.74461e-06
-200
4.12129e-05
1.17358e-05
-200
4.8825e-05
1.37241e-05
-200
5.73569e-05
1.52943e-05
-200
6.63216e-05
1.62919e-05
-200
7.52435e-05
1.67677e-05
-200
8.36705e-05
1.69998e-05
-200
9.12935e-05
1.72625e-05
9.69017e-05
1.76515e-05
-200
2.52892e-06
1.32538e-06
-200
7.48825e-06
3.41474e-06
-200
1.24799e-05
4.8337e-06
-200
1.7466e-05
5.76744e-06
-200
2.25659e-05
6.58755e-06
-200
2.79454e-05
7.62598e-06
-200
3.38972e-05
9.10882e-06
-200
4.07753e-05
1.09987e-05
-200
4.87699e-05
1.30305e-05
-200
5.78888e-05
1.48038e-05
-200
6.76492e-05
1.5974e-05
-200
7.76425e-05
1.64846e-05
-200
8.73213e-05
1.64639e-05
-200
9.63484e-05
1.62663e-05
-200
0.000104408
1.60926e-05
0.000112297
1.61091e-05
-200
2.38736e-06
1.3254e-06
-200
7.49001e-06
3.46757e-06
-200
1.27978e-05
4.98031e-06
-200
1.83374e-05
6.0946e-06
-200
2.41972e-05
7.15447e-06
-200
3.05365e-05
8.47059e-06
-200
3.76559e-05
1.01803e-05
-200
4.58154e-05
1.21401e-05
-200
5.51138e-05
1.40176e-05
-200
6.53067e-05
1.53851e-05
-200
7.58932e-05
1.60288e-05
-200
8.64178e-05
1.59572e-05
-200
9.64299e-05
1.54218e-05
-200
0.000105783
1.47217e-05
-200
0.000114017
1.41274e-05
0.000120024
1.38056e-05
-200
2.62218e-06
1.43319e-06
-200
7.93693e-06
3.7305e-06
-200
1.364e-05
5.43327e-06
-200
1.98172e-05
6.78137e-06
-200
2.65246e-05
8.112e-06
-200
3.39015e-05
9.69099e-06
-200
4.22257e-05
1.15561e-05
-200
5.16055e-05
1.34723e-05
-200
6.20321e-05
1.50569e-05
-200
7.30016e-05
1.59326e-05
-200
8.41025e-05
1.60105e-05
-200
9.47997e-05
1.53789e-05
-200
0.000104989
1.43499e-05
-200
0.000114294
1.3189e-05
-200
0.000122591
1.2192e-05
0.000131003
1.14786e-05
-200
2.3606e-06
1.53066e-06
-200
7.64908e-06
4.0552e-06
-200
1.36605e-05
5.98647e-06
-200
2.03754e-05
7.56965e-06
-200
2.78174e-05
9.12892e-06
-200
3.60989e-05
1.08802e-05
-200
4.53751e-05
1.27443e-05
-200
5.56611e-05
1.44422e-05
-200
6.66902e-05
1.55489e-05
-200
7.79491e-05
1.58354e-05
-200
8.89975e-05
1.52765e-05
-200
9.95172e-05
1.40955e-05
-200
0.000109414
1.25327e-05
-200
0.000118471
1.08907e-05
-200
0.000126657
9.44725e-06
0.000132519
8.35163e-06
-200
2.44998e-06
1.7509e-06
-200
7.80633e-06
4.634e-06
-200
1.41564e-05
6.8549e-06
-200
2.15355e-05
8.7094e-06
-200
2.98434e-05
1.04916e-05
-200
3.91463e-05
1.23511e-05
-200
4.94004e-05
1.4123e-05
-200
6.05086e-05
1.54862e-05
-200
7.19487e-05
1.60669e-05
-200
8.33052e-05
1.57632e-05
-200
9.41121e-05
1.46399e-05
-200
0.000104339
1.29544e-05
-200
0.000113762
1.0898e-05
-200
0.00012241
8.82747e-06
-200
0.000130059
6.90824e-06
0.000138259
5.45044e-06
-200
1.95147e-06
1.98481e-06
-200
7.12286e-06
5.28908e-06
-200
1.36151e-05
7.83435e-06
-200
2.15554e-05
9.92039e-06
-200
3.05847e-05
1.18327e-05
-200
4.07353e-05
1.36411e-05
-200
5.16956e-05
1.51466e-05
-200
6.3229e-05
1.60061e-05
-200
7.46706e-05
1.59816e-05
-200
8.56882e-05
1.5051e-05
-200
9.59132e-05
1.33816e-05
-200
0.000105376
1.11606e-05
-200
0.000113873
8.64721e-06
-200
0.000121645
6.06319e-06
-200
0.000128656
3.77435e-06
0.000133984
1.88313e-06
-200
1.95619e-06
2.39808e-06
-200
6.74621e-06
6.21157e-06
-200
1.36514e-05
9.20177e-06
-200
2.22095e-05
1.14895e-05
-200
3.23397e-05
1.35124e-05
-200
4.33959e-05
1.51457e-05
-200
5.52616e-05
1.63099e-05
-200
6.71168e-05
1.65971e-05
-200
7.86717e-05
1.60183e-05
-200
8.92825e-05
1.45296e-05
-200
9.90257e-05
1.24213e-05
-200
0.000107533
9.76889e-06
-200
0.00011522
6.91294e-06
-200
0.0001218
3.94911e-06
-200
0.000127993
1.33277e-06
0.000134811
-1.01571e-06
-200
1.24033e-06
2.75285e-06
-200
5.68144e-06
7.31348e-06
-200
1.28198e-05
1.06585e-05
-200
2.20617e-05
1.31744e-05
-200
3.30562e-05
1.50569e-05
-200
4.49462e-05
1.64139e-05
-200
5.73256e-05
1.69829e-05
-200
6.9338e-05
1.6685e-05
-200
8.06628e-05
1.54523e-05
-200
9.08077e-05
1.35001e-05
-200
9.97704e-05
1.09329e-05
-200
0.000107389
8.0285e-06
-200
0.000113825
4.8013e-06
-200
0.000119113
1.70234e-06
-200
0.000123894
-1.32311e-06
0.000127584
-3.90078e-06
-200
1.04142e-06
3.31344e-06
-200
5.52412e-06
8.79015e-06
-200
1.27271e-05
1.25016e-05
-200
2.31109e-05
1.52256e-05
-200
3.49317e-05
1.68475e-05
-200
4.79877e-05
1.78325e-05
-200
6.07515e-05
1.77305e-05
-200
7.32061e-05
1.68754e-05
-200
8.42947e-05
1.50483e-05
-200
9.43471e-05
1.27427e-05
-200
0.00010269
9.85515e-06
-200
0.000109898
6.79115e-06
-200
0.00011532
3.47011e-06
-200
0.00012009
3.84095e-07
-200
0.000123209
-3.05366e-06
0.000124021
-5.91162e-06
-200
5.21347e-07
4.00965e-06
-200
4.66809e-06
1.01643e-05
-200
1.2514e-05
1.45464e-05
-200
2.34303e-05
1.70666e-05
-200
3.61157e-05
1.84963e-05
-200
4.95288e-05
1.8681e-05
-200
6.26566e-05
1.80288e-05
-200
7.49962e-05
1.6348e-05
-200
8.60687e-05
1.41285e-05
-200
9.57874e-05
1.12973e-05
-200
0.000104042
8.30885e-06
-200
0.000110851
5.01932e-06
-200
0.000116415
1.9136e-06
-200
0.000120063
-1.65349e-06
-200
0.00011927
-4.56859e-06
0.000123647
-6.0811e-06
-200
1.13084e-06
4.78932e-06
-200
5.20966e-06
1.18705e-05
-200
1.37819e-05
1.67791e-05
-200
2.48806e-05
1.91231e-05
-200
3.83676e-05
2.01661e-05
-200
5.18005e-05
1.95965e-05
-200
6.53974e-05
1.83133e-05
-200
7.75075e-05
1.59292e-05
-200
8.88652e-05
1.32935e-05
-200
9.83924e-05
1.00807e-05
-200
0.000107016
6.97784e-06
-200
0.000113947
3.60498e-06
-200
0.000119942
4.63433e-07
-200
0.000123607
-2.58763e-06
-200
0.000131613
-4.22533e-06
0.000127619
-8.5487e-06
-200
4.75934e-07
5.21287e-06
-200
5.08e-06
1.36346e-05
-200
1.33894e-05
1.8463e-05
-200
2.49337e-05
2.09865e-05
-200
3.79949e-05
2.10865e-05
-200
5.16221e-05
2.01324e-05
-200
6.46645e-05
1.77553e-05
-200
7.69338e-05
1.50404e-05
-200
8.79254e-05
1.15914e-05
-200
9.78482e-05
8.31084e-06
-200
0.000106568
4.73615e-06
-200
0.000114487
1.6365e-06
-200
0.000121844
-1.50465e-06
-200
0.00012992
-4.23422e-06
-200
0.000132132
-8.66086e-06
-200
0.000147456
-5.8649e-06
0.000149339
-200
1.14583e-06
6.01659e-06
-200
6.00187e-06
1.52873e-05
-200
1.37947e-05
2.04302e-05
-200
2.52011e-05
2.27013e-05
-200
3.76793e-05
2.22695e-05
-200
5.11129e-05
2.05858e-05
-200
6.36655e-05
1.75356e-05
-200
7.58961e-05
1.4183e-05
-200
8.67258e-05
1.02684e-05
-200
9.70207e-05
6.6686e-06
-200
0.000106076
3.02163e-06
-200
0.000114942
-8.33506e-09
-200
0.000122987
-3.12925e-06
-200
0.00013145
-5.87259e-06
-200
0.000147121
-6.95401e-06
-200
0.000149145
-1.62049e-05
0.000159543
-1.6132e-05
-200
4.86276e-07
6.73956e-06
-200
4.0278e-06
1.63425e-05
-200
1.15397e-05
2.22355e-05
-200
2.17986e-05
2.38289e-05
-200
3.39068e-05
2.32443e-05
-200
4.62409e-05
2.04564e-05
-200
5.84461e-05
1.70774e-05
-200
7.00227e-05
1.27152e-05
-200
8.08304e-05
8.62394e-06
-200
9.09327e-05
4.37341e-06
-200
0.000100298
9.22359e-07
-200
0.000109503
-2.14174e-06
-200
0.000119499
-4.07388e-06
-200
0.000132143
-6.07573e-06
-200
0.000140003
-1.18209e-05
-200
0.000161206
-1.00147e-05
0.000168667
-1.26931e-05
-200
2.77093e-07
7.33883e-06
-200
2.63545e-06
1.80931e-05
-200
9.22429e-06
2.41723e-05
-200
1.8437e-05
2.57174e-05
-200
2.98535e-05
2.44713e-05
-200
4.12008e-05
2.11746e-05
-200
5.30477e-05
1.70253e-05
-200
6.36591e-05
1.20772e-05
-200
7.4679e-05
7.46063e-06
-200
8.44919e-05
2.92621e-06
-200
9.41554e-05
-3.97303e-07
-200
0.000103578
-2.98985e-06
-200
0.000113812
-4.19086e-06
-200
0.000123838
-5.23004e-06
-200
0.000141684
-3.54753e-06
-200
0.000150326
-5.80347e-06
0.000154238
-1.16331e-05
-200
-1.40248e-06
7.93125e-06
-200
-3.0362e-07
2.0066e-05
-200
4.29226e-06
2.62341e-05
-200
1.25053e-05
2.78806e-05
-200
2.19528e-05
2.58102e-05
-200
3.24012e-05
2.21872e-05
-200
4.21188e-05
1.69645e-05
-200
5.25675e-05
1.18003e-05
-200
6.19363e-05
6.13344e-06
-200
7.05434e-05
1.63347e-06
-200
7.9796e-05
-2.02266e-06
-200
8.81819e-05
-3.81919e-06
-200
9.91377e-05
-4.16946e-06
-200
0.000109546
-3.31204e-06
-200
0.000118064
-2.73813e-06
-200
0.000125076
-3.21433e-06
0.000137997
1.48443e-06
-200
-1.45545e-06
9.12337e-06
-200
-2.11076e-06
2.23845e-05
-200
1.1281e-06
2.94097e-05
-200
7.37237e-06
3.08269e-05
-200
1.5431e-05
2.86972e-05
-200
2.36701e-05
2.43472e-05
-200
3.21334e-05
1.89395e-05
-200
3.88134e-05
1.26651e-05
-200
4.63311e-05
6.83287e-06
-200
5.5362e-05
2.11046e-06
-200
6.15388e-05
-1.54461e-06
-200
7.1125e-05
-2.62889e-06
-200
7.58898e-05
-4.07936e-06
-200
8.60249e-05
-2.17498e-06
-200
9.0324e-05
-1.2323e-06
-200
9.90006e-05
1.2654e-06
9.8862e-05
-3.19815e-06
-200
-2.66892e-06
1.01122e-05
-200
-4.71088e-06
2.49788e-05
-200
-2.62356e-06
3.28243e-05
-200
2.3911e-06
3.46137e-05
-200
8.83549e-06
3.24044e-05
-200
1.55775e-05
2.80519e-05
-200
2.04258e-05
2.22765e-05
-200
2.82261e-05
1.66484e-05
-200
3.28886e-05
1.06514e-05
-200
3.80578e-05
4.94084e-06
-200
4.50063e-05
1.49661e-06
-200
4.88454e-05
-1.45388e-06
-200
5.83106e-05
1.61499e-07
-200
5.95439e-05
-1.13317e-06
-200
6.6549e-05
1.22895e-06
-200
6.71269e-05
7.55025e-07
7.79748e-05
5.08856e-06
-200
-3.18168e-06
1.12854e-05
-200
-6.49851e-06
2.79362e-05
-200
-5.19791e-06
3.67173e-05
-200
-4.57241e-07
3.91148e-05
-200
6.78408e-06
3.72746e-05
-200
1.38806e-05
3.32913e-05
-200
2.10087e-05
2.88081e-05
-200
2.31885e-05
2.2345e-05
-200
1.74165e-05
-200
1.14748e-05
-200
8.01822e-06
-200
5.33709e-06
-200
2.72957e-06
-200
3.76615e-06
-200
3.74459e-06
-200
6.59767e-06
6.28967e-06
-200
1.24948e-05
-200
3.07122e-05
-200
4.08342e-05
-200
4.398e-05
-200
4.24012e-05
-200
3.87625e-05
-200
3.44201e-05
3.10019e-05
-200
5.3853e-07
8.57568e-07
-200
1.60548e-06
2.33307e-06
-200
2.62243e-06
3.43554e-06
-200
3.5629e-06
4.08435e-06
-200
4.3458e-06
4.34588e-06
-200
5.01044e-06
4.38579e-06
-200
5.55045e-06
4.4157e-06
-200
6.11887e-06
4.61931e-06
-200
6.73429e-06
5.08416e-06
-200
7.54099e-06
5.8757e-06
-200
8.55306e-06
6.94261e-06
-200
9.84554e-06
8.21758e-06
-200
1.13052e-05
9.58397e-06
-200
1.28152e-05
1.09676e-05
-200
1.42852e-05
1.22152e-05
1.57847e-05
1.3147e-05
-200
1.1e-06
8.44825e-07
-200
3.24615e-06
2.2701e-06
-200
5.32396e-06
3.3483e-06
-200
7.17939e-06
3.95691e-06
-200
8.82899e-06
4.24028e-06
-200
1.02075e-05
4.30097e-06
-200
1.15122e-05
4.4314e-06
-200
1.28188e-05
4.70999e-06
-200
1.43621e-05
5.30211e-06
-200
1.62125e-05
6.16472e-06
-200
1.85609e-05
7.30532e-06
-200
2.13275e-05
8.56519e-06
-200
2.44336e-05
9.89539e-06
-200
2.75964e-05
1.12062e-05
-200
3.05375e-05
1.24183e-05
3.27584e-05
1.31933e-05
-200
1.55601e-06
7.97645e-07
-200
4.55654e-06
2.16277e-06
-200
7.41849e-06
3.14056e-06
-200
1.00663e-05
3.71355e-06
-200
1.24383e-05
3.97104e-06
-200
1.46011e-05
4.11871e-06
-200
1.67035e-05
4.34387e-06
-200
1.8956e-05
4.79166e-06
-200
2.1528e-05
5.51091e-06
-200
2.46314e-05
6.50385e-06
-200
2.83299e-05
7.65933e-06
-200
3.2608e-05
8.87155e-06
-200
3.72045e-05
1.0058e-05
-200
4.17482e-05
1.12064e-05
-200
4.60096e-05
1.22287e-05
5.0241e-05
1.29441e-05
-200
1.82652e-06
7.49932e-07
-200
5.50296e-06
2.01291e-06
-200
9.08304e-06
2.91735e-06
-200
1.24577e-05
3.45206e-06
-200
1.56103e-05
3.74915e-06
-200
1.86244e-05
3.99994e-06
-200
2.17079e-05
4.38993e-06
-200
2.50502e-05
5.01315e-06
-200
2.88843e-05
5.90628e-06
-200
3.33685e-05
6.9941e-06
-200
3.8564e-05
8.1573e-06
-200
4.43152e-05
9.25544e-06
-200
5.02898e-05
1.02531e-05
-200
5.6181e-05
1.1186e-05
-200
6.15294e-05
1.20418e-05
6.55173e-05
1.24953e-05
-200
2.15513e-06
7.24476e-07
-200
6.37579e-06
1.93103e-06
-200
1.05126e-05
2.7758e-06
-200
1.45197e-05
3.29916e-06
-200
1.84018e-05
3.64923e-06
-200
2.23015e-05
4.02759e-06
-200
2.64032e-05
4.57701e-06
-200
3.09232e-05
5.37643e-06
-200
3.60686e-05
6.39799e-06
-200
4.1958e-05
7.53203e-06
-200
4.85566e-05
8.61629e-06
-200
5.56066e-05
9.52977e-06
-200
6.27773e-05
1.0293e-05
-200
6.96247e-05
1.09711e-05
-200
7.58683e-05
1.15508e-05
8.21226e-05
1.19492e-05
-200
2.26642e-06
6.96091e-07
-200
6.90607e-06
1.84458e-06
-200
1.15703e-05
2.66624e-06
-200
1.62163e-05
3.21769e-06
-200
2.08961e-05
3.66641e-06
-200
2.57506e-05
4.18935e-06
-200
3.0962e-05
4.90837e-06
-200
3.67328e-05
5.85735e-06
-200
4.32359e-05
6.96082e-06
-200
5.0512e-05
8.06747e-06
-200
5.8419e-05
9.00444e-06
-200
6.66228e-05
9.6953e-06
-200
7.4769e-05
1.01889e-05
-200
8.25244e-05
1.05921e-05
-200
8.94655e-05
1.09815e-05
9.44917e-05
1.10291e-05
-200
2.52895e-06
7.10153e-07
-200
7.5708e-06
1.87917e-06
-200
1.2709e-05
2.72321e-06
-200
1.79772e-05
3.33847e-06
-200
2.34517e-05
3.89799e-06
-200
2.92651e-05
4.56297e-06
-200
3.55714e-05
5.42347e-06
-200
4.25588e-05
6.4692e-06
-200
5.03122e-05
7.57338e-06
-200
5.87972e-05
8.56136e-06
-200
6.77347e-05
9.27156e-06
-200
7.68184e-05
9.6824e-06
-200
8.5693e-05
9.88236e-06
-200
9.39351e-05
1.0008e-05
-200
0.000101338
1.00831e-05
0.000108698
1.01068e-05
-200
2.55578e-06
7.24779e-07
-200
7.90085e-06
1.92035e-06
-200
1.35056e-05
2.82027e-06
-200
1.94105e-05
3.52713e-06
-200
2.56933e-05
4.2089e-06
-200
3.24434e-05
5.00186e-06
-200
3.98056e-05
5.96711e-06
-200
4.7897e-05
7.03736e-06
-200
5.67378e-05
8.05795e-06
-200
6.61622e-05
8.83614e-06
-200
7.58647e-05
9.26748e-06
-200
8.55141e-05
9.36611e-06
-200
9.47551e-05
9.24809e-06
-200
0.000103388
9.07422e-06
-200
0.000110993
8.94423e-06
0.000116388
8.60887e-06
-200
2.77449e-06
7.94282e-07
-200
8.44426e-06
2.11096e-06
-200
1.45044e-05
3.11454e-06
-200
2.10489e-05
3.93317e-06
-200
2.81136e-05
4.72928e-06
-200
3.57596e-05
5.62814e-06
-200
4.40823e-05
6.64421e-06
-200
5.31211e-05
7.66943e-06
-200
6.28008e-05
8.52109e-06
-200
7.28498e-05
9.02988e-06
-200
8.29556e-05
9.1405e-06
-200
9.27945e-05
8.90338e-06
-200
0.000102149
8.48226e-06
-200
0.000110703
8.0236e-06
-200
0.000118303
7.58651e-06
0.000126117
7.26938e-06
-200
2.70471e-06
8.69792e-07
-200
8.55346e-06
2.30935e-06
-200
1.50175e-05
3.43277e-06
-200
2.21562e-05
4.36075e-06
-200
2.99466e-05
5.25537e-06
-200
3.83973e-05
6.21539e-06
-200
4.75294e-05
7.21402e-06
-200
5.72924e-05
8.10977e-06
-200
6.74996e-05
8.71376e-06
-200
7.78363e-05
8.90503e-06
-200
8.80029e-05
8.67406e-06
-200
9.77342e-05
8.12035e-06
-200
0.00010686
7.39196e-06
-200
0.000115247
6.64474e-06
-200
0.00012269
6.03045e-06
0.000127986
5.3204e-06
-200
2.81547e-06
1.01111e-06
-200
8.82989e-06
2.68376e-06
-200
1.56868e-05
3.96703e-06
-200
2.34276e-05
5.00813e-06
-200
3.19389e-05
5.97854e-06
-200
4.11619e-05
6.95728e-06
-200
5.09998e-05
7.87816e-06
-200
6.13209e-05
8.58403e-06
-200
7.18154e-05
8.90193e-06
-200
8.21925e-05
8.76955e-06
-200
9.2146e-05
8.21538e-06
-200
0.000101536
7.36501e-06
-200
0.000110245
6.36745e-06
-200
0.00011809
5.37954e-06
-200
0.000125162
4.47468e-06
0.000132685
3.7926e-06
-200
2.5972e-06
1.17547e-06
-200
8.56425e-06
3.08345e-06
-200
1.57517e-05
4.53173e-06
-200
2.40071e-05
5.66364e-06
-200
3.32092e-05
6.66997e-06
-200
4.30861e-05
7.59298e-06
-200
5.35133e-05
8.36248e-06
-200
6.41525e-05
8.80304e-06
-200
7.4728e-05
8.80761e-06
-200
8.48734e-05
8.34185e-06
-200
9.44126e-05
7.49176e-06
-200
0.000103201
6.3719e-06
-200
0.000111163
5.11793e-06
-200
0.000118342
3.89062e-06
-200
0.000124841
2.81449e-06
0.000129455
1.76005e-06
-200
2.51053e-06
1.41169e-06
-200
8.46794e-06
3.71308e-06
-200
1.59275e-05
5.34169e-06
-200
2.48421e-05
6.57363e-06
-200
3.47529e-05
7.55131e-06
-200
4.53776e-05
8.38222e-06
-200
5.63131e-05
8.92482e-06
-200
6.72541e-05
9.09394e-06
-200
7.77873e-05
8.7742e-06
-200
8.76738e-05
8.033e-06
-200
9.67001e-05
6.92581e-06
-200
0.000104814
5.60016e-06
-200
0.00011192
4.15666e-06
-200
0.00011829
2.79689e-06
-200
0.000123843
1.45371e-06
0.000130303
4.83119e-07
-200
2.11625e-06
1.7137e-06
-200
7.98875e-06
4.39536e-06
-200
1.56996e-05
6.23839e-06
-200
2.52667e-05
7.50529e-06
-200
3.5854e-05
8.40876e-06
-200
4.71628e-05
9.03519e-06
-200
5.84937e-05
9.29973e-06
-200
6.96354e-05
9.13536e-06
-200
8.00315e-05
8.50979e-06
-200
8.96243e-05
7.50052e-06
-200
9.80864e-05
6.19503e-06
-200
0.000105456
4.70055e-06
-200
0.000111745
3.18065e-06
-200
0.000117054
1.62456e-06
-200
0.00012119
2.45615e-07
0.000124443
-1.054e-06
-200
2.12924e-06
2.14605e-06
-200
7.67125e-06
5.28467e-06
-200
1.59221e-05
7.44945e-06
-200
2.59876e-05
8.63242e-06
-200
3.7508e-05
9.44973e-06
-200
4.93134e-05
9.73671e-06
-200
6.12177e-05
9.74377e-06
-200
7.23821e-05
9.18323e-06
-200
8.28576e-05
8.33484e-06
-200
9.20886e-05
7.04851e-06
-200
0.000100274
5.64225e-06
-200
0.000107129
4.04529e-06
-200
0.000112888
2.49486e-06
-200
0.000116906
8.5508e-07
-200
0.000120842
-2.94659e-07
0.000123756
-1.54122e-06
-200
1.73958e-06
2.51465e-06
-200
7.33397e-06
6.32513e-06
-200
1.60026e-05
8.60732e-06
-200
2.66435e-05
9.81897e-06
-200
3.87247e-05
1.02882e-05
-200
5.09593e-05
1.03079e-05
-200
6.31011e-05
9.84353e-06
-200
7.43419e-05
9.01283e-06
-200
8.47641e-05
7.8032e-06
-200
9.38866e-05
6.39311e-06
-200
0.000101962
4.8198e-06
-200
0.000108641
3.23075e-06
-200
0.000114149
1.56927e-06
-200
0.000118604
3.48636e-07
-200
0.000119807
-1.22092e-06
0.000119791
-1.71e-06
-200
1.79264e-06
2.99433e-06
-200
7.96609e-06
7.64647e-06
-200
1.64131e-05
9.93812e-06
-200
2.77921e-05
1.11527e-05
-200
3.98057e-05
1.11375e-05
-200
5.26379e-05
1.08888e-05
-200
6.45255e-05
9.88274e-06
-200
7.61188e-05
8.83005e-06
-200
8.62056e-05
7.23069e-06
-200
9.5627e-05
5.75389e-06
-200
0.000103514
3.96351e-06
-200
0.000110871
2.44519e-06
-200
0.000116866
8.39447e-07
-200
0.000121034
-8.29767e-07
-200
0.000124683
-1.5387e-06
0.000131812
-4.4607e-07
-200
1.73174e-06
3.65194e-06
-200
7.66228e-06
8.55923e-06
-200
1.64631e-05
1.13142e-05
-200
2.76132e-05
1.20411e-05
-200
3.98434e-05
1.19276e-05
-200
5.23305e-05
1.09603e-05
-200
6.43211e-05
9.79031e-06
-200
7.55941e-05
8.13021e-06
-200
8.58583e-05
6.49104e-06
-200
9.52822e-05
4.61939e-06
-200
0.000103889
2.9804e-06
-200
0.000111917
1.26681e-06
-200
0.000119306
-4.33514e-07
-200
0.00012736
-1.75511e-06
-200
0.000134799
-1.73596e-06
0.0001313
-7.58937e-06
-200
2.27548e-06
4.22438e-06
-200
7.65067e-06
9.71226e-06
-200
1.66155e-05
1.27173e-05
-200
2.6963e-05
1.31262e-05
-200
3.92025e-05
1.26859e-05
-200
5.09108e-05
1.11818e-05
-200
6.29496e-05
9.67009e-06
-200
7.36026e-05
7.57646e-06
-200
8.41563e-05
5.74965e-06
-200
9.34345e-05
3.64245e-06
-200
0.000102796
1.98947e-06
-200
0.000111608
1.67931e-07
-200
0.000121511
-1.1667e-06
-200
0.000131133
-2.84247e-06
-200
0.000139516
-8.3015e-06
-200
0.000158817
-4.60358e-06
0.000164917
-200
1.42262e-06
4.444e-06
-200
6.7631e-06
1.0937e-05
-200
1.45659e-05
1.36544e-05
-200
2.47494e-05
1.423e-05
-200
3.58239e-05
1.30152e-05
-200
4.73631e-05
1.14345e-05
-200
5.83647e-05
9.1523e-06
-200
6.90258e-05
7.03863e-06
-200
7.90127e-05
4.61443e-06
-200
8.86715e-05
2.6219e-06
-200
9.82357e-05
6.70436e-07
-200
0.000108178
-7.35768e-07
-200
0.000119316
-2.2123e-06
-200
0.000133465
-4.42399e-06
-200
0.00015293
-3.26403e-06
-200
0.000167786
-6.62258e-06
0.000170323
-1.30361e-05
-200
1.20276e-06
5.10364e-06
-200
5.71823e-06
1.22028e-05
-200
1.24459e-05
1.51608e-05
-200
2.1817e-05
1.54375e-05
-200
3.19455e-05
1.39218e-05
-200
4.27829e-05
1.18459e-05
-200
5.29528e-05
9.25063e-06
-200
6.32265e-05
6.73094e-06
-200
7.26053e-05
4.07437e-06
-200
8.24719e-05
1.91424e-06
-200
9.16158e-05
-9.15584e-08
-200
0.000102282
-1.24541e-06
-200
0.000113846
-2.09637e-06
-200
0.000126835
-2.55872e-06
-200
0.000142949
-3.24697e-06
-200
0.000154371
-7.21821e-06
0.000174734
-6.18761e-08
-200
4.60198e-07
5.81984e-06
-200
3.31896e-06
1.33887e-05
-200
9.25405e-06
1.67601e-05
-200
1.71089e-05
1.66472e-05
-200
2.64638e-05
1.4992e-05
-200
3.57762e-05
1.23254e-05
-200
4.52047e-05
9.57096e-06
-200
5.39188e-05
6.48344e-06
-200
6.30291e-05
3.78481e-06
-200
7.12887e-05
1.09153e-06
-200
8.05429e-05
-6.26094e-07
-200
9.00417e-05
-2.07188e-06
-200
9.92784e-05
-2.65333e-06
-200
0.000111323
-2.5294e-06
-200
0.000120417
-3.11896e-06
-200
0.000132076
-1.93639e-06
0.00013068
-9.73228e-06
-200
8.96627e-08
6.5042e-06
-200
1.94287e-06
1.51305e-05
-200
6.46351e-06
1.86737e-05
-200
1.32892e-05
1.8615e-05
-200
2.12236e-05
1.65743e-05
-200
2.94587e-05
1.37774e-05
-200
3.73474e-05
1.06551e-05
-200
4.50373e-05
7.51753e-06
-200
5.22976e-05
4.36212e-06
-200
5.97844e-05
1.77045e-06
-200
6.62907e-05
-4.88319e-07
-200
7.2961e-05
-2.05528e-06
-200
8.25161e-05
-2.3815e-06
-200
8.76527e-05
-2.39122e-06
-200
9.41697e-05
-3.15847e-06
-200
9.82031e-05
-5.15915e-06
0.00011181
-1.00517e-06
-200
-8.35892e-07
7.21273e-06
-200
-8.99644e-08
1.67392e-05
-200
3.45915e-06
2.07213e-05
-200
9.42402e-06
2.06916e-05
-200
1.64452e-05
1.85783e-05
-200
2.3764e-05
1.5693e-05
-200
3.06314e-05
1.25954e-05
-200
3.7127e-05
9.46461e-06
-200
4.34591e-05
6.46017e-06
-200
4.82671e-05
3.65666e-06
-200
5.51964e-05
1.81199e-06
-200
5.94563e-05
4.43114e-07
-200
6.23232e-05
-1.23272e-06
-200
6.7199e-05
-2.2323e-06
-200
7.04797e-05
-1.78871e-06
-200
7.6256e-05
-1.90654e-06
7.98516e-05
-3.25863e-06
-200
-1.29199e-06
8.05551e-06
-200
-2.16098e-06
1.85836e-05
-200
1.23481e-06
2.31304e-05
-200
7.14464e-06
2.31695e-05
-200
1.47943e-05
2.11429e-05
-200
2.24293e-05
1.83045e-05
-200
2.97775e-05
1.55118e-05
-200
3.6715e-05
1.27252e-05
-200
4.1731e-05
1.00359e-05
-200
5.03099e-05
8.05983e-06
-200
5.12536e-05
5.27105e-06
-200
4.44559e-06
-200
2.34945e-06
-200
2.69699e-06
-200
4.66211e-07
-200
9.88688e-07
2.30603e-06
-200
8.82547e-06
-200
2.07621e-05
-200
2.57248e-05
-200
2.61048e-05
-200
2.39292e-05
-200
2.119e-05
-200
1.84527e-05
-200
1.59176e-05
-200
1.40946e-05
-200
1.07699e-05
1.1095e-05
-200
5.18619e-07
-200
1.5071e-06
-200
2.48612e-06
-200
3.36378e-06
-200
4.18081e-06
-200
4.87791e-06
-200
5.57497e-06
-200
6.26055e-06
-200
7.07484e-06
-200
7.99259e-06
-200
9.11979e-06
-200
1.03887e-05
-200
1.17918e-05
-200
1.3188e-05
-200
1.46025e-05
1.58571e-05
-200
1.02628e-06
-200
3.07844e-06
-200
4.99937e-06
-200
6.79913e-06
-200
8.4083e-06
-200
9.92277e-06
-200
1.13754e-05
-200
1.29464e-05
-200
1.46883e-05
-200
1.67424e-05
-200
1.9114e-05
-200
2.18062e-05
-200
2.46877e-05
-200
2.75967e-05
-200
3.02412e-05
3.23689e-05
-200
1.48146e-06
-200
4.32239e-06
-200
7.06971e-06
-200
9.65771e-06
-200
1.20916e-05
-200
1.44155e-05
-200
1.67755e-05
-200
1.93021e-05
-200
2.21458e-05
-200
2.53974e-05
-200
2.91079e-05
-200
3.32078e-05
-200
3.75094e-05
-200
4.17163e-05
-200
4.57177e-05
4.95398e-05
-200
1.78674e-06
-200
5.37502e-06
-200
8.86187e-06
-200
1.22187e-05
-200
1.54542e-05
-200
1.86676e-05
-200
2.20002e-05
-200
2.56178e-05
-200
2.96526e-05
-200
3.4209e-05
-200
3.92812e-05
-200
4.47439e-05
-200
5.03521e-05
-200
5.58453e-05
-200
6.07621e-05
6.46641e-05
-200
2.11078e-06
-200
6.24072e-06
-200
1.03414e-05
-200
1.43924e-05
-200
1.84286e-05
-200
2.25542e-05
-200
2.69209e-05
-200
3.16746e-05
-200
3.6948e-05
-200
4.27946e-05
-200
4.91631e-05
-200
5.58652e-05
-200
6.26147e-05
-200
6.90325e-05
-200
7.49788e-05
8.06849e-05
-200
2.28839e-06
-200
6.96012e-06
-200
1.16594e-05
-200
1.6405e-05
-200
2.12579e-05
-200
2.63343e-05
-200
3.17668e-05
-200
3.76889e-05
-200
4.4193e-05
-200
5.12837e-05
-200
5.88363e-05
-200
6.66026e-05
-200
7.429e-05
-200
8.16116e-05
-200
8.80619e-05
9.30506e-05
-200
2.5518e-06
-200
7.63514e-06
-200
1.28607e-05
-200
1.82719e-05
-200
2.39375e-05
-200
2.99509e-05
-200
3.64208e-05
-200
4.34465e-05
-200
5.10693e-05
-200
5.92266e-05
-200
6.77283e-05
-200
7.63242e-05
-200
8.47019e-05
-200
9.24761e-05
-200
9.95581e-05
0.000106357
-200
2.66438e-06
-200
8.19868e-06
-200
1.39654e-05
-200
2.00449e-05
-200
2.65064e-05
-200
3.3422e-05
-200
4.08635e-05
-200
4.88846e-05
-200
5.74614e-05
-200
6.64649e-05
-200
7.56663e-05
-200
8.47911e-05
-200
9.35585e-05
-200
0.000101747
-200
0.000108871
0.000114295
-200
2.89248e-06
-200
8.75425e-06
-200
1.50016e-05
-200
2.1717e-05
-200
2.89356e-05
-200
3.66772e-05
-200
4.49726e-05
-200
5.38091e-05
-200
6.31018e-05
-200
7.26547e-05
-200
8.22268e-05
-200
9.1571e-05
-200
0.000100446
-200
0.000108548
-200
0.000115871
0.000123072
-200
2.92552e-06
-200
9.13848e-06
-200
1.58523e-05
-200
2.31678e-05
-200
3.10766e-05
-200
3.95565e-05
-200
4.85671e-05
-200
5.80334e-05
-200
6.77937e-05
-200
7.76246e-05
-200
8.72862e-05
-200
9.6554e-05
-200
0.000105259
-200
0.00011327
-200
0.000120259
0.000125599
-200
3.07229e-06
-200
9.4544e-06
-200
1.65691e-05
-200
2.44519e-05
-200
3.30192e-05
-200
4.21552e-05
-200
5.17565e-05
-200
6.16631e-05
-200
7.16681e-05
-200
8.15242e-05
-200
9.10153e-05
-200
9.99843e-05
-200
0.000108293
-200
0.000115764
-200
0.000122568
0.00012951
-200
2.9663e-06
-200
9.54805e-06
-200
1.70173e-05
-200
2.5429e-05
-200
3.45863e-05
-200
4.43193e-05
-200
5.43919e-05
-200
6.4607e-05
-200
7.46758e-05
-200
8.43908e-05
-200
9.35283e-05
-200
0.000101996
-200
0.000109661
-200
0.000116633
-200
0.000122715
0.00012746
-200
2.9824e-06
-200
9.534e-06
-200
1.73286e-05
-200
2.62978e-05
-200
3.60927e-05
-200
4.63978e-05
-200
5.68989e-05
-200
6.73188e-05
-200
7.73741e-05
-200
8.68418e-05
-200
9.55583e-05
-200
0.000103408
-200
0.000110395
-200
0.000116458
-200
0.000121956
0.000127902
-200
2.79181e-06
-200
9.37829e-06
-200
1.75919e-05
-200
2.70279e-05
-200
3.74806e-05
-200
4.82589e-05
-200
5.91875e-05
-200
6.97102e-05
-200
7.97581e-05
-200
8.89181e-05
-200
9.72227e-05
-200
0.000104432
-200
0.000110673
-200
0.000115851
-200
0.000120346
0.000123681
-200
2.70517e-06
-200
9.29697e-06
-200
1.77313e-05
-200
2.78416e-05
-200
3.88181e-05
-200
5.02058e-05
-200
6.13736e-05
-200
7.21158e-05
-200
8.20269e-05
-200
9.10646e-05
-200
9.89886e-05
-200
0.000105857
-200
0.000111442
-200
0.000116115
-200
0.000119395
0.000123493
-200
2.48909e-06
-200
9.39856e-06
-200
1.8082e-05
-200
2.87275e-05
-200
4.00517e-05
-200
5.18671e-05
-200
6.31624e-05
-200
7.40563e-05
-200
8.38695e-05
-200
9.28878e-05
-200
0.000100624
-200
0.000107414
-200
0.000113009
-200
0.000116762
-200
0.00011931
0.000121766
-200
2.82014e-06
-200
9.39228e-06
-200
1.85631e-05
-200
2.91802e-05
-200
4.10402e-05
-200
5.27495e-05
-200
6.43811e-05
-200
7.50253e-05
-200
8.50499e-05
-200
9.38543e-05
-200
0.000101978
-200
0.00010903
-200
0.000114877
-200
0.000119588
-200
0.000124375
0.000120651
-200
2.62619e-06
-200
9.46388e-06
-200
1.86555e-05
-200
2.93086e-05
-200
4.10283e-05
-200
5.26767e-05
-200
6.41333e-05
-200
7.47288e-05
-200
8.46999e-05
-200
9.37558e-05
-200
0.000102341
-200
0.0001102
-200
0.00011816
-200
0.000125661
-200
0.00012454
0.000135965
-200
2.61863e-06
-200
9.56435e-06
-200
1.80797e-05
-200
2.86877e-05
-200
3.9717e-05
-200
5.13056e-05
-200
6.21405e-05
-200
7.27623e-05
-200
8.23825e-05
-200
9.18399e-05
-200
0.000100735
-200
0.000110196
-200
0.000119877
-200
0.000128662
-200
0.000147387
0.000155662
-200
2.45331e-06
-200
8.74087e-06
-200
1.69198e-05
-200
2.66361e-05
-200
3.72404e-05
-200
4.80058e-05
-200
5.85184e-05
-200
6.8545e-05
-200
7.81689e-05
-200
8.75658e-05
-200
9.70451e-05
-200
0.000107382
-200
0.000119497
-200
0.000136379
-200
0.000152957
-200
0.000166855
0.000190595
-200
2.32182e-06
-200
7.57113e-06
-200
1.49448e-05
-200
2.37072e-05
-200
3.36177e-05
-200
4.35322e-05
-200
5.34533e-05
-200
6.28398e-05
-200
7.21528e-05
-200
8.11865e-05
-200
9.07806e-05
-200
0.000100991
-200
0.000112975
-200
0.000126881
-200
0.000143149
-200
0.000162624
0.000159624
-200
1.52951e-06
-200
6.04065e-06
-200
1.22441e-05
-200
2.01836e-05
-200
2.89362e-05
-200
3.8045e-05
-200
4.68987e-05
-200
5.55345e-05
-200
6.39311e-05
-200
7.23496e-05
-200
8.07582e-05
-200
9.00677e-05
-200
9.97032e-05
-200
0.000111539
-200
0.000120355
-200
0.00012704
0.000144316
-200
1.19674e-06
-200
4.45646e-06
-200
9.66286e-06
-200
1.65339e-05
-200
2.43547e-05
-200
3.24519e-05
-200
4.0379e-05
-200
4.80796e-05
-200
5.55758e-05
-200
6.27316e-05
-200
6.98849e-05
-200
7.68647e-05
-200
8.43111e-05
-200
8.79011e-05
-200
9.63099e-05
-200
0.000103285
0.000108289
-200
4.80947e-07
-200
2.79181e-06
-200
7.22332e-06
-200
1.32958e-05
-200
2.04524e-05
-200
2.78445e-05
-200
3.51883e-05
-200
4.22216e-05
-200
4.90462e-05
-200
5.5147e-05
-200
6.06012e-05
-200
6.57101e-05
-200
6.79203e-05
-200
7.49011e-05
-200
7.4003e-05
-200
8.07798e-05
8.85464e-05
-200
-8.89104e-08
-200
1.24291e-06
-200
5.28861e-06
-200
1.17309e-05
-200
1.91479e-05
-200
2.6938e-05
-200
3.43727e-05
-200
4.17032e-05
-200
4.80727e-05
-200
5.45444e-05
-200
6.03535e-05
-200
6.26807e-05
-200
6.87802e-05
-200
6.41013e-05
-200
-200
-200
-200
-200
-200
-200
-200
-200
-200
-200
-200
-200
-200
-200
)
;

boundaryField
{
    frontAndBack
    {
        type            calculated;
        value           uniform 0;
    }
    inlet
    {
        type            calculated;
        value           nonuniform List<scalar> 0();
    }
    outlet
    {
        type            calculated;
        value           nonuniform List<scalar> 
130
(
200
200
200
200
200
200
200
200
200
200
200
200
200
200
200
200
200
200
200
200
200
200
200
200
200
200
200
200
200
200
200
200
200
200
200
200
200
200
200
200
200
200
200
200
200
200
200
200
200
200
200
200
200
200
200
200
200
200
200
200
200
200
200
200
200
200
200
200
200
200
200
200
200
200
200
200
200
200
200
200
200
200
200
200
200
200
200
200
200
200
200
200
200
200
200
200
200
200
200
200
200
200
200
200
200
200
200
200
200
200
200
200
200
200
200
200
200
200
200
200
200
200
200
200
200
200
200
200
200
200
)
;
    }
    lowerWall
    {
        type            calculated;
        value           uniform 0;
    }
    upperWall
    {
        type            calculated;
        value           uniform 0;
    }
    procBoundary0to1
    {
        type            processor;
        value           nonuniform List<scalar> 
135
(
-200
-200
-200
-200
-200
-200
-200
-200
-200
-200
-200
-200
-200
-200
-0.000138458
-200
-1.01119e-05
-200
-1.12862e-05
-200
-200
-200
-200
-200
-200
-200
-200
-200
-200
-200
-200
-200
-200
-200
-200
-200
-200
-200
-200
-200
-200
-200
-200
-200
-0.00012562
-200
-2.0704e-05
-200
-200
-200
-200
-200
-200
-200
-200
-200
-200
-200
-200
-200
-200
-200
-200
-200
-200
-200
-200
-200
-200
-200
-200
-200
-0.000136848
-200
-1.27919e-05
-200
-200
-200
-200
-200
-200
-200
-200
-200
-200
-200
-200
-200
-200
-200
-200
-200
-200
-200
-200
-200
-200
-200
-200
-200
-0.00014412
-200
-1.10986e-05
-200
-200
-200
-200
-200
-200
-200
-200
-200
-200
-200
-200
-200
-200
-200
-200
-200
-200
-200
-200
-200
-200
-200
-200
-200
-0.000161889
-200
-200
-200
-200
-200
-200
)
;
    }
    procBoundary0to3
    {
        type            processor;
        value           nonuniform List<scalar> 
101
(
-2.06291e-05
-1.27599e-05
2.15927e-07
3.1318e-06
9.85936e-06
2.08638e-05
2.66129e-05
3.5761e-05
3.79368e-05
4.70212e-05
4.87862e-05
5.73176e-05
6.00164e-05
6.62409e-05
-5.78895e-06
-2.22102e-05
-200
-9.63735e-06
-2.83219e-05
-2.69512e-05
-1.77385e-05
1.00451e-05
2.1779e-05
2.50875e-05
3.23759e-05
3.83523e-05
4.47542e-05
5.03861e-05
5.44647e-05
5.96109e-05
6.36099e-05
7.01423e-05
-7.29936e-06
-1.61461e-05
-1.58e-05
-2.91488e-06
-8.06964e-07
-200
1.63289e-05
-3.32878e-05
-2.14484e-05
3.52793e-05
4.20561e-05
4.85706e-05
5.34162e-05
5.37964e-05
6.09912e-05
6.24421e-05
7.05792e-05
7.02739e-05
-6.01913e-06
-1.19961e-05
-9.95407e-06
-2.19184e-06
6.61453e-06
1.62717e-05
2.38534e-05
-200
3.91443e-05
-2.15456e-05
-1.67572e-05
-9.73539e-06
5.9955e-05
6.40744e-05
6.7822e-05
6.93832e-05
7.32784e-05
7.89872e-05
-3.42599e-06
-5.11844e-06
-1.5451e-06
6.0802e-06
1.47142e-05
2.36425e-05
3.19906e-05
3.97244e-05
4.94056e-05
5.23124e-05
-200
6.55277e-05
-6.19004e-06
-5.36116e-06
-3.15749e-07
7.70692e-05
7.87641e-05
8.09681e-05
-1.07331e-06
-2.2489e-07
4.44601e-06
1.14977e-05
1.96986e-05
2.78649e-05
3.58492e-05
4.316e-05
5.10173e-05
5.75694e-05
6.27177e-05
7.00392e-05
6.78371e-05
-200
8.04298e-05
)
;
    }
}


// ************************************************************************* //
