/*--------------------------------*- C++ -*----------------------------------*\
  =========                 |
  \\      /  F ield         | OpenFOAM: The Open Source CFD Toolbox
   \\    /   O peration     | Website:  https://openfoam.org
    \\  /    A nd           | Version:  10
     \\/     M anipulation  |
\*---------------------------------------------------------------------------*/
FoamFile
{
    format      ascii;
    class       volVectorField;
    location    "0";
    object      U;
}
// * * * * * * * * * * * * * * * * * * * * * * * * * * * * * * * * * * * * * //

dimensions      [0 1 -1 0 0 0 0];

internalField   nonuniform List<vector> 
2083
(
(-10 1.69923e-08 4.61487e-08)
(-10 5.79074e-08 1.23518e-07)
(-10 9.65167e-08 1.7007e-07)
(-10 1.29425e-07 1.91767e-07)
(-10 1.62594e-07 1.89015e-07)
(-10 1.62654e-07 1.69885e-07)
(-10 1.72843e-07 1.61166e-07)
(-10 1.48881e-07 1.55928e-07)
(-10 1.44717e-07 1.82209e-07)
(-10 1.36348e-07 2.21256e-07)
(-10 1.44773e-07 2.78705e-07)
(-10 1.87853e-07 3.48627e-07)
(-10 2.36499e-07 4.02795e-07)
(-10 2.98975e-07 4.61988e-07)
(-10 3.69654e-07 5.11058e-07)
(-10 4.02289e-07 5.58934e-07)
(-10 5.15293e-08 4.64712e-08)
(-10 1.69115e-07 1.18706e-07)
(-10 2.7726e-07 1.62564e-07)
(-10 3.77633e-07 1.82705e-07)
(-10 4.52827e-07 1.7268e-07)
(-10 4.75002e-07 1.62766e-07)
(-10 4.84875e-07 1.48319e-07)
(-10 4.5114e-07 1.59265e-07)
(-10 4.39259e-07 1.86456e-07)
(-10 4.45798e-07 2.34833e-07)
(-10 4.94003e-07 2.99207e-07)
(-10 6.31357e-07 3.61664e-07)
(-10 7.81366e-07 4.17533e-07)
(-10 9.78029e-07 4.69811e-07)
(-10 1.15563e-06 5.05125e-07)
(-10 1.28088e-06 5.6509e-07)
(-10 8.75077e-08 4.54168e-08)
(-10 2.58585e-07 1.10522e-07)
(-10 4.22612e-07 1.51854e-07)
(-10 5.72785e-07 1.64123e-07)
(-10 6.6397e-07 1.54747e-07)
(-10 7.24427e-07 1.46561e-07)
(-10 7.26721e-07 1.40505e-07)
(-10 7.28321e-07 1.63242e-07)
(-10 7.3902e-07 2.02173e-07)
(-10 7.94889e-07 2.58743e-07)
(-10 9.42049e-07 3.30154e-07)
(-10 1.15846e-06 3.82116e-07)
(-10 1.43507e-06 4.38628e-07)
(-10 1.73755e-06 4.69387e-07)
(-10 1.98033e-06 5.0096e-07)
(-10 2.23851e-06 5.48434e-07)
(-10 1.06083e-07 4.06815e-08)
(-10 3.09601e-07 1.02901e-07)
(-10 5.11561e-07 1.37827e-07)
(-10 6.83306e-07 1.43983e-07)
(-10 7.98031e-07 1.40415e-07)
(-10 8.77967e-07 1.31066e-07)
(-10 9.10591e-07 1.42871e-07)
(-10 9.55225e-07 1.74492e-07)
(-10 1.0323e-06 2.25404e-07)
(-10 1.16657e-06 2.9575e-07)
(-10 1.42899e-06 3.55595e-07)
(-10 1.72947e-06 4.13482e-07)
(-10 2.12483e-06 4.47812e-07)
(-10 2.48074e-06 4.64992e-07)
(-10 2.80631e-06 4.98129e-07)
(-10 3.11532e-06 5.1805e-07)
(-10 1.13287e-07 3.85169e-08)
(-10 3.43638e-07 9.70876e-08)
(-10 5.6558e-07 1.26008e-07)
(-10 7.45533e-07 1.31173e-07)
(-10 8.92037e-07 1.29964e-07)
(-10 9.85285e-07 1.29072e-07)
(-10 1.07436e-06 1.537e-07)
(-10 1.18147e-06 1.97672e-07)
(-10 1.33568e-06 2.58008e-07)
(-10 1.60188e-06 3.34172e-07)
(-10 1.93822e-06 3.85051e-07)
(-10 2.37384e-06 4.39011e-07)
(-10 2.82179e-06 4.47468e-07)
(-10 3.23516e-06 4.632e-07)
(-10 3.65014e-06 4.76899e-07)
(-10 3.95237e-06 4.87896e-07)
(-10 1.1822e-07 3.79072e-08)
(-10 3.61855e-07 9.13158e-08)
(-10 5.89503e-07 1.16254e-07)
(-10 7.83255e-07 1.26176e-07)
(-10 9.4822e-07 1.25153e-07)
(-10 1.07916e-06 1.39962e-07)
(-10 1.22413e-06 1.74205e-07)
(-10 1.41414e-06 2.27123e-07)
(-10 1.66461e-06 3.0139e-07)
(-10 2.0538e-06 3.61555e-07)
(-10 2.48073e-06 4.21125e-07)
(-10 3.02109e-06 4.41648e-07)
(-10 3.49741e-06 4.46225e-07)
(-10 3.98645e-06 4.4934e-07)
(-10 4.42467e-06 4.36836e-07)
(-10 4.77223e-06 4.69737e-07)
(-10 1.23144e-07 3.74373e-08)
(-10 3.68543e-07 8.73866e-08)
(-10 5.97328e-07 1.13764e-07)
(-10 8.13187e-07 1.25414e-07)
(-10 9.94996e-07 1.33141e-07)
(-10 1.18065e-06 1.5915e-07)
(-10 1.39596e-06 2.04483e-07)
(-10 1.66328e-06 2.64371e-07)
(-10 2.05222e-06 3.41322e-07)
(-10 2.50722e-06 3.90827e-07)
(-10 3.0768e-06 4.41107e-07)
(-10 3.63284e-06 4.3549e-07)
(-10 4.18088e-06 4.38383e-07)
(-10 4.70777e-06 4.15196e-07)
(-10 5.13214e-06 4.00931e-07)
(-10 5.57788e-06 4.09479e-07)
(-10 1.22679e-07 3.58988e-08)
(-10 3.62626e-07 8.6072e-08)
(-10 6.01351e-07 1.1661e-07)
(-10 8.29122e-07 1.30475e-07)
(-10 1.04801e-06 1.51002e-07)
(-10 1.28456e-06 1.86783e-07)
(-10 1.5787e-06 2.37615e-07)
(-10 1.93411e-06 3.10065e-07)
(-10 2.43336e-06 3.666e-07)
(-10 2.96897e-06 4.23469e-07)
(-10 3.61951e-06 4.32734e-07)
(-10 4.18914e-06 4.30815e-07)
(-10 4.79588e-06 4.06367e-07)
(-10 5.31156e-06 3.70692e-07)
(-10 5.7768e-06 3.63356e-07)
(-10 6.21348e-06 3.37279e-07)
(-10 1.16352e-07 3.58048e-08)
(-10 3.53647e-07 9.01622e-08)
(-10 6.02589e-07 1.22175e-07)
(-10 8.47377e-07 1.45186e-07)
(-10 1.1085e-06 1.74653e-07)
(-10 1.41014e-06 2.20723e-07)
(-10 1.76473e-06 2.76161e-07)
(-10 2.2436e-06 3.49084e-07)
(-10 2.78398e-06 3.92891e-07)
(-10 3.4414e-06 4.36152e-07)
(-10 4.06609e-06 4.20282e-07)
(-10 4.70385e-06 4.11651e-07)
(-10 5.29045e-06 3.60426e-07)
(-10 5.81476e-06 3.27341e-07)
(-10 6.33828e-06 2.96549e-07)
(-10 6.71069e-06 2.62141e-07)
(-10 1.05916e-07 3.80083e-08)
(-10 3.43407e-07 9.5789e-08)
(-10 5.91873e-07 1.3288e-07)
(-10 8.67544e-07 1.65349e-07)
(-10 1.16726e-06 2.05546e-07)
(-10 1.53606e-06 2.54084e-07)
(-10 1.96095e-06 3.21919e-07)
(-10 2.52765e-06 3.72149e-07)
(-10 3.12341e-06 4.22325e-07)
(-10 3.82577e-06 4.22158e-07)
(-10 4.43909e-06 4.12681e-07)
(-10 5.098e-06 3.66373e-07)
(-10 5.65022e-06 3.14774e-07)
(-10 6.21055e-06 2.68812e-07)
(-10 6.71217e-06 2.06062e-07)
(-10 7.11084e-06 1.99778e-07)
(-10 9.88525e-08 4.22093e-08)
(-10 3.20903e-07 1.02091e-07)
(-10 5.78785e-07 1.49905e-07)
(-10 8.78964e-07 1.89449e-07)
(-10 1.23742e-06 2.39584e-07)
(-10 1.65062e-06 2.91433e-07)
(-10 2.18454e-06 3.58957e-07)
(-10 2.77002e-06 3.95931e-07)
(-10 3.46223e-06 4.31389e-07)
(-10 4.10719e-06 4.07682e-07)
(-10 4.76998e-06 3.87564e-07)
(-10 5.35792e-06 3.17603e-07)
(-10 5.92524e-06 2.64737e-07)
(-10 6.4754e-06 1.88769e-07)
(-10 6.91127e-06 1.21117e-07)
(-10 7.38674e-06 8.6814e-08)
(-10 8.71694e-08 4.32141e-08)
(-10 2.8067e-07 1.13294e-07)
(-10 5.55902e-07 1.68317e-07)
(-10 8.78898e-07 2.20344e-07)
(-10 1.29725e-06 2.70992e-07)
(-10 1.77085e-06 3.35293e-07)
(-10 2.38101e-06 3.7944e-07)
(-10 3.00737e-06 4.22402e-07)
(-10 3.72346e-06 4.15163e-07)
(-10 4.33985e-06 3.98317e-07)
(-10 4.99013e-06 3.38252e-07)
(-10 5.51906e-06 2.75797e-07)
(-10 6.07915e-06 1.96438e-07)
(-10 6.55123e-06 1.01292e-07)
(-10 6.97614e-06 4.4333e-08)
(-10 7.40387e-06 -3.23197e-08)
(-10 5.82589e-08 4.54186e-08)
(-10 2.41171e-07 1.294e-07)
(-10 5.09397e-07 1.90146e-07)
(-10 8.84024e-07 2.53163e-07)
(-10 1.33799e-06 3.06327e-07)
(-10 1.91827e-06 3.69786e-07)
(-10 2.54318e-06 4.00789e-07)
(-10 3.25812e-06 4.28553e-07)
(-10 3.90877e-06 3.99518e-07)
(-10 4.56008e-06 3.7121e-07)
(-10 5.10421e-06 2.92548e-07)
(-10 5.62921e-06 2.27578e-07)
(-10 6.09697e-06 1.23012e-07)
(-10 6.4879e-06 2.92286e-08)
(-10 6.91365e-06 -5.0303e-08)
(-10 7.20546e-06 -1.35196e-07)
(-10 2.58807e-08 5.36619e-08)
(-10 1.90683e-07 1.4208e-07)
(-10 4.53891e-07 2.19273e-07)
(-10 8.81064e-07 2.82955e-07)
(-10 1.39616e-06 3.4859e-07)
(-10 2.05612e-06 3.89365e-07)
(-10 2.72758e-06 4.24386e-07)
(-10 3.46853e-06 4.11622e-07)
(-10 4.09596e-06 3.8849e-07)
(-10 4.72431e-06 3.23409e-07)
(-10 5.20106e-06 2.58544e-07)
(-10 5.68379e-06 1.66791e-07)
(-10 6.036e-06 5.97933e-08)
(-10 6.3812e-06 -3.07903e-08)
(-10 6.70199e-06 -1.46601e-07)
(-10 6.9901e-06 -1.8488e-07)
(-10 1.20709e-08 6.17782e-08)
(-10 1.23765e-07 1.59584e-07)
(-10 4.19121e-07 2.51295e-07)
(-10 8.745e-07 3.19302e-07)
(-10 1.49807e-06 3.83043e-07)
(-10 2.18435e-06 4.10669e-07)
(-10 2.9491e-06 4.28754e-07)
(-10 3.64192e-06 3.95275e-07)
(-10 4.31148e-06 3.59756e-07)
(-10 4.84511e-06 2.81497e-07)
(-10 5.33288e-06 2.16343e-07)
(-10 5.70526e-06 1.09657e-07)
(-10 6.00498e-06 1.60479e-08)
(-10 6.28473e-06 -9.31955e-08)
(-10 6.44852e-06 -2.07134e-07)
(-10 6.73376e-06 -2.95768e-07)
(-10 6.88389e-06 -3.15998e-07)
(-10 -1.16609e-08 6.35044e-08)
(-10 6.50309e-08 1.81803e-07)
(-10 3.9991e-07 2.81964e-07)
(-10 9.05678e-07 3.60034e-07)
(-10 1.60865e-06 4.05647e-07)
(-10 2.34426e-06 4.3097e-07)
(-10 3.14385e-06 4.1285e-07)
(-10 3.82987e-06 3.79284e-07)
(-10 4.49389e-06 3.11921e-07)
(-10 4.99353e-06 2.46744e-07)
(-10 5.46705e-06 1.58581e-07)
(-10 5.77844e-06 6.76967e-08)
(-10 6.06226e-06 -2.71459e-08)
(-10 6.23091e-06 -1.54651e-07)
(-10 6.38188e-06 -2.25053e-07)
(-10 6.54135e-06 -3.26343e-07)
(-10 6.71647e-06 -3.52693e-07)
(-10 -3.86253e-08 6.88741e-08)
(-10 7.27469e-08 2.14367e-07)
(-10 4.15649e-07 3.1591e-07)
(-10 1.0061e-06 3.97843e-07)
(-10 1.71987e-06 4.26097e-07)
(-10 2.53205e-06 4.36242e-07)
(-10 3.28945e-06 3.93455e-07)
(-10 4.022e-06 3.47383e-07)
(-10 4.6201e-06 2.65525e-07)
(-10 5.1671e-06 1.99385e-07)
(-10 5.57764e-06 1.03051e-07)
(-10 5.92123e-06 2.51476e-08)
(-10 6.16314e-06 -7.9786e-08)
(-10 6.30852e-06 -1.6607e-07)
(-10 6.46309e-06 -2.78178e-07)
(-10 6.50936e-06 -4.40132e-07)
(-10 6.76516e-06 -4.75522e-07)
(-10 -4.17735e-08 8.43133e-08)
(-10 1.10424e-07 2.33665e-07)
(-10 4.66726e-07 3.50225e-07)
(-10 1.10197e-06 4.16572e-07)
(-10 1.82797e-06 4.42237e-07)
(-10 2.64919e-06 4.17974e-07)
(-10 3.39174e-06 3.71905e-07)
(-10 4.11741e-06 2.95207e-07)
(-10 4.70507e-06 2.21798e-07)
(-10 5.25894e-06 1.31656e-07)
(-10 5.66566e-06 5.27682e-08)
(-10 6.03532e-06 -3.28434e-08)
(-10 6.26433e-06 -1.17342e-07)
(-10 6.46619e-06 -2.03804e-07)
(-10 6.6273e-06 -3.33282e-07)
(-10 6.8194e-06 -3.35874e-07)
(-10 6.99818e-06 -5.20259e-07)
(-10 1.83783e-09 9.91755e-08)
(-10 1.34342e-07 2.47548e-07)
(-10 5.45687e-07 3.78692e-07)
(-10 1.14533e-06 4.27799e-07)
(-10 1.90012e-06 4.42787e-07)
(-10 2.65745e-06 3.95149e-07)
(-10 3.41434e-06 3.35716e-07)
(-10 4.08098e-06 2.44624e-07)
(-10 4.70494e-06 1.64377e-07)
(-10 5.21438e-06 6.82107e-08)
(-10 5.67341e-06 -5.08572e-09)
(-10 6.01841e-06 -9.11679e-08)
(-10 6.30479e-06 -1.49527e-07)
(-10 6.55802e-06 -2.02539e-07)
(-10 6.79174e-06 -2.5454e-07)
(-10 7.07529e-06 -4.22165e-07)
(-10 7.2667e-06 -4.40401e-07)
(-10 1.36739e-08 8.93125e-08)
(-10 1.29061e-07 2.68274e-07)
(-10 5.44247e-07 3.80908e-07)
(-10 1.10389e-06 4.34224e-07)
(-10 1.8396e-06 4.20413e-07)
(-10 2.53659e-06 3.66928e-07)
(-10 3.27608e-06 2.8627e-07)
(-10 3.90466e-06 1.94977e-07)
(-10 4.52338e-06 9.74828e-08)
(-10 5.01634e-06 1.12508e-08)
(-10 5.47965e-06 -7.20551e-08)
(-10 5.82266e-06 -1.31427e-07)
(-10 6.16289e-06 -1.72988e-07)
(-10 6.45878e-06 -2.14495e-07)
(-10 6.8054e-06 -2.52255e-07)
(-10 7.14036e-06 -1.98988e-07)
(-10 7.39026e-06 -3.03359e-07)
(-10 -4.37297e-08 9.40563e-08)
(-10 8.45896e-08 2.82415e-07)
(-10 3.854e-07 3.8126e-07)
(-10 9.53964e-07 4.32535e-07)
(-10 1.59871e-06 3.90444e-07)
(-10 2.31337e-06 3.42504e-07)
(-10 2.95219e-06 2.36002e-07)
(-10 3.59938e-06 1.48e-07)
(-10 4.13634e-06 3.90907e-08)
(-10 4.6505e-06 -4.0141e-08)
(-10 5.05346e-06 -1.18971e-07)
(-10 5.43579e-06 -1.59489e-07)
(-10 5.77743e-06 -1.87106e-07)
(-10 6.15488e-06 -1.62502e-07)
(-10 6.56495e-06 -1.23294e-07)
(-10 6.93259e-06 -2.01062e-07)
(-10 7.18247e-06 -1.73078e-07)
(-10 -8.17056e-08 1.09687e-07)
(-10 -8.6875e-08 2.74029e-07)
(-10 1.40609e-07 4.02132e-07)
(-10 6.30293e-07 4.13886e-07)
(-10 1.19877e-06 3.84128e-07)
(-10 1.83886e-06 2.84757e-07)
(-10 2.44576e-06 2.07358e-07)
(-10 3.03684e-06 9.60343e-08)
(-10 3.53433e-06 8.56109e-09)
(-10 4.00562e-06 -7.83079e-08)
(-10 4.36748e-06 -1.36152e-07)
(-10 4.75717e-06 -1.64798e-07)
(-10 5.09105e-06 -1.57331e-07)
(-10 5.53819e-06 -1.22583e-07)
(-10 5.91075e-06 -9.22874e-08)
(-10 6.30184e-06 4.01457e-08)
(-10 6.53058e-06 1.52736e-08)
(-10 -1.45441e-07 1.05409e-07)
(-10 -2.96552e-07 3.09315e-07)
(-10 -2.16172e-07 4.16741e-07)
(-10 8.48342e-08 4.3653e-07)
(-10 5.78556e-07 3.84869e-07)
(-10 1.08516e-06 3.12638e-07)
(-10 1.61294e-06 1.92922e-07)
(-10 2.0742e-06 7.60258e-08)
(-10 2.57766e-06 -2.6237e-09)
(-10 2.95255e-06 -8.13849e-08)
(-10 3.35787e-06 -1.08168e-07)
(-10 3.65853e-06 -1.41974e-07)
(-10 4.07772e-06 -8.98035e-08)
(-10 4.41804e-06 -5.95958e-08)
(-10 4.85464e-06 6.87425e-08)
(-10 5.14647e-06 7.17985e-08)
(-10 5.32832e-06 7.9665e-08)
(-10 -2.0504e-07 1.25641e-07)
(-10 -5.20523e-07 3.31404e-07)
(-10 -5.32087e-07 5.02339e-07)
(-10 -5.14219e-07 5.38786e-07)
(-10 -1.64951e-07 4.89063e-07)
(-10 1.91831e-07 3.54791e-07)
(-10 6.20176e-07 2.5384e-07)
(-10 1.05335e-06 1.64509e-07)
(-10 1.43481e-06 3.28775e-08)
(-10 1.82107e-06 -2.10843e-08)
(-10 2.15184e-06 -8.00871e-08)
(-10 2.4951e-06 -4.78361e-08)
(-10 2.82268e-06 -4.03472e-08)
(-10 3.18317e-06 5.36712e-08)
(-10 3.49387e-06 9.39196e-08)
(-10 3.70152e-06 1.7079e-07)
(-10 3.91566e-06 2.36232e-07)
(-10 -2.58849e-07 1.30302e-07)
(-10 -5.5728e-07 4.30935e-07)
(-10 -8.54568e-07 5.72689e-07)
(-10 -9.23315e-07 7.42124e-07)
(-10 -5.94047e-07 6.47969e-07)
(-10 -1.5856e-07 6.07963e-07)
(-10 1.4339e-07 3.92957e-07)
(-10 5.34611e-07 2.20984e-07)
(-10 9.48277e-07 1.60598e-07)
(-10 1.30725e-06 7.39805e-08)
(-10 1.64183e-06 5.81571e-08)
(-10 1.92582e-06 2.41233e-08)
(-10 2.22863e-06 7.9712e-08)
(-10 2.51497e-06 1.05974e-07)
(-10 2.78744e-06 1.87478e-07)
(-10 3.02019e-06 2.40514e-07)
(-10 3.24209e-06 2.84121e-07)
(-10 -2.94037e-07 1.6226e-07)
(-10 -7.64321e-07 3.99713e-07)
(-10 -7.73754e-07 7.78158e-07)
(-10 1.73954e-08 1.09148e-07)
(-10 5.18928e-08 2.88639e-07)
(-10 8.71337e-08 4.05806e-07)
(-10 1.18098e-07 4.60365e-07)
(-10 1.42176e-07 4.60837e-07)
(-10 1.53756e-07 4.26299e-07)
(-10 1.56785e-07 4.05758e-07)
(-10 1.53052e-07 4.02517e-07)
(-10 1.50027e-07 4.56274e-07)
(-10 1.53318e-07 5.48501e-07)
(-10 1.704e-07 6.79924e-07)
(-10 2.04149e-07 8.34133e-07)
(-10 2.54922e-07 9.69693e-07)
(-10 3.08754e-07 1.10107e-06)
(-10 3.62237e-07 1.21849e-06)
(-10 4.09984e-07 1.33409e-06)
(-10 5.06145e-08 1.07832e-07)
(-10 1.52871e-07 2.7856e-07)
(-10 2.5449e-07 3.8829e-07)
(-10 3.43078e-07 4.3771e-07)
(-10 4.09992e-07 4.28413e-07)
(-10 4.45847e-07 4.05324e-07)
(-10 4.59048e-07 3.83663e-07)
(-10 4.60281e-07 4.0509e-07)
(-10 4.64215e-07 4.68571e-07)
(-10 4.92656e-07 5.77865e-07)
(-10 5.58313e-07 7.20483e-07)
(-10 6.73219e-07 8.66177e-07)
(-10 8.26157e-07 9.96892e-07)
(-10 9.87278e-07 1.11368e-06)
(-10 1.143e-06 1.20917e-06)
(-10 1.26775e-06 1.33259e-06)
(-10 8.02706e-08 1.03926e-07)
(-10 2.38828e-07 2.61416e-07)
(-10 3.91691e-07 3.61456e-07)
(-10 5.24382e-07 3.98138e-07)
(-10 6.23639e-07 3.87859e-07)
(-10 6.84802e-07 3.71624e-07)
(-10 7.19911e-07 3.68053e-07)
(-10 7.47354e-07 4.14922e-07)
(-10 7.87705e-07 5.04543e-07)
(-10 8.71035e-07 6.32324e-07)
(-10 1.01253e-06 7.86623e-07)
(-10 1.22324e-06 9.16393e-07)
(-10 1.47292e-06 1.03617e-06)
(-10 1.73153e-06 1.11862e-06)
(-10 1.97159e-06 1.19721e-06)
(-10 2.17971e-06 1.29867e-06)
(-10 9.74581e-08 9.57337e-08)
(-10 2.92808e-07 2.43019e-07)
(-10 4.79253e-07 3.29758e-07)
(-10 6.42119e-07 3.55832e-07)
(-10 7.67052e-07 3.52614e-07)
(-10 8.56105e-07 3.4275e-07)
(-10 9.27085e-07 3.70084e-07)
(-10 9.98262e-07 4.41552e-07)
(-10 1.10209e-06 5.57558e-07)
(-10 1.26086e-06 7.08252e-07)
(-10 1.49761e-06 8.50706e-07)
(-10 1.80059e-06 9.75897e-07)
(-10 2.13588e-06 1.05855e-06)
(-10 2.473e-06 1.11024e-06)
(-10 2.77623e-06 1.17661e-06)
(-10 3.03965e-06 1.23915e-06)
(-10 1.09819e-07 9.10296e-08)
(-10 3.29157e-07 2.28794e-07)
(-10 5.38615e-07 3.04505e-07)
(-10 7.23275e-07 3.27755e-07)
(-10 8.72959e-07 3.31369e-07)
(-10 9.96405e-07 3.40679e-07)
(-10 1.11352e-06 3.95105e-07)
(-10 1.24726e-06 4.95357e-07)
(-10 1.43066e-06 6.32097e-07)
(-10 1.68414e-06 7.9437e-07)
(-10 2.02013e-06 9.20802e-07)
(-10 2.40905e-06 1.02882e-06)
(-10 2.8198e-06 1.06777e-06)
(-10 3.21559e-06 1.1008e-06)
(-10 3.57352e-06 1.13429e-06)
(-10 3.89198e-06 1.17316e-06)
(-10 1.1687e-07 8.81203e-08)
(-10 3.49729e-07 2.16264e-07)
(-10 5.74198e-07 2.84932e-07)
(-10 7.76056e-07 3.14276e-07)
(-10 9.52191e-07 3.2526e-07)
(-10 1.11675e-06 3.62513e-07)
(-10 1.28761e-06 4.41388e-07)
(-10 1.49751e-06 5.63323e-07)
(-10 1.76875e-06 7.2161e-07)
(-10 2.12462e-06 8.64881e-07)
(-10 2.5508e-06 9.87925e-07)
(-10 3.01669e-06 1.04413e-06)
(-10 3.48605e-06 1.05963e-06)
(-10 3.92645e-06 1.06328e-06)
(-10 4.32971e-06 1.05436e-06)
(-10 4.67421e-06 1.10266e-06)
(-10 1.20633e-07 8.65724e-08)
(-10 3.61989e-07 2.09845e-07)
(-10 5.97773e-07 2.80221e-07)
(-10 8.18561e-07 3.16174e-07)
(-10 1.02731e-06 3.45979e-07)
(-10 1.23917e-06 4.07502e-07)
(-10 1.47522e-06 5.11725e-07)
(-10 1.76696e-06 6.49324e-07)
(-10 2.13374e-06 8.12472e-07)
(-10 2.58461e-06 9.34932e-07)
(-10 3.09131e-06 1.03212e-06)
(-10 3.6193e-06 1.04116e-06)
(-10 4.13106e-06 1.03631e-06)
(-10 4.60946e-06 9.97865e-07)
(-10 5.04029e-06 9.71047e-07)
(-10 5.41231e-06 9.80479e-07)
(-10 1.20639e-07 8.50716e-08)
(-10 3.66096e-07 2.09128e-07)
(-10 6.11865e-07 2.86849e-07)
(-10 8.53837e-07 3.32104e-07)
(-10 1.0999e-06 3.85682e-07)
(-10 1.36153e-06 4.69698e-07)
(-10 1.6683e-06 5.89436e-07)
(-10 2.04e-06 7.4367e-07)
(-10 2.49782e-06 8.79487e-07)
(-10 3.02562e-06 9.9338e-07)
(-10 3.59348e-06 1.02661e-06)
(-10 4.15934e-06 1.01714e-06)
(-10 4.69843e-06 9.66226e-07)
(-10 5.20174e-06 8.97448e-07)
(-10 5.64633e-06 8.62679e-07)
(-10 6.02931e-06 8.2433e-07)
(-10 1.18989e-07 8.67545e-08)
(-10 3.65794e-07 2.1931e-07)
(-10 6.22927e-07 3.04695e-07)
(-10 8.90969e-07 3.68945e-07)
(-10 1.17668e-06 4.42832e-07)
(-10 1.49426e-06 5.49493e-07)
(-10 1.87011e-06 6.79823e-07)
(-10 2.32121e-06 8.3385e-07)
(-10 2.85363e-06 9.43455e-07)
(-10 3.43976e-06 1.02367e-06)
(-10 4.04103e-06 1.00736e-06)
(-10 4.62329e-06 9.71047e-07)
(-10 5.17596e-06 8.74633e-07)
(-10 5.68741e-06 7.91255e-07)
(-10 6.14166e-06 7.18099e-07)
(-10 6.53882e-06 6.5611e-07)
(-10 1.13922e-07 9.21808e-08)
(-10 3.58317e-07 2.34749e-07)
(-10 6.26535e-07 3.33534e-07)
(-10 9.22873e-07 4.17295e-07)
(-10 1.24842e-06 5.1332e-07)
(-10 1.62445e-06 6.3035e-07)
(-10 2.06444e-06 7.75282e-07)
(-10 2.5862e-06 8.97208e-07)
(-10 3.17153e-06 9.95223e-07)
(-10 3.79018e-06 1.00643e-06)
(-10 4.39819e-06 9.73646e-07)
(-10 4.98044e-06 8.7841e-07)
(-10 5.53061e-06 7.6224e-07)
(-10 6.03733e-06 6.47182e-07)
(-10 6.49288e-06 5.24219e-07)
(-10 6.89168e-06 4.76306e-07)
(-10 1.0536e-07 1.01677e-07)
(-10 3.42784e-07 2.56304e-07)
(-10 6.23081e-07 3.77207e-07)
(-10 9.47708e-07 4.78762e-07)
(-10 1.31923e-06 5.95868e-07)
(-10 1.75213e-06 7.20655e-07)
(-10 2.25644e-06 8.63083e-07)
(-10 2.83283e-06 9.57067e-07)
(-10 3.45328e-06 1.01917e-06)
(-10 4.07739e-06 9.82069e-07)
(-10 4.67694e-06 9.18092e-07)
(-10 5.2447e-06 7.78987e-07)
(-10 5.77732e-06 6.42512e-07)
(-10 6.266e-06 4.78117e-07)
(-10 6.70911e-06 3.33333e-07)
(-10 7.09661e-06 2.37875e-07)
(-10 9.1181e-08 1.0931e-07)
(-10 3.14806e-07 2.87135e-07)
(-10 6.06203e-07 4.26845e-07)
(-10 9.5854e-07 5.52341e-07)
(-10 1.38067e-06 6.76599e-07)
(-10 1.8688e-06 8.14757e-07)
(-10 2.4333e-06 9.23163e-07)
(-10 3.04815e-06 1.00459e-06)
(-10 3.68362e-06 9.98217e-07)
(-10 4.29426e-06 9.45765e-07)
(-10 4.87136e-06 8.19857e-07)
(-10 5.40653e-06 6.69194e-07)
(-10 5.90199e-06 4.85573e-07)
(-10 6.35181e-06 2.84478e-07)
(-10 6.76187e-06 1.29524e-07)
(-10 7.12636e-06 -1.75116e-08)
(-10 7.13186e-08 1.19971e-07)
(-10 2.77153e-07 3.30352e-07)
(-10 5.73092e-07 4.87916e-07)
(-10 9.62288e-07 6.3746e-07)
(-10 1.43499e-06 7.66634e-07)
(-10 1.98586e-06 9.01603e-07)
(-10 2.59936e-06 9.80192e-07)
(-10 3.24464e-06 1.02592e-06)
(-10 3.87542e-06 9.72794e-07)
(-10 4.46645e-06 8.90052e-07)
(-10 5.00458e-06 7.26496e-07)
(-10 5.49296e-06 5.58031e-07)
(-10 5.92616e-06 3.31896e-07)
(-10 6.32279e-06 1.1822e-07)
(-10 6.67498e-06 -7.328e-08)
(-10 7.01476e-06 -2.4035e-07)
(-10 4.63301e-08 1.40856e-07)
(-10 2.28414e-07 3.71579e-07)
(-10 5.30327e-07 5.64658e-07)
(-10 9.63738e-07 7.20419e-07)
(-10 1.49205e-06 8.64692e-07)
(-10 2.10723e-06 9.62764e-07)
(-10 2.76254e-06 1.02777e-06)
(-10 3.42693e-06 1.00501e-06)
(-10 4.04626e-06 9.38053e-07)
(-10 4.61217e-06 7.97112e-07)
(-10 5.10581e-06 6.35266e-07)
(-10 5.53639e-06 4.24012e-07)
(-10 5.9023e-06 1.89851e-07)
(-10 6.22817e-06 -3.69318e-08)
(-10 6.50595e-06 -2.68419e-07)
(-10 6.78938e-06 -4.05967e-07)
(-10 2.4374e-08 1.63197e-07)
(-10 1.73419e-07 4.26359e-07)
(-10 4.97484e-07 6.54227e-07)
(-10 9.70848e-07 8.18033e-07)
(-10 1.56939e-06 9.57623e-07)
(-10 2.23636e-06 1.02355e-06)
(-10 2.93468e-06 1.04987e-06)
(-10 3.6015e-06 9.80193e-07)
(-10 4.21577e-06 8.82718e-07)
(-10 4.74928e-06 7.1241e-07)
(-10 5.20793e-06 5.41568e-07)
(-10 5.58139e-06 3.09457e-07)
(-10 5.89631e-06 8.39796e-08)
(-10 6.1299e-06 -1.68462e-07)
(-10 6.35046e-06 -3.97138e-07)
(-10 6.55694e-06 -5.84515e-07)
(-10 -2.79105e-09 1.76835e-07)
(-10 1.33509e-07 4.96678e-07)
(-10 4.80679e-07 7.40299e-07)
(-10 1.00385e-06 9.24272e-07)
(-10 1.66247e-06 1.02599e-06)
(-10 2.37623e-06 1.07396e-06)
(-10 3.09972e-06 1.03002e-06)
(-10 3.77001e-06 9.42358e-07)
(-10 4.3761e-06 7.88014e-07)
(-10 4.89089e-06 6.24123e-07)
(-10 5.32543e-06 4.18166e-07)
(-10 5.6728e-06 2.05548e-07)
(-10 5.94246e-06 -3.12349e-08)
(-10 6.13982e-06 -2.80652e-07)
(-10 6.29307e-06 -4.85184e-07)
(-10 6.36089e-06 -7.60864e-07)
(-10 -1.26141e-08 2.03781e-07)
(-10 1.37575e-07 5.78179e-07)
(-10 5.00976e-07 8.39122e-07)
(-10 1.07678e-06 1.02432e-06)
(-10 1.76561e-06 1.09165e-06)
(-10 2.51581e-06 1.09847e-06)
(-10 3.23826e-06 1.00295e-06)
(-10 3.91691e-06 8.8034e-07)
(-10 4.50745e-06 6.94873e-07)
(-10 5.02324e-06 5.20279e-07)
(-10 5.44537e-06 3.02567e-07)
(-10 5.79555e-06 1.0168e-07)
(-10 6.0504e-06 -1.31117e-07)
(-10 6.24708e-06 -3.50137e-07)
(-10 6.3278e-06 -6.53057e-07)
(-10 6.49744e-06 -8.64238e-07)
(-10 6.5557e-06 -1.12252e-06)
(-10 -3.89667e-09 2.40779e-07)
(-10 1.51901e-07 6.36036e-07)
(-10 5.45203e-07 9.33699e-07)
(-10 1.13941e-06 1.08561e-06)
(-10 1.84883e-06 1.13976e-06)
(-10 2.59783e-06 1.07491e-06)
(-10 3.31957e-06 9.59546e-07)
(-10 3.98896e-06 7.74832e-07)
(-10 4.57864e-06 5.90611e-07)
(-10 5.09497e-06 3.74043e-07)
(-10 5.53049e-06 1.77226e-07)
(-10 5.88993e-06 -3.54826e-08)
(-10 6.17715e-06 -2.34617e-07)
(-10 6.4206e-06 -4.54066e-07)
(-10 6.65685e-06 -6.37985e-07)
(-10 6.84185e-06 -9.43041e-07)
(-10 7.04208e-06 -1.16247e-06)
(-10 8.08685e-09 2.69335e-07)
(-10 1.77603e-07 6.95633e-07)
(-10 5.84041e-07 1.00917e-06)
(-10 1.16739e-06 1.13903e-06)
(-10 1.87284e-06 1.15652e-06)
(-10 2.59364e-06 1.04757e-06)
(-10 3.3073e-06 8.90798e-07)
(-10 3.9557e-06 6.75237e-07)
(-10 4.54955e-06 4.66629e-07)
(-10 5.06388e-06 2.37943e-07)
(-10 5.51738e-06 4.17213e-08)
(-10 5.89518e-06 -1.57904e-07)
(-10 6.23523e-06 -3.06862e-07)
(-10 6.54466e-06 -4.52546e-07)
(-10 6.89302e-06 -6.79989e-07)
(-10 7.2464e-06 -8.18258e-07)
(-10 7.53783e-06 -9.9732e-07)
(-10 7.2749e-09 2.71744e-07)
(-10 1.72645e-07 7.50199e-07)
(-10 5.47456e-07 1.04083e-06)
(-10 1.10981e-06 1.17204e-06)
(-10 1.77417e-06 1.13315e-06)
(-10 2.47078e-06 1.00365e-06)
(-10 3.15144e-06 7.94672e-07)
(-10 3.78388e-06 5.66642e-07)
(-10 4.36677e-06 3.19682e-07)
(-10 4.8809e-06 9.99153e-08)
(-10 5.33729e-06 -1.08617e-07)
(-10 5.73726e-06 -2.61638e-07)
(-10 6.11591e-06 -3.81822e-07)
(-10 6.50883e-06 -4.73073e-07)
(-10 6.96946e-06 -4.86322e-07)
(-10 7.41674e-06 -6.71258e-07)
(-10 7.72441e-06 -7.98179e-07)
(-10 -1.8261e-08 2.91038e-07)
(-10 9.17842e-08 7.92978e-07)
(-10 4.11929e-07 1.08046e-06)
(-10 9.28542e-07 1.1959e-06)
(-10 1.55335e-06 1.11656e-06)
(-10 2.21065e-06 9.6537e-07)
(-10 2.85355e-06 7.12165e-07)
(-10 3.4757e-06 4.69887e-07)
(-10 4.02519e-06 1.9905e-07)
(-10 4.53855e-06 -1.60592e-08)
(-10 4.97333e-06 -2.14513e-07)
(-10 5.39407e-06 -3.27131e-07)
(-10 5.797e-06 -3.87452e-07)
(-10 6.26977e-06 -3.47697e-07)
(-10 6.76491e-06 -3.8184e-07)
(-10 7.23151e-06 -3.23531e-07)
(-10 7.58076e-06 -3.45323e-07)
(-10 -6.75149e-08 3.21995e-07)
(-10 -5.325e-08 8.15793e-07)
(-10 1.84961e-07 1.14779e-06)
(-10 6.35288e-07 1.21358e-06)
(-10 1.1918e-06 1.12939e-06)
(-10 1.80153e-06 9.01792e-07)
(-10 2.39191e-06 6.62797e-07)
(-10 2.94687e-06 3.60775e-07)
(-10 3.48218e-06 1.20797e-07)
(-10 3.95407e-06 -1.11994e-07)
(-10 4.38098e-06 -2.62319e-07)
(-10 4.77906e-06 -3.48635e-07)
(-10 5.21268e-06 -3.37542e-07)
(-10 5.66683e-06 -2.77346e-07)
(-10 6.15079e-06 -1.04539e-07)
(-10 6.64291e-06 1.3302e-08)
(-10 6.84651e-06 -8.60507e-08)
(-10 -1.255e-07 3.33895e-07)
(-10 -2.24834e-07 9.09114e-07)
(-10 -9.09117e-08 1.2383e-06)
(-10 2.40959e-07 1.31052e-06)
(-10 7.09725e-07 1.19368e-06)
(-10 1.1727e-06 9.66319e-07)
(-10 1.67104e-06 6.58887e-07)
(-10 2.15979e-06 3.64948e-07)
(-10 2.60806e-06 1.03894e-07)
(-10 3.02408e-06 -1.19852e-07)
(-10 3.42795e-06 -2.29466e-07)
(-10 3.80474e-06 -2.97664e-07)
(-10 4.22395e-06 -2.01295e-07)
(-10 4.63836e-06 -1.10563e-07)
(-10 5.0874e-06 8.45173e-08)
(-10 5.30978e-06 1.43034e-07)
(-10 5.60452e-06 2.74907e-07)
(-10 -1.73924e-07 3.8119e-07)
(-10 -3.68498e-07 1.00475e-06)
(-10 -3.37153e-07 1.42914e-06)
(-10 -1.32227e-07 1.54327e-06)
(-10 1.63924e-07 1.41422e-06)
(-10 5.60988e-07 1.15509e-06)
(-10 8.7022e-07 8.57489e-07)
(-10 1.23455e-06 5.29036e-07)
(-10 1.63883e-06 2.24016e-07)
(-10 2.01528e-06 4.40714e-08)
(-10 2.35974e-06 -1.21918e-07)
(-10 2.70273e-06 -8.9324e-08)
(-10 3.03458e-06 -9.91669e-08)
(-10 3.39013e-06 9.96464e-08)
(-10 3.64229e-06 1.79498e-07)
(-10 3.91242e-06 3.77654e-07)
(-10 4.17123e-06 3.88467e-07)
(-10 -2.13075e-07 4.1544e-07)
(-10 -4.71894e-07 1.1891e-06)
(-10 -5.09795e-07 1.63406e-06)
(-10 -4.90474e-07 1.91716e-06)
(-10 -1.52593e-07 1.81097e-06)
(-10 9.0861e-08 1.59781e-06)
(-10 4.90119e-07 1.21393e-06)
(-10 9.03196e-07 8.63055e-07)
(-10 1.21352e-06 5.40444e-07)
(-10 1.57016e-06 2.91684e-07)
(-10 1.87941e-06 1.79967e-07)
(-10 2.18621e-06 1.05661e-07)
(-10 2.46283e-06 2.24564e-07)
(-10 2.72231e-06 2.54275e-07)
(-10 2.96172e-06 4.26881e-07)
(-10 3.19719e-06 5.04364e-07)
(-10 3.39948e-06 6.79113e-07)
(-10 -2.9185e-07 4.71256e-07)
(-10 -6.51746e-07 1.22638e-06)
(-10 -6.70983e-07 1.95636e-06)
(-10 -4.09932e-07 2.3206e-06)
(-10 -9.63508e-08 2.20185e-06)
(-10 3.46577e-07 1.8711e-06)
(-10 1.53467e-08 1.13655e-07)
(-10 4.53084e-08 3.01635e-07)
(-10 7.46212e-08 4.33245e-07)
(-10 1.01106e-07 4.99952e-07)
(-10 1.22063e-07 5.11662e-07)
(-10 1.36437e-07 4.91718e-07)
(-10 1.45224e-07 4.741e-07)
(-10 1.52097e-07 4.8151e-07)
(-10 1.60088e-07 5.30137e-07)
(-10 1.73054e-07 6.24767e-07)
(-10 1.95471e-07 7.55913e-07)
(-10 2.27909e-07 9.06692e-07)
(-10 2.70498e-07 1.05531e-06)
(-10 3.14738e-07 1.19057e-06)
(-10 3.5801e-07 1.31825e-06)
(-10 4.00408e-07 1.44139e-06)
(-10 4.50019e-08 1.1051e-07)
(-10 1.35086e-07 2.9223e-07)
(-10 2.21822e-07 4.15987e-07)
(-10 2.99849e-07 4.76731e-07)
(-10 3.61604e-07 4.84838e-07)
(-10 4.06659e-07 4.68922e-07)
(-10 4.37743e-07 4.59681e-07)
(-10 4.66645e-07 4.81445e-07)
(-10 4.99595e-07 5.44801e-07)
(-10 5.50577e-07 6.52932e-07)
(-10 6.27377e-07 7.90655e-07)
(-10 7.34183e-07 9.40283e-07)
(-10 8.64468e-07 1.07747e-06)
(-10 9.99969e-07 1.19988e-06)
(-10 1.12903e-06 1.31417e-06)
(-10 1.2366e-06 1.42909e-06)
(-10 7.23853e-08 1.05934e-07)
(-10 2.14158e-07 2.76371e-07)
(-10 3.49447e-07 3.88581e-07)
(-10 4.70438e-07 4.40335e-07)
(-10 5.69221e-07 4.47164e-07)
(-10 6.46209e-07 4.39401e-07)
(-10 7.09747e-07 4.48114e-07)
(-10 7.73899e-07 4.92039e-07)
(-10 8.50253e-07 5.80692e-07)
(-10 9.57873e-07 7.05711e-07)
(-10 1.10483e-06 8.51541e-07)
(-10 1.29561e-06 9.91577e-07)
(-10 1.51215e-06 1.10916e-06)
(-10 1.73325e-06 1.20898e-06)
(-10 1.93963e-06 1.30031e-06)
(-10 2.12171e-06 1.39805e-06)
(-10 8.99623e-08 9.94133e-08)
(-10 2.68823e-07 2.57222e-07)
(-10 4.40372e-07 3.57483e-07)
(-10 5.95327e-07 4.02139e-07)
(-10 7.27418e-07 4.11272e-07)
(-10 8.39286e-07 4.17253e-07)
(-10 9.44407e-07 4.48066e-07)
(-10 1.05577e-06 5.19059e-07)
(-10 1.19174e-06 6.32439e-07)
(-10 1.36913e-06 7.72981e-07)
(-10 1.59671e-06 9.18442e-07)
(-10 1.87e-06 1.0404e-06)
(-10 2.16432e-06 1.1319e-06)
(-10 2.45846e-06 1.20154e-06)
(-10 2.72766e-06 1.26784e-06)
(-10 2.95843e-06 1.34532e-06)
(-10 1.03771e-07 9.56184e-08)
(-10 3.10196e-07 2.43315e-07)
(-10 5.09548e-07 3.35209e-07)
(-10 6.93589e-07 3.77118e-07)
(-10 8.57845e-07 3.94495e-07)
(-10 1.00999e-06 4.19026e-07)
(-10 1.16349e-06 4.74674e-07)
(-10 1.33368e-06 5.73553e-07)
(-10 1.54075e-06 7.07266e-07)
(-10 1.79766e-06 8.57022e-07)
(-10 2.10974e-06 9.91331e-07)
(-10 2.45913e-06 1.08957e-06)
(-10 2.82314e-06 1.15034e-06)
(-10 3.17646e-06 1.18916e-06)
(-10 3.49733e-06 1.2301e-06)
(-10 3.78175e-06 1.28149e-06)
(-10 1.12648e-07 9.11908e-08)
(-10 3.38169e-07 2.31471e-07)
(-10 5.59148e-07 3.18504e-07)
(-10 7.68779e-07 3.63066e-07)
(-10 9.66483e-07 3.93148e-07)
(-10 1.16268e-06 4.38647e-07)
(-10 1.3699e-06 5.19468e-07)
(-10 1.6066e-06 6.40719e-07)
(-10 1.89008e-06 7.86965e-07)
(-10 2.22951e-06 9.32203e-07)
(-10 2.61988e-06 1.04475e-06)
(-10 3.03651e-06 1.1116e-06)
(-10 3.45809e-06 1.1374e-06)
(-10 3.85778e-06 1.14518e-06)
(-10 4.22062e-06 1.15698e-06)
(-10 4.53139e-06 1.18453e-06)
(-10 1.19333e-07 9.05532e-08)
(-10 3.59623e-07 2.29169e-07)
(-10 5.99724e-07 3.1751e-07)
(-10 8.35472e-07 3.70993e-07)
(-10 1.07052e-06 4.187e-07)
(-10 1.31463e-06 4.86664e-07)
(-10 1.58102e-06 5.91893e-07)
(-10 1.88872e-06 7.28662e-07)
(-10 2.24957e-06 8.78353e-07)
(-10 2.66784e-06 1.00672e-06)
(-10 3.12515e-06 1.09021e-06)
(-10 3.5991e-06 1.12081e-06)
(-10 4.06412e-06 1.11242e-06)
(-10 4.50047e-06 1.09099e-06)
(-10 4.89254e-06 1.07301e-06)
(-10 5.22997e-06 1.07441e-06)
(-10 1.22907e-07 9.05915e-08)
(-10 3.74457e-07 2.31417e-07)
(-10 6.31944e-07 3.25874e-07)
(-10 8.95085e-07 3.92085e-07)
(-10 1.16908e-06 4.58257e-07)
(-10 1.46205e-06 5.47621e-07)
(-10 1.78883e-06 6.69955e-07)
(-10 2.16477e-06 8.12983e-07)
(-10 2.59709e-06 9.50936e-07)
(-10 3.07989e-06 1.0507e-06)
(-10 3.58856e-06 1.09477e-06)
(-10 4.10151e-06 1.08498e-06)
(-10 4.59378e-06 1.04179e-06)
(-10 5.05329e-06 9.86809e-07)
(-10 5.46062e-06 9.40805e-07)
(-10 5.80802e-06 9.18477e-07)
(-10 1.25239e-07 9.57368e-08)
(-10 3.85673e-07 2.45726e-07)
(-10 6.60945e-07 3.52309e-07)
(-10 9.53866e-07 4.35677e-07)
(-10 1.26804e-06 5.21679e-07)
(-10 1.61095e-06 6.31614e-07)
(-10 1.99704e-06 7.64789e-07)
(-10 2.43552e-06 9.05775e-07)
(-10 2.92865e-06 1.02109e-06)
(-10 3.45771e-06 1.08541e-06)
(-10 3.99989e-06 1.08741e-06)
(-10 4.53044e-06 1.03998e-06)
(-10 5.03547e-06 9.62643e-07)
(-10 5.50193e-06 8.76071e-07)
(-10 5.9152e-06 8.02551e-07)
(-10 6.27566e-06 7.52674e-07)
(-10 1.24569e-07 1.02006e-07)
(-10 3.8965e-07 2.65684e-07)
(-10 6.82513e-07 3.87731e-07)
(-10 1.00481e-06 4.88498e-07)
(-10 1.35855e-06 5.93053e-07)
(-10 1.75001e-06 7.16272e-07)
(-10 2.19002e-06 8.51622e-07)
(-10 2.68167e-06 9.76379e-07)
(-10 3.21806e-06 1.0588e-06)
(-10 3.77377e-06 1.07913e-06)
(-10 4.3275e-06 1.03836e-06)
(-10 4.85792e-06 9.52521e-07)
(-10 5.36007e-06 8.39113e-07)
(-10 5.81913e-06 7.18707e-07)
(-10 6.23121e-06 6.13384e-07)
(-10 6.58805e-06 5.37516e-07)
(-10 1.20264e-07 1.14183e-07)
(-10 3.86385e-07 2.99026e-07)
(-10 6.95423e-07 4.41518e-07)
(-10 1.04777e-06 5.61481e-07)
(-10 1.44152e-06 6.84147e-07)
(-10 1.88113e-06 8.15195e-07)
(-10 2.36939e-06 9.4547e-07)
(-10 2.90424e-06 1.04508e-06)
(-10 3.46597e-06 1.08988e-06)
(-10 4.03136e-06 1.06699e-06)
(-10 4.57774e-06 9.88026e-07)
(-10 5.0964e-06 8.66208e-07)
(-10 5.5794e-06 7.18336e-07)
(-10 6.02202e-06 5.65206e-07)
(-10 6.4179e-06 4.28099e-07)
(-10 6.76947e-06 3.21388e-07)
(-10 1.10036e-07 1.28122e-07)
(-10 3.7323e-07 3.39125e-07)
(-10 6.94288e-07 5.0335e-07)
(-10 1.07727e-06 6.42009e-07)
(-10 1.5107e-06 7.75379e-07)
(-10 1.99704e-06 9.0575e-07)
(-10 2.5274e-06 1.01705e-06)
(-10 3.09344e-06 1.08238e-06)
(-10 3.66548e-06 1.08248e-06)
(-10 4.22483e-06 1.01779e-06)
(-10 4.75063e-06 8.99782e-07)
(-10 5.24287e-06 7.42166e-07)
(-10 5.69088e-06 5.5936e-07)
(-10 6.10136e-06 3.7266e-07)
(-10 6.46787e-06 2.0314e-07)
(-10 6.80609e-06 7.36559e-08)
(-10 9.76915e-08 1.49492e-07)
(-10 3.46727e-07 3.95064e-07)
(-10 6.81664e-07 5.85326e-07)
(-10 1.09412e-06 7.43345e-07)
(-10 1.57311e-06 8.82568e-07)
(-10 2.10328e-06 1.00512e-06)
(-10 2.67393e-06 1.08909e-06)
(-10 3.25864e-06 1.11603e-06)
(-10 3.83356e-06 1.07385e-06)
(-10 4.37427e-06 9.72892e-07)
(-10 4.87347e-06 8.22113e-07)
(-10 5.32274e-06 6.3573e-07)
(-10 5.72732e-06 4.24913e-07)
(-10 6.08613e-06 2.12401e-07)
(-10 6.41622e-06 1.86718e-08)
(-10 6.71989e-06 -1.36896e-07)
(-10 7.99131e-08 1.73221e-07)
(-10 3.10691e-07 4.58046e-07)
(-10 6.6178e-07 6.78463e-07)
(-10 1.10678e-06 8.49163e-07)
(-10 1.6349e-06 9.86628e-07)
(-10 2.20855e-06 1.08634e-06)
(-10 2.81468e-06 1.1341e-06)
(-10 3.41137e-06 1.1148e-06)
(-10 3.98336e-06 1.03245e-06)
(-10 4.50225e-06 8.9558e-07)
(-10 4.9699e-06 7.18375e-07)
(-10 5.37307e-06 5.08112e-07)
(-10 5.72611e-06 2.80099e-07)
(-10 6.02285e-06 4.70566e-08)
(-10 6.29717e-06 -1.63166e-07)
(-10 6.55989e-06 -3.42986e-07)
(-10 5.70438e-08 2.04963e-07)
(-10 2.80139e-07 5.41467e-07)
(-10 6.38672e-07 7.93607e-07)
(-10 1.12932e-06 9.7453e-07)
(-10 1.6997e-06 1.10106e-06)
(-10 2.32335e-06 1.17015e-06)
(-10 2.95193e-06 1.17519e-06)
(-10 3.5636e-06 1.11227e-06)
(-10 4.12394e-06 9.93219e-07)
(-10 4.62887e-06 8.29123e-07)
(-10 5.0615e-06 6.33199e-07)
(-10 5.43218e-06 4.12023e-07)
(-10 5.72863e-06 1.76372e-07)
(-10 5.98008e-06 -6.32638e-08)
(-10 6.17757e-06 -2.85431e-07)
(-10 6.29014e-06 -4.73485e-07)
(-10 3.90692e-08 2.38632e-07)
(-10 2.54805e-07 6.32511e-07)
(-10 6.31028e-07 9.12909e-07)
(-10 1.16353e-06 1.09757e-06)
(-10 1.77619e-06 1.19836e-06)
(-10 2.43791e-06 1.22677e-06)
(-10 3.0852e-06 1.18057e-06)
(-10 3.70506e-06 1.07395e-06)
(-10 4.25909e-06 9.17608e-07)
(-10 4.75336e-06 7.30418e-07)
(-10 5.1683e-06 5.19237e-07)
(-10 5.51872e-06 2.94705e-07)
(-10 5.79339e-06 5.5711e-08)
(-10 6.00382e-06 -1.77673e-07)
(-10 6.06198e-06 -4.02899e-07)
(-10 6.19169e-06 -6.24555e-07)
(-10 4.13048e-08 2.84573e-07)
(-10 2.46944e-07 7.34765e-07)
(-10 6.57399e-07 1.04756e-06)
(-10 1.20777e-06 1.22407e-06)
(-10 1.86208e-06 1.29574e-06)
(-10 2.53323e-06 1.27462e-06)
(-10 3.20135e-06 1.18179e-06)
(-10 3.81259e-06 1.03074e-06)
(-10 4.37335e-06 8.4477e-07)
(-10 4.85449e-06 6.35916e-07)
(-10 5.27646e-06 4.17574e-07)
(-10 5.61994e-06 1.89188e-07)
(-10 5.90892e-06 -3.68483e-08)
(-10 6.09175e-06 -2.64931e-07)
(-10 6.27209e-06 -5.06921e-07)
(-10 6.28164e-06 -6.91253e-07)
(-10 4.01694e-08 3.19368e-07)
(-10 2.57241e-07 8.28452e-07)
(-10 6.79284e-07 1.16044e-06)
(-10 1.24536e-06 1.32486e-06)
(-10 1.90906e-06 1.35648e-06)
(-10 2.58557e-06 1.28607e-06)
(-10 3.25155e-06 1.1425e-06)
(-10 3.86103e-06 9.49638e-07)
(-10 4.41977e-06 7.31045e-07)
(-10 4.90602e-06 5.021e-07)
(-10 5.3396e-06 2.72463e-07)
(-10 5.71084e-06 4.85016e-08)
(-10 6.04465e-06 -1.64295e-07)
(-10 6.33818e-06 -3.82582e-07)
(-10 6.59363e-06 -5.75354e-07)
(-10 6.87687e-06 -7.90445e-07)
(-10 7.15468e-06 -1.04196e-06)
(-10 4.0544e-08 3.58178e-07)
(-10 2.77047e-07 9.25811e-07)
(-10 6.79602e-07 1.26892e-06)
(-10 1.25337e-06 1.42064e-06)
(-10 1.89186e-06 1.40966e-06)
(-10 2.56838e-06 1.29572e-06)
(-10 3.20825e-06 1.10307e-06)
(-10 3.82075e-06 8.73833e-07)
(-10 4.36628e-06 6.2314e-07)
(-10 4.87172e-06 3.78126e-07)
(-10 5.31611e-06 1.41233e-07)
(-10 5.73572e-06 -6.69962e-08)
(-10 6.12078e-06 -2.55124e-07)
(-10 6.53426e-06 -4.33526e-07)
(-10 6.98132e-06 -6.42762e-07)
(-10 7.41502e-06 -9.02495e-07)
(-10 7.72206e-06 -1.06105e-06)
(-10 4.08026e-08 3.93043e-07)
(-10 2.50742e-07 9.92628e-07)
(-10 6.3336e-07 1.35478e-06)
(-10 1.17499e-06 1.48247e-06)
(-10 1.78965e-06 1.43912e-06)
(-10 2.43385e-06 1.27599e-06)
(-10 3.05279e-06 1.04207e-06)
(-10 3.64797e-06 7.69015e-07)
(-10 4.1889e-06 4.91697e-07)
(-10 4.69884e-06 2.25334e-07)
(-10 5.15935e-06 -7.73781e-09)
(-10 5.61113e-06 -1.97141e-07)
(-10 6.06215e-06 -3.36143e-07)
(-10 6.58984e-06 -4.48444e-07)
(-10 7.17809e-06 -6.03472e-07)
(-10 7.75877e-06 -7.85231e-07)
(-10 8.20525e-06 -8.91479e-07)
(-10 1.90842e-08 4.2632e-07)
(-10 1.66581e-07 1.07597e-06)
(-10 5.19101e-07 1.45458e-06)
(-10 1.00589e-06 1.56704e-06)
(-10 1.59401e-06 1.49085e-06)
(-10 2.18604e-06 1.28457e-06)
(-10 2.78735e-06 1.0082e-06)
(-10 3.34205e-06 6.99299e-07)
(-10 3.88773e-06 3.93103e-07)
(-10 4.38561e-06 1.15526e-07)
(-10 4.86133e-06 -1.07957e-07)
(-10 5.32704e-06 -2.61075e-07)
(-10 5.83278e-06 -3.3131e-07)
(-10 6.39954e-06 -3.48634e-07)
(-10 7.04218e-06 -3.69406e-07)
(-10 7.78829e-06 -3.03827e-07)
(-10 8.07263e-06 -5.35781e-07)
(-10 -2.81347e-08 4.60159e-07)
(-10 5.82957e-08 1.16883e-06)
(-10 3.37914e-07 1.56548e-06)
(-10 7.73559e-07 1.67097e-06)
(-10 1.29516e-06 1.55183e-06)
(-10 1.84005e-06 1.31038e-06)
(-10 2.37916e-06 9.85581e-07)
(-10 2.90567e-06 6.335e-07)
(-10 3.41538e-06 3.03906e-07)
(-10 3.87588e-06 1.73601e-08)
(-10 4.34878e-06 -1.89376e-07)
(-10 4.794e-06 -3.03188e-07)
(-10 5.32374e-06 -3.10507e-07)
(-10 5.83461e-06 -2.58265e-07)
(-10 6.4937e-06 -9.78182e-08)
(-10 6.88504e-06 -1.27292e-07)
(-10 7.30587e-06 -5.49358e-08)
(-10 -7.14481e-08 5.13591e-07)
(-10 -6.03595e-08 1.29931e-06)
(-10 1.35509e-07 1.74061e-06)
(-10 4.96943e-07 1.83733e-06)
(-10 9.34596e-07 1.7056e-06)
(-10 1.40178e-06 1.41453e-06)
(-10 1.8563e-06 1.05782e-06)
(-10 2.28452e-06 6.84706e-07)
(-10 2.70668e-06 3.20045e-07)
(-10 3.14764e-06 2.74851e-08)
(-10 3.53337e-06 -1.69567e-07)
(-10 3.98267e-06 -2.37842e-07)
(-10 4.37569e-06 -2.38971e-07)
(-10 4.88928e-06 -1.18936e-07)
(-10 5.20969e-06 -2.27345e-08)
(-10 5.60191e-06 1.10779e-07)
(-10 5.92147e-06 9.52998e-08)
(-10 -1.03109e-07 5.71556e-07)
(-10 -1.70541e-07 1.45393e-06)
(-10 -3.73866e-08 1.95256e-06)
(-10 2.44087e-07 2.08616e-06)
(-10 6.06662e-07 1.9378e-06)
(-10 9.81189e-07 1.67692e-06)
(-10 1.31398e-06 1.29979e-06)
(-10 1.67599e-06 8.84787e-07)
(-10 1.98049e-06 5.23996e-07)
(-10 2.33549e-06 2.19557e-07)
(-10 2.66363e-06 4.93777e-09)
(-10 2.99926e-06 -8.69216e-08)
(-10 3.35501e-06 -5.37729e-08)
(-10 3.63922e-06 1.05636e-08)
(-10 3.92183e-06 1.23983e-07)
(-10 4.15319e-06 2.30458e-07)
(-10 4.42092e-06 3.11253e-07)
(-10 -1.46265e-07 6.37805e-07)
(-10 -2.80235e-07 1.63117e-06)
(-10 -1.95537e-07 2.20879e-06)
(-10 4.83465e-08 2.39737e-06)
(-10 3.90489e-07 2.32783e-06)
(-10 7.36451e-07 2.0302e-06)
(-10 1.03586e-06 1.72122e-06)
(-10 1.28536e-06 1.34035e-06)
(-10 1.7042e-06 9.24112e-07)
(-10 2.00285e-06 5.7629e-07)
(-10 2.33942e-06 3.7238e-07)
(-10 2.55654e-06 2.48321e-07)
(-10 2.80268e-06 2.30151e-07)
(-10 3.01338e-06 2.65993e-07)
(-10 3.22478e-06 3.56421e-07)
(-10 3.44265e-06 4.70027e-07)
(-10 3.70622e-06 5.91544e-07)
(-10 -2.3002e-07 6.99459e-07)
(-10 -4.62366e-07 1.78643e-06)
(-10 -3.78799e-07 2.45427e-06)
(-10 -6.62271e-08 2.80991e-06)
(-10 3.34965e-07 2.68466e-06)
(-10 7.53807e-07 2.5281e-06)
(-10 1.12155e-06 2.11587e-06)
(-10 1.55832e-06 1.63907e-06)
(-10 1.34632e-08 7.74549e-08)
(-10 4.0137e-08 2.09422e-07)
(-10 6.55607e-08 3.04869e-07)
(-10 8.90724e-08 3.58989e-07)
(-10 1.08645e-07 3.75649e-07)
(-10 1.25261e-07 3.72361e-07)
(-10 1.38761e-07 3.67498e-07)
(-10 1.52972e-07 3.79275e-07)
(-10 1.68357e-07 4.14951e-07)
(-10 1.88525e-07 4.81138e-07)
(-10 2.13827e-07 5.71651e-07)
(-10 2.46138e-07 6.77985e-07)
(-10 2.8263e-07 7.87908e-07)
(-10 3.2038e-07 8.94228e-07)
(-10 3.5713e-07 9.92551e-07)
(-10 3.94619e-07 1.07707e-06)
(-10 4.09633e-08 7.555e-08)
(-10 1.21291e-07 2.03317e-07)
(-10 1.9866e-07 2.94895e-07)
(-10 2.68557e-07 3.4538e-07)
(-10 3.2937e-07 3.61614e-07)
(-10 3.8045e-07 3.6077e-07)
(-10 4.26566e-07 3.62818e-07)
(-10 4.73442e-07 3.82808e-07)
(-10 5.27409e-07 4.28377e-07)
(-10 5.93837e-07 5.02547e-07)
(-10 6.77848e-07 5.9767e-07)
(-10 7.79326e-07 7.03432e-07)
(-10 8.93471e-07 8.07345e-07)
(-10 1.01029e-06 9.06198e-07)
(-10 1.12057e-06 9.98192e-07)
(-10 1.21358e-06 1.07388e-06)
(-10 6.64002e-08 7.23514e-08)
(-10 1.95067e-07 1.93064e-07)
(-10 3.18561e-07 2.77122e-07)
(-10 4.31142e-07 3.22367e-07)
(-10 5.31682e-07 3.38148e-07)
(-10 6.20216e-07 3.43047e-07)
(-10 7.05392e-07 3.56312e-07)
(-10 7.94371e-07 3.90098e-07)
(-10 8.97252e-07 4.50538e-07)
(-10 1.0211e-06 5.35376e-07)
(-10 1.17227e-06 6.34425e-07)
(-10 1.34839e-06 7.34536e-07)
(-10 1.54095e-06 8.25922e-07)
(-10 1.73362e-06 9.09949e-07)
(-10 1.91368e-06 9.86203e-07)
(-10 2.07499e-06 1.05231e-06)
(-10 8.45632e-08 6.77965e-08)
(-10 2.51488e-07 1.80007e-07)
(-10 4.12538e-07 2.56719e-07)
(-10 5.63098e-07 2.98166e-07)
(-10 7.01216e-07 3.16235e-07)
(-10 8.30637e-07 3.30567e-07)
(-10 9.60285e-07 3.58038e-07)
(-10 1.10015e-06 4.08659e-07)
(-10 1.26031e-06 4.84857e-07)
(-10 1.45e-06 5.79044e-07)
(-10 1.67235e-06 6.78247e-07)
(-10 1.92308e-06 7.67221e-07)
(-10 2.18736e-06 8.41569e-07)
(-10 2.44823e-06 9.05859e-07)
(-10 2.68848e-06 9.6567e-07)
(-10 2.89396e-06 1.01469e-06)
(-10 9.95413e-08 6.57456e-08)
(-10 2.96969e-07 1.71953e-07)
(-10 4.89892e-07 2.43455e-07)
(-10 6.74434e-07 2.83635e-07)
(-10 8.50303e-07 3.07129e-07)
(-10 1.02315e-06 3.33281e-07)
(-10 1.20278e-06 3.763e-07)
(-10 1.39933e-06 4.43881e-07)
(-10 1.62382e-06 5.33115e-07)
(-10 1.88316e-06 6.32199e-07)
(-10 2.17802e-06 7.24839e-07)
(-10 2.49805e-06 7.97569e-07)
(-10 2.82668e-06 8.51697e-07)
(-10 3.14514e-06 8.94415e-07)
(-10 3.43494e-06 9.33674e-07)
(-10 3.691e-06 9.69646e-07)
(-10 1.10539e-07 6.27305e-08)
(-10 3.32047e-07 1.64165e-07)
(-10 5.52074e-07 2.33147e-07)
(-10 7.68399e-07 2.75518e-07)
(-10 9.82446e-07 3.07616e-07)
(-10 1.2013e-06 3.47013e-07)
(-10 1.43413e-06 4.05671e-07)
(-10 1.6914e-06 4.87561e-07)
(-10 1.98261e-06 5.8427e-07)
(-10 2.31175e-06 6.80986e-07)
(-10 2.67439e-06 7.59337e-07)
(-10 3.05573e-06 8.12099e-07)
(-10 3.43866e-06 8.42392e-07)
(-10 3.80373e-06 8.62247e-07)
(-10 4.13335e-06 8.82623e-07)
(-10 4.41536e-06 8.96271e-07)
(-10 1.19884e-07 6.36104e-08)
(-10 3.61922e-07 1.65435e-07)
(-10 6.06984e-07 2.36153e-07)
(-10 8.54835e-07 2.8456e-07)
(-10 1.10869e-06 3.27673e-07)
(-10 1.37539e-06 3.80905e-07)
(-10 1.66333e-06 4.54134e-07)
(-10 1.98229e-06 5.45871e-07)
(-10 2.3387e-06 6.43872e-07)
(-10 2.73273e-06 7.3016e-07)
(-10 3.15384e-06 7.88925e-07)
(-10 3.58603e-06 8.17719e-07)
(-10 4.01155e-06 8.23322e-07)
(-10 4.41149e-06 8.2107e-07)
(-10 4.77008e-06 8.17991e-07)
(-10 5.07974e-06 8.19248e-07)
(-10 1.27118e-07 6.40681e-08)
(-10 3.86791e-07 1.68372e-07)
(-10 6.55365e-07 2.43768e-07)
(-10 9.34692e-07 3.00679e-07)
(-10 1.22863e-06 3.55105e-07)
(-10 1.54271e-06 4.21014e-07)
(-10 1.88442e-06 5.04606e-07)
(-10 2.26139e-06 5.99295e-07)
(-10 2.67625e-06 6.8986e-07)
(-10 3.12398e-06 7.56915e-07)
(-10 3.58998e-06 7.90508e-07)
(-10 4.05831e-06 7.91353e-07)
(-10 4.5112e-06 7.70935e-07)
(-10 4.93309e-06 7.43623e-07)
(-10 5.30826e-06 7.20989e-07)
(-10 5.62714e-06 7.00453e-07)
(-10 1.33257e-07 6.96084e-08)
(-10 4.08628e-07 1.82546e-07)
(-10 7.00248e-07 2.67119e-07)
(-10 1.01149e-06 3.34829e-07)
(-10 1.34517e-06 4.0129e-07)
(-10 1.70508e-06 4.78723e-07)
(-10 2.0972e-06 5.68759e-07)
(-10 2.52545e-06 6.60678e-07)
(-10 2.98846e-06 7.36813e-07)
(-10 3.4753e-06 7.80079e-07)
(-10 3.97051e-06 7.8597e-07)
(-10 4.45772e-06 7.5882e-07)
(-10 4.92261e-06 7.13506e-07)
(-10 5.35228e-06 6.62895e-07)
(-10 5.73238e-06 6.1808e-07)
(-10 6.06262e-06 5.85873e-07)
(-10 1.3698e-07 7.50143e-08)
(-10 4.24943e-07 1.98892e-07)
(-10 7.38045e-07 2.94351e-07)
(-10 1.08013e-06 3.72825e-07)
(-10 1.4515e-06 4.49509e-07)
(-10 1.85392e-06 5.34237e-07)
(-10 2.29029e-06 6.23697e-07)
(-10 2.76034e-06 7.0475e-07)
(-10 3.25751e-06 7.58207e-07)
(-10 3.76715e-06 7.7314e-07)
(-10 4.27396e-06 7.48456e-07)
(-10 4.76322e-06 6.94245e-07)
(-10 5.22523e-06 6.22646e-07)
(-10 5.64875e-06 5.47984e-07)
(-10 6.02481e-06 4.83678e-07)
(-10 6.35258e-06 4.27251e-07)
(-10 1.38004e-07 8.63126e-08)
(-10 4.34584e-07 2.2868e-07)
(-10 7.67606e-07 3.38186e-07)
(-10 1.1396e-06 4.28673e-07)
(-10 1.54714e-06 5.14692e-07)
(-10 1.98898e-06 6.03388e-07)
(-10 2.46323e-06 6.87538e-07)
(-10 2.96533e-06 7.52196e-07)
(-10 3.48288e-06 7.80277e-07)
(-10 4.00072e-06 7.66648e-07)
(-10 4.50372e-06 7.14229e-07)
(-10 4.98176e-06 6.34981e-07)
(-10 5.42763e-06 5.39544e-07)
(-10 5.83344e-06 4.43969e-07)
(-10 6.19631e-06 3.55716e-07)
(-10 6.51679e-06 2.88845e-07)
(-10 1.35317e-07 9.87587e-08)
(-10 4.34854e-07 2.61641e-07)
(-10 7.85963e-07 3.8644e-07)
(-10 1.18587e-06 4.87001e-07)
(-10 1.6287e-06 5.78208e-07)
(-10 2.1062e-06 6.63566e-07)
(-10 2.61283e-06 7.34659e-07)
(-10 3.13684e-06 7.75285e-07)
(-10 3.66359e-06 7.74663e-07)
(-10 4.17665e-06 7.31028e-07)
(-10 4.66396e-06 6.52294e-07)
(-10 5.11844e-06 5.47892e-07)
(-10 5.53521e-06 4.30161e-07)
(-10 5.9108e-06 3.11057e-07)
(-10 6.25008e-06 2.05901e-07)
(-10 6.55351e-06 1.13849e-07)
(-10 1.27693e-07 1.19056e-07)
(-10 4.25805e-07 3.10145e-07)
(-10 7.91982e-07 4.54483e-07)
(-10 1.22123e-06 5.64473e-07)
(-10 1.69905e-06 6.5824e-07)
(-10 2.21159e-06 7.35247e-07)
(-10 2.74566e-06 7.88585e-07)
(-10 3.28517e-06 8.02846e-07)
(-10 3.81288e-06 7.74767e-07)
(-10 4.31368e-06 7.05081e-07)
(-10 4.77782e-06 6.04596e-07)
(-10 5.20039e-06 4.80283e-07)
(-10 5.57709e-06 3.45925e-07)
(-10 5.91579e-06 2.10812e-07)
(-10 6.2171e-06 8.70773e-08)
(-10 6.49395e-06 -1.66435e-08)
(-10 1.15669e-07 1.3958e-07)
(-10 4.11417e-07 3.65901e-07)
(-10 7.90679e-07 5.28027e-07)
(-10 1.25272e-06 6.4624e-07)
(-10 1.76517e-06 7.333e-07)
(-10 2.31351e-06 7.95285e-07)
(-10 2.87017e-06 8.21332e-07)
(-10 3.42224e-06 8.06887e-07)
(-10 3.94547e-06 7.48815e-07)
(-10 4.43245e-06 6.56268e-07)
(-10 4.86966e-06 5.35247e-07)
(-10 5.25675e-06 3.97783e-07)
(-10 5.59162e-06 2.49436e-07)
(-10 5.88359e-06 1.03966e-07)
(-10 6.12582e-06 -3.36716e-08)
(-10 6.36865e-06 -1.54837e-07)
(-10 1.06137e-07 1.70609e-07)
(-10 3.915e-07 4.39838e-07)
(-10 7.90542e-07 6.23469e-07)
(-10 1.28136e-06 7.45562e-07)
(-10 1.83405e-06 8.21789e-07)
(-10 2.4119e-06 8.61539e-07)
(-10 2.99278e-06 8.58571e-07)
(-10 3.55044e-06 8.14331e-07)
(-10 4.07223e-06 7.30722e-07)
(-10 4.54282e-06 6.18475e-07)
(-10 4.959e-06 4.84294e-07)
(-10 5.31463e-06 3.38639e-07)
(-10 5.61582e-06 1.86405e-07)
(-10 5.84899e-06 3.87242e-08)
(-10 6.05079e-06 -1.04635e-07)
(-10 6.20497e-06 -2.32901e-07)
(-10 9.67206e-08 2.03884e-07)
(-10 3.7513e-07 5.15295e-07)
(-10 7.98118e-07 7.23553e-07)
(-10 1.31578e-06 8.40175e-07)
(-10 1.90582e-06 8.99518e-07)
(-10 2.50682e-06 9.05901e-07)
(-10 3.10797e-06 8.71011e-07)
(-10 3.6681e-06 7.92526e-07)
(-10 4.19054e-06 6.85365e-07)
(-10 4.64938e-06 5.52824e-07)
(-10 5.0559e-06 4.1027e-07)
(-10 5.39426e-06 2.57815e-07)
(-10 5.67594e-06 1.0884e-07)
(-10 5.88774e-06 -4.07766e-08)
(-10 6.01621e-06 -1.80922e-07)
(-10 6.08868e-06 -2.43472e-07)
(-10 8.83056e-08 2.43239e-07)
(-10 3.82502e-07 6.09905e-07)
(-10 8.10392e-07 8.34912e-07)
(-10 1.36089e-06 9.46118e-07)
(-10 1.96326e-06 9.78237e-07)
(-10 2.58993e-06 9.52667e-07)
(-10 3.19067e-06 8.81127e-07)
(-10 3.76152e-06 7.73726e-07)
(-10 4.27424e-06 6.41381e-07)
(-10 4.73784e-06 4.94831e-07)
(-10 5.1369e-06 3.41917e-07)
(-10 5.4878e-06 1.89068e-07)
(-10 5.77539e-06 4.0715e-08)
(-10 5.99094e-06 -1.06794e-07)
(-10 6.11223e-06 -1.80126e-07)
(-10 6.29008e-06 -2.81086e-07)
(-10 8.81096e-08 2.77025e-07)
(-10 3.90709e-07 6.93557e-07)
(-10 8.21905e-07 9.30536e-07)
(-10 1.38513e-06 1.03211e-06)
(-10 1.99123e-06 1.03169e-06)
(-10 2.62421e-06 9.71645e-07)
(-10 3.22117e-06 8.60802e-07)
(-10 3.79282e-06 7.24082e-07)
(-10 4.3016e-06 5.65077e-07)
(-10 4.77273e-06 4.0407e-07)
(-10 5.18506e-06 2.41142e-07)
(-10 5.5697e-06 9.07285e-08)
(-10 5.90431e-06 -6.05677e-08)
(-10 6.20986e-06 -1.87166e-07)
(-10 6.48705e-06 -3.249e-07)
(-10 6.5778e-06 -4.20446e-07)
(-10 1.00181e-07 3.2003e-07)
(-10 3.82824e-07 7.81235e-07)
(-10 8.26967e-07 1.03586e-06)
(-10 1.3644e-06 1.11961e-06)
(-10 1.97615e-06 1.09236e-06)
(-10 2.58103e-06 9.92738e-07)
(-10 3.18177e-06 8.50177e-07)
(-10 3.72992e-06 6.79983e-07)
(-10 4.25036e-06 5.00565e-07)
(-10 4.71792e-06 3.2222e-07)
(-10 5.16713e-06 1.56597e-07)
(-10 5.58813e-06 4.98736e-09)
(-10 6.02042e-06 -1.34249e-07)
(-10 6.46233e-06 -2.72346e-07)
(-10 6.85787e-06 -4.76735e-07)
(-10 7.25292e-06 -6.50264e-07)
(-10 7.72592e-06 -8.50957e-07)
(-10 9.24526e-08 3.49486e-07)
(-10 3.60344e-07 8.52484e-07)
(-10 7.79537e-07 1.12156e-06)
(-10 1.29281e-06 1.18934e-06)
(-10 1.87566e-06 1.13311e-06)
(-10 2.45685e-06 9.96592e-07)
(-10 3.03286e-06 8.19678e-07)
(-10 3.56571e-06 6.17307e-07)
(-10 4.07922e-06 4.13699e-07)
(-10 4.55265e-06 2.18604e-07)
(-10 5.0258e-06 4.97748e-08)
(-10 5.49466e-06 -8.99221e-08)
(-10 6.02068e-06 -1.96443e-07)
(-10 6.61494e-06 -3.28116e-07)
(-10 7.31115e-06 -4.71406e-07)
(-10 8.16508e-06 -5.19916e-07)
(-10 8.38099e-06 -8.04036e-07)
(-10 6.56346e-08 3.88827e-07)
(-10 3.12033e-07 9.46746e-07)
(-10 6.75296e-07 1.22916e-06)
(-10 1.16416e-06 1.28609e-06)
(-10 1.69424e-06 1.19978e-06)
(-10 2.25365e-06 1.03189e-06)
(-10 2.78294e-06 8.21122e-07)
(-10 3.30631e-06 5.87753e-07)
(-10 3.79045e-06 3.60469e-07)
(-10 4.27859e-06 1.51264e-07)
(-10 4.74629e-06 -1.52769e-08)
(-10 5.26152e-06 -1.32352e-07)
(-10 5.82904e-06 -1.96476e-07)
(-10 6.5075e-06 -2.43399e-07)
(-10 7.39697e-06 -2.12328e-07)
(-10 8.05393e-06 -4.06927e-07)
(-10 8.62644e-06 -3.65469e-07)
(-10 4.1574e-08 4.29722e-07)
(-10 2.2593e-07 1.04546e-06)
(-10 5.42498e-07 1.34357e-06)
(-10 9.73149e-07 1.39149e-06)
(-10 1.46023e-06 1.27507e-06)
(-10 1.96398e-06 1.07852e-06)
(-10 2.45394e-06 8.29234e-07)
(-10 2.92863e-06 5.71367e-07)
(-10 3.39086e-06 3.09946e-07)
(-10 3.84402e-06 8.51562e-08)
(-10 4.30397e-06 -8.27736e-08)
(-10 4.8081e-06 -1.84096e-07)
(-10 5.3281e-06 -2.13212e-07)
(-10 5.95395e-06 -1.82545e-07)
(-10 6.58413e-06 -1.83034e-07)
(-10 7.16117e-06 -1.6096e-07)
(-10 7.63536e-06 -2.57745e-07)
(-10 1.37465e-08 4.88361e-07)
(-10 1.31546e-07 1.17234e-06)
(-10 3.92939e-07 1.50261e-06)
(-10 7.59953e-07 1.54506e-06)
(-10 1.19218e-06 1.41473e-06)
(-10 1.63087e-06 1.19139e-06)
(-10 2.0638e-06 9.24832e-07)
(-10 2.4739e-06 6.30707e-07)
(-10 2.88317e-06 3.49843e-07)
(-10 3.27683e-06 1.21278e-07)
(-10 3.67084e-06 -6.35291e-08)
(-10 4.07507e-06 -1.4638e-07)
(-10 4.54486e-06 -2.01902e-07)
(-10 4.97439e-06 -1.42694e-07)
(-10 5.36465e-06 -1.37211e-07)
(-10 5.75697e-06 -1.2168e-07)
(-10 6.06226e-06 -1.31354e-07)
(-10 -1.86557e-08 5.41405e-07)
(-10 4.63227e-08 1.30369e-06)
(-10 2.48066e-07 1.6733e-06)
(-10 5.67831e-07 1.72829e-06)
(-10 9.41718e-07 1.59321e-06)
(-10 1.33057e-06 1.36703e-06)
(-10 1.69947e-06 1.08974e-06)
(-10 2.05411e-06 8.1603e-07)
(-10 2.39392e-06 5.34737e-07)
(-10 2.70129e-06 2.68672e-07)
(-10 3.03718e-06 1.03394e-07)
(-10 3.31043e-06 -3.15864e-08)
(-10 3.62098e-06 -3.34756e-08)
(-10 3.87129e-06 -1.05171e-07)
(-10 4.11623e-06 -1.74924e-08)
(-10 4.36148e-06 -3.59849e-08)
(-10 4.79154e-06 5.71853e-08)
(-10 -5.3197e-08 6.04402e-07)
(-10 -5.62736e-08 1.45374e-06)
(-10 1.17349e-07 1.87024e-06)
(-10 4.14216e-07 1.94638e-06)
(-10 7.80987e-07 1.82555e-06)
(-10 1.15483e-06 1.61237e-06)
(-10 1.51022e-06 1.385e-06)
(-10 1.84605e-06 1.09594e-06)
(-10 2.12975e-06 8.57889e-07)
(-10 2.46442e-06 6.10456e-07)
(-10 2.66125e-06 4.1529e-07)
(-10 2.98528e-06 3.05709e-07)
(-10 3.15994e-06 1.5872e-07)
(-10 3.37553e-06 2.01973e-07)
(-10 3.49657e-06 1.31588e-07)
(-10 3.73836e-06 2.37074e-07)
(-10 3.97097e-06 2.68616e-07)
(-10 -1.17949e-07 6.66258e-07)
(-10 -1.81985e-07 1.60857e-06)
(-10 -7.75721e-09 2.07997e-06)
(-10 3.30621e-07 2.19015e-06)
(-10 7.37712e-07 2.07282e-06)
(-10 1.1518e-06 1.87352e-06)
(-10 1.5442e-06 1.65228e-06)
(-10 1.91099e-06 1.46624e-06)
(-10 2.27842e-06 1.11376e-06)
(-10 2.56556e-06 8.60222e-07)
(-10 2.91953e-06 6.5095e-07)
(-10 1.29655e-08 2.6799e-08)
(-10 3.76775e-08 7.29084e-08)
(-10 6.2153e-08 1.07361e-07)
(-10 8.40945e-08 1.27636e-07)
(-10 1.0452e-07 1.35809e-07)
(-10 1.21948e-07 1.37056e-07)
(-10 1.39374e-07 1.37991e-07)
(-10 1.56514e-07 1.44354e-07)
(-10 1.76871e-07 1.5888e-07)
(-10 1.99815e-07 1.83615e-07)
(-10 2.27995e-07 2.16957e-07)
(-10 2.59717e-07 2.56799e-07)
(-10 2.94795e-07 2.99499e-07)
(-10 3.29701e-07 3.42738e-07)
(-10 3.65062e-07 3.81726e-07)
(-10 3.96428e-07 4.10844e-07)
(-10 3.86226e-08 2.64008e-08)
(-10 1.14638e-07 7.09408e-08)
(-10 1.87137e-07 1.04634e-07)
(-10 2.54073e-07 1.23653e-07)
(-10 3.14728e-07 1.32509e-07)
(-10 3.70017e-07 1.34405e-07)
(-10 4.2376e-07 1.38481e-07)
(-10 4.80175e-07 1.47187e-07)
(-10 5.44079e-07 1.65691e-07)
(-10 6.18374e-07 1.92648e-07)
(-10 7.05845e-07 2.28291e-07)
(-10 8.04872e-07 2.67662e-07)
(-10 9.11987e-07 3.09231e-07)
(-10 1.01962e-06 3.50194e-07)
(-10 1.12109e-06 3.88071e-07)
(-10 1.20565e-06 4.12291e-07)
(-10 6.26935e-08 2.49264e-08)
(-10 1.85021e-07 6.75865e-08)
(-10 3.01727e-07 9.81426e-08)
(-10 4.11421e-07 1.16048e-07)
(-10 5.12497e-07 1.24095e-07)
(-10 6.08457e-07 1.2871e-07)
(-10 7.03773e-07 1.35746e-07)
(-10 8.06213e-07 1.49739e-07)
(-10 9.20853e-07 1.72216e-07)
(-10 1.05349e-06 2.03245e-07)
(-10 1.20555e-06 2.39354e-07)
(-10 1.37535e-06 2.77236e-07)
(-10 1.55493e-06 3.14312e-07)
(-10 1.73283e-06 3.50201e-07)
(-10 1.89897e-06 3.82145e-07)
(-10 2.04772e-06 4.04502e-07)
(-10 8.1705e-08 2.34354e-08)
(-10 2.42435e-07 6.29034e-08)
(-10 3.98289e-07 9.11671e-08)
(-10 5.46911e-07 1.07877e-07)
(-10 6.88645e-07 1.17161e-07)
(-10 8.27078e-07 1.24998e-07)
(-10 9.69391e-07 1.37185e-07)
(-10 1.123e-06 1.56661e-07)
(-10 1.29496e-06 1.84571e-07)
(-10 1.49016e-06 2.18565e-07)
(-10 1.70973e-06 2.54916e-07)
(-10 1.94879e-06 2.89232e-07)
(-10 2.19654e-06 3.2041e-07)
(-10 2.43904e-06 3.49563e-07)
(-10 2.662e-06 3.76307e-07)
(-10 2.8551e-06 3.90477e-07)
(-10 9.74381e-08 2.26399e-08)
(-10 2.90394e-07 6.03446e-08)
(-10 4.80083e-07 8.67436e-08)
(-10 6.65279e-07 1.03099e-07)
(-10 8.47071e-07 1.14038e-07)
(-10 1.03055e-06 1.25862e-07)
(-10 1.22303e-06 1.43031e-07)
(-10 1.43231e-06 1.68013e-07)
(-10 1.66501e-06 1.99937e-07)
(-10 1.92509e-06 2.35376e-07)
(-10 2.21111e-06 2.69259e-07)
(-10 2.51523e-06 2.97805e-07)
(-10 2.82417e-06 3.21656e-07)
(-10 3.12194e-06 3.42848e-07)
(-10 3.39352e-06 3.60962e-07)
(-10 3.63373e-06 3.73414e-07)
(-10 1.09979e-07 2.17528e-08)
(-10 3.30021e-07 5.76432e-08)
(-10 5.5002e-07 8.33199e-08)
(-10 7.69935e-07 1.00553e-07)
(-10 9.92163e-07 1.14575e-07)
(-10 1.22221e-06 1.30917e-07)
(-10 1.46719e-06 1.53386e-07)
(-10 1.73409e-06 1.83042e-07)
(-10 2.02853e-06 2.17526e-07)
(-10 2.35196e-06 2.52109e-07)
(-10 2.69999e-06 2.81389e-07)
(-10 3.0617e-06 3.02978e-07)
(-10 3.42262e-06 3.18403e-07)
(-10 3.7661e-06 3.31004e-07)
(-10 4.07602e-06 3.43171e-07)
(-10 4.34339e-06 3.4466e-07)
(-10 1.21005e-07 2.21923e-08)
(-10 3.64881e-07 5.87241e-08)
(-10 6.13001e-07 8.51003e-08)
(-10 8.66923e-07 1.04327e-07)
(-10 1.12988e-06 1.21812e-07)
(-10 1.40713e-06 1.42593e-07)
(-10 1.70469e-06 1.69484e-07)
(-10 2.02838e-06 2.02162e-07)
(-10 2.38156e-06 2.36668e-07)
(-10 2.76276e-06 2.67542e-07)
(-10 3.16412e-06 2.89736e-07)
(-10 3.57317e-06 3.02575e-07)
(-10 3.9748e-06 3.08824e-07)
(-10 4.35219e-06 3.12749e-07)
(-10 4.6905e-06 3.15098e-07)
(-10 4.9852e-06 3.15838e-07)
(-10 1.30405e-07 2.26493e-08)
(-10 3.95845e-07 6.00109e-08)
(-10 6.70651e-07 8.81333e-08)
(-10 9.57922e-07 1.10223e-07)
(-10 1.2611e-06 1.31528e-07)
(-10 1.58432e-06 1.56308e-07)
(-10 1.93211e-06 1.86472e-07)
(-10 2.30828e-06 2.19917e-07)
(-10 2.71327e-06 2.51811e-07)
(-10 3.14229e-06 2.76129e-07)
(-10 3.58487e-06 2.89609e-07)
(-10 4.02788e-06 2.92691e-07)
(-10 4.45651e-06 2.89003e-07)
(-10 4.85557e-06 2.83569e-07)
(-10 5.21073e-06 2.79507e-07)
(-10 5.5163e-06 2.69027e-07)
(-10 1.38921e-07 2.48213e-08)
(-10 4.23823e-07 6.59675e-08)
(-10 7.24174e-07 9.73294e-08)
(-10 1.04405e-06 1.22911e-07)
(-10 1.38605e-06 1.4779e-07)
(-10 1.75248e-06 1.75879e-07)
(-10 2.1459e-06 2.07632e-07)
(-10 2.56734e-06 2.3967e-07)
(-10 3.01408e-06 2.66284e-07)
(-10 3.47799e-06 2.82184e-07)
(-10 3.94733e-06 2.85641e-07)
(-10 4.40905e-06 2.7823e-07)
(-10 4.85011e-06 2.65071e-07)
(-10 5.25738e-06 2.50738e-07)
(-10 5.61856e-06 2.37079e-07)
(-10 5.93416e-06 2.27168e-07)
(-10 1.4545e-07 2.7181e-08)
(-10 4.47318e-07 7.21671e-08)
(-10 7.71346e-07 1.07274e-07)
(-10 1.12212e-06 1.36273e-07)
(-10 1.5003e-06 1.6423e-07)
(-10 1.90584e-06 1.94231e-07)
(-10 2.33849e-06 2.25438e-07)
(-10 2.79606e-06 2.5343e-07)
(-10 3.27239e-06 2.72305e-07)
(-10 3.75698e-06 2.78282e-07)
(-10 4.23782e-06 2.71065e-07)
(-10 4.70313e-06 2.53761e-07)
(-10 5.14262e-06 2.30999e-07)
(-10 5.54547e-06 2.07648e-07)
(-10 5.90325e-06 1.88452e-07)
(-10 6.21676e-06 1.66262e-07)
(-10 1.49945e-07 3.15971e-08)
(-10 4.64822e-07 8.38676e-08)
(-10 8.10534e-07 1.2397e-07)
(-10 1.19049e-06 1.56504e-07)
(-10 1.6024e-06 1.86829e-07)
(-10 2.04279e-06 2.17415e-07)
(-10 2.50809e-06 2.46192e-07)
(-10 2.99241e-06 2.68251e-07)
(-10 3.48654e-06 2.78185e-07)
(-10 3.97872e-06 2.74048e-07)
(-10 4.45754e-06 2.5673e-07)
(-10 4.91346e-06 2.30156e-07)
(-10 5.3388e-06 1.98983e-07)
(-10 5.72586e-06 1.68111e-07)
(-10 6.07068e-06 1.39834e-07)
(-10 6.37771e-06 1.18519e-07)
(-10 1.50965e-07 3.67335e-08)
(-10 4.75061e-07 9.63578e-08)
(-10 8.3966e-07 1.41617e-07)
(-10 1.24702e-06 1.76989e-07)
(-10 1.69014e-06 2.08437e-07)
(-10 2.16186e-06 2.37281e-07)
(-10 2.65371e-06 2.61328e-07)
(-10 3.15675e-06 2.75095e-07)
(-10 3.6586e-06 2.75238e-07)
(-10 4.14787e-06 2.60683e-07)
(-10 4.61359e-06 2.34117e-07)
(-10 5.0495e-06 1.99122e-07)
(-10 5.44885e-06 1.59935e-07)
(-10 5.80992e-06 1.21582e-07)
(-10 6.13208e-06 8.79528e-08)
(-10 6.42423e-06 5.50015e-08)
(-10 1.48718e-07 4.41155e-08)
(-10 4.77051e-07 1.16034e-07)
(-10 8.58649e-07 1.66928e-07)
(-10 1.29317e-06 2.05426e-07)
(-10 1.76697e-06 2.35978e-07)
(-10 2.26793e-06 2.61944e-07)
(-10 2.78227e-06 2.78901e-07)
(-10 3.29815e-06 2.84186e-07)
(-10 3.80125e-06 2.74194e-07)
(-10 4.28082e-06 2.51031e-07)
(-10 4.72716e-06 2.16432e-07)
(-10 5.1351e-06 1.75005e-07)
(-10 5.50141e-06 1.29896e-07)
(-10 5.82727e-06 8.74027e-08)
(-10 6.11675e-06 4.54284e-08)
(-10 6.38403e-06 1.50975e-08)
(-10 1.44355e-07 5.3553e-08)
(-10 4.72807e-07 1.37355e-07)
(-10 8.73013e-07 1.9495e-07)
(-10 1.33314e-06 2.3454e-07)
(-10 1.83933e-06 2.62774e-07)
(-10 2.36642e-06 2.8235e-07)
(-10 2.90216e-06 2.90616e-07)
(-10 3.42573e-06 2.8548e-07)
(-10 3.92831e-06 2.65931e-07)
(-10 4.394e-06 2.34391e-07)
(-10 4.81953e-06 1.93595e-07)
(-10 5.19602e-06 1.46892e-07)
(-10 5.52671e-06 9.93953e-08)
(-10 5.80774e-06 5.07676e-08)
(-10 6.05753e-06 7.67547e-09)
(-10 6.28957e-06 -3.29375e-08)
(-10 1.37424e-07 6.70641e-08)
(-10 4.66881e-07 1.65146e-07)
(-10 8.83078e-07 2.32795e-07)
(-10 1.37174e-06 2.69763e-07)
(-10 1.90747e-06 2.95304e-07)
(-10 2.46162e-06 3.04272e-07)
(-10 3.01403e-06 3.04493e-07)
(-10 3.54565e-06 2.86976e-07)
(-10 4.04462e-06 2.60464e-07)
(-10 4.49957e-06 2.20266e-07)
(-10 4.90528e-06 1.7632e-07)
(-10 5.25722e-06 1.26415e-07)
(-10 5.55288e-06 7.79643e-08)
(-10 5.79915e-06 2.67213e-08)
(-10 5.9935e-06 -9.2081e-09)
(-10 6.17935e-06 -4.81632e-08)
(-10 1.29857e-07 7.85827e-08)
(-10 4.67388e-07 1.9766e-07)
(-10 8.95331e-07 2.68979e-07)
(-10 1.41423e-06 3.06843e-07)
(-10 1.97175e-06 3.21508e-07)
(-10 2.55182e-06 3.2212e-07)
(-10 3.1134e-06 3.0761e-07)
(-10 3.6543e-06 2.81651e-07)
(-10 4.14741e-06 2.4385e-07)
(-10 4.59881e-06 1.99785e-07)
(-10 4.99033e-06 1.50619e-07)
(-10 5.33175e-06 1.00961e-07)
(-10 5.61127e-06 4.90396e-08)
(-10 5.82192e-06 1.08949e-08)
(-10 5.96761e-06 -3.81538e-08)
(-10 6.13146e-06 -5.34375e-08)
(-10 1.32731e-07 9.35729e-08)
(-10 4.69771e-07 2.38952e-07)
(-10 9.16128e-07 3.10566e-07)
(-10 1.44769e-06 3.48522e-07)
(-10 2.0273e-06 3.48047e-07)
(-10 2.61541e-06 3.40276e-07)
(-10 3.18859e-06 3.08836e-07)
(-10 3.72704e-06 2.75939e-07)
(-10 4.22299e-06 2.25959e-07)
(-10 4.66855e-06 1.79809e-07)
(-10 5.06505e-06 1.2386e-07)
(-10 5.41108e-06 7.64123e-08)
(-10 5.69716e-06 2.62327e-08)
(-10 5.90876e-06 -2.59302e-08)
(-10 6.09211e-06 -4.80844e-08)
(-10 6.06042e-06 -1.39397e-08)
(-10 1.36158e-07 1.14123e-07)
(-10 4.71404e-07 2.67476e-07)
(-10 9.30465e-07 3.53568e-07)
(-10 1.46222e-06 3.76284e-07)
(-10 2.05171e-06 3.72736e-07)
(-10 2.63566e-06 3.42508e-07)
(-10 3.21286e-06 3.05947e-07)
(-10 3.74385e-06 2.54069e-07)
(-10 4.24375e-06 2.02845e-07)
(-10 4.69025e-06 1.44356e-07)
(-10 5.10795e-06 9.31375e-08)
(-10 5.48074e-06 3.95878e-08)
(-10 5.82594e-06 -1.35473e-08)
(-10 6.13124e-06 -5.48472e-08)
(-10 6.22287e-06 -5.42487e-08)
(-10 6.4154e-06 -2.37168e-07)
(-10 1.31121e-07 1.32012e-07)
(-10 4.75706e-07 3.03508e-07)
(-10 9.1838e-07 3.97415e-07)
(-10 1.44991e-06 4.10193e-07)
(-10 2.01863e-06 3.96435e-07)
(-10 2.59956e-06 3.49433e-07)
(-10 3.15684e-06 3.0219e-07)
(-10 3.68728e-06 2.36764e-07)
(-10 4.17706e-06 1.79677e-07)
(-10 4.63989e-06 1.13827e-07)
(-10 5.0769e-06 6.2171e-08)
(-10 5.5099e-06 5.24783e-09)
(-10 5.95094e-06 -3.64595e-08)
(-10 6.35808e-06 -8.88273e-08)
(-10 6.79818e-06 -2.59422e-07)
(-10 7.29068e-06 -1.43862e-07)
(-10 1.26799e-07 1.38875e-07)
(-10 4.57631e-07 3.41782e-07)
(-10 8.74988e-07 4.26699e-07)
(-10 1.3831e-06 4.44687e-07)
(-10 1.92393e-06 4.06726e-07)
(-10 2.48279e-06 3.57329e-07)
(-10 3.01647e-06 2.86009e-07)
(-10 3.53268e-06 2.19957e-07)
(-10 4.01378e-06 1.44201e-07)
(-10 4.48514e-06 8.19345e-08)
(-10 4.94451e-06 2.09511e-08)
(-10 5.43945e-06 -2.29928e-08)
(-10 5.98436e-06 -6.91344e-08)
(-10 6.62603e-06 -1.3825e-07)
(-10 7.50859e-06 -1.02001e-07)
(-10 8.06294e-06 -2.06955e-07)
(-10 8.81211e-06 -4.07377e-07)
(-10 1.19378e-07 1.59489e-07)
(-10 4.078e-07 3.81337e-07)
(-10 7.96614e-07 4.73776e-07)
(-10 1.25858e-06 4.82422e-07)
(-10 1.77145e-06 4.35055e-07)
(-10 2.28845e-06 3.70183e-07)
(-10 2.79929e-06 2.89082e-07)
(-10 3.28462e-06 2.10342e-07)
(-10 3.75804e-06 1.27324e-07)
(-10 4.21881e-06 5.982e-08)
(-10 4.69564e-06 -2.8612e-09)
(-10 5.20932e-06 -3.89192e-08)
(-10 5.81181e-06 -6.55115e-08)
(-10 6.58151e-06 -7.99601e-08)
(-10 7.40264e-06 -1.01468e-07)
(-10 8.23699e-06 -2.25569e-07)
(-10 8.75549e-06 -1.93363e-09)
(-10 9.62834e-08 1.8187e-07)
(-10 3.40294e-07 4.18395e-07)
(-10 6.79721e-07 5.23754e-07)
(-10 1.09727e-06 5.20224e-07)
(-10 1.56385e-06 4.68499e-07)
(-10 2.03943e-06 3.85168e-07)
(-10 2.5088e-06 2.99093e-07)
(-10 2.95936e-06 2.02608e-07)
(-10 3.4021e-06 1.18275e-07)
(-10 3.8384e-06 3.41102e-08)
(-10 4.28847e-06 -1.95654e-08)
(-10 4.77647e-06 -6.47461e-08)
(-10 5.31696e-06 -8.29166e-08)
(-10 5.96049e-06 -7.90436e-08)
(-10 6.58759e-06 -9.74675e-08)
(-10 7.2416e-06 -6.05123e-08)
(-10 7.59852e-06 -3.04134e-07)
(-10 6.81563e-08 2.03256e-07)
(-10 2.62428e-07 4.72829e-07)
(-10 5.47673e-07 5.83554e-07)
(-10 9.17938e-07 5.81718e-07)
(-10 1.33227e-06 5.17948e-07)
(-10 1.76242e-06 4.30543e-07)
(-10 2.18194e-06 3.32973e-07)
(-10 2.59035e-06 2.34923e-07)
(-10 2.98767e-06 1.36316e-07)
(-10 3.37703e-06 5.53267e-08)
(-10 3.76608e-06 -1.526e-08)
(-10 4.17331e-06 -6.42276e-08)
(-10 4.60036e-06 -7.44219e-08)
(-10 4.986e-06 -7.47258e-08)
(-10 5.41662e-06 -9.87021e-08)
(-10 5.75813e-06 -1.61224e-07)
(-10 6.31513e-06 -3.14117e-08)
(-10 4.19422e-08 2.25398e-07)
(-10 1.81207e-07 5.23101e-07)
(-10 4.22154e-07 6.47541e-07)
(-10 7.45744e-07 6.46612e-07)
(-10 1.12018e-06 5.80571e-07)
(-10 1.50741e-06 4.90406e-07)
(-10 1.88918e-06 3.93606e-07)
(-10 2.25753e-06 2.95769e-07)
(-10 2.61555e-06 2.0188e-07)
(-10 2.94697e-06 1.1427e-07)
(-10 3.26215e-06 5.66247e-08)
(-10 3.56437e-06 1.38473e-08)
(-10 3.80579e-06 -3.85224e-08)
(-10 4.07005e-06 -6.97593e-08)
(-10 4.25782e-06 -5.58971e-08)
(-10 4.60163e-06 -5.95795e-08)
(-10 4.92088e-06 -1.01832e-07)
(-10 9.80093e-09 2.51735e-07)
(-10 1.00868e-07 5.80736e-07)
(-10 3.12798e-07 7.22824e-07)
(-10 6.25669e-07 7.24048e-07)
(-10 9.90008e-07 6.60716e-07)
(-10 1.36956e-06 5.72015e-07)
(-10 1.73903e-06 4.84743e-07)
(-10 2.09812e-06 3.97662e-07)
(-10 2.42797e-06 3.13622e-07)
(-10 2.74229e-06 2.5187e-07)
(-10 3.02387e-06 1.6472e-07)
(-10 3.20977e-06 1.38925e-07)
(-10 3.41751e-06 7.34203e-08)
(-10 3.47506e-06 8.4281e-08)
(-10 3.77681e-06 1.45691e-08)
(-10 3.9886e-06 3.08965e-08)
(-10 4.23786e-06 7.20635e-08)
(-10 -2.90556e-08 2.75796e-07)
(-10 2.54505e-08 6.48814e-07)
(-10 2.43366e-07 8.039e-07)
(-10 5.80716e-07 8.15774e-07)
(-10 9.71163e-07 7.47788e-07)
(-10 1.37007e-06 6.62188e-07)
(-10 1.75555e-06 5.76647e-07)
(-10 2.12158e-06 4.97427e-07)
(-10 2.47725e-06 4.40456e-07)
(-10 2.80285e-06 3.36559e-07)
(-10 3.07678e-06 3.46719e-07)
(-10 3.318e-06 1.93439e-07)
(-10 3.41543e-06 1.67536e-07)
(-10 3.61328e-06 9.86716e-09)
)
;

boundaryField
{
    frontAndBack
    {
        type            slip;
    }
    inlet
    {
        type            fixedValue;
        value           nonuniform List<vector> 0();
    }
    outlet
    {
        type            inletOutlet;
        inletValue      uniform (0 0 0);
        value           nonuniform List<vector> 
130
(
(-10 1.69923e-08 4.61487e-08)
(-10 5.15293e-08 4.64712e-08)
(-10 8.75077e-08 4.54168e-08)
(-10 1.06083e-07 4.06815e-08)
(-10 1.13287e-07 3.85169e-08)
(-10 1.1822e-07 3.79072e-08)
(-10 1.23144e-07 3.74373e-08)
(-10 1.22679e-07 3.58988e-08)
(-10 1.16352e-07 3.58048e-08)
(-10 1.05916e-07 3.80083e-08)
(-10 9.88525e-08 4.22093e-08)
(-10 8.71694e-08 4.32141e-08)
(-10 5.82589e-08 4.54186e-08)
(-10 2.58807e-08 5.36619e-08)
(-10 1.20709e-08 6.17782e-08)
(-10 -1.16609e-08 6.35044e-08)
(-10 -3.86253e-08 6.88741e-08)
(-10 -4.17735e-08 8.43133e-08)
(-10 1.83783e-09 9.91755e-08)
(-10 1.36739e-08 8.93125e-08)
(-10 -4.37297e-08 9.40563e-08)
(-10 -8.17056e-08 1.09687e-07)
(-10 -1.45441e-07 1.05409e-07)
(-10 -2.0504e-07 1.25641e-07)
(-10 -2.58849e-07 1.30302e-07)
(-10 -2.94037e-07 1.6226e-07)
(-10 1.73954e-08 1.09148e-07)
(-10 5.06145e-08 1.07832e-07)
(-10 8.02706e-08 1.03926e-07)
(-10 9.74581e-08 9.57337e-08)
(-10 1.09819e-07 9.10296e-08)
(-10 1.1687e-07 8.81203e-08)
(-10 1.20633e-07 8.65724e-08)
(-10 1.20639e-07 8.50716e-08)
(-10 1.18989e-07 8.67545e-08)
(-10 1.13922e-07 9.21808e-08)
(-10 1.0536e-07 1.01677e-07)
(-10 9.1181e-08 1.0931e-07)
(-10 7.13186e-08 1.19971e-07)
(-10 4.63301e-08 1.40856e-07)
(-10 2.4374e-08 1.63197e-07)
(-10 -2.79105e-09 1.76835e-07)
(-10 -1.26141e-08 2.03781e-07)
(-10 -3.89667e-09 2.40779e-07)
(-10 8.08685e-09 2.69335e-07)
(-10 7.2749e-09 2.71744e-07)
(-10 -1.8261e-08 2.91038e-07)
(-10 -6.75149e-08 3.21995e-07)
(-10 -1.255e-07 3.33895e-07)
(-10 -1.73924e-07 3.8119e-07)
(-10 -2.13075e-07 4.1544e-07)
(-10 -2.9185e-07 4.71256e-07)
(-10 1.53467e-08 1.13655e-07)
(-10 4.50019e-08 1.1051e-07)
(-10 7.23853e-08 1.05934e-07)
(-10 8.99623e-08 9.94133e-08)
(-10 1.03771e-07 9.56184e-08)
(-10 1.12648e-07 9.11908e-08)
(-10 1.19333e-07 9.05532e-08)
(-10 1.22907e-07 9.05915e-08)
(-10 1.25239e-07 9.57368e-08)
(-10 1.24569e-07 1.02006e-07)
(-10 1.20264e-07 1.14183e-07)
(-10 1.10036e-07 1.28122e-07)
(-10 9.76915e-08 1.49492e-07)
(-10 7.99131e-08 1.73221e-07)
(-10 5.70438e-08 2.04963e-07)
(-10 3.90692e-08 2.38632e-07)
(-10 4.13048e-08 2.84573e-07)
(-10 4.01694e-08 3.19368e-07)
(-10 4.0544e-08 3.58178e-07)
(-10 4.08026e-08 3.93043e-07)
(-10 1.90842e-08 4.2632e-07)
(-10 -2.81347e-08 4.60159e-07)
(-10 -7.14481e-08 5.13591e-07)
(-10 -1.03109e-07 5.71556e-07)
(-10 -1.46265e-07 6.37805e-07)
(-10 -2.3002e-07 6.99459e-07)
(-10 1.34632e-08 7.74549e-08)
(-10 4.09633e-08 7.555e-08)
(-10 6.64002e-08 7.23514e-08)
(-10 8.45632e-08 6.77965e-08)
(-10 9.95413e-08 6.57456e-08)
(-10 1.10539e-07 6.27305e-08)
(-10 1.19884e-07 6.36104e-08)
(-10 1.27118e-07 6.40681e-08)
(-10 1.33257e-07 6.96084e-08)
(-10 1.3698e-07 7.50143e-08)
(-10 1.38004e-07 8.63126e-08)
(-10 1.35317e-07 9.87587e-08)
(-10 1.27693e-07 1.19056e-07)
(-10 1.15669e-07 1.3958e-07)
(-10 1.06137e-07 1.70609e-07)
(-10 9.67206e-08 2.03884e-07)
(-10 8.83056e-08 2.43239e-07)
(-10 8.81096e-08 2.77025e-07)
(-10 1.00181e-07 3.2003e-07)
(-10 9.24526e-08 3.49486e-07)
(-10 6.56346e-08 3.88827e-07)
(-10 4.1574e-08 4.29722e-07)
(-10 1.37465e-08 4.88361e-07)
(-10 -1.86557e-08 5.41405e-07)
(-10 -5.3197e-08 6.04402e-07)
(-10 -1.17949e-07 6.66258e-07)
(-10 1.29655e-08 2.6799e-08)
(-10 3.86226e-08 2.64008e-08)
(-10 6.26935e-08 2.49264e-08)
(-10 8.1705e-08 2.34354e-08)
(-10 9.74381e-08 2.26399e-08)
(-10 1.09979e-07 2.17528e-08)
(-10 1.21005e-07 2.21923e-08)
(-10 1.30405e-07 2.26493e-08)
(-10 1.38921e-07 2.48213e-08)
(-10 1.4545e-07 2.7181e-08)
(-10 1.49945e-07 3.15971e-08)
(-10 1.50965e-07 3.67335e-08)
(-10 1.48718e-07 4.41155e-08)
(-10 1.44355e-07 5.3553e-08)
(-10 1.37424e-07 6.70641e-08)
(-10 1.29857e-07 7.85827e-08)
(-10 1.32731e-07 9.35729e-08)
(-10 1.36158e-07 1.14123e-07)
(-10 1.31121e-07 1.32012e-07)
(-10 1.26799e-07 1.38875e-07)
(-10 1.19378e-07 1.59489e-07)
(-10 9.62834e-08 1.8187e-07)
(-10 6.81563e-08 2.03256e-07)
(-10 4.19422e-08 2.25398e-07)
(-10 9.80093e-09 2.51735e-07)
(-10 -2.90556e-08 2.75796e-07)
)
;
    }
    lowerWall
    {
        type            fixedValue;
        value           uniform (-10 0 0);
    }
    upperWall
    {
        type            slip;
    }
    procBoundary0to1
    {
        type            processor;
        value           nonuniform List<vector> 
135
(
(-10 4.69182e-07 6.3382e-07)
(-10 1.43237e-06 6.07526e-07)
(-10 2.38847e-06 5.89347e-07)
(-10 3.3128e-06 5.79119e-07)
(-10 4.30387e-06 5.50449e-07)
(-10 5.15176e-06 4.64885e-07)
(-10 5.85325e-06 4.10312e-07)
(-10 6.50793e-06 3.65847e-07)
(-10 7.1557e-06 2.9038e-07)
(-10 7.54753e-06 1.47917e-07)
(-10 7.67901e-06 4.25983e-08)
(-10 7.69408e-06 -4.11281e-08)
(-10 7.66033e-06 -1.38595e-07)
(-10 7.3248e-06 -3.08803e-07)
(-10 7.3248e-06 -3.08803e-07)
(-10 7.34275e-06 -3.43472e-07)
(-10 6.82903e-06 -7.2163e-07)
(-10 7.01003e-06 -5.19826e-07)
(-10 6.51706e-06 -9.05962e-07)
(-10 6.92241e-06 -5.00579e-07)
(-10 7.15585e-06 -5.65425e-07)
(-10 7.43613e-06 -4.38288e-07)
(-10 7.49336e-06 -4.05508e-07)
(-10 7.27369e-06 -1.84522e-07)
(-10 6.68484e-06 -8.19547e-08)
(-10 5.53258e-06 1.36375e-07)
(-10 4.06857e-06 1.88104e-07)
(-10 3.3428e-06 3.62505e-07)
(-10 4.36314e-07 1.48606e-06)
(-10 1.37678e-06 1.44513e-06)
(-10 2.35296e-06 1.40178e-06)
(-10 3.26417e-06 1.35265e-06)
(-10 4.16108e-06 1.27974e-06)
(-10 4.97659e-06 1.12515e-06)
(-10 5.72945e-06 9.96984e-07)
(-10 6.35802e-06 8.56597e-07)
(-10 6.88329e-06 6.77459e-07)
(-10 7.23781e-06 3.99663e-07)
(-10 7.44271e-06 1.60005e-07)
(-10 7.46759e-06 -7.77351e-08)
(-10 7.32574e-06 -3.07807e-07)
(-10 7.10304e-06 -5.87435e-07)
(-10 6.82903e-06 -7.2163e-07)
(-10 6.51706e-06 -9.05962e-07)
(-10 6.51706e-06 -9.05962e-07)
(-10 6.86541e-06 -1.15459e-06)
(-10 6.44453e-06 -8.47037e-07)
(-10 7.23372e-06 -1.17523e-06)
(-10 7.63602e-06 -1.14014e-06)
(-10 7.81056e-06 -8.71708e-07)
(-10 7.67813e-06 -5.53458e-07)
(-10 7.08596e-06 -4.91426e-08)
(-10 5.87015e-06 1.29524e-07)
(-10 4.35123e-06 5.34251e-07)
(-10 3.60799e-06 7.06044e-07)
(-10 4.18018e-07 1.57125e-06)
(-10 1.32702e-06 1.54539e-06)
(-10 2.27286e-06 1.50364e-06)
(-10 3.16025e-06 1.42799e-06)
(-10 4.0195e-06 1.35362e-06)
(-10 4.79831e-06 1.22304e-06)
(-10 5.51756e-06 1.10025e-06)
(-10 6.10853e-06 9.13247e-07)
(-10 6.58453e-06 7.37868e-07)
(-10 6.90071e-06 4.84433e-07)
(-10 7.08227e-06 2.59585e-07)
(-10 7.10932e-06 -2.57978e-08)
(-10 7.02321e-06 -2.45439e-07)
(-10 6.80752e-06 -4.75209e-07)
(-10 6.48573e-06 -6.48152e-07)
(-10 6.21535e-06 -8.29221e-07)
(-10 6.44453e-06 -8.47037e-07)
(-10 6.44453e-06 -8.47037e-07)
(-10 7.17391e-06 -1.03816e-06)
(-10 6.77457e-06 -5.22519e-07)
(-10 7.81553e-06 -1.1639e-06)
(-10 8.22671e-06 -1.05891e-06)
(-10 8.30189e-06 -5.03849e-07)
(-10 7.53857e-06 -2.38609e-07)
(-10 6.26182e-06 1.40347e-07)
(-10 4.78922e-06 3.83732e-07)
(-10 3.90604e-06 6.67313e-07)
(-10 4.03988e-07 1.14817e-06)
(-10 1.29227e-06 1.13826e-06)
(-10 2.20622e-06 1.11223e-06)
(-10 3.07665e-06 1.05484e-06)
(-10 3.90489e-06 1.00704e-06)
(-10 4.65988e-06 9.0744e-07)
(-10 5.34221e-06 8.31403e-07)
(-10 5.90504e-06 6.81875e-07)
(-10 6.34727e-06 5.72165e-07)
(-10 6.63995e-06 3.80642e-07)
(-10 6.80492e-06 2.47596e-07)
(-10 6.83631e-06 3.85612e-08)
(-10 6.76397e-06 -8.46933e-08)
(-10 6.59965e-06 -2.63919e-07)
(-10 6.38651e-06 -3.0819e-07)
(-10 6.26845e-06 -3.4347e-07)
(-10 6.28979e-06 -2.83934e-07)
(-10 6.77457e-06 -5.22519e-07)
(-10 6.77457e-06 -5.22519e-07)
(-10 7.61008e-06 -7.34402e-07)
(-10 7.37017e-06 -3.46831e-07)
(-10 8.63562e-06 -7.14763e-07)
(-10 8.70351e-06 -5.08751e-07)
(-10 7.89121e-06 -2.41052e-07)
(-10 6.64808e-06 -4.29897e-08)
(-10 5.00994e-06 3.43347e-08)
(-10 4.24182e-06 3.47005e-07)
(-10 4.05635e-07 4.29167e-07)
(-10 1.28209e-06 4.30485e-07)
(-10 2.16859e-06 4.21023e-07)
(-10 3.02876e-06 4.0038e-07)
(-10 3.83524e-06 3.82712e-07)
(-10 4.57877e-06 3.44665e-07)
(-10 5.2356e-06 3.17822e-07)
(-10 5.78448e-06 2.59378e-07)
(-10 6.20799e-06 2.21376e-07)
(-10 6.495e-06 1.47955e-07)
(-10 6.65467e-06 1.05417e-07)
(-10 6.69396e-06 2.7752e-08)
(-10 6.64511e-06 -8.46616e-09)
(-10 6.52815e-06 -6.73421e-08)
(-10 6.38629e-06 -6.56694e-08)
(-10 6.24567e-06 -6.75177e-08)
(-10 6.22072e-06 -8.3896e-08)
(-10 6.4459e-06 -1.22772e-07)
(-10 7.37017e-06 -3.46831e-07)
(-10 7.37017e-06 -3.46831e-07)
(-10 8.50878e-06 -1.22049e-07)
(-10 8.89403e-06 -3.73838e-07)
(-10 8.12077e-06 3.03692e-08)
(-10 6.60605e-06 -1.90187e-07)
(-10 5.27671e-06 -3.24982e-09)
(-10 4.50441e-06 2.3232e-08)
)
;
    }
    procBoundary0to3
    {
        type            processor;
        value           nonuniform List<vector> 
101
(
(-10 -4.60176e-07 8.85058e-07)
(-10 -1.73689e-07 8.42226e-07)
(-10 1.16297e-07 5.54328e-07)
(-10 4.79943e-07 5.31223e-07)
(-10 8.52878e-07 4.59377e-07)
(-10 1.24035e-06 2.45071e-07)
(-10 1.57057e-06 1.89241e-07)
(-10 1.92792e-06 1.09984e-07)
(-10 2.19232e-06 1.6047e-07)
(-10 2.53806e-06 1.4701e-07)
(-10 2.786e-06 2.19544e-07)
(-10 3.10574e-06 2.33345e-07)
(-10 3.38685e-06 3.12383e-07)
(-10 3.71455e-06 3.62149e-07)
(-10 -1.76087e-07 1.32051e-07)
(-10 -4.01764e-07 5.20995e-07)
(-10 -4.60176e-07 8.85058e-07)
(-10 -2.2459e-07 6.54905e-07)
(-10 -4.60176e-07 8.85058e-07)
(-10 -1.73689e-07 8.42226e-07)
(-10 1.16297e-07 5.54328e-07)
(-10 8.05377e-07 1.57147e-06)
(-10 1.1634e-06 1.12964e-06)
(-10 1.51681e-06 8.28754e-07)
(-10 1.85479e-06 6.00548e-07)
(-10 2.18374e-06 4.36159e-07)
(-10 2.45664e-06 4.15248e-07)
(-10 2.73056e-06 3.60069e-07)
(-10 2.96292e-06 4.98375e-07)
(-10 3.20438e-06 5.2937e-07)
(-10 3.44043e-06 7.15619e-07)
(-10 3.78152e-06 7.59772e-07)
(-10 -1.82894e-07 4.66653e-07)
(-10 -3.55587e-07 1.43066e-06)
(-10 -2.9556e-07 1.95003e-06)
(-10 7.22416e-08 2.23232e-06)
(-10 3.35474e-07 2.21789e-06)
(-10 8.05377e-07 1.57147e-06)
(-10 7.93106e-07 2.10781e-06)
(-10 8.05377e-07 1.57147e-06)
(-10 1.1634e-06 1.12964e-06)
(-10 1.93115e-06 1.25698e-06)
(-10 2.29593e-06 9.3497e-07)
(-10 2.53051e-06 6.30406e-07)
(-10 2.84469e-06 5.52338e-07)
(-10 3.00244e-06 5.03917e-07)
(-10 3.24504e-06 5.33138e-07)
(-10 3.34712e-06 5.51866e-07)
(-10 3.59611e-06 6.63398e-07)
(-10 3.7945e-06 7.68441e-07)
(-10 -1.31866e-07 7.76926e-07)
(-10 -2.34278e-07 2.00698e-06)
(-10 -1.29434e-07 2.73937e-06)
(-10 1.33692e-07 2.98982e-06)
(-10 4.80887e-07 2.99508e-06)
(-10 8.89146e-07 2.67437e-06)
(-10 1.3867e-06 2.31228e-06)
(-10 1.93115e-06 1.25698e-06)
(-10 1.87369e-06 1.93842e-06)
(-10 1.93115e-06 1.25698e-06)
(-10 2.29593e-06 9.3497e-07)
(-10 2.53051e-06 6.30406e-07)
(-10 3.15269e-06 4.90999e-07)
(-10 3.3681e-06 4.58394e-07)
(-10 3.41661e-06 2.64174e-07)
(-10 3.57418e-06 4.2413e-07)
(-10 3.71836e-06 4.00773e-07)
(-10 3.97498e-06 4.825e-07)
(-10 -6.00343e-08 7.65174e-07)
(-10 -4.69515e-08 1.844e-06)
(-10 1.01785e-07 2.36797e-06)
(-10 3.80104e-07 2.46394e-06)
(-10 7.26997e-07 2.33451e-06)
(-10 1.1247e-06 2.10538e-06)
(-10 1.5456e-06 1.89219e-06)
(-10 1.97406e-06 1.54655e-06)
(-10 2.42093e-06 1.29477e-06)
(-10 2.80734e-06 1.01599e-06)
(-10 3.15269e-06 4.90999e-07)
(-10 3.19288e-06 8.52302e-07)
(-10 3.15269e-06 4.90999e-07)
(-10 3.3681e-06 4.58394e-07)
(-10 3.41661e-06 2.64174e-07)
(-10 3.77062e-06 1.6829e-07)
(-10 3.88864e-06 1.4061e-07)
(-10 4.07816e-06 1.11682e-07)
(-10 1.81635e-09 3.2285e-07)
(-10 7.96863e-08 7.46685e-07)
(-10 2.64606e-07 9.23722e-07)
(-10 5.40734e-07 9.24124e-07)
(-10 8.85276e-07 8.47477e-07)
(-10 1.26481e-06 7.46637e-07)
(-10 1.66687e-06 6.53819e-07)
(-10 2.06989e-06 5.66139e-07)
(-10 2.47755e-06 4.7269e-07)
(-10 2.85815e-06 4.417e-07)
(-10 3.20025e-06 2.90518e-07)
(-10 3.52768e-06 2.71169e-07)
(-10 3.76551e-06 1.11289e-07)
(-10 3.77062e-06 1.6829e-07)
(-10 3.98585e-06 2.41611e-07)
)
;
    }
}


// ************************************************************************* //
