/*--------------------------------*- C++ -*----------------------------------*\
  =========                 |
  \\      /  F ield         | OpenFOAM: The Open Source CFD Toolbox
   \\    /   O peration     | Website:  https://openfoam.org
    \\  /    A nd           | Version:  10
     \\/     M anipulation  |
\*---------------------------------------------------------------------------*/
FoamFile
{
    format      ascii;
    class       volScalarField;
    location    "10";
    object      nut;
}
// * * * * * * * * * * * * * * * * * * * * * * * * * * * * * * * * * * * * * //

dimensions      [0 2 -1 0 0 0 0];

internalField   nonuniform List<scalar> 
2083
(
0.267915
0.267914
0.267914
0.267914
0.267914
0.267914
0.267914
0.267914
0.267914
0.267914
0.267914
0.267914
0.267915
0.267915
0.267904
0.267912
0.267911
0.26791
0.26791
0.26791
0.26791
0.26791
0.26791
0.26791
0.26791
0.26791
0.26791
0.26791
0.26791
0.267911
0.267911
0.2679
0.26791
0.26791
0.26791
0.26791
0.26791
0.26791
0.26791
0.26791
0.26791
0.26791
0.26791
0.26791
0.26791
0.26791
0.267911
0.267911
0.2679
0.26791
0.26791
0.26791
0.26791
0.26791
0.26791
0.26791
0.26791
0.26791
0.26791
0.26791
0.26791
0.26791
0.26791
0.267911
0.267911
0.2679
0.26791
0.26791
0.26791
0.26791
0.26791
0.26791
0.26791
0.26791
0.26791
0.26791
0.26791
0.26791
0.26791
0.26791
0.267911
0.267911
0.2679
0.26791
0.26791
0.26791
0.26791
0.26791
0.26791
0.26791
0.26791
0.26791
0.26791
0.26791
0.26791
0.26791
0.26791
0.267911
0.267911
0.2679
0.26791
0.26791
0.26791
0.26791
0.26791
0.26791
0.26791
0.26791
0.26791
0.26791
0.26791
0.26791
0.26791
0.26791
0.267911
0.267911
0.2679
0.26791
0.26791
0.26791
0.26791
0.26791
0.26791
0.26791
0.26791
0.26791
0.26791
0.26791
0.26791
0.26791
0.26791
0.267911
0.267911
0.2679
0.26791
0.26791
0.26791
0.26791
0.26791
0.26791
0.26791
0.26791
0.26791
0.26791
0.26791
0.26791
0.26791
0.26791
0.267911
0.267911
0.2679
0.26791
0.26791
0.26791
0.26791
0.26791
0.26791
0.26791
0.26791
0.26791
0.26791
0.26791
0.26791
0.26791
0.26791
0.267911
0.267911
0.2679
0.26791
0.26791
0.26791
0.26791
0.26791
0.26791
0.26791
0.26791
0.26791
0.26791
0.26791
0.26791
0.26791
0.26791
0.267911
0.267911
0.2679
0.26791
0.26791
0.26791
0.26791
0.26791
0.26791
0.26791
0.26791
0.26791
0.26791
0.26791
0.26791
0.26791
0.26791
0.267911
0.267911
0.2679
0.26791
0.26791
0.26791
0.26791
0.26791
0.26791
0.26791
0.26791
0.26791
0.26791
0.26791
0.26791
0.26791
0.26791
0.267911
0.267911
0.2679
0.26791
0.26791
0.26791
0.26791
0.26791
0.26791
0.26791
0.26791
0.26791
0.26791
0.26791
0.26791
0.26791
0.26791
0.267911
0.267911
0.2679
0.26791
0.26791
0.26791
0.26791
0.26791
0.26791
0.26791
0.26791
0.26791
0.26791
0.26791
0.26791
0.26791
0.26791
0.267911
0.267911
0.2679
0.26791
0.26791
0.26791
0.26791
0.26791
0.26791
0.26791
0.26791
0.26791
0.26791
0.26791
0.26791
0.26791
0.26791
0.267911
0.267911
0.2679
0.26791
0.26791
0.26791
0.26791
0.26791
0.26791
0.26791
0.26791
0.26791
0.26791
0.26791
0.26791
0.26791
0.26791
0.267911
0.267911
0.2679
0.26791
0.26791
0.26791
0.26791
0.26791
0.26791
0.26791
0.26791
0.26791
0.26791
0.26791
0.26791
0.26791
0.26791
0.267911
0.267911
0.2679
0.26791
0.26791
0.26791
0.26791
0.26791
0.26791
0.26791
0.26791
0.26791
0.26791
0.26791
0.26791
0.26791
0.26791
0.267911
0.267911
0.2679
0.26791
0.26791
0.26791
0.26791
0.26791
0.26791
0.26791
0.26791
0.26791
0.26791
0.26791
0.26791
0.26791
0.26791
0.267911
0.267911
0.2679
0.26791
0.26791
0.26791
0.26791
0.26791
0.26791
0.26791
0.26791
0.26791
0.26791
0.26791
0.26791
0.26791
0.26791
0.267911
0.267911
0.2679
0.26791
0.26791
0.26791
0.26791
0.26791
0.26791
0.26791
0.26791
0.26791
0.26791
0.26791
0.26791
0.26791
0.26791
0.267911
0.267911
0.2679
0.26791
0.26791
0.26791
0.26791
0.26791
0.26791
0.26791
0.26791
0.26791
0.26791
0.26791
0.26791
0.26791
0.26791
0.267911
0.267911
0.2679
0.26791
0.26791
0.26791
0.26791
0.26791
0.26791
0.26791
0.26791
0.26791
0.26791
0.26791
0.26791
0.26791
0.26791
0.267911
0.267911
0.26788
0.26789
0.26789
0.26789
0.26789
0.26789
0.26789
0.26789
0.26789
0.26789
0.26789
0.26789
0.26789
0.26789
0.26789
0.267892
0.267892
0.134697
0.134697
0.134697
0.134697
0.134697
0.134697
0.134697
0.134697
0.134697
0.134697
0.134697
0.134695
0.134697
0.134697
0.134697
0.134697
0.134696
0.134696
0.134696
0.134696
0.134696
0.134696
0.134696
0.134696
0.134696
0.134696
0.134696
0.134696
0.134695
0.134696
0.134696
0.134696
0.134696
0.134696
0.134696
0.134696
0.134696
0.134696
0.134696
0.134696
0.134696
0.134696
0.134696
0.134696
0.134696
0.134695
0.134696
0.134696
0.134696
0.134696
0.134696
0.134696
0.134696
0.134696
0.134696
0.134696
0.134696
0.134696
0.134696
0.134696
0.134696
0.134696
0.134695
0.134696
0.134696
0.134696
0.134696
0.134696
0.134696
0.134696
0.134696
0.134696
0.134696
0.134696
0.134696
0.134696
0.134696
0.134696
0.134696
0.134695
0.134696
0.134696
0.134696
0.134696
0.134696
0.134696
0.134696
0.134696
0.134696
0.134696
0.134696
0.134696
0.134696
0.134696
0.134696
0.134696
0.134695
0.134696
0.134696
0.134696
0.134696
0.134696
0.134696
0.134696
0.134696
0.134696
0.134696
0.134696
0.134696
0.134696
0.134696
0.134696
0.134696
0.134695
0.134696
0.134696
0.134696
0.134696
0.134696
0.134696
0.134696
0.134696
0.134696
0.134696
0.134696
0.134696
0.134696
0.134696
0.134696
0.134696
0.134695
0.134696
0.134696
0.134696
0.134696
0.134696
0.134696
0.134696
0.134696
0.134696
0.134696
0.134696
0.134696
0.134696
0.134696
0.134696
0.134696
0.134695
0.134696
0.134696
0.134696
0.134696
0.134696
0.134696
0.134696
0.134696
0.134696
0.134696
0.134696
0.134696
0.134696
0.134696
0.134696
0.134696
0.134695
0.134696
0.134696
0.134696
0.134696
0.134696
0.134696
0.134696
0.134696
0.134696
0.134696
0.134696
0.134696
0.134696
0.134696
0.134696
0.134696
0.134695
0.134696
0.134696
0.134696
0.134696
0.134696
0.134696
0.134696
0.134696
0.134696
0.134696
0.134696
0.134696
0.134696
0.134696
0.134696
0.134696
0.134695
0.134696
0.134696
0.134696
0.134696
0.134696
0.134696
0.134696
0.134696
0.134696
0.134696
0.134696
0.134696
0.134696
0.134696
0.134696
0.134696
0.134695
0.134696
0.134696
0.134696
0.134696
0.134696
0.134696
0.134696
0.134696
0.134696
0.134696
0.134696
0.134696
0.134696
0.134696
0.134696
0.134696
0.134695
0.134696
0.134696
0.134696
0.134696
0.134696
0.134696
0.134696
0.134696
0.134696
0.134696
0.134696
0.134696
0.134696
0.134696
0.134696
0.134696
0.134695
0.134696
0.134696
0.134696
0.134696
0.134696
0.134696
0.134696
0.134696
0.134696
0.134696
0.134696
0.134696
0.134696
0.134696
0.134696
0.134696
0.134695
0.134696
0.134696
0.134696
0.134696
0.134696
0.134696
0.134696
0.134696
0.134696
0.134696
0.134696
0.134696
0.134696
0.134696
0.134696
0.134696
0.134695
0.134696
0.134696
0.134696
0.134696
0.134696
0.134696
0.134696
0.134696
0.134696
0.134696
0.134696
0.134696
0.134696
0.134696
0.134696
0.134696
0.134695
0.134696
0.134696
0.134696
0.134696
0.134696
0.134696
0.134696
0.134696
0.134696
0.134696
0.134696
0.134696
0.134696
0.134696
0.134696
0.134696
0.134695
0.134696
0.134696
0.134696
0.134696
0.134696
0.134696
0.134696
0.134696
0.134696
0.134696
0.134696
0.134696
0.134696
0.134696
0.134696
0.134696
0.134695
0.134696
0.134696
0.134696
0.134696
0.134696
0.134696
0.134696
0.134696
0.134696
0.134696
0.134696
0.134696
0.134696
0.134696
0.134696
0.134696
0.134695
0.134696
0.134696
0.134696
0.134696
0.134696
0.134696
0.134696
0.134696
0.134696
0.134696
0.134696
0.134696
0.134696
0.134696
0.134696
0.134696
0.134695
0.134696
0.134696
0.134696
0.134696
0.134696
0.134696
0.134696
0.134696
0.134696
0.134696
0.134696
0.134696
0.134696
0.134696
0.134696
0.134696
0.134695
0.134696
0.134696
0.134696
0.134696
0.134696
0.134696
0.134696
0.134696
0.134696
0.134696
0.134696
0.134696
0.134696
0.134696
0.134696
0.134696
0.134692
0.134694
0.134694
0.134694
0.134694
0.134694
0.134694
0.134694
0.134694
0.134694
0.134694
0.134694
0.134694
0.134694
0.134694
0.134694
0.134694
0.134626
0.134626
0.134626
0.134626
0.134626
0.134626
0.134626
0.134626
0.134626
0.134624
0.134626
0.134626
0.134626
0.134626
0.134626
0.134626
0.134626
0.134625
0.134625
0.134625
0.134625
0.134625
0.134625
0.134625
0.134626
0.134626
0.134624
0.134625
0.134625
0.134625
0.134625
0.134625
0.134625
0.134625
0.134625
0.134625
0.134625
0.134625
0.134625
0.134625
0.134625
0.134626
0.134626
0.134624
0.134625
0.134625
0.134625
0.134625
0.134625
0.134625
0.134625
0.134625
0.134625
0.134625
0.134625
0.134625
0.134625
0.134625
0.134626
0.134626
0.134624
0.134625
0.134625
0.134625
0.134625
0.134625
0.134625
0.134625
0.134625
0.134625
0.134625
0.134625
0.134625
0.134625
0.134625
0.134626
0.134626
0.134624
0.134625
0.134625
0.134625
0.134625
0.134625
0.134625
0.134625
0.134625
0.134625
0.134625
0.134625
0.134625
0.134625
0.134625
0.134626
0.134626
0.134624
0.134625
0.134625
0.134625
0.134625
0.134625
0.134625
0.134625
0.134625
0.134625
0.134625
0.134625
0.134625
0.134625
0.134625
0.134626
0.134626
0.134624
0.134625
0.134625
0.134625
0.134625
0.134625
0.134625
0.134625
0.134625
0.134625
0.134625
0.134625
0.134625
0.134625
0.134625
0.134626
0.134626
0.134624
0.134625
0.134625
0.134625
0.134625
0.134625
0.134625
0.134625
0.134625
0.134625
0.134625
0.134625
0.134625
0.134625
0.134625
0.134626
0.134626
0.134624
0.134625
0.134625
0.134625
0.134625
0.134625
0.134625
0.134625
0.134625
0.134625
0.134625
0.134625
0.134625
0.134625
0.134625
0.134626
0.134626
0.134624
0.134625
0.134625
0.134625
0.134625
0.134625
0.134625
0.134625
0.134625
0.134625
0.134625
0.134625
0.134625
0.134625
0.134625
0.134626
0.134626
0.134624
0.134625
0.134625
0.134625
0.134625
0.134625
0.134625
0.134625
0.134625
0.134625
0.134625
0.134625
0.134625
0.134625
0.134625
0.134626
0.134626
0.134624
0.134625
0.134625
0.134625
0.134625
0.134625
0.134625
0.134625
0.134625
0.134625
0.134625
0.134625
0.134625
0.134625
0.134625
0.134626
0.134626
0.134624
0.134625
0.134625
0.134625
0.134625
0.134625
0.134625
0.134625
0.134625
0.134625
0.134625
0.134625
0.134625
0.134625
0.134625
0.134626
0.134626
0.134624
0.134625
0.134625
0.134625
0.134625
0.134625
0.134625
0.134625
0.134625
0.134625
0.134625
0.134625
0.134625
0.134625
0.134625
0.134626
0.134626
0.134624
0.134625
0.134625
0.134625
0.134625
0.134625
0.134625
0.134625
0.134625
0.134625
0.134625
0.134625
0.134625
0.134625
0.134625
0.134626
0.134626
0.134624
0.134625
0.134625
0.134625
0.134625
0.134625
0.134625
0.134625
0.134625
0.134625
0.134625
0.134625
0.134625
0.134625
0.134625
0.134626
0.134626
0.134624
0.134625
0.134625
0.134625
0.134625
0.134625
0.134625
0.134625
0.134625
0.134625
0.134625
0.134625
0.134625
0.134625
0.134625
0.134626
0.134626
0.134624
0.134625
0.134625
0.134625
0.134625
0.134625
0.134625
0.134625
0.134625
0.134625
0.134625
0.134625
0.134625
0.134625
0.134625
0.134626
0.134626
0.134624
0.134625
0.134625
0.134625
0.134625
0.134625
0.134625
0.134625
0.134625
0.134625
0.134625
0.134625
0.134625
0.134625
0.134625
0.134626
0.134626
0.134624
0.134625
0.134625
0.134625
0.134625
0.134625
0.134625
0.134625
0.134625
0.134625
0.134625
0.134625
0.134625
0.134625
0.134625
0.134626
0.134626
0.134624
0.134625
0.134625
0.134625
0.134625
0.134625
0.134625
0.134625
0.134625
0.134625
0.134625
0.134625
0.134625
0.134625
0.134625
0.134626
0.134626
0.134624
0.134625
0.134625
0.134625
0.134625
0.134625
0.134625
0.134625
0.134625
0.134625
0.134625
0.134625
0.134625
0.134625
0.134625
0.134626
0.134626
0.134624
0.134625
0.134625
0.134625
0.134625
0.134625
0.134625
0.134625
0.134625
0.134625
0.134625
0.134625
0.134625
0.134625
0.134625
0.134626
0.134626
0.134621
0.134623
0.134623
0.134623
0.134623
0.134623
0.134623
0.134623
0.134623
0.134623
0.134623
0.134623
0.134623
0.134623
0.134623
0.134623
0.134623
0.134613
0.134613
0.134613
0.134613
0.134613
0.134613
0.134611
0.134613
0.134613
0.134613
0.134613
0.134613
0.134613
0.134613
0.134613
0.134613
0.134612
0.134612
0.134612
0.134612
0.134612
0.134612
0.134612
0.134611
0.134612
0.134612
0.134612
0.134612
0.134612
0.134612
0.134612
0.134612
0.134612
0.134612
0.134612
0.134612
0.134612
0.134612
0.134612
0.134612
0.134611
0.134612
0.134612
0.134612
0.134612
0.134612
0.134612
0.134612
0.134612
0.134612
0.134612
0.134612
0.134612
0.134612
0.134612
0.134612
0.134612
0.134611
0.134612
0.134612
0.134612
0.134612
0.134612
0.134612
0.134612
0.134612
0.134612
0.134612
0.134612
0.134612
0.134612
0.134612
0.134612
0.134612
0.134611
0.134612
0.134612
0.134612
0.134612
0.134612
0.134612
0.134612
0.134612
0.134612
0.134612
0.134612
0.134612
0.134612
0.134612
0.134612
0.134612
0.134611
0.134612
0.134612
0.134612
0.134612
0.134612
0.134612
0.134612
0.134612
0.134612
0.134612
0.134612
0.134612
0.134612
0.134612
0.134612
0.134612
0.134611
0.134612
0.134612
0.134612
0.134612
0.134612
0.134612
0.134612
0.134612
0.134612
0.134612
0.134612
0.134612
0.134612
0.134612
0.134612
0.134612
0.134611
0.134612
0.134612
0.134612
0.134612
0.134612
0.134612
0.134612
0.134612
0.134612
0.134612
0.134612
0.134612
0.134612
0.134612
0.134612
0.134612
0.134611
0.134612
0.134612
0.134612
0.134612
0.134612
0.134612
0.134612
0.134612
0.134612
0.134612
0.134612
0.134612
0.134612
0.134612
0.134612
0.134612
0.134611
0.134612
0.134612
0.134612
0.134612
0.134612
0.134612
0.134612
0.134612
0.134612
0.134612
0.134612
0.134612
0.134612
0.134612
0.134612
0.134612
0.134611
0.134612
0.134612
0.134612
0.134612
0.134612
0.134612
0.134612
0.134612
0.134612
0.134612
0.134612
0.134612
0.134612
0.134612
0.134612
0.134612
0.134611
0.134612
0.134612
0.134612
0.134612
0.134612
0.134612
0.134612
0.134612
0.134612
0.134612
0.134612
0.134612
0.134612
0.134612
0.134612
0.134612
0.134611
0.134612
0.134612
0.134612
0.134612
0.134612
0.134612
0.134612
0.134612
0.134612
0.134612
0.134612
0.134612
0.134612
0.134612
0.134612
0.134612
0.134611
0.134612
0.134612
0.134612
0.134612
0.134612
0.134612
0.134612
0.134612
0.134612
0.134612
0.134612
0.134612
0.134612
0.134612
0.134612
0.134612
0.134611
0.134612
0.134612
0.134612
0.134612
0.134612
0.134612
0.134612
0.134612
0.134612
0.134612
0.134612
0.134612
0.134612
0.134612
0.134612
0.134612
0.134611
0.134612
0.134612
0.134612
0.134612
0.134612
0.134612
0.134612
0.134612
0.134612
0.134612
0.134612
0.134612
0.134612
0.134612
0.134612
0.134612
0.134611
0.134612
0.134612
0.134612
0.134612
0.134612
0.134612
0.134612
0.134612
0.134612
0.134612
0.134612
0.134612
0.134612
0.134612
0.134612
0.134612
0.134611
0.134612
0.134612
0.134612
0.134612
0.134612
0.134612
0.134612
0.134612
0.134612
0.134612
0.134612
0.134612
0.134612
0.134612
0.134612
0.134612
0.134611
0.134612
0.134612
0.134612
0.134612
0.134612
0.134612
0.134612
0.134612
0.134612
0.134612
0.134612
0.134612
0.134612
0.134612
0.134612
0.134612
0.134611
0.134612
0.134612
0.134612
0.134612
0.134612
0.134612
0.134612
0.134612
0.134612
0.134612
0.134612
0.134612
0.134612
0.134612
0.134612
0.134612
0.134611
0.134612
0.134612
0.134612
0.134612
0.134612
0.134612
0.134612
0.134612
0.134612
0.134612
0.134612
0.134612
0.134612
0.134612
0.134612
0.134612
0.134611
0.134612
0.134612
0.134612
0.134612
0.134612
0.134612
0.134612
0.134612
0.134612
0.134612
0.134612
0.134612
0.134612
0.134612
0.134612
0.134612
0.134611
0.134612
0.134612
0.134612
0.134612
0.134612
0.134612
0.134612
0.134612
0.134612
0.134612
0.134612
0.134612
0.134612
0.134612
0.134612
0.134612
0.134608
0.134609
0.134609
0.134609
0.134609
0.134609
0.134609
0.134609
0.134609
0.134609
0.134609
0.134609
0.134609
0.134609
0.134609
0.13461
0.13461
0.134059
0.134059
0.134059
0.134055
0.134059
0.134059
0.134059
0.134059
0.134059
0.134059
0.134059
0.134059
0.134059
0.134059
0.134059
0.134058
0.134058
0.134057
0.134058
0.134058
0.134053
0.134057
0.134057
0.134057
0.134057
0.134057
0.134057
0.134057
0.134057
0.134057
0.134057
0.134057
0.134057
0.134057
0.134057
0.134058
0.134058
0.134053
0.134057
0.134057
0.134057
0.134057
0.134057
0.134057
0.134057
0.134057
0.134057
0.134057
0.134057
0.134057
0.134057
0.134057
0.134058
0.134058
0.134053
0.134057
0.134057
0.134057
0.134057
0.134057
0.134057
0.134057
0.134057
0.134057
0.134057
0.134057
0.134057
0.134057
0.134057
0.134058
0.134058
0.134053
0.134057
0.134057
0.134057
0.134057
0.134057
0.134057
0.134057
0.134057
0.134057
0.134057
0.134057
0.134057
0.134057
0.134057
0.134058
0.134058
0.134053
0.134057
0.134057
0.134057
0.134057
0.134057
0.134057
0.134057
0.134057
0.134057
0.134057
0.134057
0.134057
0.134057
0.134057
0.134058
0.134058
0.134053
0.134057
0.134057
0.134057
0.134057
0.134057
0.134057
0.134057
0.134057
0.134057
0.134057
0.134057
0.134057
0.134057
0.134057
0.134058
0.134058
0.134053
0.134057
0.134057
0.134057
0.134057
0.134057
0.134057
0.134057
0.134057
0.134057
0.134057
0.134057
0.134057
0.134057
0.134057
0.134058
0.134058
0.134053
0.134057
0.134057
0.134057
0.134057
0.134057
0.134057
0.134057
0.134057
0.134057
0.134057
0.134057
0.134057
0.134057
0.134057
0.134058
0.134058
0.134053
0.134057
0.134057
0.134057
0.134057
0.134057
0.134057
0.134057
0.134057
0.134057
0.134057
0.134057
0.134057
0.134057
0.134057
0.134058
0.134058
0.134053
0.134057
0.134057
0.134057
0.134057
0.134057
0.134057
0.134057
0.134057
0.134057
0.134057
0.134057
0.134057
0.134057
0.134057
0.134058
0.134058
0.134053
0.134057
0.134057
0.134057
0.134057
0.134057
0.134057
0.134057
0.134057
0.134057
0.134057
0.134057
0.134057
0.134057
0.134057
0.134058
0.134058
0.134053
0.134057
0.134057
0.134057
0.134057
0.134057
0.134057
0.134057
0.134057
0.134057
0.134057
0.134057
0.134057
0.134057
0.134057
0.134058
0.134058
0.134053
0.134057
0.134057
0.134057
0.134057
0.134057
0.134057
0.134057
0.134057
0.134057
0.134057
0.134057
0.134057
0.134057
0.134057
0.134058
0.134058
0.134053
0.134057
0.134057
0.134057
0.134057
0.134057
0.134057
0.134057
0.134057
0.134057
0.134057
0.134057
0.134057
0.134057
0.134057
0.134058
0.134058
0.134053
0.134057
0.134057
0.134057
0.134057
0.134057
0.134057
0.134057
0.134057
0.134057
0.134057
0.134057
0.134057
0.134057
0.134057
0.134058
0.134058
0.134053
0.134057
0.134057
0.134057
0.134057
0.134057
0.134057
0.134057
0.134057
0.134057
0.134057
0.134057
0.134057
0.134057
0.134057
0.134058
0.134058
0.134053
0.134057
0.134057
0.134057
0.134057
0.134057
0.134057
0.134057
0.134057
0.134057
0.134057
0.134057
0.134057
0.134057
0.134057
0.134058
0.134058
0.134053
0.134057
0.134057
0.134057
0.134057
0.134057
0.134057
0.134057
0.134057
0.134057
0.134057
0.134057
0.134057
0.134057
0.134057
0.134058
0.134058
0.134053
0.134057
0.134057
0.134057
0.134057
0.134057
0.134057
0.134057
0.134057
0.134057
0.134057
0.134057
0.134057
0.134057
0.134057
0.134058
0.134058
0.134053
0.134057
0.134057
0.134057
0.134057
0.134057
0.134057
0.134057
0.134057
0.134057
0.134057
0.134057
0.134057
0.134057
0.134057
0.134058
0.134058
0.134053
0.134057
0.134057
0.134057
0.134057
0.134057
0.134057
0.134057
0.134057
0.134057
0.134057
0.134057
0.134057
0.134057
0.134057
0.134058
0.134058
0.134053
0.134057
0.134057
0.134057
0.134057
0.134057
0.134057
0.134057
0.134057
0.134057
0.134057
0.134057
0.134057
0.134057
0.134057
0.134058
0.134058
0.134045
0.134049
0.134049
0.134049
0.134049
0.134049
0.134049
0.134049
0.134049
0.134049
0.134049
0.134049
0.134049
0.134049
0.134049
0.13405
0.13405
)
;

boundaryField
{
    frontAndBack
    {
        type            calculated;
        value           nonuniform List<scalar> 
85
(
0.26788
0.134692
0.134621
0.134608
0.134045
0.26789
0.134694
0.134623
0.134609
0.134049
0.26789
0.134694
0.134623
0.134609
0.134049
0.26789
0.134694
0.134623
0.134609
0.134049
0.26789
0.134694
0.134623
0.134609
0.134049
0.26789
0.134694
0.134623
0.134609
0.134049
0.26789
0.134694
0.134623
0.134609
0.134049
0.26789
0.134694
0.134623
0.134609
0.134049
0.26789
0.134694
0.134623
0.134609
0.134049
0.26789
0.134694
0.134623
0.134609
0.134049
0.26789
0.134694
0.134623
0.134609
0.134049
0.26789
0.134694
0.134623
0.134609
0.134049
0.26789
0.134694
0.134623
0.134609
0.134049
0.26789
0.134694
0.134623
0.134609
0.134049
0.26789
0.134694
0.134623
0.134609
0.134049
0.267892
0.134694
0.134623
0.13461
0.13405
0.267892
0.134694
0.134623
0.13461
0.13405
)
;
    }
    inlet
    {
        type            calculated;
        value           nonuniform List<scalar> 0();
    }
    outlet
    {
        type            calculated;
        value           nonuniform List<scalar> 
120
(
0.267904
0.2679
0.2679
0.2679
0.2679
0.2679
0.2679
0.2679
0.2679
0.2679
0.2679
0.2679
0.2679
0.2679
0.2679
0.2679
0.2679
0.2679
0.2679
0.2679
0.2679
0.2679
0.2679
0.26788
0.134695
0.134695
0.134695
0.134695
0.134695
0.134695
0.134695
0.134695
0.134695
0.134695
0.134695
0.134695
0.134695
0.134695
0.134695
0.134695
0.134695
0.134695
0.134695
0.134695
0.134695
0.134695
0.134695
0.134692
0.134624
0.134624
0.134624
0.134624
0.134624
0.134624
0.134624
0.134624
0.134624
0.134624
0.134624
0.134624
0.134624
0.134624
0.134624
0.134624
0.134624
0.134624
0.134624
0.134624
0.134624
0.134624
0.134624
0.134621
0.134611
0.134611
0.134611
0.134611
0.134611
0.134611
0.134611
0.134611
0.134611
0.134611
0.134611
0.134611
0.134611
0.134611
0.134611
0.134611
0.134611
0.134611
0.134611
0.134611
0.134611
0.134611
0.134611
0.134608
0.134055
0.134053
0.134053
0.134053
0.134053
0.134053
0.134053
0.134053
0.134053
0.134053
0.134053
0.134053
0.134053
0.134053
0.134053
0.134053
0.134053
0.134053
0.134053
0.134053
0.134053
0.134053
0.134053
0.134045
)
;
    }
    lowerWall
    {
        type            nutkWallFunction;
        Cmu             0.09;
        kappa           0.41;
        E               9.8;
        value           nonuniform List<scalar> 
422
(
0.0209018
0.0209016
0.0209016
0.0209016
0.0209016
0.0209016
0.0209016
0.0209016
0.0209016
0.0209016
0.0209016
0.0209016
0.0209016
0.0209016
0.0209016
0.0209016
0.0209016
0.0209016
0.0209016
0.0209016
0.0209016
0.0209016
0.0209016
0.020901
0.0209021
0.020902
0.020902
0.020902
0.020902
0.020902
0.020902
0.020902
0.020902
0.020902
0.020902
0.020902
0.020902
0.020902
0.020902
0.020902
0.020902
0.020902
0.020902
0.020902
0.020902
0.020902
0.020902
0.0209013
0.0209021
0.020902
0.020902
0.020902
0.020902
0.020902
0.020902
0.020902
0.020902
0.020902
0.020902
0.020902
0.020902
0.020902
0.020902
0.020902
0.020902
0.020902
0.020902
0.020902
0.020902
0.020902
0.020902
0.0209013
0.0209022
0.020902
0.020902
0.020902
0.020902
0.020902
0.020902
0.020902
0.020902
0.020902
0.020902
0.020902
0.020902
0.020902
0.020902
0.020902
0.020902
0.020902
0.020902
0.020902
0.020902
0.020902
0.020902
0.020902
0.0209013
0.0209021
0.020902
0.020902
0.020902
0.020902
0.020902
0.020902
0.020902
0.020902
0.020902
0.020902
0.020902
0.020902
0.020902
0.020902
0.020902
0.020902
0.020902
0.020902
0.020902
0.020902
0.020902
0.020902
0.020902
0.0209013
0.0209021
0.020902
0.020902
0.020902
0.020902
0.020902
0.020902
0.020902
0.020902
0.020902
0.020902
0.020902
0.020902
0.020902
0.020902
0.020902
0.020902
0.020902
0.020902
0.020902
0.020902
0.020902
0.020902
0.020902
0.0209013
0.0209021
0.020902
0.020902
0.020902
0.020902
0.020902
0.020902
0.020902
0.020902
0.020902
0.020902
0.020902
0.020902
0.020902
0.020902
0.020902
0.020902
0.020902
0.020902
0.020902
0.020902
0.020902
0.020902
0.020902
0.0209013
0.0209021
0.020902
0.020902
0.020902
0.020902
0.020902
0.020902
0.020902
0.020902
0.020902
0.020902
0.020902
0.020902
0.020902
0.020902
0.020902
0.020902
0.020902
0.020902
0.020902
0.020902
0.020902
0.020902
0.020902
0.0209013
0.0209021
0.020902
0.020902
0.020902
0.020902
0.020902
0.020902
0.020902
0.020902
0.020902
0.020902
0.020902
0.020902
0.020902
0.020902
0.020902
0.020902
0.020902
0.020902
0.020902
0.020902
0.020902
0.020902
0.020902
0.0209013
0.0209021
0.020902
0.020902
0.020902
0.020902
0.020902
0.020902
0.020902
0.020902
0.020902
0.020902
0.020902
0.020902
0.020902
0.020902
0.020902
0.020902
0.020902
0.020902
0.020902
0.020902
0.020902
0.020902
0.020902
0.0209013
0.0209021
0.020902
0.020902
0.020902
0.020902
0.020902
0.020902
0.020902
0.020902
0.020902
0.020902
0.020902
0.020902
0.020902
0.020902
0.020902
0.020902
0.020902
0.020902
0.020902
0.020902
0.020902
0.020902
0.020902
0.0209013
0.0209021
0.020902
0.020902
0.020902
0.020902
0.020902
0.020902
0.020902
0.020902
0.020902
0.020902
0.020902
0.020902
0.020902
0.020902
0.020902
0.020902
0.020902
0.020902
0.020902
0.020902
0.020902
0.020902
0.020902
0.0209013
0.0209021
0.020902
0.020902
0.020902
0.020902
0.020902
0.020902
0.020902
0.020902
0.020902
0.020902
0.020902
0.020902
0.020902
0.020902
0.020902
0.020902
0.020902
0.020902
0.020902
0.020902
0.020902
0.020902
0.020902
0.0209013
0.0209021
0.020902
0.020902
0.020902
0.020902
0.020902
0.020902
0.020902
0.020902
0.020902
0.020902
0.020902
0.020902
0.020902
0.020902
0.020902
0.020902
0.020902
0.020902
0.020902
0.020902
0.020902
0.020902
0.020902
0.0209013
0.0209021
0.020902
0.020902
0.020902
0.020902
0.020902
0.020902
0.020902
0.020902
0.020902
0.020902
0.020902
0.020902
0.020902
0.020902
0.020902
0.020902
0.020902
0.020902
0.020902
0.020902
0.020902
0.020902
0.020902
0.0209013
0.0209022
0.020902
0.020902
0.020902
0.020902
0.020902
0.020902
0.020902
0.020902
0.020902
0.020902
0.020902
0.020902
0.020902
0.020902
0.020902
0.020902
0.020902
0.020902
0.020902
0.020902
0.020902
0.020902
0.020902
0.0209014
0.0209022
0.0209021
0.0209021
0.0209021
0.0209021
0.0209021
0.0209021
0.0209021
0.0209021
0.0209021
0.0209021
0.0209021
0.0209021
0.0209021
0.0209021
0.0209021
0.0209021
0.0209021
0.0209021
0.0209021
0.0209021
0.0209021
0.0209021
0.020902
0.0209014
)
;
    }
    upperWall
    {
        type            calculated;
        value           nonuniform List<scalar> 
411
(
0.134055
0.134053
0.134053
0.134053
0.134053
0.134053
0.134053
0.134053
0.134053
0.134053
0.134053
0.134053
0.134053
0.134053
0.134053
0.134053
0.134053
0.134053
0.134053
0.134053
0.134053
0.134053
0.134053
0.134045
0.134059
0.134057
0.134057
0.134057
0.134057
0.134057
0.134057
0.134057
0.134057
0.134057
0.134057
0.134057
0.134057
0.134057
0.134057
0.134057
0.134057
0.134057
0.134057
0.134057
0.134057
0.134057
0.134057
0.134049
0.134059
0.134057
0.134057
0.134057
0.134057
0.134057
0.134057
0.134057
0.134057
0.134057
0.134057
0.134057
0.134057
0.134057
0.134057
0.134057
0.134057
0.134057
0.134057
0.134057
0.134057
0.134057
0.134057
0.134049
0.134059
0.134057
0.134057
0.134057
0.134057
0.134057
0.134057
0.134057
0.134057
0.134057
0.134057
0.134057
0.134057
0.134057
0.134057
0.134057
0.134057
0.134057
0.134057
0.134057
0.134057
0.134057
0.134057
0.134049
0.134059
0.134057
0.134057
0.134057
0.134057
0.134057
0.134057
0.134057
0.134057
0.134057
0.134057
0.134057
0.134057
0.134057
0.134057
0.134057
0.134057
0.134057
0.134057
0.134057
0.134057
0.134057
0.134057
0.134049
0.134059
0.134057
0.134057
0.134057
0.134057
0.134057
0.134057
0.134057
0.134057
0.134057
0.134057
0.134057
0.134057
0.134057
0.134057
0.134057
0.134057
0.134057
0.134057
0.134057
0.134057
0.134057
0.134057
0.134049
0.134059
0.134057
0.134057
0.134057
0.134057
0.134057
0.134057
0.134057
0.134057
0.134057
0.134057
0.134057
0.134057
0.134057
0.134057
0.134057
0.134057
0.134057
0.134057
0.134057
0.134057
0.134057
0.134057
0.134049
0.134059
0.134057
0.134057
0.134057
0.134057
0.134057
0.134057
0.134057
0.134057
0.134057
0.134057
0.134057
0.134057
0.134057
0.134057
0.134057
0.134057
0.134057
0.134057
0.134057
0.134057
0.134057
0.134057
0.134049
0.134059
0.134057
0.134057
0.134057
0.134057
0.134057
0.134057
0.134057
0.134057
0.134057
0.134057
0.134057
0.134057
0.134057
0.134057
0.134057
0.134057
0.134057
0.134057
0.134057
0.134057
0.134057
0.134057
0.134049
0.134059
0.134057
0.134057
0.134057
0.134057
0.134057
0.134057
0.134057
0.134057
0.134057
0.134057
0.134057
0.134057
0.134057
0.134057
0.134057
0.134057
0.134057
0.134057
0.134057
0.134057
0.134057
0.134057
0.134049
0.134059
0.134057
0.134057
0.134057
0.134057
0.134057
0.134057
0.134057
0.134057
0.134057
0.134057
0.134057
0.134057
0.134057
0.134057
0.134057
0.134057
0.134057
0.134057
0.134057
0.134057
0.134057
0.134057
0.134049
0.134059
0.134057
0.134057
0.134057
0.134057
0.134057
0.134057
0.134057
0.134057
0.134057
0.134057
0.134057
0.134057
0.134057
0.134057
0.134057
0.134057
0.134057
0.134057
0.134057
0.134057
0.134057
0.134057
0.134049
0.134058
0.134057
0.134057
0.134057
0.134057
0.134057
0.134057
0.134057
0.134057
0.134057
0.134057
0.134057
0.134057
0.134057
0.134057
0.134057
0.134057
0.134057
0.134057
0.134057
0.134057
0.134057
0.134057
0.134049
0.134058
0.134057
0.134057
0.134057
0.134057
0.134057
0.134057
0.134057
0.134057
0.134057
0.134057
0.134057
0.134057
0.134057
0.134057
0.134057
0.134057
0.134057
0.134057
0.134057
0.134057
0.134057
0.134057
0.134049
0.134059
0.134057
0.134057
0.134057
0.134057
0.134057
0.134057
0.134057
0.134057
0.134057
0.134057
0.134057
0.134057
0.134057
0.134057
0.134057
0.134057
0.134057
0.134057
0.134057
0.134057
0.134057
0.134057
0.134057
0.134049
0.134059
0.134058
0.134058
0.134058
0.134058
0.134058
0.134058
0.134058
0.134058
0.134058
0.134058
0.134058
0.134058
0.134058
0.134058
0.134058
0.134058
0.134058
0.134058
0.134058
0.134058
0.134058
0.134058
0.134058
0.13405
0.134059
0.134058
0.134058
0.134058
0.134058
0.134058
0.134058
0.134058
0.134058
0.134058
0.134058
0.134058
0.134058
0.134058
0.134058
0.134058
0.134058
0.134058
0.134058
0.134058
0.134058
0.134058
0.134058
0.134058
0.13405
)
;
    }
    procBoundary3to0
    {
        type            processor;
        value           nonuniform List<scalar> 
101
(
0.26791
0.26791
0.26791
0.26791
0.26791
0.26791
0.26791
0.26791
0.26791
0.26791
0.26791
0.26791
0.267911
0.267911
0.2679
0.267912
0.267914
0.267914
0.134698
0.134698
0.134697
0.134696
0.134696
0.134696
0.134696
0.134696
0.134696
0.134696
0.134696
0.134696
0.134696
0.134696
0.134695
0.134697
0.134697
0.134698
0.134698
0.134697
0.134697
0.134626
0.134626
0.134625
0.134625
0.134625
0.134625
0.134625
0.134625
0.134625
0.134626
0.134626
0.134624
0.134625
0.134625
0.134625
0.134625
0.134626
0.134626
0.134626
0.134626
0.134613
0.134613
0.134613
0.134612
0.134612
0.134612
0.134612
0.134612
0.134612
0.134611
0.134612
0.134612
0.134612
0.134612
0.134612
0.134612
0.134612
0.134613
0.134613
0.134613
0.134613
0.134058
0.134059
0.134059
0.134057
0.134058
0.134058
0.134053
0.134057
0.134057
0.134057
0.134057
0.134057
0.134057
0.134057
0.134057
0.134057
0.134058
0.134058
0.134059
0.134059
0.134059
)
;
    }
    procBoundary3to4
    {
        type            processor;
        value           nonuniform List<scalar> 
125
(
0.267915
0.267911
0.267911
0.267911
0.267911
0.267911
0.267911
0.267911
0.267911
0.267911
0.267911
0.267911
0.267911
0.267911
0.267911
0.267911
0.267911
0.267911
0.267911
0.267911
0.267911
0.267911
0.267911
0.267911
0.267892
0.134697
0.134696
0.134696
0.134696
0.134696
0.134696
0.134696
0.134696
0.134696
0.134696
0.134696
0.134696
0.134696
0.134696
0.134696
0.134696
0.134696
0.134696
0.134696
0.134696
0.134696
0.134696
0.134696
0.134696
0.134694
0.134626
0.134626
0.134626
0.134626
0.134626
0.134626
0.134626
0.134626
0.134626
0.134626
0.134626
0.134626
0.134626
0.134626
0.134626
0.134626
0.134626
0.134626
0.134626
0.134626
0.134626
0.134626
0.134626
0.134626
0.134623
0.134613
0.134612
0.134612
0.134612
0.134612
0.134612
0.134612
0.134612
0.134612
0.134612
0.134612
0.134612
0.134612
0.134612
0.134612
0.134612
0.134612
0.134612
0.134612
0.134612
0.134612
0.134612
0.134612
0.134612
0.13461
0.134059
0.134058
0.134058
0.134058
0.134058
0.134058
0.134058
0.134058
0.134058
0.134058
0.134058
0.134058
0.134058
0.134058
0.134058
0.134058
0.134058
0.134058
0.134058
0.134058
0.134058
0.134058
0.134058
0.134058
0.13405
)
;
    }
}


// ************************************************************************* //
