/*--------------------------------*- C++ -*----------------------------------*\
  =========                 |
  \\      /  F ield         | OpenFOAM: The Open Source CFD Toolbox
   \\    /   O peration     | Website:  https://openfoam.org
    \\  /    A nd           | Version:  10
     \\/     M anipulation  |
\*---------------------------------------------------------------------------*/
FoamFile
{
    format      ascii;
    class       volScalarField;
    location    "10";
    object      p;
}
// * * * * * * * * * * * * * * * * * * * * * * * * * * * * * * * * * * * * * //

dimensions      [0 2 -2 0 0 0 0];

internalField   nonuniform List<scalar> 
2083
(
6.35491e-06
9.22359e-06
1.21676e-05
1.50927e-05
1.78998e-05
2.0451e-05
2.27156e-05
2.47008e-05
2.64566e-05
2.79964e-05
2.93389e-05
3.05159e-05
3.15731e-05
3.25358e-05
1.32644e-07
1.36492e-06
3.50186e-06
6.25973e-06
9.40093e-06
1.27906e-05
1.62759e-05
1.96262e-05
2.26716e-05
2.53586e-05
2.77282e-05
2.98795e-05
3.18331e-05
3.36187e-05
3.52549e-05
3.67642e-05
3.82056e-05
9.49368e-08
1.30788e-06
3.56599e-06
6.57741e-06
1.01427e-05
1.41515e-05
1.84364e-05
2.25686e-05
2.62286e-05
2.93181e-05
3.20079e-05
3.45561e-05
3.6965e-05
3.92457e-05
4.13918e-05
4.34364e-05
4.53739e-05
1.30308e-07
1.45148e-06
3.9254e-06
7.31578e-06
1.14708e-05
1.6315e-05
2.13649e-05
2.60881e-05
3.03933e-05
3.41936e-05
3.74303e-05
4.03512e-05
4.32173e-05
4.60025e-05
4.86991e-05
5.12725e-05
5.37508e-05
2.27373e-07
1.79067e-06
4.61073e-06
8.496e-06
1.33204e-05
1.88978e-05
2.46279e-05
3.00211e-05
3.50194e-05
3.95629e-05
4.36057e-05
4.71505e-05
5.04602e-05
5.37641e-05
5.70133e-05
6.01538e-05
6.3163e-05
4.1057e-07
2.3543e-06
5.59411e-06
1.00485e-05
1.56865e-05
2.1986e-05
2.8274e-05
3.43244e-05
4.0033e-05
4.53286e-05
5.01844e-05
5.46242e-05
5.86317e-05
6.24697e-05
6.63188e-05
7.00191e-05
7.36075e-05
8.07283e-07
3.29012e-06
6.90884e-06
1.19284e-05
1.82617e-05
2.526e-05
3.22212e-05
3.90018e-05
4.54512e-05
5.1482e-05
5.71127e-05
6.23928e-05
6.73675e-05
7.21418e-05
7.67264e-05
8.10226e-05
8.51077e-05
8.74044e-07
4.06795e-06
8.55326e-06
1.41444e-05
2.11893e-05
2.89169e-05
3.66402e-05
4.42462e-05
5.14961e-05
5.82483e-05
6.46051e-05
7.0656e-05
7.6476e-05
8.2106e-05
8.75706e-05
9.28116e-05
9.77341e-05
1.06476e-06
4.66365e-06
9.94175e-06
1.66429e-05
2.45756e-05
3.30528e-05
4.15725e-05
5.02194e-05
5.8355e-05
6.57074e-05
7.27243e-05
7.9482e-05
8.60569e-05
9.24601e-05
9.87665e-05
0.000105012
0.000111043
1.435e-06
5.81956e-06
1.2061e-05
1.9945e-05
2.8832e-05
3.80072e-05
4.72588e-05
5.6497e-05
6.56408e-05
7.40764e-05
8.17443e-05
8.91579e-05
9.64409e-05
0.000103486
0.000110637
0.000117943
0.000125021
1.99058e-06
7.4711e-06
1.48407e-05
2.38553e-05
3.37568e-05
4.3799e-05
5.3833e-05
6.37615e-05
7.34976e-05
8.2965e-05
9.16638e-05
9.95862e-05
0.000107704
0.000115984
0.000124062
0.000132094
0.000139967
2.70125e-06
9.53915e-06
1.82326e-05
2.84656e-05
3.94427e-05
5.04674e-05
6.13951e-05
7.211e-05
8.25437e-05
9.26404e-05
0.000102262
0.000111455
0.000120534
0.000129553
0.000138447
0.000147202
0.00015585
3.54683e-06
1.19758e-05
2.21904e-05
3.37754e-05
4.59201e-05
5.80146e-05
6.99198e-05
8.15235e-05
9.27663e-05
0.000103639
0.00011413
0.000124297
0.000134252
0.000144052
0.000153694
0.000163199
0.000172531
4.49226e-06
1.46982e-05
2.66866e-05
3.975e-05
5.30814e-05
6.63583e-05
7.93579e-05
9.189e-05
0.000103966
0.000115653
0.000126971
0.000137969
0.000148717
0.000159262
0.000169624
0.000179783
0.000189783
5.50764e-06
1.75787e-05
3.1307e-05
4.59454e-05
6.07288e-05
7.53539e-05
8.95833e-05
0.000103051
0.000115881
0.000128352
0.00014044
0.00015219
0.000163656
0.000174883
0.000185889
0.000196689
0.00020726
6.53121e-06
2.04845e-05
3.59629e-05
5.22494e-05
6.8554e-05
8.48399e-05
0.000100704
0.00011492
0.00012814
0.000141411
0.000154213
0.000166631
0.000178739
0.00019058
0.000202174
0.000213518
0.000224643
7.56611e-06
2.3433e-05
4.06449e-05
5.85435e-05
7.64918e-05
9.41977e-05
0.000111069
0.000126978
0.00014119
0.000154536
0.000167957
0.000180966
0.000193641
0.000206022
0.000218127
0.000229983
0.000241568
8.60544e-06
2.64843e-05
4.54034e-05
6.46641e-05
8.40802e-05
0.000103044
0.000121011
0.000137939
0.000153828
0.000168017
0.000181342
0.000194839
0.000208021
0.000220878
0.000233443
0.000245711
0.000257717
9.56213e-06
2.92016e-05
4.97372e-05
7.03925e-05
9.11367e-05
0.000111219
0.000130216
0.000148135
0.000164961
0.000180691
0.000194569
0.000207821
0.000221512
0.000234791
0.000247742
0.000260399
0.000272744
1.03845e-05
3.15305e-05
5.3503e-05
7.56028e-05
9.75207e-05
0.000118524
0.000138468
0.000157301
0.000175032
0.000191736
0.0002064
0.000219946
0.000233823
0.000247429
0.000260713
0.000273684
0.000286355
1.10516e-05
3.34292e-05
5.65498e-05
7.98584e-05
0.000102796
0.0001247
0.000145508
0.00016516
0.000183655
0.000200976
0.000217022
0.000231047
0.000244488
0.000258469
0.000272038
0.0002853
0.000298282
1.15329e-05
3.48351e-05
5.88763e-05
8.31247e-05
0.000106916
0.000129639
0.000151198
0.000171606
0.000190768
0.000208747
0.000225525
0.000240003
0.000253557
0.000267707
0.000281464
0.000294928
0.000308134
1.18033e-05
3.56976e-05
6.04062e-05
8.53164e-05
0.000109771
0.000133142
0.000155349
0.000176362
0.000196108
0.000214588
0.000231902
0.000246932
0.000260695
0.000274793
0.000288664
0.00030226
0.000315585
1.19334e-05
3.61549e-05
6.12355e-05
8.65173e-05
0.000111393
0.000135157
0.000157819
0.000179211
0.000199379
0.000218188
0.000235726
0.000251844
0.000265824
0.000279224
0.000293268
0.000306929
0.000320335
1.19863e-05
3.63401e-05
6.15773e-05
8.70294e-05
0.00011206
0.00013604
0.000158857
0.000180485
0.000200829
0.000219864
0.000237583
0.000254063
0.000268114
0.000281363
0.0002954
0.0003091
0.000322553
1.57608e-05
1.84637e-05
2.09758e-05
2.32604e-05
2.5301e-05
2.71216e-05
2.87386e-05
3.01706e-05
3.14431e-05
3.25717e-05
3.3604e-05
4.8248e-07
2.16764e-06
4.54069e-06
7.35787e-06
1.04604e-05
1.37458e-05
1.70464e-05
2.0238e-05
2.32169e-05
2.59202e-05
2.83555e-05
3.05728e-05
3.25991e-05
3.44523e-05
3.61547e-05
3.77465e-05
3.92423e-05
4.73254e-07
2.19718e-06
4.72575e-06
7.82875e-06
1.13598e-05
1.5216e-05
1.91662e-05
2.29743e-05
2.65023e-05
2.96694e-05
3.25208e-05
3.51638e-05
3.76406e-05
3.99725e-05
4.21786e-05
4.42767e-05
4.62925e-05
4.97899e-07
2.32723e-06
5.07561e-06
8.55805e-06
1.26571e-05
1.73267e-05
2.21377e-05
2.66625e-05
3.08372e-05
3.44944e-05
3.77389e-05
4.08207e-05
4.37744e-05
4.66127e-05
4.93425e-05
5.19797e-05
5.45184e-05
5.7272e-07
2.61763e-06
5.70908e-06
9.68415e-06
1.44442e-05
1.98689e-05
2.5426e-05
3.06598e-05
3.55412e-05
3.99867e-05
4.38866e-05
4.74469e-05
5.08974e-05
5.4251e-05
5.75271e-05
6.07008e-05
6.37883e-05
7.11635e-07
3.08488e-06
6.60292e-06
1.11587e-05
1.67456e-05
2.29125e-05
2.90425e-05
3.49639e-05
4.05732e-05
4.57897e-05
5.05817e-05
5.49907e-05
5.90186e-05
6.2864e-05
6.66883e-05
7.04213e-05
7.40618e-05
9.3417e-07
3.80047e-06
7.8528e-06
1.30047e-05
1.92931e-05
2.61678e-05
3.29934e-05
3.96458e-05
4.59998e-05
5.19747e-05
5.757e-05
6.28214e-05
6.77752e-05
7.24755e-05
7.6908e-05
8.11702e-05
8.54044e-05
1.16429e-06
4.75934e-06
9.49726e-06
1.52165e-05
2.22191e-05
2.9803e-05
3.73662e-05
4.48464e-05
5.20069e-05
5.87034e-05
6.50314e-05
7.10704e-05
7.68595e-05
8.24296e-05
8.77905e-05
9.29726e-05
9.78736e-05
1.37336e-06
5.38661e-06
1.09188e-05
1.78204e-05
2.56972e-05
3.392e-05
4.22676e-05
5.07655e-05
5.87908e-05
6.60911e-05
7.31012e-05
7.98571e-05
8.6415e-05
9.27906e-05
9.89863e-05
0.00010507
0.000111053
1.75641e-06
6.57114e-06
1.3053e-05
2.10107e-05
2.98117e-05
3.88158e-05
4.7883e-05
5.69712e-05
6.59757e-05
7.43239e-05
8.20028e-05
8.94874e-05
9.68144e-05
0.000103956
0.000110813
0.000117797
0.000124865
2.30702e-06
8.21997e-06
1.58309e-05
2.48866e-05
3.46672e-05
4.45407e-05
5.44095e-05
6.41729e-05
7.37397e-05
8.29251e-05
9.16146e-05
9.99366e-05
0.000108109
0.000116164
0.000124058
0.00013188
0.000139644
3.00504e-06
1.02746e-05
1.92238e-05
2.94859e-05
4.03106e-05
5.11521e-05
6.18935e-05
7.24634e-05
8.2774e-05
9.27412e-05
0.000102323
0.000111583
0.000120639
0.00012954
0.000138287
0.000146918
0.000155419
3.8256e-06
1.26701e-05
2.32246e-05
3.48334e-05
4.6724e-05
5.86127e-05
7.03451e-05
8.18015e-05
9.29331e-05
0.000103721
0.00011416
0.000124292
0.000134185
0.00014389
0.000153427
0.000162793
0.000172023
4.76065e-06
1.53495e-05
2.75466e-05
4.06026e-05
5.37701e-05
6.68469e-05
7.96434e-05
9.20554e-05
0.000104055
0.00011566
0.000126911
0.000137854
0.00014854
0.000159001
0.000169257
0.000179331
0.000189219
5.7636e-06
1.82026e-05
3.21008e-05
4.66982e-05
6.12869e-05
7.56925e-05
8.96739e-05
0.000103049
0.000115882
0.000128281
0.000140299
0.000151986
0.000163388
0.000174542
0.000185474
0.000196178
0.00020668
6.78368e-06
2.11152e-05
3.67462e-05
5.29316e-05
6.90693e-05
8.50374e-05
0.000100301
0.000114592
0.000128197
0.000141304
0.000154003
0.000166357
0.000178412
0.000190194
0.000201721
0.000213014
0.000224064
7.79023e-06
2.39998e-05
4.13564e-05
5.91387e-05
7.69334e-05
9.43666e-05
0.000110913
0.000126433
0.000140833
0.000154455
0.000167715
0.000180637
0.000193254
0.000205587
0.000217653
0.000229444
0.000240995
8.79246e-06
2.69518e-05
4.60061e-05
6.52389e-05
8.45022e-05
0.000103233
0.000120937
0.000137583
0.000153113
0.000167469
0.000181104
0.000194486
0.000207588
0.000220396
0.000232912
0.000245151
0.000257112
9.70986e-06
2.95776e-05
5.02289e-05
7.10332e-05
9.16409e-05
0.000111426
0.00013019
0.00014786
0.00016438
0.000179639
0.000193835
0.000207552
0.00022104
0.000234239
0.000247146
0.000259749
0.000272065
1.05113e-05
3.18621e-05
5.391e-05
7.60603e-05
9.78521e-05
0.00011866
0.000138385
0.000156994
0.000174448
0.000190681
0.000205557
0.000219559
0.000233305
0.000246807
0.000260025
0.00027295
0.000285567
1.11739e-05
3.37477e-05
5.69486e-05
8.02096e-05
0.00010302
0.000124749
0.000145356
0.000164811
0.000183074
0.000200107
0.00021583
0.000230252
0.000244064
0.000257789
0.000271259
0.000284443
0.000297336
1.16755e-05
3.51778e-05
5.92621e-05
8.34028e-05
0.000107053
0.000129577
0.000150967
0.000171159
0.000190139
0.000207844
0.000224209
0.000239056
0.000253063
0.000266951
0.000280594
0.00029398
0.000307098
1.19669e-05
3.60713e-05
6.07879e-05
8.55571e-05
0.000109842
0.000133022
0.000155037
0.000175857
0.000195416
0.000213673
0.000230553
0.000245839
0.000260072
0.000274014
0.000287757
0.00030124
0.000314503
1.21199e-05
3.65682e-05
6.16331e-05
8.67734e-05
0.000111446
0.000135044
0.000157468
0.000178713
0.000198677
0.000217321
0.000234594
0.000250434
0.000264861
0.000278643
0.000292394
0.000305944
0.000319278
1.22084e-05
3.68198e-05
6.20039e-05
8.73049e-05
0.000112154
0.000135914
0.000158556
0.00017997
0.000200149
0.000218997
0.000236489
0.000252579
0.000267068
0.000280817
0.000294573
0.00030817
0.000321544
2.17997e-05
2.40522e-05
2.61255e-05
2.80169e-05
2.97338e-05
3.12765e-05
3.26627e-05
3.39121e-05
3.50392e-05
1.0627e-06
3.50238e-06
6.22758e-06
9.12155e-06
1.21347e-05
1.52068e-05
1.82801e-05
2.12856e-05
2.41417e-05
2.68054e-05
2.92699e-05
3.15453e-05
3.36402e-05
3.55783e-05
3.73787e-05
3.90785e-05
4.06648e-05
1.07237e-06
3.59154e-06
6.49938e-06
9.69599e-06
1.31333e-05
1.67376e-05
2.03838e-05
2.39355e-05
2.73104e-05
3.04557e-05
3.33584e-05
3.60575e-05
3.85921e-05
4.09852e-05
4.3266e-05
4.54462e-05
4.75559e-05
1.1218e-06
3.78943e-06
6.94318e-06
1.05262e-05
1.4499e-05
1.87791e-05
2.31354e-05
2.73536e-05
3.13443e-05
3.50358e-05
3.84141e-05
4.15657e-05
4.45691e-05
4.74553e-05
5.02409e-05
5.29481e-05
5.55733e-05
1.16256e-06
4.00545e-06
7.48692e-06
1.15492e-05
1.61818e-05
2.13249e-05
2.65555e-05
3.15286e-05
3.6233e-05
4.0592e-05
4.44665e-05
4.80255e-05
5.15146e-05
5.49138e-05
5.82289e-05
6.14642e-05
6.46335e-05
1.2695e-06
4.4005e-06
8.30128e-06
1.29473e-05
1.8419e-05
2.43597e-05
3.025e-05
3.59517e-05
4.13877e-05
4.64831e-05
5.11726e-05
5.54164e-05
5.94169e-05
6.33479e-05
6.71975e-05
7.09892e-05
7.47038e-05
1.47661e-06
5.04789e-06
9.44646e-06
1.47112e-05
2.0927e-05
2.76082e-05
3.42063e-05
4.0652e-05
4.68464e-05
5.27074e-05
5.82168e-05
6.33828e-05
6.82534e-05
7.27993e-05
7.71758e-05
8.15263e-05
8.58251e-05
1.86685e-06
6.01187e-06
1.08966e-05
1.68656e-05
2.38235e-05
3.12088e-05
3.85459e-05
4.58133e-05
5.28043e-05
5.94005e-05
6.56729e-05
7.16547e-05
7.73716e-05
8.28458e-05
8.8105e-05
9.31158e-05
9.79899e-05
1.95243e-06
6.65212e-06
1.24823e-05
1.94916e-05
2.72782e-05
3.52765e-05
4.33682e-05
5.16317e-05
5.94585e-05
6.66829e-05
7.36872e-05
8.03831e-05
8.6869e-05
9.31718e-05
9.92973e-05
0.000105262
0.000111114
2.31565e-06
7.8535e-06
1.46665e-05
2.26754e-05
3.13459e-05
4.01034e-05
4.89073e-05
5.77209e-05
6.63518e-05
7.47743e-05
8.26331e-05
8.99472e-05
9.71864e-05
0.000104291
0.000111232
0.000118087
0.000124816
2.85987e-06
9.50759e-06
1.74714e-05
2.65496e-05
3.61518e-05
4.57651e-05
5.53551e-05
6.48649e-05
7.42017e-05
8.32765e-05
9.19516e-05
0.000100249
0.000108357
0.000116307
0.000124103
0.000131768
0.000139328
3.53964e-06
1.15409e-05
2.09423e-05
3.12217e-05
4.17496e-05
5.22916e-05
6.27606e-05
7.30874e-05
8.31969e-05
9.30276e-05
0.000102532
0.000111733
0.000120695
0.000129472
0.000138078
0.000146546
0.00015486
4.35401e-06
1.39115e-05
2.4803e-05
3.63902e-05
4.80465e-05
5.96456e-05
7.10907e-05
8.23148e-05
9.3268e-05
0.000103918
0.000114248
0.000124285
0.000134076
0.000143661
0.000153049
0.000162259
0.000171327
5.27536e-06
1.65557e-05
2.90285e-05
4.2026e-05
5.49559e-05
6.77223e-05
8.02377e-05
9.24264e-05
0.000104256
0.00011573
0.000126874
0.000137722
0.000148297
0.000158638
0.000168763
0.0001787
0.00018845
6.27302e-06
1.94179e-05
3.35578e-05
4.80248e-05
6.23286e-05
7.63791e-05
9.00424e-05
0.000103225
0.000115935
0.000128222
0.000140136
0.000151726
0.000163034
0.000174091
0.000184904
0.000195497
0.000205903
7.30103e-06
2.2439e-05
3.82946e-05
5.42123e-05
6.99775e-05
8.54263e-05
0.000100325
0.000114513
0.000128058
0.000141092
0.000153716
0.000165997
0.000177967
0.000189661
0.000201101
0.000212306
0.000223285
8.29606e-06
2.52852e-05
4.28357e-05
6.03266e-05
7.76496e-05
9.46522e-05
0.000110914
0.000126083
0.000140357
0.00015405
0.000167288
0.000180158
0.000192712
0.000204984
0.000216975
0.000228703
0.000240209
9.25081e-06
2.80027e-05
4.71907e-05
6.62668e-05
8.52118e-05
0.00010359
0.000120978
0.000137299
0.000152475
0.00016675
0.000180508
0.000193887
0.000206939
0.000219689
0.000232151
0.000244342
0.000256268
1.0118e-05
3.04875e-05
5.12344e-05
7.19186e-05
9.22604e-05
0.00011174
0.000130194
0.000147557
0.000163785
0.000178835
0.000193033
0.000206807
0.000220261
0.000233416
0.000246272
0.000258833
0.000271121
1.08883e-05
3.2693e-05
5.4812e-05
7.68381e-05
9.83876e-05
0.000118904
0.000138337
0.000156653
0.000173808
0.000189766
0.000204555
0.000218622
0.000232377
0.000245841
0.000259011
0.00027189
0.000284466
1.15533e-05
3.4564e-05
5.78042e-05
8.09218e-05
0.00010348
0.000124926
0.000145241
0.000164403
0.000182379
0.000199125
0.000214551
0.000228992
0.000242977
0.000256677
0.00027009
0.000283217
0.000296037
1.21531e-05
3.61003e-05
6.01021e-05
8.40467e-05
0.000107419
0.000129645
0.000150712
0.000170609
0.0001893
0.000206733
0.000222868
0.000237723
0.000251835
0.00026568
0.000279275
0.000292586
0.000305607
1.24828e-05
3.70544e-05
6.16419e-05
8.61829e-05
0.000110176
0.000133007
0.000154686
0.000175177
0.000194452
0.000212445
0.000229099
0.000244358
0.000258672
0.000272624
0.000286324
0.000299758
0.00031294
1.26566e-05
3.75825e-05
6.25054e-05
8.73984e-05
0.00011176
0.000134996
0.000157071
0.000177977
0.00019764
0.000216041
0.000233098
0.00024881
0.0002633
0.000277214
0.000290939
0.000304454
0.000317718
1.27626e-05
3.78514e-05
6.28841e-05
8.79309e-05
0.000112467
0.00013587
0.000158143
0.000179226
0.000199104
0.000217712
0.000234994
0.000250901
0.000265475
0.000279377
0.000293144
0.000306684
0.00032002
2.87463e-05
3.05161e-05
3.2137e-05
3.3615e-05
3.49656e-05
3.61667e-05
1.6644e-06
4.8479e-06
7.8716e-06
1.08148e-05
1.3736e-05
1.66339e-05
1.95072e-05
2.23233e-05
2.50364e-05
2.7626e-05
3.00686e-05
3.2356e-05
3.4489e-05
3.64916e-05
3.83819e-05
4.01567e-05
4.18224e-05
1.68859e-06
4.98831e-06
8.21588e-06
1.14678e-05
1.47988e-05
1.81946e-05
2.15967e-05
2.4942e-05
2.81671e-05
3.12287e-05
3.41121e-05
3.68241e-05
3.93917e-05
4.1831e-05
4.41687e-05
4.64248e-05
4.85973e-05
1.74463e-06
5.21477e-06
8.70458e-06
1.23409e-05
1.61803e-05
2.01827e-05
2.42337e-05
2.82069e-05
3.20229e-05
3.5634e-05
3.90174e-05
4.22068e-05
4.52447e-05
4.81672e-05
5.1002e-05
5.37633e-05
5.64549e-05
1.81395e-06
5.49801e-06
9.32577e-06
1.34384e-05
1.79022e-05
2.26558e-05
2.74773e-05
3.21712e-05
3.66645e-05
4.08886e-05
4.48103e-05
4.84992e-05
5.20469e-05
5.54789e-05
5.88298e-05
6.21201e-05
6.53453e-05
1.88567e-06
5.81062e-06
1.00376e-05
1.47134e-05
1.99295e-05
2.56106e-05
3.13524e-05
3.68479e-05
4.20939e-05
4.70208e-05
5.1511e-05
5.57151e-05
5.9796e-05
6.37568e-05
6.76495e-05
7.14809e-05
7.52545e-05
2.04078e-06
6.33526e-06
1.10541e-05
1.63852e-05
2.24813e-05
2.89676e-05
3.53674e-05
4.16176e-05
4.76391e-05
5.33532e-05
5.87446e-05
6.38278e-05
6.85358e-05
7.30159e-05
7.74614e-05
8.18532e-05
8.62015e-05
2.27593e-06
7.07895e-06
1.24076e-05
1.84878e-05
2.53667e-05
3.25654e-05
3.96954e-05
4.67592e-05
5.35777e-05
6.00511e-05
6.62338e-05
7.21379e-05
7.77668e-05
8.31593e-05
8.82598e-05
9.32066e-05
9.81848e-05
2.4977e-06
7.90074e-06
1.40435e-05
2.11079e-05
2.87931e-05
3.65918e-05
4.44563e-05
5.25052e-05
6.01506e-05
6.72534e-05
7.41864e-05
8.08144e-05
8.72335e-05
9.34686e-05
9.95144e-05
0.000105417
0.000111204
2.89981e-06
9.17161e-06
1.62722e-05
2.43028e-05
3.28402e-05
4.13739e-05
4.99372e-05
5.85162e-05
6.69361e-05
7.52648e-05
8.30734e-05
9.02975e-05
9.7461e-05
0.000104508
0.000111421
0.000118187
0.000124805
3.45442e-06
1.08505e-05
1.91089e-05
2.81883e-05
3.7617e-05
4.69863e-05
5.63206e-05
6.55989e-05
7.47395e-05
8.36794e-05
9.22702e-05
0.000100491
0.000108516
0.000116385
0.000124129
0.000131746
0.000139319
4.13516e-06
1.28853e-05
2.25715e-05
3.28317e-05
4.31633e-05
5.34424e-05
6.36527e-05
7.37451e-05
8.36607e-05
9.3353e-05
0.000102751
0.00011185
0.00012071
0.000129387
0.000137907
0.000146271
0.000154504
4.94789e-06
1.52518e-05
2.63938e-05
3.79286e-05
4.93733e-05
6.07007e-05
7.18798e-05
8.28754e-05
9.36453e-05
0.000104145
0.000114364
0.000124302
0.000133992
0.000143461
0.000152735
0.000161847
0.000170784
5.87062e-06
1.79189e-05
3.06122e-05
4.34953e-05
5.61771e-05
6.86511e-05
8.08941e-05
9.28571e-05
0.00010451
0.000115855
0.000126889
0.000137632
0.000148107
0.000158347
0.000168371
0.000178196
0.000187851
6.8721e-06
2.08662e-05
3.52009e-05
4.94254e-05
6.34274e-05
7.71489e-05
9.05209e-05
0.000103493
0.000116054
0.000128219
0.000140038
0.000151543
0.000162769
0.000173729
0.000184448
0.000194965
0.00020529
7.9098e-06
2.3802e-05
3.97933e-05
5.55125e-05
7.09385e-05
8.59943e-05
0.000100565
0.000114565
0.000127999
0.000140954
0.000153502
0.000165708
0.000177602
0.000189221
0.00020059
0.000211725
0.00022267
8.92017e-06
2.66381e-05
4.42712e-05
6.15482e-05
7.84967e-05
9.49891e-05
0.000110808
0.000125836
0.000140099
0.000153744
0.000166938
0.000179762
0.000192264
0.000204465
0.000216393
0.000228087
0.000239562
9.93099e-06
2.93466e-05
4.84648e-05
6.72945e-05
8.58898e-05
0.000103927
0.000121013
0.000137087
0.000152084
0.000166277
0.000180007
0.000193357
0.000206361
0.000219062
0.000231483
0.000243637
0.000255556
1.07835e-05
3.17683e-05
5.2383e-05
7.27215e-05
9.27459e-05
0.000112034
0.000130231
0.00014734
0.000163332
0.000178205
0.000192352
0.000206129
0.000219559
0.00023267
0.000245485
0.000258031
0.000270304
1.15127e-05
3.38782e-05
5.58598e-05
7.76592e-05
9.89231e-05
0.000119177
0.000138349
0.000156409
0.000173301
0.000188944
0.000203614
0.000217759
0.000231515
0.000244949
0.000258089
0.000270939
0.0002835
1.21247e-05
3.56472e-05
5.87582e-05
8.16728e-05
0.000103957
0.000125118
0.000145156
0.000164056
0.000181784
0.000198289
0.000213553
0.000227957
0.000241952
0.000255627
0.000269012
0.000282109
0.000294903
1.26025e-05
3.70204e-05
6.09927e-05
8.47477e-05
0.000107844
0.000129764
0.000150535
0.000170149
0.000188577
0.000205778
0.000221727
0.000236512
0.000250612
0.000264463
0.000278028
0.000291322
0.000304301
1.29146e-05
3.79501e-05
6.25254e-05
8.68879e-05
0.000110583
0.000133089
0.000154427
0.000174604
0.000193592
0.000211336
0.000227813
0.000242944
0.000257241
0.000271228
0.000284948
0.000298388
0.000311527
1.30818e-05
3.8473e-05
6.33903e-05
8.8109e-05
0.000112173
0.000135054
0.000156775
0.000177335
0.000196702
0.00021484
0.000231673
0.000247099
0.000261567
0.000275661
0.000289481
0.000302984
0.000316248
1.31574e-05
3.86953e-05
6.37426e-05
8.86072e-05
0.000112847
0.000135904
0.000157811
0.000178561
0.000198134
0.000216478
0.000233501
0.000249061
0.000263607
0.00027778
0.000291619
0.000305188
0.000318518
3.41284e-05
3.55047e-05
3.6754e-05
2.04966e-06
5.69028e-06
8.86506e-06
1.18213e-05
1.46792e-05
1.74897e-05
2.02591e-05
2.29674e-05
2.55936e-05
2.81104e-05
3.05095e-05
3.27778e-05
3.49359e-05
3.69897e-05
3.89178e-05
4.07275e-05
4.24311e-05
2.08098e-06
5.858e-06
9.25203e-06
1.25188e-05
1.57794e-05
1.90625e-05
2.23417e-05
2.55673e-05
2.86936e-05
3.16887e-05
3.45387e-05
3.72446e-05
3.98186e-05
4.22832e-05
4.46535e-05
4.69473e-05
4.9154e-05
2.13531e-06
6.08988e-06
9.75409e-06
1.34025e-05
1.71583e-05
2.10279e-05
2.49305e-05
2.87697e-05
3.24808e-05
3.60171e-05
3.93705e-05
4.25604e-05
4.56149e-05
4.85537e-05
5.14099e-05
5.42047e-05
5.69279e-05
2.20935e-06
6.38463e-06
1.03865e-05
1.45069e-05
1.88751e-05
2.34771e-05
2.81404e-05
3.26938e-05
3.70591e-05
4.11755e-05
4.50607e-05
4.87788e-05
5.2341e-05
5.57888e-05
5.91648e-05
6.24787e-05
6.57313e-05
2.27435e-06
6.67838e-06
1.10716e-05
1.575e-05
2.08674e-05
2.64397e-05
3.20744e-05
3.7448e-05
4.25595e-05
4.72447e-05
5.16355e-05
5.5925e-05
6.00362e-05
6.40037e-05
6.79041e-05
7.17567e-05
7.55538e-05
2.40524e-06
7.14586e-06
1.20235e-05
1.73678e-05
2.33983e-05
2.97901e-05
3.60804e-05
4.22142e-05
4.81158e-05
5.37142e-05
5.90352e-05
6.40989e-05
6.87604e-05
7.32116e-05
7.76614e-05
8.20544e-05
8.64176e-05
2.60958e-06
7.83774e-06
1.33406e-05
1.94449e-05
2.62647e-05
3.33764e-05
4.03893e-05
4.73348e-05
5.40477e-05
6.04289e-05
6.65501e-05
7.24119e-05
7.80148e-05
8.33767e-05
8.84249e-05
9.33428e-05
9.83161e-05
2.85447e-06
8.69199e-06
1.49902e-05
2.20805e-05
2.96965e-05
3.73815e-05
4.51211e-05
5.30483e-05
6.05744e-05
6.75935e-05
7.44727e-05
8.1062e-05
8.74408e-05
9.36522e-05
9.96766e-05
0.000105538
0.000111273
3.27122e-06
9.99414e-06
1.72664e-05
2.53135e-05
3.37437e-05
4.21481e-05
5.05691e-05
5.90139e-05
6.73211e-05
7.55667e-05
8.33146e-05
9.04808e-05
9.76213e-05
0.000104655
0.000111578
0.000118304
0.000124775
3.8242e-06
1.16858e-05
2.02302e-05
2.93316e-05
3.85359e-05
4.77376e-05
5.6923e-05
6.60634e-05
7.50813e-05
8.3937e-05
9.24622e-05
0.000100629
0.000108609
0.000116478
0.000124425
0.000131996
0.000139137
4.51846e-06
1.37383e-05
2.36012e-05
3.38529e-05
4.40334e-05
5.41557e-05
6.42079e-05
7.416e-05
8.3963e-05
9.35612e-05
0.000102887
0.000111921
0.000120737
0.000129376
0.000137901
0.00014626
0.000154537
5.33939e-06
1.6132e-05
2.74176e-05
3.89015e-05
5.01953e-05
6.13541e-05
7.23776e-05
8.3235e-05
9.38863e-05
0.000104302
0.000114451
0.000124331
0.000133958
0.00014338
0.000152619
0.000161675
0.000170578
6.27358e-06
1.89207e-05
3.17471e-05
4.44425e-05
5.69364e-05
6.92325e-05
8.13089e-05
9.31344e-05
0.000104685
0.000115945
0.000126915
0.000137596
0.000148027
0.000158221
0.000168187
0.000177966
0.000187564
7.29463e-06
2.18065e-05
3.62212e-05
5.03061e-05
6.41109e-05
7.76343e-05
9.08384e-05
0.000103678
0.000116137
0.000128238
0.000140003
0.000151464
0.000162637
0.00017355
0.000184229
0.000194694
0.00020498
8.44623e-06
2.48407e-05
4.07673e-05
5.63209e-05
7.15282e-05
8.63692e-05
0.000100758
0.000114625
0.000127981
0.000140881
0.00015339
0.00016555
0.000177414
0.000188995
0.000200318
0.000211427
0.000222335
9.45156e-06
2.76511e-05
4.51919e-05
6.2283e-05
7.89795e-05
9.52347e-05
0.000110876
0.00012576
0.00013994
0.000153566
0.000166743
0.000179545
0.000192011
0.000204177
0.000216082
0.000227746
0.000239207
1.03526e-05
3.02131e-05
4.93184e-05
6.7956e-05
8.62083e-05
0.000104042
0.000121055
0.000136865
0.000151717
0.000165959
0.000179709
0.000193043
0.000206035
0.000218709
0.000231098
0.000243244
0.000255152
1.11488e-05
3.25215e-05
5.31184e-05
7.32766e-05
9.30934e-05
0.000112222
0.000130282
0.000147209
0.000162932
0.00017772
0.000191945
0.000205736
0.000219153
0.000232238
0.000245037
0.000257565
0.000269836
1.18376e-05
3.45428e-05
5.65026e-05
7.81514e-05
9.92431e-05
0.000119331
0.000138352
0.000156256
0.000172994
0.000188506
0.000203123
0.000217253
0.000231009
0.000244427
0.000257542
0.000270386
0.00028294
1.24206e-05
3.62522e-05
5.93402e-05
8.21162e-05
0.000104237
0.000125227
0.000145107
0.00016386
0.000181445
0.000197827
0.000212977
0.000227329
0.000241324
0.00025499
0.000268363
0.000281455
0.000294239
1.28725e-05
3.75843e-05
6.15445e-05
8.51779e-05
0.00010811
0.000129855
0.000150454
0.000169911
0.000188191
0.000205247
0.00022096
0.000235644
0.000249841
0.0002637
0.000277282
0.000290571
0.00030354
1.31681e-05
3.84835e-05
6.30562e-05
8.73002e-05
0.000110824
0.000133138
0.000154286
0.000174285
0.000193105
0.000210715
0.000227043
0.000242087
0.000256352
0.000270375
0.000284119
0.00029755
0.000310708
1.33156e-05
3.89653e-05
6.38933e-05
8.84929e-05
0.000112391
0.000135064
0.000156582
0.000176941
0.000196142
0.000214123
0.000230826
0.000246117
0.000260546
0.000274704
0.000288539
0.000302085
0.000315349
1.33526e-05
3.91294e-05
6.41779e-05
8.89414e-05
0.000113014
0.000135864
0.000157558
0.000178111
0.000197498
0.000215686
0.000232568
0.000247984
0.000262512
0.000276718
0.000290614
0.000304227
0.000317545
)
;

boundaryField
{
    frontAndBack
    {
        type            slip;
    }
    inlet
    {
        type            zeroGradient;
    }
    outlet
    {
        type            fixedValue;
        value           uniform 0;
    }
    lowerWall
    {
        type            zeroGradient;
    }
    upperWall
    {
        type            slip;
    }
    procBoundary3to0
    {
        type            processor;
        value           nonuniform List<scalar> 
101
(
7.0152e-06
9.61672e-06
1.22076e-05
1.47296e-05
1.70885e-05
1.92352e-05
2.11304e-05
2.27783e-05
2.41873e-05
2.53945e-05
2.63995e-05
2.72374e-05
2.79335e-05
2.85436e-05
3.15589e-07
1.69722e-06
3.78161e-06
3.78161e-06
7.31688e-06
1.0094e-05
1.29282e-05
1.51599e-05
1.74675e-05
1.9594e-05
2.15035e-05
2.31975e-05
2.46817e-05
2.59669e-05
2.70667e-05
2.79951e-05
2.87757e-05
2.9433e-05
6.39923e-07
2.44602e-06
4.72858e-06
7.31688e-06
1.0094e-05
1.29282e-05
1.29282e-05
1.68114e-05
1.93642e-05
2.01181e-05
2.2021e-05
2.37545e-05
2.5325e-05
2.67185e-05
2.79324e-05
2.89809e-05
2.98662e-05
3.06158e-05
1.1617e-06
3.63957e-06
6.23053e-06
8.86413e-06
1.15274e-05
1.41893e-05
1.68114e-05
1.93642e-05
1.93642e-05
2.257e-05
2.47537e-05
2.68164e-05
2.57898e-05
2.72558e-05
2.8558e-05
2.96944e-05
3.06722e-05
3.15028e-05
1.68578e-06
4.80782e-06
7.6605e-06
1.0337e-05
1.29181e-05
1.54331e-05
1.78867e-05
2.02713e-05
2.257e-05
2.47537e-05
2.68164e-05
2.68164e-05
2.91091e-05
3.09016e-05
3.2574e-05
3.00121e-05
3.10523e-05
3.19206e-05
2.01685e-06
5.53544e-06
8.52041e-06
1.12113e-05
1.37404e-05
1.61778e-05
1.85463e-05
2.08435e-05
2.30525e-05
2.51783e-05
2.71991e-05
2.91091e-05
3.09016e-05
3.2574e-05
3.2574e-05
)
;
    }
    procBoundary3to4
    {
        type            processor;
        value           nonuniform List<scalar> 
125
(
3.34838e-05
3.95882e-05
4.72495e-05
5.61276e-05
6.60981e-05
7.71007e-05
8.92124e-05
0.000102497
0.000116895
0.000131898
0.000147716
0.000164368
0.000181737
0.000199593
0.000217626
0.000235551
0.000252934
0.000269451
0.00028479
0.000298706
0.000311065
0.000321145
0.000328703
0.000333504
0.000335779
3.45685e-05
4.06787e-05
4.8231e-05
5.69792e-05
6.67809e-05
7.76224e-05
8.95498e-05
0.000102652
0.000116871
0.000131636
0.000147249
0.000163801
0.000181116
0.000198943
0.00021698
0.000234895
0.000252325
0.000268826
0.000284093
0.000297863
0.000309896
0.000320009
0.000327569
0.000332406
0.000334708
3.60666e-05
4.21814e-05
4.95679e-05
5.81189e-05
6.77083e-05
7.83435e-05
9.00485e-05
0.000102866
0.000116806
0.000131315
0.000146667
0.000163012
0.000180237
0.000198054
0.000216125
0.000234076
0.000251517
0.000267977
0.000283137
0.000296729
0.000308507
0.000318276
0.000325919
0.000330796
0.000333113
3.72508e-05
4.3382e-05
5.06768e-05
5.906e-05
6.84834e-05
7.8947e-05
9.04768e-05
0.000103082
0.000116818
0.00013115
0.000146421
0.000162431
0.000179515
0.000197339
0.000215453
0.000233458
0.000250864
0.00026726
0.000282314
0.000295752
0.000307339
0.000316917
0.000324465
0.00032927
0.000331577
3.78718e-05
4.40286e-05
5.12597e-05
5.95599e-05
6.88978e-05
7.92669e-05
9.07003e-05
0.000103208
0.000116826
0.00013095
0.000146011
0.000162296
0.000179193
0.000196973
0.000215089
0.000233064
0.000250487
0.000266847
0.000281843
0.000295184
0.000306664
0.000316139
0.00032362
0.00032835
0.000330587
)
;
    }
}


// ************************************************************************* //
