/*--------------------------------*- C++ -*----------------------------------*\
  =========                 |
  \\      /  F ield         | OpenFOAM: The Open Source CFD Toolbox
   \\    /   O peration     | Website:  https://openfoam.org
    \\  /    A nd           | Version:  10
     \\/     M anipulation  |
\*---------------------------------------------------------------------------*/
FoamFile
{
    format      ascii;
    class       surfaceScalarField;
    location    "10";
    object      phi;
}
// * * * * * * * * * * * * * * * * * * * * * * * * * * * * * * * * * * * * * //

dimensions      [0 3 -1 0 0 0 0];

internalField   nonuniform List<scalar> 
5617
(
-200
5.04419e-05
-200
5.17561e-05
-200
5.20597e-05
-200
4.99383e-05
3.71641e-07
-200
4.70931e-05
1.01475e-07
-200
4.52868e-05
1.57214e-07
-200
4.50947e-05
-8.77977e-08
-200
4.56503e-05
-3.28109e-07
-200
4.62037e-05
-6.12046e-07
-200
4.60297e-05
-7.91871e-07
-200
4.61468e-05
-8.55421e-07
-200
4.59847e-05
-3.09153e-07
-200
4.66036e-05
-7.20915e-07
4.70983e-05
6.72545e-07
-200
4.02076e-05
9.41597e-06
-200
4.623e-05
9.40724e-06
-200
5.17962e-05
5.1166e-06
-200
5.46183e-05
2.68952e-06
-200
5.48517e-05
1.40413e-06
-200
5.32454e-05
6.9247e-07
-200
4.72483e-05
5.11121e-07
-200
4.04951e-05
1.4076e-06
-200
3.75893e-05
1.5418e-06
-200
3.85893e-05
1.02167e-06
-200
4.1585e-05
3.15632e-07
-200
4.29478e-05
-1.18893e-07
-200
4.3774e-05
-5.82291e-07
-200
4.44071e-05
-7.75491e-07
-200
4.50066e-05
-1.14028e-06
-200
4.56238e-05
-1.18141e-07
4.65952e-05
-4.25443e-07
-200
4.70756e-05
9.57141e-06
-200
5.22425e-05
8.93011e-06
-200
5.62436e-05
5.01906e-06
-200
5.82342e-05
1.8722e-06
-200
5.76656e-05
2.58809e-07
-200
5.28379e-05
-8.506e-08
-200
4.75978e-05
2.23726e-06
-200
4.51556e-05
4.17079e-06
-200
4.19663e-05
4.79555e-06
-200
3.81543e-05
3.63133e-06
-200
3.7504e-05
1.74749e-06
-200
3.9946e-05
6.50679e-07
-200
4.16017e-05
4.23298e-08
-200
4.26104e-05
-4.57688e-07
-200
4.33612e-05
-2.67428e-08
-200
4.45753e-05
-7.50088e-07
4.50458e-05
5.54838e-07
-200
5.31924e-05
9.86384e-06
-200
5.74721e-05
9.30264e-06
-200
6.08197e-05
5.12331e-06
-200
6.21571e-05
2.3913e-06
-200
6.08021e-05
9.9459e-07
-200
5.79029e-05
9.43527e-07
-200
5.46714e-05
1.08262e-06
-200
5.12795e-05
2.05882e-06
-200
4.77094e-05
2.66937e-06
-200
4.38254e-05
3.67857e-06
-200
3.88341e-05
3.3629e-06
-200
3.75082e-05
1.63658e-06
-200
3.96619e-05
6.22709e-07
-200
4.09319e-05
2.29852e-07
-200
4.18827e-05
-6.09848e-07
-200
4.2588e-05
3.94945e-07
4.36575e-05
-3.76193e-07
-200
5.94455e-05
1.02153e-05
-200
6.29926e-05
1.00134e-05
-200
6.61068e-05
6.22162e-06
-200
6.73975e-05
3.22249e-06
-200
6.36189e-05
1.44054e-06
-200
6.09159e-05
8.11344e-07
-200
6.03648e-05
9.17498e-07
-200
5.76253e-05
7.06253e-07
-200
5.44281e-05
8.17784e-07
-200
5.07719e-05
1.55757e-06
-200
4.62536e-05
3.0732e-06
-200
4.07507e-05
2.90149e-06
-200
3.85286e-05
1.19895e-06
-200
3.97406e-05
3.39369e-07
-200
3.94515e-05
6.03032e-07
-200
4.06574e-05
-3.15831e-07
4.14936e-05
8.88779e-07
-200
6.40515e-05
1.08735e-05
-200
6.64188e-05
1.11827e-05
-200
7.1454e-05
6.94314e-06
-200
7.32057e-05
4.00707e-06
-200
7.18568e-05
2.32509e-06
-200
6.96444e-05
1.21344e-06
-200
6.7459e-05
2.74207e-08
-200
6.42627e-05
-1.03959e-07
-200
6.11549e-05
1.75185e-08
-200
5.83787e-05
2.47848e-07
-200
5.53857e-05
9.29434e-07
-200
5.11083e-05
1.39802e-06
-200
4.4761e-05
1.14436e-06
-200
3.94109e-05
7.7099e-07
-200
3.67314e-05
2.59291e-07
-200
3.7459e-05
1.28649e-06
3.98797e-05
-2.8415e-08
-200
7.89336e-05
1.29311e-05
-200
8.00971e-05
1.37451e-05
-200
7.74867e-05
8.26398e-06
-200
7.95275e-05
4.48567e-06
-200
7.79606e-05
2.19056e-06
-200
7.56826e-05
6.07674e-07
-200
7.24496e-05
4.3353e-08
-200
6.84412e-05
-8.97961e-07
-200
6.49299e-05
-1.02091e-06
-200
6.32434e-05
-6.64571e-07
-200
6.17215e-05
3.43124e-08
-200
5.94017e-05
2.4668e-07
-200
5.62163e-05
5.15828e-07
-200
5.26402e-05
6.80446e-07
-200
4.82977e-05
2.59815e-06
-200
4.24945e-05
1.46583e-06
3.85946e-05
1.74703e-06
-200
8.66845e-05
1.11925e-05
-200
9.53175e-05
1.21352e-05
-200
9.46058e-05
8.06307e-06
-200
8.7837e-05
4.55922e-06
-200
8.33661e-05
2.29496e-06
-200
8.12301e-05
8.49792e-07
-200
7.82883e-05
-7.57033e-07
-200
7.10971e-05
-9.68387e-07
-200
6.68491e-05
-8.96535e-07
-200
6.7938e-05
-6.68721e-07
-200
6.79911e-05
-3.0055e-07
-200
6.77797e-05
1.66509e-07
-200
6.65515e-05
3.51354e-07
-200
6.47281e-05
6.34621e-07
-200
6.14588e-05
2.95916e-07
-200
5.42199e-05
2.03466e-06
4.55865e-05
5.13774e-07
-200
9.42229e-05
1.11103e-05
-200
9.82126e-05
1.1957e-05
-200
9.5391e-05
8.13246e-06
-200
8.7386e-05
3.40905e-06
-200
8.2624e-05
5.54432e-07
-200
8.2044e-05
1.55148e-07
-200
8.1109e-05
-2.88393e-07
-200
8.24625e-05
-9.23408e-07
-200
7.67116e-05
-8.16372e-07
-200
6.95737e-05
-1.70218e-07
-200
7.02334e-05
1.43834e-07
-200
7.1045e-05
2.36885e-07
-200
7.07935e-05
1.19289e-07
-200
7.15335e-05
-3.47306e-07
-200
6.80124e-05
5.15763e-07
-200
5.98155e-05
-3.51981e-07
5.23497e-05
9.54971e-07
-200
0.000101794
1.09556e-05
-200
0.000102187
1.14651e-05
-200
9.77491e-05
7.38297e-06
-200
9.08736e-05
4.0557e-06
-200
8.56923e-05
2.0111e-06
-200
8.30759e-05
4.60939e-07
-200
8.18958e-05
-9.58288e-07
-200
8.23208e-05
-7.65963e-07
-200
8.42308e-05
1.39518e-07
-200
7.82713e-05
7.07951e-07
-200
7.23914e-05
7.2283e-07
-200
7.56415e-05
4.41897e-08
-200
7.31278e-05
-7.46089e-07
-200
6.30904e-05
-2.4368e-06
-200
5.81701e-05
-1.45421e-06
-200
5.59281e-05
2.70014e-06
5.27208e-05
-6.9677e-08
-200
0.000109332
1.07239e-05
-200
0.000106992
1.11112e-05
-200
0.000100246
7.36115e-06
-200
9.23755e-05
4.03408e-06
-200
8.66419e-05
1.64114e-06
-200
8.29184e-05
3.73139e-09
-200
8.04319e-05
-3.18616e-07
-200
7.97398e-05
-7.25488e-07
-200
8.00426e-05
2.73984e-07
-200
8.14292e-05
3.39493e-06
-200
7.72816e-05
3.81161e-06
-200
6.68585e-05
-1.10269e-06
-200
6.18488e-05
-2.05512e-06
-200
6.02585e-05
-6.80619e-07
-200
5.71477e-05
8.71762e-07
-200
5.49393e-05
-2.52382e-07
5.15987e-05
8.10328e-07
-200
0.000116055
1.03451e-05
-200
0.000111627
1.07523e-05
-200
0.000101925
6.25187e-06
-200
9.22584e-05
3.15777e-06
-200
8.58539e-05
1.61906e-06
-200
8.11256e-05
2.32781e-07
-200
7.77913e-05
-1.09066e-06
-200
7.54688e-05
-6.79636e-07
-200
7.41175e-05
2.59498e-08
-200
7.28632e-05
1.01269e-06
-200
6.94784e-05
1.19314e-06
-200
6.40502e-05
3.97911e-07
-200
6.0009e-05
1.28535e-07
-200
5.7385e-05
6.53819e-07
-200
5.49807e-05
-2.25377e-07
-200
5.19175e-05
1.23052e-06
4.9763e-05
-3.7292e-07
-200
0.000121351
1.00253e-05
-200
0.000115204
1.05055e-05
-200
0.000101787
5.2434e-06
-200
9.01037e-05
1.98243e-06
-200
8.41208e-05
9.26815e-07
-200
7.78201e-05
-5.50707e-08
-200
7.26787e-05
-1.74319e-07
-200
6.96837e-05
-5.11306e-07
-200
6.79686e-05
-3.77418e-07
-200
6.57998e-05
3.99107e-07
-200
6.30456e-05
7.1726e-07
-200
5.96709e-05
7.06662e-07
-200
5.66122e-05
6.78098e-07
-200
5.40125e-05
6.83321e-07
-200
5.14953e-05
1.13989e-06
-200
4.95375e-05
-5.93838e-07
4.71731e-05
4.62888e-07
-200
0.000124215
9.39645e-06
-200
0.000117413
9.78746e-06
-200
0.000104935
5.62835e-06
-200
9.20269e-05
2.79531e-06
-200
8.15807e-05
1.58016e-06
-200
7.25236e-05
5.01984e-07
-200
6.4754e-05
-3.24324e-07
-200
6.17252e-05
-1.49456e-07
-200
6.11296e-05
-1.64091e-08
-200
5.93372e-05
-5.70411e-08
-200
5.71778e-05
2.11946e-07
-200
5.4721e-05
5.36827e-07
-200
5.23347e-05
6.98601e-07
-200
5.00835e-05
7.47255e-07
-200
4.81638e-05
-2.25614e-07
-200
4.58524e-05
8.93246e-07
4.44455e-05
-5.84947e-07
-200
0.00012487
8.68656e-06
-200
0.000118103
9.0358e-06
-200
0.000105315
5.64062e-06
-200
9.15402e-05
3.11847e-06
-200
7.73142e-05
1.65198e-06
-200
6.47311e-05
8.38472e-07
-200
4.96691e-05
1.76399e-06
-200
4.96246e-05
8.11005e-07
-200
5.50534e-05
-3.47697e-07
-200
5.27394e-05
-2.08541e-07
-200
5.10171e-05
1.74651e-07
-200
4.94723e-05
2.16115e-07
-200
4.7698e-05
4.30107e-07
-200
4.58975e-05
2.91329e-07
-200
4.40295e-05
5.42823e-07
-200
4.27974e-05
-9.75236e-07
4.08852e-05
-3.19177e-08
-200
0.000121967
7.82066e-06
-200
0.000114581
7.93439e-06
-200
0.000101797
4.27128e-06
-200
8.49973e-05
2.61634e-06
-200
7.13344e-05
1.38466e-06
-200
6.24158e-05
1.95845e-06
-200
5.81567e-05
5.84368e-06
-200
4.09163e-05
3.70341e-06
-200
3.54235e-05
-1.74203e-06
-200
4.53169e-05
-9.89084e-07
-200
4.48085e-05
-6.5012e-07
-200
4.40128e-05
-7.86607e-08
-200
4.28316e-05
8.93839e-08
-200
4.15054e-05
3.49385e-08
-200
4.02734e-05
-7.1035e-07
-200
3.87016e-05
2.24722e-07
3.77576e-05
-7.81551e-07
-200
0.000115446
7.40965e-06
-200
0.000105227
7.80162e-06
-200
9.22533e-05
4.51151e-06
-200
7.61976e-05
2.50534e-06
-200
7.00095e-05
1.02857e-06
-200
6.12867e-05
1.3006e-06
-200
5.47996e-05
3.08635e-06
-200
4.90031e-05
5.48563e-06
-200
3.10208e-05
1.63931e-06
-200
2.67681e-05
-2.3816e-06
-200
3.83559e-05
-1.04083e-06
-200
3.86958e-05
-6.4209e-07
-200
3.79505e-05
-3.79573e-07
-200
3.69444e-05
-3.19216e-07
-200
3.5907e-05
-6.41047e-08
-200
3.52321e-05
-1.33621e-06
3.41542e-05
-3.06837e-07
-200
0.000106519
7.01572e-06
-200
9.85881e-05
7.72153e-06
-200
8.58706e-05
4.34884e-06
-200
6.90233e-05
1.55864e-06
-200
6.38249e-05
6.23031e-07
-200
5.67937e-05
3.92069e-07
-200
5.08082e-05
6.02559e-07
-200
4.50372e-05
2.28818e-06
-200
3.94783e-05
4.99226e-06
-200
2.24397e-05
1.56097e-06
-200
2.19286e-05
-2.85674e-06
-200
3.45564e-05
-1.67478e-06
-200
3.30083e-05
-9.02023e-07
-200
3.23299e-05
-6.31683e-07
-200
3.17379e-05
-1.16503e-06
-200
3.06402e-05
-1.27837e-07
3.0173e-05
-9.33896e-07
-200
9.47769e-05
6.72744e-06
-200
8.82828e-05
7.94477e-06
-200
7.4163e-05
5.00938e-06
-200
6.1092e-05
1.01848e-07
-200
5.46706e-05
-1.36644e-06
-200
5.04531e-05
-8.62844e-07
-200
4.53223e-05
-1.58106e-07
-200
4.02464e-05
4.42609e-07
-200
3.46131e-05
2.15054e-06
-200
2.69185e-05
6.18501e-06
-200
2.14809e-05
1.70109e-06
-200
2.39089e-05
-4.00684e-06
-200
2.73277e-05
-1.73893e-06
-200
2.75313e-05
-1.10573e-06
-200
2.69522e-05
-4.89499e-07
-200
2.62744e-05
-1.26418e-06
2.51858e-05
-3.71992e-07
-200
8.01151e-05
6.27428e-06
-200
7.46637e-05
7.80491e-06
-200
6.15091e-05
4.40397e-06
-200
5.62758e-05
1.5102e-06
-200
4.92756e-05
-3.57169e-09
-200
4.44599e-05
-6.18182e-07
-200
4.01178e-05
-9.80793e-07
-200
3.58875e-05
-1.65247e-07
-200
3.19559e-05
1.22743e-06
-200
2.95774e-05
4.8921e-06
-200
1.28481e-05
1.36564e-06
-200
1.12266e-05
-3.93733e-06
-200
2.46902e-05
-2.43732e-06
-200
2.30154e-05
-1.32661e-06
-200
2.24137e-05
-1.15828e-06
-200
2.10351e-05
-1.7726e-07
1.94046e-05
-5.7155e-08
-200
6.35361e-05
5.99053e-06
-200
5.90741e-05
7.68416e-06
-200
4.93308e-05
4.18031e-06
-200
4.62295e-05
2.25711e-06
-200
4.02666e-05
4.38918e-07
-200
3.64017e-05
-5.03809e-07
-200
3.23523e-05
-6.40262e-07
-200
2.9534e-05
-6.6744e-07
-200
2.62155e-05
-5.41376e-08
-200
2.20268e-05
1.66482e-06
-200
1.61471e-05
4.34863e-06
-200
1.37719e-05
-5.6105e-07
-200
1.66224e-05
-4.84042e-06
-200
1.7458e-05
-1.91158e-06
-200
1.74288e-05
-6.05211e-07
-200
1.65497e-05
-5.97781e-07
1.50256e-05
7.31837e-07
-200
4.67111e-05
5.54035e-06
-200
4.39152e-05
7.29758e-06
-200
3.76747e-05
3.99762e-06
-200
3.4669e-05
2.20249e-06
-200
3.03093e-05
7.26209e-07
-200
2.68664e-05
-1.75629e-07
-200
2.49735e-05
-9.58059e-07
-200
2.17868e-05
-8.09714e-07
-200
2.08245e-05
-6.23992e-07
-200
1.67817e-05
7.10317e-07
-200
1.45465e-05
4.41469e-06
-200
9.75987e-06
4.33786e-09
-200
9.61564e-06
-5.05431e-06
-200
1.22857e-05
-1.97805e-06
-200
1.30493e-05
-1.03404e-06
-200
1.18239e-05
-9.60968e-09
1.0921e-05
5.05522e-07
-200
3.09701e-05
5.34923e-06
-200
2.98157e-05
7.55388e-06
-200
2.62437e-05
3.82537e-06
-200
2.31731e-05
2.02167e-06
-200
2.013e-05
9.16312e-07
-200
1.7383e-05
-4.02253e-07
-200
1.71363e-05
-9.73166e-07
-200
1.40885e-05
-1.44217e-06
-200
1.47866e-05
-1.17482e-06
-200
1.1983e-05
6.644e-07
-200
1.39444e-05
3.91061e-06
-200
-1.4566e-06
1.11137e-06
-200
-2.50052e-06
-4.33961e-06
-200
1.04478e-05
-2.62797e-06
-200
8.95386e-06
-8.75104e-07
-200
7.40574e-06
-6.60524e-07
7.12319e-06
3.90388e-08
-200
1.6279e-05
5.1261e-06
-200
1.61858e-05
7.36658e-06
-200
1.38858e-05
3.76639e-06
-200
1.19468e-05
2.06386e-06
-200
9.16526e-06
-1.20601e-07
-200
8.02377e-06
4.65753e-08
-200
7.39362e-06
-2.1494e-06
-200
6.07637e-06
-1.25885e-06
-200
5.8189e-06
-1.92687e-06
-200
4.66763e-06
-1.90273e-08
-200
3.71977e-06
1.41327e-06
-200
-5.76514e-08
4.33938e-06
-200
1.19455e-07
-8.96079e-07
-200
4.17476e-06
-4.72144e-06
-200
3.70118e-06
-2.01095e-06
-200
3.18094e-06
-4.76901e-07
2.90811e-06
-2.87884e-07
-200
5.84336e-06
-200
7.58831e-06
-200
4.36049e-06
-200
2.17574e-06
-200
1.03678e-06
-200
-1.13536e-06
-200
-7.24184e-07
-200
-2.56586e-06
-200
-1.53942e-06
-200
-1.34389e-06
-200
1.02062e-06
-200
4.70091e-06
-200
1.57982e-07
-200
-5.38945e-06
-200
-2.02716e-06
-200
-1.04009e-06
-8.36144e-07
-200
5.06565e-05
-200
4.88137e-05
-200
4.75789e-05
-9.21902e-08
-200
4.70027e-05
-4.56689e-07
-200
4.68435e-05
-6.0093e-07
-200
4.66228e-05
-8.13141e-07
-200
4.64566e-05
-1.02687e-06
-200
4.60385e-05
-1.09121e-06
-200
4.57735e-05
-5.4629e-07
-200
4.62244e-05
-3.97404e-07
4.70158e-05
8.63454e-07
-200
3.9698e-05
1.60079e-05
-200
4.48355e-05
1.60404e-05
-200
5.02e-05
9.27496e-06
-200
5.34104e-05
4.9347e-06
-200
5.33333e-05
2.94182e-06
-200
5.18591e-05
1.29846e-06
-200
4.83147e-05
9.62056e-07
-200
4.54306e-05
1.11538e-06
-200
4.34681e-05
8.31354e-07
-200
4.27526e-05
5.88277e-07
-200
4.31431e-05
2.11793e-07
-200
4.34667e-05
-2.57738e-07
-200
4.36247e-05
-7.19132e-07
-200
4.37244e-05
-1.03629e-06
-200
4.38009e-05
-1.04608e-06
-200
4.47835e-05
-2.96324e-07
4.56959e-05
-1.07324e-07
-200
4.66051e-05
1.64533e-05
-200
5.20363e-05
1.60044e-05
-200
5.61894e-05
9.31895e-06
-200
5.844e-05
4.58612e-06
-200
5.72975e-05
2.23031e-06
-200
5.18435e-05
1.88498e-06
-200
4.61376e-05
2.20806e-06
-200
4.2279e-05
2.59389e-06
-200
3.90952e-05
2.98065e-06
-200
3.86103e-05
2.30287e-06
-200
3.99637e-05
1.32416e-06
-200
4.06763e-05
5.79587e-07
-200
4.10822e-05
1.04566e-07
-200
4.15434e-05
-4.15683e-07
-200
4.21761e-05
-2.27215e-07
-200
4.31066e-05
-4.5501e-07
4.432e-05
6.30615e-07
-200
5.24052e-05
1.65148e-05
-200
5.70494e-05
1.56236e-05
-200
6.03431e-05
8.50169e-06
-200
6.1658e-05
3.9696e-06
-200
5.96958e-05
1.89025e-06
-200
5.62692e-05
2.62326e-06
-200
5.30654e-05
4.43801e-06
-200
4.98679e-05
5.53281e-06
-200
4.62043e-05
5.6655e-06
-200
4.09587e-05
4.31012e-06
-200
3.81326e-05
2.44045e-06
-200
3.85792e-05
1.54887e-06
-200
3.90499e-05
7.03951e-07
-200
3.9668e-05
2.72407e-07
-200
4.03796e-05
-3.81811e-07
-200
4.15227e-05
2.92858e-07
4.25702e-05
2.44124e-08
-200
5.86991e-05
1.71275e-05
-200
6.29451e-05
1.68696e-05
-200
6.58282e-05
1.00168e-05
-200
6.64514e-05
5.24025e-06
-200
6.21918e-05
2.78855e-06
-200
5.95642e-05
2.3578e-06
-200
5.9848e-05
2.4566e-06
-200
5.75196e-05
2.41225e-06
-200
5.40027e-05
2.72206e-06
-200
4.96093e-05
2.63825e-06
-200
4.30803e-05
2.49047e-06
-200
3.74003e-05
2.34574e-06
-200
3.68217e-05
1.82078e-06
-200
3.78061e-05
9.09264e-07
-200
3.85355e-05
7.04273e-07
-200
3.95417e-05
1.92152e-07
4.07687e-05
1.05984e-06
-200
6.52795e-05
1.76989e-05
-200
6.83802e-05
1.78875e-05
-200
7.03385e-05
1.09059e-05
-200
7.14291e-05
6.20032e-06
-200
6.99328e-05
3.8251e-06
-200
6.84916e-05
1.71891e-06
-200
6.69356e-05
5.43113e-07
-200
6.4363e-05
1.60661e-07
-200
6.11521e-05
-9.66874e-08
-200
5.75908e-05
3.14578e-07
-200
5.32215e-05
1.29839e-06
-200
4.8229e-05
3.13607e-06
-200
4.19762e-05
3.07403e-06
-200
3.67805e-05
1.61497e-06
-200
3.63564e-05
9.09817e-07
-200
3.81559e-05
1.0757e-06
3.87209e-05
6.06957e-07
-200
7.39144e-05
1.81185e-05
-200
7.47305e-05
1.91575e-05
-200
7.49565e-05
1.2647e-05
-200
7.72502e-05
7.03874e-06
-200
7.61742e-05
3.5319e-06
-200
7.51496e-05
1.32787e-06
-200
7.33382e-05
-2.52305e-07
-200
6.96323e-05
-1.33457e-06
-200
6.5964e-05
-1.22492e-06
-200
6.3694e-05
-8.79405e-07
-200
6.12247e-05
-3.60457e-09
-200
5.79971e-05
7.99576e-07
-200
5.36591e-05
1.69193e-06
-200
4.94006e-05
2.65076e-06
-200
4.34055e-05
2.86885e-06
-200
3.78641e-05
1.44472e-06
3.70633e-05
1.91394e-06
-200
8.38524e-05
1.65582e-05
-200
9.21649e-05
1.94845e-05
-200
9.13791e-05
1.48838e-05
-200
8.35114e-05
7.82412e-06
-200
8.03379e-05
4.20678e-06
-200
8.10901e-05
9.3653e-07
-200
7.91236e-05
-8.48268e-07
-200
7.25711e-05
-1.49694e-06
-200
6.8444e-05
-1.76261e-06
-200
6.88155e-05
-1.3151e-06
-200
6.78173e-05
-6.66004e-07
-200
6.62651e-05
9.22205e-08
-200
6.38313e-05
3.26589e-07
-200
6.12581e-05
6.79909e-07
-200
5.7227e-05
6.6516e-07
-200
5.16114e-05
2.65244e-06
4.34126e-05
2.32767e-06
-200
9.09688e-05
1.82309e-05
-200
9.45813e-05
1.98199e-05
-200
9.19193e-05
1.35163e-05
-200
8.70878e-05
7.20181e-06
-200
8.38097e-05
3.36101e-06
-200
8.27904e-05
9.9251e-07
-200
8.2515e-05
-7.09755e-07
-200
8.41129e-05
-1.41921e-06
-200
7.84653e-05
-6.75239e-07
-200
7.14375e-05
-4.89195e-07
-200
7.09919e-05
-5.20158e-07
-200
6.9657e-05
4.07382e-08
-200
6.76088e-05
5.1899e-07
-200
6.55181e-05
3.96673e-07
-200
6.4954e-05
-1.38216e-07
-200
5.94438e-05
-7.95445e-07
5.10065e-05
6.28354e-07
-200
9.83573e-05
1.84316e-05
-200
9.87287e-05
1.94972e-05
-200
9.38104e-05
1.24359e-05
-200
8.91098e-05
6.84431e-06
-200
8.56977e-05
3.82765e-06
-200
8.38249e-05
5.59543e-07
-200
8.27938e-05
-8.49157e-07
-200
8.33993e-05
-6.68277e-07
-200
8.5583e-05
1.59571e-06
-200
8.26393e-05
1.64065e-07
-200
7.6495e-05
-1.79901e-06
-200
7.33575e-05
3.2412e-08
-200
6.99228e-05
1.48707e-07
-200
6.52945e-05
-5.5657e-07
-200
5.81732e-05
-3.69838e-06
-200
5.39289e-05
-3.10248e-06
5.21163e-05
-2.02978e-06
-200
0.000105628
1.82382e-05
-200
0.000103313
1.92068e-05
-200
9.56484e-05
1.18958e-05
-200
8.98879e-05
5.9979e-06
-200
8.6216e-05
2.74324e-06
-200
8.33728e-05
4.8599e-07
-200
8.15993e-05
-9.07462e-07
-200
8.03751e-05
-1.21023e-06
-200
7.97494e-05
1.67858e-07
-200
7.80325e-05
6.66601e-07
-200
7.41059e-05
6.63811e-07
-200
6.92207e-05
3.79944e-07
-200
6.503e-05
5.82666e-07
-200
6.15439e-05
4.41193e-07
-200
5.76207e-05
-2.89961e-07
-200
5.38679e-05
-1.82562e-06
5.11877e-05
-9.96888e-07
-200
0.000112209
1.78439e-05
-200
0.000107771
1.86864e-05
-200
9.62359e-05
9.80545e-06
-200
8.8803e-05
4.12809e-06
-200
8.56099e-05
2.63237e-06
-200
8.18867e-05
-6.13881e-08
-200
7.85886e-05
-1.12983e-06
-200
7.6231e-05
-1.01832e-06
-200
7.44337e-05
-7.08314e-07
-200
7.21614e-05
1.24915e-07
-200
6.89101e-05
6.89109e-07
-200
6.50912e-05
9.68443e-07
-200
6.16333e-05
8.17647e-07
-200
5.86643e-05
8.70126e-07
-200
5.55366e-05
-1.64548e-07
-200
5.28969e-05
-2.35551e-08
5.01391e-05
-1.39854e-06
-200
0.000116985
1.71309e-05
-200
0.000110978
1.80955e-05
-200
9.94357e-05
1.05191e-05
-200
9.08636e-05
4.9266e-06
-200
8.45266e-05
1.96346e-06
-200
7.89106e-05
2.45791e-07
-200
7.44341e-05
-8.45851e-07
-200
7.09953e-05
-1.10572e-06
-200
6.84213e-05
-4.26946e-07
-200
6.62166e-05
1.58554e-07
-200
6.36714e-05
5.80006e-07
-200
6.06461e-05
9.514e-07
-200
5.77683e-05
1.22512e-06
-200
5.51657e-05
1.27263e-06
-200
5.28599e-05
8.31072e-07
-200
5.03912e-05
-4.152e-07
4.82715e-05
3.15434e-09
-200
0.000119773
1.6244e-05
-200
0.0001128
1.69877e-05
-200
0.000100605
9.57511e-06
-200
9.07781e-05
4.87762e-06
-200
8.22299e-05
2.39033e-06
-200
7.42316e-05
1.75782e-07
-200
6.76915e-05
-4.49719e-07
-200
6.40319e-05
-4.24123e-07
-200
6.19811e-05
-5.77356e-07
-200
6.01114e-05
-2.61579e-07
-200
5.80695e-05
3.00651e-07
-200
5.59293e-05
7.18135e-07
-200
5.38082e-05
6.87521e-07
-200
5.17708e-05
5.3768e-07
-200
4.95464e-05
-1.01954e-07
-200
4.79014e-05
9.29826e-08
4.57826e-05
-9.79784e-07
-200
0.000120145
1.51438e-05
-200
0.000112672
1.55153e-05
-200
0.000100002
8.54676e-06
-200
8.93757e-05
4.45264e-06
-200
7.85799e-05
2.05392e-06
-200
6.63577e-05
1.30286e-06
-200
5.78242e-05
9.44544e-07
-200
5.48498e-05
2.53509e-07
-200
5.37541e-05
1.62634e-07
-200
5.31336e-05
-1.35505e-08
-200
5.22652e-05
1.02475e-07
-200
5.0824e-05
2.60048e-07
-200
4.92419e-05
5.9284e-07
-200
4.76161e-05
5.1684e-07
-200
4.60153e-05
5.19155e-08
-200
4.41825e-05
-8.1319e-07
4.25133e-05
-2.83753e-07
-200
0.000117609
1.38676e-05
-200
0.000109935
1.27751e-05
-200
9.70613e-05
5.41468e-06
-200
8.59732e-05
3.46753e-06
-200
7.2889e-05
2.26457e-06
-200
6.19652e-05
2.94141e-06
-200
5.31083e-05
3.4732e-06
-200
4.43082e-05
2.21082e-06
-200
4.25173e-05
5.79951e-07
-200
4.4957e-05
-1.26049e-07
-200
4.56365e-05
-2.35644e-07
-200
4.54333e-05
-3.71222e-08
-200
4.46858e-05
-2.01048e-07
-200
4.3522e-05
-4.16897e-07
-200
4.20108e-05
-8.71651e-07
-200
4.07416e-05
-6.71049e-07
3.90691e-05
-1.25533e-06
-200
0.000111331
1.28553e-05
-200
0.000101164
1.19058e-05
-200
8.80066e-05
4.93257e-06
-200
7.87711e-05
3.12679e-06
-200
6.82644e-05
2.8257e-06
-200
5.97474e-05
3.21934e-06
-200
5.25819e-05
2.63005e-06
-200
4.52435e-05
3.75752e-06
-200
3.71621e-05
3.28959e-06
-200
3.52876e-05
8.11249e-07
-200
3.87585e-05
-2.32803e-07
-200
3.98029e-05
-4.73712e-07
-200
3.95421e-05
-3.24874e-07
-200
3.87397e-05
-3.08631e-07
-200
3.77446e-05
-6.85645e-07
-200
3.63945e-05
-1.28545e-06
3.54148e-05
-5.62986e-07
-200
0.000102778
1.21761e-05
-200
9.48175e-05
1.29036e-05
-200
8.21896e-05
6.19937e-06
-200
6.96516e-05
3.26448e-06
-200
6.03033e-05
1.55024e-06
-200
5.51912e-05
5.64814e-07
-200
4.91369e-05
6.56094e-07
-200
4.32402e-05
1.74346e-06
-200
3.72268e-05
3.19761e-06
-200
3.1876e-05
2.20342e-06
-200
3.14326e-05
-2.22066e-07
-200
3.38779e-05
-8.04989e-07
-200
3.4413e-05
-1.05993e-06
-200
3.40379e-05
-1.19173e-06
-200
3.30724e-05
-1.46877e-06
-200
3.22062e-05
-9.71624e-07
3.12796e-05
-1.26427e-06
-200
9.13946e-05
1.15852e-05
-200
8.4598e-05
1.31897e-05
-200
7.37911e-05
6.94926e-06
-200
6.36814e-05
3.63417e-06
-200
5.56852e-05
1.08295e-06
-200
5.00961e-05
7.02705e-08
-200
4.52395e-05
-1.27339e-07
-200
4.02223e-05
2.58726e-07
-200
3.49447e-05
1.34646e-06
-200
2.76784e-05
1.68681e-06
-200
2.43455e-05
2.52634e-07
-200
2.67911e-05
-1.18344e-06
-200
2.86036e-05
-1.13804e-06
-200
2.87622e-05
-1.1197e-06
-200
2.82272e-05
-1.12597e-06
-200
2.70469e-05
-1.2869e-06
2.62387e-05
-5.04996e-07
-200
7.76736e-05
1.08926e-05
-200
7.2031e-05
1.29566e-05
-200
6.33155e-05
6.56331e-06
-200
5.52696e-05
3.50926e-06
-200
4.86076e-05
8.68829e-07
-200
4.34015e-05
-6.74108e-07
-200
3.93457e-05
-1.09669e-06
-200
3.56873e-05
-6.20171e-07
-200
3.17895e-05
-8.67961e-08
-200
2.68862e-05
7.84086e-07
-200
1.97322e-05
4.57168e-07
-200
1.89665e-05
-8.09102e-07
-200
2.32045e-05
-1.50896e-06
-200
2.38244e-05
-1.56631e-06
-200
2.32015e-05
-1.45722e-06
-200
2.21126e-05
-8.41932e-07
2.0739e-05
-3.96895e-07
-200
6.21207e-05
1.02009e-05
-200
5.77364e-05
1.24668e-05
-200
5.1092e-05
6.40459e-06
-200
4.48885e-05
3.58577e-06
-200
3.91883e-05
6.83258e-07
-200
3.49536e-05
-7.48905e-07
-200
3.21266e-05
-1.44464e-06
-200
2.92774e-05
-1.59338e-06
-200
2.63712e-05
-1.09449e-06
-200
2.26398e-05
-1.6967e-07
-200
1.83355e-05
1.70295e-06
-200
1.6717e-05
8.25453e-07
-200
1.79655e-05
-1.36346e-06
-200
1.86059e-05
-1.35992e-06
-200
1.83814e-05
-9.8898e-07
-200
1.68286e-05
-6.30356e-07
1.4994e-05
4.96205e-07
-200
4.63565e-05
8.62771e-06
-200
4.38253e-05
1.08984e-05
-200
3.86692e-05
6.36241e-06
-200
3.40574e-05
3.26205e-06
-200
2.92199e-05
8.18931e-07
-200
2.6604e-05
-7.67775e-07
-200
2.41525e-05
-1.75995e-06
-200
2.25194e-05
-1.7216e-06
-200
2.0435e-05
-1.83582e-06
-200
1.78061e-05
-1.10891e-06
-200
1.47718e-05
1.77848e-07
-200
1.19147e-05
-1.67545e-07
-200
1.22478e-05
-1.65346e-06
-200
1.3551e-05
-1.48091e-06
-200
1.3676e-05
-1.07392e-06
-200
1.22348e-05
-3.27107e-07
1.11101e-05
5.39468e-07
-200
3.11369e-05
8.22528e-06
-200
3.08005e-05
1.07686e-05
-200
2.65932e-05
5.801e-06
-200
2.31456e-05
3.3036e-06
-200
1.94347e-05
1.16579e-06
-200
1.79138e-05
-1.03024e-06
-200
1.62277e-05
-1.80546e-06
-200
1.53152e-05
-2.63625e-06
-200
1.3912e-05
-2.33374e-06
-200
1.25338e-05
-1.28429e-06
-200
9.48414e-06
4.44371e-08
-200
4.30161e-06
7.30071e-08
-200
3.41773e-06
-9.33714e-07
-200
8.38037e-06
-1.19038e-06
-200
8.58178e-06
-5.98492e-07
-200
7.80756e-06
-3.59786e-07
7.49523e-06
3.50123e-08
-200
1.62304e-05
7.98545e-06
-200
1.69636e-05
1.07413e-05
-200
1.40961e-05
5.77493e-06
-200
1.15437e-05
3.39224e-06
-200
9.3482e-06
1.50513e-07
-200
8.01059e-06
-8.09992e-07
-200
7.42702e-06
-2.88829e-06
-200
6.26269e-06
-2.48765e-06
-200
5.93184e-06
-3.48622e-06
-200
4.98162e-06
-1.46039e-06
-200
2.91309e-06
-3.79786e-07
-200
1.92855e-06
6.74382e-07
-200
1.17245e-06
-2.61947e-07
-200
3.86091e-06
-1.05207e-06
-200
3.4206e-06
-7.8666e-07
-200
3.76539e-06
-4.9618e-07
3.43527e-06
-1.1423e-07
-200
8.62488e-06
-200
1.11538e-05
-200
7.38779e-06
-200
3.84413e-06
-200
1.68117e-06
-200
-1.05635e-06
-200
-1.90828e-06
-200
-3.66133e-06
-200
-3.00563e-06
-200
-2.53019e-06
-200
-9.71157e-07
-200
5.57243e-07
-200
-1.77982e-07
-200
-1.68283e-06
-200
-1.34889e-06
-200
-1.12242e-06
-9.20443e-07
-200
4.98409e-05
-200
4.88643e-05
-200
4.81154e-05
-200
4.73346e-05
-7.81245e-07
-200
4.64613e-05
-9.33117e-07
-200
4.5955e-05
-9.40782e-07
-200
4.54861e-05
-3.3512e-07
-200
4.5853e-05
9.90474e-08
4.68271e-05
7.88852e-07
-200
4.09606e-05
1.67519e-05
-200
4.59178e-05
1.69173e-05
-200
5.04842e-05
9.65759e-06
-200
5.33671e-05
5.21625e-06
-200
5.38235e-05
3.06656e-06
-200
5.29601e-05
1.26182e-06
-200
5.13926e-05
8.37181e-07
-200
4.90192e-05
5.39642e-07
-200
4.691e-05
4.06911e-07
-200
4.57235e-05
2.25028e-07
-200
4.499e-05
9.05089e-08
-200
4.44961e-05
-5.61528e-07
-200
4.37836e-05
-7.56806e-07
-200
4.32459e-05
-7.26479e-07
-200
4.34017e-05
-6.8067e-07
-200
4.38305e-05
-2.35506e-07
4.52734e-05
2.46163e-07
-200
4.68544e-05
1.71527e-05
-200
5.18433e-05
1.69172e-05
-200
5.54467e-05
9.50049e-06
-200
5.73301e-05
4.91362e-06
-200
5.63944e-05
2.64904e-06
-200
5.3789e-05
1.83832e-06
-200
5.04437e-05
1.49163e-06
-200
4.6997e-05
1.55923e-06
-200
4.42724e-05
1.59599e-06
-200
4.25068e-05
1.29555e-06
-200
4.18406e-05
8.76324e-07
-200
4.15703e-05
6.58567e-07
-200
4.1336e-05
1.14554e-07
-200
4.12045e-05
-2.787e-07
-200
4.16781e-05
-2.25532e-07
-200
4.22034e-05
-2.29693e-08
4.37096e-05
5.20878e-07
-200
5.33848e-05
1.74776e-05
-200
5.90271e-05
1.7058e-05
-200
6.23379e-05
9.34114e-06
-200
6.3545e-05
4.82957e-06
-200
6.12079e-05
2.74165e-06
-200
5.57858e-05
2.26741e-06
-200
5.0049e-05
2.74847e-06
-200
4.58095e-05
2.94428e-06
-200
4.19183e-05
2.95355e-06
-200
3.85816e-05
2.81474e-06
-200
3.81695e-05
2.22996e-06
-200
3.93667e-05
1.17584e-06
-200
3.94612e-05
5.58046e-07
-200
3.95331e-05
1.98043e-07
-200
4.00362e-05
-6.82894e-08
-200
4.09969e-05
1.00852e-07
4.19899e-05
3.6214e-07
-200
5.94619e-05
1.74584e-05
-200
6.45695e-05
1.67815e-05
-200
6.72783e-05
8.87686e-06
-200
6.74746e-05
4.15584e-06
-200
6.27424e-05
2.19025e-06
-200
5.88944e-05
2.98664e-06
-200
5.74597e-05
4.15715e-06
-200
5.42196e-05
4.65292e-06
-200
5.05706e-05
5.14104e-06
-200
4.65894e-05
5.31814e-06
-200
4.11213e-05
4.1355e-06
-200
3.79623e-05
2.63812e-06
-200
3.81274e-05
1.62771e-06
-200
3.81753e-05
8.67266e-07
-200
3.87856e-05
5.97837e-07
-200
3.95094e-05
5.597e-07
4.05573e-05
8.71345e-07
-200
6.56564e-05
1.81113e-05
-200
6.97612e-05
1.8082e-05
-200
7.20429e-05
1.01963e-05
-200
7.24092e-05
5.68501e-06
-200
7.00158e-05
4.74431e-06
-200
6.76941e-05
3.25394e-06
-200
6.58772e-05
1.43252e-06
-200
6.28925e-05
7.63992e-07
-200
5.93439e-05
7.16521e-07
-200
5.54451e-05
1.61026e-06
-200
5.04886e-05
3.44454e-06
-200
4.37979e-05
3.30419e-06
-200
3.80608e-05
2.09172e-06
-200
3.68715e-05
1.53412e-06
-200
3.7826e-05
8.99374e-07
-200
3.85341e-05
7.30749e-07
3.89466e-05
9.08396e-07
-200
7.10708e-05
1.90486e-05
-200
7.46651e-05
2.0023e-05
-200
7.81076e-05
1.2099e-05
-200
7.77335e-05
6.70563e-06
-200
7.60753e-05
3.74159e-06
-200
7.49528e-05
1.71641e-06
-200
7.30557e-05
-2.20834e-08
-200
6.92754e-05
-8.11807e-07
-200
6.561e-05
-8.26538e-07
-200
6.28454e-05
-4.53334e-07
-200
5.95464e-05
3.76061e-07
-200
5.52481e-05
1.46046e-06
-200
5.04054e-05
2.92696e-06
-200
4.39335e-05
2.9484e-06
-200
3.86107e-05
1.81184e-06
-200
3.74763e-05
1.66604e-06
3.81495e-05
1.43189e-06
-200
8.58276e-05
2.11175e-05
-200
9.16991e-05
2.29495e-05
-200
8.799e-05
1.33664e-05
-200
8.2372e-05
7.38544e-06
-200
8.00399e-05
4.09472e-06
-200
8.11386e-05
1.03464e-06
-200
7.95418e-05
-5.13478e-07
-200
7.31992e-05
-1.44756e-06
-200
6.93824e-05
-1.67283e-06
-200
6.90171e-05
-1.12544e-06
-200
6.67509e-05
-3.19709e-07
-200
6.47328e-05
-7.44318e-08
-200
6.15291e-05
5.11359e-07
-200
5.72444e-05
8.90198e-07
-200
5.21739e-05
2.08694e-06
-200
4.58649e-05
2.25202e-06
3.9489e-05
1.30632e-06
-200
9.07708e-05
1.98825e-05
-200
9.36745e-05
2.14182e-05
-200
9.02741e-05
1.31523e-05
-200
8.61811e-05
7.18373e-06
-200
8.37369e-05
3.62158e-06
-200
8.29431e-05
1.12321e-06
-200
8.2666e-05
-5.96018e-07
-200
8.47824e-05
-1.2019e-06
-200
8.19881e-05
-9.76927e-07
-200
7.19811e-05
-7.63656e-07
-200
6.79033e-05
-3.84724e-07
-200
6.7976e-05
5.39586e-07
-200
6.54234e-05
7.75998e-07
-200
6.21967e-05
4.86756e-07
-200
5.80733e-05
1.38476e-07
-200
5.28079e-05
2.36675e-07
4.80776e-05
3.41307e-07
-200
9.75596e-05
1.94845e-05
-200
9.76886e-05
2.07021e-05
-200
9.228e-05
1.23937e-05
-200
8.78277e-05
6.79116e-06
-200
8.54229e-05
3.70631e-06
-200
8.367e-05
6.8544e-07
-200
8.27169e-05
-6.15474e-07
-200
8.27297e-05
-1.12733e-06
-200
8.21429e-05
-7.81463e-07
-200
8.21784e-05
-3.98606e-07
-200
7.91103e-05
4.72977e-09
-200
7.29605e-05
1.75599e-07
-200
6.87844e-05
3.33647e-07
-200
6.51664e-05
-3.60651e-10
-200
6.05509e-05
-1.004e-06
-200
5.65459e-05
-1.62633e-06
5.23622e-05
-1.64718e-06
-200
0.000104748
1.92425e-05
-200
0.000102474
2.03569e-05
-200
9.29407e-05
1.18036e-05
-200
8.70056e-05
6.00169e-06
-200
8.55584e-05
2.83336e-06
-200
8.3247e-05
5.55801e-07
-200
8.121e-05
-8.64004e-07
-200
7.95966e-05
-1.02997e-06
-200
7.82275e-05
-4.98921e-07
-200
7.67575e-05
-1.39306e-07
-200
7.37056e-05
2.50464e-07
-200
6.92299e-05
1.11795e-06
-200
6.55173e-05
1.32602e-06
-200
6.2386e-05
7.89728e-07
-200
5.88081e-05
-5.93228e-07
-200
5.49763e-05
-1.86291e-06
5.18895e-05
-4.12222e-06
-200
0.000110858
1.88216e-05
-200
0.000106676
1.98122e-05
-200
9.70532e-05
1.10445e-05
-200
9.00522e-05
5.46932e-06
-200
8.57564e-05
2.73326e-06
-200
8.18157e-05
8.93406e-08
-200
7.8525e-05
-8.56116e-07
-200
7.58565e-05
-1.17591e-06
-200
7.35544e-05
-9.46139e-07
-200
7.12046e-05
-1.31997e-07
-200
6.84024e-05
7.54721e-07
-200
6.5247e-05
7.25652e-07
-200
6.21538e-05
9.27299e-07
-200
5.93353e-05
9.08143e-07
-200
5.62726e-05
-4.23732e-08
-200
5.34492e-05
-1.14687e-06
5.0071e-05
-2.38838e-06
-200
0.000115567
1.82065e-05
-200
0.000109766
1.91875e-05
-200
9.91573e-05
1.06241e-05
-200
9.09892e-05
5.24799e-06
-200
8.46179e-05
2.13978e-06
-200
7.91829e-05
1.9453e-07
-200
7.4581e-05
-8.92791e-07
-200
7.09522e-05
-9.23728e-07
-200
6.82109e-05
-4.70137e-07
-200
6.58858e-05
-1.18168e-07
-200
6.3361e-05
3.135e-07
-200
6.0649e-05
1.22237e-06
-200
5.81384e-05
1.62449e-06
-200
5.60224e-05
1.19128e-06
-200
5.34949e-05
4.86345e-07
-200
5.07114e-05
-1.273e-07
4.81167e-05
-7.50972e-07
-200
0.000118124
1.73078e-05
-200
0.000110621
1.77753e-05
-200
9.8835e-05
9.09183e-06
-200
8.99822e-05
4.73013e-06
-200
8.21145e-05
2.03176e-06
-200
7.48552e-05
4.54577e-08
-200
6.89428e-05
-5.20167e-07
-200
6.48443e-05
-7.57268e-07
-200
6.20829e-05
-7.66581e-07
-200
5.99268e-05
-2.4024e-07
-200
5.80494e-05
4.43068e-07
-200
5.62664e-05
2.52112e-07
-200
5.43174e-05
3.47687e-07
-200
5.23155e-05
3.84348e-07
-200
5.01939e-05
-1.11755e-07
-200
4.81072e-05
-5.66261e-07
4.53075e-05
-7.4813e-07
-200
0.000118291
1.62606e-05
-200
0.000108671
1.56483e-05
-200
9.60189e-05
7.10603e-06
-200
8.75033e-05
4.06919e-06
-200
7.79438e-05
1.76588e-06
-200
6.86918e-05
6.24954e-07
-200
6.11554e-05
9.86045e-08
-200
5.67561e-05
1.19958e-09
-200
5.46601e-05
3.45475e-08
-200
5.34635e-05
-1.39518e-07
-200
5.23535e-05
-1.09372e-07
-200
5.09991e-05
5.3467e-07
-200
4.96495e-05
8.23498e-07
-200
4.83e-05
2.63752e-07
-200
4.65795e-05
-2.41639e-07
-200
4.44329e-05
-4.22995e-07
4.23327e-05
-5.03434e-07
-200
0.000116093
1.5097e-05
-200
0.000108407
1.52308e-05
-200
9.57224e-05
6.88571e-06
-200
8.4655e-05
3.74607e-06
-200
7.30253e-05
1.68976e-06
-200
6.07119e-05
1.26089e-06
-200
5.06261e-05
1.56129e-06
-200
4.64195e-05
1.05048e-06
-200
4.5941e-05
1.913e-07
-200
4.59728e-05
-5.92761e-08
-200
4.6043e-05
4.53414e-08
-200
4.58191e-05
-4.30415e-07
-200
4.50536e-05
-5.45464e-07
-200
4.38526e-05
-5.54084e-07
-200
4.25106e-05
-9.77419e-07
-200
4.09781e-05
-1.21775e-06
3.8843e-05
-1.12415e-06
-200
0.000110415
1.37855e-05
-200
0.000102961
1.40525e-05
-200
9.04625e-05
6.17556e-06
-200
7.83762e-05
3.13458e-06
-200
6.49021e-05
1.56037e-06
-200
5.52117e-05
2.65246e-06
-200
4.88727e-05
4.0576e-06
-200
4.12972e-05
3.21944e-06
-200
3.73567e-05
1.55953e-06
-200
3.82803e-05
3.96443e-07
-200
3.93753e-05
-2.69268e-07
-200
3.97756e-05
-7.56577e-08
-200
3.96601e-05
1.81018e-08
-200
3.91181e-05
-5.49033e-07
-200
3.8132e-05
-9.86999e-07
-200
3.66836e-05
-9.55519e-07
3.55438e-05
-7.72561e-07
-200
0.000101987
1.19614e-05
-200
9.50149e-05
1.26279e-05
-200
8.26296e-05
6.08654e-06
-200
6.88952e-05
3.75147e-06
-200
5.83863e-05
1.78775e-06
-200
5.27372e-05
9.1649e-07
-200
4.68905e-05
1.03294e-06
-200
4.07358e-05
1.18523e-06
-200
3.37344e-05
9.79528e-07
-200
3.06664e-05
5.50594e-07
-200
3.24131e-05
5.70191e-09
-200
3.39028e-05
-8.66142e-07
-200
3.4376e-05
-1.19633e-06
-200
3.40492e-05
-1.35734e-06
-200
3.33578e-05
-1.57531e-06
-200
3.25098e-05
-1.54814e-06
3.15189e-05
-1.16653e-06
-200
9.04986e-05
1.09702e-05
-200
8.40297e-05
1.20169e-05
-200
7.32e-05
6.1053e-06
-200
6.25489e-05
4.93982e-06
-200
5.39977e-05
2.6459e-06
-200
4.83619e-05
1.86315e-07
-200
4.33073e-05
-4.74847e-07
-200
3.82673e-05
-1.67896e-07
-200
3.28322e-05
5.07182e-07
-200
2.67319e-05
6.64101e-07
-200
2.498e-05
7.41448e-09
-200
2.73464e-05
-4.15887e-07
-200
2.85064e-05
-6.74628e-07
-200
2.87837e-05
-1.21457e-06
-200
2.83545e-05
-1.42903e-06
-200
2.74217e-05
-1.12586e-06
2.68406e-05
-6.85715e-07
-200
7.65471e-05
1.04255e-05
-200
7.09236e-05
1.18922e-05
-200
6.22718e-05
5.72928e-06
-200
5.41055e-05
3.48527e-06
-200
4.70581e-05
7.11375e-07
-200
4.20391e-05
-1.10988e-06
-200
3.78686e-05
-1.5689e-06
-200
3.39383e-05
-1.53342e-06
-200
2.97094e-05
-1.03783e-06
-200
2.49362e-05
8.49058e-07
-200
2.14761e-05
1.20904e-06
-200
2.15651e-05
-7.07752e-07
-200
2.30044e-05
-1.31987e-06
-200
2.34934e-05
-1.62739e-06
-200
2.32782e-05
-1.66645e-06
-200
2.24759e-05
-1.38934e-06
2.15522e-05
-7.72883e-07
-200
5.98887e-05
1.02333e-05
-200
5.54826e-05
1.22208e-05
-200
5.04196e-05
5.97277e-06
-200
4.41823e-05
3.57715e-06
-200
3.87664e-05
5.03027e-07
-200
3.47757e-05
-1.01663e-06
-200
3.16568e-05
-1.81358e-06
-200
2.86756e-05
-1.86646e-06
-200
2.56315e-05
-1.59079e-06
-200
2.15083e-05
-8.96678e-07
-200
1.61019e-05
-3.36497e-07
-200
1.44887e-05
-2.92962e-07
-200
1.74103e-05
-9.75607e-07
-200
1.82044e-05
-1.27306e-06
-200
1.83935e-05
-1.30565e-06
-200
1.70854e-05
-7.89581e-07
1.59847e-05
-2.31091e-07
-200
4.58303e-05
1.09861e-05
-200
4.33703e-05
1.34139e-05
-200
3.83558e-05
6.41524e-06
-200
3.307e-05
3.18283e-06
-200
2.90612e-05
3.04465e-07
-200
2.60319e-05
-1.38093e-06
-200
2.39354e-05
-2.27665e-06
-200
2.1896e-05
-2.52656e-06
-200
1.96126e-05
-2.68766e-06
-200
1.64992e-05
-2.07186e-06
-200
1.35779e-05
-9.0971e-07
-200
1.19333e-05
-8.29573e-07
-200
1.19801e-05
-1.11772e-06
-200
1.35459e-05
-1.49098e-06
-200
1.33194e-05
-1.16149e-06
-200
1.24041e-05
-9.56537e-07
1.05577e-05
-4.05641e-07
-200
3.08056e-05
1.09153e-05
-200
3.00184e-05
1.38518e-05
-200
2.60491e-05
6.26426e-06
-200
2.21067e-05
3.51798e-06
-200
1.93966e-05
3.43918e-07
-200
1.71079e-05
-1.25511e-06
-200
1.62143e-05
-2.66809e-06
-200
1.45847e-05
-2.89523e-06
-200
1.31332e-05
-3.21594e-06
-200
1.11969e-05
-2.43068e-06
-200
8.97831e-06
-1.06334e-06
-200
5.66459e-06
-2.63363e-07
-200
4.69998e-06
-3.5655e-07
-200
8.38576e-06
-5.63306e-07
-200
8.33992e-06
-6.28923e-07
-200
7.83713e-06
-3.81518e-07
7.1675e-06
-2.98772e-07
-200
1.54273e-05
1.07889e-05
-200
1.57214e-05
1.36846e-05
-200
1.31953e-05
6.26695e-06
-200
1.09775e-05
3.15438e-06
-200
8.52168e-06
1.82808e-07
-200
7.95055e-06
-2.08606e-06
-200
6.74391e-06
-2.81447e-06
-200
6.51878e-06
-4.03063e-06
-200
5.09316e-06
-3.87935e-06
-200
4.38465e-06
-3.27134e-06
-200
3.49332e-06
-1.47956e-06
-200
2.12685e-06
1.36564e-06
-200
2.84076e-06
1.43458e-06
-200
3.46865e-06
1.25769e-07
-200
4.14672e-06
-4.75603e-07
-200
3.48903e-06
-9.28002e-07
3.90179e-06
-2.76125e-07
-200
1.08851e-05
-200
1.38117e-05
-200
7.8767e-06
-200
3.91756e-06
-200
8.32672e-07
-200
-1.30111e-06
-200
-3.16174e-06
-200
-3.96817e-06
-200
-4.3929e-06
-200
-3.69183e-06
-200
-2.08463e-06
-200
1.10909e-06
-200
2.17541e-06
-200
-4.77526e-07
-200
-1.1488e-06
-200
-1.08727e-06
-1.11416e-06
-200
4.79849e-05
-200
4.69035e-05
-200
4.59107e-05
-200
4.56544e-05
1.08542e-07
-200
4.58314e-05
-9.12745e-08
4.68316e-05
6.33268e-07
-200
4.25224e-05
1.05465e-05
-200
4.7547e-05
1.06895e-05
-200
5.15292e-05
5.94503e-06
-200
5.36791e-05
3.20689e-06
-200
5.4513e-05
1.69989e-06
-200
5.40127e-05
9.10424e-07
-200
5.26229e-05
5.11102e-07
-200
5.10342e-05
1.86965e-07
-200
4.93155e-05
2.64177e-07
-200
4.78593e-05
7.95608e-08
-200
4.64904e-05
1.6553e-08
-200
4.51324e-05
-3.88118e-07
-200
4.41517e-05
-2.99127e-07
-200
4.34562e-05
-1.47822e-07
-200
4.32619e-05
-2.88409e-07
-200
4.36862e-05
1.56038e-08
4.48499e-05
3.63141e-07
-200
4.74206e-05
1.07965e-05
-200
5.23522e-05
1.07561e-05
-200
5.5579e-05
5.89896e-06
-200
5.6859e-05
3.15039e-06
-200
5.65847e-05
1.74368e-06
-200
5.49093e-05
1.07538e-06
-200
5.23142e-05
8.22694e-07
-200
4.96714e-05
8.23258e-07
-200
4.73556e-05
7.06462e-07
-200
4.52953e-05
7.05595e-07
-200
4.37988e-05
6.16219e-07
-200
4.27362e-05
5.42514e-07
-200
4.19913e-05
8.50528e-08
-200
4.14671e-05
-9.02404e-08
-200
4.1373e-05
2.85646e-07
-200
4.19927e-05
2.40505e-07
4.32487e-05
5.24386e-07
-200
5.33794e-05
1.10959e-05
-200
5.8646e-05
1.10365e-05
-200
6.15172e-05
6.02171e-06
-200
6.20554e-05
3.25527e-06
-200
6.03803e-05
1.8603e-06
-200
5.67172e-05
1.34865e-06
-200
5.24818e-05
1.23548e-06
-200
4.87232e-05
1.1492e-06
-200
4.54004e-05
1.30543e-06
-200
4.28671e-05
1.29882e-06
-200
4.1439e-05
1.14776e-06
-200
4.06795e-05
5.97103e-07
-200
3.99787e-05
5.3547e-07
-200
3.97008e-05
5.25716e-07
-200
3.99493e-05
9.33223e-08
-200
4.05791e-05
3.31844e-07
4.16174e-05
4.86839e-07
-200
6.04751e-05
1.12926e-05
-200
6.6652e-05
1.12969e-05
-200
6.93682e-05
6.19236e-06
-200
6.92049e-05
3.39668e-06
-200
6.59265e-05
2.00948e-06
-200
5.97283e-05
1.48601e-06
-200
5.33441e-05
1.37373e-06
-200
4.86763e-05
1.44599e-06
-200
4.45504e-05
1.49116e-06
-200
4.10015e-05
1.9577e-06
-200
3.96589e-05
1.9464e-06
-200
3.92605e-05
1.59701e-06
-200
3.8727e-05
9.23466e-07
-200
3.86066e-05
5.10931e-07
-200
3.88018e-05
7.4493e-07
-200
3.94388e-05
6.00313e-07
4.02016e-05
8.01633e-07
-200
6.69042e-05
1.15865e-05
-200
7.24216e-05
1.18021e-05
-200
7.44399e-05
6.65049e-06
-200
7.34601e-05
3.82354e-06
-200
6.86188e-05
2.28906e-06
-200
6.51551e-05
1.20839e-06
-200
6.39179e-05
3.26761e-07
-200
6.0628e-05
-1.18967e-07
-200
5.66252e-05
2.61371e-07
-200
5.21604e-05
2.08211e-06
-200
4.5536e-05
2.75145e-06
-200
3.92813e-05
1.28511e-06
-200
3.7626e-05
1.09549e-06
-200
3.80041e-05
1.05892e-06
-200
3.81686e-05
4.79897e-07
-200
3.85292e-05
6.65824e-07
3.89016e-05
7.97086e-07
-200
7.40772e-05
1.21069e-05
-200
7.89327e-05
1.28134e-05
-200
7.98306e-05
7.63677e-06
-200
7.80213e-05
4.56804e-06
-200
7.5626e-05
2.52892e-06
-200
7.44203e-05
1.01896e-06
-200
7.24418e-05
1.17802e-07
-200
6.86287e-05
-2.82086e-07
-200
6.47943e-05
-4.14221e-07
-200
6.1365e-05
1.68869e-07
-200
5.72634e-05
6.24181e-07
-200
5.25328e-05
9.06198e-07
-200
4.60118e-05
8.98573e-07
-200
3.96696e-05
7.73649e-07
-200
3.8096e-05
1.04175e-06
-200
3.85489e-05
9.32274e-07
3.80457e-05
1.06169e-06
-200
8.35158e-05
1.26641e-05
-200
8.86892e-05
1.37137e-05
-200
8.69544e-05
8.19332e-06
-200
8.18655e-05
4.89182e-06
-200
7.98293e-05
2.56689e-06
-200
8.12611e-05
9.41416e-07
-200
7.9753e-05
-8.87411e-08
-200
7.34868e-05
-6.99321e-07
-200
6.9608e-05
-6.25184e-07
-200
6.89795e-05
-3.99352e-07
-200
6.6037e-05
-4.39868e-08
-200
6.33607e-05
-1.48635e-07
-200
5.93909e-05
2.90115e-07
-200
5.43897e-05
5.02285e-07
-200
4.76264e-05
2.46443e-07
-200
4.10641e-05
6.17012e-07
3.74161e-05
7.46288e-07
-200
8.99514e-05
1.26045e-05
-200
9.2396e-05
1.37041e-05
-200
8.91198e-05
8.2372e-06
-200
8.52682e-05
4.78698e-06
-200
8.3237e-05
2.42841e-06
-200
8.29664e-05
8.46868e-07
-200
8.27179e-05
-3.31265e-08
-200
8.50121e-05
-4.0939e-07
-200
8.25492e-05
-5.41249e-07
-200
7.18147e-05
-1.97546e-07
-200
6.70066e-05
1.2153e-07
-200
6.69528e-05
6.782e-07
-200
6.38725e-05
4.49514e-07
-200
5.95052e-05
1.12443e-08
-200
5.40607e-05
1.58002e-07
-200
4.91712e-05
7.27268e-08
4.52493e-05
5.80602e-07
-200
9.69845e-05
1.25376e-05
-200
9.69085e-05
1.34491e-05
-200
9.11052e-05
7.63914e-06
-200
8.67202e-05
4.17507e-06
-200
8.48376e-05
2.06374e-06
-200
8.3517e-05
6.97285e-07
-200
8.25851e-05
-1.72457e-07
-200
8.24457e-05
-5.91709e-07
-200
8.14341e-05
-3.23826e-07
-200
8.19844e-05
-1.43356e-07
-200
7.92498e-05
2.75906e-07
-200
7.23643e-05
1.8717e-07
-200
6.75014e-05
5.02731e-07
-200
6.33866e-05
2.94947e-07
-200
5.8718e-05
-1.12759e-06
-200
5.40675e-05
-1.11852e-06
4.80972e-05
-3.78143e-07
-200
0.000104067
1.25075e-05
-200
0.000101806
1.33415e-05
-200
9.21789e-05
6.11939e-06
-200
8.63507e-05
2.46968e-06
-200
8.50725e-05
1.56696e-06
-200
8.31012e-05
3.89301e-07
-200
8.09804e-05
-2.1409e-07
-200
7.93082e-05
-2.96978e-07
-200
7.78125e-05
-3.57446e-07
-200
7.63077e-05
4.01797e-08
-200
7.35325e-05
4.77967e-07
-200
6.91845e-05
1.16885e-06
-200
6.54966e-05
8.89681e-07
-200
6.2198e-05
-9.26129e-08
-200
5.89051e-05
-2.72575e-06
-200
5.61816e-05
-3.90006e-06
5.51095e-05
2.05922e-07
-200
0.000109949
1.21519e-05
-200
0.000105793
1.29196e-05
-200
9.64933e-05
6.70143e-06
-200
8.97768e-05
3.30508e-06
-200
8.54965e-05
1.4274e-06
-200
8.17096e-05
2.91768e-07
-200
7.8446e-05
-3.96644e-07
-200
7.56632e-05
-6.39123e-07
-200
7.31788e-05
-2.86859e-07
-200
7.1048e-05
2.72643e-08
-200
6.839e-05
5.44023e-07
-200
6.53429e-05
3.49017e-07
-200
6.22964e-05
8.17668e-07
-200
5.97285e-05
7.67222e-07
-200
5.72091e-05
-1.08822e-06
-200
5.43484e-05
-1.54683e-06
5.1764e-05
-3.65295e-06
-200
0.000114348
1.17202e-05
-200
0.000108063
1.22755e-05
-200
9.76781e-05
6.26084e-06
-200
9.02365e-05
3.21722e-06
-200
8.43017e-05
1.29799e-06
-200
7.92141e-05
8.7045e-08
-200
7.46606e-05
-3.38472e-07
-200
7.10688e-05
-3.33502e-07
-200
6.83263e-05
-3.67705e-07
-200
6.57953e-05
2.93688e-08
-200
6.34327e-05
4.0456e-07
-200
6.10533e-05
1.10655e-06
-200
5.90489e-05
1.04933e-06
-200
5.69217e-05
4.46751e-07
-200
5.44189e-05
4.88302e-07
-200
5.18472e-05
-6.61289e-07
4.84556e-05
-9.6269e-07
-200
0.000116687
1.1086e-05
-200
0.000107543
1.02835e-05
-200
9.58725e-05
4.1822e-06
-200
8.88456e-05
2.58452e-06
-200
8.17417e-05
9.4764e-07
-200
7.51012e-05
7.52169e-08
-200
6.95849e-05
-4.13143e-07
-200
6.5398e-05
-5.84589e-07
-200
6.23373e-05
-3.03644e-07
-200
6.02561e-05
-1.37871e-07
-200
5.83714e-05
2.38241e-07
-200
5.66372e-05
-1.16491e-07
-200
5.48648e-05
2.76851e-07
-200
5.31145e-05
4.90865e-07
-200
5.11536e-05
-3.63112e-07
-200
4.84671e-05
-1.63415e-07
4.53307e-05
-5.50053e-07
-200
0.000116622
1.0268e-05
-200
0.000108365
1.0292e-05
-200
9.63796e-05
4.6288e-06
-200
8.66104e-05
2.40704e-06
-200
7.76558e-05
9.07097e-07
-200
6.9476e-05
5.79962e-08
-200
6.26955e-05
-1.14459e-07
-200
5.81452e-05
-6.57477e-08
-200
5.55951e-05
-2.51261e-07
-200
5.39201e-05
-9.12189e-08
-200
5.27301e-05
2.79925e-08
-200
5.16058e-05
5.63465e-07
-200
5.05832e-05
4.50373e-07
-200
4.91179e-05
-1.23879e-07
-200
4.72972e-05
8.73612e-08
-200
4.5165e-05
-5.02466e-07
4.21791e-05
-1.53643e-07
-200
0.000114205
8.32161e-06
-200
0.000106539
8.31863e-06
-200
9.43858e-05
4.09686e-06
-200
8.3085e-05
2.12664e-06
-200
7.20746e-05
7.34434e-07
-200
6.18101e-05
3.25501e-07
-200
5.39345e-05
1.48117e-07
-200
4.91422e-05
8.94808e-10
-200
4.71487e-05
4.08474e-08
-200
4.68451e-05
-1.68508e-07
-200
4.66198e-05
-8.30137e-08
-200
4.62589e-05
-6.57752e-07
-200
4.54325e-05
-4.16811e-07
-200
4.44156e-05
-2.07827e-07
-200
4.31683e-05
-1.02632e-06
-200
4.11652e-05
-5.79956e-07
3.89332e-05
-6.65328e-07
-200
0.000107708
7.63657e-06
-200
0.000100883
7.75902e-06
-200
9.06561e-05
3.74086e-06
-200
7.8663e-05
1.91882e-06
-200
6.4795e-05
9.63184e-07
-200
5.21204e-05
6.08124e-07
-200
4.34705e-05
6.26994e-07
-200
3.79622e-05
8.87726e-07
-200
3.72077e-05
5.30124e-07
-200
3.89131e-05
1.46904e-07
-200
3.99803e-05
-2.06261e-07
-200
4.03406e-05
3.61622e-08
-200
4.02998e-05
-1.60998e-07
-200
3.96548e-05
-7.83804e-07
-200
3.85509e-05
-5.18032e-07
-200
3.7283e-05
-9.80875e-07
3.56674e-05
-5.30241e-07
-200
0.000100546
8.06865e-06
-200
9.3865e-05
8.36548e-06
-200
8.21761e-05
3.37769e-06
-200
6.98032e-05
1.63098e-06
-200
5.87649e-05
1.54019e-06
-200
5.04925e-05
1.01662e-06
-200
4.39687e-05
-2.65783e-07
-200
3.81061e-05
1.08966e-06
-200
3.2194e-05
1.80344e-06
-200
3.08846e-05
3.84612e-07
-200
3.31773e-05
-1.2168e-07
-200
3.42958e-05
-1.05501e-06
-200
3.45616e-05
-1.03172e-06
-200
3.43351e-05
-9.6747e-07
-200
3.37894e-05
-1.65775e-06
-200
3.26832e-05
-1.15356e-06
3.17459e-05
-1.10484e-06
-200
8.96761e-05
7.92584e-06
-200
8.36426e-05
8.74469e-06
-200
7.25486e-05
3.77131e-06
-200
5.94314e-05
1.84293e-06
-200
5.0406e-05
3.45521e-07
-200
4.60932e-05
-8.74686e-07
-200
4.09983e-05
-1.3363e-06
-200
3.5983e-05
-6.86514e-07
-200
3.09864e-05
9.8334e-07
-200
2.72815e-05
1.33308e-06
-200
2.68273e-05
-2.54235e-07
-200
2.7994e-05
-4.16741e-07
-200
2.88873e-05
-7.02899e-07
-200
2.90247e-05
-1.33379e-06
-200
2.86487e-05
-1.14e-06
-200
2.79893e-05
-1.32856e-06
2.7242e-05
-8.66193e-07
-200
7.62018e-05
7.70737e-06
-200
7.10257e-05
8.90385e-06
-200
6.19933e-05
3.94478e-06
-200
5.28157e-05
1.70109e-06
-200
4.60871e-05
-3.47238e-07
-200
4.11881e-05
-1.38818e-06
-200
3.70219e-05
-1.8013e-06
-200
3.28189e-05
-1.76974e-06
-200
2.8166e-05
-1.1574e-06
-200
2.18313e-05
-7.59608e-07
-200
1.91846e-05
-5.77156e-07
-200
2.14952e-05
-1.287e-06
-200
2.29267e-05
-1.2937e-06
-200
2.35051e-05
-1.37509e-06
-200
2.35143e-05
-1.82285e-06
-200
2.27598e-05
-1.37311e-06
2.20667e-05
-1.17825e-06
-200
6.11065e-05
7.49133e-06
-200
5.72421e-05
8.98888e-06
-200
5.03073e-05
4.06692e-06
-200
4.35721e-05
1.63463e-06
-200
3.83921e-05
-4.52218e-07
-200
3.43522e-05
-1.5673e-06
-200
3.10122e-05
-2.06818e-06
-200
2.77353e-05
-2.11864e-06
-200
2.42856e-05
-2.1733e-06
-200
1.96975e-05
-1.68983e-06
-200
1.46816e-05
-1.04052e-06
-200
1.43646e-05
-5.22449e-07
-200
1.72733e-05
-1.12667e-06
-200
1.83722e-05
-1.51671e-06
-200
1.82442e-05
-1.22745e-06
-200
1.77982e-05
-1.33439e-06
1.63221e-05
-8.87437e-07
-200
4.55007e-05
7.29231e-06
-200
4.3293e-05
8.92896e-06
-200
3.7871e-05
3.97057e-06
-200
3.27378e-05
1.32264e-06
-200
2.87839e-05
-8.38502e-07
-200
2.58767e-05
-2.01532e-06
-200
2.3353e-05
-2.66233e-06
-200
2.10457e-05
-3.01883e-06
-200
1.83421e-05
-3.12121e-06
-200
1.52171e-05
-2.6688e-06
-200
1.24795e-05
-3.78487e-07
-200
1.15028e-05
-1.34748e-07
-200
1.26758e-05
-1.2136e-06
-200
1.30852e-05
-1.37135e-06
-200
1.37563e-05
-1.69333e-06
-200
1.24043e-05
-1.25112e-06
1.06482e-05
-1.29898e-06
-200
2.98683e-05
7.11959e-06
-200
2.92313e-05
9.18507e-06
-200
2.51515e-05
4.19693e-06
-200
2.16191e-05
1.76428e-06
-200
1.88047e-05
-6.08264e-07
-200
1.68156e-05
-1.65318e-06
-200
1.52421e-05
-2.60283e-06
-200
1.37059e-05
-2.76553e-06
-200
1.19093e-05
-3.35925e-06
-200
1.01184e-05
-2.68241e-06
-200
8.66324e-06
-1.93314e-06
-200
7.3928e-06
-1.00361e-06
-200
8.09428e-06
-1.33892e-06
-200
8.67604e-06
-1.22153e-06
-200
9.22912e-06
-1.10551e-06
-200
7.69758e-06
-1.25503e-06
7.66259e-06
-9.50756e-07
-200
1.45269e-05
7.06078e-06
-200
1.48602e-05
9.06611e-06
-200
1.23414e-05
4.54198e-06
-200
1.03665e-05
1.77729e-06
-200
8.47674e-06
-3.0348e-07
-200
7.28577e-06
-1.83322e-06
-200
6.76521e-06
-2.3752e-06
-200
5.90238e-06
-3.40499e-06
-200
4.8376e-06
-3.14223e-06
-200
4.2066e-06
-3.18772e-06
-200
3.19494e-06
-1.88891e-06
-200
3.38442e-06
-1.43375e-06
-200
3.31378e-06
-7.4461e-07
-200
4.86571e-06
-9.52151e-07
-200
4.1602e-06
-1.41533e-06
-200
3.73989e-06
-1.37032e-06
4.00631e-06
-1.10418e-06
-200
7.01172e-06
-200
9.28647e-06
-200
5.14376e-06
-200
2.49782e-06
-200
2.01668e-07
-200
-1.30771e-06
-200
-2.44738e-06
-200
-2.91623e-06
-200
-3.49994e-06
-200
-3.06779e-06
-200
-2.50981e-06
-200
-1.48195e-06
-200
-5.79462e-07
-200
-1.28075e-06
-200
-1.54685e-06
-200
-1.39402e-06
-1.60279e-06
-200
4.88476e-05
-200
4.954e-05
5.07499e-05
-200
4.22524e-05
-200
4.73672e-05
-200
5.1052e-05
-200
5.32922e-05
-200
5.45452e-05
-200
5.4583e-05
-200
5.38141e-05
-200
5.26694e-05
-200
5.14836e-05
-200
5.03795e-05
-200
4.93329e-05
-200
4.83763e-05
-200
4.76473e-05
-200
4.68619e-05
-200
4.66201e-05
-200
4.77946e-05
4.93432e-05
-200
4.64726e-05
-200
5.16075e-05
-200
5.48316e-05
-200
5.63547e-05
-200
5.66814e-05
-200
5.56054e-05
-200
5.37548e-05
-200
5.18408e-05
-200
5.00071e-05
-200
4.86699e-05
-200
4.75493e-05
-200
4.67442e-05
-200
4.58713e-05
-200
4.52781e-05
-200
4.56477e-05
-200
4.6603e-05
4.82021e-05
-200
5.21511e-05
-200
5.76842e-05
-200
6.06123e-05
-200
6.14352e-05
-200
6.04713e-05
-200
5.75296e-05
-200
5.39439e-05
-200
5.08599e-05
-200
4.83975e-05
-200
4.69107e-05
-200
4.59774e-05
-200
4.50724e-05
-200
4.45625e-05
-200
4.43993e-05
-200
4.47652e-05
-200
4.57704e-05
4.71748e-05
-200
5.92596e-05
-200
6.60204e-05
-200
6.88819e-05
-200
6.91057e-05
-200
6.65503e-05
-200
6.02241e-05
-200
5.36601e-05
-200
4.93017e-05
-200
4.58212e-05
-200
4.50464e-05
-200
4.51372e-05
-200
4.41042e-05
-200
4.35232e-05
-200
4.3803e-05
-200
4.44959e-05
-200
4.53753e-05
4.65715e-05
-200
6.58898e-05
-200
7.24334e-05
-200
7.46144e-05
-200
7.38977e-05
-200
6.93132e-05
-200
6.61482e-05
-200
6.54512e-05
-200
6.26014e-05
-200
5.89122e-05
-200
5.28856e-05
-200
4.63952e-05
-200
4.24859e-05
-200
4.23504e-05
-200
4.37065e-05
-200
4.42277e-05
-200
4.51519e-05
4.59769e-05
-200
7.30638e-05
-200
7.88576e-05
-200
7.96068e-05
-200
7.82163e-05
-200
7.64551e-05
-200
7.5614e-05
-200
7.43484e-05
-200
7.11548e-05
-200
6.76295e-05
-200
6.43056e-05
-200
6.0492e-05
-200
5.66141e-05
-200
5.02792e-05
-200
4.46911e-05
-200
4.43713e-05
-200
4.56247e-05
4.57335e-05
-200
8.13416e-05
-200
8.70111e-05
-200
8.58982e-05
-200
8.16365e-05
-200
8.05465e-05
-200
8.28516e-05
-200
8.20679e-05
-200
7.65602e-05
-200
7.35089e-05
-200
7.30833e-05
-200
7.03842e-05
-200
6.80593e-05
-200
6.44874e-05
-200
5.98572e-05
-200
5.32037e-05
-200
4.74678e-05
4.53493e-05
-200
8.77717e-05
-200
9.08051e-05
-200
8.77212e-05
-200
8.48971e-05
-200
8.4324e-05
-200
8.48644e-05
-200
8.54363e-05
-200
8.82795e-05
-200
8.62689e-05
-200
7.64138e-05
-200
7.22951e-05
-200
7.25558e-05
-200
6.93031e-05
-200
6.4894e-05
-200
5.9589e-05
-200
5.54666e-05
5.4166e-05
-200
9.48467e-05
-200
9.56084e-05
-200
8.85478e-05
-200
8.503e-05
-200
8.59597e-05
-200
8.58698e-05
-200
8.5689e-05
-200
8.61197e-05
-200
8.58218e-05
-200
8.68226e-05
-200
8.46101e-05
-200
7.81503e-05
-200
7.39567e-05
-200
6.96034e-05
-200
6.23342e-05
-200
5.89407e-05
5.8733e-05
-200
0.000101374
-200
0.000100304
-200
9.34298e-05
-200
8.91859e-05
-200
8.75134e-05
-200
8.60103e-05
-200
8.47382e-05
-200
8.37898e-05
-200
8.27696e-05
-200
8.20537e-05
-200
7.99631e-05
-200
7.65346e-05
-200
7.30851e-05
-200
7.11563e-05
-200
7.17021e-05
-200
6.9091e-05
6.06873e-05
-200
0.000107034
-200
0.000103949
-200
9.61589e-05
-200
9.13001e-05
-200
8.79918e-05
-200
8.51412e-05
-200
8.26694e-05
-200
8.06509e-05
-200
7.90361e-05
-200
7.74981e-05
-200
7.56302e-05
-200
7.31734e-05
-200
7.10754e-05
-200
6.99379e-05
-200
6.85972e-05
-200
6.71116e-05
6.68129e-05
-200
0.000111081
-200
0.000104445
-200
9.52809e-05
-200
9.13271e-05
-200
8.70449e-05
-200
8.29667e-05
-200
7.9543e-05
-200
7.6844e-05
-200
7.47061e-05
-200
7.30339e-05
-200
7.14781e-05
-200
7.00867e-05
-200
6.85443e-05
-200
6.74151e-05
-200
6.60494e-05
-200
6.39298e-05
6.18231e-05
-200
0.00011305
-200
0.000106872
-200
9.72254e-05
-200
9.05597e-05
-200
8.46822e-05
-200
7.93505e-05
-200
7.4901e-05
-200
7.16238e-05
-200
6.94837e-05
-200
6.79718e-05
-200
6.6836e-05
-200
6.57019e-05
-200
6.49393e-05
-200
6.39871e-05
-200
6.26021e-05
-200
6.07562e-05
5.81322e-05
-200
0.000111235
-200
0.000104735
-200
9.63277e-05
-200
8.82859e-05
-200
8.08673e-05
-200
7.40324e-05
-200
6.86394e-05
-200
6.51317e-05
-200
6.31598e-05
-200
6.22161e-05
-200
6.16839e-05
-200
6.14401e-05
-200
6.08627e-05
-200
6.00224e-05
-200
5.9073e-05
-200
5.72673e-05
5.5059e-05
-200
0.000110721
-200
0.000104763
-200
9.4202e-05
-200
8.46131e-05
-200
7.54432e-05
-200
6.67357e-05
-200
5.99888e-05
-200
5.6481e-05
-200
5.5476e-05
-200
5.54071e-05
-200
5.5665e-05
-200
5.57137e-05
-200
5.57618e-05
-200
5.5336e-05
-200
5.44844e-05
-200
5.32983e-05
5.1394e-05
-200
0.000106052
-200
0.000101038
-200
9.04694e-05
-200
7.99732e-05
-200
6.90538e-05
-200
5.71006e-05
-200
4.79143e-05
-200
4.55121e-05
-200
4.66417e-05
-200
4.79182e-05
-200
4.90804e-05
-200
5.00659e-05
-200
5.03744e-05
-200
5.02048e-05
-200
4.98588e-05
-200
4.88817e-05
4.78443e-05
-200
9.80789e-05
-200
9.34282e-05
-200
8.2875e-05
-200
7.16222e-05
-200
5.961e-05
-200
5.15875e-05
-200
4.72443e-05
-200
4.10335e-05
-200
3.81908e-05
-200
3.99226e-05
-200
4.18767e-05
-200
4.31119e-05
-200
4.40236e-05
-200
4.42856e-05
-200
4.40849e-05
-200
4.3691e-05
4.31192e-05
-200
8.72096e-05
-200
8.29216e-05
-200
7.29159e-05
-200
6.05876e-05
-200
5.20769e-05
-200
4.85827e-05
-200
4.46599e-05
-200
3.99845e-05
-200
3.39559e-05
-200
3.17917e-05
-200
3.41971e-05
-200
3.63253e-05
-200
3.75528e-05
-200
3.8095e-05
-200
3.83195e-05
-200
3.79663e-05
3.78096e-05
-200
7.39214e-05
-200
7.00643e-05
-200
6.19211e-05
-200
5.37532e-05
-200
4.75347e-05
-200
4.34973e-05
-200
3.99484e-05
-200
3.63596e-05
-200
3.20114e-05
-200
2.64115e-05
-200
2.53751e-05
-200
2.85824e-05
-200
3.05062e-05
-200
3.14731e-05
-200
3.18346e-05
-200
3.16505e-05
3.13457e-05
-200
5.92891e-05
-200
5.63698e-05
-200
5.00033e-05
-200
4.40636e-05
-200
3.94363e-05
-200
3.59711e-05
-200
3.31262e-05
-200
3.04436e-05
-200
2.72977e-05
-200
2.37735e-05
-200
2.1278e-05
-200
2.19612e-05
-200
2.36285e-05
-200
2.49333e-05
-200
2.57646e-05
-200
2.50432e-05
2.43804e-05
-200
4.40375e-05
-200
4.24539e-05
-200
3.77458e-05
-200
3.32905e-05
-200
3.00352e-05
-200
2.74428e-05
-200
2.55078e-05
-200
2.35358e-05
-200
2.13759e-05
-200
1.83806e-05
-200
1.40823e-05
-200
1.35315e-05
-200
1.65878e-05
-200
1.87395e-05
-200
1.90434e-05
-200
1.83039e-05
1.6762e-05
-200
2.84003e-05
-200
2.80821e-05
-200
2.4719e-05
-200
2.15742e-05
-200
1.92533e-05
-200
1.75724e-05
-200
1.62893e-05
-200
1.5104e-05
-200
1.34893e-05
-200
1.17793e-05
-200
1.03047e-05
-200
9.8075e-06
-200
1.09953e-05
-200
1.2759e-05
-200
1.25019e-05
-200
1.23115e-05
1.1651e-05
-200
1.33545e-05
-200
1.3927e-05
-200
1.20408e-05
-200
1.0185e-05
-200
8.55808e-06
-200
7.72111e-06
-200
7.16139e-06
-200
6.42814e-06
-200
5.6981e-06
-200
4.83998e-06
-200
4.48447e-06
-200
4.24923e-06
-200
5.64623e-06
-200
6.17851e-06
-200
6.06945e-06
-200
6.04855e-06
5.94012e-06
-200
-200
-200
-200
-200
-200
-200
-200
-200
-200
-200
-200
-200
-200
-200
-200
)
;

boundaryField
{
    frontAndBack
    {
        type            calculated;
        value           uniform 0;
    }
    inlet
    {
        type            calculated;
        value           nonuniform List<scalar> 0();
    }
    outlet
    {
        type            calculated;
        value           nonuniform List<scalar> 
120
(
200
200
200
200
200
200
200
200
200
200
200
200
200
200
200
200
200
200
200
200
200
200
200
200
200
200
200
200
200
200
200
200
200
200
200
200
200
200
200
200
200
200
200
200
200
200
200
200
200
200
200
200
200
200
200
200
200
200
200
200
200
200
200
200
200
200
200
200
200
200
200
200
200
200
200
200
200
200
200
200
200
200
200
200
200
200
200
200
200
200
200
200
200
200
200
200
200
200
200
200
200
200
200
200
200
200
200
200
200
200
200
200
200
200
200
200
200
200
200
200
)
;
    }
    lowerWall
    {
        type            calculated;
        value           uniform 0;
    }
    upperWall
    {
        type            calculated;
        value           uniform 0;
    }
    procBoundary3to0
    {
        type            processor;
        value           nonuniform List<scalar> 
101
(
-4.84893e-05
-5.15606e-05
-5.26881e-05
-5.23118e-05
-5.15982e-05
-5.04393e-05
-4.98278e-05
-4.92914e-05
-4.9248e-05
-4.86032e-05
-4.80394e-05
-4.76805e-05
-4.74006e-05
-4.79135e-05
-3.25478e-05
-3.96472e-05
200
-4.58872e-05
3.33379e-06
1.21426e-06
3.48999e-07
-5.28317e-05
-5.19431e-05
-5.12749e-05
-5.08745e-05
-5.03667e-05
-4.99328e-05
-4.93963e-05
-4.85222e-05
-4.79954e-05
-4.81731e-05
-4.83399e-05
-3.35314e-05
-3.92965e-05
-4.64386e-05
-5.0557e-05
-5.15389e-05
200
-5.21628e-05
3.29155e-07
-1.21019e-07
-5.27516e-05
-5.18739e-05
-5.11156e-05
-5.03773e-05
-4.95255e-05
-4.88035e-05
-4.80491e-05
-4.8505e-05
-4.8449e-05
-3.61772e-05
-4.17787e-05
-4.78445e-05
-5.15108e-05
-5.28778e-05
-5.28738e-05
-5.23856e-05
200
-5.10769e-05
-3.61203e-07
-5.45316e-07
-7.83456e-07
-5.10008e-05
-4.98495e-05
-4.87607e-05
-4.82932e-05
-4.82681e-05
-4.87577e-05
-3.8975e-05
-4.42202e-05
-4.92229e-05
-5.20416e-05
-5.35424e-05
-5.40826e-05
-5.32851e-05
-5.24638e-05
-5.13361e-05
-5.02099e-05
200
-4.91638e-05
-5.24968e-07
-5.48176e-07
-6.01789e-07
-5.17319e-05
-5.17688e-05
-5.23133e-05
-3.95201e-05
-4.458e-05
-4.87592e-05
-5.17238e-05
-5.36301e-05
-5.43501e-05
-5.43111e-05
-5.38385e-05
-5.30367e-05
-5.22552e-05
-5.14702e-05
-5.05994e-05
-4.95684e-05
200
-4.91304e-05
)
;
    }
    procBoundary3to4
    {
        type            processor;
        value           nonuniform List<scalar> 
125
(
-200
-200
-200
-200
-200
-200
-200
-200
-200
-200
-200
-200
-200
-200
-200
-200
-200
-200
-200
-200
-200
-200
-200
-200
-200
-200
-200
-200
-200
-200
-200
-200
-200
-200
-200
-200
-200
-200
-200
-200
-200
-200
-200
-200
-200
-200
-200
-200
-200
-200
-200
-200
-200
-200
-200
-200
-200
-200
-200
-200
-200
-200
-200
-200
-200
-200
-200
-200
-200
-200
-200
-200
-200
-200
-200
-200
-200
-200
-200
-200
-200
-200
-200
-200
-200
-200
-200
-200
-200
-200
-200
-200
-200
-200
-200
-200
-200
-200
-200
-200
-200
-200
-200
-200
-200
-200
-200
-200
-200
-200
-200
-200
-200
-200
-200
-200
-200
-200
-200
-200
-200
-200
-200
-200
-200
)
;
    }
}


// ************************************************************************* //
