/*--------------------------------*- C++ -*----------------------------------*\
  =========                 |
  \\      /  F ield         | OpenFOAM: The Open Source CFD Toolbox
   \\    /   O peration     | Website:  https://openfoam.org
    \\  /    A nd           | Version:  10
     \\/     M anipulation  |
\*---------------------------------------------------------------------------*/
FoamFile
{
    format      ascii;
    class       volVectorField;
    location    "10";
    object      U;
}
// * * * * * * * * * * * * * * * * * * * * * * * * * * * * * * * * * * * * * //

dimensions      [0 1 -1 0 0 0 0];

internalField   nonuniform List<vector> 
2083
(
(-10 2.46064e-06 1.46649e-07)
(-10 2.52272e-06 4.98851e-08)
(-10 2.55481e-06 2.68849e-08)
(-10 2.49659e-06 7.67393e-08)
(-10 2.40986e-06 4.21751e-08)
(-10 2.31461e-06 3.03169e-08)
(-10 2.30228e-06 3.95491e-08)
(-10 2.30273e-06 3.99254e-08)
(-10 2.32022e-06 4.55246e-08)
(-10 2.30233e-06 3.31938e-08)
(-10 2.2928e-06 3.9958e-08)
(-10 2.28066e-06 7.04538e-08)
(-10 2.30195e-06 5.84939e-08)
(-10 2.34709e-06 1.04397e-07)
(-10 1.83937e-06 3.3115e-07)
(-10 2.16283e-06 3.39419e-07)
(-10 2.50863e-06 1.86448e-07)
(-10 2.65055e-06 1.19346e-07)
(-10 2.65555e-06 9.26129e-08)
(-10 2.6182e-06 9.08419e-08)
(-10 2.42797e-06 4.74073e-08)
(-10 2.16703e-06 7.59248e-08)
(-10 2.06808e-06 9.74009e-08)
(-10 2.0934e-06 8.44517e-08)
(-10 2.19747e-06 6.20803e-08)
(-10 2.25617e-06 4.5174e-08)
(-10 2.27398e-06 3.60058e-08)
(-10 2.31889e-06 4.00033e-08)
(-10 2.34536e-06 2.16875e-08)
(-10 2.38944e-06 8.02387e-08)
(-10 2.44168e-06 5.5902e-08)
(-10 2.21326e-06 3.40888e-07)
(-10 2.493e-06 3.31245e-07)
(-10 2.69239e-06 2.21798e-07)
(-10 2.80784e-06 1.12412e-07)
(-10 2.81999e-06 6.40938e-08)
(-10 2.6778e-06 3.99251e-08)
(-10 2.389e-06 1.27713e-07)
(-10 2.16373e-06 1.78544e-07)
(-10 2.01157e-06 1.86891e-07)
(-10 1.94175e-06 1.55335e-07)
(-10 2.00922e-06 1.01925e-07)
(-10 2.09808e-06 7.35964e-08)
(-10 2.18037e-06 5.23022e-08)
(-10 2.21749e-06 3.37852e-08)
(-10 2.25544e-06 5.87108e-08)
(-10 2.31246e-06 2.07771e-08)
(-10 2.34541e-06 9.51539e-08)
(-10 2.49933e-06 3.48811e-07)
(-10 2.73347e-06 3.44126e-07)
(-10 2.91848e-06 2.1582e-07)
(-10 3.00627e-06 1.33301e-07)
(-10 2.9751e-06 9.61846e-08)
(-10 2.77474e-06 9.35687e-08)
(-10 2.56164e-06 6.66328e-08)
(-10 2.42375e-06 1.00167e-07)
(-10 2.24948e-06 1.31497e-07)
(-10 2.05955e-06 1.61752e-07)
(-10 1.91277e-06 1.48412e-07)
(-10 1.94686e-06 9.03043e-08)
(-10 2.03696e-06 6.37161e-08)
(-10 2.09862e-06 5.15342e-08)
(-10 2.15271e-06 1.75679e-08)
(-10 2.19741e-06 7.94282e-08)
(-10 2.23541e-06 3.6358e-08)
(-10 2.80912e-06 3.59034e-07)
(-10 3.00105e-06 3.59206e-07)
(-10 3.17577e-06 2.62713e-07)
(-10 3.24005e-06 1.70467e-07)
(-10 3.10727e-06 1.01207e-07)
(-10 2.97765e-06 6.53408e-08)
(-10 2.884e-06 8.4573e-08)
(-10 2.72329e-06 6.64876e-08)
(-10 2.55398e-06 5.31379e-08)
(-10 2.36582e-06 8.09693e-08)
(-10 2.12447e-06 1.30494e-07)
(-10 1.94908e-06 1.36823e-07)
(-10 1.95651e-06 7.60975e-08)
(-10 2.02131e-06 4.83741e-08)
(-10 2.04231e-06 7.08953e-08)
(-10 2.08826e-06 1.73289e-08)
(-10 2.13168e-06 9.69528e-08)
(-10 3.07918e-06 3.81126e-07)
(-10 3.23318e-06 3.98903e-07)
(-10 3.42026e-06 2.66938e-07)
(-10 3.51946e-06 1.85754e-07)
(-10 3.38998e-06 1.38467e-07)
(-10 3.25461e-06 9.77233e-08)
(-10 3.18867e-06 2.38096e-08)
(-10 3.03753e-06 2.18172e-08)
(-10 2.8813e-06 3.99328e-08)
(-10 2.71517e-06 4.36258e-08)
(-10 2.5246e-06 6.49037e-08)
(-10 2.293e-06 7.36354e-08)
(-10 2.05662e-06 7.28209e-08)
(-10 1.9428e-06 6.74635e-08)
(-10 1.85421e-06 3.24985e-08)
(-10 1.90964e-06 1.02233e-07)
(-10 2.00738e-06 1.53705e-08)
(-10 3.56596e-06 4.45451e-07)
(-10 3.64204e-06 4.602e-07)
(-10 3.72587e-06 3.27304e-07)
(-10 3.79731e-06 2.06253e-07)
(-10 3.73255e-06 1.22858e-07)
(-10 3.62306e-06 5.11078e-08)
(-10 3.48207e-06 5.35423e-08)
(-10 3.30387e-06 7.64034e-09)
(-10 3.13644e-06 -1.39049e-08)
(-10 3.02368e-06 1.5699e-09)
(-10 2.91955e-06 3.10283e-08)
(-10 2.72999e-06 5.05784e-08)
(-10 2.50391e-06 5.46227e-08)
(-10 2.2952e-06 5.40106e-08)
(-10 2.11173e-06 1.34396e-07)
(-10 1.99148e-06 4.32265e-08)
(-10 1.94954e-06 1.03001e-07)
(-10 4.12696e-06 3.879e-07)
(-10 4.37829e-06 4.28587e-07)
(-10 4.28054e-06 3.07168e-07)
(-10 4.17901e-06 2.03269e-07)
(-10 4.0168e-06 1.36511e-07)
(-10 3.90286e-06 8.45337e-08)
(-10 3.74458e-06 -1.17628e-08)
(-10 3.469e-06 -1.46034e-08)
(-10 3.27414e-06 4.4091e-09)
(-10 3.26537e-06 1.31121e-08)
(-10 3.22495e-06 2.32297e-08)
(-10 3.18015e-06 3.50459e-08)
(-10 3.07375e-06 4.92581e-08)
(-10 2.92569e-06 6.05954e-08)
(-10 2.75548e-06 2.71629e-08)
(-10 2.42254e-06 1.21609e-07)
(-10 2.10513e-06 6.27648e-09)
(-10 4.51694e-06 3.86115e-07)
(-10 4.82673e-06 4.151e-07)
(-10 4.74575e-06 3.17816e-07)
(-10 4.37534e-06 1.79929e-07)
(-10 4.1387e-06 6.47751e-08)
(-10 4.07078e-06 2.8653e-08)
(-10 3.97841e-06 3.65691e-08)
(-10 3.82749e-06 -1.05563e-10)
(-10 3.58112e-06 -1.81854e-08)
(-10 3.43298e-06 1.27346e-08)
(-10 3.45359e-06 2.97334e-08)
(-10 3.47149e-06 5.2371e-08)
(-10 3.43594e-06 3.91606e-08)
(-10 3.42324e-06 1.76832e-08)
(-10 3.24819e-06 5.07233e-08)
(-10 2.85929e-06 -2.63654e-08)
(-10 2.45967e-06 3.8283e-08)
(-10 4.90278e-06 3.81209e-07)
(-10 5.02295e-06 4.00427e-07)
(-10 4.82434e-06 2.82055e-07)
(-10 4.44925e-06 1.80303e-07)
(-10 4.21247e-06 1.20447e-07)
(-10 4.12525e-06 6.39692e-08)
(-10 4.07348e-06 -3.28003e-08)
(-10 4.11845e-06 -2.14781e-08)
(-10 4.02663e-06 2.98983e-08)
(-10 3.69615e-06 4.7407e-08)
(-10 3.57035e-06 4.9148e-08)
(-10 3.67583e-06 2.02931e-08)
(-10 3.61006e-06 4.4982e-09)
(-10 3.37748e-06 -4.6663e-08)
(-10 3.16586e-06 -4.35886e-08)
(-10 2.90621e-06 1.11555e-07)
(-10 2.64343e-06 5.40285e-10)
(-10 5.29e-06 3.70099e-07)
(-10 5.23053e-06 3.73298e-07)
(-10 4.97175e-06 2.90728e-07)
(-10 4.59774e-06 1.89083e-07)
(-10 4.31598e-06 8.66363e-08)
(-10 4.16513e-06 5.89834e-09)
(-10 4.07214e-06 2.54268e-08)
(-10 4.07086e-06 -6.54883e-09)
(-10 4.12435e-06 5.24108e-09)
(-10 4.01338e-06 1.09846e-07)
(-10 3.76579e-06 1.3213e-07)
(-10 3.58559e-06 -5.94359e-09)
(-10 3.39948e-06 -4.3903e-08)
(-10 3.10834e-06 -1.23204e-08)
(-10 2.91296e-06 3.3583e-08)
(-10 2.80313e-06 -3.13443e-08)
(-10 2.64283e-06 4.57693e-09)
(-10 5.65216e-06 3.50743e-07)
(-10 5.48977e-06 3.65796e-07)
(-10 5.07326e-06 2.38773e-07)
(-10 4.63999e-06 1.3853e-07)
(-10 4.33485e-06 9.29995e-08)
(-10 4.1257e-06 4.51798e-08)
(-10 3.98218e-06 -5.31922e-08)
(-10 3.91146e-06 -3.09374e-08)
(-10 3.88552e-06 1.49215e-08)
(-10 3.89363e-06 4.62191e-08)
(-10 3.70254e-06 4.72216e-08)
(-10 3.30594e-06 1.23776e-08)
(-10 3.08472e-06 1.13868e-08)
(-10 2.98003e-06 2.8317e-08)
(-10 2.8448e-06 -2.55066e-08)
(-10 2.72023e-06 4.75297e-08)
(-10 2.57753e-06 -2.16462e-08)
(-10 5.96883e-06 3.35407e-07)
(-10 5.70938e-06 3.47916e-07)
(-10 5.13137e-06 2.06302e-07)
(-10 4.60118e-06 1.11013e-07)
(-10 4.29786e-06 4.83225e-08)
(-10 4.02309e-06 -9.62518e-09)
(-10 3.81862e-06 1.7404e-08)
(-10 3.68477e-06 -7.54148e-09)
(-10 3.61406e-06 -2.79024e-08)
(-10 3.52768e-06 4.66594e-09)
(-10 3.37578e-06 2.2363e-08)
(-10 3.16176e-06 3.49604e-08)
(-10 2.97815e-06 2.27382e-08)
(-10 2.85403e-06 1.16579e-08)
(-10 2.73177e-06 2.94143e-08)
(-10 2.60454e-06 -6.29426e-08)
(-10 2.49874e-06 -2.1062e-08)
(-10 6.17944e-06 3.10409e-07)
(-10 5.86719e-06 3.14992e-07)
(-10 5.22952e-06 2.00029e-07)
(-10 4.60452e-06 1.07549e-07)
(-10 4.20123e-06 7.66169e-08)
(-10 3.82255e-06 4.06777e-08)
(-10 3.50471e-06 -3.91115e-08)
(-10 3.35313e-06 -2.40387e-08)
(-10 3.29787e-06 5.22722e-09)
(-10 3.19814e-06 -2.44416e-09)
(-10 3.08068e-06 5.18708e-11)
(-10 2.92939e-06 -3.03277e-09)
(-10 2.80303e-06 1.0091e-08)
(-10 2.67927e-06 1.2235e-08)
(-10 2.57166e-06 -4.2461e-08)
(-10 2.46615e-06 2.34829e-08)
(-10 2.37143e-06 -4.7542e-08)
(-10 6.26932e-06 2.82602e-07)
(-10 5.93257e-06 2.78216e-07)
(-10 5.30312e-06 2.03254e-07)
(-10 4.64759e-06 1.31483e-07)
(-10 4.09261e-06 6.13937e-08)
(-10 3.50092e-06 -2.25402e-09)
(-10 2.9231e-06 5.02933e-08)
(-10 2.85783e-06 1.14711e-08)
(-10 2.9785e-06 -3.90774e-08)
(-10 2.87857e-06 -3.53323e-08)
(-10 2.77938e-06 -1.28318e-08)
(-10 2.68716e-06 -4.29756e-09)
(-10 2.57587e-06 -4.08356e-09)
(-10 2.47761e-06 -1.77312e-08)
(-10 2.38243e-06 -2.27115e-09)
(-10 2.29422e-06 -8.88314e-08)
(-10 2.21316e-06 -5.60949e-08)
(-10 6.2163e-06 2.46495e-07)
(-10 5.87017e-06 2.4144e-07)
(-10 5.23248e-06 1.4297e-07)
(-10 4.55858e-06 9.12442e-08)
(-10 3.66744e-06 4.54385e-08)
(-10 3.24443e-06 7.15664e-08)
(-10 2.77051e-06 1.49833e-07)
(-10 2.33312e-06 8.07703e-08)
(-10 2.33053e-06 -7.74742e-08)
(-10 2.52458e-06 -4.96322e-08)
(-10 2.46925e-06 -5.05822e-08)
(-10 2.40421e-06 -3.7009e-08)
(-10 2.33713e-06 -2.6933e-08)
(-10 2.25682e-06 -2.74857e-08)
(-10 2.17643e-06 -6.64646e-08)
(-10 2.11213e-06 -1.23574e-08)
(-10 2.03566e-06 -6.39163e-08)
(-10 5.98341e-06 2.311e-07)
(-10 5.56142e-06 2.32513e-07)
(-10 4.92511e-06 1.566e-07)
(-10 4.01316e-06 5.80547e-08)
(-10 3.66935e-06 2.52132e-08)
(-10 3.16606e-06 1.98653e-08)
(-10 2.89896e-06 9.92051e-08)
(-10 2.32421e-06 1.61985e-07)
(-10 1.74101e-06 4.85738e-09)
(-10 1.87951e-06 -1.27426e-07)
(-10 2.15677e-06 -6.0408e-08)
(-10 2.15328e-06 -4.77753e-08)
(-10 2.09603e-06 -4.42951e-08)
(-10 2.03962e-06 -4.41087e-08)
(-10 1.98426e-06 -2.70455e-08)
(-10 1.92195e-06 -1.04417e-07)
(-10 1.87964e-06 -6.05895e-08)
(-10 5.59963e-06 2.14533e-07)
(-10 5.15361e-06 2.21777e-07)
(-10 4.52075e-06 1.36249e-07)
(-10 3.70286e-06 2.27669e-08)
(-10 3.41199e-06 1.91299e-08)
(-10 3.03246e-06 2.14985e-08)
(-10 2.71908e-06 -1.38862e-08)
(-10 2.42966e-06 3.92346e-08)
(-10 1.84184e-06 1.3272e-07)
(-10 1.30927e-06 1.35005e-08)
(-10 1.59e-06 -1.41041e-07)
(-10 1.90474e-06 -1.027e-07)
(-10 1.85998e-06 -6.64288e-08)
(-10 1.81184e-06 -4.91616e-08)
(-10 1.77432e-06 -8.18933e-08)
(-10 1.7348e-06 -2.48071e-08)
(-10 1.68899e-06 -7.22192e-08)
(-10 5.07506e-06 2.03946e-07)
(-10 4.72912e-06 2.26756e-07)
(-10 4.12944e-06 1.62222e-07)
(-10 3.25489e-06 -2.22124e-08)
(-10 3.03231e-06 -5.16512e-08)
(-10 2.73452e-06 -4.80824e-08)
(-10 2.45662e-06 -1.13557e-08)
(-10 2.19131e-06 -6.30986e-09)
(-10 1.91162e-06 2.55923e-08)
(-10 1.29695e-06 1.42772e-07)
(-10 1.14839e-06 -6.44078e-09)
(-10 1.5368e-06 -1.76684e-07)
(-10 1.56958e-06 -9.57921e-08)
(-10 1.56771e-06 -7.70864e-08)
(-10 1.53591e-06 -4.82396e-08)
(-10 1.4892e-06 -1.03583e-07)
(-10 1.4565e-06 -7.00793e-08)
(-10 4.41186e-06 1.88927e-07)
(-10 4.11754e-06 2.25029e-07)
(-10 3.35329e-06 7.70205e-08)
(-10 3.04642e-06 4.35964e-08)
(-10 2.62659e-06 9.65567e-10)
(-10 2.4252e-06 -1.92467e-08)
(-10 2.18968e-06 -6.19848e-08)
(-10 1.95512e-06 -4.49798e-08)
(-10 1.71896e-06 2.11969e-09)
(-10 1.47124e-06 1.07521e-07)
(-10 9.16936e-07 -1.98801e-08)
(-10 9.27185e-07 -1.89018e-07)
(-10 1.36797e-06 -1.29028e-07)
(-10 1.32727e-06 -8.4342e-08)
(-10 1.29941e-06 -8.87555e-08)
(-10 1.25486e-06 -4.36387e-08)
(-10 1.18123e-06 -5.64226e-08)
(-10 3.61318e-06 1.80141e-07)
(-10 3.37643e-06 2.24432e-07)
(-10 2.79816e-06 7.0533e-08)
(-10 2.5965e-06 7.16079e-08)
(-10 2.32181e-06 1.07939e-08)
(-10 2.06758e-06 -3.76697e-08)
(-10 1.88313e-06 -4.87419e-08)
(-10 1.68038e-06 -4.99422e-08)
(-10 1.5045e-06 -5.04803e-08)
(-10 1.33986e-06 -5.52308e-09)
(-10 7.6888e-07 7.26141e-08)
(-10 6.88535e-07 -8.16703e-08)
(-10 1.07927e-06 -2.16807e-07)
(-10 1.06437e-06 -1.13995e-07)
(-10 1.05366e-06 -6.45498e-08)
(-10 9.89313e-07 -9.01812e-08)
(-10 9.30628e-07 -4.51839e-08)
(-10 2.75146e-06 1.63991e-07)
(-10 2.55316e-06 2.11424e-07)
(-10 2.16857e-06 6.06998e-08)
(-10 2.06386e-06 4.92923e-08)
(-10 1.75319e-06 1.37146e-08)
(-10 1.66109e-06 -4.49496e-08)
(-10 1.43481e-06 -4.16427e-08)
(-10 1.39437e-06 -7.2889e-08)
(-10 1.23275e-06 -5.26525e-08)
(-10 1.06465e-06 -3.14376e-08)
(-10 8.4803e-07 7.94266e-08)
(-10 6.37063e-07 -7.43783e-08)
(-10 7.30138e-07 -2.28639e-07)
(-10 8.35012e-07 -1.11857e-07)
(-10 8.32728e-07 -9.69302e-08)
(-10 8.01302e-07 -5.26908e-08)
(-10 7.15097e-07 -4.22688e-08)
(-10 1.88853e-06 1.5562e-07)
(-10 1.77759e-06 2.32674e-07)
(-10 1.55662e-06 5.23846e-08)
(-10 1.36629e-06 3.26488e-08)
(-10 1.26318e-06 -3.83811e-08)
(-10 1.0479e-06 -7.02996e-09)
(-10 1.12508e-06 -9.5451e-08)
(-10 8.80114e-07 -5.86011e-08)
(-10 9.79453e-07 -9.25901e-08)
(-10 7.51073e-07 -2.84083e-08)
(-10 7.95282e-07 5.97719e-08)
(-10 3.34937e-07 -5.59208e-08)
(-10 2.66109e-07 -2.05209e-07)
(-10 6.15023e-07 -1.54409e-07)
(-10 6.3534e-07 -8.36365e-08)
(-10 5.42541e-07 -1.1101e-07)
(-10 5.10258e-07 -7.97688e-08)
(-10 1.1806e-06 1.49282e-07)
(-10 1.14543e-06 2.24744e-07)
(-10 9.73959e-07 4.13145e-08)
(-10 8.18009e-07 3.21745e-08)
(-10 6.2769e-07 -4.32165e-08)
(-10 5.33699e-07 -2.05555e-08)
(-10 4.79282e-07 -1.10562e-07)
(-10 3.82917e-07 -8.78709e-08)
(-10 3.90129e-07 -8.2496e-08)
(-10 3.07626e-07 -7.33011e-08)
(-10 3.41284e-07 -6.31643e-08)
(-10 -1.84112e-07 7.35517e-08)
(-10 -1.51056e-07 -1.13978e-07)
(-10 2.70359e-07 -2.20596e-07)
(-10 2.05062e-07 -1.49787e-07)
(-10 1.25411e-07 -1.08338e-07)
(-10 1.2639e-07 -9.06913e-08)
(-10 4.34765e-07 1.94361e-07)
(-10 4.28625e-07 2.51426e-07)
(-10 3.39031e-07 9.60927e-08)
(-10 2.81756e-07 4.83428e-08)
(-10 1.39788e-07 -2.66718e-08)
(-10 1.29486e-07 -8.30122e-08)
(-10 5.17894e-08 -2.64366e-08)
(-10 4.92388e-08 -1.20677e-07)
(-10 -1.95786e-08 -7.77346e-08)
(-10 -6.46465e-09 -1.26749e-07)
(-10 -8.03701e-08 -2.72095e-08)
(-10 -1.03782e-07 7.51027e-08)
(-10 -1.55417e-07 -6.14029e-08)
(-10 7.77114e-09 -2.36016e-07)
(-10 -5.56394e-08 -1.35754e-07)
(-10 -2.40593e-08 -8.7554e-08)
(-10 -4.74404e-08 -9.79252e-08)
(-10 2.53488e-06 6.96516e-08)
(-10 2.45818e-06 5.00709e-08)
(-10 2.4075e-06 6.8365e-08)
(-10 2.3869e-06 5.39346e-08)
(-10 2.36638e-06 5.11016e-08)
(-10 2.35259e-06 3.06934e-08)
(-10 2.34361e-06 3.96738e-08)
(-10 2.31705e-06 4.89519e-08)
(-10 2.29069e-06 1.13963e-07)
(-10 2.31806e-06 8.2141e-08)
(-10 2.35151e-06 2.26027e-07)
(-10 1.83158e-06 8.87673e-07)
(-10 2.10614e-06 9.30948e-07)
(-10 2.44431e-06 5.89685e-07)
(-10 2.62604e-06 3.68102e-07)
(-10 2.62633e-06 2.38524e-07)
(-10 2.60391e-06 1.53177e-07)
(-10 2.46471e-06 1.24002e-07)
(-10 2.34185e-06 1.61333e-07)
(-10 2.26848e-06 1.53088e-07)
(-10 2.23099e-06 1.26561e-07)
(-10 2.24724e-06 9.67039e-08)
(-10 2.25285e-06 8.53153e-08)
(-10 2.26123e-06 6.36403e-08)
(-10 2.26005e-06 5.31782e-08)
(-10 2.26518e-06 3.80095e-08)
(-10 2.31471e-06 1.27137e-07)
(-10 2.37462e-06 1.19494e-07)
(-10 2.18895e-06 9.10831e-07)
(-10 2.46912e-06 9.19505e-07)
(-10 2.66771e-06 5.96812e-07)
(-10 2.79081e-06 3.44377e-07)
(-10 2.76672e-06 2.00025e-07)
(-10 2.58731e-06 1.626e-07)
(-10 2.359e-06 2.36414e-07)
(-10 2.20571e-06 2.89219e-07)
(-10 2.07613e-06 3.19984e-07)
(-10 2.0502e-06 2.68394e-07)
(-10 2.09273e-06 1.82277e-07)
(-10 2.12652e-06 1.20573e-07)
(-10 2.14053e-06 9.33221e-08)
(-10 2.16475e-06 6.37876e-08)
(-10 2.19095e-06 1.08626e-07)
(-10 2.24433e-06 6.48936e-08)
(-10 2.29931e-06 1.75671e-07)
(-10 2.46432e-06 9.23071e-07)
(-10 2.70807e-06 9.19635e-07)
(-10 2.89869e-06 5.75861e-07)
(-10 2.99201e-06 3.46281e-07)
(-10 2.92243e-06 2.13957e-07)
(-10 2.68946e-06 2.24724e-07)
(-10 2.49128e-06 2.61271e-07)
(-10 2.30636e-06 3.18219e-07)
(-10 2.13418e-06 3.36121e-07)
(-10 1.99146e-06 3.18842e-07)
(-10 1.95814e-06 2.50951e-07)
(-10 1.98378e-06 1.82077e-07)
(-10 2.01318e-06 1.26178e-07)
(-10 2.04348e-06 1.09828e-07)
(-10 2.07953e-06 4.25771e-08)
(-10 2.13478e-06 1.26551e-07)
(-10 2.19101e-06 8.53317e-08)
(-10 2.77002e-06 9.53108e-07)
(-10 2.98957e-06 9.85262e-07)
(-10 3.14589e-06 6.61391e-07)
(-10 3.19514e-06 4.11269e-07)
(-10 3.03629e-06 2.57449e-07)
(-10 2.90658e-06 2.06495e-07)
(-10 2.81019e-06 1.93921e-07)
(-10 2.68144e-06 1.65275e-07)
(-10 2.50438e-06 1.72651e-07)
(-10 2.26207e-06 1.98746e-07)
(-10 2.02405e-06 2.4679e-07)
(-10 1.897e-06 2.30391e-07)
(-10 1.88793e-06 1.6405e-07)
(-10 1.93366e-06 1.03227e-07)
(-10 1.97785e-06 1.18938e-07)
(-10 2.02569e-06 5.92401e-08)
(-10 2.08378e-06 1.56554e-07)
(-10 3.09123e-06 9.93286e-07)
(-10 3.27333e-06 1.04925e-06)
(-10 3.39463e-06 7.12267e-07)
(-10 3.43989e-06 4.66106e-07)
(-10 3.30143e-06 3.0775e-07)
(-10 3.17792e-06 1.95997e-07)
(-10 3.17186e-06 9.48992e-08)
(-10 3.03914e-06 6.71509e-08)
(-10 2.86649e-06 5.54467e-08)
(-10 2.66739e-06 6.75973e-08)
(-10 2.39641e-06 1.22696e-07)
(-10 2.12188e-06 2.09253e-07)
(-10 1.95463e-06 2.02457e-07)
(-10 1.83639e-06 1.36046e-07)
(-10 1.83948e-06 8.0547e-08)
(-10 1.91574e-06 1.41623e-07)
(-10 1.9642e-06 7.47149e-08)
(-10 3.47044e-06 1.0683e-06)
(-10 3.56693e-06 1.17693e-06)
(-10 3.62219e-06 8.0827e-07)
(-10 3.70548e-06 5.1049e-07)
(-10 3.63342e-06 3.01057e-07)
(-10 3.59682e-06 1.56063e-07)
(-10 3.48306e-06 6.79269e-08)
(-10 3.33486e-06 -2.12345e-08)
(-10 3.16653e-06 -2.5955e-08)
(-10 3.02012e-06 3.90965e-09)
(-10 2.84616e-06 6.72273e-08)
(-10 2.64297e-06 8.42393e-08)
(-10 2.37898e-06 1.28443e-07)
(-10 2.13177e-06 1.52064e-07)
(-10 1.97114e-06 2.23831e-07)
(-10 1.88871e-06 1.18269e-07)
(-10 1.88242e-06 1.7602e-07)
(-10 3.9337e-06 9.6738e-07)
(-10 4.16028e-06 1.13328e-06)
(-10 4.14648e-06 8.7206e-07)
(-10 4.00788e-06 5.40015e-07)
(-10 3.90712e-06 3.09653e-07)
(-10 3.87313e-06 1.49902e-07)
(-10 3.80358e-06 1.23208e-08)
(-10 3.54006e-06 -2.47551e-08)
(-10 3.34302e-06 -3.80434e-08)
(-10 3.29834e-06 -2.20198e-08)
(-10 3.21651e-06 1.32109e-08)
(-10 3.10389e-06 7.15343e-08)
(-10 2.92357e-06 8.42494e-08)
(-10 2.77976e-06 9.98901e-08)
(-10 2.5239e-06 5.37263e-08)
(-10 2.23324e-06 1.95726e-07)
(-10 2.00818e-06 1.15294e-07)
(-10 4.36502e-06 1.01571e-06)
(-10 4.66322e-06 1.14218e-06)
(-10 4.57776e-06 8.35334e-07)
(-10 4.25741e-06 4.86248e-07)
(-10 4.08944e-06 2.36974e-07)
(-10 4.10457e-06 1.23049e-07)
(-10 4.02672e-06 2.86416e-08)
(-10 3.90799e-06 -3.61762e-08)
(-10 3.66764e-06 -1.23566e-08)
(-10 3.50095e-06 2.74711e-08)
(-10 3.46644e-06 4.70445e-08)
(-10 3.38742e-06 5.59159e-08)
(-10 3.29469e-06 6.78424e-08)
(-10 3.17013e-06 3.72724e-08)
(-10 3.0586e-06 5.88031e-08)
(-10 2.77949e-06 -4.53002e-08)
(-10 2.36705e-06 6.59646e-08)
(-10 4.73471e-06 1.01738e-06)
(-10 4.83601e-06 1.10961e-06)
(-10 4.64469e-06 7.70293e-07)
(-10 4.4075e-06 4.90125e-07)
(-10 4.24535e-06 2.79849e-07)
(-10 4.15224e-06 1.08982e-07)
(-10 4.13775e-06 -8.69168e-09)
(-10 4.18966e-06 -4.74763e-09)
(-10 4.10009e-06 9.09172e-08)
(-10 3.85352e-06 5.64171e-08)
(-10 3.68653e-06 7.59767e-10)
(-10 3.58915e-06 5.51432e-08)
(-10 3.44354e-06 3.42551e-08)
(-10 3.27696e-06 -4.39468e-08)
(-10 3.08802e-06 -1.62998e-07)
(-10 2.84405e-06 2.04507e-08)
(-10 2.5859e-06 -1.02222e-07)
(-10 5.10996e-06 9.98279e-07)
(-10 5.06272e-06 1.08872e-06)
(-10 4.74902e-06 7.48095e-07)
(-10 4.48677e-06 4.5489e-07)
(-10 4.30362e-06 2.35965e-07)
(-10 4.20491e-06 8.50368e-08)
(-10 4.12104e-06 7.16341e-09)
(-10 4.10923e-06 -3.8552e-08)
(-10 4.15258e-06 3.64477e-08)
(-10 4.03619e-06 1.62052e-07)
(-10 3.79197e-06 1.90441e-07)
(-10 3.5795e-06 5.03026e-09)
(-10 3.39826e-06 -1.44518e-08)
(-10 3.19638e-06 3.69549e-09)
(-10 2.92184e-06 5.6551e-08)
(-10 2.72658e-06 -1.11773e-07)
(-10 2.61285e-06 -1.99972e-08)
(-10 5.46382e-06 9.67801e-07)
(-10 5.29734e-06 1.04946e-06)
(-10 4.81895e-06 6.34523e-07)
(-10 4.49101e-06 3.62343e-07)
(-10 4.32593e-06 2.1294e-07)
(-10 4.14874e-06 6.4085e-08)
(-10 4.03443e-06 -3.80795e-08)
(-10 3.94643e-06 -2.53381e-08)
(-10 3.88679e-06 1.33803e-09)
(-10 3.78959e-06 5.01949e-08)
(-10 3.6051e-06 7.11815e-08)
(-10 3.402e-06 7.44051e-08)
(-10 3.20191e-06 5.91973e-08)
(-10 3.04446e-06 6.86499e-08)
(-10 2.87268e-06 -4.14666e-08)
(-10 2.7115e-06 3.68518e-08)
(-10 2.58e-06 -1.30994e-07)
(-10 5.76061e-06 9.27644e-07)
(-10 5.50497e-06 1.01622e-06)
(-10 4.93141e-06 6.20819e-07)
(-10 4.53365e-06 3.32862e-07)
(-10 4.29571e-06 1.67116e-07)
(-10 4.0735e-06 5.95897e-08)
(-10 3.87791e-06 -2.73728e-09)
(-10 3.73502e-06 -4.1695e-08)
(-10 3.62819e-06 -2.00311e-08)
(-10 3.51709e-06 3.40036e-08)
(-10 3.37989e-06 5.66762e-08)
(-10 3.19953e-06 5.20735e-08)
(-10 3.05289e-06 5.3491e-08)
(-10 2.91541e-06 4.06131e-08)
(-10 2.77856e-06 5.85728e-08)
(-10 2.6553e-06 -1.09475e-07)
(-10 2.53873e-06 -3.32989e-08)
(-10 5.95855e-06 8.71554e-07)
(-10 5.64163e-06 9.41528e-07)
(-10 5.05149e-06 5.86365e-07)
(-10 4.59491e-06 3.4025e-07)
(-10 4.22869e-06 1.87629e-07)
(-10 3.88918e-06 5.72846e-08)
(-10 3.61613e-06 -1.00748e-08)
(-10 3.44225e-06 -9.06134e-09)
(-10 3.32762e-06 -1.58183e-08)
(-10 3.22732e-06 -2.40688e-08)
(-10 3.11001e-06 -3.15e-09)
(-10 2.99044e-06 3.54647e-08)
(-10 2.86369e-06 3.83422e-08)
(-10 2.74801e-06 2.57875e-08)
(-10 2.64106e-06 -7.05176e-08)
(-10 2.54124e-06 -7.45076e-09)
(-10 2.43254e-06 -1.5247e-07)
(-10 6.0413e-06 8.03689e-07)
(-10 5.68879e-06 8.61715e-07)
(-10 5.07139e-06 5.46726e-07)
(-10 4.56618e-06 3.20403e-07)
(-10 4.08486e-06 1.70491e-07)
(-10 3.58354e-06 1.03183e-07)
(-10 3.21283e-06 1.03812e-07)
(-10 3.04539e-06 2.63243e-08)
(-10 2.96668e-06 -2.23522e-08)
(-10 2.90713e-06 -1.97927e-08)
(-10 2.83955e-06 -6.69049e-09)
(-10 2.7489e-06 -2.05177e-08)
(-10 2.65731e-06 -6.0651e-09)
(-10 2.56997e-06 -2.72178e-08)
(-10 2.47168e-06 -2.12435e-08)
(-10 2.38922e-06 -1.53143e-07)
(-10 2.29713e-06 -8.29254e-08)
(-10 5.98679e-06 7.26278e-07)
(-10 5.61714e-06 7.27293e-07)
(-10 4.98467e-06 3.96122e-07)
(-10 4.44405e-06 2.6434e-07)
(-10 3.85452e-06 1.70156e-07)
(-10 3.28001e-06 1.7514e-07)
(-10 2.84028e-06 2.87814e-07)
(-10 2.55044e-06 1.78254e-07)
(-10 2.48301e-06 -5.08269e-08)
(-10 2.52817e-06 -7.39074e-08)
(-10 2.52207e-06 -7.74125e-08)
(-10 2.47943e-06 -3.91807e-08)
(-10 2.42478e-06 -3.60465e-08)
(-10 2.3553e-06 -5.17413e-08)
(-10 2.28238e-06 -1.23026e-07)
(-10 2.20417e-06 -6.47217e-08)
(-10 2.12043e-06 -1.67231e-07)
(-10 5.76998e-06 6.74313e-07)
(-10 5.33422e-06 6.88125e-07)
(-10 4.68849e-06 3.86277e-07)
(-10 4.18886e-06 2.55047e-07)
(-10 3.60107e-06 1.61797e-07)
(-10 3.11427e-06 1.60863e-07)
(-10 2.72386e-06 1.75866e-07)
(-10 2.31798e-06 2.62941e-07)
(-10 2.06714e-06 1.16032e-07)
(-10 2.08383e-06 -8.45233e-08)
(-10 2.18881e-06 -8.89256e-08)
(-10 2.21399e-06 -9.54538e-08)
(-10 2.1884e-06 -8.47854e-08)
(-10 2.14041e-06 -8.92677e-08)
(-10 2.07689e-06 -7.56444e-08)
(-10 2.01015e-06 -1.80596e-07)
(-10 1.94633e-06 -1.04182e-07)
(-10 5.3988e-06 6.32209e-07)
(-10 4.95614e-06 7.01624e-07)
(-10 4.31832e-06 4.13743e-07)
(-10 3.77622e-06 2.14176e-07)
(-10 3.28492e-06 1.05609e-07)
(-10 2.95301e-06 3.43797e-08)
(-10 2.61468e-06 2.17552e-08)
(-10 2.286e-06 9.58531e-08)
(-10 1.94027e-06 2.12456e-07)
(-10 1.75749e-06 4.86314e-08)
(-10 1.8349e-06 -1.72744e-07)
(-10 1.92177e-06 -1.4418e-07)
(-10 1.93102e-06 -1.22163e-07)
(-10 1.90254e-06 -1.19513e-07)
(-10 1.85291e-06 -1.69722e-07)
(-10 1.80004e-06 -9.96342e-08)
(-10 1.74942e-06 -1.73325e-07)
(-10 4.89283e-06 5.96771e-07)
(-10 4.53237e-06 7.09887e-07)
(-10 3.95145e-06 4.55352e-07)
(-10 3.39291e-06 1.73976e-07)
(-10 2.96538e-06 1.76548e-08)
(-10 2.6932e-06 -2.42986e-08)
(-10 2.42632e-06 -2.79244e-08)
(-10 2.15857e-06 -2.51898e-08)
(-10 1.86424e-06 4.33825e-08)
(-10 1.55652e-06 1.72352e-07)
(-10 1.46302e-06 -1.58486e-08)
(-10 1.5886e-06 -2.50561e-07)
(-10 1.64475e-06 -1.79762e-07)
(-10 1.6382e-06 -1.59426e-07)
(-10 1.6012e-06 -1.2382e-07)
(-10 1.54808e-06 -1.88791e-07)
(-10 1.50603e-06 -1.21054e-07)
(-10 4.25677e-06 5.51371e-07)
(-10 3.95283e-06 6.90718e-07)
(-10 3.47219e-06 4.41686e-07)
(-10 3.02415e-06 1.93016e-07)
(-10 2.65415e-06 4.30947e-08)
(-10 2.39828e-06 -4.85222e-08)
(-10 2.17138e-06 -1.01656e-07)
(-10 1.93969e-06 -7.23303e-08)
(-10 1.73784e-06 -3.41789e-08)
(-10 1.42672e-06 8.33881e-08)
(-10 1.16679e-06 -4.96438e-08)
(-10 1.20329e-06 -2.44708e-07)
(-10 1.35709e-06 -2.12932e-07)
(-10 1.37504e-06 -1.78678e-07)
(-10 1.3487e-06 -1.8343e-07)
(-10 1.29334e-06 -1.2178e-07)
(-10 1.24221e-06 -1.17663e-07)
(-10 3.52042e-06 5.20635e-07)
(-10 3.27534e-06 6.72167e-07)
(-10 2.89594e-06 4.30941e-07)
(-10 2.53741e-06 2.06477e-07)
(-10 2.24768e-06 3.9541e-08)
(-10 1.9928e-06 -5.36907e-08)
(-10 1.82279e-06 -9.80103e-08)
(-10 1.69646e-06 -1.35744e-07)
(-10 1.49395e-06 -1.20376e-07)
(-10 1.29348e-06 -5.28945e-08)
(-10 1.00303e-06 8.2129e-08)
(-10 9.46926e-07 -1.0422e-07)
(-10 1.0759e-06 -3.02542e-07)
(-10 1.1111e-06 -2.11488e-07)
(-10 1.08408e-06 -1.47791e-07)
(-10 1.02869e-06 -1.55137e-07)
(-10 9.52557e-07 -7.17124e-08)
(-10 2.71352e-06 4.60102e-07)
(-10 2.53413e-06 6.16423e-07)
(-10 2.2409e-06 4.14196e-07)
(-10 1.98803e-06 1.94563e-07)
(-10 1.71834e-06 4.36696e-08)
(-10 1.55692e-06 -4.52807e-08)
(-10 1.47015e-06 -1.50524e-07)
(-10 1.31183e-06 -1.48738e-07)
(-10 1.24306e-06 -1.72748e-07)
(-10 1.06826e-06 -1.2358e-07)
(-10 8.92593e-07 1.80842e-08)
(-10 7.83338e-07 -1.22151e-07)
(-10 8.21544e-07 -3.17561e-07)
(-10 8.7258e-07 -2.1937e-07)
(-10 8.75207e-07 -1.79747e-07)
(-10 7.95016e-07 -1.24997e-07)
(-10 7.02087e-07 -9.78894e-08)
(-10 1.89024e-06 4.4578e-07)
(-10 1.78652e-06 6.27607e-07)
(-10 1.57869e-06 3.93157e-07)
(-10 1.37311e-06 1.68565e-07)
(-10 1.17874e-06 8.56029e-08)
(-10 1.12144e-06 -1.22231e-07)
(-10 9.88104e-07 -1.22193e-07)
(-10 1.02423e-06 -2.37621e-07)
(-10 9.01698e-07 -2.01384e-07)
(-10 8.32832e-07 -9.94239e-08)
(-10 7.03201e-07 -8.90753e-09)
(-10 4.82422e-07 -5.28835e-08)
(-10 5.06018e-07 -2.81474e-07)
(-10 6.30991e-07 -2.31528e-07)
(-10 6.48124e-07 -1.59809e-07)
(-10 5.52586e-07 -1.6733e-07)
(-10 5.2934e-07 -1.26641e-07)
(-10 1.19068e-06 4.33047e-07)
(-10 1.22657e-06 6.28976e-07)
(-10 9.89448e-07 4.01585e-07)
(-10 8.29519e-07 1.85516e-07)
(-10 6.35967e-07 -4.55327e-08)
(-10 5.49559e-07 -3.637e-08)
(-10 5.0423e-07 -2.65245e-07)
(-10 4.00379e-07 -1.60675e-07)
(-10 3.88758e-07 -2.87211e-07)
(-10 3.27894e-07 -8.82419e-08)
(-10 1.75692e-07 -3.02236e-08)
(-10 6.29638e-08 4.8179e-08)
(-10 -5.57e-09 -1.26034e-07)
(-10 2.16217e-07 -2.73869e-07)
(-10 1.80681e-07 -2.04013e-07)
(-10 1.92932e-07 -1.19842e-07)
(-10 1.66631e-07 -1.39045e-07)
(-10 4.39998e-07 4.99672e-07)
(-10 4.64159e-07 6.72937e-07)
(-10 3.61817e-07 4.39564e-07)
(-10 2.39075e-07 1.98744e-07)
(-10 1.92401e-07 1.15612e-07)
(-10 9.76875e-08 -1.26288e-07)
(-10 8.86689e-08 -1.25513e-07)
(-10 3.19581e-08 -2.9275e-07)
(-10 1.46822e-08 -2.17099e-07)
(-10 -1.7154e-08 -1.8625e-07)
(-10 -5.92321e-08 -6.99978e-08)
(-10 -7.70207e-08 9.3123e-08)
(-10 -1.16489e-07 -7.96781e-08)
(-10 -2.79446e-08 -3.23032e-07)
(-10 -3.60048e-08 -1.90476e-07)
(-10 -2.30957e-09 -1.6312e-07)
(-10 -6.93859e-09 -1.66273e-07)
(-10 2.52062e-06 4.48039e-08)
(-10 2.45906e-06 8.2711e-09)
(-10 2.42196e-06 3.55569e-10)
(-10 2.38304e-06 7.78696e-09)
(-10 2.3308e-06 -3.24045e-09)
(-10 2.31702e-06 -1.55414e-09)
(-10 2.26117e-06 1.57436e-08)
(-10 2.31889e-06 9.05389e-08)
(-10 2.3228e-06 1.20541e-07)
(-10 1.9123e-06 1.18745e-06)
(-10 2.17283e-06 1.25846e-06)
(-10 2.44567e-06 8.14074e-07)
(-10 2.61067e-06 5.09049e-07)
(-10 2.6584e-06 3.7242e-07)
(-10 2.64825e-06 1.99935e-07)
(-10 2.6045e-06 1.62377e-07)
(-10 2.48876e-06 1.35749e-07)
(-10 2.39e-06 9.57223e-08)
(-10 2.35001e-06 8.42853e-08)
(-10 2.31405e-06 7.22103e-08)
(-10 2.28532e-06 3.84678e-08)
(-10 2.24706e-06 1.17453e-08)
(-10 2.21332e-06 -4.09973e-09)
(-10 2.22674e-06 2.39235e-08)
(-10 2.23074e-06 4.93284e-08)
(-10 2.33199e-06 9.72375e-08)
(-10 2.21433e-06 1.21811e-06)
(-10 2.47095e-06 1.25884e-06)
(-10 2.64818e-06 8.05396e-07)
(-10 2.75312e-06 4.80465e-07)
(-10 2.73464e-06 3.13696e-07)
(-10 2.64896e-06 2.57516e-07)
(-10 2.52906e-06 2.13733e-07)
(-10 2.39556e-06 2.15409e-07)
(-10 2.28391e-06 2.24332e-07)
(-10 2.20785e-06 1.78064e-07)
(-10 2.17477e-06 1.27734e-07)
(-10 2.15883e-06 9.7954e-08)
(-10 2.14034e-06 7.10344e-08)
(-10 2.12985e-06 4.443e-08)
(-10 2.15047e-06 3.4637e-08)
(-10 2.18189e-06 6.21992e-08)
(-10 2.25678e-06 1.03624e-07)
(-10 2.49259e-06 1.23261e-06)
(-10 2.75344e-06 1.25378e-06)
(-10 2.92835e-06 7.78134e-07)
(-10 3.00772e-06 4.60927e-07)
(-10 2.927e-06 3.1104e-07)
(-10 2.73274e-06 2.76304e-07)
(-10 2.50618e-06 3.37413e-07)
(-10 2.30911e-06 3.57212e-07)
(-10 2.14802e-06 3.33776e-07)
(-10 2.02235e-06 2.84942e-07)
(-10 1.99622e-06 2.09177e-07)
(-10 2.01792e-06 1.45791e-07)
(-10 2.01826e-06 8.80305e-08)
(-10 2.02357e-06 5.26183e-08)
(-10 2.05029e-06 4.8409e-08)
(-10 2.09155e-06 5.66293e-08)
(-10 2.15119e-06 8.05749e-08)
(-10 2.81269e-06 1.25275e-06)
(-10 3.07812e-06 1.28477e-06)
(-10 3.22998e-06 8.09459e-07)
(-10 3.26621e-06 4.74674e-07)
(-10 3.08881e-06 3.14316e-07)
(-10 2.85267e-06 3.03998e-07)
(-10 2.67301e-06 3.03857e-07)
(-10 2.49686e-06 2.97669e-07)
(-10 2.30408e-06 3.1981e-07)
(-10 2.11931e-06 3.04386e-07)
(-10 1.97248e-06 2.53861e-07)
(-10 1.92778e-06 1.99771e-07)
(-10 1.93307e-06 1.57253e-07)
(-10 1.93551e-06 1.07269e-07)
(-10 1.96767e-06 7.12316e-08)
(-10 2.01046e-06 7.93452e-08)
(-10 2.0622e-06 1.00856e-07)
(-10 3.11843e-06 1.28952e-06)
(-10 3.34643e-06 1.3602e-06)
(-10 3.47124e-06 8.81439e-07)
(-10 3.48536e-06 5.5683e-07)
(-10 3.31079e-06 4.4529e-07)
(-10 3.15841e-06 2.7246e-07)
(-10 3.07848e-06 1.65462e-07)
(-10 2.91222e-06 1.08547e-07)
(-10 2.73618e-06 6.77858e-08)
(-10 2.54039e-06 1.08902e-07)
(-10 2.27906e-06 1.97366e-07)
(-10 2.02567e-06 2.48608e-07)
(-10 1.88968e-06 1.92638e-07)
(-10 1.86349e-06 1.24051e-07)
(-10 1.89808e-06 1.02869e-07)
(-10 1.93913e-06 7.83842e-08)
(-10 1.97547e-06 9.97649e-08)
(-10 3.41041e-06 1.33628e-06)
(-10 3.60128e-06 1.46432e-06)
(-10 3.74449e-06 9.97456e-07)
(-10 3.74464e-06 6.03778e-07)
(-10 3.63882e-06 3.8168e-07)
(-10 3.54986e-06 2.26986e-07)
(-10 3.45552e-06 7.4723e-08)
(-10 3.2957e-06 -3.17524e-09)
(-10 3.11193e-06 -2.67576e-09)
(-10 2.94417e-06 1.8148e-09)
(-10 2.73724e-06 4.14748e-08)
(-10 2.47343e-06 1.03764e-07)
(-10 2.20481e-06 1.77237e-07)
(-10 2.01041e-06 2.13686e-07)
(-10 1.91047e-06 1.58949e-07)
(-10 1.89636e-06 1.46354e-07)
(-10 1.92255e-06 1.22771e-07)
(-10 3.91305e-06 1.35286e-06)
(-10 4.14834e-06 1.56635e-06)
(-10 4.14114e-06 1.10995e-06)
(-10 3.99284e-06 6.51621e-07)
(-10 3.89368e-06 4.41168e-07)
(-10 3.89454e-06 1.68348e-07)
(-10 3.80616e-06 5.28123e-08)
(-10 3.54521e-06 -2.52678e-08)
(-10 3.36195e-06 -7.23301e-08)
(-10 3.28708e-06 -4.0382e-08)
(-10 3.15275e-06 8.18868e-09)
(-10 2.98473e-06 3.59249e-08)
(-10 2.79266e-06 4.33704e-08)
(-10 2.52244e-06 5.42165e-08)
(-10 2.25471e-06 1.19416e-07)
(-10 2.07032e-06 1.48084e-07)
(-10 1.92949e-06 1.39657e-07)
(-10 4.4114e-06 1.37113e-06)
(-10 4.63034e-06 1.53318e-06)
(-10 4.45322e-06 1.06246e-06)
(-10 4.20627e-06 6.07941e-07)
(-10 4.08604e-06 3.69007e-07)
(-10 4.09018e-06 1.88608e-07)
(-10 4.04442e-06 3.05429e-08)
(-10 3.94542e-06 -3.06683e-08)
(-10 3.77834e-06 1.25061e-09)
(-10 3.5175e-06 -7.51235e-09)
(-10 3.35717e-06 -7.49905e-09)
(-10 3.32078e-06 3.60555e-08)
(-10 3.16535e-06 6.26851e-08)
(-10 2.97501e-06 6.01579e-08)
(-10 2.75063e-06 -1.0526e-08)
(-10 2.46284e-06 7.33554e-09)
(-10 2.18859e-06 2.09848e-08)
(-10 4.70855e-06 1.36212e-06)
(-10 4.78504e-06 1.50263e-06)
(-10 4.56435e-06 1.00678e-06)
(-10 4.35315e-06 5.90353e-07)
(-10 4.23233e-06 4.08785e-07)
(-10 4.17077e-06 1.36407e-07)
(-10 4.13746e-06 4.20876e-08)
(-10 4.18629e-06 2.53436e-09)
(-10 4.10327e-06 4.94247e-08)
(-10 3.85667e-06 2.16856e-08)
(-10 3.68034e-06 -2.69907e-08)
(-10 3.52035e-06 3.37911e-08)
(-10 3.36245e-06 1.83015e-08)
(-10 3.19834e-06 -3.26164e-08)
(-10 2.97162e-06 -1.31079e-07)
(-10 2.73866e-06 -1.86852e-07)
(-10 2.51547e-06 -1.27146e-07)
(-10 5.06758e-06 1.35059e-06)
(-10 5.01632e-06 1.48313e-06)
(-10 4.64365e-06 9.69952e-07)
(-10 4.38218e-06 5.26892e-07)
(-10 4.28621e-06 3.16893e-07)
(-10 4.18287e-06 1.47506e-07)
(-10 4.11249e-06 2.91174e-09)
(-10 4.07616e-06 -2.83163e-08)
(-10 4.02761e-06 3.55353e-08)
(-10 3.99059e-06 4.14332e-08)
(-10 3.83745e-06 3.55855e-08)
(-10 3.57861e-06 5.36551e-08)
(-10 3.37664e-06 6.27099e-08)
(-10 3.2077e-06 6.14872e-08)
(-10 3.00817e-06 -6.89986e-08)
(-10 2.81029e-06 -1.11964e-07)
(-10 2.62914e-06 -2.1022e-07)
(-10 5.40768e-06 1.32297e-06)
(-10 5.24954e-06 1.44645e-06)
(-10 4.77247e-06 8.79899e-07)
(-10 4.45166e-06 4.51303e-07)
(-10 4.31067e-06 3.27074e-07)
(-10 4.1584e-06 8.52005e-08)
(-10 4.02314e-06 1.83781e-08)
(-10 3.91601e-06 -1.81344e-08)
(-10 3.82584e-06 -3.62476e-08)
(-10 3.73372e-06 1.72641e-08)
(-10 3.58897e-06 6.36641e-08)
(-10 3.39563e-06 6.65062e-08)
(-10 3.23056e-06 3.99361e-08)
(-10 3.08515e-06 2.60966e-08)
(-10 2.92143e-06 -9.68254e-09)
(-10 2.75814e-06 -1.04849e-07)
(-10 2.5963e-06 -1.61248e-07)
(-10 5.6904e-06 1.27908e-06)
(-10 5.44631e-06 1.40428e-06)
(-10 4.94393e-06 8.82133e-07)
(-10 4.56639e-06 4.65908e-07)
(-10 4.30322e-06 2.60235e-07)
(-10 4.06948e-06 1.17049e-07)
(-10 3.87706e-06 -5.05796e-09)
(-10 3.723e-06 -3.01019e-08)
(-10 3.59972e-06 1.11665e-08)
(-10 3.48265e-06 1.51849e-08)
(-10 3.35113e-06 2.74623e-08)
(-10 3.20956e-06 5.82032e-08)
(-10 3.07427e-06 7.57893e-08)
(-10 2.95337e-06 8.45952e-08)
(-10 2.81724e-06 -1.6513e-08)
(-10 2.67887e-06 -3.03408e-08)
(-10 2.53491e-06 -8.67025e-08)
(-10 5.87993e-06 1.21777e-06)
(-10 5.55483e-06 1.32265e-06)
(-10 4.99886e-06 7.94513e-07)
(-10 4.57862e-06 4.55029e-07)
(-10 4.22456e-06 2.74415e-07)
(-10 3.91189e-06 8.26386e-08)
(-10 3.65138e-06 4.1097e-08)
(-10 3.4595e-06 7.57137e-09)
(-10 3.32171e-06 -3.50329e-08)
(-10 3.21329e-06 -5.88689e-09)
(-10 3.10606e-06 3.11904e-08)
(-10 2.99625e-06 3.35868e-08)
(-10 2.88354e-06 5.68309e-09)
(-10 2.78668e-06 -2.03603e-08)
(-10 2.67189e-06 -2.26597e-08)
(-10 2.55651e-06 -8.96846e-08)
(-10 2.42081e-06 -1.01737e-07)
(-10 5.95291e-06 1.14742e-06)
(-10 5.53346e-06 1.20454e-06)
(-10 4.92712e-06 6.90379e-07)
(-10 4.49673e-06 4.13002e-07)
(-10 4.06965e-06 2.37188e-07)
(-10 3.65745e-06 1.53316e-07)
(-10 3.32245e-06 7.3652e-08)
(-10 3.11198e-06 3.55646e-08)
(-10 2.99527e-06 3.77767e-08)
(-10 2.91258e-06 2.70857e-09)
(-10 2.83984e-06 -1.1199e-08)
(-10 2.76244e-06 5.49928e-09)
(-10 2.6884e-06 1.77881e-08)
(-10 2.60355e-06 2.1794e-08)
(-10 2.51204e-06 -6.68545e-08)
(-10 2.40646e-06 -6.12427e-08)
(-10 2.28678e-06 -7.99952e-08)
(-10 5.90425e-06 1.06873e-06)
(-10 5.48108e-06 1.10085e-06)
(-10 4.85304e-06 5.68886e-07)
(-10 4.3694e-06 3.73899e-07)
(-10 3.83655e-06 2.33165e-07)
(-10 3.30533e-06 1.96798e-07)
(-10 2.86874e-06 2.20589e-07)
(-10 2.6559e-06 1.40451e-07)
(-10 2.58956e-06 2.56998e-08)
(-10 2.56214e-06 -5.27394e-09)
(-10 2.5388e-06 -5.3038e-09)
(-10 2.50477e-06 -2.07456e-08)
(-10 2.44745e-06 -5.83326e-08)
(-10 2.38743e-06 -8.53604e-08)
(-10 2.3129e-06 -8.33226e-08)
(-10 2.22384e-06 -1.36445e-07)
(-10 2.11779e-06 -1.18025e-07)
(-10 5.70832e-06 9.90596e-07)
(-10 5.33931e-06 1.03037e-06)
(-10 4.71506e-06 5.17423e-07)
(-10 4.14069e-06 3.33531e-07)
(-10 3.52482e-06 2.42145e-07)
(-10 2.97216e-06 2.64748e-07)
(-10 2.56157e-06 2.46318e-07)
(-10 2.26701e-06 2.39428e-07)
(-10 2.16211e-06 1.76548e-07)
(-10 2.18815e-06 3.70484e-08)
(-10 2.21822e-06 -3.34905e-08)
(-10 2.21876e-06 -4.63012e-08)
(-10 2.20352e-06 -4.36003e-08)
(-10 2.16187e-06 -3.82833e-08)
(-10 2.10387e-06 -1.16324e-07)
(-10 2.02777e-06 -9.59301e-08)
(-10 1.947e-06 -9.0273e-08)
(-10 5.35418e-06 9.07372e-07)
(-10 5.0027e-06 1.01406e-06)
(-10 4.38643e-06 5.35343e-07)
(-10 3.74742e-06 3.54215e-07)
(-10 3.14391e-06 2.01048e-07)
(-10 2.77045e-06 1.0345e-07)
(-10 2.46898e-06 1.03926e-07)
(-10 2.12922e-06 1.22122e-07)
(-10 1.85114e-06 1.2723e-07)
(-10 1.79754e-06 7.97151e-08)
(-10 1.87052e-06 -1.57788e-08)
(-10 1.92634e-06 -6.7048e-08)
(-10 1.93297e-06 -1.12148e-07)
(-10 1.90888e-06 -1.37444e-07)
(-10 1.86782e-06 -1.27701e-07)
(-10 1.81215e-06 -1.47402e-07)
(-10 1.75737e-06 -1.1585e-07)
(-10 4.84857e-06 8.52439e-07)
(-10 4.51944e-06 9.96464e-07)
(-10 3.94496e-06 5.44379e-07)
(-10 3.33841e-06 3.96016e-07)
(-10 2.87499e-06 2.05808e-07)
(-10 2.59025e-06 7.76433e-08)
(-10 2.31858e-06 1.04495e-08)
(-10 2.03517e-06 1.71496e-08)
(-10 1.73395e-06 6.9879e-08)
(-10 1.50744e-06 6.44372e-08)
(-10 1.50766e-06 -1.87626e-08)
(-10 1.59439e-06 -8.92486e-08)
(-10 1.63861e-06 -9.73782e-08)
(-10 1.64002e-06 -1.0346e-07)
(-10 1.61182e-06 -1.46843e-07)
(-10 1.56556e-06 -1.06831e-07)
(-10 1.52814e-06 -8.13939e-08)
(-10 4.20504e-06 8.11168e-07)
(-10 3.90793e-06 9.80177e-07)
(-10 3.42791e-06 5.02301e-07)
(-10 2.96221e-06 3.4357e-07)
(-10 2.57493e-06 1.37692e-07)
(-10 2.31513e-06 -7.53329e-09)
(-10 2.086e-06 -4.50393e-08)
(-10 1.87286e-06 -5.07324e-08)
(-10 1.62192e-06 -4.41585e-08)
(-10 1.35077e-06 3.09317e-08)
(-10 1.22085e-06 2.86029e-08)
(-10 1.29067e-06 -7.70388e-08)
(-10 1.34893e-06 -1.43819e-07)
(-10 1.3643e-06 -1.65367e-07)
(-10 1.34736e-06 -1.46109e-07)
(-10 1.30817e-06 -1.36795e-07)
(-10 1.27382e-06 -9.04332e-08)
(-10 3.43189e-06 7.77567e-07)
(-10 3.18455e-06 9.67876e-07)
(-10 2.84728e-06 4.96285e-07)
(-10 2.50273e-06 3.55707e-07)
(-10 2.18328e-06 1.23166e-07)
(-10 1.95992e-06 5.79566e-10)
(-10 1.7872e-06 -7.97351e-08)
(-10 1.60823e-06 -1.05651e-07)
(-10 1.43674e-06 -9.24958e-08)
(-10 1.22131e-06 -5.98129e-08)
(-10 9.94884e-07 3.78676e-10)
(-10 9.51927e-07 -3.57608e-08)
(-10 1.05075e-06 -1.24988e-07)
(-10 1.09302e-06 -1.3375e-07)
(-10 1.08307e-06 -1.45969e-07)
(-10 1.0391e-06 -9.69257e-08)
(-10 9.81863e-07 -4.92383e-08)
(-10 2.64785e-06 7.47182e-07)
(-10 2.47307e-06 9.51767e-07)
(-10 2.223e-06 5.2387e-07)
(-10 1.92873e-06 3.22391e-07)
(-10 1.70629e-06 1.19305e-07)
(-10 1.54204e-06 -2.21313e-08)
(-10 1.40581e-06 -1.0614e-07)
(-10 1.30131e-06 -1.35047e-07)
(-10 1.17908e-06 -1.71968e-07)
(-10 9.94787e-07 -1.44146e-07)
(-10 7.9525e-07 -7.54621e-08)
(-10 6.9801e-07 -7.84944e-08)
(-10 8.14259e-07 -1.50282e-07)
(-10 8.2833e-07 -1.66484e-07)
(-10 8.63414e-07 -1.39209e-07)
(-10 7.75861e-07 -1.19196e-07)
(-10 7.20371e-07 -6.13792e-08)
(-10 1.88456e-06 7.37265e-07)
(-10 1.79493e-06 9.64941e-07)
(-10 1.57636e-06 4.88576e-07)
(-10 1.34817e-06 3.52566e-07)
(-10 1.1952e-06 1.26523e-07)
(-10 1.0673e-06 -4.34927e-09)
(-10 1.02914e-06 -1.49657e-07)
(-10 9.45314e-07 -1.91828e-07)
(-10 8.68403e-07 -2.23507e-07)
(-10 7.51027e-07 -2.15017e-07)
(-10 6.26801e-07 -8.22992e-08)
(-10 5.34637e-07 -9.87228e-08)
(-10 4.66809e-07 -9.89611e-08)
(-10 6.55417e-07 -1.32333e-07)
(-10 6.00694e-07 -1.20321e-07)
(-10 5.87577e-07 -8.07872e-08)
(-10 4.77072e-07 -9.17009e-08)
(-10 1.15688e-06 7.29002e-07)
(-10 1.13313e-06 9.70077e-07)
(-10 9.43893e-07 4.8371e-07)
(-10 7.57424e-07 3.38683e-07)
(-10 6.14096e-07 1.2169e-07)
(-10 5.30301e-07 -7.93006e-08)
(-10 4.69783e-07 -1.48392e-07)
(-10 4.17485e-07 -2.67873e-07)
(-10 3.3903e-07 -3.0171e-07)
(-10 2.85626e-07 -2.68065e-07)
(-10 2.13847e-07 -1.71294e-07)
(-10 1.10201e-07 -8.58579e-09)
(-10 1.1126e-07 -5.66052e-08)
(-10 2.16011e-07 -1.14134e-07)
(-10 2.22752e-07 -9.83727e-08)
(-10 1.91561e-07 -1.27514e-07)
(-10 2.03388e-07 -8.5559e-08)
(-10 3.99201e-07 7.39531e-07)
(-10 4.34245e-07 9.62855e-07)
(-10 3.15908e-07 6.39172e-07)
(-10 2.55776e-07 3.79812e-07)
(-10 1.38948e-07 1.43971e-07)
(-10 1.28083e-07 -4.77724e-09)
(-10 6.20243e-08 -1.76341e-07)
(-10 5.84648e-08 -2.65821e-07)
(-10 5.41436e-09 -3.02192e-07)
(-10 -1.69157e-08 -2.83732e-07)
(-10 -1.96167e-08 -1.82712e-07)
(-10 -8.7432e-08 -3.3802e-08)
(-10 -2.41573e-08 -3.20224e-08)
(-10 -5.88033e-08 -1.27853e-07)
(-10 2.62823e-08 -1.43202e-07)
(-10 -2.19126e-08 -1.55352e-07)
(-10 3.29233e-08 -1.24338e-07)
(-10 2.41985e-06 -3.44825e-08)
(-10 2.34432e-06 -4.84046e-08)
(-10 2.28773e-06 -5.30129e-08)
(-10 2.30291e-06 3.01254e-09)
(-10 2.28741e-06 2.28751e-09)
(-10 2.34758e-06 6.02474e-08)
(-10 2.01471e-06 9.90974e-07)
(-10 2.27055e-06 1.03798e-06)
(-10 2.49611e-06 6.08063e-07)
(-10 2.62149e-06 3.6098e-07)
(-10 2.67826e-06 2.17896e-07)
(-10 2.68488e-06 1.47964e-07)
(-10 2.6208e-06 1.08023e-07)
(-10 2.57127e-06 6.73601e-08)
(-10 2.50108e-06 6.38928e-08)
(-10 2.43473e-06 3.98432e-08)
(-10 2.36717e-06 2.47928e-08)
(-10 2.28792e-06 -2.8387e-08)
(-10 2.25012e-06 -3.21384e-08)
(-10 2.21085e-06 -1.50274e-08)
(-10 2.18574e-06 -2.17941e-08)
(-10 2.21655e-06 1.09256e-08)
(-10 2.27939e-06 3.40167e-08)
(-10 2.24361e-06 1.01149e-06)
(-10 2.49047e-06 1.04308e-06)
(-10 2.65184e-06 6.02596e-07)
(-10 2.72661e-06 3.54999e-07)
(-10 2.74046e-06 2.21585e-07)
(-10 2.68653e-06 1.5782e-07)
(-10 2.60689e-06 1.36626e-07)
(-10 2.4971e-06 1.30395e-07)
(-10 2.40359e-06 1.09225e-07)
(-10 2.31929e-06 8.98279e-08)
(-10 2.2507e-06 6.78795e-08)
(-10 2.20045e-06 6.18187e-08)
(-10 2.15587e-06 2.13697e-08)
(-10 2.12941e-06 9.02726e-10)
(-10 2.12878e-06 1.97084e-08)
(-10 2.15488e-06 2.87301e-08)
(-10 2.22161e-06 5.44137e-08)
(-10 2.50669e-06 1.0341e-06)
(-10 2.75769e-06 1.06004e-06)
(-10 2.91134e-06 6.03754e-07)
(-10 2.95736e-06 3.54886e-07)
(-10 2.90837e-06 2.23562e-07)
(-10 2.77889e-06 1.87378e-07)
(-10 2.5983e-06 1.83731e-07)
(-10 2.44647e-06 1.70994e-07)
(-10 2.30511e-06 1.7414e-07)
(-10 2.1896e-06 1.6308e-07)
(-10 2.11778e-06 1.32659e-07)
(-10 2.07539e-06 6.6116e-08)
(-10 2.04381e-06 4.76234e-08)
(-10 2.0268e-06 4.10974e-08)
(-10 2.03144e-06 1.94679e-08)
(-10 2.06746e-06 3.40112e-08)
(-10 2.12543e-06 4.79694e-08)
(-10 2.83607e-06 1.04224e-06)
(-10 3.11903e-06 1.06429e-06)
(-10 3.25887e-06 5.96949e-07)
(-10 3.26889e-06 3.43611e-07)
(-10 3.14511e-06 2.17764e-07)
(-10 2.89434e-06 2.0531e-07)
(-10 2.63893e-06 2.33815e-07)
(-10 2.42014e-06 2.46391e-07)
(-10 2.23411e-06 2.43859e-07)
(-10 2.08466e-06 2.54721e-07)
(-10 2.01716e-06 2.12501e-07)
(-10 1.98648e-06 1.61576e-07)
(-10 1.9551e-06 1.00419e-07)
(-10 1.9473e-06 5.67811e-08)
(-10 1.96467e-06 6.1932e-08)
(-10 1.9968e-06 5.77869e-08)
(-10 2.04242e-06 7.61372e-08)
(-10 3.17553e-06 1.07582e-06)
(-10 3.46541e-06 1.12531e-06)
(-10 3.58336e-06 6.54949e-07)
(-10 3.55469e-06 4.03877e-07)
(-10 3.35075e-06 2.9272e-07)
(-10 3.11358e-06 2.14037e-07)
(-10 2.91285e-06 1.11005e-07)
(-10 2.72128e-06 5.92665e-08)
(-10 2.51796e-06 6.85858e-08)
(-10 2.31493e-06 1.48339e-07)
(-10 2.1145e-06 2.1953e-07)
(-10 1.95127e-06 1.50889e-07)
(-10 1.89816e-06 1.11099e-07)
(-10 1.90674e-06 9.84897e-08)
(-10 1.91536e-06 5.91338e-08)
(-10 1.94375e-06 6.23803e-08)
(-10 1.96941e-06 7.04605e-08)
(-10 3.51636e-06 1.12338e-06)
(-10 3.77365e-06 1.22133e-06)
(-10 3.84631e-06 7.45622e-07)
(-10 3.77628e-06 4.67478e-07)
(-10 3.59547e-06 2.8328e-07)
(-10 3.47335e-06 1.4884e-07)
(-10 3.40233e-06 6.26831e-08)
(-10 3.21831e-06 1.79439e-08)
(-10 3.02192e-06 -7.93137e-09)
(-10 2.82799e-06 1.1513e-08)
(-10 2.56173e-06 4.7303e-08)
(-10 2.28617e-06 9.92008e-08)
(-10 2.08533e-06 1.39829e-07)
(-10 1.93654e-06 1.24353e-07)
(-10 1.90404e-06 1.04139e-07)
(-10 1.92257e-06 9.60175e-08)
(-10 1.92133e-06 9.71821e-08)
(-10 3.93281e-06 1.20945e-06)
(-10 4.18192e-06 1.34578e-06)
(-10 4.1609e-06 8.04777e-07)
(-10 3.98748e-06 4.97298e-07)
(-10 3.87544e-06 2.77201e-07)
(-10 3.88558e-06 1.36568e-07)
(-10 3.78892e-06 3.34424e-08)
(-10 3.54165e-06 -3.21598e-08)
(-10 3.3509e-06 -3.80526e-08)
(-10 3.24717e-06 -2.01635e-08)
(-10 3.07266e-06 9.78141e-09)
(-10 2.89233e-06 -7.05989e-09)
(-10 2.62879e-06 3.12568e-08)
(-10 2.34805e-06 5.47217e-08)
(-10 2.13999e-06 8.13265e-08)
(-10 1.98725e-06 9.87547e-08)
(-10 1.88336e-06 7.39278e-08)
(-10 4.33283e-06 1.16908e-06)
(-10 4.52298e-06 1.2999e-06)
(-10 4.39733e-06 7.98084e-07)
(-10 4.17379e-06 4.98351e-07)
(-10 4.07228e-06 2.76639e-07)
(-10 4.09593e-06 1.23146e-07)
(-10 4.05934e-06 4.02254e-08)
(-10 3.95711e-06 -9.27049e-11)
(-10 3.79639e-06 -1.97807e-08)
(-10 3.51604e-06 -1.39091e-08)
(-10 3.32291e-06 4.12559e-09)
(-10 3.24914e-06 6.28712e-08)
(-10 3.07813e-06 5.82103e-08)
(-10 2.84131e-06 1.08807e-08)
(-10 2.53595e-06 1.40097e-08)
(-10 2.25078e-06 2.05797e-08)
(-10 2.05952e-06 3.93272e-08)
(-10 4.67466e-06 1.15779e-06)
(-10 4.73476e-06 1.27306e-06)
(-10 4.5079e-06 7.55906e-07)
(-10 4.30183e-06 4.63562e-07)
(-10 4.20319e-06 2.49367e-07)
(-10 4.16775e-06 1.18779e-07)
(-10 4.13185e-06 2.37173e-08)
(-10 4.1875e-06 -2.2045e-08)
(-10 4.10254e-06 -2.90561e-09)
(-10 3.84487e-06 9.43054e-09)
(-10 3.65378e-06 3.08204e-08)
(-10 3.48871e-06 8.43928e-09)
(-10 3.27959e-06 2.93703e-08)
(-10 3.06201e-06 1.62548e-08)
(-10 2.80456e-06 -6.45422e-08)
(-10 2.56442e-06 -8.99069e-08)
(-10 2.31808e-06 -5.85231e-08)
(-10 5.03548e-06 1.14928e-06)
(-10 4.97915e-06 1.26058e-06)
(-10 4.59468e-06 6.86956e-07)
(-10 4.3404e-06 3.89904e-07)
(-10 4.26299e-06 2.23645e-07)
(-10 4.17802e-06 8.71102e-08)
(-10 4.10617e-06 2.45793e-08)
(-10 4.06067e-06 9.77093e-09)
(-10 3.99661e-06 -1.78914e-09)
(-10 3.97516e-06 1.08075e-08)
(-10 3.84062e-06 3.40207e-08)
(-10 3.54625e-06 9.83024e-08)
(-10 3.33296e-06 9.53774e-08)
(-10 3.14962e-06 8.83161e-09)
(-10 2.94818e-06 -1.06929e-07)
(-10 2.76462e-06 -1.85628e-07)
(-10 2.59976e-06 -1.35313e-07)
(-10 5.36859e-06 1.12666e-06)
(-10 5.21216e-06 1.23153e-06)
(-10 4.74102e-06 6.8121e-07)
(-10 4.42925e-06 3.96028e-07)
(-10 4.291e-06 1.97894e-07)
(-10 4.1504e-06 8.4641e-08)
(-10 4.01571e-06 2.71434e-09)
(-10 3.90519e-06 -3.10457e-08)
(-10 3.80873e-06 -1.04321e-08)
(-10 3.71763e-06 2.15274e-08)
(-10 3.57978e-06 6.34645e-08)
(-10 3.40486e-06 2.86912e-08)
(-10 3.23931e-06 5.75779e-08)
(-10 3.09301e-06 5.54872e-08)
(-10 2.95089e-06 -4.11575e-08)
(-10 2.81566e-06 -9.76635e-08)
(-10 2.7226e-06 -2.0345e-07)
(-10 5.63605e-06 1.09179e-06)
(-10 5.38083e-06 1.19181e-06)
(-10 4.89208e-06 6.50827e-07)
(-10 4.54125e-06 3.83583e-07)
(-10 4.2896e-06 1.87355e-07)
(-10 4.06927e-06 5.72099e-08)
(-10 3.87645e-06 1.18127e-08)
(-10 3.71988e-06 2.54727e-09)
(-10 3.59003e-06 -6.75474e-09)
(-10 3.47636e-06 5.97555e-09)
(-10 3.35621e-06 3.06625e-08)
(-10 3.22359e-06 9.84609e-08)
(-10 3.10277e-06 1.18332e-07)
(-10 2.99516e-06 3.20341e-08)
(-10 2.87723e-06 2.94205e-08)
(-10 2.74195e-06 -2.77422e-08)
(-10 2.59057e-06 -7.25533e-08)
(-10 5.81264e-06 1.04253e-06)
(-10 5.43459e-06 1.08263e-06)
(-10 4.88724e-06 5.3668e-07)
(-10 4.52941e-06 3.37176e-07)
(-10 4.20568e-06 1.55476e-07)
(-10 3.91614e-06 6.48115e-08)
(-10 3.66688e-06 1.25453e-09)
(-10 3.47428e-06 -2.68015e-08)
(-10 3.33194e-06 -1.42696e-08)
(-10 3.2193e-06 7.29062e-09)
(-10 3.11483e-06 3.78661e-08)
(-10 3.014e-06 -5.99211e-09)
(-10 2.92883e-06 1.72333e-08)
(-10 2.83722e-06 3.57726e-08)
(-10 2.72705e-06 -2.91453e-08)
(-10 2.59923e-06 -3.26871e-08)
(-10 2.43834e-06 -4.255e-08)
(-10 5.8749e-06 9.79637e-07)
(-10 5.44861e-06 1.01353e-06)
(-10 4.86197e-06 4.83967e-07)
(-10 4.44648e-06 3.05709e-07)
(-10 4.0506e-06 1.5062e-07)
(-10 3.68229e-06 5.4891e-08)
(-10 3.37778e-06 3.45347e-08)
(-10 3.16183e-06 2.64682e-08)
(-10 3.02413e-06 2.22873e-09)
(-10 2.93157e-06 -8.5447e-09)
(-10 2.85849e-06 -2.7402e-09)
(-10 2.79396e-06 5.23849e-08)
(-10 2.72379e-06 7.02615e-08)
(-10 2.64381e-06 -2.26945e-08)
(-10 2.55455e-06 -7.61792e-09)
(-10 2.4374e-06 -3.08032e-08)
(-10 2.28567e-06 -3.18076e-08)
(-10 5.81544e-06 8.76503e-07)
(-10 5.42683e-06 9.31565e-07)
(-10 4.82838e-06 4.59906e-07)
(-10 4.30666e-06 2.75184e-07)
(-10 3.80947e-06 1.28095e-07)
(-10 3.35294e-06 9.25563e-08)
(-10 2.98865e-06 6.8193e-08)
(-10 2.75736e-06 3.33638e-08)
(-10 2.64461e-06 1.1835e-08)
(-10 2.60014e-06 6.70694e-10)
(-10 2.56658e-06 1.02713e-09)
(-10 2.52736e-06 -5.45382e-08)
(-10 2.48581e-06 -4.46575e-08)
(-10 2.4274e-06 -2.68295e-08)
(-10 2.35339e-06 -8.5121e-08)
(-10 2.2501e-06 -7.11295e-08)
(-10 2.12136e-06 -6.3801e-08)
(-10 5.59276e-06 8.07469e-07)
(-10 5.23948e-06 8.70316e-07)
(-10 4.68515e-06 4.21025e-07)
(-10 4.10708e-06 2.42396e-07)
(-10 3.4918e-06 1.28106e-07)
(-10 2.91934e-06 1.17253e-07)
(-10 2.50956e-06 1.61703e-07)
(-10 2.25378e-06 1.38578e-07)
(-10 2.18915e-06 6.006e-08)
(-10 2.22218e-06 1.44354e-09)
(-10 2.24533e-06 -2.73571e-08)
(-10 2.25342e-06 3.25197e-09)
(-10 2.23135e-06 9.75866e-09)
(-10 2.18979e-06 -8.30291e-08)
(-10 2.12917e-06 -6.89278e-08)
(-10 2.05058e-06 -7.64936e-08)
(-10 1.9535e-06 -6.09188e-08)
(-10 5.24853e-06 7.58304e-07)
(-10 4.91908e-06 8.36936e-07)
(-10 4.37658e-06 4.05864e-07)
(-10 3.77239e-06 2.44176e-07)
(-10 3.15211e-06 1.3839e-07)
(-10 2.63483e-06 8.2039e-08)
(-10 2.25679e-06 1.99471e-08)
(-10 1.97497e-06 5.5016e-08)
(-10 1.80713e-06 7.3918e-08)
(-10 1.82366e-06 2.14889e-08)
(-10 1.91028e-06 -2.14403e-08)
(-10 1.94066e-06 -9.42231e-08)
(-10 1.94671e-06 -1.01105e-07)
(-10 1.92721e-06 -1.0123e-07)
(-10 1.89173e-06 -1.36472e-07)
(-10 1.82901e-06 -1.19587e-07)
(-10 1.76705e-06 -9.23157e-08)
(-10 4.79054e-06 7.16717e-07)
(-10 4.47855e-06 8.23497e-07)
(-10 3.91447e-06 4.15599e-07)
(-10 3.28317e-06 2.79968e-07)
(-10 2.78717e-06 1.26388e-07)
(-10 2.4734e-06 -2.40611e-08)
(-10 2.18979e-06 -6.26614e-08)
(-10 1.91803e-06 -3.80793e-08)
(-10 1.65172e-06 2.49408e-08)
(-10 1.52217e-06 2.88279e-08)
(-10 1.56634e-06 -3.51106e-08)
(-10 1.63054e-06 -4.01492e-08)
(-10 1.66083e-06 -6.49376e-08)
(-10 1.65652e-06 -1.32885e-07)
(-10 1.62417e-06 -1.20127e-07)
(-10 1.58527e-06 -1.12586e-07)
(-10 1.54239e-06 -8.27002e-08)
(-10 4.17445e-06 6.86157e-07)
(-10 3.89855e-06 8.15783e-07)
(-10 3.40086e-06 4.08612e-07)
(-10 2.85215e-06 2.2379e-07)
(-10 2.45875e-06 2.74315e-08)
(-10 2.24076e-06 -7.9206e-08)
(-10 2.00412e-06 -1.26066e-07)
(-10 1.78495e-06 -1.39544e-07)
(-10 1.53869e-06 -1.08641e-07)
(-10 1.29713e-06 -2.77625e-08)
(-10 1.222e-06 -1.50282e-08)
(-10 1.29725e-06 -1.11543e-07)
(-10 1.35044e-06 -1.24064e-07)
(-10 1.36614e-06 -1.42186e-07)
(-10 1.36623e-06 -1.62309e-07)
(-10 1.32535e-06 -1.39472e-07)
(-10 1.28915e-06 -1.01666e-07)
(-10 3.45319e-06 6.67505e-07)
(-10 3.2283e-06 8.23214e-07)
(-10 2.83637e-06 4.16799e-07)
(-10 2.43592e-06 2.1401e-07)
(-10 2.15134e-06 1.5258e-08)
(-10 1.91959e-06 -9.35167e-08)
(-10 1.74907e-06 -1.49476e-07)
(-10 1.55573e-06 -1.59413e-07)
(-10 1.36746e-06 -1.61427e-07)
(-10 1.08982e-06 -1.32656e-07)
(-10 8.92729e-07 -9.21099e-08)
(-10 9.44931e-07 -6.64086e-08)
(-10 1.05622e-06 -1.15028e-07)
(-10 1.09167e-06 -1.48812e-07)
(-10 1.0842e-06 -1.3677e-07)
(-10 1.04776e-06 -1.19742e-07)
(-10 1.0111e-06 -8.75201e-08)
(-10 2.67144e-06 6.79781e-07)
(-10 2.517e-06 8.501e-07)
(-10 2.21108e-06 4.15756e-07)
(-10 1.91947e-06 1.91432e-07)
(-10 1.689e-06 -4.05766e-09)
(-10 1.52693e-06 -1.22969e-07)
(-10 1.37883e-06 -1.8425e-07)
(-10 1.2549e-06 -2.27288e-07)
(-10 1.10049e-06 -2.42113e-07)
(-10 9.13453e-07 -2.09471e-07)
(-10 7.17712e-07 -9.96878e-08)
(-10 7.0407e-07 -1.03332e-07)
(-10 7.83956e-07 -1.47549e-07)
(-10 8.45388e-07 -1.62135e-07)
(-10 8.24629e-07 -1.57276e-07)
(-10 8.15441e-07 -1.36121e-07)
(-10 6.94168e-07 -1.16851e-07)
(-10 1.86942e-06 6.60588e-07)
(-10 1.79604e-06 8.63718e-07)
(-10 1.56093e-06 4.29623e-07)
(-10 1.34748e-06 2.18811e-07)
(-10 1.1889e-06 1.03743e-09)
(-10 1.07798e-06 -1.06188e-07)
(-10 9.80833e-07 -1.93549e-07)
(-10 8.87907e-07 -2.2168e-07)
(-10 7.89862e-07 -2.73712e-07)
(-10 6.6282e-07 -2.183e-07)
(-10 5.91406e-07 -1.72949e-07)
(-10 5.14212e-07 -1.07886e-07)
(-10 6.0289e-07 -1.48839e-07)
(-10 5.79808e-07 -1.31255e-07)
(-10 6.79067e-07 -1.32327e-07)
(-10 5.68229e-07 -1.15433e-07)
(-10 5.19131e-07 -1.02601e-07)
(-10 1.09378e-06 6.47999e-07)
(-10 1.08023e-06 8.37592e-07)
(-10 8.85706e-07 4.39219e-07)
(-10 7.27647e-07 2.01487e-07)
(-10 5.89214e-07 5.18409e-09)
(-10 4.95688e-07 -1.27049e-07)
(-10 4.4164e-07 -2.03512e-07)
(-10 3.85358e-07 -2.90462e-07)
(-10 3.00641e-07 -2.82041e-07)
(-10 2.65445e-07 -2.84282e-07)
(-10 1.89472e-07 -1.92446e-07)
(-10 1.87901e-07 -1.09794e-07)
(-10 2.00017e-07 -7.72967e-08)
(-10 2.79448e-07 -1.2439e-07)
(-10 2.47827e-07 -1.44908e-07)
(-10 1.66755e-07 -1.83884e-07)
(-10 2.22188e-07 -1.19128e-07)
(-10 3.49217e-07 6.34246e-07)
(-10 3.63591e-07 8.36158e-07)
(-10 2.65556e-07 4.76535e-07)
(-10 1.92834e-07 2.38127e-07)
(-10 1.2847e-07 5.14955e-08)
(-10 8.63644e-08 -1.08318e-07)
(-10 7.74924e-08 -2.17686e-07)
(-10 4.03053e-08 -2.74422e-07)
(-10 2.58822e-08 -3.31614e-07)
(-10 -7.91333e-10 -3.05124e-07)
(-10 -2.26771e-08 -2.60807e-07)
(-10 -1.77393e-08 -1.30063e-07)
(-10 -4.7072e-08 -3.84358e-08)
(-10 4.90457e-08 -1.58267e-07)
(-10 -1.7862e-08 -2.01518e-07)
(-10 4.96997e-08 -1.59117e-07)
(-10 2.20556e-08 -1.80904e-07)
(-10 2.45349e-06 2.77907e-08)
(-10 2.45745e-06 -1.45226e-08)
(-10 2.5042e-06 2.51715e-08)
(-10 2.01863e-06 3.80351e-07)
(-10 2.26997e-06 4.03199e-07)
(-10 2.46835e-06 2.38668e-07)
(-10 2.5951e-06 1.35069e-07)
(-10 2.6738e-06 7.86501e-08)
(-10 2.69229e-06 5.11954e-08)
(-10 2.67226e-06 4.03509e-08)
(-10 2.63063e-06 3.31862e-08)
(-10 2.58109e-06 3.68809e-08)
(-10 2.53375e-06 1.39755e-08)
(-10 2.48906e-06 -1.21769e-09)
(-10 2.44752e-06 -1.5929e-08)
(-10 2.40871e-06 2.64886e-09)
(-10 2.34627e-06 1.69552e-08)
(-10 2.31654e-06 4.62082e-10)
(-10 2.40145e-06 3.27654e-09)
(-10 2.4859e-06 2.1641e-08)
(-10 2.19628e-06 3.90846e-07)
(-10 2.44522e-06 4.07129e-07)
(-10 2.60631e-06 2.42182e-07)
(-10 2.6926e-06 1.36812e-07)
(-10 2.73137e-06 8.34373e-08)
(-10 2.71075e-06 5.9761e-08)
(-10 2.65187e-06 5.09042e-08)
(-10 2.58326e-06 4.77079e-08)
(-10 2.51343e-06 3.91006e-08)
(-10 2.46054e-06 4.22392e-08)
(-10 2.40902e-06 3.67025e-08)
(-10 2.36874e-06 2.48818e-08)
(-10 2.32869e-06 8.59518e-10)
(-10 2.29826e-06 4.88006e-10)
(-10 2.31427e-06 3.09654e-08)
(-10 2.36089e-06 1.55171e-08)
(-10 2.44629e-06 2.67123e-08)
(-10 2.45238e-06 4.0214e-07)
(-10 2.71607e-06 4.18863e-07)
(-10 2.87044e-06 2.49694e-07)
(-10 2.92847e-06 1.42234e-07)
(-10 2.91203e-06 8.87818e-08)
(-10 2.81142e-06 6.76005e-08)
(-10 2.67543e-06 6.2796e-08)
(-10 2.55076e-06 5.8941e-08)
(-10 2.44361e-06 6.4758e-08)
(-10 2.37295e-06 5.18928e-08)
(-10 2.32251e-06 4.09159e-08)
(-10 2.28315e-06 2.55852e-08)
(-10 2.25161e-06 3.56191e-08)
(-10 2.23474e-06 3.92767e-08)
(-10 2.2598e-06 4.24368e-09)
(-10 2.30828e-06 2.35232e-08)
(-10 2.38292e-06 2.72135e-08)
(-10 2.77482e-06 4.11728e-07)
(-10 3.07917e-06 4.3132e-07)
(-10 3.22338e-06 2.5818e-07)
(-10 3.2494e-06 1.4959e-07)
(-10 3.16119e-06 9.58245e-08)
(-10 2.92917e-06 7.60909e-08)
(-10 2.67565e-06 6.91211e-08)
(-10 2.48971e-06 6.74294e-08)
(-10 2.34118e-06 6.19711e-08)
(-10 2.28412e-06 8.28392e-08)
(-10 2.26417e-06 8.19239e-08)
(-10 2.2135e-06 6.32467e-08)
(-10 2.18818e-06 2.9552e-08)
(-10 2.19885e-06 2.09702e-08)
(-10 2.22262e-06 4.95914e-08)
(-10 2.27405e-06 3.25113e-08)
(-10 2.33892e-06 3.84954e-08)
(-10 3.11958e-06 4.22728e-07)
(-10 3.44951e-06 4.4961e-07)
(-10 3.57497e-06 2.75279e-07)
(-10 3.56214e-06 1.64222e-07)
(-10 3.38347e-06 1.05878e-07)
(-10 3.146e-06 6.63542e-08)
(-10 2.96421e-06 3.77805e-08)
(-10 2.78395e-06 2.27051e-08)
(-10 2.60462e-06 3.53716e-08)
(-10 2.43493e-06 7.61235e-08)
(-10 2.2747e-06 9.06252e-08)
(-10 2.15497e-06 4.8856e-08)
(-10 2.13893e-06 5.74296e-08)
(-10 2.17585e-06 5.95071e-08)
(-10 2.21294e-06 1.65559e-08)
(-10 2.25683e-06 3.70936e-08)
(-10 2.30891e-06 4.07712e-08)
(-10 3.46621e-06 4.4192e-07)
(-10 3.77255e-06 4.83977e-07)
(-10 3.84508e-06 3.08847e-07)
(-10 3.79212e-06 1.89034e-07)
(-10 3.63308e-06 1.15418e-07)
(-10 3.53253e-06 6.48701e-08)
(-10 3.4839e-06 3.30413e-08)
(-10 3.33247e-06 1.66259e-08)
(-10 3.15239e-06 4.4911e-09)
(-10 2.91873e-06 3.01188e-08)
(-10 2.66276e-06 4.44607e-08)
(-10 2.46678e-06 4.36076e-08)
(-10 2.30561e-06 2.75135e-08)
(-10 2.20984e-06 3.06723e-08)
(-10 2.21476e-06 6.29655e-08)
(-10 2.27058e-06 4.36839e-08)
(-10 2.29155e-06 5.14625e-08)
(-10 3.85402e-06 4.59224e-07)
(-10 4.13925e-06 5.14275e-07)
(-10 4.1294e-06 3.28375e-07)
(-10 3.9878e-06 2.0041e-07)
(-10 3.91592e-06 1.1707e-07)
(-10 3.95213e-06 6.05685e-08)
(-10 3.90064e-06 2.7404e-08)
(-10 3.68284e-06 7.15511e-09)
(-10 3.51853e-06 1.05357e-08)
(-10 3.42588e-06 5.71396e-10)
(-10 3.26364e-06 4.50233e-09)
(-10 3.11144e-06 6.54673e-09)
(-10 2.87285e-06 3.62786e-08)
(-10 2.61489e-06 4.7086e-08)
(-10 2.43981e-06 8.55708e-09)
(-10 2.32725e-06 4.02479e-08)
(-10 2.27191e-06 4.09556e-08)
(-10 4.22482e-06 4.59802e-07)
(-10 4.44197e-06 5.17117e-07)
(-10 4.33687e-06 3.32228e-07)
(-10 4.15956e-06 1.99008e-07)
(-10 4.11773e-06 1.14027e-07)
(-10 4.18914e-06 6.20855e-08)
(-10 4.18292e-06 2.92304e-08)
(-10 4.11625e-06 1.44799e-08)
(-10 3.98967e-06 -4.42944e-10)
(-10 3.7319e-06 2.19034e-08)
(-10 3.55993e-06 3.18454e-08)
(-10 3.5133e-06 4.0105e-08)
(-10 3.33114e-06 1.20334e-08)
(-10 3.11154e-06 1.21117e-08)
(-10 2.81295e-06 4.08042e-08)
(-10 2.56032e-06 1.71733e-08)
(-10 2.47834e-06 4.86765e-08)
(-10 4.56736e-06 4.59066e-07)
(-10 4.66303e-06 5.09072e-07)
(-10 4.4097e-06 3.16728e-07)
(-10 4.25137e-06 1.79667e-07)
(-10 4.26028e-06 1.03129e-07)
(-10 4.27148e-06 5.28737e-08)
(-10 4.28109e-06 2.61934e-08)
(-10 4.36251e-06 9.96707e-09)
(-10 4.30412e-06 2.12126e-08)
(-10 4.08221e-06 7.29456e-09)
(-10 3.92723e-06 1.42838e-08)
(-10 3.75893e-06 1.748e-08)
(-10 3.57696e-06 4.68541e-08)
(-10 3.33934e-06 4.50627e-08)
(-10 3.02136e-06 -3.54886e-08)
(-10 2.83721e-06 -4.35295e-09)
(-10 2.80633e-06 -5.36935e-09)
(-10 4.91519e-06 4.58996e-07)
(-10 4.9099e-06 5.0814e-07)
(-10 4.56275e-06 2.72088e-07)
(-10 4.36992e-06 1.2764e-07)
(-10 4.35235e-06 8.76632e-08)
(-10 4.3131e-06 4.76613e-08)
(-10 4.27727e-06 2.25583e-08)
(-10 4.26488e-06 1.37682e-08)
(-10 4.23268e-06 2.60404e-09)
(-10 4.24033e-06 2.9331e-08)
(-10 4.12596e-06 4.54495e-08)
(-10 3.88161e-06 5.7124e-08)
(-10 3.67916e-06 2.34968e-08)
(-10 3.51389e-06 1.61229e-08)
(-10 3.34529e-06 -3.91591e-08)
(-10 3.20586e-06 -1.21447e-07)
(-10 2.99182e-06 3.84673e-08)
(-10 5.22841e-06 4.46175e-07)
(-10 5.1287e-06 4.96133e-07)
(-10 4.76424e-06 2.90256e-07)
(-10 4.53864e-06 1.51957e-07)
(-10 4.41616e-06 8.05424e-08)
(-10 4.30824e-06 3.67013e-08)
(-10 4.21594e-06 1.49488e-08)
(-10 4.1429e-06 4.62597e-09)
(-10 4.07782e-06 1.89873e-08)
(-10 4.02253e-06 1.03277e-08)
(-10 3.92794e-06 2.09784e-08)
(-10 3.78337e-06 2.23656e-08)
(-10 3.64858e-06 5.75215e-08)
(-10 3.58795e-06 6.28856e-08)
(-10 3.56727e-06 -3.81881e-08)
(-10 3.45961e-06 -5.99213e-09)
(-10 3.24443e-06 -1.03775e-07)
(-10 5.48063e-06 4.33332e-07)
(-10 5.24366e-06 4.75597e-07)
(-10 4.82315e-06 2.75134e-07)
(-10 4.606e-06 1.45392e-07)
(-10 4.41877e-06 7.24073e-08)
(-10 4.24796e-06 3.10397e-08)
(-10 4.10274e-06 1.01032e-08)
(-10 3.98692e-06 5.43108e-09)
(-10 3.89553e-06 -6.45341e-09)
(-10 3.81772e-06 2.54415e-08)
(-10 3.73624e-06 3.98631e-08)
(-10 3.64379e-06 5.38677e-08)
(-10 3.56237e-06 1.92954e-08)
(-10 3.52022e-06 3.91978e-08)
(-10 3.45738e-06 6.30252e-08)
(-10 3.3673e-06 -2.74625e-08)
(-10 3.30796e-06 2.16491e-09)
(-10 5.63856e-06 4.1076e-07)
(-10 5.3259e-06 4.11465e-07)
(-10 4.85976e-06 2.08587e-07)
(-10 4.59796e-06 1.19386e-07)
(-10 4.34703e-06 5.46496e-08)
(-10 4.11452e-06 1.69799e-08)
(-10 3.92021e-06 1.03917e-09)
(-10 3.77313e-06 -7.40135e-09)
(-10 3.66841e-06 7.06016e-09)
(-10 3.59138e-06 -6.3072e-09)
(-10 3.52667e-06 5.01774e-09)
(-10 3.47109e-06 -2.05004e-09)
(-10 3.42112e-06 2.96776e-08)
(-10 3.36653e-06 4.11549e-08)
(-10 3.30501e-06 -4.471e-09)
(-10 3.21031e-06 3.1878e-08)
(-10 3.09162e-06 -1.19939e-08)
(-10 5.64801e-06 3.83578e-07)
(-10 5.33979e-06 4.0918e-07)
(-10 4.89321e-06 2.17103e-07)
(-10 4.53003e-06 1.07083e-07)
(-10 4.20113e-06 4.54237e-08)
(-10 3.90038e-06 1.47518e-08)
(-10 3.65722e-06 8.34877e-10)
(-10 3.49016e-06 -1.70788e-09)
(-10 3.38995e-06 -1.7986e-08)
(-10 3.33162e-06 1.15084e-08)
(-10 3.29411e-06 1.7701e-08)
(-10 3.2607e-06 2.79445e-08)
(-10 3.22901e-06 -1.16831e-08)
(-10 3.18881e-06 1.22973e-08)
(-10 3.13504e-06 2.92095e-08)
(-10 3.04598e-06 -3.1224e-08)
(-10 2.92742e-06 1.53448e-08)
(-10 5.5921e-06 3.18791e-07)
(-10 5.28992e-06 3.42491e-07)
(-10 4.82079e-06 1.93722e-07)
(-10 4.38419e-06 8.82491e-08)
(-10 3.97333e-06 3.04397e-08)
(-10 3.58791e-06 5.69191e-09)
(-10 3.28706e-06 -1.95097e-09)
(-10 3.11408e-06 -9.37439e-09)
(-10 3.04201e-06 1.83783e-09)
(-10 3.01893e-06 -2.31586e-08)
(-10 3.01349e-06 -1.31007e-08)
(-10 3.0126e-06 -3.42233e-08)
(-10 3.00378e-06 -7.70085e-09)
(-10 2.97284e-06 7.65175e-10)
(-10 2.92769e-06 -4.97704e-08)
(-10 2.85742e-06 -8.164e-10)
(-10 2.75563e-06 -3.27391e-08)
(-10 5.46234e-06 2.9326e-07)
(-10 5.19678e-06 3.19569e-07)
(-10 4.67355e-06 1.73816e-07)
(-10 4.17633e-06 7.20795e-08)
(-10 3.67865e-06 2.56077e-08)
(-10 3.16505e-06 8.90289e-09)
(-10 2.76981e-06 8.9928e-10)
(-10 2.62455e-06 7.5531e-09)
(-10 2.62998e-06 -1.21154e-08)
(-10 2.66298e-06 2.94816e-09)
(-10 2.70158e-06 -9.26751e-09)
(-10 2.72993e-06 -8.41229e-09)
(-10 2.73699e-06 -4.55781e-08)
(-10 2.72308e-06 -2.93347e-08)
(-10 2.69933e-06 -4.18919e-09)
(-10 2.64284e-06 -6.3466e-08)
(-10 2.56997e-06 -2.11905e-08)
(-10 5.14304e-06 3.0055e-07)
(-10 4.90921e-06 3.30953e-07)
(-10 4.38532e-06 1.54355e-07)
(-10 3.8476e-06 5.23892e-08)
(-10 3.27766e-06 3.40116e-08)
(-10 2.78335e-06 5.1127e-09)
(-10 2.44715e-06 -3.62077e-08)
(-10 2.23464e-06 3.26872e-09)
(-10 2.1941e-06 3.66842e-08)
(-10 2.27089e-06 -2.58047e-08)
(-10 2.35005e-06 -2.21361e-08)
(-10 2.4056e-06 -6.60735e-08)
(-10 2.44062e-06 -4.83286e-08)
(-10 2.44549e-06 -4.09277e-08)
(-10 2.42413e-06 -1.00152e-07)
(-10 2.39501e-06 -4.59058e-08)
(-10 2.35537e-06 -7.22346e-08)
(-10 4.66594e-06 2.90563e-07)
(-10 4.44765e-06 3.35938e-07)
(-10 3.93972e-06 1.56683e-07)
(-10 3.35386e-06 4.91851e-08)
(-10 2.84777e-06 -1.52794e-08)
(-10 2.56283e-06 -5.91925e-08)
(-10 2.36248e-06 -8.25089e-08)
(-10 2.09287e-06 -6.15227e-08)
(-10 1.87346e-06 -1.75198e-08)
(-10 1.86534e-06 2.63326e-08)
(-10 1.97629e-06 -3.58899e-08)
(-10 2.0618e-06 -4.29088e-08)
(-10 2.11057e-06 -5.46602e-08)
(-10 2.1251e-06 -6.72546e-08)
(-10 2.13387e-06 -5.36014e-08)
(-10 2.10962e-06 -9.08314e-08)
(-10 2.08968e-06 -5.92568e-08)
(-10 4.05439e-06 2.80427e-07)
(-10 3.85495e-06 3.36315e-07)
(-10 3.40669e-06 1.57174e-07)
(-10 2.89975e-06 3.77995e-08)
(-10 2.53628e-06 -3.95324e-08)
(-10 2.35378e-06 -8.44242e-08)
(-10 2.1708e-06 -1.01563e-07)
(-10 1.9675e-06 -1.0049e-07)
(-10 1.71406e-06 -6.87342e-08)
(-10 1.52029e-06 -7.82117e-08)
(-10 1.55378e-06 -6.28301e-08)
(-10 1.68101e-06 -9.33691e-08)
(-10 1.76236e-06 -8.15622e-08)
(-10 1.80333e-06 -7.46281e-08)
(-10 1.80382e-06 -1.16832e-07)
(-10 1.79257e-06 -7.72088e-08)
(-10 1.78621e-06 -9.05069e-08)
(-10 3.34837e-06 2.70856e-07)
(-10 3.17897e-06 3.34526e-07)
(-10 2.82187e-06 1.55419e-07)
(-10 2.47271e-06 3.04072e-08)
(-10 2.20307e-06 -4.70134e-08)
(-10 2.02028e-06 -9.4677e-08)
(-10 1.86259e-06 -1.12663e-07)
(-10 1.71418e-06 -1.18147e-07)
(-10 1.5264e-06 -1.33453e-07)
(-10 1.30309e-06 -1.01607e-07)
(-10 1.21465e-06 -8.2259e-08)
(-10 1.31282e-06 -6.50298e-08)
(-10 1.39608e-06 -9.63941e-08)
(-10 1.44072e-06 -1.09013e-07)
(-10 1.4707e-06 -8.26879e-08)
(-10 1.45737e-06 -1.06511e-07)
(-10 1.42931e-06 -8.04079e-08)
(-10 2.59113e-06 2.59053e-07)
(-10 2.48128e-06 3.2945e-07)
(-10 2.20339e-06 1.46087e-07)
(-10 1.94893e-06 2.26253e-08)
(-10 1.75585e-06 -6.78977e-08)
(-10 1.60804e-06 -1.08225e-07)
(-10 1.49495e-06 -1.42156e-07)
(-10 1.38241e-06 -1.51758e-07)
(-10 1.25681e-06 -1.58531e-07)
(-10 1.09594e-06 -1.5272e-07)
(-10 9.24791e-07 -7.32383e-08)
(-10 9.2909e-07 -8.36636e-08)
(-10 1.05439e-06 -1.03373e-07)
(-10 1.12774e-06 -1.04699e-07)
(-10 1.18143e-06 -1.27902e-07)
(-10 1.12386e-06 -9.08404e-08)
(-10 1.0657e-06 -1.08007e-07)
(-10 1.80921e-06 2.51495e-07)
(-10 1.75765e-06 3.35483e-07)
(-10 1.56357e-06 1.48558e-07)
(-10 1.37591e-06 3.66025e-08)
(-10 1.24336e-06 -5.42881e-08)
(-10 1.14187e-06 -9.56657e-08)
(-10 1.06479e-06 -1.3695e-07)
(-10 9.88667e-07 -1.41512e-07)
(-10 9.0022e-07 -1.77676e-07)
(-10 7.88032e-07 -1.5341e-07)
(-10 6.50846e-07 -1.45654e-07)
(-10 6.51303e-07 -1.08164e-07)
(-10 7.34163e-07 -1.25155e-07)
(-10 8.77724e-07 -1.1644e-07)
(-10 8.63746e-07 -9.03903e-08)
(-10 8.35568e-07 -1.3453e-07)
(-10 7.75122e-07 -8.17728e-08)
(-10 1.01495e-06 2.45416e-07)
(-10 1.00874e-06 3.20166e-07)
(-10 8.57127e-07 1.624e-07)
(-10 7.03764e-07 3.40613e-08)
(-10 5.9605e-07 -3.89272e-08)
(-10 5.18479e-07 -1.15655e-07)
(-10 4.73692e-07 -1.21966e-07)
(-10 4.242e-07 -1.79441e-07)
(-10 3.653e-07 -1.65332e-07)
(-10 2.98641e-07 -1.8405e-07)
(-10 2.71946e-07 -1.24037e-07)
(-10 2.24549e-07 -1.41095e-07)
(-10 3.28894e-07 -1.06726e-07)
(-10 3.84799e-07 -1.05636e-07)
(-10 3.55915e-07 -1.65922e-07)
(-10 3.74617e-07 -8.67512e-08)
(-10 3.56568e-07 -1.18359e-07)
(-10 2.88424e-07 2.37789e-07)
(-10 3.14393e-07 3.25963e-07)
(-10 2.25726e-07 1.63804e-07)
(-10 1.76772e-07 6.63672e-08)
(-10 1.06339e-07 -4.36556e-08)
(-10 9.19926e-08 -9.14108e-08)
(-10 6.76987e-08 -1.41585e-07)
(-10 4.99718e-08 -1.59879e-07)
(-10 2.75534e-08 -1.94481e-07)
(-10 1.97502e-08 -1.80775e-07)
(-10 -3.06469e-09 -1.60123e-07)
(-10 1.91572e-08 -1.40967e-07)
(-10 6.4987e-08 -1.2223e-07)
(-10 4.49826e-08 -1.57735e-07)
(-10 7.43926e-08 -1.34994e-07)
(-10 5.84488e-08 -1.39407e-07)
(-10 6.50766e-08 -1.49195e-07)
)
;

boundaryField
{
    frontAndBack
    {
        type            slip;
    }
    inlet
    {
        type            fixedValue;
        value           nonuniform List<vector> 0();
    }
    outlet
    {
        type            inletOutlet;
        inletValue      uniform (0 0 0);
        value           nonuniform List<vector> 
120
(
(-10 1.83937e-06 3.3115e-07)
(-10 2.21326e-06 3.40888e-07)
(-10 2.49933e-06 3.48811e-07)
(-10 2.80912e-06 3.59034e-07)
(-10 3.07918e-06 3.81126e-07)
(-10 3.56596e-06 4.45451e-07)
(-10 4.12696e-06 3.879e-07)
(-10 4.51694e-06 3.86115e-07)
(-10 4.90278e-06 3.81209e-07)
(-10 5.29e-06 3.70099e-07)
(-10 5.65216e-06 3.50743e-07)
(-10 5.96883e-06 3.35407e-07)
(-10 6.17944e-06 3.10409e-07)
(-10 6.26932e-06 2.82602e-07)
(-10 6.2163e-06 2.46495e-07)
(-10 5.98341e-06 2.311e-07)
(-10 5.59963e-06 2.14533e-07)
(-10 5.07506e-06 2.03946e-07)
(-10 4.41186e-06 1.88927e-07)
(-10 3.61318e-06 1.80141e-07)
(-10 2.75146e-06 1.63991e-07)
(-10 1.88853e-06 1.5562e-07)
(-10 1.1806e-06 1.49282e-07)
(-10 4.34765e-07 1.94361e-07)
(-10 1.83158e-06 8.87673e-07)
(-10 2.18895e-06 9.10831e-07)
(-10 2.46432e-06 9.23071e-07)
(-10 2.77002e-06 9.53108e-07)
(-10 3.09123e-06 9.93286e-07)
(-10 3.47044e-06 1.0683e-06)
(-10 3.9337e-06 9.6738e-07)
(-10 4.36502e-06 1.01571e-06)
(-10 4.73471e-06 1.01738e-06)
(-10 5.10996e-06 9.98279e-07)
(-10 5.46382e-06 9.67801e-07)
(-10 5.76061e-06 9.27644e-07)
(-10 5.95855e-06 8.71554e-07)
(-10 6.0413e-06 8.03689e-07)
(-10 5.98679e-06 7.26278e-07)
(-10 5.76998e-06 6.74313e-07)
(-10 5.3988e-06 6.32209e-07)
(-10 4.89283e-06 5.96771e-07)
(-10 4.25677e-06 5.51371e-07)
(-10 3.52042e-06 5.20635e-07)
(-10 2.71352e-06 4.60102e-07)
(-10 1.89024e-06 4.4578e-07)
(-10 1.19068e-06 4.33047e-07)
(-10 4.39998e-07 4.99672e-07)
(-10 1.9123e-06 1.18745e-06)
(-10 2.21433e-06 1.21811e-06)
(-10 2.49259e-06 1.23261e-06)
(-10 2.81269e-06 1.25275e-06)
(-10 3.11843e-06 1.28952e-06)
(-10 3.41041e-06 1.33628e-06)
(-10 3.91305e-06 1.35286e-06)
(-10 4.4114e-06 1.37113e-06)
(-10 4.70855e-06 1.36212e-06)
(-10 5.06758e-06 1.35059e-06)
(-10 5.40768e-06 1.32297e-06)
(-10 5.6904e-06 1.27908e-06)
(-10 5.87993e-06 1.21777e-06)
(-10 5.95291e-06 1.14742e-06)
(-10 5.90425e-06 1.06873e-06)
(-10 5.70832e-06 9.90596e-07)
(-10 5.35418e-06 9.07372e-07)
(-10 4.84857e-06 8.52439e-07)
(-10 4.20504e-06 8.11168e-07)
(-10 3.43189e-06 7.77567e-07)
(-10 2.64785e-06 7.47182e-07)
(-10 1.88456e-06 7.37265e-07)
(-10 1.15688e-06 7.29002e-07)
(-10 3.99201e-07 7.39531e-07)
(-10 2.01471e-06 9.90974e-07)
(-10 2.24361e-06 1.01149e-06)
(-10 2.50669e-06 1.0341e-06)
(-10 2.83607e-06 1.04224e-06)
(-10 3.17553e-06 1.07582e-06)
(-10 3.51636e-06 1.12338e-06)
(-10 3.93281e-06 1.20945e-06)
(-10 4.33283e-06 1.16908e-06)
(-10 4.67466e-06 1.15779e-06)
(-10 5.03548e-06 1.14928e-06)
(-10 5.36859e-06 1.12666e-06)
(-10 5.63605e-06 1.09179e-06)
(-10 5.81264e-06 1.04253e-06)
(-10 5.8749e-06 9.79637e-07)
(-10 5.81544e-06 8.76503e-07)
(-10 5.59276e-06 8.07469e-07)
(-10 5.24853e-06 7.58304e-07)
(-10 4.79054e-06 7.16717e-07)
(-10 4.17445e-06 6.86157e-07)
(-10 3.45319e-06 6.67505e-07)
(-10 2.67144e-06 6.79781e-07)
(-10 1.86942e-06 6.60588e-07)
(-10 1.09378e-06 6.47999e-07)
(-10 3.49217e-07 6.34246e-07)
(-10 2.01863e-06 3.80351e-07)
(-10 2.19628e-06 3.90846e-07)
(-10 2.45238e-06 4.0214e-07)
(-10 2.77482e-06 4.11728e-07)
(-10 3.11958e-06 4.22728e-07)
(-10 3.46621e-06 4.4192e-07)
(-10 3.85402e-06 4.59224e-07)
(-10 4.22482e-06 4.59802e-07)
(-10 4.56736e-06 4.59066e-07)
(-10 4.91519e-06 4.58996e-07)
(-10 5.22841e-06 4.46175e-07)
(-10 5.48063e-06 4.33332e-07)
(-10 5.63856e-06 4.1076e-07)
(-10 5.64801e-06 3.83578e-07)
(-10 5.5921e-06 3.18791e-07)
(-10 5.46234e-06 2.9326e-07)
(-10 5.14304e-06 3.0055e-07)
(-10 4.66594e-06 2.90563e-07)
(-10 4.05439e-06 2.80427e-07)
(-10 3.34837e-06 2.70856e-07)
(-10 2.59113e-06 2.59053e-07)
(-10 1.80921e-06 2.51495e-07)
(-10 1.01495e-06 2.45416e-07)
(-10 2.88424e-07 2.37789e-07)
)
;
    }
    lowerWall
    {
        type            fixedValue;
        value           uniform (-10 0 0);
    }
    upperWall
    {
        type            slip;
    }
    procBoundary3to0
    {
        type            processor;
        value           nonuniform List<vector> 
101
(
(-10 2.15805e-06 1.2723e-07)
(-10 2.40077e-06 6.26237e-08)
(-10 2.45639e-06 2.00019e-08)
(-10 2.42334e-06 -2.18867e-08)
(-10 2.42713e-06 2.68005e-09)
(-10 2.38269e-06 7.16337e-09)
(-10 2.32605e-06 -1.20126e-09)
(-10 2.26293e-06 -2.64623e-09)
(-10 2.24668e-06 -6.1492e-09)
(-10 2.1892e-06 1.05124e-08)
(-10 2.13609e-06 1.33769e-08)
(-10 2.10234e-06 3.15712e-08)
(-10 2.06724e-06 8.22085e-08)
(-10 2.05896e-06 5.19697e-08)
(-10 1.43725e-06 3.14583e-07)
(-10 1.85897e-06 3.26313e-07)
(-10 2.16044e-06 2.79955e-07)
(-10 2.16044e-06 2.79955e-07)
(-10 2.44051e-06 4.01769e-07)
(-10 2.51871e-06 2.0928e-07)
(-10 2.59917e-06 1.07511e-07)
(-10 2.49337e-06 4.12693e-09)
(-10 2.45268e-06 -1.51471e-08)
(-10 2.41137e-06 -3.04735e-08)
(-10 2.38938e-06 -2.41462e-08)
(-10 2.35171e-06 -2.88839e-08)
(-10 2.3137e-06 -1.21233e-08)
(-10 2.26159e-06 -4.84978e-09)
(-10 2.19456e-06 4.27747e-09)
(-10 2.16749e-06 3.44352e-08)
(-10 2.14265e-06 1.37764e-07)
(-10 2.13722e-06 1.15735e-07)
(-10 1.51693e-06 8.15055e-07)
(-10 1.80917e-06 9.17486e-07)
(-10 2.20183e-06 6.79972e-07)
(-10 2.44051e-06 4.01769e-07)
(-10 2.51871e-06 2.0928e-07)
(-10 2.59917e-06 1.07511e-07)
(-10 2.59917e-06 1.07511e-07)
(-10 2.59733e-06 9.8037e-08)
(-10 2.57327e-06 5.14567e-08)
(-10 2.51188e-06 -4.65351e-08)
(-10 2.46446e-06 -5.5005e-08)
(-10 2.41476e-06 -5.86187e-08)
(-10 2.36007e-06 -6.33786e-08)
(-10 2.32124e-06 -5.72771e-08)
(-10 2.26239e-06 -3.77838e-08)
(-10 2.23443e-06 -4.45272e-10)
(-10 2.22036e-06 4.19591e-08)
(-10 2.21264e-06 1.22013e-07)
(-10 1.69005e-06 1.07323e-06)
(-10 1.96664e-06 1.15589e-06)
(-10 2.30446e-06 8.01515e-07)
(-10 2.52007e-06 5.02313e-07)
(-10 2.61536e-06 3.05496e-07)
(-10 2.61385e-06 2.06946e-07)
(-10 2.59733e-06 9.8037e-08)
(-10 2.57327e-06 5.14567e-08)
(-10 2.57327e-06 5.14567e-08)
(-10 2.56324e-06 -7.06886e-09)
(-10 2.5167e-06 -1.0381e-08)
(-10 2.47353e-06 -3.65463e-08)
(-10 2.44169e-06 -9.82025e-08)
(-10 2.38445e-06 -9.16918e-08)
(-10 2.32438e-06 -7.71455e-08)
(-10 2.25677e-06 -6.40655e-08)
(-10 2.27664e-06 -6.213e-09)
(-10 2.2488e-06 1.71705e-08)
(-10 1.87729e-06 8.71377e-07)
(-10 2.13598e-06 9.24274e-07)
(-10 2.40761e-06 5.68809e-07)
(-10 2.56751e-06 3.34437e-07)
(-10 2.65973e-06 1.92637e-07)
(-10 2.68835e-06 1.17072e-07)
(-10 2.66256e-06 8.99823e-08)
(-10 2.62306e-06 8.16849e-08)
(-10 2.56324e-06 -7.06886e-09)
(-10 2.5167e-06 -1.0381e-08)
(-10 2.47353e-06 -3.65463e-08)
(-10 2.47353e-06 -3.65463e-08)
(-10 2.51448e-06 -3.89004e-08)
(-10 2.45334e-06 -3.09016e-08)
(-10 2.47859e-06 -2.5267e-08)
(-10 2.52508e-06 -5.33313e-08)
(-10 2.48897e-06 -6.3401e-09)
(-10 2.49836e-06 -1.72954e-08)
(-10 1.93899e-06 3.29749e-07)
(-10 2.19069e-06 3.61412e-07)
(-10 2.40408e-06 2.11047e-07)
(-10 2.56806e-06 1.24229e-07)
(-10 2.67045e-06 6.67115e-08)
(-10 2.7077e-06 4.2734e-08)
(-10 2.7058e-06 2.6835e-08)
(-10 2.68353e-06 2.36413e-08)
(-10 2.6524e-06 1.21849e-08)
(-10 2.60925e-06 1.18407e-08)
(-10 2.57164e-06 -5.70225e-09)
(-10 2.51448e-06 -3.89004e-08)
(-10 2.45334e-06 -3.09016e-08)
(-10 2.47859e-06 -2.5267e-08)
(-10 2.47859e-06 -2.5267e-08)
)
;
    }
    procBoundary3to4
    {
        type            processor;
        value           nonuniform List<vector> 
125
(
(-10 2.41761e-06 9.94037e-08)
(-10 2.46788e-06 1.1252e-07)
(-10 2.37083e-06 7.03495e-08)
(-10 2.2711e-06 1.11853e-07)
(-10 2.16328e-06 7.62047e-08)
(-10 2.03103e-06 6.93227e-08)
(-10 1.9517e-06 3.58053e-09)
(-10 1.92866e-06 7.47889e-09)
(-10 2.11802e-06 7.99944e-10)
(-10 2.36983e-06 -4.04686e-08)
(-10 2.44997e-06 -1.23807e-08)
(-10 2.44243e-06 -4.67897e-08)
(-10 2.3846e-06 -4.17134e-08)
(-10 2.27191e-06 -7.77348e-08)
(-10 2.11224e-06 -5.23421e-08)
(-10 1.95412e-06 -5.27723e-08)
(-10 1.83352e-06 -4.58263e-08)
(-10 1.67458e-06 -6.35768e-08)
(-10 1.43291e-06 -4.30342e-08)
(-10 1.0769e-06 -3.29558e-08)
(-10 8.19573e-07 4.24957e-08)
(-10 7.20477e-07 -2.08246e-08)
(-10 4.96807e-07 -6.91324e-08)
(-10 1.6048e-07 -8.28465e-08)
(-10 3.44726e-08 -1.0063e-07)
(-10 2.37904e-06 1.89386e-07)
(-10 2.47183e-06 2.21216e-07)
(-10 2.36443e-06 1.55794e-07)
(-10 2.24402e-06 1.96989e-07)
(-10 2.13314e-06 1.45304e-07)
(-10 2.00947e-06 1.55669e-07)
(-10 1.92011e-06 1.19322e-07)
(-10 1.85448e-06 7.06368e-08)
(-10 2.06355e-06 6.5119e-09)
(-10 2.37636e-06 -8.87791e-08)
(-10 2.45206e-06 -4.92232e-08)
(-10 2.43689e-06 -1.04658e-07)
(-10 2.40821e-06 -7.3396e-08)
(-10 2.32104e-06 -1.4021e-07)
(-10 2.18372e-06 -9.3539e-08)
(-10 2.00823e-06 -1.15641e-07)
(-10 1.85329e-06 -8.54455e-08)
(-10 1.70473e-06 -9.615e-08)
(-10 1.49074e-06 -6.89161e-08)
(-10 1.22817e-06 -7.12443e-08)
(-10 8.41711e-07 4.10561e-08)
(-10 6.3926e-07 1.19212e-08)
(-10 5.12679e-07 -1.05654e-07)
(-10 1.98697e-07 -9.62577e-08)
(-10 2.29711e-08 -1.76242e-07)
(-10 2.44835e-06 1.87021e-07)
(-10 2.35138e-06 1.33158e-07)
(-10 2.31089e-06 1.38126e-07)
(-10 2.20847e-06 1.1545e-07)
(-10 2.11071e-06 1.30465e-07)
(-10 2.01521e-06 1.26793e-07)
(-10 1.93567e-06 1.81842e-07)
(-10 1.85034e-06 1.11617e-07)
(-10 2.03111e-06 3.0719e-08)
(-10 2.35047e-06 -8.61431e-08)
(-10 2.45631e-06 -2.01336e-07)
(-10 2.42221e-06 -1.53733e-07)
(-10 2.36977e-06 -1.1456e-07)
(-10 2.27417e-06 -9.59261e-08)
(-10 2.1495e-06 -9.01673e-08)
(-10 1.98193e-06 -7.59202e-08)
(-10 1.84145e-06 -6.83108e-08)
(-10 1.70246e-06 -5.59701e-08)
(-10 1.515e-06 -4.11347e-08)
(-10 1.27921e-06 -4.13791e-08)
(-10 9.72386e-07 8.7314e-09)
(-10 6.19289e-07 4.41695e-08)
(-10 4.26211e-07 -3.23573e-08)
(-10 1.7609e-07 -8.5241e-08)
(-10 -9.1589e-10 -1.44893e-07)
(-10 2.35596e-06 7.58864e-08)
(-10 2.38439e-06 6.27522e-08)
(-10 2.30112e-06 7.88218e-08)
(-10 2.19642e-06 6.73207e-08)
(-10 2.09699e-06 9.54227e-08)
(-10 2.01072e-06 8.83637e-08)
(-10 1.92675e-06 1.2229e-07)
(-10 1.8446e-06 1.04314e-07)
(-10 1.99678e-06 9.95969e-08)
(-10 2.2405e-06 6.54677e-09)
(-10 2.43323e-06 -1.0519e-07)
(-10 2.52893e-06 -1.91688e-07)
(-10 2.39841e-06 -4.51639e-08)
(-10 2.25207e-06 -3.79418e-08)
(-10 2.10991e-06 -1.14144e-08)
(-10 1.96701e-06 -4.65965e-08)
(-10 1.85263e-06 -3.00018e-08)
(-10 1.70943e-06 -6.55803e-08)
(-10 1.53037e-06 -4.73908e-08)
(-10 1.29704e-06 -7.30755e-08)
(-10 9.90882e-07 -6.55104e-08)
(-10 6.23681e-07 -8.63783e-08)
(-10 3.95844e-07 -9.17678e-08)
(-10 1.75286e-07 -1.64735e-07)
(-10 6.63524e-08 -1.62774e-07)
(-10 2.60513e-06 2.67923e-08)
(-10 2.54123e-06 2.50442e-08)
(-10 2.52596e-06 3.5837e-08)
(-10 2.46961e-06 3.45777e-08)
(-10 2.41264e-06 4.76816e-08)
(-10 2.36822e-06 4.8148e-08)
(-10 2.33865e-06 6.1575e-08)
(-10 2.3061e-06 5.79987e-08)
(-10 2.49217e-06 6.85827e-08)
(-10 2.81747e-06 4.59849e-08)
(-10 2.89863e-06 5.14871e-08)
(-10 3.057e-06 -9.87692e-08)
(-10 3.11297e-06 1.83163e-08)
(-10 2.93088e-06 -3.1179e-09)
(-10 2.79123e-06 2.16904e-08)
(-10 2.63169e-06 -2.06457e-08)
(-10 2.4845e-06 -1.05633e-08)
(-10 2.31925e-06 -6.444e-08)
(-10 2.09684e-06 -4.81803e-08)
(-10 1.80077e-06 -8.81021e-08)
(-10 1.43727e-06 -7.60974e-08)
(-10 9.82834e-07 -1.06552e-07)
(-10 6.53473e-07 -1.11942e-07)
(-10 3.14413e-07 -1.21424e-07)
(-10 8.67383e-08 -1.47722e-07)
)
;
    }
}


// ************************************************************************* //
