/*--------------------------------*- C++ -*----------------------------------*\
  =========                 |
  \\      /  F ield         | OpenFOAM: The Open Source CFD Toolbox
   \\    /   O peration     | Website:  https://openfoam.org
    \\  /    A nd           | Version:  10
     \\/     M anipulation  |
\*---------------------------------------------------------------------------*/
FoamFile
{
    format      ascii;
    class       labelList;
    note        "nPoints: 2764 nCells: 2084 nFaces: 6884 nInternalFaces: 5620";
    location    "constant/polyMesh";
    object      neighbour;
}
// * * * * * * * * * * * * * * * * * * * * * * * * * * * * * * * * * * * * * //


5620
(
1
17
412
2
18
413
3
19
414
4
20
415
5
21
416
6
22
417
7
23
418
8
24
419
9
25
420
10
26
421
11
27
422
12
28
423
13
29
424
14
30
425
15
31
426
16
32
427
33
428
18
34
429
19
35
430
20
36
431
21
37
432
22
38
433
23
39
434
24
40
435
25
41
436
26
42
437
27
43
438
28
44
439
29
45
440
30
46
441
31
47
442
32
48
443
33
49
444
50
445
35
51
446
36
52
447
37
53
448
38
54
449
39
55
450
40
56
451
41
57
452
42
58
453
43
59
454
44
60
455
45
61
456
46
62
457
47
63
458
48
64
459
49
65
460
50
66
461
67
462
52
68
463
53
69
464
54
70
465
55
71
466
56
72
467
57
73
468
58
74
469
59
75
470
60
76
471
61
77
472
62
78
473
63
79
474
64
80
475
65
81
476
66
82
477
67
83
478
84
479
69
85
480
70
86
481
71
87
482
72
88
483
73
89
484
74
90
485
75
91
486
76
92
487
77
93
488
78
94
489
79
95
490
80
96
491
81
97
492
82
98
493
83
99
494
84
100
495
101
496
86
102
497
87
103
498
88
104
499
89
105
500
90
106
501
91
107
502
92
108
503
93
109
504
94
110
505
95
111
506
96
112
507
97
113
508
98
114
509
99
115
510
100
116
511
101
117
512
118
513
103
119
514
104
120
515
105
121
516
106
122
517
107
123
518
108
124
519
109
125
520
110
126
521
111
127
522
112
128
523
113
129
524
114
130
525
115
131
526
116
132
527
117
133
528
118
134
529
135
530
120
136
531
121
137
532
122
138
533
123
139
534
124
140
535
125
141
536
126
142
537
127
143
538
128
144
539
129
145
540
130
146
541
131
147
542
132
148
543
133
149
544
134
150
545
135
151
546
152
547
137
153
548
138
154
549
139
155
550
140
156
551
141
157
552
142
158
553
143
159
554
144
160
555
145
161
556
146
162
557
147
163
558
148
164
559
149
165
560
150
166
561
151
167
562
152
168
563
169
564
154
170
565
155
171
566
156
172
567
157
173
568
158
174
569
159
175
570
160
176
571
161
177
572
162
178
573
163
179
574
164
180
575
165
181
576
166
182
577
167
183
578
168
184
579
169
185
580
186
581
171
187
582
172
188
583
173
189
584
174
190
585
175
191
586
176
192
587
177
193
588
178
194
589
179
195
590
180
196
591
181
197
592
182
198
593
183
199
594
184
200
595
185
201
596
186
202
597
203
598
188
204
599
189
205
600
190
206
601
191
207
602
192
208
603
193
209
604
194
210
605
195
211
606
196
212
607
197
213
608
198
214
609
199
215
610
200
216
611
201
217
612
202
218
613
203
219
614
220
615
205
221
616
206
222
617
207
223
618
208
224
619
209
225
620
210
226
621
211
227
622
212
228
623
213
229
624
214
230
625
215
231
626
216
232
627
217
233
628
218
234
629
219
235
630
220
236
631
237
632
222
238
633
223
239
634
224
240
635
225
241
636
226
242
637
227
243
638
228
244
639
229
245
640
230
246
641
231
247
642
232
248
643
233
249
644
234
250
645
235
251
646
236
252
647
237
253
648
254
649
239
255
650
240
256
651
241
257
652
242
258
653
243
259
654
244
260
655
245
261
656
246
262
657
247
263
658
248
264
659
249
265
660
250
266
661
251
267
662
252
268
663
253
269
664
254
270
665
271
666
256
272
667
257
273
668
258
274
669
259
275
670
260
276
671
261
277
672
262
278
673
263
279
674
264
280
675
265
281
676
266
282
677
267
283
678
268
284
679
269
285
680
270
286
681
271
287
682
288
683
273
289
684
274
290
685
275
291
686
276
292
687
277
293
688
278
294
689
279
295
690
280
296
691
281
297
692
282
298
693
283
299
694
284
300
695
285
301
696
286
302
697
287
303
698
288
304
699
305
700
290
306
701
291
307
702
292
308
703
293
309
704
294
310
705
295
311
706
296
312
707
297
313
708
298
314
709
299
315
710
300
316
711
301
317
712
302
318
713
303
319
714
304
320
715
305
321
716
322
717
307
323
718
308
324
719
309
325
720
310
326
721
311
327
722
312
328
723
313
329
724
314
330
725
315
331
726
316
332
727
317
333
728
318
334
729
319
335
730
320
336
731
321
337
732
322
338
733
339
734
324
340
735
325
341
736
326
342
737
327
343
738
328
344
739
329
345
740
330
346
741
331
347
742
332
348
743
333
349
744
334
350
745
335
351
746
336
352
747
337
353
748
338
354
749
339
355
750
356
751
341
357
752
342
358
753
343
359
754
344
360
755
345
361
756
346
362
757
347
363
758
348
364
759
349
365
760
350
366
761
351
367
762
352
368
763
353
369
764
354
370
765
355
371
766
356
372
767
373
768
358
374
769
359
375
770
360
376
771
361
377
772
362
378
773
363
379
774
364
380
775
365
381
776
366
382
777
367
383
778
368
384
779
369
385
780
370
386
781
371
387
782
372
388
783
373
389
784
390
785
375
391
786
376
392
787
377
393
788
378
394
789
379
395
790
380
396
791
381
397
792
382
398
793
383
399
794
384
400
795
385
401
796
386
402
797
387
403
798
388
404
799
389
405
800
390
406
801
407
802
392
408
803
393
409
804
394
410
805
395
411
806
396
807
397
808
398
809
399
810
400
811
401
812
402
813
403
814
404
815
405
816
406
817
407
818
819
409
820
410
821
411
822
823
413
429
826
414
430
827
415
431
828
416
432
829
417
433
830
418
434
831
419
435
832
420
436
833
421
437
834
422
438
835
423
439
836
424
440
837
425
441
838
426
442
839
427
443
840
428
444
841
445
842
430
446
843
431
447
844
432
448
845
433
449
846
434
450
847
435
451
848
436
452
849
437
453
850
438
454
851
439
455
852
440
456
853
441
457
854
442
458
855
443
459
856
444
460
857
445
461
858
462
859
447
463
860
448
464
861
449
465
862
450
466
863
451
467
864
452
468
865
453
469
866
454
470
867
455
471
868
456
472
869
457
473
870
458
474
871
459
475
872
460
476
873
461
477
874
462
478
875
479
876
464
480
877
465
481
878
466
482
879
467
483
880
468
484
881
469
485
882
470
486
883
471
487
884
472
488
885
473
489
886
474
490
887
475
491
888
476
492
889
477
493
890
478
494
891
479
495
892
496
893
481
497
894
482
498
895
483
499
896
484
500
897
485
501
898
486
502
899
487
503
900
488
504
901
489
505
902
490
506
903
491
507
904
492
508
905
493
509
906
494
510
907
495
511
908
496
512
909
513
910
498
514
911
499
515
912
500
516
913
501
517
914
502
518
915
503
519
916
504
520
917
505
521
918
506
522
919
507
523
920
508
524
921
509
525
922
510
526
923
511
527
924
512
528
925
513
529
926
530
927
515
531
928
516
532
929
517
533
930
518
534
931
519
535
932
520
536
933
521
537
934
522
538
935
523
539
936
524
540
937
525
541
938
526
542
939
527
543
940
528
544
941
529
545
942
530
546
943
547
944
532
548
945
533
549
946
534
550
947
535
551
948
536
552
949
537
553
950
538
554
951
539
555
952
540
556
953
541
557
954
542
558
955
543
559
956
544
560
957
545
561
958
546
562
959
547
563
960
564
961
549
565
962
550
566
963
551
567
964
552
568
965
553
569
966
554
570
967
555
571
968
556
572
969
557
573
970
558
574
971
559
575
972
560
576
973
561
577
974
562
578
975
563
579
976
564
580
977
581
978
566
582
979
567
583
980
568
584
981
569
585
982
570
586
983
571
587
984
572
588
985
573
589
986
574
590
987
575
591
988
576
592
989
577
593
990
578
594
991
579
595
992
580
596
993
581
597
994
598
995
583
599
996
584
600
997
585
601
998
586
602
999
587
603
1000
588
604
1001
589
605
1002
590
606
1003
591
607
1004
592
608
1005
593
609
1006
594
610
1007
595
611
1008
596
612
1009
597
613
1010
598
614
1011
615
1012
600
616
1013
601
617
1014
602
618
1015
603
619
1016
604
620
1017
605
621
1018
606
622
1019
607
623
1020
608
624
1021
609
625
1022
610
626
1023
611
627
1024
612
628
1025
613
629
1026
614
630
1027
615
631
1028
632
1029
617
633
1030
618
634
1031
619
635
1032
620
636
1033
621
637
1034
622
638
1035
623
639
1036
624
640
1037
625
641
1038
626
642
1039
627
643
1040
628
644
1041
629
645
1042
630
646
1043
631
647
1044
632
648
1045
649
1046
634
650
1047
635
651
1048
636
652
1049
637
653
1050
638
654
1051
639
655
1052
640
656
1053
641
657
1054
642
658
1055
643
659
1056
644
660
1057
645
661
1058
646
662
1059
647
663
1060
648
664
1061
649
665
1062
666
1063
651
667
1064
652
668
1065
653
669
1066
654
670
1067
655
671
1068
656
672
1069
657
673
1070
658
674
1071
659
675
1072
660
676
1073
661
677
1074
662
678
1075
663
679
1076
664
680
1077
665
681
1078
666
682
1079
683
1080
668
684
1081
669
685
1082
670
686
1083
671
687
1084
672
688
1085
673
689
1086
674
690
1087
675
691
1088
676
692
1089
677
693
1090
678
694
1091
679
695
1092
680
696
1093
681
697
1094
682
698
1095
683
699
1096
700
1097
685
701
1098
686
702
1099
687
703
1100
688
704
1101
689
705
1102
690
706
1103
691
707
1104
692
708
1105
693
709
1106
694
710
1107
695
711
1108
696
712
1109
697
713
1110
698
714
1111
699
715
1112
700
716
1113
717
1114
702
718
1115
703
719
1116
704
720
1117
705
721
1118
706
722
1119
707
723
1120
708
724
1121
709
725
1122
710
726
1123
711
727
1124
712
728
1125
713
729
1126
714
730
1127
715
731
1128
716
732
1129
717
733
1130
734
1131
719
735
1132
720
736
1133
721
737
1134
722
738
1135
723
739
1136
724
740
1137
725
741
1138
726
742
1139
727
743
1140
728
744
1141
729
745
1142
730
746
1143
731
747
1144
732
748
1145
733
749
1146
734
750
1147
751
1148
736
752
1149
737
753
1150
738
754
1151
739
755
1152
740
756
1153
741
757
1154
742
758
1155
743
759
1156
744
760
1157
745
761
1158
746
762
1159
747
763
1160
748
764
1161
749
765
1162
750
766
1163
751
767
1164
768
1165
753
769
1166
754
770
1167
755
771
1168
756
772
1169
757
773
1170
758
774
1171
759
775
1172
760
776
1173
761
777
1174
762
778
1175
763
779
1176
764
780
1177
765
781
1178
766
782
1179
767
783
1180
768
784
1181
785
1182
770
786
1183
771
787
1184
772
788
1185
773
789
1186
774
790
1187
775
791
1188
776
792
1189
777
793
1190
778
794
1191
779
795
1192
780
796
1193
781
797
1194
782
798
1195
783
799
1196
784
800
1197
785
801
1198
802
1199
787
803
1200
788
804
1201
789
805
1202
790
806
1203
791
807
1204
792
808
1205
793
809
1206
794
810
1207
795
811
1208
796
812
1209
797
813
1210
798
814
1211
799
815
1212
800
816
1213
801
817
1214
802
818
1215
819
1216
804
820
1217
805
821
1218
806
822
1219
807
823
1220
808
824
1221
809
825
1222
810
1223
811
1224
812
1225
813
1226
814
1227
815
1228
816
1229
817
1230
818
1231
819
1232
1233
821
1234
822
1235
823
1236
824
1237
825
1238
1239
827
843
1243
828
844
1244
829
845
1245
830
846
1246
831
847
1247
832
848
1248
833
849
1249
834
850
1250
835
851
1251
836
852
1252
837
853
1253
838
854
1254
839
855
1255
840
856
1256
841
857
1257
842
858
1258
859
1259
844
860
1260
845
861
1261
846
862
1262
847
863
1263
848
864
1264
849
865
1265
850
866
1266
851
867
1267
852
868
1268
853
869
1269
854
870
1270
855
871
1271
856
872
1272
857
873
1273
858
874
1274
859
875
1275
876
1276
861
877
1277
862
878
1278
863
879
1279
864
880
1280
865
881
1281
866
882
1282
867
883
1283
868
884
1284
869
885
1285
870
886
1286
871
887
1287
872
888
1288
873
889
1289
874
890
1290
875
891
1291
876
892
1292
893
1293
878
894
1294
879
895
1295
880
896
1296
881
897
1297
882
898
1298
883
899
1299
884
900
1300
885
901
1301
886
902
1302
887
903
1303
888
904
1304
889
905
1305
890
906
1306
891
907
1307
892
908
1308
893
909
1309
910
1310
895
911
1311
896
912
1312
897
913
1313
898
914
1314
899
915
1315
900
916
1316
901
917
1317
902
918
1318
903
919
1319
904
920
1320
905
921
1321
906
922
1322
907
923
1323
908
924
1324
909
925
1325
910
926
1326
927
1327
912
928
1328
913
929
1329
914
930
1330
915
931
1331
916
932
1332
917
933
1333
918
934
1334
919
935
1335
920
936
1336
921
937
1337
922
938
1338
923
939
1339
924
940
1340
925
941
1341
926
942
1342
927
943
1343
944
1344
929
945
1345
930
946
1346
931
947
1347
932
948
1348
933
949
1349
934
950
1350
935
951
1351
936
952
1352
937
953
1353
938
954
1354
939
955
1355
940
956
1356
941
957
1357
942
958
1358
943
959
1359
944
960
1360
961
1361
946
962
1362
947
963
1363
948
964
1364
949
965
1365
950
966
1366
951
967
1367
952
968
1368
953
969
1369
954
970
1370
955
971
1371
956
972
1372
957
973
1373
958
974
1374
959
975
1375
960
976
1376
961
977
1377
978
1378
963
979
1379
964
980
1380
965
981
1381
966
982
1382
967
983
1383
968
984
1384
969
985
1385
970
986
1386
971
987
1387
972
988
1388
973
989
1389
974
990
1390
975
991
1391
976
992
1392
977
993
1393
978
994
1394
995
1395
980
996
1396
981
997
1397
982
998
1398
983
999
1399
984
1000
1400
985
1001
1401
986
1002
1402
987
1003
1403
988
1004
1404
989
1005
1405
990
1006
1406
991
1007
1407
992
1008
1408
993
1009
1409
994
1010
1410
995
1011
1411
1012
1412
997
1013
1413
998
1014
1414
999
1015
1415
1000
1016
1416
1001
1017
1417
1002
1018
1418
1003
1019
1419
1004
1020
1420
1005
1021
1421
1006
1022
1422
1007
1023
1423
1008
1024
1424
1009
1025
1425
1010
1026
1426
1011
1027
1427
1012
1028
1428
1029
1429
1014
1030
1430
1015
1031
1431
1016
1032
1432
1017
1033
1433
1018
1034
1434
1019
1035
1435
1020
1036
1436
1021
1037
1437
1022
1038
1438
1023
1039
1439
1024
1040
1440
1025
1041
1441
1026
1042
1442
1027
1043
1443
1028
1044
1444
1029
1045
1445
1046
1446
1031
1047
1447
1032
1048
1448
1033
1049
1449
1034
1050
1450
1035
1051
1451
1036
1052
1452
1037
1053
1453
1038
1054
1454
1039
1055
1455
1040
1056
1456
1041
1057
1457
1042
1058
1458
1043
1059
1459
1044
1060
1460
1045
1061
1461
1046
1062
1462
1063
1463
1048
1064
1464
1049
1065
1465
1050
1066
1466
1051
1067
1467
1052
1068
1468
1053
1069
1469
1054
1070
1470
1055
1071
1471
1056
1072
1472
1057
1073
1473
1058
1074
1474
1059
1075
1475
1060
1076
1476
1061
1077
1477
1062
1078
1478
1063
1079
1479
1080
1480
1065
1081
1481
1066
1082
1482
1067
1083
1483
1068
1084
1484
1069
1085
1485
1070
1086
1486
1071
1087
1487
1072
1088
1488
1073
1089
1489
1074
1090
1490
1075
1091
1491
1076
1092
1492
1077
1093
1493
1078
1094
1494
1079
1095
1495
1080
1096
1496
1097
1497
1082
1098
1498
1083
1099
1499
1084
1100
1500
1085
1101
1501
1086
1102
1502
1087
1103
1503
1088
1104
1504
1089
1105
1505
1090
1106
1506
1091
1107
1507
1092
1108
1508
1093
1109
1509
1094
1110
1510
1095
1111
1511
1096
1112
1512
1097
1113
1513
1114
1514
1099
1115
1515
1100
1116
1516
1101
1117
1517
1102
1118
1518
1103
1119
1519
1104
1120
1520
1105
1121
1521
1106
1122
1522
1107
1123
1523
1108
1124
1524
1109
1125
1525
1110
1126
1526
1111
1127
1527
1112
1128
1528
1113
1129
1529
1114
1130
1530
1131
1531
1116
1132
1532
1117
1133
1533
1118
1134
1534
1119
1135
1535
1120
1136
1536
1121
1137
1537
1122
1138
1538
1123
1139
1539
1124
1140
1540
1125
1141
1541
1126
1142
1542
1127
1143
1543
1128
1144
1544
1129
1145
1545
1130
1146
1546
1131
1147
1547
1148
1548
1133
1149
1549
1134
1150
1550
1135
1151
1551
1136
1152
1552
1137
1153
1553
1138
1154
1554
1139
1155
1555
1140
1156
1556
1141
1157
1557
1142
1158
1558
1143
1159
1559
1144
1160
1560
1145
1161
1561
1146
1162
1562
1147
1163
1563
1148
1164
1564
1165
1565
1150
1166
1566
1151
1167
1567
1152
1168
1568
1153
1169
1569
1154
1170
1570
1155
1171
1571
1156
1172
1572
1157
1173
1573
1158
1174
1574
1159
1175
1575
1160
1176
1576
1161
1177
1577
1162
1178
1578
1163
1179
1579
1164
1180
1580
1165
1181
1581
1182
1582
1167
1183
1583
1168
1184
1584
1169
1185
1585
1170
1186
1586
1171
1187
1587
1172
1188
1588
1173
1189
1589
1174
1190
1590
1175
1191
1591
1176
1192
1592
1177
1193
1593
1178
1194
1594
1179
1195
1595
1180
1196
1596
1181
1197
1597
1182
1198
1598
1199
1599
1184
1200
1600
1185
1201
1601
1186
1202
1602
1187
1203
1603
1188
1204
1604
1189
1205
1605
1190
1206
1606
1191
1207
1607
1192
1208
1608
1193
1209
1609
1194
1210
1610
1195
1211
1611
1196
1212
1612
1197
1213
1613
1198
1214
1614
1199
1215
1615
1216
1616
1201
1217
1617
1202
1218
1618
1203
1219
1619
1204
1220
1620
1205
1221
1621
1206
1222
1622
1207
1223
1623
1208
1224
1624
1209
1225
1625
1210
1226
1626
1211
1227
1627
1212
1228
1628
1213
1229
1629
1214
1230
1630
1215
1231
1631
1216
1232
1632
1233
1633
1218
1234
1634
1219
1235
1635
1220
1236
1636
1221
1237
1637
1222
1238
1638
1223
1239
1639
1224
1240
1640
1225
1241
1641
1226
1242
1642
1227
1643
1228
1644
1229
1645
1230
1646
1231
1647
1232
1648
1233
1649
1650
1235
1651
1236
1652
1237
1653
1238
1654
1239
1655
1240
1656
1241
1657
1242
1658
1659
1244
1260
1662
1245
1261
1663
1246
1262
1664
1247
1263
1665
1248
1264
1666
1249
1265
1667
1250
1266
1668
1251
1267
1669
1252
1268
1670
1253
1269
1671
1254
1270
1672
1255
1271
1673
1256
1272
1674
1257
1273
1675
1258
1274
1676
1259
1275
1677
1276
1678
1261
1277
1679
1262
1278
1680
1263
1279
1681
1264
1280
1682
1265
1281
1683
1266
1282
1684
1267
1283
1685
1268
1284
1686
1269
1285
1687
1270
1286
1688
1271
1287
1689
1272
1288
1690
1273
1289
1691
1274
1290
1692
1275
1291
1693
1276
1292
1694
1293
1695
1278
1294
1696
1279
1295
1697
1280
1296
1698
1281
1297
1699
1282
1298
1700
1283
1299
1701
1284
1300
1702
1285
1301
1703
1286
1302
1704
1287
1303
1705
1288
1304
1706
1289
1305
1707
1290
1306
1708
1291
1307
1709
1292
1308
1710
1293
1309
1711
1310
1712
1295
1311
1713
1296
1312
1714
1297
1313
1715
1298
1314
1716
1299
1315
1717
1300
1316
1718
1301
1317
1719
1302
1318
1720
1303
1319
1721
1304
1320
1722
1305
1321
1723
1306
1322
1724
1307
1323
1725
1308
1324
1726
1309
1325
1727
1310
1326
1728
1327
1729
1312
1328
1730
1313
1329
1731
1314
1330
1732
1315
1331
1733
1316
1332
1734
1317
1333
1735
1318
1334
1736
1319
1335
1737
1320
1336
1738
1321
1337
1739
1322
1338
1740
1323
1339
1741
1324
1340
1742
1325
1341
1743
1326
1342
1744
1327
1343
1745
1344
1746
1329
1345
1747
1330
1346
1748
1331
1347
1749
1332
1348
1750
1333
1349
1751
1334
1350
1752
1335
1351
1753
1336
1352
1754
1337
1353
1755
1338
1354
1756
1339
1355
1757
1340
1356
1758
1341
1357
1759
1342
1358
1760
1343
1359
1761
1344
1360
1762
1361
1763
1346
1362
1764
1347
1363
1765
1348
1364
1766
1349
1365
1767
1350
1366
1768
1351
1367
1769
1352
1368
1770
1353
1369
1771
1354
1370
1772
1355
1371
1773
1356
1372
1774
1357
1373
1775
1358
1374
1776
1359
1375
1777
1360
1376
1778
1361
1377
1779
1378
1780
1363
1379
1781
1364
1380
1782
1365
1381
1783
1366
1382
1784
1367
1383
1785
1368
1384
1786
1369
1385
1787
1370
1386
1788
1371
1387
1789
1372
1388
1790
1373
1389
1791
1374
1390
1792
1375
1391
1793
1376
1392
1794
1377
1393
1795
1378
1394
1796
1395
1797
1380
1396
1798
1381
1397
1799
1382
1398
1800
1383
1399
1801
1384
1400
1802
1385
1401
1803
1386
1402
1804
1387
1403
1805
1388
1404
1806
1389
1405
1807
1390
1406
1808
1391
1407
1809
1392
1408
1810
1393
1409
1811
1394
1410
1812
1395
1411
1813
1412
1814
1397
1413
1815
1398
1414
1816
1399
1415
1817
1400
1416
1818
1401
1417
1819
1402
1418
1820
1403
1419
1821
1404
1420
1822
1405
1421
1823
1406
1422
1824
1407
1423
1825
1408
1424
1826
1409
1425
1827
1410
1426
1828
1411
1427
1829
1412
1428
1830
1429
1831
1414
1430
1832
1415
1431
1833
1416
1432
1834
1417
1433
1835
1418
1434
1836
1419
1435
1837
1420
1436
1838
1421
1437
1839
1422
1438
1840
1423
1439
1841
1424
1440
1842
1425
1441
1843
1426
1442
1844
1427
1443
1845
1428
1444
1846
1429
1445
1847
1446
1848
1431
1447
1849
1432
1448
1850
1433
1449
1851
1434
1450
1852
1435
1451
1853
1436
1452
1854
1437
1453
1855
1438
1454
1856
1439
1455
1857
1440
1456
1858
1441
1457
1859
1442
1458
1860
1443
1459
1861
1444
1460
1862
1445
1461
1863
1446
1462
1864
1463
1865
1448
1464
1866
1449
1465
1867
1450
1466
1868
1451
1467
1869
1452
1468
1870
1453
1469
1871
1454
1470
1872
1455
1471
1873
1456
1472
1874
1457
1473
1875
1458
1474
1876
1459
1475
1877
1460
1476
1878
1461
1477
1879
1462
1478
1880
1463
1479
1881
1480
1882
1465
1481
1883
1466
1482
1884
1467
1483
1885
1468
1484
1886
1469
1485
1887
1470
1486
1888
1471
1487
1889
1472
1488
1890
1473
1489
1891
1474
1490
1892
1475
1491
1893
1476
1492
1894
1477
1493
1895
1478
1494
1896
1479
1495
1897
1480
1496
1898
1497
1899
1482
1498
1900
1483
1499
1901
1484
1500
1902
1485
1501
1903
1486
1502
1904
1487
1503
1905
1488
1504
1906
1489
1505
1907
1490
1506
1908
1491
1507
1909
1492
1508
1910
1493
1509
1911
1494
1510
1912
1495
1511
1913
1496
1512
1914
1497
1513
1915
1514
1916
1499
1515
1917
1500
1516
1918
1501
1517
1919
1502
1518
1920
1503
1519
1921
1504
1520
1922
1505
1521
1923
1506
1522
1924
1507
1523
1925
1508
1524
1926
1509
1525
1927
1510
1526
1928
1511
1527
1929
1512
1528
1930
1513
1529
1931
1514
1530
1932
1531
1933
1516
1532
1934
1517
1533
1935
1518
1534
1936
1519
1535
1937
1520
1536
1938
1521
1537
1939
1522
1538
1940
1523
1539
1941
1524
1540
1942
1525
1541
1943
1526
1542
1944
1527
1543
1945
1528
1544
1946
1529
1545
1947
1530
1546
1948
1531
1547
1949
1548
1950
1533
1549
1951
1534
1550
1952
1535
1551
1953
1536
1552
1954
1537
1553
1955
1538
1554
1956
1539
1555
1957
1540
1556
1958
1541
1557
1959
1542
1558
1960
1543
1559
1961
1544
1560
1962
1545
1561
1963
1546
1562
1964
1547
1563
1965
1548
1564
1966
1565
1967
1550
1566
1968
1551
1567
1969
1552
1568
1970
1553
1569
1971
1554
1570
1972
1555
1571
1973
1556
1572
1974
1557
1573
1975
1558
1574
1976
1559
1575
1977
1560
1576
1978
1561
1577
1979
1562
1578
1980
1563
1579
1981
1564
1580
1982
1565
1581
1983
1582
1984
1567
1583
1985
1568
1584
1986
1569
1585
1987
1570
1586
1988
1571
1587
1989
1572
1588
1990
1573
1589
1991
1574
1590
1992
1575
1591
1993
1576
1592
1994
1577
1593
1995
1578
1594
1996
1579
1595
1997
1580
1596
1998
1581
1597
1999
1582
1598
2000
1599
2001
1584
1600
2002
1585
1601
2003
1586
1602
2004
1587
1603
2005
1588
1604
2006
1589
1605
2007
1590
1606
2008
1591
1607
2009
1592
1608
2010
1593
1609
2011
1594
1610
2012
1595
1611
2013
1596
1612
2014
1597
1613
2015
1598
1614
2016
1599
1615
2017
1616
2018
1601
1617
2019
1602
1618
2020
1603
1619
2021
1604
1620
2022
1605
1621
2023
1606
1622
2024
1607
1623
2025
1608
1624
2026
1609
1625
2027
1610
1626
2028
1611
1627
2029
1612
1628
2030
1613
1629
2031
1614
1630
2032
1615
1631
2033
1616
1632
2034
1633
2035
1618
1634
2036
1619
1635
2037
1620
1636
2038
1621
1637
2039
1622
1638
2040
1623
1639
2041
1624
1640
2042
1625
1641
2043
1626
1642
2044
1627
1643
2045
1628
1644
2046
1629
1645
2047
1630
1646
2048
1631
1647
2049
1632
1648
2050
1633
1649
2051
1650
2052
1635
1651
2053
1636
1652
2054
1637
1653
2055
1638
1654
2056
1639
1655
2057
1640
1656
2058
1641
1657
2059
1642
1658
2060
1643
1659
2061
1644
1660
2062
1645
1661
2063
1646
2064
1647
2065
1648
2066
1649
2067
1650
2068
2069
1652
2070
1653
2071
1654
2072
1655
2073
1656
2074
1657
2075
1658
2076
1659
2077
1660
2078
1661
2079
2080
1663
1679
1664
1680
1665
1681
1666
1682
1667
1683
1668
1684
1669
1685
1670
1686
1671
1687
1672
1688
1673
1689
1674
1690
1675
1691
1676
1692
1677
1693
1678
1694
1695
1680
1696
1681
1697
1682
1698
1683
1699
1684
1700
1685
1701
1686
1702
1687
1703
1688
1704
1689
1705
1690
1706
1691
1707
1692
1708
1693
1709
1694
1710
1695
1711
1712
1697
1713
1698
1714
1699
1715
1700
1716
1701
1717
1702
1718
1703
1719
1704
1720
1705
1721
1706
1722
1707
1723
1708
1724
1709
1725
1710
1726
1711
1727
1712
1728
1729
1714
1730
1715
1731
1716
1732
1717
1733
1718
1734
1719
1735
1720
1736
1721
1737
1722
1738
1723
1739
1724
1740
1725
1741
1726
1742
1727
1743
1728
1744
1729
1745
1746
1731
1747
1732
1748
1733
1749
1734
1750
1735
1751
1736
1752
1737
1753
1738
1754
1739
1755
1740
1756
1741
1757
1742
1758
1743
1759
1744
1760
1745
1761
1746
1762
1763
1748
1764
1749
1765
1750
1766
1751
1767
1752
1768
1753
1769
1754
1770
1755
1771
1756
1772
1757
1773
1758
1774
1759
1775
1760
1776
1761
1777
1762
1778
1763
1779
1780
1765
1781
1766
1782
1767
1783
1768
1784
1769
1785
1770
1786
1771
1787
1772
1788
1773
1789
1774
1790
1775
1791
1776
1792
1777
1793
1778
1794
1779
1795
1780
1796
1797
1782
1798
1783
1799
1784
1800
1785
1801
1786
1802
1787
1803
1788
1804
1789
1805
1790
1806
1791
1807
1792
1808
1793
1809
1794
1810
1795
1811
1796
1812
1797
1813
1814
1799
1815
1800
1816
1801
1817
1802
1818
1803
1819
1804
1820
1805
1821
1806
1822
1807
1823
1808
1824
1809
1825
1810
1826
1811
1827
1812
1828
1813
1829
1814
1830
1831
1816
1832
1817
1833
1818
1834
1819
1835
1820
1836
1821
1837
1822
1838
1823
1839
1824
1840
1825
1841
1826
1842
1827
1843
1828
1844
1829
1845
1830
1846
1831
1847
1848
1833
1849
1834
1850
1835
1851
1836
1852
1837
1853
1838
1854
1839
1855
1840
1856
1841
1857
1842
1858
1843
1859
1844
1860
1845
1861
1846
1862
1847
1863
1848
1864
1865
1850
1866
1851
1867
1852
1868
1853
1869
1854
1870
1855
1871
1856
1872
1857
1873
1858
1874
1859
1875
1860
1876
1861
1877
1862
1878
1863
1879
1864
1880
1865
1881
1882
1867
1883
1868
1884
1869
1885
1870
1886
1871
1887
1872
1888
1873
1889
1874
1890
1875
1891
1876
1892
1877
1893
1878
1894
1879
1895
1880
1896
1881
1897
1882
1898
1899
1884
1900
1885
1901
1886
1902
1887
1903
1888
1904
1889
1905
1890
1906
1891
1907
1892
1908
1893
1909
1894
1910
1895
1911
1896
1912
1897
1913
1898
1914
1899
1915
1916
1901
1917
1902
1918
1903
1919
1904
1920
1905
1921
1906
1922
1907
1923
1908
1924
1909
1925
1910
1926
1911
1927
1912
1928
1913
1929
1914
1930
1915
1931
1916
1932
1933
1918
1934
1919
1935
1920
1936
1921
1937
1922
1938
1923
1939
1924
1940
1925
1941
1926
1942
1927
1943
1928
1944
1929
1945
1930
1946
1931
1947
1932
1948
1933
1949
1950
1935
1951
1936
1952
1937
1953
1938
1954
1939
1955
1940
1956
1941
1957
1942
1958
1943
1959
1944
1960
1945
1961
1946
1962
1947
1963
1948
1964
1949
1965
1950
1966
1967
1952
1968
1953
1969
1954
1970
1955
1971
1956
1972
1957
1973
1958
1974
1959
1975
1960
1976
1961
1977
1962
1978
1963
1979
1964
1980
1965
1981
1966
1982
1967
1983
1984
1969
1985
1970
1986
1971
1987
1972
1988
1973
1989
1974
1990
1975
1991
1976
1992
1977
1993
1978
1994
1979
1995
1980
1996
1981
1997
1982
1998
1983
1999
1984
2000
2001
1986
2002
1987
2003
1988
2004
1989
2005
1990
2006
1991
2007
1992
2008
1993
2009
1994
2010
1995
2011
1996
2012
1997
2013
1998
2014
1999
2015
2000
2016
2001
2017
2018
2003
2019
2004
2020
2005
2021
2006
2022
2007
2023
2008
2024
2009
2025
2010
2026
2011
2027
2012
2028
2013
2029
2014
2030
2015
2031
2016
2032
2017
2033
2018
2034
2035
2020
2036
2021
2037
2022
2038
2023
2039
2024
2040
2025
2041
2026
2042
2027
2043
2028
2044
2029
2045
2030
2046
2031
2047
2032
2048
2033
2049
2034
2050
2035
2051
2052
2037
2053
2038
2054
2039
2055
2040
2056
2041
2057
2042
2058
2043
2059
2044
2060
2045
2061
2046
2062
2047
2063
2048
2064
2049
2065
2050
2066
2051
2067
2052
2068
2069
2054
2070
2055
2071
2056
2072
2057
2073
2058
2074
2059
2075
2060
2076
2061
2077
2062
2078
2063
2079
2064
2080
2065
2081
2066
2082
2067
2083
2068
2069
2071
2072
2073
2074
2075
2076
2077
2078
2079
2080
2081
2082
2083
)


// ************************************************************************* //
